Dev_id	Index	Date	Time	Sensor1	Sensor1_Filter	Sensor1_LL	Sensor1_Diff	Sensor2	Sensor2_Filter	Sensor2_LL	Sensor2_Diff	Sensor3	Sensor3_Filter	Sensor3_LL	Sensor3_Diff	Sensor4	Sensor4_Filter	Sensor4_LL	Sensor4_Diff	Heater_Status	FSM_Status	Temp	Humidity	Temp_Delta
2001	000001	08/03/18	18:59:01	0.6445312499999999	0.6445312499999999	0.0	0.0	0.6445312499999999	0.6445312499999999	0.0	0.0	0.6445312499999999	0.6445312499999999	0.0	0.0	0.6445312499999999	0.6445312499999999	0.0	0.0	0	1	24.29770278930664	49.469749450683594	24.64114761352539
2001	000003	08/03/18	18:59:05	0.6445312499999999	0.6445312499999999	0.0	0.0	0.6445312499999999	0.6445312499999999	0.0	0.0	0.6445312499999999	0.6445312499999999	0.0	0.0	0.6445312499999999	0.6445312499999999	0.0	0.0	0	1	24.316396713256836	49.454490661621094	24.65424156188965
2001	000004	08/03/18	18:59:07	0.6445312499999999	0.6445312499999999	0.0	0.0	0.6445312499999999	0.6445312499999999	0.0	0.0	0.6445312499999999	0.6445312499999999	0.0	0.0	0.6445312499999999	0.6445312499999999	0.0	0.0	0	1	24.29770278930664	49.422447204589844	24.671550750732422
2001	000005	08/03/18	18:59:09	0.6445312499999999	0.6445312499999999	0.0	0.0	0.6445312499999999	0.6445312499999999	0.0	0.0	0.6445312499999999	0.6445312499999999	0.0	0.0	0.6445312499999999	0.6445312499999999	0.0	0.0	0	1	24.316396713256836	49.419395446777344	24.676803588867188
2001	000006	08/03/18	18:59:11	0.6445312499999999	0.6445312499999999	0.0	0.0	0.6445312499999999	0.6445312499999999	0.0	0.0	0.6445312499999999	0.6445312499999999	0.0	0.0	0.6445312499999999	0.6445312499999999	0.0	0.0	0	1	24.29770278930664	49.36293411254883	24.70983123779297
2001	000007	08/03/18	18:59:13	0.6445312499999999	0.6445312499999999	0.0	0.0	0.6445312499999999	0.6445312499999999	0.0	0.0	0.6445312499999999	0.6445312499999999	0.0	0.0	0.6445312499999999	0.6445312499999999	0.0	0.0	0	1	24.316396713256836	49.34004592895508	24.727859497070312
2001	000008	08/03/18	18:59:16	0.6445312499999999	0.6445312499999999	0.0	0.0	0.6445312499999999	0.6445312499999999	0.0	0.0	0.6445312499999999	0.6445312499999999	0.0	0.0	0.6445312499999999	0.6445312499999999	0.0	0.0	0	1	24.29770278930664	49.34157180786133	24.72357940673828
2001	000009	08/03/18	18:59:18	0.6445312499999999	0.6445312499999999	17.132999420166016	0.0	0.6445312499999999	0.6445312499999999	17.132999420166016	0.0	0.6445312499999999	0.6445312499999999	17.132999420166016	0.0	0.6445312499999999	0.6445312499999999	17.132999420166016	0.0	0	1	24.29770278930664	49.32631301879883	24.7334041595459
2001	000010	08/03/18	18:59:20	0.6445312499999999	0.6445312499999999	17.132999420166016	0.0	0.6445312499999999	0.6445312499999999	17.132999420166016	0.0	0.6445312499999999	0.6445312499999999	17.132999420166016	0.0	0.6445312499999999	0.6445312499999999	17.132999420166016	0.0	0	1	24.316396713256836	49.387351989746094	24.69741439819336
2001	000011	08/03/18	18:59:22	0.6445312499999999	0.6445312499999999	17.1299991607666	0.0	0.6445312499999999	0.6445312499999999	17.1299991607666	0.0	0.6445312499999999	0.6445312499999999	17.1299991607666	0.0	0.6445312499999999	0.6445312499999999	17.1299991607666	0.0	0	1	24.29770278930664	49.376670837402344	24.700992584228516
2001	000012	08/03/18	18:59:24	0.6445312499999999	0.6445312499999999	17.131999969482422	0.0	0.6445312499999999	0.6445312499999999	17.131999969482422	0.0	0.6445312499999999	0.6445312499999999	17.131999969482422	0.0	0.6445312499999999	0.6445312499999999	17.131999969482422	0.0	0	1	24.29770278930664	49.36293411254883	24.70983123779297
2001	000013	08/03/18	18:59:26	0.6445312499999999	0.6445312499999999	17.131999969482422	0.0	0.6445312499999999	0.6445312499999999	17.131999969482422	0.0	0.6445312499999999	0.6445312499999999	17.131999969482422	0.0	0.6445312499999999	0.6445312499999999	17.131999969482422	0.0	0	1	24.316396713256836	49.34920120239258	24.721965789794922
2001	000014	08/03/18	18:59:28	0.6445312499999999	0.6445312499999999	17.132999420166016	0.0	0.6445312499999999	0.6445312499999999	17.132999420166016	0.0	0.6445312499999999	0.6445312499999999	17.132999420166016	0.0	0.6445312499999999	0.6445312499999999	17.132999420166016	0.0	0	1	24.316396713256836	49.29579544067383	24.756359100341797
2001	000015	08/03/18	18:59:31	0.6445312499999999	0.6445312499999999	17.131999969482422	0.0	0.6445312499999999	0.6445312499999999	17.131999969482422	0.0	0.6445312499999999	0.6445312499999999	17.131999969482422	0.0	0.6445312499999999	0.6445312499999999	17.131999969482422	0.0	0	1	24.29770278930664	49.28053665161133	24.762887954711914
2001	000016	08/03/18	18:59:33	0.6445312499999999	0.6445312499999999	17.131999969482422	0.0	0.6445312499999999	0.6445312499999999	17.131999969482422	0.0	0.6445312499999999	0.6445312499999999	17.131999969482422	0.0	0.6445312499999999	0.6445312499999999	17.131999969482422	0.0	0	1	24.284351348876953	49.29426956176758	24.75168228149414
2001	000017	08/03/18	18:59:35	0.6445312499999999	0.6445312499999999	17.135000228881836	0.0	0.6445312499999999	0.6445312499999999	17.135000228881836	0.0	0.6445312499999999	0.6445312499999999	17.135000228881836	0.0	0.6445312499999999	0.6445312499999999	17.135000228881836	0.0	0	1	24.316396713256836	49.25459671020508	24.782909393310547
2001	000018	08/03/18	18:59:37	0.6445312499999999	0.6445312499999999	17.136999130249023	0.0	0.6445312499999999	0.6445312499999999	17.136999130249023	0.0	0.6445312499999999	0.6445312499999999	17.136999130249023	0.0	0.6445312499999999	0.6445312499999999	17.136999130249023	0.0	0	1	24.29770278930664	49.29426956176758	24.754039764404297
2001	000019	08/03/18	18:59:39	0.6445312499999999	0.6445312499999999	17.13800048828125	0.0	0.6445312499999999	0.6445312499999999	17.13800048828125	0.0	0.6445312499999999	0.6445312499999999	17.13800048828125	0.0	0.6445312499999999	0.6445312499999999	17.13800048828125	0.0	0	1	24.29770278930664	49.32631301879883	24.7334041595459
2001	000020	08/03/18	18:59:41	0.6445312499999999	0.6445312499999999	17.13599967956543	0.0	0.6445312499999999	0.6445312499999999	17.13599967956543	0.0	0.6445312499999999	0.6445312499999999	17.13599967956543	0.0	0.6445312499999999	0.6445312499999999	17.13599967956543	0.0	0	1	24.284351348876953	49.31410598754883	24.738906860351562
2001	000021	08/03/18	18:59:43	0.6445312499999999	0.6445312499999999	17.13800048828125	0.0	0.6445312499999999	0.6445312499999999	17.13800048828125	0.0	0.6445312499999999	0.6445312499999999	17.13800048828125	0.0	0.6445312499999999	0.6445312499999999	17.13800048828125	0.0	0	1	24.284351348876953	49.27138137817383	24.766427993774414
2001	000022	08/03/18	18:59:46	0.6445312499999999	0.6445312499999999	17.138999938964844	0.0	0.6445312499999999	0.6445312499999999	17.138999938964844	0.0	0.6445312499999999	0.6445312499999999	17.138999938964844	0.0	0.6445312499999999	0.6445312499999999	17.138999938964844	0.0	0	1	24.284351348876953	49.24544143676758	24.783145904541016
2001	000023	08/03/18	18:59:48	0.6445312499999999	0.6445312499999999	17.139999389648438	0.0	0.6445312499999999	0.6445312499999999	17.139999389648438	0.0	0.6445312499999999	0.6445312499999999	17.139999389648438	0.0	0.6445312499999999	0.6445312499999999	17.139999389648438	0.0	0	1	24.29770278930664	49.27138137817383	24.768787384033203
2001	000024	08/03/18	18:59:50	0.6445312499999999	0.6445312499999999	17.14299964904785	0.0	0.6445312499999999	0.6445312499999999	17.14299964904785	0.0	0.6445312499999999	0.6445312499999999	17.14299964904785	0.0	0.6445312499999999	0.6445312499999999	17.14299964904785	0.0	0	1	24.29770278930664	49.31868362426758	24.73831558227539
2001	000025	08/03/18	18:59:52	0.6445312499999999	0.6445312499999999	17.14299964904785	0.0	0.6445312499999999	0.6445312499999999	17.14299964904785	0.0	0.6445312499999999	0.6445312499999999	17.14299964904785	0.0	0.6445312499999999	0.6445312499999999	17.14299964904785	0.0	0	1	24.329748153686523	49.31868362426758	24.743972778320312
2001	000026	08/03/18	18:59:54	0.6445312499999999	0.6445312499999999	17.14299964904785	0.0	0.6445312499999999	0.6445312499999999	17.14299964904785	0.0	0.6445312499999999	0.6445312499999999	17.14299964904785	0.0	0.6445312499999999	0.6445312499999999	17.14299964904785	0.0	0	1	24.29770278930664	49.37361526489258	24.702957153320312
2001	000027	08/03/18	18:59:56	0.6445312499999999	0.6445312499999999	17.143999099731445	0.0	0.6445312499999999	0.6445312499999999	17.143999099731445	0.0	0.6445312499999999	0.6445312499999999	17.143999099731445	0.0	0.6445312499999999	0.6445312499999999	17.143999099731445	0.0	0	1	24.316396713256836	49.37361526489258	24.706253051757812
2001	000028	08/03/18	18:59:58	0.6445312499999999	0.6445312499999999	17.145000457763672	0.0	0.6445312499999999	0.6445312499999999	17.145000457763672	0.0	0.6445312499999999	0.6445312499999999	17.145000457763672	0.0	0.6445312499999999	0.6445312499999999	17.145000457763672	0.0	0	1	24.29770278930664	49.422447204589844	24.671550750732422
2001	000029	08/03/18	19:00:01	0.6445312499999999	0.6445312499999999	17.143999099731445	0.0	0.6445312499999999	0.6445312499999999	17.143999099731445	0.0	0.6445312499999999	0.6445312499999999	17.143999099731445	0.0	0.6445312499999999	0.6445312499999999	17.143999099731445	0.0	0	1	24.329748153686523	49.410240173339844	24.685043334960938
2001	000030	08/03/18	19:00:03	0.6445312499999999	0.6445312499999999	17.14299964904785	0.0	0.6445312499999999	0.6445312499999999	17.14299964904785	0.0	0.6445312499999999	0.6445312499999999	17.14299964904785	0.0	0.6445312499999999	0.6445312499999999	17.14299964904785	0.0	0	1	24.329748153686523	49.401084899902344	24.690933227539062
2001	000031	08/03/18	19:00:05	0.6445312499999999	0.6445312499999999	17.143999099731445	0.0	0.6445312499999999	0.6445312499999999	17.143999099731445	0.0	0.6445312499999999	0.6445312499999999	17.143999099731445	0.0	0.6445312499999999	0.6445312499999999	17.143999099731445	0.0	0	1	24.284351348876953	49.399559020996094	24.683917999267578
2001	000032	08/03/18	19:00:07	0.6445312499999999	0.6445312499999999	17.141000747680664	0.0	0.6445312499999999	0.6445312499999999	17.141000747680664	0.0	0.6445312499999999	0.6445312499999999	17.141000747680664	0.0	0.6445312499999999	0.6445312499999999	17.141000747680664	0.0	0	1	24.29770278930664	49.34614944458008	24.72063446044922
2001	000033	08/03/18	19:00:09	0.6445312499999999	0.6445312499999999	17.13800048828125	0.0	0.6445312499999999	0.6445312499999999	17.13800048828125	0.0	0.6445312499999999	0.6445312499999999	17.13800048828125	0.0	0.6445312499999999	0.6445312499999999	17.13800048828125	0.0	0	1	24.29770278930664	49.24544143676758	24.785507202148438
2001	000034	08/03/18	19:00:11	0.6445312499999999	0.6445312499999999	17.13800048828125	0.0	0.6445312499999999	0.6445312499999999	17.13800048828125	0.0	0.6445312499999999	0.6445312499999999	17.13800048828125	0.0	0.6445312499999999	0.6445312499999999	17.13800048828125	0.0	0	1	24.284351348876953	49.29426956176758	24.75168228149414
2001	000035	08/03/18	19:00:13	0.6445312499999999	0.6445312499999999	17.13800048828125	0.0	0.6445312499999999	0.6445312499999999	17.13800048828125	0.0	0.6445312499999999	0.6445312499999999	17.13800048828125	0.0	0.6445312499999999	0.6445312499999999	17.13800048828125	0.0	0	1	24.284351348876953	49.26680374145508	24.769376754760742
2001	000036	08/03/18	19:00:16	0.6445312499999999	0.6445312499999999	17.13800048828125	0.0	0.6445312499999999	0.6445312499999999	17.13800048828125	0.0	0.6445312499999999	0.6445312499999999	17.13800048828125	0.0	0.6445312499999999	0.6445312499999999	17.13800048828125	0.0	1	1	26.73037338256836	59.786373138427734	18.79338836669922
2001	000037	08/03/18	19:00:18	0.6445312499999999	0.6445312499999999	17.136999130249023	0.0	0.6445312499999999	0.6445312499999999	17.136999130249023	0.0	0.6445312499999999	0.6445312499999999	17.136999130249023	0.0	0.6445312499999999	0.6445312499999999	17.136999130249023	0.0	1	1	28.305866241455078	76.67505645751953	10.157283782958984
2001	000038	08/03/18	19:00:20	0.6445312499999999	0.6445312499999999	17.13599967956543	0.0	0.6445312499999999	0.6445312499999999	17.13599967956543	0.0	0.6445312499999999	0.6445312499999999	17.13599967956543	0.0	0.6445312499999999	0.6445312499999999	17.13599967956543	0.0	2	1	29.09361457824707	85.59395599365234	6.0774760246276855
2001	000039	08/03/18	19:00:22	0.6445312499999999	0.6445312499999999	17.135000228881836	0.0	0.6445312499999999	0.6445312499999999	17.135000228881836	0.0	0.6445312499999999	0.6445312499999999	17.135000228881836	0.0	0.6445312499999999	0.6445312499999999	17.135000228881836	0.0	3	1	28.180360794067383	89.96109008789062	4.135338306427002
2001	000040	08/03/18	19:00:24	0.6445312499999999	0.6445312499999999	17.13599967956543	0.0	0.6445312499999999	0.6445312499999999	17.13599967956543	0.0	0.6445312499999999	0.6445312499999999	17.13599967956543	0.0	0.6445312499999999	0.6445312499999999	17.13599967956543	0.0	3	1	27.940032958984375	92.36896514892578	3.109219551086426
2001	000041	08/03/18	19:00:26	0.6445312499999999	0.6445312499999999	17.13800048828125	0.0	0.6445312499999999	0.6445312499999999	17.13800048828125	0.0	0.6445312499999999	0.6445312499999999	17.13800048828125	0.0	0.6445312499999999	0.6445312499999999	17.13800048828125	0.0	3	1	27.64629554748535	93.6858139038086	2.554469108581543
2001	000042	08/03/18	19:00:28	0.6445312499999999	0.6445312499999999	17.13599967956543	0.0	0.6445312499999999	0.6445312499999999	17.13599967956543	0.0	0.6445312499999999	0.6445312499999999	17.13599967956543	0.0	0.6445312499999999	0.6445312499999999	17.13599967956543	0.0	3	1	27.435338973999023	94.5510025024414	2.193952798843384
2001	000043	08/03/18	19:00:31	0.6445312499999999	0.6445312499999999	17.135000228881836	0.0	0.6445312499999999	0.6445312499999999	17.135000228881836	0.0	0.6445312499999999	0.6445312499999999	17.135000228881836	0.0	0.6445312499999999	0.6445312499999999	17.135000228881836	0.0	4	1	27.237735748291016	95.06370544433594	1.9808686971664429
2001	000044	08/03/18	19:00:33	0.6445312499999999	0.6445312499999999	17.13599967956543	0.0	0.6445312499999999	0.6445312499999999	17.13599967956543	0.0	0.6445312499999999	0.6445312499999999	17.13599967956543	0.0	0.6445312499999999	0.6445312499999999	17.13599967956543	0.0	4	1	26.984054565429688	95.05912780761719	1.9790326356887817
2001	000045	08/03/18	19:00:35	0.6445312499999999	0.6445312499999999	17.13599967956543	0.0	0.6445312499999999	0.6445312499999999	17.13599967956543	0.0	0.6445312499999999	0.6445312499999999	17.13599967956543	0.0	0.6445312499999999	0.6445312499999999	17.13599967956543	0.0	3	1	26.647592544555664	93.7285385131836	2.5181822776794434
2001	000046	08/03/18	19:00:37	0.6445312499999999	0.6445312499999999	17.136999130249023	0.0	0.6445312499999999	0.6445312499999999	17.136999130249023	0.0	0.6445312499999999	0.6445312499999999	17.136999130249023	0.0	0.6445312499999999	0.6445312499999999	17.136999130249023	0.0	3	1	26.38055992126465	92.98085021972656	2.820751905441284
2001	000047	08/03/18	19:00:39	0.6445312499999999	0.6445312499999999	17.135000228881836	0.0	0.6445312499999999	0.6445312499999999	17.135000228881836	0.0	0.6445312499999999	0.6445312499999999	17.135000228881836	0.0	0.6445312499999999	0.6445312499999999	17.135000228881836	0.0	3	1	26.198978424072266	93.06782531738281	2.7811548709869385
2001	000048	08/03/18	19:00:41	0.6445312499999999	0.6445312499999999	17.13599967956543	0.0	0.6445312499999999	0.6445312499999999	17.13599967956543	0.0	0.6445312499999999	0.6445312499999999	17.13599967956543	0.0	0.6445312499999999	0.6445312499999999	17.13599967956543	0.0	3	1	25.92927360534668	92.66040802001953	2.943260908126831
2001	000049	08/03/18	19:00:43	0.6445312499999999	0.6445312499999999	17.135000228881836	0.0	0.6445312499999999	0.6445312499999999	17.135000228881836	0.0	0.6445312499999999	0.6445312499999999	17.135000228881836	0.0	0.6445312499999999	0.6445312499999999	17.135000228881836	0.0	3	1	25.73434066772461	90.5271987915039	3.8242290019989014
2001	000050	08/03/18	19:00:46	0.6445312499999999	0.6445312499999999	17.135000228881836	0.0	0.6445312499999999	0.6445312499999999	17.135000228881836	0.0	0.6445312499999999	0.6445312499999999	17.135000228881836	0.0	0.6445312499999999	0.6445312499999999	17.135000228881836	0.0	2	1	25.408559799194336	83.82086181640625	6.692014217376709
2001	000051	08/03/18	19:00:48	0.6445312499999999	0.6445312499999999	17.134000778198242	0.0	0.6445312499999999	0.6445312499999999	17.134000778198242	0.0	0.6445312499999999	0.6445312499999999	17.134000778198242	0.0	0.6445312499999999	0.6445312499999999	17.134000778198242	0.0	2	1	25.186922073364258	77.4868392944336	9.5496826171875
2001	000052	08/03/18	19:00:50	0.6445312499999999	0.6445312499999999	17.134000778198242	0.0	0.6445312499999999	0.6445312499999999	17.134000778198242	0.0	0.6445312499999999	0.6445312499999999	17.134000778198242	0.0	0.6445312499999999	0.6445312499999999	17.134000778198242	0.0	1	1	25.101472854614258	72.48493194580078	11.929449081420898
2001	000053	08/03/18	19:00:53	0.6445312499999999	0.6445312499999999	17.135000228881836	0.0	0.6445312499999999	0.6445312499999999	17.135000228881836	0.0	0.6445312499999999	0.6445312499999999	17.135000228881836	0.0	0.6445312499999999	0.6445312499999999	17.135000228881836	0.0	1	1	25.002670288085938	69.91683959960938	13.19139575958252
2001	000054	08/03/18	19:00:54	0.6445312499999999	0.6445312499999999	17.135000228881836	0.0	0.6445312499999999	0.6445312499999999	17.135000228881836	0.0	0.6445312499999999	0.6445312499999999	17.135000228881836	0.0	0.6445312499999999	0.6445312499999999	17.135000228881836	0.0	1	1	24.98931884765625	69.24543762207031	13.527813911437988
2001	000055	08/03/18	19:00:56	0.6445312499999999	0.6445312499999999	17.138999938964844	0.0	0.6445312499999999	0.6445312499999999	17.138999938964844	0.0	0.6445312499999999	0.6445312499999999	17.138999938964844	0.0	0.6445312499999999	0.6445312499999999	17.138999938964844	0.0	1	1	24.949264526367188	67.9591064453125	14.17738151550293
2001	000056	08/03/18	19:00:58	0.6445312499999999	0.6445312499999999	17.136999130249023	0.0	0.6445312499999999	0.6445312499999999	17.136999130249023	0.0	0.6445312499999999	0.6445312499999999	17.136999130249023	0.0	0.6445312499999999	0.6445312499999999	17.136999130249023	0.0	1	1	24.917219161987305	66.79942321777344	14.770852088928223
2001	000057	08/03/18	19:01:01	0.6445312499999999	0.6445312499999999	17.136999130249023	0.0	0.6445312499999999	0.6445312499999999	17.136999130249023	0.0	0.6445312499999999	0.6445312499999999	17.136999130249023	0.0	0.6445312499999999	0.6445312499999999	17.136999130249023	0.0	1	1	24.874494552612305	63.49126434326172	16.510589599609375
2001	000058	08/03/18	19:01:03	0.6445312499999999	0.6445312499999999	17.13599967956543	0.0	0.6445312499999999	0.6445312499999999	17.13599967956543	0.0	0.6445312499999999	0.6445312499999999	17.13599967956543	0.0	0.6445312499999999	0.6445312499999999	17.13599967956543	0.0	1	1	24.834440231323242	59.55443572998047	18.669565200805664
2001	000059	08/03/18	19:01:05	0.6445312499999999	0.6445312499999999	17.13599967956543	0.0	0.6445312499999999	0.6445312499999999	17.13599967956543	0.0	0.6445312499999999	0.6445312499999999	17.13599967956543	0.0	0.6445312499999999	0.6445312499999999	17.13599967956543	0.0	0	1	24.818418502807617	56.99092102050781	20.13304328918457
2001	000060	08/03/18	19:01:07	0.6445312499999999	0.6445312499999999	17.135000228881836	0.0	0.6445312499999999	0.6445312499999999	17.135000228881836	0.0	0.6445312499999999	0.6445312499999999	17.135000228881836	0.0	0.6445312499999999	0.6445312499999999	17.135000228881836	0.0	0	1	24.778362274169922	55.671016693115234	20.900569915771484
2001	000061	08/03/18	19:01:09	0.6445312499999999	0.6445312499999999	17.13599967956543	0.0	0.6445312499999999	0.6445312499999999	17.13599967956543	0.0	0.6445312499999999	0.6445312499999999	17.13599967956543	0.0	0.6445312499999999	0.6445312499999999	17.13599967956543	0.0	0	1	24.79171371459961	54.482337951660156	21.61067008972168
2001	000062	08/03/18	19:01:11	0.6445312499999999	0.6445312499999999	17.13800048828125	0.0	0.6445312499999999	0.6445312499999999	17.13800048828125	0.0	0.6445312499999999	0.6445312499999999	17.13800048828125	0.0	0.6445312499999999	0.6445312499999999	17.13800048828125	0.0	0	1	24.74898910522461	52.95338439941406	22.531463623046875
2001	000063	08/03/18	19:01:13	0.6445312499999999	0.6445312499999999	17.136999130249023	0.0	0.6445312499999999	0.6445312499999999	17.136999130249023	0.0	0.6445312499999999	0.6445312499999999	17.136999130249023	0.0	0.6445312499999999	0.6445312499999999	17.136999130249023	0.0	0	1	24.722286224365234	51.789119720458984	23.24652671813965
2001	000064	08/03/18	19:01:16	0.6445312499999999	0.6445312499999999	17.13800048828125	0.0	0.6445312499999999	0.6445312499999999	17.13800048828125	0.0	0.6445312499999999	0.6445312499999999	17.13800048828125	0.0	0.6445312499999999	0.6445312499999999	17.13800048828125	0.0	0	1	24.692913055419922	50.98497009277344	23.74538230895996
2001	000065	08/03/18	19:01:18	0.6445312499999999	0.6445312499999999	17.136999130249023	0.0	0.6445312499999999	0.6445312499999999	17.136999130249023	0.0	0.6445312499999999	0.6445312499999999	17.136999130249023	0.0	0.6445312499999999	0.6445312499999999	17.136999130249023	0.0	0	1	24.692913055419922	50.80643844604492	23.858013153076172
2001	000066	08/03/18	19:01:20	0.6445312499999999	0.6445312499999999	17.136999130249023	0.0	0.6445312499999999	0.6445312499999999	17.136999130249023	0.0	0.6445312499999999	0.6445312499999999	17.136999130249023	0.0	0.751953125	0.6606445414945483	30.148025512695312	15.0	0	1	24.692913055419922	50.87510681152344	23.81465721130371
2001	000067	08/03/18	19:01:22	0.6445312499999999	0.6445312499999999	17.138999938964844	0.0	0.6445312499999999	0.6445312499999999	17.138999938964844	0.0	0.6445312499999999	0.6445312499999999	17.138999938964844	0.0	0.6445312499999999	0.658227545209229	31.114267349243164	12.75	0	1	24.70626449584961	50.521095275878906	24.040924072265625
2001	000068	08/03/18	19:01:24	0.6445312499999999	0.6445312499999999	17.136999130249023	0.0	0.6445312499999999	0.6445312499999999	17.136999130249023	0.0	0.6445312499999999	0.6445312499999999	17.136999130249023	0.0	0.6445312499999999	0.6561731034889817	31.842329025268555	10.837499618530273	0	1	24.6795597076416	50.28458023071289	24.18661117553711
2001	000069	08/03/18	19:01:26	0.6445312499999999	0.6445312499999999	17.135000228881836	0.0	0.6445312499999999	0.6445312499999999	17.135000228881836	0.0	0.6445312499999999	0.6445312499999999	17.135000228881836	0.0	0.6445312499999999	0.6544268177822232	32.387550354003906	9.211874961853027	0	1	24.6795597076416	49.913787841796875	24.423246383666992
2001	000070	08/03/18	19:01:28	0.6445312499999999	0.6445312499999999	17.131999969482422	0.0	0.6445312499999999	0.6445312499999999	17.131999969482422	0.0	0.6445312499999999	0.6445312499999999	17.131999969482422	0.0	0.6445312499999999	0.6529424851760268	32.791725158691406	7.830093860626221	0	1	24.666208267211914	49.84359359741211	24.46586036682129
2001	000071	08/03/18	19:01:30	0.6445312499999999	0.6445312499999999	17.131999969482422	0.0	0.6445312499999999	0.6445312499999999	17.131999969482422	0.0	0.6445312499999999	0.6445312499999999	17.131999969482422	0.0	0.6445312499999999	0.6516808178275824	33.09247970581055	6.655579566955566	0	1	24.65018653869629	49.597923278808594	24.620698928833008
2001	000072	08/03/18	19:01:33	0.6445312499999999	0.6445312499999999	17.131999969482422	0.0	0.6445312499999999	0.6445312499999999	17.131999969482422	0.0	0.6445312499999999	0.6445312499999999	17.131999969482422	0.0	0.6445312499999999	0.6506083672866225	33.3137092590332	5.657242774963379	0	1	24.65018653869629	49.538414001464844	24.658967971801758
2001	000073	08/03/18	19:01:35	0.6445312499999999	0.6445312499999999	17.131999969482422	0.0	0.6445312499999999	0.6445312499999999	17.131999969482422	0.0	0.6445312499999999	0.6445312499999999	17.131999969482422	0.0	0.6445312499999999	0.6496968073770403	33.475746154785156	4.808656215667725	0	1	24.65018653869629	49.468223571777344	24.704151153564453
2001	000074	08/03/18	19:01:37	0.6445312499999999	0.6445312499999999	17.132999420166016	0.0	0.6445312499999999	0.6445312499999999	17.132999420166016	0.0	0.6445312499999999	0.6445312499999999	17.132999420166016	0.0	0.6445312499999999	0.6489219609647989	20.583904266357422	-10.912642478942871	0	1	24.65018653869629	49.465171813964844	24.70611572265625
2001	000075	08/03/18	19:01:39	0.6445312499999999	0.6445312499999999	17.132999420166016	0.0	0.6445312499999999	0.6445312499999999	17.132999420166016	0.0	0.6445312499999999	0.6445312499999999	17.132999420166016	0.0	0.6445312499999999	0.6482633389532565	19.70564079284668	-9.275745391845703	0	1	24.65018653869629	49.31715774536133	24.80155372619629
2001	000076	08/03/18	19:01:41	0.6445312499999999	0.6445312499999999	17.135000228881836	0.0	0.6445312499999999	0.6445312499999999	17.135000228881836	0.0	0.6445312499999999	0.6445312499999999	17.135000228881836	0.0	0.6445312499999999	0.6477035256102681	19.040061950683594	-7.8843841552734375	0	1	24.6368350982666	49.14931106567383	24.907665252685547
2001	000077	08/03/18	19:01:43	0.6445312499999999	0.6445312499999999	17.13800048828125	0.0	0.6445312499999999	0.6445312499999999	17.13800048828125	0.0	0.6445312499999999	0.6445312499999999	17.13800048828125	0.0	0.6445312499999999	0.6472277175635099	18.541122436523438	-6.70172643661499	0	1	24.6368350982666	49.08064270019531	24.95212173461914
2001	000078	08/03/18	19:01:45	0.6445312499999999	0.6445312499999999	17.13800048828125	0.0	0.6445312499999999	0.6445312499999999	17.13800048828125	0.0	0.6445312499999999	0.6445312499999999	17.13800048828125	0.0	0.6445312499999999	0.6468232115730642	18.16680335998535	-5.696467399597168	0	1	24.623483657836914	49.31258010864258	24.799789428710938
2001	000079	08/03/18	19:01:48	0.6445312499999999	0.6445312499999999	17.136999130249023	0.0	0.6445312499999999	0.6445312499999999	17.136999130249023	0.0	0.6445312499999999	0.6445312499999999	17.136999130249023	0.0	0.6445312499999999	0.6464794557541609	17.888826370239258	-4.841997146606445	0	1	24.623483657836914	49.413291931152344	24.73483657836914
2001	000080	08/03/18	19:01:50	0.6445312499999999	0.6445312499999999	17.136999130249023	0.0	0.6445312499999999	0.6445312499999999	17.136999130249023	0.0	0.6445312499999999	0.6445312499999999	17.136999130249023	0.0	0.6445312499999999	0.6461872300133109	17.684804916381836	-4.115697860717773	0	1	24.5941104888916	49.25001907348633	24.83498764038086
2001	000081	08/03/18	19:01:52	0.6445312499999999	0.6445312499999999	17.138999938964844	0.0	0.6445312499999999	0.6445312499999999	17.138999938964844	0.0	0.6445312499999999	0.6445312499999999	17.138999938964844	0.0	0.6445312499999999	0.6459387997165322	17.537206649780273	-3.498342990875244	0	1	24.623483657836914	49.449913024902344	24.711240768432617
2001	000082	08/03/18	19:01:54	0.6445312499999999	0.6445312499999999	17.139999389648438	0.0	0.6445312499999999	0.6445312499999999	17.139999389648438	0.0	0.6445312499999999	0.6445312499999999	17.139999389648438	0.0	0.6445312499999999	0.6457276595756412	17.42901611328125	-2.9735915660858154	0	1	24.5941104888916	49.34157180786133	24.775894165039062
2001	000083	08/03/18	19:01:56	0.6445312499999999	0.6445312499999999	17.138999938964844	0.0	0.6445312499999999	0.6445312499999999	17.138999938964844	0.0	0.6445312499999999	0.6445312499999999	17.138999938964844	0.0	0.6445312499999999	0.6455482263118029	17.348543167114258	-2.527552843093872	0	1	24.554054260253906	49.23933792114258	24.834796905517578
2001	000084	08/03/18	19:01:58	0.6445312499999999	0.6445312499999999	17.138999938964844	0.0	0.6445312499999999	0.6445312499999999	17.138999938964844	0.0	0.6445312499999999	0.6445312499999999	17.138999938964844	0.0	0.6445312499999999	0.6453956849873066	17.290761947631836	-2.1484198570251465	0	1	24.5941104888916	49.12031555175781	24.918846130371094
2001	000085	08/03/18	19:02:00	0.6445312499999999	0.6445312499999999	17.13599967956543	0.0	0.6445312499999999	0.6445312499999999	17.13599967956543	0.0	0.6445312499999999	0.6445312499999999	17.13599967956543	0.0	0.6445312499999999	0.6452659890055656	17.245880126953125	-1.8261569738388062	0	1	24.567407608032227	49.12031555175781	24.914104461669922
2001	000086	08/03/18	19:02:03	0.6445312499999999	0.6445312499999999	17.13599967956543	0.0	0.6445312499999999	0.6445312499999999	17.13599967956543	0.0	0.6445312499999999	0.6445312499999999	17.13599967956543	0.0	0.6445312499999999	0.6451558088883758	17.21548080444336	-1.552233338356018	0	1	24.554054260253906	49.15388870239258	24.890018463134766
2001	000087	08/03/18	19:02:05	0.6445312499999999	0.6445312499999999	17.13800048828125	0.0	0.6445312499999999	0.6445312499999999	17.13800048828125	0.0	0.6445312499999999	0.6445312499999999	17.13800048828125	0.0	0.6445312499999999	0.6450621224939823	17.195476531982422	-1.3193984031677246	0	1	24.554054260253906	49.15236282348633	24.89100456237793
2001	000088	08/03/18	19:02:07	0.6445312499999999	0.6445312499999999	17.138999938964844	0.0	0.6445312499999999	0.6445312499999999	17.138999938964844	0.0	0.6445312499999999	0.6445312499999999	17.138999938964844	0.0	0.6445312499999999	0.6449824711307883	17.180551528930664	-1.1214885711669922	0	1	24.554054260253906	49.31715774536133	24.78456687927246
2001	000089	08/03/18	19:02:09	0.6445312499999999	0.6445312499999999	17.139999389648438	0.0	0.6445312499999999	0.6445312499999999	17.139999389648438	0.0	0.6445312499999999	0.6445312499999999	17.139999389648438	0.0	0.6445312499999999	0.6449148058891296	17.1700382232666	-0.9532653093338013	0	1	24.54070281982422	49.30037307739258	24.79303741455078
2001	000090	08/03/18	19:02:11	0.6445312499999999	0.6445312499999999	17.13800048828125	0.0	0.6445312499999999	0.6445312499999999	17.13800048828125	0.0	0.6445312499999999	0.6445312499999999	17.13800048828125	0.0	0.6445312499999999	0.6448572827503084	17.159713745117188	-0.8102755546569824	0	1	24.554054260253906	49.16304397583008	24.884098052978516
2001	000091	08/03/18	19:02:13	0.6445312499999999	0.6445312499999999	17.13800048828125	0.0	0.6445312499999999	0.6445312499999999	17.13800048828125	0.0	0.6445312499999999	0.6445312499999999	17.13800048828125	0.0	0.6445312499999999	0.6448083650320767	17.1536922454834	-0.6887341737747192	0	1	24.524681091308594	49.18898391723633	24.862125396728516
2001	000092	08/03/18	19:02:15	0.6445312499999999	0.6445312499999999	17.139999389648438	0.0	0.6445312499999999	0.6445312499999999	17.139999389648438	0.0	0.6445312499999999	0.6445312499999999	17.139999389648438	0.0	0.6445312499999999	0.6447667721658945	17.15134048461914	-0.5854240655899048	0	1	24.54070281982422	49.09437561035156	24.926149368286133
2001	000093	08/03/18	19:02:18	0.6445312499999999	0.6445312499999999	17.141000747680664	0.0	0.6445312499999999	0.6445312499999999	17.141000747680664	0.0	0.6445312499999999	0.6445312499999999	17.141000747680664	0.0	0.6445312499999999	0.6447314796969295	17.149192810058594	-0.4976104497909546	0	1	24.554054260253906	49.15236282348633	24.89100456237793
2001	000094	08/03/18	19:02:20	0.6445312499999999	0.6445312499999999	17.142000198364258	0.0	0.6445312499999999	0.6445312499999999	17.142000198364258	0.0	0.6445312499999999	0.6445312499999999	17.142000198364258	0.0	0.6445312499999999	0.644701411947608	17.147918701171875	-0.42296889424324036	0	1	24.524681091308594	49.08369445800781	24.93021583557129
2001	000095	08/03/18	19:02:22	0.6445312499999999	0.6445312499999999	17.139999389648438	0.0	0.6445312499999999	0.6445312499999999	17.139999389648438	0.0	0.6445312499999999	0.6445312499999999	17.139999389648438	0.0	0.6445312499999999	0.6446759030222893	17.144277572631836	-0.35952356457710266	0	1	24.54070281982422	49.01045227050781	24.980497360229492
2001	000096	08/03/18	19:02:24	0.6445312499999999	0.6445312499999999	17.138999938964844	0.0	0.6445312499999999	0.6445312499999999	17.138999938964844	0.0	0.6445312499999999	0.6445312499999999	17.138999938964844	0.0	0.6445312499999999	0.6446541845798491	17.14208984375	-0.3055950105190277	0	1	24.54070281982422	48.97383117675781	25.004234313964844
2001	000097	08/03/18	19:02:26	0.6445312499999999	0.6445312499999999	17.136999130249023	0.0	0.6445312499999999	0.6445312499999999	17.136999130249023	0.0	0.6445312499999999	0.6445312499999999	17.136999130249023	0.0	0.6445312499999999	0.6446357443928717	17.139232635498047	-0.2597557604312897	0	1	24.54070281982422	48.99824523925781	24.988407135009766
2001	000098	08/03/18	19:02:28	0.6445312499999999	0.6445312499999999	17.136999130249023	0.0	0.6445312499999999	0.6445312499999999	17.136999130249023	0.0	0.6445312499999999	0.6445312499999999	17.136999130249023	0.0	0.6445312499999999	0.6446200702339411	17.138612747192383	-0.22079239785671234	0	1	24.511329650878906	49.01960754394531	24.969337463378906
2001	000099	08/03/18	19:02:30	0.6445312499999999	0.6445312499999999	17.13599967956543	0.0	0.6445312499999999	0.6445312499999999	17.13599967956543	0.0	0.6445312499999999	0.6445312499999999	17.13599967956543	0.0	0.6445312499999999	0.6446067523211241	17.137165069580078	-0.18767353892326355	0	1	24.49797821044922	48.97383117675781	24.99662208557129
2001	000100	08/03/18	19:02:33	0.6445312499999999	0.6445312499999999	17.134000778198242	0.0	0.6445312499999999	0.6445312499999999	17.134000778198242	0.0	0.6445312499999999	0.6445312499999999	17.134000778198242	0.0	0.6445312499999999	0.6445954320952296	17.134841918945312	-0.15952251851558685	0	1	24.511329650878906	48.88838195800781	25.054428100585938
2001	000101	08/03/18	19:02:35	0.6445312499999999	0.6445312499999999	17.134000778198242	0.0	0.6445312499999999	0.6445312499999999	17.134000778198242	0.0	0.6445312499999999	0.6445312499999999	17.134000778198242	0.0	0.751953125	0.6606990937143564	30.13588523864746	14.864405632019043	0	1	24.49797821044922	48.96162414550781	25.004535675048828
2001	000102	08/03/18	19:02:37	0.6445312499999999	0.6445312499999999	17.132999420166016	0.0	0.6445312499999999	0.6445312499999999	17.132999420166016	0.0	0.6445312499999999	0.6445312499999999	17.132999420166016	0.0	0.6445312499999999	0.6582739017903805	31.105087280273438	12.634744644165039	0	1	24.468605041503906	49.04402160644531	24.9459285736084
2001	000103	08/03/18	19:02:39	0.6445312499999999	0.6445312499999999	17.132999420166016	0.0	0.6445312499999999	0.6445312499999999	17.132999420166016	0.0	0.6445312499999999	0.6445312499999999	17.132999420166016	0.0	0.6445312499999999	0.6562124937772751	31.83882713317871	10.739533424377441	0	1	24.49797821044922	49.04249572753906	24.952138900756836
2001	000104	08/03/18	19:02:41	0.6445312499999999	0.6445312499999999	17.134000778198242	0.0	0.6445312499999999	0.6445312499999999	17.134000778198242	0.0	0.6445312499999999	0.6445312499999999	17.134000778198242	0.0	0.6445312499999999	0.6544603174552321	32.38987731933594	9.128602981567383	0	1	24.48462677001953	49.05317687988281	24.94285011291504
2001	000105	08/03/18	19:02:43	0.6445312499999999	0.6445312499999999	17.135000228881836	0.0	0.6445312499999999	0.6445312499999999	17.135000228881836	0.0	0.6445312499999999	0.6445312499999999	17.135000228881836	0.0	0.6445312499999999	0.6529709650203585	32.800201416015625	7.759312629699707	0	1	24.48462677001953	49.00587463378906	24.973482131958008
2001	000106	08/03/18	19:02:45	0.6445312499999999	0.6445312499999999	17.13599967956543	0.0	0.6445312499999999	0.6445312499999999	17.13599967956543	0.0	0.6445312499999999	0.6445312499999999	17.13599967956543	0.0	0.6445312499999999	0.6517049949616193	33.10394287109375	6.595416069030762	0	1	24.48462677001953	49.00587463378906	24.973482131958008
2001	000107	08/03/18	19:02:48	0.6445312499999999	0.6445312499999999	17.13599967956543	0.0	0.6445312499999999	0.6445312499999999	17.13599967956543	0.0	0.6445312499999999	0.6445312499999999	17.13599967956543	0.0	0.6445312499999999	0.6506289588287473	33.32666015625	5.606103420257568	0	1	24.49797821044922	48.93263244628906	25.023334503173828
2001	000108	08/03/18	19:02:50	0.6445312499999999	0.6445312499999999	17.136999130249023	0.0	0.6445312499999999	0.6445312499999999	17.136999130249023	0.0	0.6445312499999999	0.6445312499999999	17.136999130249023	0.0	0.6445312499999999	0.6497142743319273	33.4905891418457	4.765187740325928	0	1	24.48462677001953	48.93415832519531	25.01996421813965
2001	000109	08/03/18	19:02:52	0.6445312499999999	0.6445312499999999	17.136999130249023	0.0	0.6445312499999999	0.6445312499999999	17.136999130249023	0.0	0.6445312499999999	0.6445312499999999	17.136999130249023	0.0	0.6445312499999999	0.648936815559864	20.608259201049805	-10.949590682983398	0	1	24.468605041503906	48.88838195800781	25.04680061340332
2001	000110	08/03/18	19:02:54	0.6445312499999999	0.6445312499999999	17.136999130249023	0.0	0.6445312499999999	0.6445312499999999	17.136999130249023	0.0	0.6445312499999999	0.6445312499999999	17.136999130249023	0.0	0.6445312499999999	0.6482759909704328	19.724502563476562	-9.307151794433594	0	1	24.468605041503906	48.92958068847656	25.020076751708984
2001	000111	08/03/18	19:02:56	0.6445312499999999	0.6445312499999999	17.13599967956543	0.0	0.6445312499999999	0.6445312499999999	17.13599967956543	0.0	0.6445312499999999	0.6445312499999999	17.13599967956543	0.0	0.6445312499999999	0.6477142823860049	19.052560806274414	-7.911078929901123	0	1	24.468605041503906	48.90974426269531	25.032941818237305
2001	000112	08/03/18	19:02:58	0.6445312499999999	0.6445312499999999	17.135000228881836	0.0	0.6445312499999999	0.6445312499999999	17.135000228881836	0.0	0.6445312499999999	0.6445312499999999	17.135000228881836	0.0	0.6445312499999999	0.6472368352115153	18.54704475402832	-6.724417209625244	0	1	24.45525360107422	48.96467590332031	24.994945526123047
2001	000113	08/03/18	19:03:00	0.6445312499999999	0.6445312499999999	17.134000778198242	0.0	0.6445312499999999	0.6445312499999999	17.134000778198242	0.0	0.6445312499999999	0.6445312499999999	17.134000778198242	0.0	0.6445312499999999	0.6468309974297881	18.16971206665039	-5.715754508972168	0	1	24.468605041503906	49.01655578613281	24.963712692260742
2001	000114	08/03/18	19:03:03	0.6445312499999999	0.6445312499999999	17.134000778198242	0.0	0.6445312499999999	0.6445312499999999	17.134000778198242	0.0	0.6445312499999999	0.6445312499999999	17.134000778198242	0.0	0.6445312499999999	0.6464860122650862	17.890857696533203	-4.858391284942627	0	1	24.48462677001953	48.98908996582031	24.984355926513672
2001	000115	08/03/18	19:03:05	0.6445312499999999	0.6445312499999999	17.134000778198242	0.0	0.6445312499999999	0.6445312499999999	17.134000778198242	0.0	0.6445312499999999	0.6445312499999999	17.134000778198242	0.0	0.6445312499999999	0.6461928132921457	17.685436248779297	-4.129632472991943	0	1	24.45525360107422	48.97840881347656	24.986045837402344
2001	000116	08/03/18	19:03:07	0.6445312499999999	0.6445312499999999	17.132999420166016	0.0	0.6445312499999999	0.6445312499999999	17.132999420166016	0.0	0.6445312499999999	0.6445312499999999	17.132999420166016	0.0	0.6445312499999999	0.6459435634315014	17.53400993347168	-3.510187864303589	0	1	24.45525360107422	49.00129699707031	24.97121810913086
2001	000117	08/03/18	19:03:09	0.6445312499999999	0.6445312499999999	17.135000228881836	0.0	0.6445312499999999	0.6445312499999999	17.135000228881836	0.0	0.6445312499999999	0.6445312499999999	17.135000228881836	0.0	0.6445312499999999	0.6457317061722279	17.426095962524414	-2.983659505844116	0	1	24.45525360107422	48.97535705566406	24.98802375793457
2001	000118	08/03/18	19:03:11	0.6445312499999999	0.6445312499999999	17.134000778198242	0.0	0.6445312499999999	0.6445312499999999	17.134000778198242	0.0	0.6445312499999999	0.6445312499999999	17.134000778198242	0.0	0.6445312499999999	0.6455516582354903	17.345022201538086	-2.5361106395721436	0	1	24.48462677001953	49.01197814941406	24.969528198242188
