Dev_id	Index	Date	Time	Sensor1	Sensor1_Filter	Sensor1_LL	Sensor1_Diff	Sensor2	Sensor2_Filter	Sensor2_LL	Sensor2_Diff	Sensor3	Sensor3_Filter	Sensor3_LL	Sensor3_Diff	Sensor4	Sensor4_Filter	Sensor4_LL	Sensor4_Diff	Heater_Status	FSM_Status
PROTOTYPE	012167	04/15/18	23:06:18	0.4892597695390782	0.4892597695390782	11.28	-0.02	4.403337925851703	4.388660132765531	41.84	18.49	0.4892597695390782	0.4892597695390782	11.28	0.0	294.0	292.06	514.71	-341.9	0	1
PROTOTYPE	012168	04/15/18	23:06:19	0.4892597695390782	0.4892597695390782	11.27	-0.01	4.403337925851703	4.391595691382766	39.28	15.72	0.4892597695390782	0.4892597695390782	11.27	0.0	290.0	291.75	537.6	-380.62	0	1
PROTOTYPE	012169	04/15/18	23:06:21	0.4892597695390782	0.4892597695390782	11.26	-0.01	4.403337925851703	4.392574210921844	30.76	28.36	0.4892597695390782	0.4892597695390782	11.26	0.0	287.0	291.04	405.52	-248.52	0	1
PROTOTYPE	012170	04/15/18	23:06:22	0.4892597695390782	0.4892597695390782	11.26	-0.01	4.305485971943888	4.379853456913827	38.22	9.1	0.4892597695390782	0.4892597695390782	11.26	0.0	297.0	291.93	352.16	-16.25	0	1
PROTOTYPE	012171	04/15/18	23:06:23	0.4892597695390782	0.4892597695390782	11.28	-0.01	4.305485971943888	4.369089741983968	44.54	-7.26	0.4892597695390782	0.4892597695390782	11.28	0.0	287.0	291.19	424.17	-88.81	0	1
PROTOTYPE	012172	04/15/18	23:06:25	0.4892597695390782	0.4892597695390782	11.27	-0.01	4.403337925851703	4.373982339679359	45.58	-6.17	0.4892597695390782	0.4892597695390782	11.27	0.0	284.0	290.11	488.2	-240.49	0	1
PROTOTYPE	012173	04/15/18	23:06:26	0.4892597695390782	0.4892597695390782	11.25	-0.01	4.305485971943888	4.363218624749499	52.3	-20.25	0.4892597695390782	0.4892597695390782	11.25	0.0	275.0	287.85	647.12	-399.41	0	1
PROTOTYPE	012174	04/15/18	23:06:28	0.4892597695390782	0.4892597695390782	11.26	-0.01	4.305485971943888	4.354411948897796	57.96	-32.21	0.4892597695390782	0.4892597695390782	11.26	0.0	286.0	287.57	662.16	-414.5	0	1
PROTOTYPE	012175	04/15/18	23:06:29	0.4892597695390782	0.4892597695390782	11.25	-0.0	4.305485971943888	4.347562312124249	62.71	-42.38	0.4892597695390782	0.4892597695390782	11.25	0.0	294.0	288.53	724.32	-352.33	0	1
PROTOTYPE	012176	04/15/18	23:06:30	0.4892597695390782	0.4892597695390782	11.25	-0.0	4.305485971943888	4.340712675350701	66.69	-51.02	0.4892597695390782	0.4892597695390782	11.25	0.0	292.0	289.05	745.46	-269.48	0	1
PROTOTYPE	012177	04/15/18	23:06:32	0.4892597695390782	0.4892597695390782	11.27	-0.0	4.305485971943888	4.3358200776553115	70.0	-58.37	0.4892597695390782	0.4892597695390782	11.27	0.0	289.0	289.05	675.85	-199.06	0	1
PROTOTYPE	012178	04/15/18	23:06:33	0.4892597695390782	0.4892597695390782	11.27	-0.0	4.305485971943888	4.33092747995992	61.38	-49.61	0.4892597695390782	0.4892597695390782	11.27	0.0	297.0	290.24	705.7	-169.2	0	1
PROTOTYPE	012179	04/15/18	23:06:35	0.4892597695390782	0.4892597695390782	11.26	-0.0	4.305485971943888	4.327013401803607	54.1	-42.17	0.4892597695390782	0.4892597695390782	11.26	0.0	295.0	290.95	703.17	-23.82	0	1
PROTOTYPE	012180	04/15/18	23:06:36	0.4892597695390782	0.4892597695390782	11.27	-0.0	4.305485971943888	4.324077843186373	52.25	-50.85	0.4892597695390782	0.4892597695390782	11.27	0.0	300.0	292.31	731.01	219.75	0	1
PROTOTYPE	012181	04/15/18	23:06:38	0.4892597695390782	0.4892597695390782	11.27	-0.0	4.305485971943888	4.321142284569138	44.85	-43.22	0.4892597695390782	0.4892597695390782	11.27	0.0	293.0	292.41	514.77	456.79	0	1
PROTOTYPE	012182	04/15/18	23:06:39	0.4892597695390782	0.4892597695390782	11.28	-0.0	4.305485971943888	4.319185245490982	38.64	-36.74	0.4892597695390782	0.4892597695390782	11.28	0.0	294.0	292.65	510.89	508.27	0	1
PROTOTYPE	012183	04/15/18	23:06:40	0.4892597695390782	0.4892597695390782	11.26	-0.0	4.305485971943888	4.317228206412826	33.43	-31.23	0.4892597695390782	0.4892597695390782	11.26	0.0	291.0	292.4	439.22	387.03	0	1
PROTOTYPE	012184	04/15/18	23:06:42	0.4892597695390782	0.4892597695390782	11.25	-0.0	4.403337925851703	4.329948960420842	40.16	-11.54	0.4892597695390782	0.4892597695390782	11.25	0.0	295.0	292.79	426.17	373.98	0	1
PROTOTYPE	012185	04/15/18	23:06:43	0.4892597695390782	0.4892597695390782	11.24	-0.0	4.305485971943888	4.326034882264529	38.5	-9.81	0.4892597695390782	0.4892597695390782	11.24	0.0	297.0	293.42	487.67	437.88	0	1
PROTOTYPE	012186	04/15/18	23:06:45	0.4892597695390782	0.4892597695390782	11.21	-0.0	4.305485971943888	4.323099323647295	37.11	-8.34	0.4892597695390782	0.4892597695390782	11.21	0.0	292.0	293.21	389.75	297.2	0	1
PROTOTYPE	012187	04/15/18	23:06:46	0.4892597695390782	0.4892597695390782	11.21	-0.0	4.305485971943888	4.320163765030061	35.96	-7.09	0.4892597695390782	0.4892597695390782	11.21	0.0	298.0	293.93	390.17	297.62	0	1
PROTOTYPE	012188	04/15/18	23:06:47	0.4892597695390782	0.4892597695390782	11.2	-0.0	4.305485971943888	4.318206725951904	35.0	-6.02	0.4892597695390782	0.4892597695390782	11.2	0.0	285.0	292.59	388.39	27.98	0	1
PROTOTYPE	012189	04/15/18	23:06:49	0.4892597695390782	0.4892597695390782	11.2	-0.0	4.305485971943888	4.316249686873747	34.23	-5.12	0.4892597695390782	0.4892597695390782	11.2	0.0	287.0	291.75	461.8	-66.22	0	1
PROTOTYPE	012190	04/15/18	23:06:50	0.4892597695390782	0.4892597695390782	11.18	-0.0	4.305485971943888	4.314292647795592	33.58	-4.35	0.4892597695390782	0.4892597695390782	11.18	0.0	298.0	292.69	531.7	3.71	0	1
PROTOTYPE	012191	04/15/18	23:06:52	0.4892597695390782	0.4892597695390782	11.18	-0.0	4.305485971943888	4.313314128256513	33.08	-3.7	0.4892597695390782	0.4892597695390782	11.18	0.0	290.0	292.29	547.24	-11.84	0	1
PROTOTYPE	012192	04/15/18	23:06:53	0.4892597695390782	0.4892597695390782	11.2	-0.0	4.305485971943888	4.312335608717435	21.61	-18.14	0.4892597695390782	0.4892597695390782	11.2	0.0	295.0	292.69	549.02	-10.07	0	1
PROTOTYPE	012193	04/15/18	23:06:54	0.4892597695390782	0.4892597695390782	11.21	-0.0	4.305485971943888	4.311357089178357	19.36	-15.42	0.4892597695390782	0.4892597695390782	11.21	0.0	290.0	292.29	526.31	-113.56	0	1
PROTOTYPE	012194	04/15/18	23:06:56	0.4892597695390782	0.4892597695390782	11.22	-0.0	4.305485971943888	4.310378569639278	17.53	-13.11	0.4892597695390782	0.4892597695390782	11.22	0.0	293.0	292.4	515.67	-81.52	0	1
PROTOTYPE	012195	04/15/18	23:06:57	0.4892597695390782	0.4892597695390782	11.22	-0.0	4.305485971943888	4.3094000501002006	16.07	-11.14	0.4892597695390782	0.4892597695390782	11.22	0.0	293.0	292.49	452.99	-144.3	0	1
PROTOTYPE	012196	04/15/18	23:06:59	0.4892597695390782	0.4892597695390782	11.23	-0.0	4.403337925851703	4.324077843186373	27.82	5.53	0.4892597695390782	0.4892597695390782	11.23	0.0	302.0	293.91	461.77	132.35	0	1
PROTOTYPE	012197	04/15/18	23:07:00	0.4892597695390782	0.4892597695390782	11.25	-0.0	4.305485971943888	4.321142284569138	28.54	4.7	0.4892597695390782	0.4892597695390782	11.25	0.0	279.0	291.68	601.61	-7.5	0	1
PROTOTYPE	012198	04/15/18	23:07:01	0.4892597695390782	0.4892597695390782	11.28	-0.0	4.305485971943888	4.318206725951904	29.14	3.99	0.4892597695390782	0.4892597695390782	11.28	0.0	294.0	292.02	542.76	-66.38	0	1
PROTOTYPE	012199	04/15/18	23:07:03	0.4892597695390782	0.4892597695390782	11.28	-0.0	4.305485971943888	4.316249686873747	29.6	3.4	0.4892597695390782	0.4892597695390782	11.28	0.0	302.0	293.52	652.04	123.58	0	1
PROTOTYPE	012200	04/15/18	23:07:04	0.4892597695390782	0.4892597695390782	11.26	-0.0	4.403337925851703	4.329948960420842	41.11	17.89	0.4892597695390782	0.4892597695390782	11.26	0.0	293.0	293.44	619.23	75.04	0	1
PROTOTYPE	012201	04/15/18	23:07:06	0.4892597695390782	0.4892597695390782	11.24	-0.0	4.403337925851703	4.340712675350701	50.75	30.2	0.4892597695390782	0.4892597695390782	11.24	0.0	297.0	293.98	632.2	168.79	0	1
PROTOTYPE	012202	04/15/18	23:07:07	0.4892597695390782	0.4892597695390782	11.24	-0.0	4.305485971943888	4.3358200776553115	54.68	25.67	0.4892597695390782	0.4892597695390782	11.24	0.0	295.0	294.13	636.85	173.47	0	1
PROTOTYPE	012203	04/15/18	23:07:08	0.4892597695390782	0.4892597695390782	11.25	-0.0	4.403337925851703	4.3456052730460915	63.61	36.82	0.4892597695390782	0.4892597695390782	11.25	0.0	296.0	294.41	655.76	192.45	0	1
PROTOTYPE	012204	04/15/18	23:07:10	0.4892597695390782	0.4892597695390782	11.26	-0.0	4.403337925851703	4.354411948897796	58.13	31.3	0.4892597695390782	0.4892597695390782	11.26	0.0	287.0	293.3	624.21	-61.42	0	1
PROTOTYPE	012205	04/15/18	23:07:11	0.4892597695390782	0.4892597695390782	11.26	-0.0	4.403337925851703	4.361261585671342	62.66	41.6	0.4892597695390782	0.4892597695390782	11.26	0.0	287.0	292.35	495.0	67.79	0	1
PROTOTYPE	012206	04/15/18	23:07:13	0.4892597695390782	0.4892597695390782	11.22	-0.0	4.403337925851703	4.36811122244489	66.44	50.36	0.4892597695390782	0.4892597695390782	11.22	0.0	284.0	291.1	585.43	-92.38	0	1
PROTOTYPE	012207	04/15/18	23:07:14	0.4892597695390782	0.4892597695390782	11.23	-0.0	4.403337925851703	4.37300382014028	69.61	57.81	0.4892597695390782	0.4892597695390782	11.23	0.0	299.0	292.29	554.29	-123.52	0	1
PROTOTYPE	012208	04/15/18	23:07:15	0.4892597695390782	0.4892597695390782	11.23	-0.0	4.305485971943888	4.363218624749499	66.72	34.14	0.4892597695390782	0.4892597695390782	11.23	0.0	299.0	293.29	647.07	-14.99	0	1
PROTOTYPE	012209	04/15/18	23:07:17	0.4892597695390782	0.4892597695390782	11.23	-0.0	4.403337925851703	4.369089741983968	61.67	29.02	0.4892597695390782	0.4892597695390782	11.23	0.0	283.0	291.75	748.1	-222.74	0	1
PROTOTYPE	012210	04/15/18	23:07:18	0.4892597695390782	0.4892597695390782	11.25	-0.0	4.305485971943888	4.359304546593187	65.94	24.66	0.4892597695390782	0.4892597695390782	11.25	0.0	294.0	292.09	766.48	-204.33	0	1
PROTOTYPE	012211	04/15/18	23:07:20	0.4892597695390782	0.4892597695390782	11.24	-0.0	4.305485971943888	4.351476390280561	63.84	5.96	0.4892597695390782	0.4892597695390782	11.24	0.0	280.0	290.27	919.7	-413.68	0	1
PROTOTYPE	012212	04/15/18	23:07:21	0.4892597695390782	0.4892597695390782	11.22	-0.0	4.305485971943888	4.344626753507014	62.06	-9.93	0.4892597695390782	0.4892597695390782	11.22	0.0	289.0	290.08	827.69	-321.63	0	1
PROTOTYPE	012213	04/15/18	23:07:22	0.4892597695390782	0.4892597695390782	11.2	-0.0	4.403337925851703	4.353433429358718	63.52	-8.44	0.4892597695390782	0.4892597695390782	11.2	0.0	295.0	290.82	806.97	-153.38	0	1
PROTOTYPE	012214	04/15/18	23:07:24	0.4892597695390782	0.4892597695390782	11.21	-0.0	4.403337925851703	4.361261585671342	64.77	-7.17	0.4892597695390782	0.4892597695390782	11.21	0.0	303.0	292.65	864.35	154.62	0	1
PROTOTYPE	012215	04/15/18	23:07:25	0.4892597695390782	0.4892597695390782	11.22	-0.0	4.305485971943888	4.352454909819639	67.76	-21.1	0.4892597695390782	0.4892597695390782	11.22	0.0	287.0	291.8	830.57	-48.57	0	1
PROTOTYPE	012216	04/15/18	23:07:27	0.4892597695390782	0.4892597695390782	11.23	-0.0	4.305485971943888	4.3456052730460915	64.63	-17.93	0.4892597695390782	0.4892597695390782	11.23	0.0	288.0	291.23	786.87	-206.29	0	1
PROTOTYPE	012217	04/15/18	23:07:28	0.4892597695390782	0.4892597695390782	11.23	-0.0	4.305485971943888	4.339734155811623	64.59	-30.24	0.4892597695390782	0.4892597695390782	11.23	0.0	280.0	289.55	800.93	-220.34	0	1
PROTOTYPE	012218	04/15/18	23:07:29	0.4892597695390782	0.4892597695390782	11.2	-0.0	4.305485971943888	4.334841558116231	60.13	-25.71	0.4892597695390782	0.4892597695390782	11.2	0.0	291.0	289.76	788.99	-232.29	0	1
PROTOTYPE	012219	04/15/18	23:07:31	0.4892597695390782	0.4892597695390782	11.19	-0.0	4.403337925851703	4.344626753507014	62.39	-6.85	0.4892597695390782	0.4892597695390782	11.19	0.0	297.0	290.85	716.24	57.55	0	1
PROTOTYPE	012220	04/15/18	23:07:32	0.4892597695390782	0.4892597695390782	11.2	-0.0	4.305485971943888	4.338755636272546	61.39	-5.82	0.4892597695390782	0.4892597695390782	11.2	0.0	291.0	290.87	699.75	78.92	0	1
PROTOTYPE	012221	04/15/18	23:07:34	0.4892597695390782	0.4892597695390782	11.21	-0.0	4.305485971943888	4.333863038577154	57.57	-19.95	0.4892597695390782	0.4892597695390782	11.21	0.0	294.0	291.34	672.92	52.08	0	1
PROTOTYPE	012222	04/15/18	23:07:35	0.4892597695390782	0.4892597695390782	11.22	-0.0	4.305485971943888	4.329948960420842	54.35	-31.96	0.4892597695390782	0.4892597695390782	11.22	0.0	298.0	292.34	590.11	-30.73	0	1
PROTOTYPE	012223	04/15/18	23:07:37	0.4892597695390782	0.4892597695390782	11.23	-0.0	4.305485971943888	4.326034882264529	49.71	-27.16	0.4892597695390782	0.4892597695390782	11.23	0.0	292.0	292.29	510.69	48.88	0	1
PROTOTYPE	012224	04/15/18	23:07:38	0.4892597695390782	0.4892597695390782	11.23	-0.0	4.305485971943888	4.323099323647295	45.8	-23.09	0.4892597695390782	0.4892597695390782	11.23	0.0	296.0	292.85	509.35	161.55	0	1
PROTOTYPE	012225	04/15/18	23:07:39	0.4892597695390782	0.4892597695390782	11.26	-0.0	4.305485971943888	4.320163765030061	42.53	-19.63	0.4892597695390782	0.4892597695390782	11.26	0.0	286.0	291.82	443.59	227.32	0	1
PROTOTYPE	012226	04/15/18	23:07:41	0.4892597695390782	0.4892597695390782	11.26	-0.0	4.305485971943888	4.318206725951904	39.8	-16.68	0.4892597695390782	0.4892597695390782	11.26	0.0	296.0	292.45	484.46	268.22	0	1
PROTOTYPE	012227	04/15/18	23:07:42	0.4892597695390782	0.4892597695390782	11.27	-0.0	4.403337925851703	4.33092747995992	42.28	-14.18	0.4892597695390782	0.4892597695390782	11.27	0.0	286.0	291.48	472.61	62.99	0	1
PROTOTYPE	012228	04/15/18	23:07:44	0.4892597695390782	0.4892597695390782	11.25	-0.0	4.305485971943888	4.327013401803607	40.24	-12.05	0.4892597695390782	0.4892597695390782	11.25	0.0	292.0	291.56	477.88	68.54	0	1
PROTOTYPE	012229	04/15/18	23:07:45	0.4892597695390782	0.4892597695390782	11.25	-0.0	4.305485971943888	4.324077843186373	38.52	-10.24	0.4892597695390782	0.4892597695390782	11.25	0.0	290.0	291.32	454.34	-1.74	0	1
PROTOTYPE	012230	04/15/18	23:07:46	0.4892597695390782	0.4892597695390782	11.26	-0.0	4.305485971943888	4.321142284569138	37.1	-8.71	0.4892597695390782	0.4892597695390782	11.26	0.0	281.0	289.78	509.3	-256.48	0	1
PROTOTYPE	012231	04/15/18	23:07:48	0.4892597695390782	0.4892597695390782	11.24	-0.0	4.403337925851703	4.333863038577154	45.83	7.6	0.4892597695390782	0.4892597695390782	11.24	0.0	303.0	291.76	702.39	-53.01	0	1
PROTOTYPE	012232	04/15/18	23:07:49	0.4892597695390782	0.4892597695390782	11.23	-0.0	4.403337925851703	4.343648233967936	53.2	21.46	0.4892597695390782	0.4892597695390782	11.23	0.0	286.0	290.89	733.1	-195.06	0	1
PROTOTYPE	012233	04/15/18	23:07:51	0.4892597695390782	0.4892597695390782	11.23	-0.0	4.403337925851703	4.352454909819639	59.4	33.24	0.4892597695390782	0.4892597695390782	11.23	0.0	288.0	290.46	673.85	-135.8	0	1
PROTOTYPE	012234	04/15/18	23:07:52	0.4892597695390782	0.4892597695390782	11.23	-0.0	4.403337925851703	4.360283066132265	64.61	43.25	0.4892597695390782	0.4892597695390782	11.23	0.0	286.0	289.79	678.04	-265.43	0	1
PROTOTYPE	012235	04/15/18	23:07:53	0.4892597695390782	0.4892597695390782	11.25	-0.0	4.403337925851703	4.367132702905812	58.2	36.77	0.4892597695390782	0.4892597695390782	11.25	0.0	288.0	289.52	608.26	-195.62	0	1
PROTOTYPE	012236	04/15/18	23:07:55	0.4892597695390782	0.4892597695390782	11.26	-0.0	4.403337925851703	4.372025300601202	59.84	46.25	0.4892597695390782	0.4892597695390782	11.26	0.0	292.0	289.89	637.5	-166.27	0	1
PROTOTYPE	012237	04/15/18	23:07:56	0.4892597695390782	0.4892597695390782	11.26	-0.0	4.403337925851703	4.376917898296593	61.2	54.31	0.4892597695390782	0.4892597695390782	11.26	0.0	282.0	288.71	732.53	-261.33	0	1
PROTOTYPE	012238	04/15/18	23:07:58	0.4892597695390782	0.4892597695390782	11.25	-0.0	4.403337925851703	4.380831976452907	62.34	61.17	0.4892597695390782	0.4892597695390782	11.25	0.0	300.0	290.4	747.02	62.87	0	1
PROTOTYPE	012239	04/15/18	23:07:59	0.4892597695390782	0.4892597695390782	11.26	-0.0	4.403337925851703	4.384746054609218	53.36	51.99	0.4892597695390782	0.4892597695390782	11.26	0.0	290.0	290.34	554.86	-141.56	0	1
PROTOTYPE	012240	04/15/18	23:08:00	0.4892597695390782	0.4892597695390782	11.29	-0.0	4.403337925851703	4.386703093687375	45.8	44.19	0.4892597695390782	0.4892597695390782	11.29	0.0	291.0	290.44	478.42	-45.33	0	1
PROTOTYPE	012241	04/15/18	23:08:02	0.4892597695390782	0.4892597695390782	11.26	-0.0	4.403337925851703	4.389638652304609	39.42	37.56	0.4892597695390782	0.4892597695390782	11.26	0.0	297.0	291.43	533.35	96.47	0	1
PROTOTYPE	012242	04/15/18	23:08:03	0.4892597695390782	0.4892597695390782	11.27	-0.0	4.403337925851703	4.391595691382766	34.09	31.93	0.4892597695390782	0.4892597695390782	11.27	0.0	290.0	291.21	487.86	142.0	0	1
PROTOTYPE	012243	04/15/18	23:08:05	0.4892597695390782	0.4892597695390782	11.26	-0.0	4.403337925851703	4.393552730460922	29.64	27.14	0.4892597695390782	0.4892597695390782	11.26	0.0	288.0	290.73	509.14	120.7	0	1
PROTOTYPE	012244	04/15/18	23:08:06	0.4892597695390782	0.4892597695390782	11.26	-0.0	4.403337925851703	4.394531249999999	25.94	23.07	0.4892597695390782	0.4892597695390782	11.26	0.0	300.0	292.12	611.02	222.6	0	1
PROTOTYPE	012245	04/15/18	23:08:07	0.4892597695390782	0.4892597695390782	11.25	-0.0	4.305485971943888	4.381810495991984	34.75	4.61	0.4892597695390782	0.4892597695390782	11.25	0.0	284.0	290.9	614.4	219.21	0	1
PROTOTYPE	012246	04/15/18	23:08:09	0.4892597695390782	0.4892597695390782	11.24	-0.0	4.403337925851703	4.384746054609218	34.1	3.92	0.4892597695390782	0.4892597695390782	11.24	0.0	291.0	290.92	447.08	51.33	0	1
PROTOTYPE	012247	04/15/18	23:08:10	0.4892597695390782	0.4892597695390782	11.25	-0.0	4.403337925851703	4.387681613226453	33.57	3.33	0.4892597695390782	0.4892597695390782	11.25	0.0	302.0	292.58	607.11	223.63	0	1
PROTOTYPE	012248	04/15/18	23:08:12	0.4892597695390782	0.4892597695390782	11.23	-0.0	4.403337925851703	4.389638652304609	33.12	2.83	0.4892597695390782	0.4892597695390782	11.23	0.0	290.0	292.19	635.88	175.08	0	1
PROTOTYPE	012249	04/15/18	23:08:13	0.4892597695390782	0.4892597695390782	11.23	-0.0	4.403337925851703	4.391595691382766	32.76	2.41	0.4892597695390782	0.4892597695390782	11.23	0.0	295.0	292.61	579.63	118.82	0	1
PROTOTYPE	012250	04/15/18	23:08:14	0.4892597695390782	0.4892597695390782	11.22	-0.0	4.403337925851703	4.393552730460922	32.46	2.04	0.4892597695390782	0.4892597695390782	11.22	0.0	291.0	292.37	582.44	116.0	0	1
PROTOTYPE	012251	04/15/18	23:08:16	0.4892597695390782	0.4892597695390782	11.22	-0.0	4.403337925851703	4.395509769539078	32.23	1.74	0.4892597695390782	0.4892597695390782	11.22	0.0	299.0	293.37	633.68	263.6	0	1
PROTOTYPE	012252	04/15/18	23:08:17	0.4892597695390782	0.4892597695390782	11.22	-0.0	4.403337925851703	4.396488289078156	32.05	1.48	0.4892597695390782	0.4892597695390782	11.22	0.0	299.0	294.21	579.15	209.06	0	1
PROTOTYPE	012253	04/15/18	23:08:19	0.4892597695390782	0.4892597695390782	11.22	-0.0	4.403337925851703	4.397466808617234	20.04	16.26	0.4892597695390782	0.4892597695390782	11.22	0.0	292.0	293.88	490.53	297.7	0	1
PROTOTYPE	012254	04/15/18	23:08:20	0.4892597695390782	0.4892597695390782	11.22	-0.0	4.403337925851703	4.398445328156313	18.08	13.82	0.4892597695390782	0.4892597695390782	11.22	0.0	295.0	294.05	505.37	313.04	0	1
PROTOTYPE	012255	04/15/18	23:08:21	0.4892597695390782	0.4892597695390782	11.21	-0.0	4.403337925851703	4.399423847695391	16.5	11.74	0.4892597695390782	0.4892597695390782	11.21	0.0	288.0	293.14	429.84	56.09	0	1
PROTOTYPE	012256	04/15/18	23:08:23	0.4892597695390782	0.4892597695390782	11.23	-0.0	4.403337925851703	4.399423847695391	15.27	9.98	0.4892597695390782	0.4892597695390782	11.23	0.0	306.0	295.07	584.02	287.67	0	1
PROTOTYPE	012257	04/15/18	23:08:24	0.4892597695390782	0.4892597695390782	11.25	-0.0	4.403337925851703	4.400402367234468	14.31	8.49	0.4892597695390782	0.4892597695390782	11.25	0.0	278.0	292.51	797.93	-10.48	0	1
PROTOTYPE	012258	04/15/18	23:08:26	0.4892597695390782	0.4892597695390782	11.26	-0.0	4.403337925851703	4.400402367234468	13.55	7.21	0.4892597695390782	0.4892597695390782	11.26	0.0	297.0	293.18	841.07	81.09	0	1
PROTOTYPE	012259	04/15/18	23:08:27	0.4892597695390782	0.4892597695390782	11.26	-0.0	4.403337925851703	4.401380886773547	12.97	6.13	0.4892597695390782	0.4892597695390782	11.26	0.0	289.0	292.56	804.39	-81.07	0	1
PROTOTYPE	012260	04/15/18	23:08:29	0.4892597695390782	0.4892597695390782	11.26	-0.0	4.403337925851703	4.401380886773547	12.52	5.21	0.4892597695390782	0.4892597695390782	11.26	0.0	295.0	292.92	756.56	-128.91	0	1
PROTOTYPE	012261	04/15/18	23:08:30	0.4892597695390782	0.4892597695390782	11.28	-0.0	4.305485971943888	4.386703093687375	25.53	-10.57	0.4892597695390782	0.4892597695390782	11.28	0.0	288.0	292.18	797.21	-169.57	0	1
PROTOTYPE	012262	04/15/18	23:08:31	0.4892597695390782	0.4892597695390782	11.3	-0.0	4.305485971943888	4.3749608592184375	36.44	-23.98	0.4892597695390782	0.4892597695390782	11.3	0.0	282.0	290.66	933.1	-339.14	0	1
PROTOTYPE	012263	04/15/18	23:08:33	0.4892597695390782	0.4892597695390782	11.3	-0.0	4.403337925851703	4.378874937374749	39.43	-20.39	0.4892597695390782	0.4892597695390782	11.3	0.0	267.0	287.11	1197.22	-603.27	0	1
PROTOTYPE	012264	04/15/18	23:08:34	0.4892597695390782	0.4892597695390782	11.28	-0.0	4.403337925851703	4.382789015531062	41.84	-17.33	0.4892597695390782	0.4892597695390782	11.28	0.0	281.0	286.19	1095.95	-887.78	0	1
PROTOTYPE	012265	04/15/18	23:08:36	0.4892597695390782	0.4892597695390782	11.27	-0.0	4.403337925851703	4.385724574148297	43.77	-14.73	0.4892597695390782	0.4892597695390782	11.27	0.0	302.0	288.56	1077.04	-394.61	0	1
PROTOTYPE	012266	04/15/18	23:08:37	0.4892597695390782	0.4892597695390782	11.28	-0.0	4.305485971943888	4.373982339679359	54.69	-27.52	0.4892597695390782	0.4892597695390782	11.28	0.0	291.0	288.93	1046.24	-425.42	0	1
PROTOTYPE	012267	04/15/18	23:08:38	0.4892597695390782	0.4892597695390782	11.29	-0.0	4.305485971943888	4.363218624749499	63.78	-38.39	0.4892597695390782	0.4892597695390782	11.29	0.0	286.0	288.49	1027.44	-406.61	0	1
PROTOTYPE	012268	04/15/18	23:08:40	0.4892597695390782	0.4892597695390782	11.31	-0.0	4.305485971943888	4.354411948897796	71.35	-47.63	0.4892597695390782	0.4892597695390782	11.31	0.0	281.0	287.37	1103.08	-555.61	0	1
PROTOTYPE	012269	04/15/18	23:08:41	0.4892597695390782	0.4892597695390782	11.31	-0.0	4.305485971943888	4.347562312124249	64.27	-40.49	0.4892597695390782	0.4892597695390782	11.31	0.0	292.0	288.06	1098.77	-412.27	0	1
PROTOTYPE	012270	04/15/18	23:08:43	0.4892597695390782	0.4892597695390782	11.29	-0.0	4.403337925851703	4.355390468436873	60.37	-19.42	0.4892597695390782	0.4892597695390782	11.29	0.0	289.0	288.2	960.17	-245.43	0	1
PROTOTYPE	012271	04/15/18	23:08:44	0.4892597695390782	0.4892597695390782	11.29	-0.0	4.403337925851703	4.363218624749499	63.2	-16.5	0.4892597695390782	0.4892597695390782	11.29	0.0	294.0	289.07	692.31	196.38	0	1
PROTOTYPE	012272	04/15/18	23:08:45	0.4892597695390782	0.4892597695390782	11.29	-0.0	4.403337925851703	4.369089741983968	65.58	-14.03	0.4892597695390782	0.4892597695390782	11.29	0.0	289.0	289.06	602.45	286.93	0	1
PROTOTYPE	012273	04/15/18	23:08:47	0.4892597695390782	0.4892597695390782	11.3	-0.0	4.403337925851703	4.373982339679359	67.57	-11.92	0.4892597695390782	0.4892597695390782	11.3	0.0	292.0	289.5	409.42	93.89	0	1
PROTOTYPE	012274	04/15/18	23:08:48	0.4892597695390782	0.4892597695390782	11.29	-0.0	4.305485971943888	4.364197144288577	65.79	-10.13	0.4892597695390782	0.4892597695390782	11.29	0.0	286.0	288.98	425.38	4.8	0	1
PROTOTYPE	012275	04/15/18	23:08:50	0.4892597695390782	0.4892597695390782	11.27	-0.0	4.305485971943888	4.355390468436873	64.29	-8.61	0.4892597695390782	0.4892597695390782	11.27	0.0	299.0	290.48	531.79	199.08	0	1
PROTOTYPE	012276	04/15/18	23:08:51	0.4892597695390782	0.4892597695390782	11.26	-0.0	4.403337925851703	4.362240105210421	62.8	7.68	0.4892597695390782	0.4892597695390782	11.26	0.0	287.0	289.96	471.67	259.22	0	1
PROTOTYPE	012277	04/15/18	23:08:53	0.4892597695390782	0.4892597695390782	11.26	-0.0	4.305485971943888	4.353433429358718	63.94	6.53	0.4892597695390782	0.4892597695390782	11.26	0.0	291.0	290.11	417.83	205.34	0	1
PROTOTYPE	012278	04/15/18	23:08:54	0.4892597695390782	0.4892597695390782	11.26	-0.0	4.305485971943888	4.34658379258517	62.79	-9.45	0.4892597695390782	0.4892597695390782	11.26	0.0	301.0	291.75	566.97	354.54	0	1
PROTOTYPE	012279	04/15/18	23:08:55	0.4892597695390782	0.4892597695390782	11.25	-0.0	4.305485971943888	4.340712675350701	61.82	-23.03	0.4892597695390782	0.4892597695390782	11.25	0.0	293.0	291.94	498.83	286.36	0	1
PROTOTYPE	012280	04/15/18	23:08:57	0.4892597695390782	0.4892597695390782	11.25	-0.0	4.403337925851703	4.349519351202405	65.22	-19.58	0.4892597695390782	0.4892597695390782	11.25	0.0	292.0	291.94	498.77	288.4	0	1
PROTOTYPE	012281	04/15/18	23:08:58	0.4892597695390782	0.4892597695390782	11.28	-0.0	4.403337925851703	4.358326027054108	68.1	-16.64	0.4892597695390782	0.4892597695390782	11.28	0.0	289.0	291.5	498.86	200.14	0	1
PROTOTYPE	012282	04/15/18	23:09:00	0.4892597695390782	0.4892597695390782	11.29	-0.0	4.403337925851703	4.364197144288577	64.59	0.85	0.4892597695390782	0.4892597695390782	11.29	0.0	291.0	291.43	453.99	245.12	0	1
PROTOTYPE	012283	04/15/18	23:09:01	0.4892597695390782	0.4892597695390782	11.3	-0.0	4.403337925851703	4.370068261523046	61.63	15.73	0.4892597695390782	0.4892597695390782	11.3	0.0	297.0	292.26	387.23	178.35	0	1
PROTOTYPE	012284	04/15/18	23:09:02	0.4892597695390782	0.4892597695390782	11.29	-0.0	4.403337925851703	4.3749608592184375	59.33	13.37	0.4892597695390782	0.4892597695390782	11.29	0.0	290.0	291.92	368.99	196.6	0	1
PROTOTYPE	012285	04/15/18	23:09:04	0.4892597695390782	0.4892597695390782	11.28	-0.0	4.403337925851703	4.379853456913827	55.0	26.36	0.4892597695390782	0.4892597695390782	11.28	0.0	290.0	291.64	382.19	152.11	0	1
PROTOTYPE	012286	04/15/18	23:09:05	0.4892597695390782	0.4892597695390782	11.28	-0.0	4.403337925851703	4.382789015531062	51.36	37.41	0.4892597695390782	0.4892597695390782	11.28	0.0	294.0	291.99	254.39	24.29	0	1
PROTOTYPE	012287	04/15/18	23:09:07	0.4892597695390782	0.4892597695390782	11.27	-0.0	4.403337925851703	4.385724574148297	48.31	46.8	0.4892597695390782	0.4892597695390782	11.27	0.0	281.0	290.34	400.41	-159.35	0	1
PROTOTYPE	012288	04/15/18	23:09:08	0.4892597695390782	0.4892597695390782	11.27	-0.0	4.403337925851703	4.388660132765531	41.54	39.78	0.4892597695390782	0.4892597695390782	11.27	0.0	286.0	289.69	463.84	-225.45	0	1
PROTOTYPE	012289	04/15/18	23:09:09	0.4892597695390782	0.4892597695390782	11.22	-0.0	4.403337925851703	4.390617171843687	35.84	33.81	0.4892597695390782	0.4892597695390782	11.22	0.0	289.0	289.59	430.09	-191.63	0	1
PROTOTYPE	012290	04/15/18	23:09:11	0.4892597695390782	0.4892597695390782	11.2	-0.0	4.403337925851703	4.392574210921844	31.08	28.74	0.4892597695390782	0.4892597695390782	11.2	0.0	287.0	289.2	461.24	-222.89	0	1
PROTOTYPE	012291	04/15/18	23:09:12	0.4892597695390782	0.4892597695390782	11.2	-0.0	4.403337925851703	4.394531249999999	27.14	24.43	0.4892597695390782	0.4892597695390782	11.2	0.0	291.0	289.47	404.7	-279.45	0	1
PROTOTYPE	012292	04/15/18	23:09:14	0.4892597695390782	0.4892597695390782	11.18	-0.0	4.403337925851703	4.395509769539078	23.86	20.76	0.4892597695390782	0.4892597695390782	11.18	0.0	295.0	290.3	453.69	-162.54	0	1
PROTOTYPE	012293	04/15/18	23:09:15	0.4892597695390782	0.4892597695390782	11.18	-0.0	4.403337925851703	4.396488289078156	21.18	17.65	0.4892597695390782	0.4892597695390782	11.18	0.0	303.0	292.2	615.33	56.85	0	1
PROTOTYPE	012294	04/15/18	23:09:16	0.4892597695390782	0.4892597695390782	11.18	-0.0	4.403337925851703	4.397466808617234	19.0	15.0	0.4892597695390782	0.4892597695390782	11.18	0.0	292.0	292.17	583.19	18.32	0	1
PROTOTYPE	012295	04/15/18	23:09:18	0.4892597695390782	0.4892597695390782	11.18	-0.0	4.403337925851703	4.398445328156313	17.23	12.75	0.4892597695390782	0.4892597695390782	11.18	0.0	288.0	291.55	480.95	120.57	0	1
PROTOTYPE	012296	04/15/18	23:09:19	0.4892597695390782	0.4892597695390782	11.17	-0.0	4.403337925851703	4.399423847695391	15.82	10.84	0.4892597695390782	0.4892597695390782	11.17	0.0	289.0	291.17	454.04	147.48	0	1
PROTOTYPE	012297	04/15/18	23:09:21	0.4892597695390782	0.4892597695390782	11.18	-0.0	4.403337925851703	4.400402367234468	14.71	9.21	0.4892597695390782	0.4892597695390782	11.18	0.0	292.0	291.29	456.2	170.36	0	1
PROTOTYPE	012298	04/15/18	23:09:22	0.4892597695390782	0.4892597695390782	11.19	-0.0	4.403337925851703	4.400402367234468	13.85	7.83	0.4892597695390782	0.4892597695390782	11.19	0.0	292.0	291.4	428.11	219.81	0	1
PROTOTYPE	012299	04/15/18	23:09:23	0.4892597695390782	0.4892597695390782	11.18	-0.0	4.403337925851703	4.401380886773547	13.17	6.66	0.4892597695390782	0.4892597695390782	11.18	0.0	274.0	288.79	662.01	-68.16	0	1
PROTOTYPE	012300	04/15/18	23:09:25	0.4892597695390782	0.4892597695390782	11.2	-0.0	4.403337925851703	4.401380886773547	12.68	5.66	0.4892597695390782	0.4892597695390782	11.2	0.0	282.0	287.77	680.85	-252.94	0	1
PROTOTYPE	012301	04/15/18	23:09:26	0.4892597695390782	0.4892597695390782	11.2	-0.0	4.403337925851703	4.401380886773547	12.29	4.81	0.4892597695390782	0.4892597695390782	11.2	0.0	292.0	288.4	553.8	-380.0	0	1
PROTOTYPE	012302	04/15/18	23:09:28	0.4892597695390782	0.4892597695390782	11.21	-0.0	4.403337925851703	4.401380886773547	12.01	4.09	0.4892597695390782	0.4892597695390782	11.21	0.0	300.0	290.14	724.39	-203.0	0	1
PROTOTYPE	012303	04/15/18	23:09:29	0.4892597695390782	0.4892597695390782	11.24	-0.0	4.403337925851703	4.402359406312625	11.83	3.47	0.4892597695390782	0.4892597695390782	11.24	0.0	296.0	291.02	749.63	-52.55	0	1
PROTOTYPE	012304	04/15/18	23:09:31	0.4892597695390782	0.4892597695390782	11.32	-0.0	4.403337925851703	4.402359406312625	11.75	2.95	0.4892597695390782	0.4892597695390782	11.32	0.0	279.0	289.22	891.73	-194.67	0	1
PROTOTYPE	012305	04/15/18	23:09:32	0.4892597695390782	0.4892597695390782	11.32	-0.0	4.403337925851703	4.402359406312625	11.63	2.51	0.4892597695390782	0.4892597695390782	11.32	0.0	286.0	288.74	927.43	-255.47	0	1
PROTOTYPE	012306	04/15/18	23:09:33	0.4892597695390782	0.4892597695390782	11.34	-0.0	4.403337925851703	4.402359406312625	11.56	2.13	0.4892597695390782	0.4892597695390782	11.34	0.0	287.0	288.48	942.77	-292.15	0	1
PROTOTYPE	012307	04/15/18	23:09:35	0.4892597695390782	0.4892597695390782	11.36	-0.0	4.305485971943888	4.387681613226453	25.04	-13.19	0.4892597695390782	0.4892597695390782	11.36	0.0	288.0	288.4	689.08	-38.32	0	1
PROTOTYPE	012308	04/15/18	23:09:36	0.4892597695390782	0.4892597695390782	11.35	-0.0	4.305485971943888	4.375939378757515	36.32	-26.21	0.4892597695390782	0.4892597695390782	11.35	0.0	288.0	288.34	593.48	57.42	0	1
PROTOTYPE	012309	04/15/18	23:09:38	0.4892597695390782	0.4892597695390782	11.35	-0.0	4.403337925851703	4.379853456913827	39.35	-22.28	0.4892597695390782	0.4892597695390782	11.35	0.0	296.0	289.49	644.86	108.81	0	1
PROTOTYPE	012310	04/15/18	23:09:39	0.4892597695390782	0.4892597695390782	11.34	-0.0	4.403337925851703	4.38376753507014	41.79	-18.94	0.4892597695390782	0.4892597695390782	11.34	0.0	292.0	289.87	508.56	-27.51	0	1
PROTOTYPE	012311	04/15/18	23:09:40	0.4892597695390782	0.4892597695390782	11.32	-0.0	4.305485971943888	4.372025300601202	52.36	-31.1	0.4892597695390782	0.4892597695390782	11.32	0.0	293.0	290.34	467.7	-68.38	0	1
PROTOTYPE	012312	04/15/18	23:09:42	0.4892597695390782	0.4892597695390782	11.24	-0.0	4.305485971943888	4.361261585671342	61.11	-41.43	0.4892597695390782	0.4892597695390782	11.24	0.0	290.0	290.29	292.62	106.87	0	1
PROTOTYPE	012313	04/15/18	23:09:43	0.4892597695390782	0.4892597695390782	11.27	-0.0	4.305485971943888	4.353433429358718	68.44	-50.22	0.4892597695390782	0.4892597695390782	11.27	0.0	290.0	290.24	248.86	150.84	0	1
PROTOTYPE	012314	04/15/18	23:09:45	0.4892597695390782	0.4892597695390782	11.26	-0.0	4.305485971943888	4.34658379258517	74.47	-57.68	0.4892597695390782	0.4892597695390782	11.26	0.0	286.0	289.61	286.47	113.22	0	1
PROTOTYPE	012315	04/15/18	23:09:46	0.4892597695390782	0.4892597695390782	11.23	-0.0	4.305485971943888	4.339734155811623	65.9	-49.03	0.4892597695390782	0.4892597695390782	11.23	0.0	287.0	289.22	318.33	81.23	0	1
PROTOTYPE	012316	04/15/18	23:09:47	0.4892597695390782	0.4892597695390782	11.25	-0.0	4.305485971943888	4.334841558116231	58.66	-41.68	0.4892597695390782	0.4892597695390782	11.25	0.0	281.0	287.98	435.37	-35.95	0	1
PROTOTYPE	012317	04/15/18	23:09:49	0.4892597695390782	0.4892597695390782	11.26	-0.0	4.305485971943888	4.329948960420842	58.9	-50.43	0.4892597695390782	0.4892597695390782	11.26	0.0	295.0	289.04	425.76	-45.56	0	1
PROTOTYPE	012318	04/15/18	23:09:50	0.4892597695390782	0.4892597695390782	11.27	-0.0	4.403337925851703	4.34169119488978	66.29	-42.86	0.4892597695390782	0.4892597695390782	11.27	0.0	292.0	289.48	432.59	-38.72	0	1
PROTOTYPE	012319	04/15/18	23:09:52	0.4892597695390782	0.4892597695390782	11.28	-0.0	4.403337925851703	4.350497870741483	63.88	-21.43	0.4892597695390782	0.4892597695390782	11.28	0.0	302.0	291.36	573.39	102.08	0	1
PROTOTYPE	012320	04/15/18	23:09:53	0.4892597695390782	0.4892597695390782	11.31	-0.0	4.403337925851703	4.358326027054108	61.84	-3.22	0.4892597695390782	0.4892597695390782	11.31	0.0	301.0	292.8	712.75	251.77	0	1
PROTOTYPE	012321	04/15/18	23:09:54	0.4892597695390782	0.4892597695390782	11.27	0.0	4.403337925851703	4.365175663827656	60.11	12.27	0.4892597695390782	0.4892597695390782	11.27	0.0	292.0	292.68	720.37	244.01	0	1
PROTOTYPE	012322	04/15/18	23:09:56	0.4892597695390782	0.4892597695390782	11.29	0.0	4.403337925851703	4.371046781062125	58.65	25.43	0.4892597695390782	0.4892597695390782	11.29	0.0	296.0	293.18	706.45	357.4	0	1
PROTOTYPE	012323	04/15/18	23:09:57	0.4892597695390782	0.4892597695390782	11.29	0.0	4.403337925851703	4.375939378757515	57.42	36.61	0.4892597695390782	0.4892597695390782	11.29	0.0	298.0	293.9	739.6	468.79	0	1
PROTOTYPE	012324	04/15/18	23:09:59	0.4892597695390782	0.4892597695390782	11.29	0.0	4.403337925851703	4.379853456913827	56.39	46.12	0.4892597695390782	0.4892597695390782	11.29	0.0	283.0	292.27	779.92	428.47	0	1
PROTOTYPE	012325	04/15/18	23:10:00	0.4892597695390782	0.4892597695390782	11.27	0.0	4.403337925851703	4.38376753507014	55.52	54.2	0.4892597695390782	0.4892597695390782	11.27	0.0	291.0	292.08	693.75	304.2	0	1
PROTOTYPE	012326	04/15/18	23:10:02	0.4892597695390782	0.4892597695390782	11.26	0.0	4.403337925851703	4.386703093687375	47.6	46.07	0.4892597695390782	0.4892597695390782	11.26	0.0	291.0	291.92	665.51	243.57	0	1
PROTOTYPE	012327	04/15/18	23:10:03	0.4892597695390782	0.4892597695390782	11.26	0.0	4.305485971943888	4.373982339679359	50.49	24.16	0.4892597695390782	0.4892597695390782	11.26	0.0	291.0	291.78	491.54	42.04	0	1
PROTOTYPE	012328	04/15/18	23:10:04	0.4892597695390782	0.4892597695390782	11.26	0.0	4.305485971943888	4.364197144288577	52.94	5.54	0.4892597695390782	0.4892597695390782	11.26	0.0	290.0	291.51	373.64	-129.27	0	1
PROTOTYPE	012329	04/15/18	23:10:06	0.4892597695390782	0.4892597695390782	11.27	0.0	4.403337925851703	4.370068261523046	52.13	4.71	0.4892597695390782	0.4892597695390782	11.27	0.0	283.0	290.24	489.17	-244.88	0	1
PROTOTYPE	012330	04/15/18	23:10:07	0.4892597695390782	0.4892597695390782	11.24	0.0	4.403337925851703	4.3749608592184375	51.44	4.0	0.4892597695390782	0.4892597695390782	11.24	0.0	283.0	289.15	547.96	-403.15	0	1
PROTOTYPE	012331	04/15/18	23:10:09	0.4892597695390782	0.4892597695390782	11.25	0.0	4.403337925851703	4.378874937374749	50.87	3.4	0.4892597695390782	0.4892597695390782	11.25	0.0	293.0	289.73	533.43	-417.67	0	1
PROTOTYPE	012332	04/15/18	23:10:10	0.4892597695390782	0.4892597695390782	11.25	0.0	4.403337925851703	4.382789015531062	50.39	2.89	0.4892597695390782	0.4892597695390782	11.25	0.0	296.0	290.67	463.96	-160.02	0	1
PROTOTYPE	012333	04/15/18	23:10:11	0.4892597695390782	0.4892597695390782	11.25	0.0	4.403337925851703	4.385724574148297	49.99	2.46	0.4892597695390782	0.4892597695390782	11.25	0.0	296.0	291.47	524.86	-61.02	0	1
PROTOTYPE	012334	04/15/18	23:10:13	0.4892597695390782	0.4892597695390782	11.25	0.0	4.305485971943888	4.373982339679359	59.04	-12.91	0.4892597695390782	0.4892597695390782	11.25	0.0	293.0	291.7	531.65	-21.87	0	1
PROTOTYPE	012335	04/15/18	23:10:14	0.4892597695390782	0.4892597695390782	11.25	0.0	4.403337925851703	4.377896417835672	51.29	4.02	0.4892597695390782	0.4892597695390782	11.25	0.0	297.0	292.49	597.37	71.41	0	1
PROTOTYPE	012336	04/15/18	23:10:16	0.4892597695390782	0.4892597695390782	11.25	0.0	4.403337925851703	4.381810495991984	44.74	18.42	0.4892597695390782	0.4892597695390782	11.25	0.0	287.0	291.67	653.05	15.7	0	1
PROTOTYPE	012337	04/15/18	23:10:17	0.4892597695390782	0.4892597695390782	11.26	0.0	4.403337925851703	4.384746054609218	42.11	15.66	0.4892597695390782	0.4892597695390782	11.26	0.0	294.0	292.02	560.35	178.35	0	1
PROTOTYPE	012338	04/15/18	23:10:18	0.4892597695390782	0.4892597695390782	11.26	0.0	4.305485971943888	4.37300382014028	49.09	-1.69	0.4892597695390782	0.4892597695390782	11.26	0.0	291.0	291.87	467.16	271.59	0	1
PROTOTYPE	012339	04/15/18	23:10:20	0.4892597695390782	0.4892597695390782	11.26	0.0	4.305485971943888	4.363218624749499	55.0	-16.44	0.4892597695390782	0.4892597695390782	11.26	0.0	295.0	292.34	456.42	260.86	0	1
PROTOTYPE	012340	04/15/18	23:10:21	0.4892597695390782	0.4892597695390782	11.26	0.0	4.403337925851703	4.369089741983968	57.36	-13.97	0.4892597695390782	0.4892597695390782	11.26	0.0	309.0	294.84	612.29	416.73	0	1
PROTOTYPE	012341	04/15/18	23:10:23	0.4892597695390782	0.4892597695390782	11.26	0.0	4.403337925851703	4.373982339679359	59.35	-11.88	0.4892597695390782	0.4892597695390782	11.26	0.0	287.0	293.66	649.85	219.22	0	1
PROTOTYPE	012342	04/15/18	23:10:24	0.4892597695390782	0.4892597695390782	11.25	0.0	4.403337925851703	4.378874937374749	51.61	4.91	0.4892597695390782	0.4892597695390782	11.25	0.0	292.0	293.41	651.77	171.34	0	1
PROTOTYPE	012343	04/15/18	23:10:25	0.4892597695390782	0.4892597695390782	11.24	0.0	4.305485971943888	4.36811122244489	58.17	-10.83	0.4892597695390782	0.4892597695390782	11.24	0.0	285.0	292.15	698.41	-34.37	0	1
PROTOTYPE	012344	04/15/18	23:10:27	0.4892597695390782	0.4892597695390782	11.22	0.0	4.403337925851703	4.37300382014028	59.72	-9.21	0.4892597695390782	0.4892597695390782	11.22	0.0	295.0	292.58	658.77	90.79	0	1
PROTOTYPE	012345	04/15/18	23:10:28	0.4892597695390782	0.4892597695390782	11.2	0.0	4.305485971943888	4.363218624749499	66.6	-22.82	0.4892597695390782	0.4892597695390782	11.2	0.0	307.0	294.74	840.13	272.17	0	1
PROTOTYPE	012346	04/15/18	23:10:30	0.4892597695390782	0.4892597695390782	11.21	0.0	4.403337925851703	4.369089741983968	60.66	-4.4	0.4892597695390782	0.4892597695390782	11.21	0.0	292.0	294.33	865.92	246.35	0	1
PROTOTYPE	012347	04/15/18	23:10:31	0.4892597695390782	0.4892597695390782	11.23	0.0	4.403337925851703	4.373982339679359	55.64	11.26	0.4892597695390782	0.4892597695390782	11.23	0.0	300.0	295.18	903.96	284.39	0	1
PROTOTYPE	012348	04/15/18	23:10:32	0.4892597695390782	0.4892597695390782	11.23	0.0	4.403337925851703	4.378874937374749	54.01	9.57	0.4892597695390782	0.4892597695390782	11.23	0.0	289.0	294.25	746.71	-58.27	0	1
PROTOTYPE	012349	04/15/18	23:10:34	0.4892597695390782	0.4892597695390782	11.24	0.0	4.403337925851703	4.381810495991984	52.64	8.13	0.4892597695390782	0.4892597695390782	11.24	0.0	303.0	295.57	760.37	190.47	0	1
PROTOTYPE	012350	04/15/18	23:10:35	0.4892597695390782	0.4892597695390782	11.24	0.0	4.403337925851703	4.385724574148297	51.49	6.91	0.4892597695390782	0.4892597695390782	11.24	0.0	294.0	295.33	758.95	191.9	0	1
PROTOTYPE	012351	04/15/18	23:10:37	0.4892597695390782	0.4892597695390782	11.23	0.0	4.403337925851703	4.387681613226453	43.28	20.88	0.4892597695390782	0.4892597695390782	11.23	0.0	301.0	296.18	717.83	403.12	0	1
PROTOTYPE	012352	04/15/18	23:10:38	0.4892597695390782	0.4892597695390782	11.22	0.0	4.403337925851703	4.390617171843687	40.35	17.75	0.4892597695390782	0.4892597695390782	11.22	0.0	298.0	296.45	702.37	387.65	0	1
PROTOTYPE	012353	04/15/18	23:10:39	0.4892597695390782	0.4892597695390782	11.24	0.0	4.403337925851703	4.392574210921844	32.35	30.08	0.4892597695390782	0.4892597695390782	11.24	0.0	279.0	293.84	747.83	-90.5	0	1
PROTOTYPE	012354	04/15/18	23:10:41	0.4892597695390782	0.4892597695390782	11.23	0.0	4.403337925851703	4.393552730460922	28.18	25.57	0.39140781563126253	0.4745819764529058	24.89	-15.0	285.0	292.51	839.24	-181.92	0	1
PROTOTYPE	012355	04/15/18	23:10:42	0.4892597695390782	0.4892597695390782	11.23	0.0	4.305485971943888	4.380831976452907	36.36	6.74	0.4892597695390782	0.4765390155310621	26.13	-12.75	285.0	291.38	866.83	-379.63	0	1
PROTOTYPE	012356	04/15/18	23:10:44	0.4892597695390782	0.4892597695390782	11.22	0.0	4.305485971943888	4.369089741983968	43.28	-9.27	0.4892597695390782	0.47849605460921835	27.09	-10.84	275.0	288.93	1019.88	-532.69	0	1
PROTOTYPE	012357	04/15/18	23:10:45	0.4892597695390782	0.4892597695390782	11.2	0.0	4.403337925851703	4.3749608592184375	44.6	-7.88	0.4892597695390782	0.48045309368737477	27.82	-9.21	292.0	289.39	934.8	-617.79	0	1
PROTOTYPE	012358	04/15/18	23:10:46	0.4892597695390782	0.4892597695390782	11.2	0.0	4.305485971943888	4.364197144288577	51.74	-21.7	0.4892597695390782	0.48143161322645295	28.39	-7.83	293.0	289.93	965.49	-540.12	0	1
PROTOTYPE	012359	04/15/18	23:10:48	0.4892597695390782	0.4892597695390782	11.2	0.0	4.403337925851703	4.370068261523046	54.83	-18.45	0.4892597695390782	0.482410132765531	28.82	-6.66	297.0	290.99	986.51	-519.1	0	1
PROTOTYPE	012360	04/15/18	23:10:49	0.4892597695390782	0.4892597695390782	11.23	0.0	4.305485971943888	4.360283066132265	62.1	-30.68	0.4892597695390782	0.48338865230460926	29.17	-5.66	300.0	292.34	1094.34	-411.24	0	1
PROTOTYPE	012361	04/15/18	23:10:51	0.4892597695390782	0.4892597695390782	11.21	0.0	4.305485971943888	4.352454909819639	68.19	-41.08	0.4892597695390782	0.48436717184368744	29.38	-4.81	290.0	291.99	867.68	-184.55	0	1
PROTOTYPE	012362	04/15/18	23:10:52	0.4892597695390782	0.4892597695390782	11.22	0.0	4.305485971943888	4.3456052730460915	73.28	-49.92	0.4892597695390782	0.4853456913827655	15.9	10.91	283.0	290.64	870.0	-186.87	0	1
PROTOTYPE	012363	04/15/18	23:10:53	0.4892597695390782	0.4892597695390782	11.2	0.0	4.305485971943888	4.338755636272546	65.87	-42.43	0.4892597695390782	0.4863242109218437	14.77	9.28	295.0	291.3	822.73	-8.84	0	1
PROTOTYPE	012364	04/15/18	23:10:55	0.4892597695390782	0.4892597695390782	11.22	0.0	4.305485971943888	4.333863038577154	59.62	-36.06	0.4892597695390782	0.4863242109218437	13.91	7.88	299.0	292.45	692.55	352.49	0	1
PROTOTYPE	012365	04/15/18	23:10:56	0.4892597695390782	0.4892597695390782	11.23	0.0	4.305485971943888	4.329948960420842	58.84	-45.65	0.4892597695390782	0.4863242109218437	13.24	6.7	292.0	292.38	653.33	299.62	0	1
PROTOTYPE	012366	04/15/18	23:10:58	0.4892597695390782	0.4892597695390782	11.25	0.0	4.305485971943888	4.326034882264529	52.16	-38.81	0.4892597695390782	0.48730273046092193	12.74	5.7	295.0	292.78	638.39	284.67	0	1
