Dev_id	Index	Date	Time	Sensor1	Sensor1_Filter	Sensor1_LL	Sensor1_Diff	Sensor2	Sensor2_Filter	Sensor2_LL	Sensor2_Diff	Sensor3	Sensor3_Filter	Sensor3_LL	Sensor3_Diff	Sensor4	Sensor4_Filter	Sensor4_LL	Sensor4_Diff	Heater_Status	FSM_Status
PROTOTYPE	016567	04/16/18	00:49:35	0.4892597695390782	0.4892597695390782	11.26	0.0	3.718374248496994	3.718374248496994	11.26	-0.0	0.4892597695390782	0.4892597695390782	11.26	0.0	293.0	288.29	857.8	-88.6	0	1
PROTOTYPE	016568	04/16/18	00:49:37	0.4892597695390782	0.4892597695390782	11.26	0.0	3.718374248496994	3.718374248496994	11.26	-0.0	0.4892597695390782	0.4892597695390782	11.26	0.0	286.0	287.95	769.53	-0.31	0	1
PROTOTYPE	016569	04/16/18	00:49:38	0.4892597695390782	0.4892597695390782	11.24	0.0	3.718374248496994	3.718374248496994	11.24	-0.0	0.4892597695390782	0.4892597695390782	11.24	0.0	294.0	288.86	681.03	269.74	0	1
PROTOTYPE	016570	04/16/18	00:49:39	0.4892597695390782	0.4892597695390782	11.25	0.0	3.718374248496994	3.718374248496994	11.25	-0.0	0.4892597695390782	0.4892597695390782	11.25	0.0	291.0	289.18	565.6	154.28	0	1
PROTOTYPE	016571	04/16/18	00:49:41	0.4892597695390782	0.4892597695390782	11.27	0.0	3.718374248496994	3.718374248496994	11.27	-0.0	0.4892597695390782	0.4892597695390782	11.27	0.0	292.0	289.6	568.41	236.13	0	1
PROTOTYPE	016572	04/16/18	00:49:42	0.4892597695390782	0.4892597695390782	11.26	0.0	3.718374248496994	3.718374248496994	11.26	-0.0	0.4892597695390782	0.4892597695390782	11.26	0.0	284.0	288.76	625.99	125.71	0	1
PROTOTYPE	016573	04/16/18	00:49:44	0.4892597695390782	0.4892597695390782	11.27	0.0	3.718374248496994	3.718374248496994	11.27	-0.0	0.4892597695390782	0.4892597695390782	11.27	0.0	283.0	287.9	584.97	-88.14	0	1
PROTOTYPE	016574	04/16/18	00:49:45	0.4892597695390782	0.4892597695390782	11.26	0.0	3.718374248496994	3.718374248496994	11.26	-0.0	0.4892597695390782	0.4892597695390782	11.26	0.0	298.0	289.41	604.84	195.08	0	1
PROTOTYPE	016575	04/16/18	00:49:46	0.4892597695390782	0.4892597695390782	11.25	0.0	3.718374248496994	3.718374248496994	11.25	-0.0	0.4892597695390782	0.4892597695390782	11.25	0.0	296.0	290.4	620.58	210.82	0	1
PROTOTYPE	016576	04/16/18	00:49:48	0.4892597695390782	0.4892597695390782	11.27	0.0	3.718374248496994	3.718374248496994	11.27	-0.0	0.4892597695390782	0.4892597695390782	11.27	0.0	285.0	289.59	667.18	164.19	0	1
PROTOTYPE	016577	04/16/18	00:49:49	0.4892597695390782	0.4892597695390782	11.29	0.0	3.718374248496994	3.718374248496994	11.29	-0.0	0.4892597695390782	0.4892597695390782	11.29	0.0	292.0	289.95	612.57	109.57	0	1
PROTOTYPE	016578	04/16/18	00:49:51	0.4892597695390782	0.4892597695390782	11.29	0.0	3.718374248496994	3.718374248496994	11.29	-0.0	0.4892597695390782	0.4892597695390782	11.29	0.0	289.0	289.81	594.73	63.13	0	1
PROTOTYPE	016579	04/16/18	00:49:52	0.4892597695390782	0.4892597695390782	11.28	0.0	3.718374248496994	3.718374248496994	11.28	-0.0	0.4892597695390782	0.4892597695390782	11.28	0.0	293.0	290.29	600.26	68.66	0	1
PROTOTYPE	016580	04/16/18	00:49:53	0.4892597695390782	0.4892597695390782	11.31	0.0	3.718374248496994	3.718374248496994	11.31	-0.0	0.4892597695390782	0.4892597695390782	11.31	0.0	290.0	290.24	520.77	148.36	0	1
PROTOTYPE	016581	04/16/18	00:49:55	0.4892597695390782	0.4892597695390782	11.31	0.0	3.718374248496994	3.718374248496994	11.31	-0.0	0.4892597695390782	0.4892597695390782	11.31	0.0	288.0	289.91	468.04	201.11	0	1
PROTOTYPE	016582	04/16/18	00:49:56	0.4892597695390782	0.4892597695390782	11.32	0.0	3.718374248496994	3.718374248496994	11.32	-0.0	0.4892597695390782	0.4892597695390782	11.32	0.0	295.0	290.67	392.89	125.94	0	1
PROTOTYPE	016583	04/16/18	00:49:58	0.4892597695390782	0.4892597695390782	11.3	0.0	3.718374248496994	3.718374248496994	11.3	-0.0	0.4892597695390782	0.4892597695390782	11.3	0.0	290.0	290.57	304.23	17.05	0	1
PROTOTYPE	016584	04/16/18	00:49:59	0.4892597695390782	0.4892597695390782	11.27	0.0	3.718374248496994	3.718374248496994	11.27	-0.0	0.4892597695390782	0.4892597695390782	11.27	0.0	279.0	288.84	396.78	-75.51	0	1
PROTOTYPE	016585	04/16/18	00:50:00	0.4892597695390782	0.4892597695390782	11.26	0.0	3.718374248496994	3.718374248496994	11.26	-0.0	0.4892597695390782	0.4892597695390782	11.26	0.0	288.0	288.71	373.22	-124.18	0	1
PROTOTYPE	016586	04/16/18	00:50:02	0.4892597695390782	0.4892597695390782	11.25	0.0	3.718374248496994	3.718374248496994	11.25	-0.0	0.4892597695390782	0.4892597695390782	11.25	0.0	278.0	287.1	519.52	-270.55	0	1
PROTOTYPE	016587	04/16/18	00:50:03	0.4892597695390782	0.4892597695390782	11.24	0.0	3.718374248496994	3.718374248496994	11.24	-0.0	0.4892597695390782	0.4892597695390782	11.24	0.0	289.0	287.39	500.12	-289.97	0	1
PROTOTYPE	016588	04/16/18	00:50:05	0.4892597695390782	0.4892597695390782	11.24	0.0	3.718374248496994	3.718374248496994	11.24	-0.0	0.4892597695390782	0.4892597695390782	11.24	0.0	282.0	286.58	576.41	-366.48	0	1
PROTOTYPE	016589	04/16/18	00:50:06	0.4892597695390782	0.4892597695390782	11.23	0.0	3.718374248496994	3.718374248496994	11.23	-0.0	0.4892597695390782	0.4892597695390782	11.23	0.0	286.0	286.49	551.52	-341.5	0	1
PROTOTYPE	016590	04/16/18	00:50:08	0.4892597695390782	0.4892597695390782	11.22	0.0	3.718374248496994	3.718374248496994	11.22	-0.0	0.4892597695390782	0.4892597695390782	11.22	0.0	296.0	287.92	617.74	-275.28	0	1
PROTOTYPE	016591	04/16/18	00:50:09	0.4892597695390782	0.4892597695390782	11.25	0.0	3.718374248496994	3.718374248496994	11.25	-0.0	0.4892597695390782	0.4892597695390782	11.25	0.0	289.0	288.08	623.85	-248.99	0	1
PROTOTYPE	016592	04/16/18	00:50:10	0.4892597695390782	0.4892597695390782	11.26	0.0	3.718374248496994	3.718374248496994	11.26	-0.0	0.4892597695390782	0.4892597695390782	11.26	0.0	288.0	288.07	452.14	-76.64	0	1
PROTOTYPE	016593	04/16/18	00:50:12	0.4892597695390782	0.4892597695390782	11.27	0.0	3.718374248496994	3.718374248496994	11.27	-0.0	0.4892597695390782	0.4892597695390782	11.27	0.0	288.0	288.06	441.28	-65.14	0	1
PROTOTYPE	016594	04/16/18	00:50:13	0.4892597695390782	0.4892597695390782	11.28	0.0	3.718374248496994	3.718374248496994	11.28	-0.0	0.4892597695390782	0.4892597695390782	11.28	0.0	295.0	289.1	384.75	199.63	0	1
PROTOTYPE	016595	04/16/18	00:50:15	0.4892597695390782	0.4892597695390782	11.28	0.0	3.718374248496994	3.718374248496994	11.28	-0.0	0.4892597695390782	0.4892597695390782	11.28	0.0	281.0	287.88	477.77	49.68	0	1
PROTOTYPE	016596	04/16/18	00:50:16	0.4892597695390782	0.4892597695390782	11.27	0.0	3.718374248496994	3.718374248496994	11.27	-0.0	0.4892597695390782	0.4892597695390782	11.27	0.0	295.0	288.95	503.68	237.23	0	1
PROTOTYPE	016597	04/16/18	00:50:17	0.4892597695390782	0.4892597695390782	11.29	0.0	3.718374248496994	3.718374248496994	11.29	-0.0	0.4892597695390782	0.4892597695390782	11.29	0.0	289.0	288.96	496.46	246.65	0	1
PROTOTYPE	016598	04/16/18	00:50:19	0.4892597695390782	0.4892597695390782	11.3	0.0	3.718374248496994	3.718374248496994	11.3	-0.0	0.4892597695390782	0.4892597695390782	11.3	0.0	295.0	289.87	444.47	194.65	0	1
PROTOTYPE	016599	04/16/18	00:50:20	0.4892597695390782	0.4892597695390782	11.27	0.0	3.718374248496994	3.718374248496994	11.27	-0.0	0.4892597695390782	0.4892597695390782	11.27	0.0	288.0	289.59	456.21	150.45	0	1
PROTOTYPE	016600	04/16/18	00:50:22	0.4892597695390782	0.4892597695390782	11.28	0.0	3.718374248496994	3.718374248496994	11.28	-0.0	0.4892597695390782	0.4892597695390782	11.28	0.0	289.0	289.5	463.25	142.88	0	1
PROTOTYPE	016601	04/16/18	00:50:23	0.4892597695390782	0.4892597695390782	11.29	0.0	3.718374248496994	3.718374248496994	11.29	-0.0	0.4892597695390782	0.4892597695390782	11.29	0.0	296.0	290.47	559.04	241.45	0	1
PROTOTYPE	016602	04/16/18	00:50:24	0.4892597695390782	0.4892597695390782	11.29	0.0	3.718374248496994	3.718374248496994	11.29	-0.0	0.4892597695390782	0.4892597695390782	11.29	0.0	299.0	291.75	582.82	265.23	0	1
PROTOTYPE	016603	04/16/18	00:50:26	0.4892597695390782	0.4892597695390782	11.31	0.0	3.718374248496994	3.718374248496994	11.31	-0.0	0.4892597695390782	0.4892597695390782	11.31	0.0	288.0	291.19	517.62	330.45	0	1
PROTOTYPE	016604	04/16/18	00:50:27	0.4892597695390782	0.4892597695390782	11.32	0.0	3.718374248496994	3.718374248496994	11.32	-0.0	0.4892597695390782	0.4892597695390782	11.32	0.0	294.0	291.61	453.07	265.88	0	1
PROTOTYPE	016605	04/16/18	00:50:29	0.4892597695390782	0.4892597695390782	11.3	0.0	3.718374248496994	3.718374248496994	11.3	-0.0	0.4892597695390782	0.4892597695390782	11.3	0.0	297.0	292.42	532.32	346.0	0	1
PROTOTYPE	016606	04/16/18	00:50:30	0.4892597695390782	0.4892597695390782	11.31	0.0	3.718374248496994	3.718374248496994	11.31	-0.0	0.4892597695390782	0.4892597695390782	11.31	0.0	304.0	294.16	615.42	429.1	0	1
PROTOTYPE	016607	04/16/18	00:50:32	0.4892597695390782	0.4892597695390782	11.34	0.0	3.718374248496994	3.718374248496994	11.34	-0.0	0.4892597695390782	0.4892597695390782	11.34	0.0	284.0	292.63	739.75	304.73	0	1
PROTOTYPE	016608	04/16/18	00:50:33	0.4892597695390782	0.4892597695390782	11.34	0.0	3.718374248496994	3.718374248496994	11.34	-0.0	0.4892597695390782	0.4892597695390782	11.34	0.0	298.0	293.44	811.38	394.02	0	1
PROTOTYPE	016609	04/16/18	00:50:34	0.4892597695390782	0.4892597695390782	11.32	0.0	3.718374248496994	3.718374248496994	11.32	-0.0	0.4892597695390782	0.4892597695390782	11.32	0.0	298.0	294.12	782.28	364.92	0	1
PROTOTYPE	016610	04/16/18	00:50:36	0.4892597695390782	0.4892597695390782	11.3	0.0	3.718374248496994	3.718374248496994	11.3	-0.0	0.4892597695390782	0.4892597695390782	11.3	0.0	286.0	292.9	776.21	115.18	0	1
PROTOTYPE	016611	04/16/18	00:50:37	0.4892597695390782	0.4892597695390782	11.28	0.0	3.718374248496994	3.718374248496994	11.28	-0.0	0.4892597695390782	0.4892597695390782	11.28	0.0	292.0	292.77	733.54	157.91	0	1
PROTOTYPE	016612	04/16/18	00:50:39	0.4892597695390782	0.4892597695390782	11.28	0.0	3.718374248496994	3.718374248496994	11.28	-0.0	0.4892597695390782	0.4892597695390782	11.28	0.0	295.0	293.1	724.86	149.22	0	1
PROTOTYPE	016613	04/16/18	00:50:40	0.4892597695390782	0.4892597695390782	11.28	0.0	3.718374248496994	3.718374248496994	11.28	-0.0	0.4892597695390782	0.4892597695390782	11.28	0.0	301.0	294.29	762.47	186.84	0	1
PROTOTYPE	016614	04/16/18	00:50:41	0.4892597695390782	0.4892597695390782	11.25	0.0	3.718374248496994	3.718374248496994	11.25	-0.0	0.4892597695390782	0.4892597695390782	11.25	0.0	280.0	292.14	803.08	-201.19	0	1
PROTOTYPE	016615	04/16/18	00:50:43	0.4892597695390782	0.4892597695390782	11.22	0.0	3.718374248496994	3.718374248496994	11.22	-0.0	0.4892597695390782	0.4892597695390782	11.22	0.0	274.0	289.42	922.89	-321.01	0	1
PROTOTYPE	016616	04/16/18	00:50:44	0.4892597695390782	0.4892597695390782	11.22	0.0	3.718374248496994	3.718374248496994	11.22	-0.0	0.4892597695390782	0.4892597695390782	11.22	0.0	299.0	290.86	986.04	-257.86	0	1
PROTOTYPE	016617	04/16/18	00:50:46	0.4892597695390782	0.4892597695390782	11.23	0.0	3.718374248496994	3.718374248496994	11.23	-0.0	0.4892597695390782	0.4892597695390782	11.23	0.0	292.0	291.03	934.76	-309.18	0	1
PROTOTYPE	016618	04/16/18	00:50:47	0.4892597695390782	0.4892597695390782	11.23	0.0	3.718374248496994	3.718374248496994	11.23	-0.0	0.4892597695390782	0.4892597695390782	11.23	0.0	290.0	290.88	828.44	-202.8	0	1
PROTOTYPE	016619	04/16/18	00:50:48	0.4892597695390782	0.4892597695390782	11.23	0.0	3.718374248496994	3.718374248496994	11.23	-0.0	0.4892597695390782	0.4892597695390782	11.23	0.0	285.0	289.99	902.96	-277.38	0	1
PROTOTYPE	016620	04/16/18	00:50:50	0.4892597695390782	0.4892597695390782	11.19	0.0	3.718374248496994	3.718374248496994	11.19	-0.0	0.4892597695390782	0.4892597695390782	11.19	0.0	290.0	290.0	870.84	-310.78	0	1
PROTOTYPE	016621	04/16/18	00:50:51	0.4892597695390782	0.4892597695390782	11.2	0.0	3.718374248496994	3.718374248496994	11.2	-0.0	0.4892597695390782	0.4892597695390782	11.2	0.0	295.0	290.75	827.46	-354.16	0	1
PROTOTYPE	016622	04/16/18	00:50:53	0.4892597695390782	0.4892597695390782	11.2	0.0	3.718374248496994	3.718374248496994	11.2	-0.0	0.4892597695390782	0.4892597695390782	11.2	0.0	294.0	291.23	661.97	-91.04	0	1
PROTOTYPE	016623	04/16/18	00:50:54	0.4892597695390782	0.4892597695390782	11.23	0.0	3.718374248496994	3.718374248496994	11.23	-0.0	0.4892597695390782	0.4892597695390782	11.23	0.0	280.0	289.55	558.32	12.62	0	1
PROTOTYPE	016624	04/16/18	00:50:55	0.4892597695390782	0.4892597695390782	11.24	0.0	3.718374248496994	3.718374248496994	11.24	-0.0	0.4892597695390782	0.4892597695390782	11.24	0.0	275.0	287.37	632.89	-349.27	0	1
PROTOTYPE	016625	04/16/18	00:50:57	0.4892597695390782	0.4892597695390782	11.23	0.0	3.718374248496994	3.718374248496994	11.23	-0.0	0.4892597695390782	0.4892597695390782	11.23	0.0	297.0	288.81	760.23	-221.88	0	1
PROTOTYPE	016626	04/16/18	00:50:58	0.4892597695390782	0.4892597695390782	11.25	0.0	3.718374248496994	3.718374248496994	11.25	-0.0	0.4892597695390782	0.4892597695390782	11.25	0.0	288.0	288.69	756.97	-218.6	0	1
PROTOTYPE	016627	04/16/18	00:51:00	0.4892597695390782	0.4892597695390782	11.26	0.0	3.718374248496994	3.718374248496994	11.26	-0.0	0.4892597695390782	0.4892597695390782	11.26	0.0	288.0	288.59	679.26	-140.81	0	1
PROTOTYPE	016628	04/16/18	00:51:01	0.4892597695390782	0.4892597695390782	11.3	0.0	3.718374248496994	3.718374248496994	11.3	-0.0	0.4892597695390782	0.4892597695390782	11.3	0.0	293.0	289.25	744.1	-74.69	0	1
PROTOTYPE	016629	04/16/18	00:51:02	0.4892597695390782	0.4892597695390782	11.29	0.0	3.718374248496994	3.718374248496994	11.29	-0.0	0.4892597695390782	0.4892597695390782	11.29	0.0	295.0	290.11	755.3	-63.49	0	1
PROTOTYPE	016630	04/16/18	00:51:04	0.4892597695390782	0.4892597695390782	11.3	0.0	3.718374248496994	3.718374248496994	11.3	-0.0	0.4892597695390782	0.4892597695390782	11.3	0.0	284.0	289.19	798.15	-203.96	0	1
PROTOTYPE	016631	04/16/18	00:51:05	0.4892597695390782	0.4892597695390782	11.29	0.0	3.718374248496994	3.718374248496994	11.29	-0.0	0.4892597695390782	0.4892597695390782	11.29	0.0	298.0	290.52	761.72	96.63	0	1
PROTOTYPE	016632	04/16/18	00:51:07	0.4892597695390782	0.4892597695390782	11.28	0.0	3.718374248496994	3.718374248496994	11.28	-0.0	0.4892597695390782	0.4892597695390782	11.28	0.0	287.0	289.99	596.23	262.14	0	1
PROTOTYPE	016633	04/16/18	00:51:08	0.4892597695390782	0.4892597695390782	11.28	0.0	3.718374248496994	3.718374248496994	11.28	-0.0	0.4892597695390782	0.4892597695390782	11.28	0.0	274.0	287.59	691.55	-122.18	0	1
PROTOTYPE	016634	04/16/18	00:51:10	0.4892597695390782	0.4892597695390782	11.29	0.0	3.718374248496994	3.718374248496994	11.29	-0.0	0.4892597695390782	0.4892597695390782	11.29	0.0	282.0	286.75	763.15	-193.86	0	1
PROTOTYPE	016635	04/16/18	00:51:11	0.4892597695390782	0.4892597695390782	11.27	0.0	3.718374248496994	3.718374248496994	11.27	-0.0	0.4892597695390782	0.4892597695390782	11.27	0.0	285.0	286.49	779.01	-209.78	0	1
PROTOTYPE	016636	04/16/18	00:51:12	0.4892597695390782	0.4892597695390782	11.26	0.0	3.718374248496994	3.718374248496994	11.26	-0.0	0.4892597695390782	0.4892597695390782	11.26	0.0	292.0	287.32	795.48	-193.31	0	1
PROTOTYPE	016637	04/16/18	00:51:14	0.4892597695390782	0.4892597695390782	11.28	0.0	3.718374248496994	3.718374248496994	11.28	-0.0	0.4892597695390782	0.4892597695390782	11.28	0.0	273.0	285.17	923.93	-494.31	0	1
PROTOTYPE	016638	04/16/18	00:51:15	0.4892597695390782	0.4892597695390782	11.28	0.0	3.718374248496994	3.718374248496994	11.28	-0.0	0.4892597695390782	0.4892597695390782	11.28	0.0	301.0	287.54	1069.73	-165.17	0	1
PROTOTYPE	016639	04/16/18	00:51:17	0.4892597695390782	0.4892597695390782	11.28	0.0	3.718374248496994	3.718374248496994	11.28	-0.0	0.4892597695390782	0.4892597695390782	11.28	0.0	304.0	290.01	1184.5	-50.39	0	1
PROTOTYPE	016640	04/16/18	00:51:18	0.4892597695390782	0.4892597695390782	11.27	0.0	3.718374248496994	3.718374248496994	11.27	-0.0	0.4892597695390782	0.4892597695390782	11.27	0.0	292.0	290.31	1161.62	32.17	0	1
PROTOTYPE	016641	04/16/18	00:51:19	0.4892597695390782	0.4892597695390782	11.29	0.0	3.718374248496994	3.718374248496994	11.29	-0.0	0.4892597695390782	0.4892597695390782	11.29	0.0	290.0	290.26	926.65	267.34	0	1
PROTOTYPE	016642	04/16/18	00:51:21	0.4892597695390782	0.4892597695390782	11.28	0.0	3.718374248496994	3.718374248496994	11.28	-0.0	0.4892597695390782	0.4892597695390782	11.28	0.0	287.0	289.77	891.76	302.24	0	1
PROTOTYPE	016643	04/16/18	00:51:22	0.4892597695390782	0.4892597695390782	11.28	0.0	3.718374248496994	3.718374248496994	11.28	-0.0	0.4892597695390782	0.4892597695390782	11.28	0.0	284.0	288.91	952.07	241.9	0	1
PROTOTYPE	016644	04/16/18	00:51:24	0.4892597695390782	0.4892597695390782	11.28	0.0	3.718374248496994	3.718374248496994	11.28	-0.0	0.4892597695390782	0.4892597695390782	11.28	0.0	291.0	289.22	900.8	190.62	1	0
PROTOTYPE	016645	04/16/18	00:51:25	0.4892597695390782	0.4892597695390782	11.26	0.0	4.1097820641282565	3.7770854208416833	69.87	60.0	0.4892597695390782	0.4892597695390782	11.26	0.0	296.0	290.24	787.75	507.03	1	0
PROTOTYPE	016646	04/16/18	00:51:26	0.4892597695390782	0.4892597695390782	11.26	0.0	4.501189879759519	3.885701089679359	179.48	171.0	0.4892597695390782	0.4892597695390782	11.26	0.0	297.0	291.25	651.71	370.97	1	0
PROTOTYPE	016647	04/16/18	00:51:28	0.4892597695390782	0.4892597695390782	11.26	0.0	4.69689378757515	4.00703751252505	302.43	295.35	0.4892597695390782	0.4892597695390782	11.26	0.0	280.0	289.56	573.64	-44.67	1	0
PROTOTYPE	016648	04/16/18	00:51:29	0.4892597695390782	0.4892597695390782	11.28	0.0	4.892597695390782	4.140116169839679	436.73	431.05	0.4892597695390782	0.4892597695390782	11.28	0.0	298.0	290.83	670.31	52.03	1	0
PROTOTYPE	016649	04/16/18	00:51:31	0.4892597695390782	0.4892597695390782	11.28	0.0	4.990449649298597	4.26732370991984	565.66	561.39	0.4892597695390782	0.4892597695390782	11.28	0.0	287.0	290.26	722.92	-0.78	1	0
PROTOTYPE	016650	04/16/18	00:51:32	0.4892597695390782	0.4892597695390782	11.28	0.0	5.088301603206413	4.390617171843687	690.05	687.18	0.4892597695390782	0.4892597695390782	11.28	0.0	296.0	291.12	760.13	134.34	1	0
PROTOTYPE	016651	04/16/18	00:51:34	0.4892597695390782	0.4892597695390782	11.28	0.0	5.1861535571142285	4.509996555611223	810.58	809.1	0.4892597695390782	0.4892597695390782	11.28	0.0	288.0	290.65	720.29	174.19	1	0
PROTOTYPE	016652	04/16/18	00:51:35	0.4892597695390782	0.4892597695390782	11.28	0.0	5.1861535571142285	4.611762587675351	912.81	912.74	0.4892597695390782	0.4892597695390782	11.28	0.0	292.0	290.85	709.18	163.06	1	0
PROTOTYPE	016653	04/16/18	00:51:36	0.4892597695390782	0.4892597695390782	11.28	0.0	5.1861535571142285	4.6978723071142285	940.9	940.83	0.4892597695390782	0.4892597695390782	11.28	0.0	299.0	292.07	729.72	183.6	1	0
PROTOTYPE	016654	04/16/18	00:51:38	0.4892597695390782	0.4892597695390782	11.28	0.0	5.284005511022044	4.785939065631262	919.77	919.7	0.4892597695390782	0.4892597695390782	11.28	0.0	303.0	293.71	792.18	246.06	1	0
PROTOTYPE	016655	04/16/18	00:51:39	0.4892597695390782	0.4892597695390782	11.28	0.0	5.38185746492986	4.874984343687375	886.82	886.75	0.4892597695390782	0.4892597695390782	11.28	0.0	285.0	292.41	754.09	284.15	1	0
PROTOTYPE	016656	04/16/18	00:51:41	0.4892597695390782	0.4892597695390782	11.26	0.0	5.38185746492986	4.951308867735471	828.81	828.74	0.4892597695390782	0.4892597695390782	11.26	0.0	293.0	292.5	636.57	166.53	1	0
PROTOTYPE	016657	04/16/18	00:51:42	0.4892597695390782	0.4892597695390782	11.27	0.0	5.479709418837675	5.030568950400801	779.51	779.43	0.4892597695390782	0.4892597695390782	11.27	0.0	295.0	292.87	616.7	261.55	1	0
PROTOTYPE	016658	04/16/18	00:51:43	0.4892597695390782	0.4892597695390782	11.26	0.0	5.479709418837675	5.098086798597195	722.6	722.51	0.4892597695390782	0.4892597695390782	11.26	0.0	289.0	292.29	588.6	117.32	1	0
PROTOTYPE	016659	04/16/18	00:51:45	0.4892597695390782	0.4892597695390782	11.27	0.0	5.577561372745492	5.1695187249499	674.23	674.14	0.4892597695390782	0.4892597695390782	11.27	0.0	282.0	290.75	696.19	9.72	1	0
PROTOTYPE	016660	04/16/18	00:51:46	0.4892597695390782	0.4892597695390782	11.28	0.0	5.675413326653306	5.245843248997995	648.11	648.01	0.4892597695390782	0.4892597695390782	11.28	0.0	281.0	289.28	822.09	-156.74	0	0
PROTOTYPE	016661	04/16/18	00:51:48	0.4892597695390782	0.4892597695390782	11.28	0.0	4.1097820641282565	5.0755808491983965	734.13	385.81	0.4892597695390782	0.4892597695390782	11.28	0.0	294.0	289.99	770.61	-208.23	0	0
PROTOTYPE	016662	04/16/18	00:51:49	0.4892597695390782	0.4892597695390782	11.28	0.0	3.718374248496994	4.87204878507014	852.25	87.94	0.4892597695390782	0.4892597695390782	11.28	0.0	288.0	289.69	636.63	-401.99	0	0
PROTOTYPE	016663	04/16/18	00:51:50	0.4892597695390782	0.4892597695390782	11.26	0.0	3.522670340681363	4.669495240480962	967.64	-210.25	0.4892597695390782	0.4892597695390782	11.26	0.0	289.0	289.59	516.41	-281.69	0	0
PROTOTYPE	016664	04/16/18	00:51:52	0.4892597695390782	0.4892597695390782	11.25	0.0	3.522670340681363	4.497275801603207	1065.73	-463.71	0.4892597695390782	0.4892597695390782	11.25	0.0	295.0	290.4	588.57	-209.44	0	0
PROTOTYPE	016665	04/16/18	00:51:53	0.4892597695390782	0.4892597695390782	11.21	0.0	3.522670340681363	4.351476390280561	1134.1	-694.16	0.4892597695390782	0.4892597695390782	11.21	0.0	293.0	290.79	589.98	-208.02	0	0
PROTOTYPE	016666	04/16/18	00:51:55	0.4892597695390782	0.4892597695390782	11.2	0.0	3.424818386773547	4.212526615731463	1207.21	-905.03	0.4892597695390782	0.4892597695390782	11.2	0.0	273.0	288.12	798.77	-416.82	0	0
PROTOTYPE	016667	04/16/18	00:51:56	0.4892597695390782	0.4892597695390782	11.21	0.0	3.424818386773547	4.0941257515030065	1254.36	-1099.28	0.4892597695390782	0.4892597695390782	11.21	0.0	295.0	289.15	747.58	-159.3	0	0
PROTOTYPE	016668	04/16/18	00:51:57	0.4892597695390782	0.4892597695390782	11.19	0.0	3.424818386773547	3.993338238977956	1279.44	-1279.39	0.4892597695390782	0.4892597695390782	11.19	0.0	295.0	290.03	689.08	74.6	0	0
PROTOTYPE	016669	04/16/18	00:51:59	0.4892597695390782	0.4892597695390782	11.2	0.0	3.424818386773547	3.9082070390781563	1192.54	-1192.48	0.4892597695390782	0.4892597695390782	11.2	0.0	285.0	289.28	693.81	-71.59	0	0
PROTOTYPE	016670	04/16/18	00:52:00	0.4892597695390782	0.4892597695390782	11.2	0.0	3.424818386773547	3.8357965931863736	1058.67	-1058.61	0.4892597695390782	0.4892597695390782	11.2	0.0	285.0	288.63	728.05	-105.85	0	0
PROTOTYPE	016671	04/16/18	00:52:02	0.4892597695390782	0.4892597695390782	11.2	0.0	3.424818386773547	3.7741498622244487	914.89	-914.82	0.4892597695390782	0.4892597695390782	11.2	0.0	293.0	289.29	783.06	-29.98	0	0
PROTOTYPE	016672	04/16/18	00:52:03	0.4892597695390782	0.4892597695390782	11.2	0.0	3.424818386773547	3.7213098071142285	792.68	-792.59	0.4892597695390782	0.4892597695390782	11.2	0.0	281.0	288.05	826.23	-235.48	0	0
PROTOTYPE	016673	04/16/18	00:52:04	0.4892597695390782	0.4892597695390782	11.2	0.0	3.3269664328657313	3.662598634769539	703.8	-703.7	0.4892597695390782	0.4892597695390782	11.2	0.0	290.0	288.34	816.56	-245.16	0	0
PROTOTYPE	016674	04/16/18	00:52:06	0.4892597695390782	0.4892597695390782	11.21	0.0	3.3269664328657313	3.612694138276553	613.26	-613.15	0.4892597695390782	0.4892597695390782	11.21	0.0	288.0	288.29	554.98	16.62	0	0
PROTOTYPE	016675	04/16/18	00:52:07	0.4892597695390782	0.4892597695390782	11.2	0.0	3.3269664328657313	3.569639278557114	536.3	-536.18	0.4892597695390782	0.4892597695390782	11.2	0.0	288.0	288.25	456.35	-90.88	0	0
PROTOTYPE	016676	04/16/18	00:52:09	0.4892597695390782	0.4892597695390782	11.2	0.0	3.3269664328657313	3.5334340556112225	470.89	-470.75	0.4892597695390782	0.4892597695390782	11.2	0.0	277.0	286.56	537.32	-347.24	0	0
PROTOTYPE	016677	04/16/18	00:52:10	0.4892597695390782	0.4892597695390782	11.21	0.0	3.3269664328657313	3.502121430360721	415.3	-415.14	0.4892597695390782	0.4892597695390782	11.21	0.0	279.0	285.42	575.23	-385.16	0	0
PROTOTYPE	016678	04/16/18	00:52:11	0.4892597695390782	0.4892597695390782	11.21	0.0	3.3269664328657313	3.4757014028056115	368.05	-367.87	0.4892597695390782	0.4892597695390782	11.21	0.0	295.0	286.86	654.72	-177.38	0	0
PROTOTYPE	016679	04/16/18	00:52:13	0.4892597695390782	0.4892597695390782	11.23	0.0	3.3269664328657313	3.4531954534068134	327.9	-327.69	0.4892597695390782	0.4892597695390782	11.23	0.0	298.0	288.53	756.31	-75.78	0	0
PROTOTYPE	016680	04/16/18	00:52:14	0.4892597695390782	0.4892597695390782	11.25	0.0	3.3269664328657313	3.434603582164329	293.78	-293.53	0.4892597695390782	0.4892597695390782	11.25	0.0	292.0	289.05	684.01	100.59	0	0
PROTOTYPE	016681	04/16/18	00:52:16	0.4892597695390782	0.4892597695390782	11.26	0.0	3.3269664328657313	3.41796875	249.79	-249.5	0.4892597695390782	0.4892597695390782	11.26	0.0	282.0	287.99	760.45	-34.5	0	0
PROTOTYPE	016682	04/16/18	00:52:17	0.4892597695390782	0.4892597695390782	11.25	0.0	3.3269664328657313	3.404269476452906	212.42	-212.08	0.4892597695390782	0.4892597695390782	11.25	0.0	289.0	288.15	770.33	-14.32	0	0
PROTOTYPE	016683	04/16/18	00:52:18	0.4892597695390782	0.4892597695390782	11.23	0.0	3.3269664328657313	3.393505761523046	180.67	-180.27	0.4892597695390782	0.4892597695390782	11.23	0.0	288.0	288.12	768.36	-12.18	0	0
PROTOTYPE	016684	04/16/18	00:52:20	0.4892597695390782	0.4892597695390782	11.23	0.0	3.2291144789579156	3.368064253507014	168.64	-168.23	0.4892597695390782	0.4892597695390782	11.23	0.0	299.0	289.75	762.84	319.65	0	0
PROTOTYPE	016685	04/16/18	00:52:21	0.4892597695390782	0.4892597695390782	11.21	0.0	3.2291144789579156	3.347515343186373	158.42	-157.99	0.4892597695390782	0.4892597695390782	11.21	0.0	295.0	290.54	728.14	511.7	0	0
PROTOTYPE	016686	04/16/18	00:52:23	0.4892597695390782	0.4892597695390782	11.22	0.0	3.2291144789579156	3.329901991482966	149.74	-149.29	0.4892597695390782	0.4892597695390782	11.22	0.0	293.0	290.91	621.41	404.95	0	0
PROTOTYPE	016687	04/16/18	00:52:24	0.4892597695390782	0.4892597695390782	11.26	0.0	3.2291144789579156	3.314245678857715	142.37	-141.9	0.4892597695390782	0.4892597695390782	11.26	0.0	284.0	289.87	557.98	134.21	0	0
PROTOTYPE	016688	04/16/18	00:52:26	0.4892597695390782	0.4892597695390782	11.24	0.0	3.2291144789579156	3.3015249248496996	136.11	-135.61	0.4892597695390782	0.4892597695390782	11.24	0.0	293.0	290.34	552.85	129.07	0	0
PROTOTYPE	016689	04/16/18	00:52:27	0.4892597695390782	0.4892597695390782	11.25	0.0	3.2291144789579156	3.29076120991984	130.79	-130.27	0.4892597695390782	0.4892597695390782	11.25	0.0	282.0	289.09	572.21	109.71	0	0
PROTOTYPE	016690	04/16/18	00:52:28	0.4892597695390782	0.4892597695390782	11.24	0.0	3.2291144789579156	3.281954534068136	126.28	-125.73	0.4892597695390782	0.4892597695390782	11.24	0.0	295.0	289.98	645.7	183.26	0	0
PROTOTYPE	016691	04/16/18	00:52:30	0.4892597695390782	0.4892597695390782	11.24	0.0	3.2291144789579156	3.274126377755511	122.46	-121.87	0.4892597695390782	0.4892597695390782	11.24	0.0	298.0	291.18	763.46	305.77	0	0
PROTOTYPE	016692	04/16/18	00:52:31	0.4892597695390782	0.4892597695390782	11.23	0.0	3.2291144789579156	3.267276740981964	104.28	-103.59	0.4892597695390782	0.4892597695390782	11.23	0.0	282.0	289.8	738.03	4.9	0	0
PROTOTYPE	016693	04/16/18	00:52:32	0.4892597695390782	0.4892597695390782	11.22	0.0	3.2291144789579156	3.261405623747495	88.86	-88.05	0.4892597695390782	0.4892597695390782	11.22	0.0	302.0	291.63	842.29	109.17	0	1
PROTOTYPE	016694	04/16/18	00:52:34	0.4892597695390782	0.4892597695390782	11.2	0.0	3.2291144789579156	3.2565130260521045	75.79	-74.84	0.4892597695390782	0.4892597695390782	11.2	0.0	283.0	290.34	934.89	-57.21	0	1
PROTOTYPE	016695	04/16/18	00:52:35	0.4892597695390782	0.4892597695390782	11.17	0.0	3.2291144789579156	3.252598947895792	64.73	-63.62	0.4892597695390782	0.4892597695390782	11.17	0.0	301.0	291.94	991.16	206.37	0	1
PROTOTYPE	016696	04/16/18	00:52:37	0.4892597695390782	0.4892597695390782	11.18	0.0	3.2291144789579156	3.248684869739479	55.38	-54.08	0.4892597695390782	0.4892597695390782	11.18	0.0	293.0	292.1	960.24	175.42	0	1
PROTOTYPE	016697	04/16/18	00:52:38	0.4892597695390782	0.4892597695390782	11.18	0.0	3.2291144789579156	3.245749311122245	47.49	-45.96	0.4892597695390782	0.4892597695390782	11.18	0.0	291.0	291.93	851.61	284.1	0	1
PROTOTYPE	016698	04/16/18	00:52:40	0.4892597695390782	0.4892597695390782	11.2	0.0	3.2291144789579156	3.243792272044088	40.85	-39.07	0.4892597695390782	0.4892597695390782	11.2	0.0	288.0	291.34	821.97	136.49	0	1
PROTOTYPE	016699	04/16/18	00:52:41	0.4892597695390782	0.4892597695390782	11.2	0.0	3.2291144789579156	3.2408567134268536	35.27	-33.21	0.4892597695390782	0.4892597695390782	11.2	0.0	299.0	292.49	816.49	131.02	0	1
PROTOTYPE	016700	04/16/18	00:52:42	0.4892597695390782	0.4892597695390782	11.2	0.0	3.2291144789579156	3.2398781938877756	30.61	-28.23	0.4892597695390782	0.4892597695390782	11.2	0.0	282.0	290.92	836.14	111.36	0	1
PROTOTYPE	016701	04/16/18	00:52:44	0.4892597695390782	0.4892597695390782	11.23	0.0	3.2291144789579156	3.2379211548096194	26.76	-23.99	0.4892597695390782	0.4892597695390782	11.23	0.0	278.0	288.98	846.96	-265.34	0	1
PROTOTYPE	016702	04/16/18	00:52:45	0.4892597695390782	0.4892597695390782	11.24	0.0	3.2291144789579156	3.236942635270541	23.56	-20.39	0.4892597695390782	0.4892597695390782	11.24	0.0	279.0	287.48	867.16	-285.54	0	1
PROTOTYPE	016703	04/16/18	00:52:47	0.4892597695390782	0.4892597695390782	11.22	0.0	3.2291144789579156	3.234985596192385	20.94	-17.34	0.4892597695390782	0.4892597695390782	11.22	0.0	287.0	287.41	714.61	-452.71	0	1
PROTOTYPE	016704	04/16/18	00:52:48	0.4892597695390782	0.4892597695390782	11.22	0.0	3.2291144789579156	3.234985596192385	18.8	-14.73	0.4892597695390782	0.4892597695390782	11.22	0.0	297.0	288.85	842.46	-324.8	0	1
PROTOTYPE	016705	04/16/18	00:52:49	0.4892597695390782	0.4892597695390782	11.23	0.0	3.2291144789579156	3.2340070766533064	17.1	-12.52	0.4892597695390782	0.4892597695390782	11.23	0.0	288.0	288.72	838.76	-321.08	0	1
PROTOTYPE	016706	04/16/18	00:52:51	0.4892597695390782	0.4892597695390782	11.25	0.0	3.2291144789579156	3.2330285571142285	15.75	-10.65	0.4892597695390782	0.4892597695390782	11.25	0.0	282.0	287.71	880.59	-362.92	0	1
PROTOTYPE	016707	04/16/18	00:52:52	0.4892597695390782	0.4892597695390782	11.28	0.0	3.2291144789579156	3.23205003757515	14.69	-9.05	0.4892597695390782	0.4892597695390782	11.28	0.0	288.0	287.76	770.25	-473.48	0	1
PROTOTYPE	016708	04/16/18	00:52:54	0.4892597695390782	0.4892597695390782	11.3	0.0	3.2291144789579156	3.23205003757515	13.86	-7.69	0.4892597695390782	0.4892597695390782	11.3	0.0	299.0	289.44	781.53	-147.46	0	1
PROTOTYPE	016709	04/16/18	00:52:55	0.4892597695390782	0.4892597695390782	11.28	0.0	3.2291144789579156	3.2310715180360727	13.2	-6.54	0.4892597695390782	0.4892597695390782	11.28	0.0	297.0	290.58	701.13	159.66	0	1
PROTOTYPE	016710	04/16/18	00:52:56	0.4892597695390782	0.4892597695390782	11.28	0.0	3.2291144789579156	3.2310715180360727	12.7	-5.56	0.4892597695390782	0.4892597695390782	11.28	0.0	290.0	290.49	560.19	300.71	0	1
PROTOTYPE	016711	04/16/18	00:52:58	0.4892597695390782	0.4892597695390782	11.27	0.0	3.2291144789579156	3.2310715180360727	12.32	-4.72	0.4892597695390782	0.4892597695390782	11.27	0.0	292.0	290.72	575.5	330.6	0	1
PROTOTYPE	016712	04/16/18	00:52:59	0.4892597695390782	0.4892597695390782	11.28	0.0	3.2291144789579156	3.2310715180360727	12.05	-4.02	0.4892597695390782	0.4892597695390782	11.28	0.0	290.0	290.61	442.49	176.01	0	1
PROTOTYPE	016713	04/16/18	00:53:01	0.4892597695390782	0.4892597695390782	11.26	0.0	3.2291144789579156	3.230092998496994	11.82	-3.41	0.4892597695390782	0.4892597695390782	11.26	0.0	296.0	291.42	510.56	269.61	0	1
PROTOTYPE	016714	04/16/18	00:53:02	0.4892597695390782	0.4892597695390782	11.25	0.0	3.2291144789579156	3.230092998496994	11.66	-2.9	0.4892597695390782	0.4892597695390782	11.25	0.0	286.0	290.61	491.0	289.17	0	1
PROTOTYPE	016715	04/16/18	00:53:03	0.4892597695390782	0.4892597695390782	11.23	0.0	3.2291144789579156	3.230092998496994	11.53	-2.47	0.4892597695390782	0.4892597695390782	11.23	0.0	301.0	292.16	642.4	440.79	0	1
PROTOTYPE	016716	04/16/18	00:53:05	0.4892597695390782	0.4892597695390782	11.22	0.0	3.2291144789579156	3.230092998496994	11.44	-2.1	0.4892597695390782	0.4892597695390782	11.22	0.0	279.0	290.19	671.21	74.68	0	1
PROTOTYPE	016717	04/16/18	00:53:06	0.4892597695390782	0.4892597695390782	11.23	0.0	3.2291144789579156	3.230092998496994	11.39	-1.78	0.4892597695390782	0.4892597695390782	11.23	0.0	285.0	289.41	635.7	-116.53	0	1
PROTOTYPE	016718	04/16/18	00:53:08	0.4892597695390782	0.4892597695390782	11.22	0.0	3.2291144789579156	3.230092998496994	11.33	-1.51	0.4892597695390782	0.4892597695390782	11.22	0.0	294.0	290.1	695.79	-39.05	0	1
PROTOTYPE	016719	04/16/18	00:53:09	0.4892597695390782	0.4892597695390782	11.23	0.0	3.2291144789579156	3.2291144789579156	11.31	-1.29	0.4892597695390782	0.4892597695390782	11.23	0.0	284.0	289.18	764.6	-153.19	0	1
PROTOTYPE	016720	04/16/18	00:53:10	0.4892597695390782	0.4892597695390782	11.24	0.0	3.2291144789579156	3.2291144789579156	11.3	-1.09	0.4892597695390782	0.4892597695390782	11.24	0.0	293.0	289.76	811.01	-85.21	0	1
PROTOTYPE	016721	04/16/18	00:53:12	0.4892597695390782	0.4892597695390782	11.23	0.0	3.2291144789579156	3.2291144789579156	11.27	-0.93	0.4892597695390782	0.4892597695390782	11.23	0.0	289.0	289.64	741.57	-177.43	0	1
PROTOTYPE	016722	04/16/18	00:53:13	0.4892597695390782	0.4892597695390782	11.22	0.0	3.2291144789579156	3.2291144789579156	11.25	-0.79	0.4892597695390782	0.4892597695390782	11.22	0.0	288.0	289.4	684.98	-120.82	0	1
PROTOTYPE	016723	04/16/18	00:53:15	0.4892597695390782	0.4892597695390782	11.21	0.0	3.2291144789579156	3.2291144789579156	11.23	-0.67	0.4892597695390782	0.4892597695390782	11.21	0.0	273.0	286.94	775.01	-522.69	0	1
PROTOTYPE	016724	04/16/18	00:53:16	0.4892597695390782	0.4892597695390782	11.2	0.0	3.2291144789579156	3.2291144789579156	11.21	-0.57	0.4892597695390782	0.4892597695390782	11.2	0.0	272.0	284.7	801.6	-549.29	0	1
PROTOTYPE	016725	04/16/18	00:53:17	0.4892597695390782	0.4892597695390782	11.18	0.0	3.2291144789579156	3.2291144789579156	11.19	-0.49	0.4892597695390782	0.4892597695390782	11.18	0.0	298.0	286.69	923.3	-271.9	0	1
PROTOTYPE	016726	04/16/18	00:53:19	0.4892597695390782	0.4892597695390782	11.2	0.0	3.2291144789579156	3.2291144789579156	11.21	-0.41	0.4892597695390782	0.4892597695390782	11.2	0.0	278.0	285.39	984.85	-471.11	0	1
PROTOTYPE	016727	04/16/18	00:53:20	0.4892597695390782	0.4892597695390782	11.23	0.0	3.2291144789579156	3.2291144789579156	11.23	-0.35	0.4892597695390782	0.4892597695390782	11.23	0.0	287.0	285.63	917.56	-355.44	0	1
PROTOTYPE	016728	04/16/18	00:53:22	0.4892597695390782	0.4892597695390782	11.22	0.0	3.2291144789579156	3.2291144789579156	11.22	-0.3	0.4892597695390782	0.4892597695390782	11.22	0.0	296.0	287.19	1015.87	-257.13	0	1
PROTOTYPE	016729	04/16/18	00:53:23	0.4892597695390782	0.4892597695390782	11.23	0.0	3.2291144789579156	3.2291144789579156	11.23	-0.25	0.4892597695390782	0.4892597695390782	11.23	0.0	294.0	288.21	1106.65	-143.56	0	1
PROTOTYPE	016730	04/16/18	00:53:24	0.4892597695390782	0.4892597695390782	11.24	0.0	3.2291144789579156	3.2291144789579156	11.24	-0.22	0.4892597695390782	0.4892597695390782	11.24	0.0	285.0	287.73	1130.1	-167.02	0	1
PROTOTYPE	016731	04/16/18	00:53:26	0.4892597695390782	0.4892597695390782	11.25	0.0	3.2291144789579156	3.2291144789579156	11.25	-0.18	0.4892597695390782	0.4892597695390782	11.25	0.0	289.0	287.92	903.3	98.03	0	1
PROTOTYPE	016732	04/16/18	00:53:27	0.4892597695390782	0.4892597695390782	11.26	0.0	3.2291144789579156	3.2291144789579156	11.26	-0.16	0.4892597695390782	0.4892597695390782	11.26	0.0	302.0	290.03	890.47	533.32	0	1
PROTOTYPE	016733	04/16/18	00:53:29	0.4892597695390782	0.4892597695390782	11.26	0.0	3.2291144789579156	3.2291144789579156	11.26	-0.13	0.4892597695390782	0.4892597695390782	11.26	0.0	291.0	290.18	705.53	348.33	0	1
PROTOTYPE	016734	04/16/18	00:53:30	0.4892597695390782	0.4892597695390782	11.26	0.0	3.2291144789579156	3.2291144789579156	11.26	-0.11	0.4892597695390782	0.4892597695390782	11.26	0.0	287.0	289.7	622.8	431.08	0	1
PROTOTYPE	016735	04/16/18	00:53:31	0.4892597695390782	0.4892597695390782	11.24	0.0	3.2291144789579156	3.2291144789579156	11.24	-0.1	0.4892597695390782	0.4892597695390782	11.24	0.0	294.0	290.34	663.11	471.42	0	1
PROTOTYPE	016736	04/16/18	00:53:33	0.4892597695390782	0.4892597695390782	11.24	0.0	3.2291144789579156	3.2291144789579156	11.24	-0.08	0.4892597695390782	0.4892597695390782	11.24	0.0	293.0	290.74	547.41	355.7	0	1
PROTOTYPE	016737	04/16/18	00:53:34	0.4892597695390782	0.4892597695390782	11.25	0.0	3.2291144789579156	3.2291144789579156	11.25	-0.07	0.4892597695390782	0.4892597695390782	11.25	0.0	287.0	290.18	501.35	197.35	0	1
PROTOTYPE	016738	04/16/18	00:53:36	0.4892597695390782	0.4892597695390782	11.24	0.0	3.2291144789579156	3.2291144789579156	11.24	-0.06	0.4892597695390782	0.4892597695390782	11.24	0.0	293.0	290.6	495.51	287.75	0	1
PROTOTYPE	016739	04/16/18	00:53:37	0.4892597695390782	0.4892597695390782	11.25	0.0	3.2291144789579156	3.2291144789579156	11.25	-0.05	0.4892597695390782	0.4892597695390782	11.25	0.0	292.0	290.81	497.35	289.58	0	1
PROTOTYPE	016740	04/16/18	00:53:39	0.4892597695390782	0.4892597695390782	11.26	0.0	3.2291144789579156	3.2291144789579156	11.26	-0.04	0.4892597695390782	0.4892597695390782	11.26	0.0	289.0	290.54	313.35	51.15	0	1
PROTOTYPE	016741	04/16/18	00:53:40	0.4892597695390782	0.4892597695390782	11.26	0.0	3.2291144789579156	3.2291144789579156	11.26	-0.04	0.4892597695390782	0.4892597695390782	11.26	0.0	302.0	292.26	470.61	208.47	0	1
PROTOTYPE	016742	04/16/18	00:53:41	0.4892597695390782	0.4892597695390782	11.24	0.0	3.2291144789579156	3.2291144789579156	11.24	-0.03	0.4892597695390782	0.4892597695390782	11.24	0.0	288.0	291.62	486.88	192.2	0	1
PROTOTYPE	016743	04/16/18	00:53:43	0.4892597695390782	0.4892597695390782	11.22	0.0	3.2291144789579156	3.2291144789579156	11.22	-0.03	0.4892597695390782	0.4892597695390782	11.22	0.0	293.0	291.83	443.08	148.37	0	1
PROTOTYPE	016744	04/16/18	00:53:44	0.4892597695390782	0.4892597695390782	11.22	0.0	3.2291144789579156	3.2291144789579156	11.22	-0.02	0.4892597695390782	0.4892597695390782	11.22	0.0	290.0	291.55	430.67	81.12	0	1
PROTOTYPE	016745	04/16/18	00:53:46	0.4892597695390782	0.4892597695390782	11.21	0.0	3.2291144789579156	3.2291144789579156	11.21	-0.02	0.4892597695390782	0.4892597695390782	11.21	0.0	279.0	289.67	562.83	-51.05	0	1
PROTOTYPE	016746	04/16/18	00:53:47	0.4892597695390782	0.4892597695390782	11.2	0.0	3.2291144789579156	3.2291144789579156	11.2	-0.02	0.4892597695390782	0.4892597695390782	11.2	0.0	299.0	291.07	660.47	46.61	0	1
PROTOTYPE	016747	04/16/18	00:53:48	0.4892597695390782	0.4892597695390782	11.22	0.0	3.2291144789579156	3.2291144789579156	11.22	-0.01	0.4892597695390782	0.4892597695390782	11.22	0.0	273.0	288.36	910.54	-245.38	0	1
PROTOTYPE	016748	04/16/18	00:53:50	0.4892597695390782	0.4892597695390782	11.22	0.0	3.2291144789579156	3.2291144789579156	11.22	-0.01	0.4892597695390782	0.4892597695390782	11.22	0.0	298.0	289.81	1027.91	-73.58	0	1
PROTOTYPE	016749	04/16/18	00:53:51	0.4892597695390782	0.4892597695390782	11.24	0.0	3.2291144789579156	3.2291144789579156	11.24	-0.01	0.4892597695390782	0.4892597695390782	11.24	0.0	290.0	289.83	859.27	-242.54	0	1
PROTOTYPE	016750	04/16/18	00:53:53	0.4892597695390782	0.4892597695390782	11.28	0.0	3.2291144789579156	3.2291144789579156	11.28	-0.01	0.4892597695390782	0.4892597695390782	11.28	0.0	296.0	290.76	887.84	-86.16	0	1
PROTOTYPE	016751	04/16/18	00:53:54	0.4892597695390782	0.4892597695390782	11.28	0.0	3.2291144789579156	3.2291144789579156	11.28	-0.01	0.4892597695390782	0.4892597695390782	11.28	0.0	291.0	290.8	870.98	-103.24	0	1
PROTOTYPE	016752	04/16/18	00:53:55	0.4892597695390782	0.4892597695390782	11.26	0.0	3.2291144789579156	3.2291144789579156	11.26	-0.01	0.4892597695390782	0.4892597695390782	11.26	0.0	292.0	290.98	861.64	-57.75	0	1
PROTOTYPE	016753	04/16/18	00:53:57	0.4892597695390782	0.4892597695390782	11.28	0.0	3.2291144789579156	3.2291144789579156	11.28	-0.01	0.4892597695390782	0.4892597695390782	11.28	0.0	294.0	291.43	718.7	175.91	0	1
PROTOTYPE	016754	04/16/18	00:53:58	0.4892597695390782	0.4892597695390782	11.28	0.0	3.2291144789579156	3.2291144789579156	11.28	-0.0	0.4892597695390782	0.4892597695390782	11.28	0.0	274.0	288.82	840.21	-225.47	0	1
PROTOTYPE	016755	04/16/18	00:54:00	0.4892597695390782	0.4892597695390782	11.26	0.0	3.2291144789579156	3.2291144789579156	11.26	-0.0	0.4892597695390782	0.4892597695390782	11.26	0.0	281.0	287.64	686.39	-71.65	0	1
PROTOTYPE	016756	04/16/18	00:54:01	0.4892597695390782	0.4892597695390782	11.25	0.0	3.2291144789579156	3.2291144789579156	11.25	-0.0	0.4892597695390782	0.4892597695390782	11.25	0.0	281.0	286.65	641.44	-315.91	0	1
PROTOTYPE	016757	04/16/18	00:54:02	0.4892597695390782	0.4892597695390782	11.24	0.0	3.2291144789579156	3.2291144789579156	11.24	-0.0	0.4892597695390782	0.4892597695390782	11.24	0.0	289.0	287.0	673.53	-283.52	0	1
PROTOTYPE	016758	04/16/18	00:54:04	0.4892597695390782	0.4892597695390782	11.22	0.0	3.2291144789579156	3.2291144789579156	11.22	-0.0	0.4892597695390782	0.4892597695390782	11.22	0.0	297.0	288.5	731.05	-225.99	0	1
PROTOTYPE	016759	04/16/18	00:54:05	0.4892597695390782	0.4892597695390782	11.21	0.0	3.2291144789579156	3.2291144789579156	11.21	-0.0	0.4892597695390782	0.4892597695390782	11.21	0.0	290.0	288.72	749.73	-207.09	0	1
PROTOTYPE	016760	04/16/18	00:54:07	0.4892597695390782	0.4892597695390782	11.21	0.0	3.2291144789579156	3.2291144789579156	11.21	-0.0	0.4892597695390782	0.4892597695390782	11.21	0.0	295.0	289.67	825.75	-131.03	0	1
PROTOTYPE	016761	04/16/18	00:54:08	0.4892597695390782	0.4892597695390782	11.2	0.0	3.2291144789579156	3.2291144789579156	11.2	-0.0	0.4892597695390782	0.4892597695390782	11.2	0.0	288.0	289.42	805.4	-201.37	0	1
PROTOTYPE	016762	04/16/18	00:54:09	0.4892597695390782	0.4892597695390782	11.2	0.0	3.2291144789579156	3.2291144789579156	11.2	-0.0	0.4892597695390782	0.4892597695390782	11.2	0.0	289.0	289.35	550.35	53.83	0	1
PROTOTYPE	016763	04/16/18	00:54:11	0.4892597695390782	0.4892597695390782	11.19	0.0	3.2291144789579156	3.2291144789579156	11.19	-0.0	0.4892597695390782	0.4892597695390782	11.19	0.0	293.0	289.9	487.82	225.76	0	1
PROTOTYPE	016764	04/16/18	00:54:12	0.4892597695390782	0.4892597695390782	11.18	0.0	3.2291144789579156	3.2291144789579156	11.18	-0.0	0.4892597695390782	0.4892597695390782	11.18	0.0	287.0	289.47	431.7	281.89	0	1
PROTOTYPE	016765	04/16/18	00:54:14	0.4892597695390782	0.4892597695390782	11.17	0.0	3.2291144789579156	3.2291144789579156	11.17	-0.0	0.4892597695390782	0.4892597695390782	11.17	0.0	295.0	290.3	479.4	329.61	0	1
PROTOTYPE	016766	04/16/18	00:54:15	0.4892597695390782	0.4892597695390782	11.18	0.0	3.2291144789579156	3.2291144789579156	11.18	-0.0	0.4892597695390782	0.4892597695390782	11.18	0.0	293.0	290.7	369.97	220.17	0	1
