Dev_id	Index	Date	Time	Sensor1	Sensor1_Filter	Sensor1_LL	Sensor1_Diff	Sensor2	Sensor2_Filter	Sensor2_LL	Sensor2_Diff	Sensor3	Sensor3_Filter	Sensor3_LL	Sensor3_Diff	Sensor4	Sensor4_Filter	Sensor4_LL	Sensor4_Diff	Heater_Status	FSM_Status
PROTOTYPE	008967	04/15/18	21:51:08	0.4892597695390782	0.4892597695390782	11.21	0.0	4.01193011022044	4.01193011022044	11.29	1.29	0.4892597695390782	0.4892597695390782	11.21	0.0	291.0	291.92	314.32	65.31	0	1
PROTOTYPE	008968	04/15/18	21:51:10	0.4892597695390782	0.4892597695390782	11.21	0.0	4.01193011022044	4.01193011022044	11.27	1.1	0.4892597695390782	0.4892597695390782	11.21	0.0	283.0	290.58	429.07	-49.48	0	1
PROTOTYPE	008969	04/15/18	21:51:11	0.4892597695390782	0.4892597695390782	11.22	0.0	4.01193011022044	4.01193011022044	11.26	0.93	0.4892597695390782	0.4892597695390782	11.22	0.0	279.0	288.84	528.86	-297.06	0	1
PROTOTYPE	008970	04/15/18	21:51:13	0.4892597695390782	0.4892597695390782	11.25	0.0	4.01193011022044	4.01193011022044	11.28	0.79	0.4892597695390782	0.4892597695390782	11.25	0.0	286.0	288.42	559.24	-327.5	0	1
PROTOTYPE	008971	04/15/18	21:51:14	0.4892597695390782	0.4892597695390782	11.28	0.0	4.01193011022044	4.01193011022044	11.3	0.67	0.4892597695390782	0.4892597695390782	11.28	0.0	294.0	289.25	602.63	-203.38	0	1
PROTOTYPE	008972	04/15/18	21:51:15	0.4892597695390782	0.4892597695390782	11.27	0.0	4.01193011022044	4.01193011022044	11.28	0.57	0.4892597695390782	0.4892597695390782	11.27	0.0	288.0	289.07	550.78	-292.87	0	1
PROTOTYPE	008973	04/15/18	21:51:17	0.4892597695390782	0.4892597695390782	11.26	0.0	4.01193011022044	4.01193011022044	11.27	0.49	0.4892597695390782	0.4892597695390782	11.26	0.0	302.0	291.01	699.69	-143.94	0	1
PROTOTYPE	008974	04/15/18	21:51:18	0.4892597695390782	0.4892597695390782	11.28	0.0	4.01193011022044	4.01193011022044	11.29	0.41	0.4892597695390782	0.4892597695390782	11.28	0.0	289.0	290.7	693.11	-137.35	0	1
PROTOTYPE	008975	04/15/18	21:51:20	0.4892597695390782	0.4892597695390782	11.26	0.0	4.01193011022044	4.01193011022044	11.26	0.35	0.4892597695390782	0.4892597695390782	11.26	0.0	292.0	290.9	696.35	-101.75	0	1
PROTOTYPE	008976	04/15/18	21:51:21	0.4892597695390782	0.4892597695390782	11.27	0.0	3.9140781563126255	3.997252317134269	24.91	-14.7	0.4892597695390782	0.4892597695390782	11.27	0.0	294.0	291.36	609.13	78.52	0	1
PROTOTYPE	008977	04/15/18	21:51:22	0.4892597695390782	0.4892597695390782	11.27	0.0	4.01193011022044	3.9992093562124245	26.17	-12.5	0.4892597695390782	0.4892597695390782	11.27	0.0	290.0	291.16	455.95	231.74	0	1
PROTOTYPE	008978	04/15/18	21:51:24	0.4892597695390782	0.4892597695390782	11.25	0.0	4.01193011022044	4.001166395290581	27.13	-10.62	0.4892597695390782	0.4892597695390782	11.25	0.0	284.0	290.09	520.7	166.98	0	1
PROTOTYPE	008979	04/15/18	21:51:25	0.4892597695390782	0.4892597695390782	11.23	0.0	4.01193011022044	4.003123434368737	27.86	-9.03	0.4892597695390782	0.4892597695390782	11.23	0.0	287.0	289.62	483.23	36.93	0	1
PROTOTYPE	008980	04/15/18	21:51:27	0.4892597695390782	0.4892597695390782	11.24	0.0	4.01193011022044	4.004101953907816	28.45	-7.67	0.4892597695390782	0.4892597695390782	11.24	0.0	302.0	291.48	650.04	241.39	0	1
PROTOTYPE	008981	04/15/18	21:51:28	0.4892597695390782	0.4892597695390782	11.25	0.0	4.01193011022044	4.005080473446894	28.89	-6.52	0.4892597695390782	0.4892597695390782	11.25	0.0	303.0	293.21	628.83	220.18	0	1
PROTOTYPE	008982	04/15/18	21:51:29	0.4892597695390782	0.4892597695390782	11.23	0.0	4.01193011022044	4.006058992985971	29.19	-5.54	0.4892597695390782	0.4892597695390782	11.23	0.0	288.0	292.43	676.84	172.16	0	1
PROTOTYPE	008983	04/15/18	21:51:31	0.4892597695390782	0.4892597695390782	11.22	0.0	4.01193011022044	4.00703751252505	29.42	-4.71	0.4892597695390782	0.4892597695390782	11.22	0.0	284.0	291.16	783.76	26.33	0	1
PROTOTYPE	008984	04/15/18	21:51:32	0.4892597695390782	0.4892597695390782	11.22	0.0	4.01193011022044	4.008016032064129	15.96	10.99	0.4892597695390782	0.4892597695390782	11.22	0.0	276.0	288.89	964.67	-247.62	0	1
PROTOTYPE	008985	04/15/18	21:51:34	0.4892597695390782	0.4892597695390782	11.21	0.0	4.01193011022044	4.008016032064129	14.82	9.34	0.4892597695390782	0.4892597695390782	11.21	0.0	282.0	287.85	1047.49	-330.48	0	1
PROTOTYPE	008986	04/15/18	21:51:35	0.4892597695390782	0.4892597695390782	11.24	0.0	4.01193011022044	4.008994551603206	13.96	7.94	0.4892597695390782	0.4892597695390782	11.24	0.0	288.0	287.88	942.69	-220.9	0	1
PROTOTYPE	008987	04/15/18	21:51:37	0.4892597695390782	0.4892597695390782	11.24	0.0	4.01193011022044	4.008994551603206	13.28	6.75	0.4892597695390782	0.4892597695390782	11.24	0.0	284.0	287.3	954.55	-232.77	0	1
PROTOTYPE	008988	04/15/18	21:51:38	0.4892597695390782	0.4892597695390782	11.25	0.0	4.01193011022044	4.0099730711422845	12.76	5.74	0.4892597695390782	0.4892597695390782	11.25	0.0	297.0	288.75	914.46	-272.85	0	1
PROTOTYPE	008989	04/15/18	21:51:39	0.4892597695390782	0.4892597695390782	11.24	0.0	4.01193011022044	4.0099730711422845	12.36	4.88	0.4892597695390782	0.4892597695390782	11.24	0.0	290.0	288.94	760.44	-426.93	0	1
PROTOTYPE	008990	04/15/18	21:51:41	0.4892597695390782	0.4892597695390782	11.27	0.0	4.01193011022044	4.0099730711422845	12.09	4.15	0.4892597695390782	0.4892597695390782	11.27	0.0	286.0	288.5	726.41	-392.89	0	1
PROTOTYPE	008991	04/15/18	21:51:42	0.4892597695390782	0.4892597695390782	11.28	0.0	4.01193011022044	4.010951590681363	11.88	3.52	0.4892597695390782	0.4892597695390782	11.28	0.0	296.0	289.62	712.55	-153.95	0	1
PROTOTYPE	008992	04/15/18	21:51:44	0.4892597695390782	0.4892597695390782	11.29	0.0	4.01193011022044	4.010951590681363	11.73	3.0	0.4892597695390782	0.4892597695390782	11.29	0.0	291.0	289.83	505.82	94.14	0	1
PROTOTYPE	008993	04/15/18	21:51:45	0.4892597695390782	0.4892597695390782	11.31	0.0	4.01193011022044	4.010951590681363	11.63	2.55	0.4892597695390782	0.4892597695390782	11.31	0.0	302.0	291.66	585.05	380.02	0	1
PROTOTYPE	008994	04/15/18	21:51:46	0.4892597695390782	0.4892597695390782	11.3	0.0	4.01193011022044	4.010951590681363	11.53	2.16	0.4892597695390782	0.4892597695390782	11.3	0.0	286.0	290.81	667.29	293.02	0	1
PROTOTYPE	008995	04/15/18	21:51:48	0.4892597695390782	0.4892597695390782	11.29	0.0	4.01193011022044	4.010951590681363	11.46	1.84	0.4892597695390782	0.4892597695390782	11.29	0.0	288.0	290.39	651.24	309.06	0	1
PROTOTYPE	008996	04/15/18	21:51:49	0.4892597695390782	0.4892597695390782	11.29	0.0	4.01193011022044	4.010951590681363	11.41	1.56	0.4892597695390782	0.4892597695390782	11.29	0.0	293.0	290.78	544.9	202.7	0	1
PROTOTYPE	008997	04/15/18	21:51:51	0.4892597695390782	0.4892597695390782	11.3	0.0	4.01193011022044	4.01193011022044	11.39	1.33	0.4892597695390782	0.4892597695390782	11.3	0.0	291.0	290.81	529.73	187.3	0	1
PROTOTYPE	008998	04/15/18	21:51:52	0.4892597695390782	0.4892597695390782	11.27	0.0	4.01193011022044	4.01193011022044	11.33	1.13	0.4892597695390782	0.4892597695390782	11.27	0.0	300.0	292.19	623.47	369.2	0	1
PROTOTYPE	008999	04/15/18	21:51:53	0.4892597695390782	0.4892597695390782	11.27	0.0	4.01193011022044	4.01193011022044	11.31	0.96	0.4892597695390782	0.4892597695390782	11.27	0.0	287.0	291.41	588.78	178.82	0	1
PROTOTYPE	009000	04/15/18	21:51:55	0.4892597695390782	0.4892597695390782	11.26	0.0	4.01193011022044	4.01193011022044	11.29	0.82	0.4892597695390782	0.4892597695390782	11.26	0.0	286.0	290.6	649.26	77.0	0	1
PROTOTYPE	009001	04/15/18	21:51:56	0.4892597695390782	0.4892597695390782	11.25	0.0	4.01193011022044	4.01193011022044	11.27	0.69	0.4892597695390782	0.4892597695390782	11.25	0.0	299.0	291.86	592.71	20.45	0	1
PROTOTYPE	009002	04/15/18	21:51:58	0.4892597695390782	0.4892597695390782	11.23	0.0	4.01193011022044	4.01193011022044	11.25	0.59	0.4892597695390782	0.4892597695390782	11.23	0.0	284.0	290.68	625.77	-12.62	0	1
PROTOTYPE	009003	04/15/18	21:51:59	0.4892597695390782	0.4892597695390782	11.24	0.0	4.01193011022044	4.01193011022044	11.25	0.5	0.4892597695390782	0.4892597695390782	11.24	0.0	297.0	291.63	678.45	124.27	0	1
PROTOTYPE	009004	04/15/18	21:52:00	0.4892597695390782	0.4892597695390782	11.23	0.0	4.01193011022044	4.01193011022044	11.24	0.43	0.4892597695390782	0.4892597695390782	11.23	0.0	295.0	292.13	689.8	135.63	0	1
PROTOTYPE	009005	04/15/18	21:52:02	0.4892597695390782	0.4892597695390782	11.23	0.0	4.01193011022044	4.01193011022044	11.23	0.36	0.4892597695390782	0.4892597695390782	11.23	0.0	287.0	291.36	763.21	55.29	0	1
PROTOTYPE	009006	04/15/18	21:52:03	0.4892597695390782	0.4892597695390782	11.23	0.0	4.01193011022044	4.01193011022044	11.23	0.31	0.4892597695390782	0.4892597695390782	11.23	0.0	296.0	292.06	694.92	-13.0	0	1
PROTOTYPE	009007	04/15/18	21:52:05	0.4892597695390782	0.4892597695390782	11.25	0.0	4.01193011022044	4.01193011022044	11.25	0.26	0.4892597695390782	0.4892597695390782	11.25	0.0	296.0	292.65	676.19	123.95	0	1
PROTOTYPE	009008	04/15/18	21:52:06	0.4892597695390782	0.4892597695390782	11.25	0.0	4.01193011022044	4.01193011022044	11.25	0.22	0.4892597695390782	0.4892597695390782	11.25	0.0	294.0	292.85	615.31	225.35	0	1
PROTOTYPE	009009	04/15/18	21:52:07	0.4892597695390782	0.4892597695390782	11.24	0.0	4.01193011022044	4.01193011022044	11.24	0.19	0.4892597695390782	0.4892597695390782	11.24	0.0	291.0	292.58	517.12	71.55	0	1
PROTOTYPE	009010	04/15/18	21:52:09	0.4892597695390782	0.4892597695390782	11.25	0.0	4.01193011022044	4.01193011022044	11.25	0.16	0.4892597695390782	0.4892597695390782	11.25	0.0	300.0	293.69	510.6	300.82	0	1
PROTOTYPE	009011	04/15/18	21:52:10	0.4892597695390782	0.4892597695390782	11.26	0.0	4.01193011022044	4.01193011022044	11.26	0.14	0.4892597695390782	0.4892597695390782	11.26	0.0	288.0	292.84	501.14	120.7	0	1
PROTOTYPE	009012	04/15/18	21:52:12	0.4892597695390782	0.4892597695390782	11.28	0.0	4.01193011022044	4.01193011022044	11.28	0.12	0.4892597695390782	0.4892597695390782	11.28	0.0	286.0	291.81	553.09	-32.41	0	1
PROTOTYPE	009013	04/15/18	21:52:13	0.4892597695390782	0.4892597695390782	11.26	0.0	4.01193011022044	4.01193011022044	11.26	0.1	0.4892597695390782	0.4892597695390782	11.26	0.0	294.0	292.14	508.94	77.45	0	1
PROTOTYPE	009014	04/15/18	21:52:15	0.4892597695390782	0.4892597695390782	11.26	0.0	4.01193011022044	4.01193011022044	11.26	0.08	0.4892597695390782	0.4892597695390782	11.26	0.0	289.0	291.67	486.49	-39.17	0	1
PROTOTYPE	009015	04/15/18	21:52:16	0.4892597695390782	0.4892597695390782	11.25	0.0	4.01193011022044	4.01193011022044	11.25	0.07	0.4892597695390782	0.4892597695390782	11.25	0.0	290.0	291.42	452.42	-123.29	0	1
PROTOTYPE	009016	04/15/18	21:52:17	0.4892597695390782	0.4892597695390782	11.24	0.0	4.01193011022044	4.01193011022044	11.24	0.06	0.4892597695390782	0.4892597695390782	11.24	0.0	281.0	289.86	588.4	-299.8	0	1
PROTOTYPE	009017	04/15/18	21:52:19	0.4892597695390782	0.4892597695390782	11.26	0.0	4.01193011022044	4.01193011022044	11.26	0.05	0.4892597695390782	0.4892597695390782	11.26	0.0	286.0	289.28	618.42	-329.83	0	1
PROTOTYPE	009018	04/15/18	21:52:20	0.4892597695390782	0.4892597695390782	11.24	0.0	4.01193011022044	4.01193011022044	11.24	0.04	0.4892597695390782	0.4892597695390782	11.24	0.0	280.0	287.89	646.19	-580.35	0	1
PROTOTYPE	009019	04/15/18	21:52:22	0.4892597695390782	0.4892597695390782	11.22	0.0	4.01193011022044	4.01193011022044	11.22	0.04	0.4892597695390782	0.4892597695390782	11.22	0.0	294.0	288.8	652.58	-403.3	0	1
PROTOTYPE	009020	04/15/18	21:52:23	0.4892597695390782	0.4892597695390782	11.23	0.0	4.01193011022044	4.01193011022044	11.23	0.03	0.4892597695390782	0.4892597695390782	11.23	0.0	287.0	288.53	577.11	-327.81	0	1
PROTOTYPE	009021	04/15/18	21:52:24	0.4892597695390782	0.4892597695390782	11.24	0.0	4.01193011022044	4.01193011022044	11.24	0.03	0.4892597695390782	0.4892597695390782	11.24	0.0	287.0	288.3	567.26	-383.63	0	1
PROTOTYPE	009022	04/15/18	21:52:26	0.4892597695390782	0.4892597695390782	11.23	0.0	4.01193011022044	4.01193011022044	11.23	0.02	0.4892597695390782	0.4892597695390782	11.23	0.0	284.0	287.66	584.71	-401.09	0	1
PROTOTYPE	009023	04/15/18	21:52:27	0.4892597695390782	0.4892597695390782	11.21	0.0	4.01193011022044	4.01193011022044	11.21	0.02	0.4892597695390782	0.4892597695390782	11.21	0.0	295.0	288.76	669.81	-265.93	0	1
PROTOTYPE	009024	04/15/18	21:52:29	0.4892597695390782	0.4892597695390782	11.22	0.0	4.01193011022044	4.01193011022044	11.22	0.02	0.4892597695390782	0.4892597695390782	11.22	0.0	282.0	287.74	614.92	-211.04	0	1
PROTOTYPE	009025	04/15/18	21:52:30	0.4892597695390782	0.4892597695390782	11.2	0.0	4.01193011022044	4.01193011022044	11.2	0.01	0.4892597695390782	0.4892597695390782	11.2	0.0	293.0	288.53	635.92	-74.38	0	1
PROTOTYPE	009026	04/15/18	21:52:31	0.4892597695390782	0.4892597695390782	11.23	0.0	4.01193011022044	4.01193011022044	11.23	0.01	0.4892597695390782	0.4892597695390782	11.23	0.0	294.0	289.35	578.78	146.78	0	1
PROTOTYPE	009027	04/15/18	21:52:33	0.4892597695390782	0.4892597695390782	11.24	0.0	4.01193011022044	4.01193011022044	11.24	0.01	0.4892597695390782	0.4892597695390782	11.24	0.0	292.0	289.75	526.78	94.76	0	1
PROTOTYPE	009028	04/15/18	21:52:34	0.4892597695390782	0.4892597695390782	11.23	0.0	4.01193011022044	4.01193011022044	11.23	0.01	0.4892597695390782	0.4892597695390782	11.23	0.0	290.0	289.79	503.71	125.55	0	1
PROTOTYPE	009029	04/15/18	21:52:36	0.4892597695390782	0.4892597695390782	11.23	0.0	4.01193011022044	4.01193011022044	11.23	0.01	0.4892597695390782	0.4892597695390782	11.23	0.0	298.0	291.02	603.88	271.71	0	1
PROTOTYPE	009030	04/15/18	21:52:37	0.4892597695390782	0.4892597695390782	11.26	0.0	4.01193011022044	4.01193011022044	11.26	0.01	0.4892597695390782	0.4892597695390782	11.26	0.0	294.0	291.47	584.06	380.96	0	1
PROTOTYPE	009031	04/15/18	21:52:38	0.4892597695390782	0.4892597695390782	11.28	0.0	4.01193011022044	4.01193011022044	11.28	0.01	0.4892597695390782	0.4892597695390782	11.28	0.0	291.0	291.4	481.05	263.81	0	1
PROTOTYPE	009032	04/15/18	21:52:40	0.4892597695390782	0.4892597695390782	11.27	0.0	4.01193011022044	4.01193011022044	11.27	0.0	0.4892597695390782	0.4892597695390782	11.27	0.0	300.0	292.69	508.72	494.24	0	1
PROTOTYPE	009033	04/15/18	21:52:41	0.4892597695390782	0.4892597695390782	11.28	0.0	4.01193011022044	4.01193011022044	11.28	0.0	0.4892597695390782	0.4892597695390782	11.28	0.0	290.0	292.28	470.21	375.1	0	1
PROTOTYPE	009034	04/15/18	21:52:43	0.4892597695390782	0.4892597695390782	11.28	0.0	4.01193011022044	4.01193011022044	11.28	0.0	0.4892597695390782	0.4892597695390782	11.28	0.0	293.0	292.39	399.02	303.84	0	1
PROTOTYPE	009035	04/15/18	21:52:44	0.4892597695390782	0.4892597695390782	11.29	0.0	4.01193011022044	4.01193011022044	11.29	0.0	0.4892597695390782	0.4892597695390782	11.29	0.0	287.0	291.58	440.18	183.26	0	1
PROTOTYPE	009036	04/15/18	21:52:45	0.4892597695390782	0.4892597695390782	11.27	0.0	4.01193011022044	4.01193011022044	11.27	0.0	0.4892597695390782	0.4892597695390782	11.27	0.0	300.0	292.85	562.44	305.77	0	1
PROTOTYPE	009037	04/15/18	21:52:47	0.4892597695390782	0.4892597695390782	11.28	0.0	4.01193011022044	4.01193011022044	11.28	0.0	0.4892597695390782	0.4892597695390782	11.28	0.0	283.0	291.37	586.93	34.91	0	1
PROTOTYPE	009038	04/15/18	21:52:48	0.4892597695390782	0.4892597695390782	11.28	0.0	4.01193011022044	4.01193011022044	11.28	0.0	0.4892597695390782	0.4892597695390782	11.28	0.0	298.0	292.36	641.68	89.67	0	1
PROTOTYPE	009039	04/15/18	21:52:50	0.4892597695390782	0.4892597695390782	11.28	0.0	4.01193011022044	4.01193011022044	11.28	0.0	0.4892597695390782	0.4892597695390782	11.28	0.0	286.0	291.41	730.0	1.22	0	1
PROTOTYPE	009040	04/15/18	21:52:51	0.4892597695390782	0.4892597695390782	11.28	0.0	4.01193011022044	4.01193011022044	11.28	0.0	0.4892597695390782	0.4892597695390782	11.28	0.0	296.0	292.1	669.83	-58.96	0	1
PROTOTYPE	009041	04/15/18	21:52:53	0.4892597695390782	0.4892597695390782	11.29	0.0	4.01193011022044	4.01193011022044	11.29	0.0	0.4892597695390782	0.4892597695390782	11.29	0.0	273.0	289.23	915.96	-305.12	0	1
PROTOTYPE	009042	04/15/18	21:52:54	0.4892597695390782	0.4892597695390782	11.28	0.0	4.01193011022044	4.01193011022044	11.28	0.0	0.4892597695390782	0.4892597695390782	11.28	0.0	293.0	289.8	961.65	-259.35	0	1
PROTOTYPE	009043	04/15/18	21:52:55	0.4892597695390782	0.4892597695390782	11.28	0.0	4.01193011022044	4.01193011022044	11.28	0.0	0.4892597695390782	0.4892597695390782	11.28	0.0	295.0	290.58	958.81	-100.45	0	1
PROTOTYPE	009044	04/15/18	21:52:57	0.4892597695390782	0.4892597695390782	11.3	0.0	4.01193011022044	4.01193011022044	11.3	0.0	0.4892597695390782	0.4892597695390782	11.3	0.0	289.0	290.34	856.26	-250.38	0	1
PROTOTYPE	009045	04/15/18	21:52:58	0.4892597695390782	0.4892597695390782	11.31	0.0	4.01193011022044	4.01193011022044	11.31	0.0	0.4892597695390782	0.4892597695390782	11.31	0.0	292.0	290.59	733.49	-77.82	0	1
PROTOTYPE	009046	04/15/18	21:53:00	0.4892597695390782	0.4892597695390782	11.29	0.0	4.01193011022044	4.01193011022044	11.29	0.0	0.4892597695390782	0.4892597695390782	11.29	0.0	292.0	290.8	655.2	-156.15	0	1
PROTOTYPE	009047	04/15/18	21:53:01	0.4892597695390782	0.4892597695390782	11.3	0.0	4.01193011022044	4.01193011022044	11.3	0.0	0.4892597695390782	0.4892597695390782	11.3	0.0	289.0	290.53	586.81	-87.73	0	1
PROTOTYPE	009048	04/15/18	21:53:02	0.4892597695390782	0.4892597695390782	11.31	0.0	4.1097820641282565	4.026607903306613	24.96	15.0	0.4892597695390782	0.4892597695390782	11.31	0.0	301.0	292.1	674.96	0.43	0	1
PROTOTYPE	009049	04/15/18	21:53:04	0.4892597695390782	0.4892597695390782	11.29	0.0	4.01193011022044	4.024650864228458	26.19	12.75	0.4892597695390782	0.4892597695390782	11.29	0.0	297.0	292.84	461.98	360.37	0	1
PROTOTYPE	009050	04/15/18	21:53:05	0.4892597695390782	0.4892597695390782	11.28	0.0	4.01193011022044	4.0226938251503	27.15	10.84	0.4892597695390782	0.4892597695390782	11.28	0.0	295.0	293.16	437.94	336.31	0	1
PROTOTYPE	009051	04/15/18	21:53:07	0.4892597695390782	0.4892597695390782	11.26	0.0	4.01193011022044	4.020736786072145	27.88	9.21	0.4892597695390782	0.4892597695390782	11.26	0.0	290.0	292.69	407.33	210.87	0	1
PROTOTYPE	009052	04/15/18	21:53:08	0.4892597695390782	0.4892597695390782	11.24	0.0	4.01193011022044	4.019758266533066	28.43	7.83	0.4892597695390782	0.4892597695390782	11.24	0.0	299.0	293.63	478.32	329.24	0	1
PROTOTYPE	009053	04/15/18	21:53:09	0.4892597695390782	0.4892597695390782	11.24	0.0	4.01193011022044	4.018779746993989	28.85	6.66	0.4892597695390782	0.4892597695390782	11.24	0.0	298.0	294.29	518.91	369.85	0	1
PROTOTYPE	009054	04/15/18	21:53:11	0.4892597695390782	0.4892597695390782	11.27	0.0	4.01193011022044	4.0178012274549095	29.2	5.66	0.4892597695390782	0.4892597695390782	11.27	0.0	290.0	293.65	562.07	284.37	0	1
PROTOTYPE	009055	04/15/18	21:53:12	0.4892597695390782	0.4892597695390782	11.27	0.0	4.01193011022044	4.016822707915831	29.43	4.81	0.4892597695390782	0.4892597695390782	11.27	0.0	293.0	293.55	544.79	301.72	0	1
PROTOTYPE	009056	04/15/18	21:53:14	0.4892597695390782	0.4892597695390782	11.26	0.0	4.01193011022044	4.015844188376754	15.94	-10.91	0.4892597695390782	0.4892597695390782	11.26	0.0	299.0	294.37	469.54	226.46	0	1
PROTOTYPE	009057	04/15/18	21:53:15	0.4892597695390782	0.4892597695390782	11.28	0.0	4.01193011022044	4.014865668837675	14.84	-9.28	0.4892597695390782	0.4892597695390782	11.28	0.0	274.0	291.31	701.55	-152.51	0	1
PROTOTYPE	009058	04/15/18	21:53:17	0.4892597695390782	0.4892597695390782	11.27	0.0	4.01193011022044	4.014865668837675	13.95	-7.88	0.4892597695390782	0.4892597695390782	11.27	0.0	293.0	291.56	694.43	-159.63	0	1
PROTOTYPE	009059	04/15/18	21:53:18	0.4892597695390782	0.4892597695390782	11.28	0.0	4.01193011022044	4.014865668837675	13.28	-6.7	0.4892597695390782	0.4892597695390782	11.28	0.0	292.0	291.63	653.67	-105.69	0	1
PROTOTYPE	009060	04/15/18	21:53:19	0.4892597695390782	0.4892597695390782	11.31	0.0	4.01193011022044	4.013887149298598	12.79	-5.7	0.4892597695390782	0.4892597695390782	11.31	0.0	300.0	292.89	684.53	-74.84	0	1
PROTOTYPE	009061	04/15/18	21:53:21	0.4892597695390782	0.4892597695390782	11.28	0.0	4.01193011022044	4.013887149298598	12.38	-4.84	0.4892597695390782	0.4892597695390782	11.28	0.0	284.0	291.55	752.31	-273.61	0	1
PROTOTYPE	009062	04/15/18	21:53:22	0.4892597695390782	0.4892597695390782	11.25	0.0	4.01193011022044	4.013887149298598	12.06	-4.12	0.4892597695390782	0.4892597695390782	11.25	0.0	293.0	291.77	709.72	-187.57	0	1
PROTOTYPE	009063	04/15/18	21:53:24	0.4892597695390782	0.4892597695390782	11.23	0.0	4.01193011022044	4.01290862975952	11.82	-3.5	0.4892597695390782	0.4892597695390782	11.23	0.0	286.0	290.9	786.49	-264.43	0	1
PROTOTYPE	009064	04/15/18	21:53:25	0.4892597695390782	0.4892597695390782	11.23	0.0	4.01193011022044	4.01290862975952	11.66	-2.97	0.4892597695390782	0.4892597695390782	11.23	0.0	287.0	290.32	763.29	-404.77	0	1
PROTOTYPE	009065	04/15/18	21:53:26	0.4892597695390782	0.4892597695390782	11.2	0.0	4.01193011022044	4.01290862975952	11.51	-2.53	0.4892597695390782	0.4892597695390782	11.2	0.0	296.0	291.17	543.02	-14.05	0	1
PROTOTYPE	009066	04/15/18	21:53:28	0.4892597695390782	0.4892597695390782	11.21	0.0	4.01193011022044	4.01290862975952	11.44	-2.15	0.4892597695390782	0.4892597695390782	11.21	0.0	286.0	290.4	595.23	-116.94	0	1
PROTOTYPE	009067	04/15/18	21:53:29	0.4892597695390782	0.4892597695390782	11.2	0.0	4.01193011022044	4.01290862975952	11.36	-1.83	0.4892597695390782	0.4892597695390782	11.2	0.0	301.0	291.99	747.63	35.6	0	1
PROTOTYPE	009068	04/15/18	21:53:31	0.4892597695390782	0.4892597695390782	11.21	0.0	4.01193011022044	4.01290862975952	11.33	-1.55	0.4892597695390782	0.4892597695390782	11.21	0.0	289.0	291.54	666.88	-134.74	0	1
PROTOTYPE	009069	04/15/18	21:53:32	0.4892597695390782	0.4892597695390782	11.21	0.0	4.01193011022044	4.01193011022044	11.3	-1.32	0.4892597695390782	0.4892597695390782	11.21	0.0	292.0	291.61	540.66	5.47	0	1
PROTOTYPE	009070	04/15/18	21:53:33	0.4892597695390782	0.4892597695390782	11.2	0.0	4.01193011022044	4.01193011022044	11.26	-1.12	0.4892597695390782	0.4892597695390782	11.2	0.0	289.0	291.22	558.04	-55.35	0	1
PROTOTYPE	009071	04/15/18	21:53:35	0.4892597695390782	0.4892597695390782	11.21	0.0	4.01193011022044	4.01193011022044	11.25	-0.95	0.4892597695390782	0.4892597695390782	11.21	0.0	294.0	291.63	513.26	72.95	0	1
PROTOTYPE	009072	04/15/18	21:53:36	0.4892597695390782	0.4892597695390782	11.21	0.0	4.01193011022044	4.01193011022044	11.24	-0.81	0.4892597695390782	0.4892597695390782	11.21	0.0	291.0	291.54	464.29	122.01	0	1
PROTOTYPE	009073	04/15/18	21:53:38	0.4892597695390782	0.4892597695390782	11.24	0.0	4.01193011022044	4.01193011022044	11.26	-0.69	0.4892597695390782	0.4892597695390782	11.24	0.0	293.0	291.76	401.02	58.71	0	1
PROTOTYPE	009074	04/15/18	21:53:39	0.4892597695390782	0.4892597695390782	11.25	0.0	4.01193011022044	4.01193011022044	11.27	-0.59	0.4892597695390782	0.4892597695390782	11.25	0.0	292.0	291.79	327.34	139.9	0	1
PROTOTYPE	009075	04/15/18	21:53:40	0.4892597695390782	0.4892597695390782	11.27	0.0	4.1097820641282565	4.026607903306613	24.9	14.5	0.4892597695390782	0.4892597695390782	11.27	0.0	292.0	291.83	171.66	-16.08	0	1
PROTOTYPE	009076	04/15/18	21:53:42	0.4892597695390782	0.4892597695390782	11.24	0.0	4.01193011022044	4.024650864228458	26.14	12.33	0.4892597695390782	0.4892597695390782	11.24	0.0	283.0	290.5	259.23	-103.67	0	1
PROTOTYPE	009077	04/15/18	21:53:43	0.4892597695390782	0.4892597695390782	11.27	0.0	4.01193011022044	4.0226938251503	27.15	10.48	0.4892597695390782	0.4892597695390782	11.27	0.0	290.0	290.43	259.82	-118.12	0	1
PROTOTYPE	009078	04/15/18	21:53:45	0.4892597695390782	0.4892597695390782	11.28	0.0	4.01193011022044	4.020736786072145	27.92	8.91	0.4892597695390782	0.4892597695390782	11.28	0.0	288.0	290.06	257.1	-115.4	0	1
PROTOTYPE	009079	04/15/18	21:53:46	0.4892597695390782	0.4892597695390782	11.28	0.0	4.01193011022044	4.019758266533066	28.49	7.57	0.4892597695390782	0.4892597695390782	11.28	0.0	286.0	289.45	276.27	-218.09	0	1
PROTOTYPE	009080	04/15/18	21:53:47	0.4892597695390782	0.4892597695390782	11.28	0.0	4.01193011022044	4.018779746993989	28.93	6.43	0.4892597695390782	0.4892597695390782	11.28	0.0	294.0	290.13	334.88	-140.38	0	1
PROTOTYPE	009081	04/15/18	21:53:49	0.4892597695390782	0.4892597695390782	11.26	0.0	4.01193011022044	4.0178012274549095	29.23	5.47	0.4892597695390782	0.4892597695390782	11.26	0.0	296.0	291.01	400.9	-74.32	0	1
PROTOTYPE	009082	04/15/18	21:53:50	0.4892597695390782	0.4892597695390782	11.24	0.0	4.01193011022044	4.016822707915831	29.46	4.65	0.4892597695390782	0.4892597695390782	11.24	0.0	293.0	291.31	426.82	-48.17	0	1
PROTOTYPE	009083	04/15/18	21:53:52	0.4892597695390782	0.4892597695390782	11.25	0.0	4.01193011022044	4.015844188376754	16.02	-11.05	0.4892597695390782	0.4892597695390782	11.25	0.0	293.0	291.57	448.78	-25.95	0	1
PROTOTYPE	009084	04/15/18	21:53:53	0.4892597695390782	0.4892597695390782	11.26	0.0	4.01193011022044	4.015844188376754	14.89	-9.39	0.4892597695390782	0.4892597695390782	11.26	0.0	283.0	290.28	444.89	-22.06	0	1
PROTOTYPE	009085	04/15/18	21:53:54	0.4892597695390782	0.4892597695390782	11.24	0.0	4.01193011022044	4.014865668837675	13.98	-7.98	0.4892597695390782	0.4892597695390782	11.24	0.0	292.0	290.54	463.06	11.25	0	1
PROTOTYPE	009086	04/15/18	21:53:56	0.4892597695390782	0.4892597695390782	11.23	0.0	4.01193011022044	4.014865668837675	13.28	-6.78	0.4892597695390782	0.4892597695390782	11.23	0.0	289.0	290.31	449.76	24.57	0	1
PROTOTYPE	009087	04/15/18	21:53:57	0.4892597695390782	0.4892597695390782	11.24	0.0	4.01193011022044	4.013887149298598	12.77	-5.77	0.4892597695390782	0.4892597695390782	11.24	0.0	294.0	290.86	444.21	140.88	0	1
PROTOTYPE	009088	04/15/18	21:53:59	0.4892597695390782	0.4892597695390782	11.24	0.0	4.01193011022044	4.013887149298598	12.37	-4.9	0.4892597695390782	0.4892597695390782	11.24	0.0	282.0	289.53	508.92	-60.25	0	1
PROTOTYPE	009089	04/15/18	21:54:00	0.4892597695390782	0.4892597695390782	11.23	0.0	4.01193011022044	4.013887149298598	12.06	-4.17	0.4892597695390782	0.4892597695390782	11.23	0.0	290.0	289.6	428.09	-141.21	0	1
PROTOTYPE	009090	04/15/18	21:54:01	0.4892597695390782	0.4892597695390782	11.23	0.0	4.01193011022044	4.01290862975952	11.84	-3.54	0.4892597695390782	0.4892597695390782	11.23	0.0	291.0	289.81	419.28	-150.03	0	1
PROTOTYPE	009091	04/15/18	21:54:03	0.4892597695390782	0.4892597695390782	11.2	0.0	4.01193011022044	4.01290862975952	11.64	-3.01	0.4892597695390782	0.4892597695390782	11.2	0.0	292.0	290.14	426.78	-142.53	0	1
PROTOTYPE	009092	04/15/18	21:54:04	0.4892597695390782	0.4892597695390782	11.18	0.0	4.01193011022044	4.01290862975952	11.5	-2.56	0.4892597695390782	0.4892597695390782	11.18	0.0	302.0	291.92	476.19	163.85	0	1
PROTOTYPE	009093	04/15/18	21:54:06	0.4892597695390782	0.4892597695390782	11.19	0.0	4.01193011022044	4.01290862975952	11.42	-2.18	0.4892597695390782	0.4892597695390782	11.19	0.0	288.0	291.33	509.17	79.27	0	1
PROTOTYPE	009094	04/15/18	21:54:07	0.4892597695390782	0.4892597695390782	11.18	0.0	4.01193011022044	4.01290862975952	11.35	-1.85	0.4892597695390782	0.4892597695390782	11.18	0.0	289.0	290.98	521.04	67.38	0	1
PROTOTYPE	009095	04/15/18	21:54:08	0.4892597695390782	0.4892597695390782	11.18	0.0	4.01193011022044	4.01290862975952	11.3	-1.57	0.4892597695390782	0.4892597695390782	11.18	0.0	307.0	293.38	705.92	252.28	0	1
PROTOTYPE	009096	04/15/18	21:54:10	0.4892597695390782	0.4892597695390782	11.17	0.0	4.01193011022044	4.01290862975952	11.26	-1.34	0.4892597695390782	0.4892597695390782	11.17	0.0	285.0	292.13	698.76	259.43	0	1
PROTOTYPE	009097	04/15/18	21:54:11	0.4892597695390782	0.4892597695390782	11.23	0.0	4.01193011022044	4.01193011022044	11.29	-1.14	0.4892597695390782	0.4892597695390782	11.23	0.0	287.0	291.36	768.53	175.52	0	1
PROTOTYPE	009098	04/15/18	21:54:13	0.4892597695390782	0.4892597695390782	11.25	0.0	4.01193011022044	4.01193011022044	11.3	-0.97	0.4892597695390782	0.4892597695390782	11.25	0.0	297.0	292.2	832.17	239.19	0	1
PROTOTYPE	009099	04/15/18	21:54:14	0.4892597695390782	0.4892597695390782	11.26	0.0	4.01193011022044	4.01193011022044	11.29	-0.82	0.4892597695390782	0.4892597695390782	11.26	0.0	288.0	291.57	862.4	143.31	0	1
PROTOTYPE	009100	04/15/18	21:54:16	0.4892597695390782	0.4892597695390782	11.28	0.0	4.01193011022044	4.01193011022044	11.3	-0.7	0.4892597695390782	0.4892597695390782	11.28	0.0	294.0	291.94	720.92	1.82	0	1
PROTOTYPE	009101	04/15/18	21:54:17	0.4892597695390782	0.4892597695390782	11.28	0.0	4.01193011022044	4.01193011022044	11.3	-0.59	0.4892597695390782	0.4892597695390782	11.28	0.0	299.0	293.0	768.06	166.54	0	1
PROTOTYPE	009102	04/15/18	21:54:18	0.4892597695390782	0.4892597695390782	11.3	0.0	4.01193011022044	4.01193011022044	11.31	-0.5	0.4892597695390782	0.4892597695390782	11.3	0.0	304.0	294.65	898.12	366.56	0	1
PROTOTYPE	009103	04/15/18	21:54:20	0.4892597695390782	0.4892597695390782	11.3	0.0	4.1097820641282565	4.026607903306613	24.92	14.57	0.4892597695390782	0.4892597695390782	11.3	0.0	295.0	294.7	663.32	131.58	0	1
PROTOTYPE	009104	04/15/18	21:54:21	0.4892597695390782	0.4892597695390782	11.32	0.0	4.01193011022044	4.024650864228458	26.21	12.39	0.4892597695390782	0.4892597695390782	11.32	0.0	286.0	293.4	668.05	126.84	0	1
PROTOTYPE	009105	04/15/18	21:54:23	0.4892597695390782	0.4892597695390782	11.27	0.0	4.1097820641282565	4.037371618236473	37.9	25.53	0.4892597695390782	0.4892597695390782	11.27	0.0	284.0	291.99	732.07	62.81	0	1
PROTOTYPE	009106	04/15/18	21:54:24	0.4892597695390782	0.4892597695390782	11.26	0.0	4.01193011022044	4.03345754008016	40.62	21.7	0.4892597695390782	0.4892597695390782	11.26	0.0	275.0	289.44	902.22	-276.61	0	1
PROTOTYPE	009107	04/15/18	21:54:25	0.4892597695390782	0.4892597695390782	11.27	0.0	4.1097820641282565	4.045199774549098	51.0	33.44	0.4892597695390782	0.4892597695390782	11.27	0.0	291.0	289.67	862.61	-190.12	0	1
PROTOTYPE	009108	04/15/18	21:54:27	0.4892597695390782	0.4892597695390782	11.26	0.0	4.1097820641282565	4.05498496993988	59.62	43.43	0.4892597695390782	0.4892597695390782	11.26	0.0	285.0	288.97	896.29	-296.6	0	1
PROTOTYPE	009109	04/15/18	21:54:28	0.4892597695390782	0.4892597695390782	11.24	0.0	4.1097820641282565	4.062813126252505	66.77	51.91	0.4892597695390782	0.4892597695390782	11.24	0.0	303.0	291.08	1000.77	-192.11	0	1
PROTOTYPE	009110	04/15/18	21:54:30	0.4892597695390782	0.4892597695390782	11.27	0.0	4.1097820641282565	4.069662763026053	72.69	59.13	0.4892597695390782	0.4892597695390782	11.27	0.0	300.0	292.41	969.59	-223.29	0	1
PROTOTYPE	009111	04/15/18	21:54:31	0.4892597695390782	0.4892597695390782	11.28	0.0	4.1097820641282565	4.075533880260521	63.92	50.26	0.4892597695390782	0.4892597695390782	11.28	0.0	299.0	293.4	1062.91	-129.8	0	1
PROTOTYPE	009112	04/15/18	21:54:32	0.4892597695390782	0.4892597695390782	11.29	0.0	4.1097820641282565	4.081404997494991	66.62	57.72	0.4892597695390782	0.4892597695390782	11.29	0.0	288.0	292.59	1013.44	-80.33	0	1
PROTOTYPE	009113	04/15/18	21:54:34	0.4892597695390782	0.4892597695390782	11.29	0.0	4.01193011022044	4.070641282565131	64.16	34.06	0.4892597695390782	0.4892597695390782	11.29	0.0	290.0	292.2	911.41	21.72	0	1
PROTOTYPE	009114	04/15/18	21:54:35	0.4892597695390782	0.4892597695390782	11.3	0.0	4.1097820641282565	4.076512399799599	66.18	43.95	0.4892597695390782	0.4892597695390782	11.3	0.0	290.0	291.87	689.7	243.46	0	1
PROTOTYPE	009115	04/15/18	21:54:37	0.4892597695390782	0.4892597695390782	11.29	0.0	4.1097820641282565	4.081404997494991	59.7	37.36	0.4892597695390782	0.4892597695390782	11.29	0.0	295.0	292.34	713.15	266.94	0	1
PROTOTYPE	009116	04/15/18	21:54:38	0.4892597695390782	0.4892597695390782	11.31	0.0	4.1097820641282565	4.085319075651303	54.22	31.76	0.4892597695390782	0.4892597695390782	11.31	0.0	283.0	290.94	783.19	196.9	0	1
PROTOTYPE	009117	04/15/18	21:54:40	0.4892597695390782	0.4892597695390782	11.34	0.0	4.1097820641282565	4.089233153807615	49.61	26.99	0.4892597695390782	0.4892597695390782	11.34	0.0	294.0	291.4	618.67	32.37	0	1
PROTOTYPE	009118	04/15/18	21:54:41	0.4892597695390782	0.4892597695390782	11.32	0.0	4.01193011022044	4.077490919338677	54.24	7.94	0.4892597695390782	0.4892597695390782	11.32	0.0	295.0	291.94	538.83	-47.49	0	1
PROTOTYPE	009119	04/15/18	21:54:42	0.4892597695390782	0.4892597695390782	11.3	0.0	4.1097820641282565	4.082383517034068	53.08	6.75	0.4892597695390782	0.4892597695390782	11.3	0.0	290.0	291.65	469.16	-175.37	0	1
PROTOTYPE	009120	04/15/18	21:54:44	0.4892597695390782	0.4892597695390782	11.27	0.0	4.1097820641282565	4.086297595190381	52.1	5.74	0.4892597695390782	0.4892597695390782	11.27	0.0	283.0	290.35	517.85	-224.06	0	1
PROTOTYPE	009121	04/15/18	21:54:45	0.4892597695390782	0.4892597695390782	11.3	0.0	4.1097820641282565	4.090211673346693	45.25	19.88	0.4892597695390782	0.4892597695390782	11.3	0.0	304.0	292.4	683.68	19.55	0	1
PROTOTYPE	009122	04/15/18	21:54:47	0.4892597695390782	0.4892597695390782	11.28	0.0	4.1097820641282565	4.093147231963928	42.41	16.9	0.4892597695390782	0.4892597695390782	11.28	0.0	299.0	293.39	749.64	151.62	0	1
PROTOTYPE	009123	04/15/18	21:54:48	0.4892597695390782	0.4892597695390782	11.28	0.0	4.1097820641282565	4.095104271042084	40.04	14.36	0.4892597695390782	0.4892597695390782	11.28	0.0	291.0	293.03	738.56	68.87	0	1
PROTOTYPE	009124	04/15/18	21:54:49	0.4892597695390782	0.4892597695390782	11.28	0.0	4.01193011022044	4.083362036573146	48.38	-2.79	0.4892597695390782	0.4892597695390782	11.28	0.0	293.0	293.03	599.92	208.54	0	1
PROTOTYPE	009125	04/15/18	21:54:51	0.4892597695390782	0.4892597695390782	11.32	0.0	4.1097820641282565	4.08727611472946	48.79	-2.37	0.4892597695390782	0.4892597695390782	11.32	0.0	295.0	293.32	583.66	192.26	0	1
PROTOTYPE	009126	04/15/18	21:54:53	0.4892597695390782	0.4892597695390782	12.27	0.0	4.1097820641282565	4.090211673346693	41.04	12.98	0.4892597695390782	0.4892597695390782	12.27	0.0	299.0	294.17	614.83	223.42	0	1
PROTOTYPE	009127	04/15/18	21:54:55	0.4892597695390782	0.4892597695390782	12.33	0.0	4.1097820641282565	4.093147231963928	39.24	11.04	0.4892597695390782	0.4892597695390782	12.33	0.0	288.0	293.25	678.32	159.91	0	1
PROTOTYPE	009128	04/15/18	21:54:56	0.4892597695390782	0.4892597695390782	12.36	0.0	4.1097820641282565	4.096082790581162	37.74	9.38	0.4892597695390782	0.4892597695390782	12.36	0.0	291.0	292.91	582.33	255.92	0	1
PROTOTYPE	009129	04/15/18	21:54:58	0.4892597695390782	0.4892597695390782	12.34	0.0	4.01193011022044	4.083362036573146	46.85	-7.03	0.4892597695390782	0.4892597695390782	12.34	0.0	283.0	291.42	526.26	-97.47	0	1
PROTOTYPE	009130	04/15/18	21:54:59	0.4892597695390782	0.4892597695390782	12.36	0.0	4.1097820641282565	4.08727611472946	47.83	-5.97	0.4892597695390782	0.4892597695390782	12.36	0.0	302.0	293.01	585.88	-37.85	0	1
PROTOTYPE	009131	04/15/18	21:55:00	0.4892597695390782	0.4892597695390782	12.37	0.0	4.1097820641282565	4.090211673346693	48.65	-5.08	0.4892597695390782	0.4892597695390782	12.37	0.0	284.0	291.66	685.18	-137.17	0	1
PROTOTYPE	009132	04/15/18	21:55:02	0.4892597695390782	0.4892597695390782	12.35	0.0	4.01193011022044	4.078469438877756	47.89	-4.32	0.4892597695390782	0.4892597695390782	12.35	0.0	295.0	292.16	733.82	-86.59	0	1
PROTOTYPE	009133	04/15/18	21:55:03	0.4892597695390782	0.4892597695390782	12.31	0.0	4.01193011022044	4.068684243486974	53.88	-18.67	0.4892597695390782	0.4892597695390782	12.31	0.0	295.0	292.59	746.8	-73.6	0	1
PROTOTYPE	009134	04/15/18	21:55:05	0.4892597695390782	0.4892597695390782	11.36	0.0	4.01193011022044	4.0598775676352705	58.5	-30.87	0.4892597695390782	0.4892597695390782	11.36	0.0	298.0	293.4	742.82	-77.56	0	1
PROTOTYPE	009135	04/15/18	21:55:06	0.4892597695390782	0.4892597695390782	11.29	0.0	4.01193011022044	4.053027930861724	62.72	-41.24	0.4892597695390782	0.4892597695390782	11.29	0.0	295.0	293.64	674.27	39.07	0	1
PROTOTYPE	009136	04/15/18	21:55:07	0.4892597695390782	0.4892597695390782	11.28	0.0	4.01193011022044	4.047156813627255	66.28	-50.05	0.4892597695390782	0.4892597695390782	11.28	0.0	300.0	294.59	735.96	168.21	0	1
PROTOTYPE	009137	04/15/18	21:55:09	0.4892597695390782	0.4892597695390782	11.3	0.0	4.01193011022044	4.0412856963927855	58.89	-42.54	0.4892597695390782	0.4892597695390782	11.3	0.0	301.0	295.55	683.42	412.98	0	1
PROTOTYPE	009138	04/15/18	21:55:10	0.4892597695390782	0.4892597695390782	11.28	0.0	4.1097820641282565	4.0520494113226455	65.12	-36.16	0.4892597695390782	0.4892597695390782	11.28	0.0	295.0	295.47	533.19	246.03	0	1
PROTOTYPE	009139	04/15/18	21:55:12	0.4892597695390782	0.4892597695390782	11.84	0.0	4.1097820641282565	4.060856087174349	70.49	-30.74	0.4892597695390782	0.4892597695390782	11.84	0.0	298.0	295.85	436.02	419.13	0	1
PROTOTYPE	009140	04/15/18	21:55:14	0.4892597695390782	0.4892597695390782	11.89	0.0	4.1097820641282565	4.0677057239478955	66.04	-11.13	0.4892597695390782	0.4892597695390782	11.89	0.0	303.0	296.92	493.14	476.26	0	1
PROTOTYPE	009141	04/15/18	21:55:15	0.4892597695390782	0.4892597695390782	11.87	0.0	4.01193011022044	4.0598775676352705	64.38	-9.46	0.4892597695390782	0.4892597695390782	11.87	0.0	296.0	296.78	464.43	419.82	0	1
PROTOTYPE	009142	04/15/18	21:55:16	0.4892597695390782	0.4892597695390782	11.87	0.0	4.1097820641282565	4.066727204408818	63.39	6.96	0.4892597695390782	0.4892597695390782	11.87	0.0	294.0	296.37	424.99	296.85	0	1
PROTOTYPE	009143	04/15/18	21:55:18	0.4892597695390782	0.4892597695390782	11.88	0.0	4.1097820641282565	4.073576841182365	62.55	20.92	0.4892597695390782	0.4892597695390782	11.88	0.0	292.0	295.71	466.44	207.32	0	1
PROTOTYPE	009144	04/15/18	21:55:19	0.4892597695390782	0.4892597695390782	11.88	0.0	4.1097820641282565	4.078469438877756	61.85	32.78	0.4892597695390782	0.4892597695390782	11.88	0.0	301.0	296.5	450.34	191.22	0	1
PROTOTYPE	009145	04/15/18	21:55:21	0.4892597695390782	0.4892597695390782	11.85	0.0	4.1097820641282565	4.083362036573146	61.24	42.86	0.4892597695390782	0.4892597695390782	11.85	0.0	290.0	295.53	451.8	-2.46	0	1
PROTOTYPE	009146	04/15/18	21:55:22	0.4892597695390782	0.4892597695390782	11.85	0.0	4.1097820641282565	4.08727611472946	54.95	36.43	0.4892597695390782	0.4892597695390782	11.85	0.0	292.0	295.0	496.34	-47.09	0	1
PROTOTYPE	009147	04/15/18	21:55:23	0.4892597695390782	0.4892597695390782	11.31	0.0	4.1097820641282565	4.091190192885772	49.56	30.97	0.4892597695390782	0.4892597695390782	11.31	0.0	272.0	291.55	803.34	-430.03	0	1
PROTOTYPE	009148	04/15/18	21:55:25	0.4892597695390782	0.4892597695390782	11.28	0.0	4.1097820641282565	4.0941257515030065	45.11	26.32	0.4892597695390782	0.4892597695390782	11.28	0.0	295.0	292.07	747.86	-485.52	0	1
PROTOTYPE	009149	04/15/18	21:55:26	0.4892597695390782	0.4892597695390782	11.28	0.0	4.1097820641282565	4.096082790581162	39.25	37.37	0.4892597695390782	0.4892597695390782	11.28	0.0	287.0	291.31	809.97	-547.7	0	1
PROTOTYPE	009150	04/15/18	21:55:28	0.4892597695390782	0.4892597695390782	11.27	0.0	4.1097820641282565	4.098039829659319	33.94	31.77	0.4892597695390782	0.4892597695390782	11.27	0.0	294.0	291.71	808.6	-465.54	0	1
PROTOTYPE	009151	04/15/18	21:55:29	0.4892597695390782	0.4892597695390782	11.28	0.0	4.1097820641282565	4.099996868737475	29.52	27.0	0.4892597695390782	0.4892597695390782	11.28	0.0	299.0	292.8	852.43	-290.71	0	1
PROTOTYPE	009152	04/15/18	21:55:31	0.4892597695390782	0.4892597695390782	11.29	0.0	4.1097820641282565	4.100975388276552	25.86	22.95	0.4892597695390782	0.4892597695390782	11.29	0.0	292.0	292.68	785.24	-382.1	0	1
PROTOTYPE	009153	04/15/18	21:55:32	0.4892597695390782	0.4892597695390782	11.28	0.0	4.1097820641282565	4.10293242735471	22.82	19.51	0.4892597695390782	0.4892597695390782	11.28	0.0	288.0	291.98	757.93	-354.79	0	1
PROTOTYPE	009154	04/15/18	21:55:33	0.4892597695390782	0.4892597695390782	11.28	0.0	4.1097820641282565	4.103910946893787	20.33	16.58	0.4892597695390782	0.4892597695390782	11.28	0.0	296.0	292.58	765.27	-241.57	0	1
PROTOTYPE	009155	04/15/18	21:55:35	0.4892597695390782	0.4892597695390782	11.24	0.0	4.1097820641282565	4.104889466432866	18.3	14.1	0.4892597695390782	0.4892597695390782	11.24	0.0	289.0	292.05	474.05	49.67	0	1
PROTOTYPE	009156	04/15/18	21:55:36	0.4892597695390782	0.4892597695390782	11.23	0.0	4.1097820641282565	4.105867985971944	16.68	11.98	0.4892597695390782	0.4892597695390782	11.23	0.0	297.0	292.79	496.6	72.22	0	1
PROTOTYPE	009157	04/15/18	21:55:38	0.4892597695390782	0.4892597695390782	11.25	0.0	4.1097820641282565	4.105867985971944	15.42	10.18	0.4892597695390782	0.4892597695390782	11.25	0.0	284.0	291.47	552.42	16.38	0	1
PROTOTYPE	009158	04/15/18	21:55:39	0.4892597695390782	0.4892597695390782	11.25	0.0	4.1097820641282565	4.1068465055110215	14.41	8.66	0.4892597695390782	0.4892597695390782	11.25	0.0	294.0	291.85	549.97	13.93	0	1
PROTOTYPE	009159	04/15/18	21:55:40	0.4892597695390782	0.4892597695390782	11.22	0.0	4.1097820641282565	4.1068465055110215	13.6	7.36	0.4892597695390782	0.4892597695390782	11.22	0.0	284.0	290.67	558.39	-213.16	0	1
PROTOTYPE	009160	04/15/18	21:55:42	0.4892597695390782	0.4892597695390782	11.19	0.0	4.1097820641282565	4.1078250250501	12.97	6.25	0.4892597695390782	0.4892597695390782	11.19	0.0	279.0	288.92	721.34	-376.19	0	1
PROTOTYPE	009161	04/15/18	21:55:43	0.4892597695390782	0.4892597695390782	11.22	0.0	4.1097820641282565	4.1078250250501	12.54	5.32	0.4892597695390782	0.4892597695390782	11.22	0.0	298.0	290.28	787.24	-169.76	0	1
PROTOTYPE	009162	04/15/18	21:55:45	0.4892597695390782	0.4892597695390782	11.23	0.0	4.1097820641282565	4.1078250250501	12.2	4.52	0.4892597695390782	0.4892597695390782	11.23	0.0	290.0	290.24	731.43	-234.3	0	1
PROTOTYPE	009163	04/15/18	21:55:46	0.4892597695390782	0.4892597695390782	11.23	0.0	4.1097820641282565	4.108803544589179	11.94	3.84	0.4892597695390782	0.4892597695390782	11.23	0.0	289.0	290.05	696.31	-199.15	0	1
PROTOTYPE	009164	04/15/18	21:55:47	0.4892597695390782	0.4892597695390782	11.23	0.0	4.1097820641282565	4.108803544589179	11.75	3.26	0.4892597695390782	0.4892597695390782	11.23	0.0	291.0	290.2	636.24	-259.28	0	1
PROTOTYPE	009165	04/15/18	21:55:49	0.4892597695390782	0.4892597695390782	11.2	0.0	4.1097820641282565	4.108803544589179	11.58	2.78	0.4892597695390782	0.4892597695390782	11.2	0.0	290.0	290.17	507.66	-130.39	0	1
PROTOTYPE	009166	04/15/18	21:55:50	0.4892597695390782	0.4892597695390782	11.2	0.0	4.1097820641282565	4.108803544589179	11.48	2.36	0.4892597695390782	0.4892597695390782	11.2	0.0	286.0	289.54	532.22	-230.83	0	1
