Dev_id	Index	Date	Time	Sensor1	Sensor1_Filter	Sensor1_LL	Sensor1_Diff	Sensor2	Sensor2_Filter	Sensor2_LL	Sensor2_Diff	Sensor3	Sensor3_Filter	Sensor3_LL	Sensor3_Diff	Sensor4	Sensor4_Filter	Sensor4_LL	Sensor4_Diff	Heater_Status	FSM_Status
PROTOTYPE	006167	04/15/18	20:45:25	0.4892597695390782	0.4892597695390782	11.24	0.0	4.69689378757515	4.69689378757515	11.24	-0.05	0.4892597695390782	0.4892597695390782	11.24	0.0	292.0	290.32	457.5	-155.89	0	1
PROTOTYPE	006168	04/15/18	20:45:26	0.4892597695390782	0.4892597695390782	11.22	0.0	4.69689378757515	4.69689378757515	11.22	-0.05	0.4892597695390782	0.4892597695390782	11.22	0.0	295.0	291.02	424.57	17.49	0	1
PROTOTYPE	006169	04/15/18	20:45:28	0.4892597695390782	0.4892597695390782	11.2	0.0	4.599041833667335	4.6822159944889785	24.87	-15.04	0.4892597695390782	0.4892597695390782	11.2	0.0	287.0	290.42	397.2	44.87	0	1
PROTOTYPE	006170	04/15/18	20:45:29	0.4892597695390782	0.4892597695390782	11.2	0.0	4.69689378757515	4.684173033567133	26.12	-12.78	0.4892597695390782	0.4892597695390782	11.2	0.0	290.0	290.35	358.13	-6.86	0	1
PROTOTYPE	006171	04/15/18	20:45:30	0.4892597695390782	0.4892597695390782	11.21	0.0	4.599041833667335	4.6714522795591185	37.88	-25.87	0.4892597695390782	0.4892597695390782	11.21	0.0	276.0	288.2	534.78	-260.83	0	1
PROTOTYPE	006172	04/15/18	20:45:32	0.4892597695390782	0.4892597695390782	11.19	0.0	4.69689378757515	4.675366357715431	40.59	-21.99	0.4892597695390782	0.4892597695390782	11.19	0.0	294.0	289.07	594.58	-146.71	0	1
PROTOTYPE	006173	04/15/18	20:45:33	0.4892597695390782	0.4892597695390782	11.2	0.0	4.69689378757515	4.678301916332665	42.77	-18.69	0.4892597695390782	0.4892597695390782	11.2	0.0	291.0	289.36	586.6	-154.7	0	1
PROTOTYPE	006174	04/15/18	20:45:35	0.4892597695390782	0.4892597695390782	11.2	0.0	4.69689378757515	4.6812374749499	44.5	-15.88	0.4892597695390782	0.4892597695390782	11.2	0.0	293.0	289.91	552.58	-11.5	0	1
PROTOTYPE	006175	04/15/18	20:45:36	0.4892597695390782	0.4892597695390782	11.2	0.0	4.69689378757515	4.684173033567133	45.86	-13.5	0.4892597695390782	0.4892597695390782	11.2	0.0	298.0	291.12	644.28	80.23	0	1
PROTOTYPE	006176	04/15/18	20:45:37	0.4892597695390782	0.4892597695390782	11.2	0.0	4.69689378757515	4.686130072645291	46.93	-11.48	0.4892597695390782	0.4892597695390782	11.2	0.0	287.0	290.5	635.86	-51.81	0	1
PROTOTYPE	006177	04/15/18	20:45:39	0.4892597695390782	0.4892597695390782	11.2	0.0	4.69689378757515	4.6871085921843685	34.07	5.24	0.4892597695390782	0.4892597695390782	11.2	0.0	293.0	290.88	613.03	45.96	0	1
PROTOTYPE	006178	04/15/18	20:45:40	0.4892597695390782	0.4892597695390782	11.2	0.0	4.69689378757515	4.689065631262525	33.45	4.46	0.4892597695390782	0.4892597695390782	11.2	0.0	286.0	290.15	679.78	-20.93	0	1
PROTOTYPE	006179	04/15/18	20:45:42	0.4892597695390782	0.4892597695390782	11.19	0.0	4.69689378757515	4.690044150801603	22.15	18.79	0.4892597695390782	0.4892597695390782	11.19	0.0	294.0	290.72	522.28	252.21	0	1
PROTOTYPE	006180	04/15/18	20:45:43	0.4892597695390782	0.4892597695390782	11.22	0.0	4.69689378757515	4.691022670340682	19.81	15.97	0.4892597695390782	0.4892597695390782	11.22	0.0	287.0	290.17	491.17	109.38	0	1
PROTOTYPE	006181	04/15/18	20:45:44	0.4892597695390782	0.4892597695390782	11.2	0.0	4.69689378757515	4.69200118987976	17.88	13.58	0.4892597695390782	0.4892597695390782	11.2	0.0	299.0	291.49	594.74	212.97	0	1
PROTOTYPE	006182	04/15/18	20:45:46	0.4892597695390782	0.4892597695390782	11.2	0.0	4.69689378757515	4.692979709418838	16.34	11.54	0.4892597695390782	0.4892597695390782	11.2	0.0	296.0	292.17	607.79	226.03	0	1
PROTOTYPE	006183	04/15/18	20:45:47	0.4892597695390782	0.4892597695390782	11.21	0.0	4.69689378757515	4.692979709418838	15.13	9.81	0.4892597695390782	0.4892597695390782	11.21	0.0	280.0	290.34	668.89	-77.88	0	1
PROTOTYPE	006184	04/15/18	20:45:49	0.4892597695390782	0.4892597695390782	11.21	0.0	4.69689378757515	4.693958228957916	14.18	8.34	0.4892597695390782	0.4892597695390782	11.21	0.0	290.0	290.29	612.37	-21.2	0	1
PROTOTYPE	006185	04/15/18	20:45:50	0.4892597695390782	0.4892597695390782	11.22	0.0	4.69689378757515	4.693958228957916	13.44	7.09	0.4892597695390782	0.4892597695390782	11.22	0.0	287.0	289.8	624.26	-108.02	0	1
PROTOTYPE	006186	04/15/18	20:45:51	0.4892597695390782	0.4892597695390782	11.2	0.0	4.69689378757515	4.6949367484969935	12.86	6.02	0.4892597695390782	0.4892597695390782	11.2	0.0	297.0	290.88	659.15	73.19	0	1
PROTOTYPE	006187	04/15/18	20:45:53	0.4892597695390782	0.4892597695390782	11.2	0.0	4.69689378757515	4.6949367484969935	12.43	5.12	0.4892597695390782	0.4892597695390782	11.2	0.0	288.0	290.45	644.5	-27.79	0	1
PROTOTYPE	006188	04/15/18	20:45:54	0.4892597695390782	0.4892597695390782	11.18	0.0	4.69689378757515	4.6949367484969935	12.09	4.35	0.4892597695390782	0.4892597695390782	11.18	0.0	283.0	289.33	700.32	-83.62	0	1
PROTOTYPE	006189	04/15/18	20:45:56	0.4892597695390782	0.4892597695390782	11.2	0.0	4.69689378757515	4.695915268036072	11.86	3.7	0.4892597695390782	0.4892597695390782	11.2	0.0	280.0	287.93	707.73	-356.08	0	1
PROTOTYPE	006190	04/15/18	20:45:57	0.4892597695390782	0.4892597695390782	11.2	0.0	4.69689378757515	4.695915268036072	11.68	3.14	0.4892597695390782	0.4892597695390782	11.2	0.0	294.0	288.84	731.14	-332.67	0	1
PROTOTYPE	006191	04/15/18	20:45:58	0.4892597695390782	0.4892597695390782	11.19	0.0	4.69689378757515	4.695915268036072	11.54	2.67	0.4892597695390782	0.4892597695390782	11.19	0.0	298.0	290.21	686.04	-12.77	0	1
PROTOTYPE	006192	04/15/18	20:46:00	0.4892597695390782	0.4892597695390782	11.21	0.0	4.69689378757515	4.695915268036072	11.47	2.27	0.4892597695390782	0.4892597695390782	11.21	0.0	302.0	291.98	857.52	169.15	0	1
PROTOTYPE	006193	04/15/18	20:46:01	0.4892597695390782	0.4892597695390782	11.2	0.0	4.69689378757515	4.695915268036072	11.38	1.93	0.4892597695390782	0.4892597695390782	11.2	0.0	300.0	293.18	928.42	338.78	0	1
PROTOTYPE	006194	04/15/18	20:46:03	0.4892597695390782	0.4892597695390782	11.22	0.0	4.69689378757515	4.695915268036072	11.35	1.64	0.4892597695390782	0.4892597695390782	11.22	0.0	289.0	292.56	883.15	167.96	0	1
PROTOTYPE	006195	04/15/18	20:46:04	0.4892597695390782	0.4892597695390782	11.23	0.0	4.69689378757515	4.695915268036072	11.33	1.4	0.4892597695390782	0.4892597695390782	11.23	0.0	285.0	291.42	953.33	97.77	0	1
PROTOTYPE	006196	04/15/18	20:46:05	0.4892597695390782	0.4892597695390782	11.23	0.0	4.69689378757515	4.69689378757515	11.3	1.19	0.4892597695390782	0.4892597695390782	11.23	0.0	290.0	291.21	863.03	188.1	0	1
PROTOTYPE	006197	04/15/18	20:46:07	0.4892597695390782	0.4892597695390782	11.21	0.0	4.69689378757515	4.69689378757515	11.26	1.01	0.4892597695390782	0.4892597695390782	11.21	0.0	294.0	291.63	764.97	369.89	0	1
PROTOTYPE	006198	04/15/18	20:46:08	0.4892597695390782	0.4892597695390782	11.23	0.0	4.599041833667335	4.6822159944889785	24.86	-14.14	0.4892597695390782	0.4892597695390782	11.23	0.0	295.0	292.13	724.49	329.4	0	1
PROTOTYPE	006199	04/15/18	20:46:10	0.4892597695390782	0.4892597695390782	11.23	0.0	4.599041833667335	4.669495240480962	36.23	-27.02	0.4892597695390782	0.4892597695390782	11.23	0.0	290.0	291.81	619.13	159.99	0	1
PROTOTYPE	006200	04/15/18	20:46:11	0.4892597695390782	0.4892597695390782	11.21	0.0	4.599041833667335	4.658731525551103	45.7	-37.97	0.4892597695390782	0.4892597695390782	11.21	0.0	300.0	293.04	565.13	105.99	0	1
PROTOTYPE	006201	04/15/18	20:46:12	0.4892597695390782	0.4892597695390782	11.22	0.0	4.599041833667335	4.649924849699399	53.58	-47.27	0.4892597695390782	0.4892597695390782	11.22	0.0	290.0	292.59	490.51	-59.91	0	1
PROTOTYPE	006202	04/15/18	20:46:14	0.4892597695390782	0.4892597695390782	11.24	0.0	4.69689378757515	4.656774486472946	59.51	-40.18	0.4892597695390782	0.4892597695390782	11.24	0.0	294.0	292.8	448.98	24.08	0	1
PROTOTYPE	006203	04/15/18	20:46:15	0.4892597695390782	0.4892597695390782	11.23	0.0	4.69689378757515	4.662645603707414	64.37	-34.15	0.4892597695390782	0.4892597695390782	11.23	0.0	293.0	292.83	338.96	140.47	0	1
PROTOTYPE	006204	04/15/18	20:46:17	0.4892597695390782	0.4892597695390782	11.22	0.0	4.69689378757515	4.668516720941883	68.35	-29.03	0.4892597695390782	0.4892597695390782	11.22	0.0	295.0	293.15	350.17	194.4	0	1
PROTOTYPE	006205	04/15/18	20:46:18	0.4892597695390782	0.4892597695390782	11.23	0.0	4.69689378757515	4.672430799098196	71.6	-24.68	0.4892597695390782	0.4892597695390782	11.23	0.0	298.0	293.88	381.0	225.24	0	1
PROTOTYPE	006206	04/15/18	20:46:19	0.4892597695390782	0.4892597695390782	11.25	0.0	4.69689378757515	4.676344877254509	60.61	-5.98	0.4892597695390782	0.4892597695390782	11.25	0.0	290.0	293.3	388.64	116.45	0	1
PROTOTYPE	006207	04/15/18	20:46:21	0.4892597695390782	0.4892597695390782	11.26	0.0	4.599041833667335	4.664602642785572	59.72	-5.08	0.4892597695390782	0.4892597695390782	11.26	0.0	288.0	292.5	436.09	68.98	0	1
PROTOTYPE	006208	04/15/18	20:46:22	0.4892597695390782	0.4892597695390782	11.26	0.0	4.599041833667335	4.65481744739479	58.97	-4.32	0.4892597695390782	0.4892597695390782	11.26	0.0	287.0	291.68	395.86	-136.36	0	1
PROTOTYPE	006209	04/15/18	20:46:24	0.4892597695390782	0.4892597695390782	11.25	0.0	4.599041833667335	4.646010771543086	58.32	-3.67	0.4892597695390782	0.4892597695390782	11.25	0.0	294.0	292.03	385.06	-55.91	0	1
PROTOTYPE	006210	04/15/18	20:46:25	0.4892597695390782	0.4892597695390782	11.24	0.0	4.599041833667335	4.639161134769538	58.37	-18.12	0.4892597695390782	0.4892597695390782	11.24	0.0	289.0	291.57	409.22	-122.52	0	1
PROTOTYPE	006211	04/15/18	20:46:26	0.4892597695390782	0.4892597695390782	11.26	0.0	4.69689378757515	4.6479678106212425	61.05	-15.4	0.4892597695390782	0.4892597695390782	11.26	0.0	294.0	291.94	442.32	-89.14	0	1
PROTOTYPE	006212	04/15/18	20:46:28	0.4892597695390782	0.4892597695390782	11.26	0.0	4.69689378757515	4.65481744739479	63.3	-13.09	0.4892597695390782	0.4892597695390782	11.26	0.0	296.0	292.55	470.68	-60.77	0	1
PROTOTYPE	006213	04/15/18	20:46:29	0.4892597695390782	0.4892597695390782	11.26	0.0	4.69689378757515	4.661667084168337	65.2	-11.13	0.4892597695390782	0.4892597695390782	11.26	0.0	278.0	290.36	616.17	-351.66	0	1
PROTOTYPE	006214	04/15/18	20:46:31	0.4892597695390782	0.4892597695390782	11.24	0.0	4.69689378757515	4.666559681863728	66.79	-9.46	0.4892597695390782	0.4892597695390782	11.24	0.0	297.0	291.36	657.48	-193.91	0	1
PROTOTYPE	006215	04/15/18	20:46:32	0.4892597695390782	0.4892597695390782	11.22	0.0	4.69689378757515	4.6714522795591185	59.71	6.96	0.4892597695390782	0.4892597695390782	11.22	0.0	287.0	290.71	643.4	-179.82	0	1
PROTOTYPE	006216	04/15/18	20:46:33	0.4892597695390782	0.4892597695390782	11.25	0.0	4.69689378757515	4.675366357715431	53.75	20.92	0.4892597695390782	0.4892597695390782	11.25	0.0	296.0	291.5	640.26	-17.85	0	1
PROTOTYPE	006217	04/15/18	20:46:35	0.4892597695390782	0.4892597695390782	11.26	0.0	4.69689378757515	4.678301916332665	48.73	32.78	0.4892597695390782	0.4892597695390782	11.26	0.0	287.0	290.82	672.92	-120.17	0	1
PROTOTYPE	006218	04/15/18	20:46:36	0.4892597695390782	0.4892597695390782	11.27	0.0	4.69689378757515	4.6812374749499	44.51	42.86	0.4892597695390782	0.4892597695390782	11.27	0.0	305.0	292.95	840.13	137.85	0	1
PROTOTYPE	006219	04/15/18	20:46:38	0.4892597695390782	0.4892597695390782	11.25	0.0	4.69689378757515	4.683194514028056	38.35	36.43	0.4892597695390782	0.4892597695390782	11.25	0.0	292.0	292.81	818.03	87.18	0	1
PROTOTYPE	006220	04/15/18	20:46:39	0.4892597695390782	0.4892597695390782	11.26	0.0	4.69689378757515	4.685151553106213	33.19	30.97	0.4892597695390782	0.4892597695390782	11.26	0.0	287.0	291.94	844.2	-60.9	0	1
PROTOTYPE	006221	04/15/18	20:46:41	0.4892597695390782	0.4892597695390782	11.27	0.0	4.69689378757515	4.6871085921843685	28.89	26.32	0.4892597695390782	0.4892597695390782	11.27	0.0	293.0	292.1	642.0	173.23	0	1
PROTOTYPE	006222	04/15/18	20:46:42	0.4892597695390782	0.4892597695390782	11.26	0.0	4.69689378757515	4.689065631262525	25.32	22.37	0.4892597695390782	0.4892597695390782	11.26	0.0	291.0	291.93	558.97	57.25	0	1
PROTOTYPE	006223	04/15/18	20:46:43	0.4892597695390782	0.4892597695390782	11.28	0.0	4.69689378757515	4.690044150801603	22.39	19.02	0.4892597695390782	0.4892597695390782	11.28	0.0	297.0	292.69	569.59	198.66	0	1
PROTOTYPE	006224	04/15/18	20:46:45	0.4892597695390782	0.4892597695390782	11.29	0.0	4.69689378757515	4.691022670340682	20.01	16.17	0.4892597695390782	0.4892597695390782	11.29	0.0	292.0	292.59	500.64	108.86	0	1
PROTOTYPE	006225	04/15/18	20:46:46	0.4892597695390782	0.4892597695390782	11.28	0.0	4.69689378757515	4.69200118987976	18.05	13.74	0.4892597695390782	0.4892597695390782	11.28	0.0	288.0	291.9	501.97	107.53	0	1
PROTOTYPE	006226	04/15/18	20:46:48	0.4892597695390782	0.4892597695390782	11.25	0.0	4.69689378757515	4.692979709418838	16.48	11.68	0.4892597695390782	0.4892597695390782	11.25	0.0	283.0	290.57	422.85	-238.6	0	1
PROTOTYPE	006227	04/15/18	20:46:49	0.4892597695390782	0.4892597695390782	11.26	0.0	4.69689378757515	4.692979709418838	15.25	9.93	0.4892597695390782	0.4892597695390782	11.26	0.0	293.0	290.93	445.07	-187.81	0	1
PROTOTYPE	006228	04/15/18	20:46:50	0.4892597695390782	0.4892597695390782	11.25	0.0	4.69689378757515	4.693958228957916	14.27	8.44	0.4892597695390782	0.4892597695390782	11.25	0.0	289.0	290.64	386.92	-129.64	0	1
PROTOTYPE	006229	04/15/18	20:46:52	0.4892597695390782	0.4892597695390782	11.24	0.0	4.69689378757515	4.693958228957916	13.51	7.17	0.4892597695390782	0.4892597695390782	11.24	0.0	288.0	290.24	410.55	-185.19	0	1
PROTOTYPE	006230	04/15/18	20:46:53	0.4892597695390782	0.4892597695390782	11.23	0.0	4.599041833667335	4.680258955410822	26.13	-8.9	0.4892597695390782	0.4892597695390782	11.23	0.0	288.0	289.91	427.74	-202.41	0	1
PROTOTYPE	006231	04/15/18	20:46:55	0.4892597695390782	0.4892597695390782	11.22	0.0	4.599041833667335	4.667538201402806	36.73	-22.57	0.4892597695390782	0.4892597695390782	11.22	0.0	289.0	289.77	365.4	-292.05	0	1
PROTOTYPE	006232	04/15/18	20:46:56	0.4892597695390782	0.4892597695390782	11.19	0.0	4.599041833667335	4.657753006012024	45.58	-34.18	0.4892597695390782	0.4892597695390782	11.19	0.0	295.0	290.56	433.35	-203.24	0	1
PROTOTYPE	006233	04/15/18	20:46:57	0.4892597695390782	0.4892597695390782	11.2	0.0	4.69689378757515	4.6636241232464934	50.12	-29.06	0.4892597695390782	0.4892597695390782	11.2	0.0	281.0	289.12	507.86	-277.76	0	1
PROTOTYPE	006234	04/15/18	20:46:59	0.4892597695390782	0.4892597695390782	11.21	0.0	4.69689378757515	4.668516720941883	53.84	-24.7	0.4892597695390782	0.4892597695390782	11.21	0.0	301.0	290.9	552.52	33.91	0	1
PROTOTYPE	006235	04/15/18	20:47:00	0.4892597695390782	0.4892597695390782	11.21	0.0	4.69689378757515	4.672430799098196	56.87	-20.99	0.4892597695390782	0.4892597695390782	11.21	0.0	288.0	290.47	559.55	-46.18	0	1
PROTOTYPE	006236	04/15/18	20:47:02	0.4892597695390782	0.4892597695390782	11.23	0.0	4.599041833667335	4.661667084168337	66.75	-32.84	0.4892597695390782	0.4892597695390782	11.23	0.0	296.0	291.3	613.55	65.75	0	1
PROTOTYPE	006237	04/15/18	20:47:03	0.4892597695390782	0.4892597695390782	11.25	0.0	4.599041833667335	4.651881888777555	74.97	-42.92	0.4892597695390782	0.4892597695390782	11.25	0.0	296.0	292.0	644.45	175.89	0	1
PROTOTYPE	006238	04/15/18	20:47:04	0.4892597695390782	0.4892597695390782	11.26	0.0	4.599041833667335	4.64405373246493	68.59	-36.48	0.4892597695390782	0.4892597695390782	11.26	0.0	289.0	291.55	655.83	164.5	0	1
PROTOTYPE	006239	04/15/18	20:47:06	0.4892597695390782	0.4892597695390782	11.26	0.0	4.599041833667335	4.637204095691383	63.18	-31.01	0.4892597695390782	0.4892597695390782	11.26	0.0	281.0	289.97	800.43	19.83	0	1
PROTOTYPE	006240	04/15/18	20:47:07	0.4892597695390782	0.4892597695390782	11.25	0.0	4.599041833667335	4.631332978456914	58.6	-26.36	0.4892597695390782	0.4892597695390782	11.25	0.0	299.0	291.32	857.46	76.85	0	1
PROTOTYPE	006241	04/15/18	20:47:09	0.4892597695390782	0.4892597695390782	11.26	0.0	4.599041833667335	4.626440380761523	57.61	-37.4	0.4892597695390782	0.4892597695390782	11.26	0.0	303.0	293.08	889.25	395.33	0	1
PROTOTYPE	006242	04/15/18	20:47:10	0.4892597695390782	0.4892597695390782	11.25	0.0	4.599041833667335	4.622526302605211	56.77	-46.79	0.4892597695390782	0.4892597695390782	11.25	0.0	281.0	291.26	892.22	36.03	0	1
PROTOTYPE	006243	04/15/18	20:47:11	0.4892597695390782	0.4892597695390782	11.25	0.0	4.69689378757515	4.634268537074148	63.65	-39.77	0.4892597695390782	0.4892597695390782	11.25	0.0	298.0	292.27	949.68	180.62	0	1
PROTOTYPE	006244	04/15/18	20:47:13	0.4892597695390782	0.4892597695390782	11.24	0.0	4.599041833667335	4.628397419839679	57.78	-33.81	0.4892597695390782	0.4892597695390782	11.24	0.0	288.0	291.63	930.83	33.53	0	1
PROTOTYPE	006245	04/15/18	20:47:14	0.4892597695390782	0.4892597695390782	11.21	0.0	4.599041833667335	4.624483341683367	52.81	-28.74	0.4892597695390782	0.4892597695390782	11.21	0.0	298.0	292.59	955.8	58.5	0	1
PROTOTYPE	006246	04/15/18	20:47:16	0.4892597695390782	0.4892597695390782	11.2	0.0	4.599041833667335	4.620569263527054	48.63	-24.43	0.4892597695390782	0.4892597695390782	11.2	0.0	293.0	292.65	917.05	109.72	0	1
PROTOTYPE	006247	04/15/18	20:47:17	0.4892597695390782	0.4892597695390782	11.2	0.0	4.599041833667335	4.617633704909819	45.11	-20.76	0.4892597695390782	0.4892597695390782	11.2	0.0	288.0	291.95	828.52	198.27	0	1
PROTOTYPE	006248	04/15/18	20:47:18	0.4892597695390782	0.4892597695390782	11.2	0.0	4.599041833667335	4.614698146292585	42.16	-17.65	0.4892597695390782	0.4892597695390782	11.2	0.0	269.0	288.51	1037.36	-281.47	0	1
PROTOTYPE	006249	04/15/18	20:47:20	0.4892597695390782	0.4892597695390782	11.18	0.0	4.599041833667335	4.611762587675351	39.7	-15.0	0.4892597695390782	0.4892597695390782	11.18	0.0	294.0	289.33	944.58	-374.25	0	1
PROTOTYPE	006250	04/15/18	20:47:21	0.4892597695390782	0.4892597695390782	11.17	0.0	4.599041833667335	4.609805548597194	37.66	-12.75	0.4892597695390782	0.4892597695390782	11.17	0.0	294.0	290.03	833.45	-123.11	0	1
PROTOTYPE	006251	04/15/18	20:47:23	0.4892597695390782	0.4892597695390782	11.15	0.0	4.69689378757515	4.623504822144288	39.56	-10.84	0.4892597695390782	0.4892597695390782	11.15	0.0	287.0	289.58	777.93	-269.65	0	1
PROTOTYPE	006252	04/15/18	20:47:24	0.4892597695390782	0.4892597695390782	11.14	0.0	4.69689378757515	4.634268537074148	45.43	5.79	0.4892597695390782	0.4892597695390782	11.14	0.0	290.0	289.64	720.27	-199.2	0	1
PROTOTYPE	006253	04/15/18	20:47:25	0.4892597695390782	0.4892597695390782	11.14	0.0	4.69689378757515	4.64405373246493	50.4	19.92	0.4892597695390782	0.4892597695390782	11.14	0.0	287.0	289.25	664.41	-334.32	0	1
PROTOTYPE	006254	04/15/18	20:47:27	0.4892597695390782	0.4892597695390782	11.14	0.0	4.69689378757515	4.651881888777555	54.59	31.93	0.4892597695390782	0.4892597695390782	11.14	0.0	286.0	288.76	706.79	-389.17	0	1
PROTOTYPE	006255	04/15/18	20:47:28	0.4892597695390782	0.4892597695390782	11.14	0.0	4.69689378757515	4.658731525551103	58.11	42.14	0.4892597695390782	0.4892597695390782	11.14	0.0	300.0	290.44	805.65	-150.8	0	1
PROTOTYPE	006256	04/15/18	20:47:30	0.4892597695390782	0.4892597695390782	11.14	0.0	4.69689378757515	4.664602642785572	61.06	50.82	0.4892597695390782	0.4892597695390782	11.14	0.0	282.0	289.18	588.03	66.82	0	1
PROTOTYPE	006257	04/15/18	20:47:31	0.4892597695390782	0.4892597695390782	11.16	0.0	4.69689378757515	4.669495240480962	63.52	58.2	0.4892597695390782	0.4892597695390782	11.16	0.0	300.0	290.8	668.0	146.8	0	1
PROTOTYPE	006258	04/15/18	20:47:32	0.4892597695390782	0.4892597695390782	11.15	0.0	4.69689378757515	4.673409318637274	65.56	64.47	0.4892597695390782	0.4892597695390782	11.15	0.0	289.0	290.53	625.04	49.78	0	1
PROTOTYPE	006259	04/15/18	20:47:34	0.4892597695390782	0.4892597695390782	11.15	0.0	4.69689378757515	4.676344877254509	56.07	54.8	0.4892597695390782	0.4892597695390782	11.15	0.0	301.0	292.1	736.56	252.31	0	1
PROTOTYPE	006260	04/15/18	20:47:35	0.4892597695390782	0.4892597695390782	11.17	0.0	4.69689378757515	4.680258955410822	48.08	46.58	0.4892597695390782	0.4892597695390782	11.17	0.0	303.0	293.74	893.57	409.47	0	1
PROTOTYPE	006261	04/15/18	20:47:37	0.4892597695390782	0.4892597695390782	11.18	0.0	4.69689378757515	4.6822159944889785	41.34	39.59	0.4892597695390782	0.4892597695390782	11.18	0.0	304.0	295.28	1007.88	603.05	0	1
PROTOTYPE	006262	04/15/18	20:47:38	0.4892597695390782	0.4892597695390782	11.21	0.0	4.69689378757515	4.684173033567133	35.7	33.65	0.4892597695390782	0.4892597695390782	11.21	0.0	294.0	295.08	978.37	632.59	0	1
PROTOTYPE	006263	04/15/18	20:47:39	0.4892597695390782	0.4892597695390782	11.22	0.0	4.69689378757515	4.686130072645291	30.98	28.6	0.4892597695390782	0.4892597695390782	11.22	0.0	291.0	294.47	871.03	402.7	0	1
PROTOTYPE	006264	04/15/18	20:47:41	0.4892597695390782	0.4892597695390782	11.23	0.0	4.69689378757515	4.688087111723447	27.05	24.31	0.4892597695390782	0.4892597695390782	11.23	0.0	297.0	294.85	782.3	567.3	0	1
PROTOTYPE	006265	04/15/18	20:47:42	0.4892597695390782	0.4892597695390782	11.24	0.0	4.69689378757515	4.689065631262525	23.82	20.67	0.4892597695390782	0.4892597695390782	11.24	0.0	285.0	293.37	767.74	257.2	0	1
PROTOTYPE	006266	04/15/18	20:47:44	0.4892597695390782	0.4892597695390782	11.26	0.0	4.69689378757515	4.690044150801603	21.16	17.57	0.4892597695390782	0.4892597695390782	11.26	0.0	288.0	292.57	821.29	203.62	0	1
PROTOTYPE	006267	04/15/18	20:47:45	0.4892597695390782	0.4892597695390782	11.28	0.0	4.69689378757515	4.691022670340682	19.0	14.93	0.4892597695390782	0.4892597695390782	11.28	0.0	295.0	292.93	700.77	83.08	0	1
PROTOTYPE	006268	04/15/18	20:47:46	0.4892597695390782	0.4892597695390782	11.27	0.0	4.69689378757515	4.69200118987976	17.24	12.69	0.4892597695390782	0.4892597695390782	11.27	0.0	291.0	292.64	566.3	-109.38	0	1
PROTOTYPE	006269	04/15/18	20:47:48	0.4892597695390782	0.4892597695390782	11.3	0.0	4.69689378757515	4.692979709418838	15.88	10.79	0.4892597695390782	0.4892597695390782	11.3	0.0	287.0	291.8	496.99	-347.98	0	1
PROTOTYPE	006270	04/15/18	20:47:49	0.4892597695390782	0.4892597695390782	11.28	0.0	4.69689378757515	4.693958228957916	14.76	9.17	0.4892597695390782	0.4892597695390782	11.28	0.0	291.0	291.68	489.82	-340.78	0	1
PROTOTYPE	006271	04/15/18	20:47:51	0.4892597695390782	0.4892597695390782	11.27	0.0	4.69689378757515	4.693958228957916	13.9	7.79	0.4892597695390782	0.4892597695390782	11.27	0.0	290.0	291.43	453.73	-304.66	0	1
PROTOTYPE	006272	04/15/18	20:47:52	0.4892597695390782	0.4892597695390782	11.27	0.0	4.69689378757515	4.6949367484969935	13.23	6.63	0.4892597695390782	0.4892597695390782	11.27	0.0	281.0	289.86	572.16	-498.96	0	1
PROTOTYPE	006273	04/15/18	20:47:53	0.4892597695390782	0.4892597695390782	11.25	0.0	4.69689378757515	4.6949367484969935	12.71	5.63	0.4892597695390782	0.4892597695390782	11.25	0.0	288.0	289.58	452.35	-379.12	0	1
PROTOTYPE	006274	04/15/18	20:47:55	0.4892597695390782	0.4892597695390782	11.26	0.0	4.69689378757515	4.6949367484969935	12.34	4.79	0.4892597695390782	0.4892597695390782	11.26	0.0	282.0	288.44	485.47	-412.25	0	1
PROTOTYPE	006275	04/15/18	20:47:56	0.4892597695390782	0.4892597695390782	11.24	0.0	4.69689378757515	4.6949367484969935	12.03	4.07	0.4892597695390782	0.4892597695390782	11.24	0.0	297.0	289.73	577.29	-320.41	0	1
PROTOTYPE	006276	04/15/18	20:47:58	0.4892597695390782	0.4892597695390782	11.23	0.0	4.69689378757515	4.695915268036072	11.81	3.46	0.4892597695390782	0.4892597695390782	11.23	0.0	289.0	289.62	559.28	-302.35	0	1
PROTOTYPE	006277	04/15/18	20:47:59	0.4892597695390782	0.4892597695390782	11.2	0.0	4.69689378757515	4.695915268036072	11.62	2.94	0.4892597695390782	0.4892597695390782	11.2	0.0	294.0	290.28	540.37	-152.0	0	1
PROTOTYPE	006278	04/15/18	20:48:01	0.4892597695390782	0.4892597695390782	11.21	0.0	4.69689378757515	4.695915268036072	11.52	2.5	0.4892597695390782	0.4892597695390782	11.21	0.0	292.0	290.53	554.24	-114.2	0	1
PROTOTYPE	006279	04/15/18	20:48:02	0.4892597695390782	0.4892597695390782	11.23	0.0	4.69689378757515	4.695915268036072	11.45	2.12	0.4892597695390782	0.4892597695390782	11.23	0.0	289.0	290.3	552.12	-112.07	0	1
PROTOTYPE	006280	04/15/18	20:48:03	0.4892597695390782	0.4892597695390782	11.24	0.0	4.69689378757515	4.695915268036072	11.4	1.81	0.4892597695390782	0.4892597695390782	11.24	0.0	297.0	291.31	496.18	144.74	0	1
PROTOTYPE	006281	04/15/18	20:48:05	0.4892597695390782	0.4892597695390782	11.24	0.0	4.69689378757515	4.695915268036072	11.36	1.53	0.4892597695390782	0.4892597695390782	11.24	0.0	295.0	291.86	523.61	228.03	0	1
PROTOTYPE	006282	04/15/18	20:48:06	0.4892597695390782	0.4892597695390782	11.23	0.0	4.69689378757515	4.69689378757515	11.31	1.3	0.4892597695390782	0.4892597695390782	11.23	0.0	296.0	292.48	471.95	403.83	0	1
PROTOTYPE	006283	04/15/18	20:48:08	0.4892597695390782	0.4892597695390782	11.24	0.0	4.69689378757515	4.69689378757515	11.3	1.11	0.4892597695390782	0.4892597695390782	11.24	0.0	306.0	294.51	546.37	478.25	0	1
PROTOTYPE	006284	04/15/18	20:48:09	0.4892597695390782	0.4892597695390782	11.26	0.0	4.7947457414829655	4.711571580661323	25.02	15.94	0.4892597695390782	0.4892597695390782	11.26	0.0	296.0	294.73	557.74	511.51	0	1
PROTOTYPE	006285	04/15/18	20:48:10	0.4892597695390782	0.4892597695390782	11.28	0.0	4.69689378757515	4.708636022044089	26.22	13.55	0.4892597695390782	0.4892597695390782	11.28	0.0	294.0	294.62	503.11	434.79	0	1
PROTOTYPE	006286	04/15/18	20:48:12	0.4892597695390782	0.4892597695390782	11.27	0.0	4.69689378757515	4.707657502505009	27.13	11.52	0.4892597695390782	0.4892597695390782	11.27	0.0	294.0	294.53	486.68	399.57	0	1
PROTOTYPE	006287	04/15/18	20:48:13	0.4892597695390782	0.4892597695390782	11.28	0.0	4.69689378757515	4.705700463426854	27.84	9.79	0.4892597695390782	0.4892597695390782	11.28	0.0	292.0	294.15	501.6	384.63	0	1
PROTOTYPE	006288	04/15/18	20:48:15	0.4892597695390782	0.4892597695390782	11.28	0.0	4.69689378757515	4.704721943887775	28.38	8.32	0.4892597695390782	0.4892597695390782	11.28	0.0	294.0	294.13	403.82	281.94	0	1
PROTOTYPE	006289	04/15/18	20:48:16	0.4892597695390782	0.4892597695390782	11.28	0.0	4.69689378757515	4.702764904809619	28.79	7.07	0.4892597695390782	0.4892597695390782	11.28	0.0	279.0	291.86	575.36	-0.35	0	1
PROTOTYPE	006290	04/15/18	20:48:17	0.4892597695390782	0.4892597695390782	11.27	0.0	4.7947457414829655	4.717442697895792	41.48	21.01	0.4892597695390782	0.4892597695390782	11.27	0.0	276.0	289.48	751.17	-300.3	0	1
PROTOTYPE	006291	04/15/18	20:48:19	0.4892597695390782	0.4892597695390782	11.27	0.0	4.69689378757515	4.713528619739479	43.46	17.86	0.4892597695390782	0.4892597695390782	11.27	0.0	288.0	289.26	570.66	-525.25	0	1
PROTOTYPE	006292	04/15/18	20:48:20	0.4892597695390782	0.4892597695390782	11.26	0.0	4.69689378757515	4.711571580661323	31.3	0.18	0.4892597695390782	0.4892597695390782	11.26	0.0	295.0	290.12	634.41	-461.47	0	1
PROTOTYPE	006293	04/15/18	20:48:22	0.4892597695390782	0.4892597695390782	11.24	0.0	4.7947457414829655	4.724292334669339	41.53	15.15	0.4892597695390782	0.4892597695390782	11.24	0.0	286.0	289.5	685.12	-512.25	0	1
PROTOTYPE	006294	04/15/18	20:48:23	0.4892597695390782	0.4892597695390782	11.26	0.0	4.69689378757515	4.719399736973948	43.57	12.88	0.4892597695390782	0.4892597695390782	11.26	0.0	294.0	290.18	743.15	-435.41	0	1
PROTOTYPE	006295	04/15/18	20:48:24	0.4892597695390782	0.4892597695390782	11.24	0.0	4.69689378757515	4.716464178356714	45.23	10.95	0.4892597695390782	0.4892597695390782	11.24	0.0	281.0	288.8	842.82	-535.1	0	1
PROTOTYPE	006296	04/15/18	20:48:26	0.4892597695390782	0.4892597695390782	11.25	0.0	4.69689378757515	4.713528619739479	46.59	9.31	0.4892597695390782	0.4892597695390782	11.25	0.0	285.0	288.23	897.17	-589.83	0	1
PROTOTYPE	006297	04/15/18	20:48:27	0.4892597695390782	0.4892597695390782	11.28	0.0	4.69689378757515	4.710593061122244	47.7	7.91	0.4892597695390782	0.4892597695390782	11.28	0.0	292.0	288.8	726.81	-306.36	0	1
PROTOTYPE	006298	04/15/18	20:48:29	0.4892597695390782	0.4892597695390782	11.3	0.0	4.69689378757515	4.708636022044089	36.18	-8.28	0.4892597695390782	0.4892597695390782	11.3	0.0	293.0	289.43	552.01	-5.4	0	1
PROTOTYPE	006299	04/15/18	20:48:30	0.4892597695390782	0.4892597695390782	11.3	0.0	4.69689378757515	4.706678982965932	35.11	-7.03	0.4892597695390782	0.4892597695390782	11.3	0.0	291.0	289.66	553.41	40.41	0	1
PROTOTYPE	006300	04/15/18	20:48:32	0.4892597695390782	0.4892597695390782	11.3	0.0	4.69689378757515	4.705700463426854	34.24	-5.98	0.4892597695390782	0.4892597695390782	11.3	0.0	282.0	288.51	582.21	-160.65	0	1
PROTOTYPE	006301	04/15/18	20:48:33	0.4892597695390782	0.4892597695390782	11.32	0.0	4.69689378757515	4.704721943887775	23.33	-20.08	0.4892597695390782	0.4892597695390782	11.32	0.0	291.0	288.89	557.74	-61.56	0	1
PROTOTYPE	006302	04/15/18	20:48:34	0.4892597695390782	0.4892597695390782	11.31	0.0	4.69689378757515	4.702764904809619	20.76	-17.07	0.4892597695390782	0.4892597695390782	11.31	0.0	291.0	289.2	521.99	-97.32	0	1
PROTOTYPE	006303	04/15/18	20:48:36	0.4892597695390782	0.4892597695390782	11.3	0.0	4.69689378757515	4.70178638527054	18.67	-14.51	0.4892597695390782	0.4892597695390782	11.3	0.0	290.0	289.32	396.38	52.28	0	1
PROTOTYPE	006304	04/15/18	20:48:37	0.4892597695390782	0.4892597695390782	11.29	0.0	4.599041833667335	4.6871085921843685	31.23	-27.33	0.4892597695390782	0.4892597695390782	11.29	0.0	297.0	290.47	454.53	224.43	0	1
PROTOTYPE	006305	04/15/18	20:48:39	0.4892597695390782	0.4892597695390782	11.26	0.0	4.599041833667335	4.673409318637274	41.83	-38.23	0.4892597695390782	0.4892597695390782	11.26	0.0	288.0	290.1	435.1	130.77	0	1
PROTOTYPE	006306	04/15/18	20:48:40	0.4892597695390782	0.4892597695390782	11.26	0.0	4.599041833667335	4.662645603707414	50.76	-47.5	0.4892597695390782	0.4892597695390782	11.26	0.0	290.0	290.09	374.11	66.15	0	1
PROTOTYPE	006307	04/15/18	20:48:41	0.4892597695390782	0.4892597695390782	11.31	0.0	4.69689378757515	4.667538201402806	53.94	-40.37	0.4892597695390782	0.4892597695390782	11.31	0.0	294.0	290.67	409.16	101.23	0	1
PROTOTYPE	006308	04/15/18	20:48:43	0.4892597695390782	0.4892597695390782	11.31	0.0	4.599041833667335	4.657753006012024	62.44	-49.32	0.4892597695390782	0.4892597695390782	11.31	0.0	274.0	288.17	544.34	-33.95	0	1
PROTOTYPE	006309	04/15/18	20:48:44	0.4892597695390782	0.4892597695390782	11.3	0.0	4.599041833667335	4.648946330160321	69.53	-56.92	0.4892597695390782	0.4892597695390782	11.3	0.0	294.0	289.05	594.42	16.14	0	1
PROTOTYPE	006310	04/15/18	20:48:46	0.4892597695390782	0.4892597695390782	11.3	0.0	4.599041833667335	4.641118173847695	75.45	-63.38	0.4892597695390782	0.4892597695390782	11.3	0.0	298.0	290.39	696.97	118.72	0	1
PROTOTYPE	006311	04/15/18	20:48:47	0.4892597695390782	0.4892597695390782	11.3	0.0	4.69689378757515	4.649924849699399	82.41	-53.87	0.4892597695390782	0.4892597695390782	11.3	0.0	280.0	288.83	840.8	-49.09	0	1
PROTOTYPE	006312	04/15/18	20:48:48	0.4892597695390782	0.4892597695390782	11.29	0.0	4.69689378757515	4.656774486472946	73.93	-30.79	0.4892597695390782	0.4892597695390782	11.29	0.0	299.0	290.36	878.16	-11.73	0	1
PROTOTYPE	006313	04/15/18	20:48:50	0.4892597695390782	0.4892597695390782	11.3	0.0	4.69689378757515	4.662645603707414	66.75	-11.17	0.4892597695390782	0.4892597695390782	11.3	0.0	295.0	291.05	910.68	95.03	0	1
PROTOTYPE	006314	04/15/18	20:48:51	0.4892597695390782	0.4892597695390782	11.29	0.0	4.69689378757515	4.667538201402806	60.67	5.5	0.4892597695390782	0.4892597695390782	11.29	0.0	299.0	292.25	1027.79	215.78	0	1
PROTOTYPE	006315	04/15/18	20:48:53	0.4892597695390782	0.4892597695390782	11.26	0.0	4.69689378757515	4.672430799098196	59.87	4.68	0.4892597695390782	0.4892597695390782	11.26	0.0	298.0	293.11	1055.42	243.41	0	1
PROTOTYPE	006316	04/15/18	20:48:54	0.4892597695390782	0.4892597695390782	11.26	0.0	4.69689378757515	4.676344877254509	53.32	18.98	0.4892597695390782	0.4892597695390782	11.26	0.0	290.0	292.64	851.95	446.9	0	1
PROTOTYPE	006317	04/15/18	20:48:55	0.4892597695390782	0.4892597695390782	11.24	0.0	4.69689378757515	4.6792804358717435	47.79	31.13	0.4892597695390782	0.4892597695390782	11.24	0.0	299.0	293.6	859.91	454.86	0	1
PROTOTYPE	006318	04/15/18	20:48:57	0.4892597695390782	0.4892597695390782	11.22	0.0	4.69689378757515	4.6812374749499	43.14	41.46	0.4892597695390782	0.4892597695390782	11.22	0.0	279.0	291.41	944.56	101.63	0	1
PROTOTYPE	006319	04/15/18	20:48:58	0.4892597695390782	0.4892597695390782	11.21	0.0	4.69689378757515	4.684173033567133	37.19	35.24	0.4892597695390782	0.4892597695390782	11.21	0.0	276.0	289.1	1019.8	26.39	0	1
PROTOTYPE	006320	04/15/18	20:49:00	0.4892597695390782	0.4892597695390782	11.23	0.0	4.69689378757515	4.686130072645291	32.23	29.95	0.4892597695390782	0.4892597695390782	11.23	0.0	295.0	289.98	955.85	-37.57	0	1
PROTOTYPE	006321	04/15/18	20:49:01	0.4892597695390782	0.4892597695390782	11.22	0.0	4.69689378757515	4.6871085921843685	28.08	25.46	0.4892597695390782	0.4892597695390782	11.22	0.0	301.0	291.63	1051.48	58.07	0	1
PROTOTYPE	006322	04/15/18	20:49:03	0.4892597695390782	0.4892597695390782	11.23	0.0	4.69689378757515	4.689065631262525	24.66	21.64	0.4892597695390782	0.4892597695390782	11.23	0.0	292.0	291.69	937.94	-55.64	0	1
PROTOTYPE	006323	04/15/18	20:49:04	0.4892597695390782	0.4892597695390782	11.2	0.0	4.69689378757515	4.690044150801603	21.82	18.4	0.4892597695390782	0.4892597695390782	11.2	0.0	276.0	289.34	1086.94	-377.3	0	1
PROTOTYPE	006324	04/15/18	20:49:05	0.4892597695390782	0.4892597695390782	11.2	0.0	4.69689378757515	4.691022670340682	19.52	15.64	0.4892597695390782	0.4892597695390782	11.2	0.0	295.0	290.19	1125.27	-245.7	0	1
PROTOTYPE	006325	04/15/18	20:49:07	0.4892597695390782	0.4892597695390782	11.22	0.0	4.69689378757515	4.69200118987976	17.67	13.29	0.4892597695390782	0.4892597695390782	11.22	0.0	287.0	289.71	1077.69	-388.85	0	1
PROTOTYPE	006326	04/15/18	20:49:08	0.4892597695390782	0.4892597695390782	11.23	0.0	4.599041833667335	4.678301916332665	28.92	-3.7	0.4892597695390782	0.4892597695390782	11.23	0.0	299.0	291.1	998.15	-30.52	0	1
PROTOTYPE	006327	04/15/18	20:49:10	0.4892597695390782	0.4892597695390782	11.26	0.0	4.69689378757515	4.6812374749499	29.42	-3.15	0.4892597695390782	0.4892597695390782	11.26	0.0	292.0	291.24	780.6	214.06	0	1
PROTOTYPE	006328	04/15/18	20:49:11	0.4892597695390782	0.4892597695390782	11.23	0.0	4.69689378757515	4.683194514028056	29.81	-2.68	0.4892597695390782	0.4892597695390782	11.23	0.0	287.0	290.6	755.58	61.95	0	1
PROTOTYPE	006329	04/15/18	20:49:12	0.4892597695390782	0.4892597695390782	11.22	0.0	4.69689378757515	4.685151553106213	30.12	-2.27	0.4892597695390782	0.4892597695390782	11.22	0.0	295.0	291.26	656.29	-37.34	0	1
PROTOTYPE	006330	04/15/18	20:49:14	0.4892597695390782	0.4892597695390782	11.22	0.0	4.69689378757515	4.6871085921843685	30.38	-1.93	0.4892597695390782	0.4892597695390782	11.22	0.0	290.0	291.07	669.59	-61.74	0	1
PROTOTYPE	006331	04/15/18	20:49:15	0.4892597695390782	0.4892597695390782	11.26	0.0	4.69689378757515	4.688087111723447	30.61	-1.64	0.4892597695390782	0.4892597695390782	11.26	0.0	289.0	290.76	465.36	142.52	0	1
PROTOTYPE	006332	04/15/18	20:49:17	0.4892597695390782	0.4892597695390782	11.26	0.0	4.69689378757515	4.690044150801603	30.76	-1.4	0.4892597695390782	0.4892597695390782	11.26	0.0	278.0	288.85	571.8	-133.86	0	1
PROTOTYPE	006333	04/15/18	20:49:18	0.4892597695390782	0.4892597695390782	11.26	0.0	4.69689378757515	4.691022670340682	30.88	-1.19	0.4892597695390782	0.4892597695390782	11.26	0.0	291.0	289.17	556.33	-53.78	0	1
PROTOTYPE	006334	04/15/18	20:49:19	0.4892597695390782	0.4892597695390782	11.26	0.0	4.69689378757515	4.69200118987976	18.24	13.99	0.4892597695390782	0.4892597695390782	11.26	0.0	289.0	289.14	419.84	-195.71	0	1
PROTOTYPE	006335	04/15/18	20:49:21	0.4892597695390782	0.4892597695390782	11.26	0.0	4.599041833667335	4.678301916332665	29.31	-3.11	0.4892597695390782	0.4892597695390782	11.26	0.0	285.0	288.52	468.46	-271.36	0	1
PROTOTYPE	006336	04/15/18	20:49:22	0.4892597695390782	0.4892597695390782	11.28	0.0	4.69689378757515	4.680258955410822	29.73	-2.64	0.4892597695390782	0.4892597695390782	11.28	0.0	302.0	290.54	607.07	-5.65	0	1
PROTOTYPE	006337	04/15/18	20:49:24	0.4892597695390782	0.4892597695390782	11.29	0.0	4.69689378757515	4.683194514028056	30.08	-2.25	0.4892597695390782	0.4892597695390782	11.29	0.0	292.0	290.76	562.95	-49.8	0	1
PROTOTYPE	006338	04/15/18	20:49:25	0.4892597695390782	0.4892597695390782	11.29	0.0	4.69689378757515	4.685151553106213	30.35	-1.91	0.4892597695390782	0.4892597695390782	11.29	0.0	276.0	288.55	765.43	-252.33	0	1
PROTOTYPE	006339	04/15/18	20:49:26	0.4892597695390782	0.4892597695390782	11.26	0.0	4.599041833667335	4.672430799098196	41.55	-16.62	0.4892597695390782	0.4892597695390782	11.26	0.0	299.0	290.12	891.11	-64.48	0	1
PROTOTYPE	006340	04/15/18	20:49:28	0.4892597695390782	0.4892597695390782	11.28	0.0	4.69689378757515	4.676344877254509	43.69	-14.13	0.39140781563126253	0.4745819764529058	24.92	-15.0	284.0	289.2	791.44	35.19	0	1
PROTOTYPE	006341	04/15/18	20:49:29	0.4892597695390782	0.4892597695390782	11.28	0.0	4.599041833667335	4.664602642785572	53.78	-27.01	0.4892597695390782	0.4765390155310621	26.17	-12.75	293.0	289.77	816.15	59.91	0	1
PROTOTYPE	006342	04/15/18	20:49:31	0.4892597695390782	0.4892597695390782	11.28	0.0	4.599041833667335	4.65481744739479	62.22	-37.96	0.4892597695390782	0.47849605460921835	27.14	-10.84	281.0	288.45	944.78	-69.08	0	1
PROTOTYPE	006343	04/15/18	20:49:32	0.4892597695390782	0.4892597695390782	11.26	0.0	4.599041833667335	4.646010771543086	56.57	-32.26	0.4892597695390782	0.48045309368737477	27.86	-9.21	291.0	288.84	920.83	31.29	0	1
PROTOTYPE	006344	04/15/18	20:49:33	0.4892597695390782	0.4892597695390782	11.26	0.0	4.599041833667335	4.639161134769538	60.71	-42.42	0.4892597695390782	0.48143161322645295	28.43	-7.83	289.0	288.86	721.5	-168.41	0	1
PROTOTYPE	006345	04/15/18	20:49:35	0.4892597695390782	0.4892597695390782	11.27	0.0	4.69689378757515	4.6479678106212425	66.82	-36.06	0.4892597695390782	0.482410132765531	28.86	-6.66	282.0	287.83	802.53	-293.15	0	1
PROTOTYPE	006346	04/15/18	20:49:36	0.4892597695390782	0.4892597695390782	11.26	0.0	4.69689378757515	4.65481744739479	71.93	-30.65	0.4892597695390782	0.48338865230460926	29.17	-5.66	290.0	288.16	613.65	-39.17	0	1
PROTOTYPE	006347	04/15/18	20:49:38	0.4892597695390782	0.4892597695390782	11.27	0.0	4.599041833667335	4.646989291082164	67.37	-26.05	0.4892597695390782	0.48436717184368744	29.42	-4.81	298.0	289.63	604.53	-48.3	0	1
PROTOTYPE	006348	04/15/18	20:49:39	0.4892597695390782	0.4892597695390782	11.24	0.0	4.69689378757515	4.653838927855712	71.15	-22.15	0.4892597695390782	0.4853456913827655	15.92	10.91	301.0	291.34	683.29	213.95	0	1
PROTOTYPE	006349	04/15/18	20:49:40	0.4892597695390782	0.4892597695390782	11.22	0.0	4.599041833667335	4.646010771543086	67.85	-18.82	0.4892597695390782	0.4863242109218437	14.78	9.28	291.0	291.29	631.51	151.85	0	1
PROTOTYPE	006350	04/15/18	20:49:42	0.4892597695390782	0.4892597695390782	11.21	0.0	4.599041833667335	4.639161134769538	65.06	-16.0	0.4892597695390782	0.4863242109218437	13.9	7.88	302.0	292.89	660.67	444.08	0	1
PROTOTYPE	006351	04/15/18	20:49:43	0.4892597695390782	0.4892597695390782	11.28	0.0	4.69689378757515	4.6479678106212425	65.43	1.4	0.4892597695390782	0.4863242109218437	13.29	6.7	276.0	290.36	875.86	152.46	0	1
PROTOTYPE	006352	04/15/18	20:49:45	0.4892597695390782	0.4892597695390782	11.28	0.0	4.69689378757515	4.65481744739479	65.73	16.19	0.4892597695390782	0.48730273046092193	12.77	5.7	294.0	290.91	927.63	204.6	0	1
PROTOTYPE	006353	04/15/18	20:49:46	0.4892597695390782	0.4892597695390782	11.27	0.0	4.69689378757515	4.661667084168337	63.34	13.76	0.4892597695390782	0.48730273046092193	12.37	4.84	288.0	290.47	868.34	263.91	0	1
PROTOTYPE	006354	04/15/18	20:49:48	0.4892597695390782	0.4892597695390782	11.27	0.0	4.69689378757515	4.666559681863728	61.33	11.7	0.4892597695390782	0.48730273046092193	12.08	4.12	295.0	291.15	903.74	299.32	0	1
PROTOTYPE	006355	04/15/18	20:49:49	0.4892597695390782	0.4892597695390782	11.27	0.0	4.69689378757515	4.6714522795591185	57.45	24.94	0.4892597695390782	0.48828125	11.86	3.5	266.0	287.38	1133.32	-225.58	0	1
PROTOTYPE	006356	04/15/18	20:49:50	0.4892597695390782	0.4892597695390782	11.28	0.0	4.69689378757515	4.675366357715431	53.82	21.2	0.4892597695390782	0.48828125	11.71	2.97	285.0	287.02	998.5	-431.74	0	1
PROTOTYPE	006357	04/15/18	20:49:52	0.4892597695390782	0.4892597695390782	11.31	0.0	4.69689378757515	4.678301916332665	48.88	33.02	0.4892597695390782	0.48828125	11.62	2.53	285.0	286.72	1023.58	-456.98	0	1
PROTOTYPE	006358	04/15/18	20:49:53	0.4892597695390782	0.4892597695390782	11.33	0.0	4.69689378757515	4.6812374749499	44.72	43.07	0.4892597695390782	0.48828125	11.55	2.15	303.0	289.16	1107.13	-373.43	0	1
PROTOTYPE	006359	04/15/18	20:49:55	0.4892597695390782	0.4892597695390782	11.28	0.0	4.69689378757515	4.683194514028056	38.52	36.61	0.4892597695390782	0.48828125	11.44	1.83	295.0	290.04	941.32	-32.42	0	1
PROTOTYPE	006360	04/15/18	20:49:56	0.5871117234468938	0.5039375626252506	24.93	15.0	4.69689378757515	4.685151553106213	33.34	31.12	0.39140781563126253	0.47360345691382766	24.95	-13.45	278.0	288.23	1067.25	-267.56	0	1
PROTOTYPE	006361	04/15/18	20:49:57	0.4892597695390782	0.5019805235470942	26.2	12.75	4.599041833667335	4.672430799098196	40.1	11.45	0.4892597695390782	0.4765390155310621	26.25	-11.43	275.0	286.25	1222.1	-422.42	0	1
PROTOTYPE	006362	04/15/18	20:49:59	0.4892597695390782	0.5000234844689379	27.17	10.84	4.599041833667335	4.661667084168337	45.82	-5.27	0.4892597695390782	0.47849605460921835	27.26	-9.72	291.0	286.96	1225.46	-419.06	0	1
PROTOTYPE	006363	04/15/18	20:50:00	0.4892597695390782	0.4980664453907815	27.9	9.21	4.599041833667335	4.651881888777555	50.65	-19.48	0.4892597695390782	0.4794745741482967	28.01	-8.26	295.0	288.17	968.84	78.8	0	1
PROTOTYPE	006364	04/15/18	20:50:02	0.4892597695390782	0.4970879258517034	28.46	7.83	4.599041833667335	4.64405373246493	54.73	-31.56	0.4892597695390782	0.48143161322645295	28.6	-7.02	282.0	287.24	1025.64	21.98	0	1
PROTOTYPE	006365	04/15/18	20:50:03	0.4892597695390782	0.49610940631262535	28.86	6.66	4.599041833667335	4.637204095691383	58.15	-41.82	0.4892597695390782	0.482410132765531	29.02	-5.97	291.0	287.8	1051.71	108.68	0	1
PROTOTYPE	006366	04/15/18	20:50:04	0.4892597695390782	0.49513088677354705	29.19	5.66	4.599041833667335	4.631332978456914	61.02	-50.55	0.4892597695390782	0.48338865230460926	29.36	-5.07	290.0	288.13	840.43	-102.62	0	1
