Dev_id	Index	Date	Time	Sensor1	Sensor1_Filter	Sensor1_LL	Sensor1_Diff	Sensor2	Sensor2_Filter	Sensor2_LL	Sensor2_Diff	Sensor3	Sensor3_Filter	Sensor3_LL	Sensor3_Diff	Sensor4	Sensor4_Filter	Sensor4_LL	Sensor4_Diff	Heater_Status	FSM_Status
PROTOTYPE	005767	04/15/18	20:36:02	0.4892597695390782	0.4892597695390782	11.28	0.0	4.69689378757515	4.733099010521042	66.66	-57.93	0.4892597695390782	0.4892597695390782	11.28	0.0	289.0	289.88	651.1	94.15	0	1
PROTOTYPE	005768	04/15/18	20:36:03	0.4892597695390782	0.4892597695390782	11.26	0.0	4.69689378757515	4.728206412825651	70.88	-64.24	0.4892597695390782	0.4892597695390782	11.26	0.0	284.0	289.0	723.4	-9.97	0	1
PROTOTYPE	005769	04/15/18	20:36:05	0.4892597695390782	0.4892597695390782	11.27	0.0	4.69689378757515	4.72331381513026	61.38	-54.61	0.4892597695390782	0.4892597695390782	11.27	0.0	286.0	288.55	754.84	-68.48	0	1
PROTOTYPE	005770	04/15/18	20:36:06	0.4892597695390782	0.4892597695390782	11.25	0.0	4.69689378757515	4.719399736973948	62.58	-61.42	0.4892597695390782	0.4892597695390782	11.25	0.0	276.0	286.67	856.61	-343.2	0	1
PROTOTYPE	005771	04/15/18	20:36:08	0.4892597695390782	0.4892597695390782	11.24	0.0	4.69689378757515	4.716464178356714	53.56	-52.2	0.4892597695390782	0.4892597695390782	11.24	0.0	292.0	287.47	770.11	-96.72	0	1
PROTOTYPE	005772	04/15/18	20:36:09	0.4892597695390782	0.4892597695390782	11.25	0.0	4.69689378757515	4.713528619739479	45.96	-44.37	0.4892597695390782	0.4892597695390782	11.25	0.0	284.0	286.95	723.65	-247.22	0	1
PROTOTYPE	005773	04/15/18	20:36:10	0.4892597695390782	0.4892597695390782	11.25	0.0	4.69689378757515	4.710593061122244	39.57	-37.72	0.4892597695390782	0.4892597695390782	11.25	0.0	295.0	288.16	748.14	-30.13	0	1
PROTOTYPE	005774	04/15/18	20:36:12	0.4892597695390782	0.4892597695390782	11.26	0.0	4.69689378757515	4.708636022044089	34.21	-32.06	0.4892597695390782	0.4892597695390782	11.26	0.0	298.0	289.63	737.66	-40.61	0	1
PROTOTYPE	005775	04/15/18	20:36:13	0.4892597695390782	0.4892597695390782	11.28	0.0	4.69689378757515	4.706678982965932	29.76	-27.25	0.4892597695390782	0.4892597695390782	11.28	0.0	290.0	289.69	727.73	-19.52	0	1
PROTOTYPE	005776	04/15/18	20:36:15	0.4892597695390782	0.4892597695390782	11.31	0.0	4.69689378757515	4.705700463426854	26.06	-23.16	0.4892597695390782	0.4892597695390782	11.31	0.0	285.0	288.98	709.81	-1.59	0	1
PROTOTYPE	005777	04/15/18	20:36:16	0.4892597695390782	0.4892597695390782	11.31	0.0	4.69689378757515	4.703743424348698	23.0	-19.69	0.4892597695390782	0.4892597695390782	11.31	0.0	289.0	288.99	666.22	43.65	0	1
PROTOTYPE	005778	04/15/18	20:36:18	0.4892597695390782	0.4892597695390782	11.29	0.0	4.69689378757515	4.702764904809619	20.48	-16.74	0.4892597695390782	0.4892597695390782	11.29	0.0	298.0	290.34	613.18	367.1	0	1
PROTOTYPE	005779	04/15/18	20:36:19	0.4892597695390782	0.4892597695390782	11.29	0.0	4.69689378757515	4.70178638527054	18.44	-14.23	0.4892597695390782	0.4892597695390782	11.29	0.0	286.0	289.69	598.27	222.03	0	1
PROTOTYPE	005780	04/15/18	20:36:20	0.4892597695390782	0.4892597695390782	11.3	0.0	4.69689378757515	4.70178638527054	16.81	-12.09	0.4892597695390782	0.4892597695390782	11.3	0.0	296.0	290.63	640.93	368.73	0	1
PROTOTYPE	005781	04/15/18	20:36:22	0.4892597695390782	0.4892597695390782	11.3	0.0	4.69689378757515	4.700807865731463	15.52	-10.28	0.4892597695390782	0.4892597695390782	11.3	0.0	296.0	291.44	600.63	328.42	0	1
PROTOTYPE	005782	04/15/18	20:36:23	0.4892597695390782	0.4892597695390782	11.29	0.0	4.599041833667335	4.685151553106213	28.61	-23.74	0.4892597695390782	0.4892597695390782	11.29	0.0	297.0	292.27	536.37	264.16	0	1
PROTOTYPE	005783	04/15/18	20:36:25	0.4892597695390782	0.4892597695390782	11.26	0.0	4.599041833667335	4.672430799098196	39.62	-35.18	0.4892597695390782	0.4892597695390782	11.26	0.0	278.0	290.13	744.77	44.53	0	1
PROTOTYPE	005784	04/15/18	20:36:26	0.4892597695390782	0.4892597695390782	11.25	0.0	4.599041833667335	4.661667084168337	48.88	-44.9	0.4892597695390782	0.4892597695390782	11.25	0.0	296.0	291.01	762.48	202.85	0	1
PROTOTYPE	005785	04/15/18	20:36:27	0.4892597695390782	0.4892597695390782	11.24	0.0	4.599041833667335	4.651881888777555	56.63	-53.16	0.4892597695390782	0.4892597695390782	11.24	0.0	296.0	291.76	835.87	277.43	0	1
PROTOTYPE	005786	04/15/18	20:36:29	0.4892597695390782	0.4892597695390782	11.24	0.0	4.69689378757515	4.658731525551103	61.86	-45.19	0.4892597695390782	0.4892597695390782	11.24	0.0	282.0	290.3	847.08	-4.19	0	1
PROTOTYPE	005787	04/15/18	20:36:30	0.4892597695390782	0.4892597695390782	11.26	0.0	4.69689378757515	4.664602642785572	66.18	-38.41	0.4892597695390782	0.4892597695390782	11.26	0.0	301.0	291.9	942.54	221.44	0	1
PROTOTYPE	005788	04/15/18	20:36:32	0.4892597695390782	0.4892597695390782	11.24	0.0	4.69689378757515	4.669495240480962	69.71	-32.65	0.4892597695390782	0.4892597695390782	11.24	0.0	291.0	291.77	861.45	113.22	0	1
PROTOTYPE	005789	04/15/18	20:36:33	0.4892597695390782	0.4892597695390782	11.23	0.0	4.69689378757515	4.673409318637274	72.58	-27.75	0.4892597695390782	0.4892597695390782	11.23	0.0	293.0	291.95	799.51	51.24	0	1
PROTOTYPE	005790	04/15/18	20:36:34	0.4892597695390782	0.4892597695390782	11.23	0.0	4.7947457414829655	4.69200118987976	75.58	6.41	0.4892597695390782	0.4892597695390782	11.23	0.0	290.0	291.66	745.4	-61.45	0	1
PROTOTYPE	005791	04/15/18	20:36:36	0.4892597695390782	0.4892597695390782	11.24	0.0	4.7947457414829655	4.706678982965932	78.13	35.45	0.4892597695390782	0.4892597695390782	11.24	0.0	296.0	292.31	596.42	217.77	0	1
PROTOTYPE	005792	04/15/18	20:36:37	0.4892597695390782	0.4892597695390782	11.23	0.0	4.7947457414829655	4.720378256513026	80.29	60.13	0.4892597695390782	0.4892597695390782	11.23	0.0	288.0	291.66	573.06	65.11	0	1
PROTOTYPE	005793	04/15/18	20:36:39	0.4892597695390782	0.4892597695390782	11.23	0.0	4.69689378757515	4.716464178356714	74.47	66.11	0.4892597695390782	0.4892597695390782	11.23	0.0	291.0	291.56	508.29	-19.66	0	1
PROTOTYPE	005794	04/15/18	20:36:40	0.4892597695390782	0.4892597695390782	11.23	0.0	4.7947457414829655	4.728206412825651	79.49	71.2	0.4892597695390782	0.4892597695390782	11.23	0.0	291.0	291.48	370.45	118.29	0	1
PROTOTYPE	005795	04/15/18	20:36:41	0.4892597695390782	0.4892597695390782	11.21	0.0	4.7947457414829655	4.737991608216433	83.74	75.52	0.4892597695390782	0.4892597695390782	11.21	0.0	293.0	291.71	232.74	-19.45	0	1
PROTOTYPE	005796	04/15/18	20:36:43	0.4892597695390782	0.4892597695390782	11.2	0.0	4.7947457414829655	4.746798284068136	87.33	79.19	0.4892597695390782	0.4892597695390782	11.2	0.0	297.0	292.5	298.54	73.46	0	1
PROTOTYPE	005797	04/15/18	20:36:44	0.4892597695390782	0.4892597695390782	11.23	0.0	4.69689378757515	4.738970127755511	90.68	67.31	0.4892597695390782	0.4892597695390782	11.23	0.0	291.0	292.28	302.55	32.44	0	1
PROTOTYPE	005798	04/15/18	20:36:46	0.4892597695390782	0.4892597695390782	11.23	0.0	4.69689378757515	4.733099010521042	78.7	42.21	0.4892597695390782	0.4892597695390782	11.23	0.0	280.0	290.43	457.39	-122.42	0	1
PROTOTYPE	005799	04/15/18	20:36:47	0.4892597695390782	0.4892597695390782	11.23	0.0	4.69689378757515	4.727227893286574	68.55	20.88	0.4892597695390782	0.4892597695390782	11.23	0.0	284.0	289.47	488.79	-284.06	0	1
PROTOTYPE	005800	04/15/18	20:36:48	0.4892597695390782	0.4892597695390782	11.23	0.0	4.69689378757515	4.72331381513026	59.96	2.75	0.4892597695390782	0.4892597695390782	11.23	0.0	300.0	291.05	582.09	-61.45	0	1
PROTOTYPE	005801	04/15/18	20:36:50	0.4892597695390782	0.4892597695390782	11.23	0.0	4.69689378757515	4.719399736973948	60.34	2.34	0.4892597695390782	0.4892597695390782	11.23	0.0	294.0	291.49	616.32	-7.23	0	1
PROTOTYPE	005802	04/15/18	20:36:51	0.4892597695390782	0.4892597695390782	11.25	0.0	4.69689378757515	4.715485658817635	51.99	-13.01	0.4892597695390782	0.4892597695390782	11.25	0.0	301.0	292.92	750.38	143.85	0	1
PROTOTYPE	005803	04/15/18	20:36:53	0.4892597695390782	0.4892597695390782	11.25	0.0	4.7947457414829655	4.727227893286574	53.93	-11.06	0.4892597695390782	0.4892597695390782	11.25	0.0	285.0	291.73	846.3	2.27	0	1
PROTOTYPE	005804	04/15/18	20:36:54	0.4892597695390782	0.4892597695390782	11.26	0.0	4.7947457414829655	4.737991608216433	55.57	-9.4	0.4892597695390782	0.4892597695390782	11.26	0.0	285.0	290.72	867.87	-178.07	0	1
PROTOTYPE	005805	04/15/18	20:36:55	0.4892597695390782	0.4892597695390782	11.24	0.0	4.7947457414829655	4.745819764529058	56.64	7.01	0.4892597695390782	0.4892597695390782	11.24	0.0	288.0	290.31	886.14	-196.36	0	1
PROTOTYPE	005806	04/15/18	20:36:57	0.4892597695390782	0.4892597695390782	11.25	0.0	4.69689378757515	4.738970127755511	57.67	5.96	0.4892597695390782	0.4892597695390782	11.25	0.0	294.0	290.87	757.32	43.1	0	1
PROTOTYPE	005807	04/15/18	20:36:58	0.4892597695390782	0.4892597695390782	11.26	0.0	4.69689378757515	4.732120490981964	58.55	5.06	0.4892597695390782	0.4892597695390782	11.26	0.0	293.0	291.19	692.83	171.63	0	1
PROTOTYPE	005808	04/15/18	20:37:00	0.4892597695390782	0.4892597695390782	11.27	0.0	4.69689378757515	4.727227893286574	59.28	4.3	0.4892597695390782	0.4892597695390782	11.27	0.0	288.0	290.71	582.68	-34.11	0	1
PROTOTYPE	005809	04/15/18	20:37:01	0.4892597695390782	0.4892597695390782	11.28	0.0	4.7947457414829655	4.7370130886773545	65.49	18.66	0.4892597695390782	0.4892597695390782	11.28	0.0	296.0	291.5	617.78	1.0	0	1
PROTOTYPE	005810	04/15/18	20:37:03	0.4892597695390782	0.4892597695390782	11.29	0.0	4.69689378757515	4.731141971442886	68.17	15.86	0.4892597695390782	0.4892597695390782	11.29	0.0	296.0	292.18	542.64	-74.15	0	1
PROTOTYPE	005811	04/15/18	20:37:04	0.4892597695390782	0.4892597695390782	11.28	0.0	4.7947457414829655	4.740927166833667	65.81	13.48	0.4892597695390782	0.4892597695390782	11.28	0.0	296.0	292.75	481.23	101.98	0	1
PROTOTYPE	005812	04/15/18	20:37:05	0.4892597695390782	0.4892597695390782	11.3	0.0	4.7947457414829655	4.748755323146293	63.82	11.46	0.4892597695390782	0.4892597695390782	11.3	0.0	283.0	291.29	526.53	56.68	0	1
PROTOTYPE	005813	04/15/18	20:37:07	0.4892597695390782	0.4892597695390782	11.31	0.0	4.7947457414829655	4.75560495991984	62.13	9.74	0.4892597695390782	0.4892597695390782	11.31	0.0	299.0	292.44	601.39	213.18	0	1
PROTOTYPE	005814	04/15/18	20:37:08	0.4892597695390782	0.4892597695390782	11.3	0.0	4.7947457414829655	4.761476077154308	60.57	23.28	0.4892597695390782	0.4892597695390782	11.3	0.0	277.0	290.13	777.73	-73.8	0	1
PROTOTYPE	005815	04/15/18	20:37:10	0.4892597695390782	0.4892597695390782	11.28	0.0	4.7947457414829655	4.7663686748497	59.26	34.79	0.4892597695390782	0.4892597695390782	11.28	0.0	295.0	290.86	818.78	-32.73	0	1
PROTOTYPE	005816	04/15/18	20:37:11	0.4892597695390782	0.4892597695390782	11.28	0.0	4.69689378757515	4.756583479458918	64.39	29.57	0.4892597695390782	0.4892597695390782	11.28	0.0	301.0	292.38	923.1	167.18	0	1
PROTOTYPE	005817	04/15/18	20:37:12	0.4892597695390782	0.4892597695390782	11.27	0.0	4.7947457414829655	4.761476077154308	60.02	25.13	0.4892597695390782	0.4892597695390782	11.27	0.0	290.0	292.02	879.43	52.1	0	1
PROTOTYPE	005818	04/15/18	20:37:14	0.4892597695390782	0.4892597695390782	11.26	0.0	4.7947457414829655	4.7663686748497	58.89	36.36	0.4892597695390782	0.4892597695390782	11.26	0.0	301.0	293.37	946.61	119.29	0	1
PROTOTYPE	005819	04/15/18	20:37:15	0.4892597695390782	0.4892597695390782	11.26	0.0	4.7947457414829655	4.7712612725450905	53.56	30.91	0.4892597695390782	0.4892597695390782	11.26	0.0	287.0	292.41	984.79	-33.61	0	1
PROTOTYPE	005820	04/15/18	20:37:17	0.4892597695390782	0.4892597695390782	11.23	0.0	4.7947457414829655	4.774196831162325	49.06	26.27	0.4892597695390782	0.4892597695390782	11.23	0.0	285.0	291.3	949.75	1.44	0	1
PROTOTYPE	005821	04/15/18	20:37:18	0.4892597695390782	0.4892597695390782	11.2	0.0	4.7947457414829655	4.77713238977956	45.27	22.33	0.4892597695390782	0.4892597695390782	11.2	0.0	275.0	288.86	1078.59	-358.78	0	1
PROTOTYPE	005822	04/15/18	20:37:19	0.4892597695390782	0.4892597695390782	11.19	0.0	4.69689378757515	4.765390155310622	51.59	3.98	0.4892597695390782	0.4892597695390782	11.19	0.0	295.0	289.78	939.08	-34.96	0	1
PROTOTYPE	005823	04/15/18	20:37:21	0.4892597695390782	0.4892597695390782	11.19	0.0	4.7947457414829655	4.770282753006012	51.01	3.38	0.4892597695390782	0.4892597695390782	11.19	0.0	296.0	290.71	959.32	-14.72	0	1
PROTOTYPE	005824	04/15/18	20:37:22	0.4892597695390782	0.4892597695390782	11.2	0.0	4.7947457414829655	4.773218311623246	44.3	17.88	0.4892597695390782	0.4892597695390782	11.2	0.0	295.0	291.35	871.54	-102.51	0	1
PROTOTYPE	005825	04/15/18	20:37:24	0.4892597695390782	0.4892597695390782	11.2	0.0	4.69689378757515	4.762454596693387	50.07	0.2	0.4892597695390782	0.4892597695390782	11.2	0.0	282.0	289.95	976.14	-207.13	0	1
PROTOTYPE	005826	04/15/18	20:37:25	0.4892597695390782	0.4892597695390782	11.18	0.0	4.69689378757515	4.752669401302605	54.93	-14.83	0.4892597695390782	0.4892597695390782	11.18	0.0	292.0	290.26	872.23	-311.06	0	1
PROTOTYPE	005827	04/15/18	20:37:26	0.4892597695390782	0.4892597695390782	11.18	0.0	4.7947457414829655	4.758540518537075	57.08	-12.61	0.4892597695390782	0.4892597695390782	11.18	0.0	291.0	290.37	787.89	-204.4	0	1
PROTOTYPE	005828	04/15/18	20:37:28	0.4892597695390782	0.4892597695390782	11.18	0.0	4.69689378757515	4.74973384268537	62.77	-25.72	0.4892597695390782	0.4892597695390782	11.18	0.0	286.0	289.71	742.23	-158.74	0	1
PROTOTYPE	005829	04/15/18	20:37:29	0.4892597695390782	0.4892597695390782	11.18	0.0	4.69689378757515	4.741905686372746	67.55	-36.86	0.4892597695390782	0.4892597695390782	11.18	0.0	294.0	290.36	562.0	150.07	0	1
PROTOTYPE	005830	04/15/18	20:37:31	0.4892597695390782	0.4892597695390782	11.18	0.0	4.7947457414829655	4.74973384268537	63.37	-16.33	0.4892597695390782	0.4892597695390782	11.18	0.0	281.0	288.95	610.2	-82.44	0	1
PROTOTYPE	005831	04/15/18	20:37:32	0.4892597695390782	0.4892597695390782	11.18	0.0	4.7947457414829655	4.756583479458918	65.75	-13.88	0.4892597695390782	0.4892597695390782	11.18	0.0	293.0	289.56	577.58	-115.08	0	1
PROTOTYPE	005832	04/15/18	20:37:33	0.4892597695390782	0.4892597695390782	11.17	0.0	4.69689378757515	4.747776803607215	70.9	-26.8	0.4892597695390782	0.4892597695390782	11.17	0.0	304.0	291.73	729.83	37.19	0	1
PROTOTYPE	005833	04/15/18	20:37:35	0.4892597695390782	0.4892597695390782	11.19	0.0	4.69689378757515	4.739948647294589	66.92	-22.78	0.4892597695390782	0.4892597695390782	11.19	0.0	292.0	291.77	593.84	181.61	0	1
PROTOTYPE	005834	04/15/18	20:37:36	0.4892597695390782	0.4892597695390782	11.22	0.0	4.69689378757515	4.733099010521042	63.56	-19.36	0.4892597695390782	0.4892597695390782	11.22	0.0	283.0	290.45	694.6	19.37	0	1
PROTOTYPE	005835	04/15/18	20:37:38	0.4892597695390782	0.4892597695390782	11.23	0.0	4.7947457414829655	4.742884205911824	66.42	-16.46	0.4892597695390782	0.4892597695390782	11.23	0.0	292.0	290.68	706.65	31.46	0	1
PROTOTYPE	005836	04/15/18	20:37:39	0.4892597695390782	0.4892597695390782	11.26	0.0	4.7947457414829655	4.750712362224449	64.97	1.01	0.4892597695390782	0.4892597695390782	11.26	0.0	294.0	291.18	690.84	146.74	0	1
PROTOTYPE	005837	04/15/18	20:37:40	0.4892597695390782	0.4892597695390782	11.28	0.0	4.69689378757515	4.741905686372746	65.12	0.86	0.4892597695390782	0.4892597695390782	11.28	0.0	295.0	291.75	683.83	139.73	0	1
PROTOTYPE	005838	04/15/18	20:37:42	0.4892597695390782	0.4892597695390782	11.3	0.0	4.7947457414829655	4.750712362224449	65.0	0.73	0.4892597695390782	0.4892597695390782	11.3	0.0	288.0	291.19	599.8	223.77	0	1
PROTOTYPE	005839	04/15/18	20:37:43	0.4892597695390782	0.4892597695390782	11.29	0.0	4.7947457414829655	4.756583479458918	64.89	0.62	0.4892597695390782	0.4892597695390782	11.29	0.0	297.0	292.06	626.23	250.21	0	1
PROTOTYPE	005840	04/15/18	20:37:45	0.4892597695390782	0.4892597695390782	11.27	0.0	4.69689378757515	4.747776803607215	64.98	0.53	0.4892597695390782	0.4892597695390782	11.27	0.0	289.0	291.6	455.6	-12.33	0	1
PROTOTYPE	005841	04/15/18	20:37:46	0.4892597695390782	0.4892597695390782	11.26	0.0	4.69689378757515	4.739948647294589	65.05	0.45	0.4892597695390782	0.4892597695390782	11.26	0.0	301.0	293.01	592.21	124.52	0	1
PROTOTYPE	005842	04/15/18	20:37:47	0.4892597695390782	0.4892597695390782	11.24	0.0	4.69689378757515	4.73407753006012	65.11	0.38	0.4892597695390782	0.4892597695390782	11.24	0.0	283.0	291.51	610.89	105.85	0	1
PROTOTYPE	005843	04/15/18	20:37:49	0.4892597695390782	0.4892597695390782	11.25	0.0	4.69689378757515	4.728206412825651	61.43	-14.68	0.4892597695390782	0.4892597695390782	11.25	0.0	281.0	289.93	745.3	-75.03	0	1
PROTOTYPE	005844	04/15/18	20:37:50	0.4892597695390782	0.4892597695390782	11.25	0.0	4.7947457414829655	4.737991608216433	63.6	-12.47	0.4892597695390782	0.4892597695390782	11.25	0.0	284.0	289.04	784.58	-213.78	0	1
PROTOTYPE	005845	04/15/18	20:37:52	0.4892597695390782	0.4892597695390782	11.24	0.0	4.7947457414829655	4.746798284068136	64.06	4.4	0.4892597695390782	0.4892597695390782	11.24	0.0	291.0	289.34	756.66	-241.71	0	1
PROTOTYPE	005846	04/15/18	20:37:53	0.4892597695390782	0.4892597695390782	11.23	0.0	4.7947457414829655	4.753647920841684	63.41	3.74	0.4892597695390782	0.4892597695390782	11.23	0.0	294.0	290.04	770.28	-115.45	0	1
PROTOTYPE	005847	04/15/18	20:37:55	0.4892597695390782	0.4892597695390782	11.25	0.0	4.7947457414829655	4.76049755761523	62.86	3.18	0.4892597695390782	0.4892597695390782	11.25	0.0	295.0	290.78	757.6	-128.14	0	1
PROTOTYPE	005848	04/15/18	20:37:56	0.4892597695390782	0.4892597695390782	11.29	0.0	4.7947457414829655	4.765390155310622	59.07	17.7	0.4892597695390782	0.4892597695390782	11.29	0.0	293.0	291.11	744.95	-48.92	0	1
PROTOTYPE	005849	04/15/18	20:37:57	0.4892597695390782	0.4892597695390782	11.32	0.0	4.7947457414829655	4.769304233466934	55.87	30.05	0.4892597695390782	0.4892597695390782	11.32	0.0	296.0	291.85	677.29	-116.58	0	1
PROTOTYPE	005850	04/15/18	20:37:59	0.4892597695390782	0.4892597695390782	11.33	0.0	4.7947457414829655	4.773218311623246	53.18	40.54	0.4892597695390782	0.4892597695390782	11.33	0.0	296.0	292.47	589.4	95.91	0	1
PROTOTYPE	005851	04/15/18	20:38:00	0.4892597695390782	0.4892597695390782	11.34	0.0	4.7947457414829655	4.776153870240481	50.92	49.46	0.4892597695390782	0.4892597695390782	11.34	0.0	290.0	292.1	468.81	216.52	0	1
PROTOTYPE	005852	04/15/18	20:38:02	0.4892597695390782	0.4892597695390782	11.34	0.0	4.7947457414829655	4.7790894288577155	43.74	42.04	0.4892597695390782	0.4892597695390782	11.34	0.0	283.0	290.73	516.28	169.04	0	1
PROTOTYPE	005853	04/15/18	20:38:03	0.4892597695390782	0.4892597695390782	11.36	0.0	4.7947457414829655	4.78202498747495	37.72	35.73	0.4892597695390782	0.4892597695390782	11.36	0.0	283.0	289.57	602.94	23.69	0	1
PROTOTYPE	005854	04/15/18	20:38:04	0.4892597695390782	0.4892597695390782	11.36	0.0	4.7947457414829655	4.783982026553106	32.67	30.37	0.4892597695390782	0.4892597695390782	11.36	0.0	298.0	290.84	659.38	80.13	0	1
PROTOTYPE	005855	04/15/18	20:38:06	0.4892597695390782	0.4892597695390782	11.37	0.0	4.892597695390782	4.799638339178356	43.01	40.82	0.4892597695390782	0.4892597695390782	11.37	0.0	298.0	291.91	692.36	113.11	0	1
PROTOTYPE	005856	04/15/18	20:38:07	0.4892597695390782	0.4892597695390782	11.35	0.0	4.892597695390782	4.81431613226453	51.77	49.69	0.4892597695390782	0.4892597695390782	11.35	0.0	292.0	291.93	660.97	81.15	0	1
PROTOTYPE	005857	04/15/18	20:38:09	0.4892597695390782	0.4892597695390782	11.31	0.0	4.892597695390782	4.826058366733467	59.18	57.24	0.4892597695390782	0.4892597695390782	11.31	0.0	286.0	291.04	676.56	-81.03	0	1
PROTOTYPE	005858	04/15/18	20:38:10	0.4892597695390782	0.4892597695390782	11.3	0.0	4.892597695390782	4.835843562124248	65.43	63.65	0.4892597695390782	0.4892597695390782	11.3	0.0	300.0	292.38	748.71	-8.87	0	1
PROTOTYPE	005859	04/15/18	20:38:12	0.4892597695390782	0.4892597695390782	11.28	0.0	4.892597695390782	4.8446502379759515	70.7	69.11	0.4892597695390782	0.4892597695390782	11.28	0.0	288.0	291.72	777.37	-37.54	0	1
PROTOTYPE	005860	04/15/18	20:38:13	0.4892597695390782	0.4892597695390782	11.27	0.0	4.7947457414829655	4.8368220816633265	75.3	58.74	0.4892597695390782	0.4892597695390782	11.27	0.0	296.0	292.37	705.02	163.09	0	1
PROTOTYPE	005861	04/15/18	20:38:14	0.4892597695390782	0.4892597695390782	11.26	0.0	4.7947457414829655	4.830950964428858	79.14	49.93	0.4892597695390782	0.4892597695390782	11.26	0.0	276.0	289.91	834.48	33.63	0	1
PROTOTYPE	005862	04/15/18	20:38:16	0.4892597695390782	0.4892597695390782	11.26	0.0	4.7947457414829655	4.825079847194389	82.35	42.44	0.4892597695390782	0.4892597695390782	11.26	0.0	294.0	290.52	769.45	-31.42	0	1
PROTOTYPE	005863	04/15/18	20:38:17	0.4892597695390782	0.4892597695390782	11.26	0.0	4.892597695390782	4.83486504258517	76.02	36.07	0.4892597695390782	0.4892597695390782	11.26	0.0	298.0	291.65	774.16	-26.7	0	1
PROTOTYPE	005864	04/15/18	20:38:19	0.4892597695390782	0.4892597695390782	11.26	0.0	4.892597695390782	4.843671718436874	70.66	30.66	0.4892597695390782	0.4892597695390782	11.26	0.0	301.0	293.05	912.56	112.3	0	1
PROTOTYPE	005865	04/15/18	20:38:20	0.4892597695390782	0.4892597695390782	11.26	0.0	4.7947457414829655	4.8368220816633265	66.16	11.06	0.4892597695390782	0.4892597695390782	11.26	0.0	301.0	294.24	942.94	320.46	0	1
PROTOTYPE	005866	04/15/18	20:38:21	0.4892597695390782	0.4892597695390782	11.26	0.0	4.7947457414829655	4.829972444889779	62.36	-5.6	0.4892597695390782	0.4892597695390782	11.26	0.0	282.0	292.41	992.11	2.39	0	1
PROTOTYPE	005867	04/15/18	20:38:23	0.4892597695390782	0.4892597695390782	11.27	0.0	4.7947457414829655	4.825079847194389	59.15	-19.76	0.4892597695390782	0.4892597695390782	11.27	0.0	286.0	291.44	1022.46	-27.97	0	1
PROTOTYPE	005868	04/15/18	20:38:24	0.4892597695390782	0.4892597695390782	11.29	0.0	4.892597695390782	4.83486504258517	61.9	-1.79	0.4892597695390782	0.4892597695390782	11.29	0.0	278.0	289.43	1159.98	-293.77	0	1
PROTOTYPE	005869	04/15/18	20:38:26	0.4892597695390782	0.4892597695390782	11.28	0.0	4.7947457414829655	4.8289939253507015	61.64	-1.52	0.4892597695390782	0.4892597695390782	11.28	0.0	299.0	290.86	1058.08	95.29	0	1
PROTOTYPE	005870	04/15/18	20:38:27	0.4892597695390782	0.4892597695390782	11.28	0.0	4.7947457414829655	4.82410132765531	61.42	-1.3	0.4892597695390782	0.4892597695390782	11.28	0.0	286.0	290.13	1069.69	-39.0	0	1
PROTOTYPE	005871	04/15/18	20:38:28	0.4892597695390782	0.4892597695390782	11.27	0.0	4.7947457414829655	4.81920872995992	55.66	-16.1	0.4892597695390782	0.4892597695390782	11.27	0.0	285.0	289.36	1034.57	-228.15	0	1
PROTOTYPE	005872	04/15/18	20:38:30	0.4892597695390782	0.4892597695390782	11.27	0.0	4.7947457414829655	4.816273171342686	50.81	-28.69	0.4892597695390782	0.4892597695390782	11.27	0.0	287.0	289.01	929.73	-403.93	0	1
PROTOTYPE	005873	04/15/18	20:38:31	0.4892597695390782	0.4892597695390782	11.28	0.0	4.7947457414829655	4.812359093186372	46.67	-24.38	0.4892597695390782	0.4892597695390782	11.28	0.0	280.0	287.66	945.6	-658.34	0	1
PROTOTYPE	005874	04/15/18	20:38:33	0.4892597695390782	0.4892597695390782	11.28	0.0	4.7947457414829655	4.810402054108216	43.2	-20.73	0.4892597695390782	0.4892597695390782	11.28	0.0	283.0	286.96	831.86	-544.59	0	1
PROTOTYPE	005875	04/15/18	20:38:34	0.4892597695390782	0.4892597695390782	11.29	0.0	4.7947457414829655	4.807466495490982	40.31	-17.62	0.4892597695390782	0.4892597695390782	11.29	0.0	304.0	289.52	991.38	-192.9	0	1
PROTOTYPE	005876	04/15/18	20:38:35	0.4892597695390782	0.4892597695390782	11.26	0.0	4.7947457414829655	4.805509456412826	32.26	-29.97	0.4892597695390782	0.4892597695390782	11.26	0.0	291.0	289.74	812.03	31.03	0	1
PROTOTYPE	005877	04/15/18	20:38:37	0.4892597695390782	0.4892597695390782	11.27	0.0	4.7947457414829655	4.804530936873748	28.12	-25.48	0.4892597695390782	0.4892597695390782	11.27	0.0	290.0	289.78	672.61	-108.62	0	1
PROTOTYPE	005878	04/15/18	20:38:38	0.4892597695390782	0.4892597695390782	11.26	0.0	4.7947457414829655	4.802573897795591	24.68	-21.66	0.4892597695390782	0.4892597695390782	11.26	0.0	291.0	289.96	618.04	-17.33	0	1
PROTOTYPE	005879	04/15/18	20:38:40	0.4892597695390782	0.4892597695390782	11.24	0.0	4.7947457414829655	4.801595378256513	21.85	-18.41	0.4892597695390782	0.4892597695390782	11.24	0.0	287.0	289.52	585.45	15.27	0	1
PROTOTYPE	005880	04/15/18	20:38:41	0.4892597695390782	0.4892597695390782	11.23	0.0	4.7947457414829655	4.800616858717435	19.54	-15.65	0.4892597695390782	0.4892597695390782	11.23	0.0	296.0	290.49	647.22	147.98	0	1
PROTOTYPE	005881	04/15/18	20:38:43	0.4892597695390782	0.4892597695390782	11.23	0.0	4.7947457414829655	4.799638339178356	17.68	-13.3	0.4892597695390782	0.4892597695390782	11.23	0.0	290.0	290.42	519.54	275.78	0	1
PROTOTYPE	005882	04/15/18	20:38:44	0.4892597695390782	0.4892597695390782	11.23	0.0	4.7947457414829655	4.798659819639279	16.19	-11.3	0.4892597695390782	0.4892597695390782	11.23	0.0	298.0	291.55	563.43	459.42	0	1
PROTOTYPE	005883	04/15/18	20:38:45	0.4892597695390782	0.4892597695390782	11.21	0.0	4.7947457414829655	4.798659819639279	15.0	-9.61	0.4892597695390782	0.4892597695390782	11.21	0.0	291.0	291.47	316.24	195.5	0	1
PROTOTYPE	005884	04/15/18	20:38:47	0.4892597695390782	0.4892597695390782	11.2	0.0	4.7947457414829655	4.7976813001002006	14.06	-8.17	0.4892597695390782	0.4892597695390782	11.2	0.0	301.0	292.9	436.87	316.18	0	1
PROTOTYPE	005885	04/15/18	20:38:48	0.4892597695390782	0.4892597695390782	11.19	0.0	4.7947457414829655	4.7976813001002006	13.34	-6.94	0.4892597695390782	0.4892597695390782	11.19	0.0	297.0	293.51	494.22	373.75	0	1
PROTOTYPE	005886	04/15/18	20:38:50	0.4892597695390782	0.4892597695390782	11.22	0.0	4.7947457414829655	4.796702780561122	12.82	-5.9	0.4892597695390782	0.4892597695390782	11.22	0.0	289.0	292.84	543.56	287.69	0	1
PROTOTYPE	005887	04/15/18	20:38:51	0.4892597695390782	0.4892597695390782	11.24	0.0	4.7947457414829655	4.796702780561122	12.42	-5.02	0.4892597695390782	0.4892597695390782	11.24	0.0	301.0	294.06	621.57	454.54	0	1
PROTOTYPE	005888	04/15/18	20:38:52	0.4892597695390782	0.4892597695390782	11.23	0.0	4.7947457414829655	4.796702780561122	12.1	-4.26	0.4892597695390782	0.4892597695390782	11.23	0.0	288.0	293.15	615.25	266.36	0	1
PROTOTYPE	005889	04/15/18	20:38:54	0.4892597695390782	0.4892597695390782	11.21	0.0	4.7947457414829655	4.795724261022044	11.85	-3.62	0.4892597695390782	0.4892597695390782	11.21	0.0	305.0	294.93	785.5	451.4	0	1
PROTOTYPE	005890	04/15/18	20:38:55	0.4892597695390782	0.4892597695390782	11.21	0.0	4.7947457414829655	4.795724261022044	11.67	-3.08	0.4892597695390782	0.4892597695390782	11.21	0.0	285.0	293.44	820.68	188.69	0	1
PROTOTYPE	005891	04/15/18	20:38:57	0.4892597695390782	0.4892597695390782	11.2	0.0	4.7947457414829655	4.795724261022044	11.54	-2.62	0.4892597695390782	0.4892597695390782	11.2	0.0	286.0	292.32	923.87	85.39	0	1
PROTOTYPE	005892	04/15/18	20:38:58	0.4892597695390782	0.4892597695390782	11.2	0.0	4.7947457414829655	4.795724261022044	11.44	-2.23	0.4892597695390782	0.4892597695390782	11.2	0.0	285.0	291.23	890.8	-167.42	0	1
PROTOTYPE	005893	04/15/18	20:38:59	0.4892597695390782	0.4892597695390782	11.19	0.0	4.7947457414829655	4.795724261022044	11.37	-1.89	0.4892597695390782	0.4892597695390782	11.19	0.0	289.0	290.89	862.69	-262.31	0	1
PROTOTYPE	005894	04/15/18	20:39:01	0.4892597695390782	0.4892597695390782	11.18	0.0	4.7947457414829655	4.795724261022044	11.31	-1.61	0.4892597695390782	0.4892597695390782	11.18	0.0	299.0	292.11	916.58	-72.96	0	1
PROTOTYPE	005895	04/15/18	20:39:02	0.4892597695390782	0.4892597695390782	11.16	0.0	4.7947457414829655	4.795724261022044	11.25	-1.37	0.4892597695390782	0.4892597695390782	11.16	0.0	291.0	291.94	810.82	-212.02	0	1
PROTOTYPE	005896	04/15/18	20:39:04	0.4892597695390782	0.4892597695390782	11.17	0.0	4.892597695390782	4.809423534569138	24.82	13.84	0.4892597695390782	0.4892597695390782	11.17	0.0	290.0	291.65	749.04	-150.21	0	1
PROTOTYPE	005897	04/15/18	20:39:05	0.4892597695390782	0.4892597695390782	11.19	0.0	4.892597695390782	4.822144288577155	36.17	26.76	0.4892597695390782	0.4892597695390782	11.19	0.0	288.0	291.1	626.1	-382.68	0	1
PROTOTYPE	005898	04/15/18	20:39:06	0.4892597695390782	0.4892597695390782	11.18	0.0	4.7947457414829655	4.818230210420841	39.2	22.75	0.4892597695390782	0.4892597695390782	11.18	0.0	301.0	292.59	625.61	-85.28	0	1
PROTOTYPE	005899	04/15/18	20:39:08	0.4892597695390782	0.4892597695390782	11.18	0.0	4.7947457414829655	4.81431613226453	41.64	19.34	0.4892597695390782	0.4892597695390782	11.18	0.0	281.0	290.85	687.81	-147.49	0	1
PROTOTYPE	005900	04/15/18	20:39:09	0.4892597695390782	0.4892597695390782	11.18	0.0	4.7947457414829655	4.811380573647295	43.59	16.44	0.4892597695390782	0.4892597695390782	11.18	0.0	297.0	291.77	670.21	54.64	0	1
PROTOTYPE	005901	04/15/18	20:39:10	0.4892597695390782	0.4892597695390782	11.18	0.0	4.7947457414829655	4.809423534569138	45.14	13.97	0.4892597695390782	0.4892597695390782	11.18	0.0	278.0	289.71	843.38	-118.56	0	1
PROTOTYPE	005902	04/15/18	20:39:12	0.4892597695390782	0.4892597695390782	11.17	0.0	4.7947457414829655	4.806487975951903	46.33	11.87	0.4892597695390782	0.4892597695390782	11.17	0.0	282.0	288.55	837.35	-355.78	0	1
PROTOTYPE	005903	04/15/18	20:39:13	0.4892597695390782	0.4892597695390782	11.19	0.0	4.7947457414829655	4.805509456412826	47.28	10.09	0.4892597695390782	0.4892597695390782	11.19	0.0	299.0	290.12	977.43	-182.41	0	1
PROTOTYPE	005904	04/15/18	20:39:15	0.4892597695390782	0.4892597695390782	11.21	0.0	4.7947457414829655	4.80355241733467	34.43	-6.42	0.4892597695390782	0.4892597695390782	11.21	0.0	281.0	288.75	1085.04	-290.05	0	1
PROTOTYPE	005905	04/15/18	20:39:16	0.4892597695390782	0.4892597695390782	11.22	0.0	4.7947457414829655	4.802573897795591	23.63	-20.46	0.4892597695390782	0.4892597695390782	11.22	0.0	285.0	288.19	1086.53	-291.54	0	1
PROTOTYPE	005906	04/15/18	20:39:18	0.4892597695390782	0.4892597695390782	11.23	0.0	4.7947457414829655	4.801595378256513	21.0	-17.39	0.4892597695390782	0.4892597695390782	11.23	0.0	283.0	287.41	1015.89	-517.81	0	1
PROTOTYPE	005907	04/15/18	20:39:19	0.4892597695390782	0.4892597695390782	11.26	0.0	4.7947457414829655	4.800616858717435	18.87	-14.78	0.4892597695390782	0.4892597695390782	11.26	0.0	290.0	287.8	880.96	-305.14	0	1
PROTOTYPE	005908	04/15/18	20:39:20	0.4892597695390782	0.4892597695390782	11.29	0.0	4.7947457414829655	4.799638339178356	17.17	-12.56	0.4892597695390782	0.4892597695390782	11.29	0.0	286.0	287.53	815.7	-424.37	0	1
PROTOTYPE	005909	04/15/18	20:39:22	0.4892597695390782	0.4892597695390782	11.31	0.0	4.7947457414829655	4.798659819639279	15.81	-10.68	0.4892597695390782	0.4892597695390782	11.31	0.0	293.0	288.35	691.2	-135.71	0	1
PROTOTYPE	005910	04/15/18	20:39:23	0.4892597695390782	0.4892597695390782	11.31	0.0	4.7947457414829655	4.7976813001002006	14.72	-9.08	0.4892597695390782	0.4892597695390782	11.31	0.0	291.0	288.75	615.39	19.64	0	1
PROTOTYPE	005911	04/15/18	20:39:25	0.4892597695390782	0.4892597695390782	11.3	0.0	4.7947457414829655	4.7976813001002006	13.87	-7.72	0.4892597695390782	0.4892597695390782	11.3	0.0	297.0	289.98	582.44	-13.3	0	1
PROTOTYPE	005912	04/15/18	20:39:26	0.4892597695390782	0.4892597695390782	11.27	0.0	4.7947457414829655	4.796702780561122	13.19	-6.56	0.4892597695390782	0.4892597695390782	11.27	0.0	278.0	288.19	625.45	-56.31	0	1
PROTOTYPE	005913	04/15/18	20:39:27	0.4892597695390782	0.4892597695390782	11.27	0.0	4.7947457414829655	4.796702780561122	12.7	-5.57	0.4892597695390782	0.4892597695390782	11.27	0.0	278.0	286.66	721.99	-152.86	0	1
PROTOTYPE	005914	04/15/18	20:39:29	0.4892597695390782	0.4892597695390782	11.28	0.0	4.7947457414829655	4.796702780561122	12.33	-4.74	0.4892597695390782	0.4892597695390782	11.28	0.0	296.0	288.06	784.29	65.07	0	1
PROTOTYPE	005915	04/15/18	20:39:30	0.4892597695390782	0.4892597695390782	11.27	0.0	4.69689378757515	4.78202498747495	25.94	-19.03	0.4892597695390782	0.4892597695390782	11.27	0.0	288.0	288.05	747.08	25.31	0	1
PROTOTYPE	005916	04/15/18	20:39:32	0.4892597695390782	0.4892597695390782	11.25	0.0	4.69689378757515	4.769304233466934	37.35	-31.17	0.4892597695390782	0.4892597695390782	11.25	0.0	297.0	289.39	854.31	186.51	0	1
PROTOTYPE	005917	04/15/18	20:39:33	0.4892597695390782	0.4892597695390782	11.26	0.0	4.69689378757515	4.758540518537075	46.89	-41.5	0.4892597695390782	0.4892597695390782	11.26	0.0	286.0	288.88	823.14	53.54	0	1
PROTOTYPE	005918	04/15/18	20:39:34	0.4892597695390782	0.4892597695390782	11.26	0.0	4.7947457414829655	4.763433116232465	51.16	-35.27	0.4892597695390782	0.4892597695390782	11.26	0.0	294.0	289.65	860.1	90.5	0	1
PROTOTYPE	005919	04/15/18	20:39:36	0.4892597695390782	0.4892597695390782	11.27	0.0	4.7947457414829655	4.768325713927855	54.66	-29.98	0.4892597695390782	0.4892597695390782	11.27	0.0	287.0	289.25	776.09	-73.07	0	1
PROTOTYPE	005920	04/15/18	20:39:37	0.4892597695390782	0.4892597695390782	11.28	0.0	4.7947457414829655	4.772239792084169	57.5	-25.48	0.4892597695390782	0.4892597695390782	11.28	0.0	287.0	288.92	630.16	72.89	0	1
PROTOTYPE	005921	04/15/18	20:39:39	0.4892597695390782	0.4892597695390782	11.28	0.0	4.7947457414829655	4.775175350701403	59.76	-21.66	0.4892597695390782	0.4892597695390782	11.28	0.0	295.0	289.83	568.62	316.96	0	1
PROTOTYPE	005922	04/15/18	20:39:40	0.4892597695390782	0.4892597695390782	11.28	0.0	4.7947457414829655	4.778110909318637	61.58	-18.41	0.4892597695390782	0.4892597695390782	11.28	0.0	296.0	290.75	521.08	269.41	0	1
PROTOTYPE	005923	04/15/18	20:39:42	0.4892597695390782	0.4892597695390782	11.27	0.0	4.7947457414829655	4.781046467935872	49.11	-0.65	0.4892597695390782	0.4892597695390782	11.27	0.0	289.0	290.49	545.76	244.0	0	1
PROTOTYPE	005924	04/15/18	20:39:43	0.4892597695390782	0.4892597695390782	11.28	0.0	4.7947457414829655	4.783003507014028	38.6	14.45	0.4892597695390782	0.4892597695390782	11.28	0.0	284.0	289.52	508.89	12.4	0	1
PROTOTYPE	005925	04/15/18	20:39:44	0.4892597695390782	0.4892597695390782	11.26	0.0	4.7947457414829655	4.784960546092184	29.77	27.28	0.4892597695390782	0.4892597695390782	11.26	0.0	284.0	288.69	540.74	-19.46	0	1
PROTOTYPE	005926	04/15/18	20:39:46	0.4892597695390782	0.4892597695390782	11.26	0.0	4.7947457414829655	4.785939065631262	26.05	23.19	0.4892597695390782	0.4892597695390782	11.26	0.0	283.0	287.84	549.36	-181.54	0	1
PROTOTYPE	005927	04/15/18	20:39:47	0.4892597695390782	0.4892597695390782	11.26	0.0	4.7947457414829655	4.787896104709419	22.98	19.71	0.4892597695390782	0.4892597695390782	11.26	0.0	289.0	288.01	527.07	-124.31	0	1
PROTOTYPE	005928	04/15/18	20:39:49	0.4892597695390782	0.4892597695390782	11.26	0.0	4.892597695390782	4.80355241733467	34.85	31.75	0.4892597695390782	0.4892597695390782	11.26	0.0	294.0	288.91	583.07	-0.66	0	1
PROTOTYPE	005929	04/15/18	20:39:50	0.4892597695390782	0.4892597695390782	11.25	0.0	4.7947457414829655	4.801595378256513	33.04	26.99	0.4892597695390782	0.4892597695390782	11.25	0.0	288.0	288.77	505.51	-105.56	0	1
PROTOTYPE	005930	04/15/18	20:39:51	0.4892597695390782	0.4892597695390782	11.24	0.0	4.7947457414829655	4.800616858717435	31.57	22.94	0.4892597695390782	0.4892597695390782	11.24	0.0	290.0	288.96	431.39	-179.73	0	1
PROTOTYPE	005931	04/15/18	20:39:53	0.4892597695390782	0.4892597695390782	11.26	0.0	4.7947457414829655	4.799638339178356	30.42	19.5	0.4892597695390782	0.4892597695390782	11.26	0.0	285.0	288.36	464.41	-212.77	0	1
PROTOTYPE	005932	04/15/18	20:39:54	0.4892597695390782	0.4892597695390782	11.25	0.0	4.7947457414829655	4.799638339178356	29.48	16.58	0.4892597695390782	0.4892597695390782	11.25	0.0	280.0	287.11	492.49	-240.85	0	1
PROTOTYPE	005933	04/15/18	20:39:56	0.4892597695390782	0.4892597695390782	11.24	0.0	4.7947457414829655	4.798659819639279	28.75	14.09	0.4892597695390782	0.4892597695390782	11.24	0.0	286.0	286.94	426.41	-174.73	0	1
PROTOTYPE	005934	04/15/18	20:39:57	0.4892597695390782	0.4892597695390782	11.23	0.0	4.7947457414829655	4.7976813001002006	28.18	11.98	0.4892597695390782	0.4892597695390782	11.23	0.0	286.0	286.8	355.26	-103.52	0	1
PROTOTYPE	005935	04/15/18	20:39:58	0.4892597695390782	0.4892597695390782	11.24	0.0	4.7947457414829655	4.7976813001002006	27.77	10.18	0.4892597695390782	0.4892597695390782	11.24	0.0	288.0	286.98	355.79	-102.99	0	1
PROTOTYPE	005936	04/15/18	20:40:00	0.4892597695390782	0.4892597695390782	11.23	0.0	4.7947457414829655	4.796702780561122	13.05	-6.35	0.4892597695390782	0.4892597695390782	11.23	0.0	273.0	284.88	475.66	-402.54	0	1
PROTOTYPE	005937	04/15/18	20:40:01	0.4892597695390782	0.4892597695390782	11.22	0.0	4.7947457414829655	4.796702780561122	12.57	-5.4	0.4892597695390782	0.4892597695390782	11.22	0.0	285.0	284.9	464.18	-387.16	0	1
PROTOTYPE	005938	04/15/18	20:40:03	0.4892597695390782	0.4892597695390782	11.21	0.0	4.7947457414829655	4.796702780561122	12.21	-4.59	0.4892597695390782	0.4892597695390782	11.21	0.0	290.0	285.67	522.22	-329.09	0	1
PROTOTYPE	005939	04/15/18	20:40:04	0.4892597695390782	0.4892597695390782	11.18	0.0	4.7947457414829655	4.795724261022044	11.91	-3.9	0.39140781563126253	0.4745819764529058	24.85	-15.0	274.0	283.92	637.84	-444.72	0	1
PROTOTYPE	005940	04/15/18	20:40:05	0.4892597695390782	0.4892597695390782	11.17	0.0	4.7947457414829655	4.795724261022044	11.71	-3.31	0.4892597695390782	0.4765390155310621	26.1	-12.75	280.0	283.33	571.14	-378.01	0	1
PROTOTYPE	005941	04/15/18	20:40:07	0.4892597695390782	0.4892597695390782	11.17	0.0	4.69689378757515	4.781046467935872	25.41	-17.82	0.4892597695390782	0.47849605460921835	27.07	-10.84	281.0	282.98	589.41	-396.31	0	1
PROTOTYPE	005942	04/15/18	20:40:08	0.4892597695390782	0.4892597695390782	11.18	0.0	4.69689378757515	4.768325713927855	36.88	-30.14	0.4892597695390782	0.48045309368737477	27.82	-9.21	288.0	283.73	650.52	-306.87	0	1
PROTOTYPE	005943	04/15/18	20:40:10	0.4892597695390782	0.4892597695390782	11.18	0.0	4.7947457414829655	4.772239792084169	39.65	-25.62	0.4892597695390782	0.48143161322645295	28.39	-7.83	277.0	282.72	733.48	-425.84	0	1
PROTOTYPE	005944	04/15/18	20:40:11	0.4892597695390782	0.4892597695390782	11.18	0.0	4.7947457414829655	4.776153870240481	41.89	-21.78	0.4892597695390782	0.482410132765531	28.82	-6.66	279.0	282.16	579.62	-271.96	0	1
PROTOTYPE	005945	04/15/18	20:40:12	0.4892597695390782	0.4892597695390782	11.18	0.0	4.7947457414829655	4.7790894288577155	43.68	-18.51	0.4892597695390782	0.48338865230460926	29.13	-5.66	288.0	283.04	664.93	-186.17	0	1
PROTOTYPE	005946	04/15/18	20:40:14	0.4892597695390782	0.4892597695390782	11.19	0.0	4.7947457414829655	4.781046467935872	45.1	-15.74	0.4892597695390782	0.48436717184368744	29.38	-4.81	275.0	281.83	709.04	-383.24	0	1
PROTOTYPE	005947	04/15/18	20:40:15	0.4892597695390782	0.4892597695390782	11.2	0.0	4.7947457414829655	4.783003507014028	46.21	-13.38	0.4892597695390782	0.4853456913827655	15.89	10.91	280.0	281.56	561.58	-235.76	0	1
PROTOTYPE	005948	04/15/18	20:40:17	0.4892597695390782	0.4892597695390782	11.2	0.0	4.7947457414829655	4.784960546092184	47.06	-11.37	0.4892597695390782	0.4863242109218437	14.77	9.28	283.0	281.77	524.49	-155.39	0	1
PROTOTYPE	005949	04/15/18	20:40:18	0.4892597695390782	0.4892597695390782	11.22	0.0	4.7947457414829655	4.785939065631262	33.89	5.34	0.4892597695390782	0.4863242109218437	13.91	7.88	302.0	284.81	792.91	182.92	0	1
PROTOTYPE	005950	04/15/18	20:40:19	0.4892597695390782	0.4892597695390782	11.22	0.0	4.7947457414829655	4.787896104709419	22.81	19.54	0.4892597695390782	0.4863242109218437	13.23	6.7	300.0	287.09	945.47	335.48	0	1
PROTOTYPE	005951	04/15/18	20:40:21	0.4892597695390782	0.4892597695390782	11.2	0.0	4.7947457414829655	4.788874624248496	20.32	16.61	0.4892597695390782	0.48730273046092193	12.7	5.7	285.0	286.77	875.81	405.16	0	1
PROTOTYPE	005952	04/15/18	20:40:22	0.4892597695390782	0.4892597695390782	11.2	0.0	4.69689378757515	4.775175350701403	30.76	-0.89	0.4892597695390782	0.48730273046092193	12.31	4.84	286.0	286.66	831.65	449.38	0	1
PROTOTYPE	005953	04/15/18	20:40:24	0.4892597695390782	0.4892597695390782	11.19	0.0	4.7947457414829655	4.778110909318637	30.87	-0.75	0.4892597695390782	0.48730273046092193	12.0	4.12	303.0	289.11	989.23	606.98	0	1
PROTOTYPE	005954	04/15/18	20:40:25	0.4892597695390782	0.4892597695390782	11.18	0.0	4.7947457414829655	4.780067948396794	30.97	-0.64	0.4892597695390782	0.48828125	11.77	3.5	301.0	290.89	1047.0	905.93	0	1
PROTOTYPE	005955	04/15/18	20:40:26	0.4892597695390782	0.4892597695390782	11.2	0.0	4.7947457414829655	4.783003507014028	31.06	-0.54	0.4892597695390782	0.48828125	11.63	2.97	291.0	290.91	1021.6	935.04	0	1
PROTOTYPE	005956	04/15/18	20:40:28	0.4892597695390782	0.4892597695390782	11.23	0.0	4.69689378757515	4.769304233466934	42.0	-15.46	0.4892597695390782	0.48828125	11.54	2.53	290.0	290.77	1013.64	899.78	0	1
PROTOTYPE	005957	04/15/18	20:40:29	0.4892597695390782	0.4892597695390782	11.26	0.0	4.69689378757515	4.758540518537075	51.18	-28.14	0.4892597695390782	0.48828125	11.49	2.15	303.0	292.61	893.68	779.82	0	1
PROTOTYPE	005958	04/15/18	20:40:31	0.4892597695390782	0.4892597695390782	11.24	0.0	4.7947457414829655	4.764411635771543	54.96	-23.92	0.4892597695390782	0.48828125	11.41	1.83	294.0	292.82	686.75	572.84	0	1
PROTOTYPE	005959	04/15/18	20:40:32	0.4892597695390782	0.4892597695390782	11.23	0.0	4.7947457414829655	4.768325713927855	58.07	-20.33	0.4892597695390782	0.48828125	11.35	1.55	290.0	292.39	697.67	561.92	0	1
PROTOTYPE	005960	04/15/18	20:40:33	0.4892597695390782	0.4892597695390782	11.26	0.0	4.7947457414829655	4.772239792084169	48.16	-2.28	0.4892597695390782	0.4892597695390782	11.35	1.32	294.0	292.63	710.11	597.63	0	1
PROTOTYPE	005961	04/15/18	20:40:35	0.4892597695390782	0.4892597695390782	11.26	0.0	4.7947457414829655	4.776153870240481	48.48	-1.94	0.4892597695390782	0.4892597695390782	11.32	1.12	304.0	294.34	635.47	522.99	0	1
PROTOTYPE	005962	04/15/18	20:40:36	0.4892597695390782	0.4892597695390782	11.26	0.0	4.7947457414829655	4.7790894288577155	48.74	-1.65	0.4892597695390782	0.4892597695390782	11.3	0.95	293.0	294.14	477.24	324.54	0	1
PROTOTYPE	005963	04/15/18	20:40:38	0.4892597695390782	0.4892597695390782	11.23	0.0	4.892597695390782	4.795724261022044	63.62	13.6	0.4892597695390782	0.4892597695390782	11.26	0.81	285.0	292.77	612.18	185.86	0	1
PROTOTYPE	005964	04/15/18	20:40:39	0.4892597695390782	0.4892597695390782	11.2	0.0	4.7947457414829655	4.795724261022044	51.81	26.56	0.4892597695390782	0.4892597695390782	11.22	0.69	290.0	292.35	640.01	157.98	0	1
PROTOTYPE	005965	04/15/18	20:40:40	0.4892597695390782	0.4892597695390782	11.15	0.0	4.7947457414829655	4.795724261022044	41.96	37.57	0.4892597695390782	0.4892597695390782	11.17	0.59	283.0	290.95	596.88	-165.72	0	1
PROTOTYPE	005966	04/15/18	20:40:42	0.4892597695390782	0.4892597695390782	11.15	0.0	4.7947457414829655	4.795724261022044	37.66	31.94	0.4892597695390782	0.4892597695390782	11.16	0.5	272.0	288.11	860.19	-470.86	0	1
