Dev_id	Index	Date	Time	Sensor1	Sensor1_Filter	Sensor1_LL	Sensor1_Diff	Sensor2	Sensor2_Filter	Sensor2_LL	Sensor2_Diff	Sensor3	Sensor3_Filter	Sensor3_LL	Sensor3_Diff	Sensor4	Sensor4_Filter	Sensor4_LL	Sensor4_Diff	Heater_Status	FSM_Status
PROTOTYPE	009767	04/15/18	22:09:59	0.4892597695390782	0.4892597695390782	11.26	0.0	4.207634018036073	4.20371993987976	16.27	11.39	0.4892597695390782	0.4892597695390782	11.26	0.0	299.0	292.6	777.92	392.93	0	1
PROTOTYPE	009768	04/15/18	22:10:00	0.4892597695390782	0.4892597695390782	11.28	0.0	4.207634018036073	4.20371993987976	15.1	9.68	0.4892597695390782	0.4892597695390782	11.28	0.0	280.0	290.71	797.06	33.99	0	1
PROTOTYPE	009769	04/15/18	22:10:02	0.4892597695390782	0.4892597695390782	11.29	0.0	4.207634018036073	4.204698459418838	14.18	8.23	0.4892597695390782	0.4892597695390782	11.29	0.0	294.0	291.21	840.64	88.89	0	1
PROTOTYPE	009770	04/15/18	22:10:03	0.4892597695390782	0.4892597695390782	11.3	0.0	4.207634018036073	4.204698459418838	13.46	6.99	0.4892597695390782	0.4892597695390782	11.3	0.0	289.0	290.87	653.49	-164.44	0	1
PROTOTYPE	009771	04/15/18	22:10:04	0.4892597695390782	0.4892597695390782	11.31	0.0	4.207634018036073	4.205676978957915	12.92	5.94	0.4892597695390782	0.4892597695390782	11.31	0.0	286.0	290.14	644.39	-319.77	0	1
PROTOTYPE	009772	04/15/18	22:10:06	0.4892597695390782	0.4892597695390782	11.29	0.0	4.207634018036073	4.205676978957915	12.48	5.05	0.4892597695390782	0.4892597695390782	11.29	0.0	294.0	290.72	682.09	-241.81	0	1
PROTOTYPE	009773	04/15/18	22:10:07	0.4892597695390782	0.4892597695390782	11.31	0.0	4.207634018036073	4.205676978957915	12.18	4.29	0.4892597695390782	0.4892597695390782	11.31	0.0	286.0	290.01	735.78	-295.54	0	1
PROTOTYPE	009774	04/15/18	22:10:09	0.4892597695390782	0.4892597695390782	11.33	0.0	4.207634018036073	4.206655498496994	11.97	3.65	0.4892597695390782	0.4892597695390782	11.33	0.0	292.0	290.31	616.07	-116.21	0	1
PROTOTYPE	009775	04/15/18	22:10:10	0.4892597695390782	0.4892597695390782	11.35	0.0	4.207634018036073	4.206655498496994	11.82	3.1	0.4892597695390782	0.4892597695390782	11.35	0.0	275.0	288.01	732.84	-458.78	0	1
PROTOTYPE	009776	04/15/18	22:10:12	0.4892597695390782	0.4892597695390782	11.33	0.0	4.207634018036073	4.206655498496994	11.67	2.64	0.4892597695390782	0.4892597695390782	11.33	0.0	295.0	289.06	648.58	-164.96	0	1
PROTOTYPE	009777	04/15/18	22:10:13	0.4892597695390782	0.4892597695390782	11.32	0.0	4.207634018036073	4.206655498496994	11.57	2.24	0.4892597695390782	0.4892597695390782	11.32	0.0	299.0	290.55	748.31	-65.22	0	1
PROTOTYPE	009778	04/15/18	22:10:14	0.4892597695390782	0.4892597695390782	11.34	0.0	4.1097820641282565	4.191977705410823	25.03	-13.09	0.4892597695390782	0.4892597695390782	11.34	0.0	299.0	291.82	841.91	94.57	0	1
PROTOTYPE	009779	04/15/18	22:10:16	0.4892597695390782	0.4892597695390782	11.34	0.0	4.207634018036073	4.194913264028056	26.31	-11.13	0.4892597695390782	0.4892597695390782	11.34	0.0	291.0	291.7	781.17	155.38	0	1
PROTOTYPE	009780	04/15/18	22:10:17	0.4892597695390782	0.4892597695390782	11.33	0.0	4.1097820641282565	4.18219251002004	37.93	-24.46	0.4892597695390782	0.4892597695390782	11.33	0.0	290.0	291.44	748.8	72.07	0	1
PROTOTYPE	009781	04/15/18	22:10:19	0.4892597695390782	0.4892597695390782	11.31	0.0	4.1097820641282565	4.171428795090181	47.62	-35.79	0.4892597695390782	0.4892597695390782	11.31	0.0	298.0	292.43	776.32	241.26	0	1
PROTOTYPE	009782	04/15/18	22:10:20	0.4892597695390782	0.4892597695390782	11.29	0.0	4.207634018036073	4.176321392785571	51.96	-30.42	0.4892597695390782	0.4892597695390782	11.29	0.0	290.0	292.06	782.92	175.07	0	1
PROTOTYPE	009783	04/15/18	22:10:21	0.4892597695390782	0.4892597695390782	11.26	0.0	4.207634018036073	4.181213990480962	55.48	-25.86	0.4892597695390782	0.4892597695390782	11.26	0.0	285.0	291.0	659.18	298.81	0	1
PROTOTYPE	009784	04/15/18	22:10:23	0.4892597695390782	0.4892597695390782	11.29	0.0	4.1097820641282565	4.170450275551102	65.11	-36.98	0.4892597695390782	0.4892597695390782	11.29	0.0	300.0	292.35	689.36	328.99	0	1
PROTOTYPE	009785	04/15/18	22:10:24	0.4892597695390782	0.4892597695390782	11.3	0.0	4.1097820641282565	4.161643599699398	73.11	-46.43	0.4892597695390782	0.4892597695390782	11.3	0.0	295.0	292.75	580.03	219.64	0	1
PROTOTYPE	009786	04/15/18	22:10:26	0.4892597695390782	0.4892597695390782	11.29	0.0	4.1097820641282565	4.153815443386774	66.2	-39.47	0.4892597695390782	0.4892597695390782	11.29	0.0	302.0	294.14	592.08	231.7	0	1
PROTOTYPE	009787	04/15/18	22:10:27	0.4892597695390782	0.4892597695390782	11.29	0.0	4.207634018036073	4.161643599699398	71.84	-33.55	0.4892597695390782	0.4892597695390782	11.29	0.0	297.0	294.57	622.66	286.94	0	1
PROTOTYPE	009788	04/15/18	22:10:28	0.4892597695390782	0.4892597695390782	11.3	0.0	4.1097820641282565	4.153815443386774	66.86	-28.52	0.4892597695390782	0.4892597695390782	11.3	0.0	282.0	292.68	785.67	123.9	0	1
PROTOTYPE	009789	04/15/18	22:10:30	0.4892597695390782	0.4892597695390782	11.32	0.0	4.207634018036073	4.161643599699398	64.08	-9.24	0.4892597695390782	0.4892597695390782	11.32	0.0	297.0	293.33	752.09	90.32	0	1
PROTOTYPE	009790	04/15/18	22:10:31	0.4892597695390782	0.4892597695390782	11.33	0.0	4.1097820641282565	4.153815443386774	66.42	-22.85	0.4892597695390782	0.4892597695390782	11.33	0.0	287.0	292.38	810.62	31.77	0	1
PROTOTYPE	009791	04/15/18	22:10:34	0.4892597695390782	0.4892597695390782	11.33	0.0	4.1097820641282565	4.147944326152305	68.4	-34.42	0.4892597695390782	0.4892597695390782	11.33	0.0	301.0	293.67	833.98	267.0	0	1
PROTOTYPE	009792	04/15/18	22:10:35	0.4892597695390782	0.4892597695390782	12.16	0.0	4.1097820641282565	4.142073208917836	63.57	-29.26	0.4892597695390782	0.4892597695390782	12.16	0.0	297.0	294.17	748.98	181.95	0	1
PROTOTYPE	009793	04/15/18	22:10:36	0.4892597695390782	0.4892597695390782	12.16	0.0	4.1097820641282565	4.137180611222445	59.27	-24.87	0.4892597695390782	0.4892597695390782	12.16	0.0	290.0	293.55	771.84	79.66	0	1
PROTOTYPE	009794	04/15/18	22:10:38	0.4892597695390782	0.4892597695390782	12.16	0.0	4.1097820641282565	4.1332665330661325	55.65	-21.14	0.4892597695390782	0.4892597695390782	12.16	0.0	295.0	293.76	654.93	-37.29	0	1
PROTOTYPE	009795	04/15/18	22:10:39	0.4892597695390782	0.4892597695390782	12.15	0.0	4.1097820641282565	4.12935245490982	51.07	-32.97	0.4892597695390782	0.4892597695390782	12.15	0.0	291.0	293.35	653.45	-121.7	0	1
PROTOTYPE	009796	04/15/18	22:10:41	0.4892597695390782	0.4892597695390782	12.16	0.0	4.1097820641282565	4.126416896292586	46.32	-28.02	0.4892597695390782	0.4892597695390782	12.16	0.0	298.0	294.05	534.71	136.56	0	1
PROTOTYPE	009797	04/15/18	22:10:42	0.4892597695390782	0.4892597695390782	12.15	0.0	4.1097820641282565	4.124459857214429	40.9	-38.82	0.4892597695390782	0.4892597695390782	12.15	0.0	290.0	293.44	530.65	11.07	0	1
PROTOTYPE	009798	04/15/18	22:10:43	0.4892597695390782	0.4892597695390782	12.13	0.0	4.1097820641282565	4.121524298597194	35.36	-33.0	0.4892597695390782	0.4892597695390782	12.13	0.0	290.0	292.92	487.32	54.41	0	1
PROTOTYPE	009799	04/15/18	22:10:45	0.4892597695390782	0.4892597695390782	12.12	0.0	4.1097820641282565	4.120545779058117	30.73	-28.05	0.4892597695390782	0.4892597695390782	12.12	0.0	285.0	291.74	476.88	-193.75	0	1
PROTOTYPE	009800	04/15/18	22:10:46	0.4892597695390782	0.4892597695390782	11.25	0.0	4.1097820641282565	4.11858873997996	26.62	-23.84	0.4892597695390782	0.4892597695390782	11.25	0.0	281.0	290.13	587.96	-404.69	0	1
PROTOTYPE	009801	04/15/18	22:10:48	0.4892597695390782	0.4892597695390782	11.25	0.0	4.1097820641282565	4.1176102204408815	23.46	-20.26	0.4892597695390782	0.4892597695390782	11.25	0.0	290.0	290.11	527.72	-343.98	0	1
PROTOTYPE	009802	04/15/18	22:10:49	0.4892597695390782	0.4892597695390782	11.24	0.0	4.1097820641282565	4.115653181362726	20.85	-17.23	0.4892597695390782	0.4892597695390782	11.24	0.0	291.0	290.24	519.34	-352.39	0	1
PROTOTYPE	009803	04/15/18	22:10:50	0.4892597695390782	0.4892597695390782	11.22	0.0	4.1097820641282565	4.114674661823647	18.72	-14.64	0.4892597695390782	0.4892597695390782	11.22	0.0	292.0	290.5	504.28	-284.53	0	1
PROTOTYPE	009804	04/15/18	22:10:52	0.4892597695390782	0.4892597695390782	11.19	0.0	4.1097820641282565	4.114674661823647	17.0	-12.45	0.4892597695390782	0.4892597695390782	11.19	0.0	299.0	291.78	561.96	-226.85	0	1
PROTOTYPE	009805	04/15/18	22:10:53	0.4892597695390782	0.4892597695390782	11.17	0.0	4.1097820641282565	4.113696142284569	15.63	-10.58	0.4892597695390782	0.4892597695390782	11.17	0.0	292.0	291.81	504.83	-162.82	0	1
PROTOTYPE	009806	04/15/18	22:10:55	0.4892597695390782	0.4892597695390782	11.19	0.0	4.1097820641282565	4.112717622745491	14.58	-8.99	0.4892597695390782	0.4892597695390782	11.19	0.0	303.0	293.49	621.04	56.6	0	1
PROTOTYPE	009807	04/15/18	22:10:56	0.4892597695390782	0.4892597695390782	11.21	0.0	4.1097820641282565	4.112717622745491	13.76	-7.64	0.4892597695390782	0.4892597695390782	11.21	0.0	298.0	294.17	569.83	243.11	0	1
PROTOTYPE	009808	04/15/18	22:10:57	0.4892597695390782	0.4892597695390782	11.26	0.0	4.1097820641282565	4.111739103206413	13.16	-6.5	0.4892597695390782	0.4892597695390782	11.26	0.0	291.0	293.69	456.31	356.64	0	1
PROTOTYPE	009809	04/15/18	22:10:59	0.4892597695390782	0.4892597695390782	11.25	0.0	4.1097820641282565	4.111739103206413	12.66	-5.52	0.4892597695390782	0.4892597695390782	11.25	0.0	299.0	294.49	533.6	438.15	0	1
PROTOTYPE	009810	04/15/18	22:11:00	0.4892597695390782	0.4892597695390782	11.25	0.0	4.1097820641282565	4.111739103206413	12.29	-4.69	0.4892597695390782	0.4892597695390782	11.25	0.0	299.0	295.16	587.82	492.43	0	1
PROTOTYPE	009811	04/15/18	22:11:02	0.4892597695390782	0.4892597695390782	11.26	0.0	4.1097820641282565	4.110760583667334	12.02	-3.99	0.4892597695390782	0.4892597695390782	11.26	0.0	290.0	294.39	638.87	388.56	0	1
PROTOTYPE	009812	04/15/18	22:11:03	0.4892597695390782	0.4892597695390782	11.28	0.0	4.1097820641282565	4.110760583667334	11.84	-3.39	0.4892597695390782	0.4892597695390782	11.28	0.0	286.0	293.13	637.29	135.28	0	1
PROTOTYPE	009813	04/15/18	22:11:05	0.4892597695390782	0.4892597695390782	11.29	0.0	4.1097820641282565	4.110760583667334	11.69	-2.88	0.4892597695390782	0.4892597695390782	11.29	0.0	286.0	292.06	740.67	24.99	0	1
PROTOTYPE	009814	04/15/18	22:11:06	0.4892597695390782	0.4892597695390782	11.31	0.0	4.1097820641282565	4.110760583667334	11.6	-2.45	0.4892597695390782	0.4892597695390782	11.31	0.0	292.0	292.05	574.55	-143.76	0	1
PROTOTYPE	009815	04/15/18	22:11:07	0.4892597695390782	0.4892597695390782	11.29	0.0	4.1097820641282565	4.110760583667334	11.5	-2.08	0.4892597695390782	0.4892597695390782	11.29	0.0	291.0	291.89	522.73	-227.2	0	1
PROTOTYPE	009816	04/15/18	22:11:09	0.4892597695390782	0.4892597695390782	11.26	0.0	4.1097820641282565	4.110760583667334	11.41	-1.77	0.4892597695390782	0.4892597695390782	11.26	0.0	293.0	292.06	491.85	-163.12	0	1
PROTOTYPE	009817	04/15/18	22:11:10	0.4892597695390782	0.4892597695390782	11.26	0.0	4.1097820641282565	4.110760583667334	11.37	-1.5	0.4892597695390782	0.4892597695390782	11.26	0.0	287.0	291.3	488.13	-318.65	0	1
PROTOTYPE	009818	04/15/18	22:11:12	0.4892597695390782	0.4892597695390782	11.26	0.0	4.1097820641282565	4.1097820641282565	11.34	-1.28	0.4892597695390782	0.4892597695390782	11.26	0.0	281.0	289.76	574.96	-540.85	0	1
PROTOTYPE	009819	04/15/18	22:11:13	0.4892597695390782	0.4892597695390782	11.28	0.0	4.1097820641282565	4.1097820641282565	11.34	-1.09	0.4892597695390782	0.4892597695390782	11.28	0.0	275.0	287.54	718.83	-684.72	0	1
PROTOTYPE	009820	04/15/18	22:11:14	0.4892597695390782	0.4892597695390782	11.27	0.0	4.1097820641282565	4.1097820641282565	11.31	-0.92	0.4892597695390782	0.4892597695390782	11.27	0.0	296.0	288.81	719.84	-432.02	0	1
PROTOTYPE	009821	04/15/18	22:11:16	0.4892597695390782	0.4892597695390782	11.28	0.0	4.1097820641282565	4.1097820641282565	11.31	-0.79	0.4892597695390782	0.4892597695390782	11.28	0.0	297.0	290.04	735.69	-202.21	0	1
PROTOTYPE	009822	04/15/18	22:11:17	0.4892597695390782	0.4892597695390782	11.28	0.0	4.1097820641282565	4.1097820641282565	11.3	-0.67	0.4892597695390782	0.4892597695390782	11.28	0.0	295.0	290.78	808.41	-126.88	0	1
PROTOTYPE	009823	04/15/18	22:11:19	0.4892597695390782	0.4892597695390782	11.3	0.0	4.1097820641282565	4.1097820641282565	11.31	-0.57	0.4892597695390782	0.4892597695390782	11.3	0.0	296.0	291.57	870.82	-32.85	0	1
PROTOTYPE	009824	04/15/18	22:11:20	0.4892597695390782	0.4892597695390782	11.29	0.0	4.1097820641282565	4.1097820641282565	11.3	-0.48	0.4892597695390782	0.4892597695390782	11.29	0.0	293.0	291.78	875.73	-27.92	0	1
PROTOTYPE	009825	04/15/18	22:11:21	0.4892597695390782	0.4892597695390782	11.3	0.0	4.207634018036073	4.124459857214429	24.93	14.59	0.4892597695390782	0.4892597695390782	11.3	0.0	301.0	293.16	938.1	186.27	0	1
PROTOTYPE	009826	04/15/18	22:11:23	0.4892597695390782	0.4892597695390782	11.29	0.0	4.1097820641282565	4.122502818136272	26.19	12.4	0.4892597695390782	0.4892597695390782	11.29	0.0	297.0	293.74	841.13	398.33	0	1
PROTOTYPE	009827	04/15/18	22:11:24	0.4892597695390782	0.4892597695390782	11.29	0.0	4.1097820641282565	4.120545779058117	27.16	10.54	0.4892597695390782	0.4892597695390782	11.29	0.0	293.0	293.63	630.96	608.58	0	1
PROTOTYPE	009828	04/15/18	22:11:26	0.4892597695390782	0.4892597695390782	11.31	0.0	4.1097820641282565	4.11858873997996	27.93	8.96	0.4892597695390782	0.4892597695390782	11.31	0.0	282.0	291.88	678.53	307.29	0	1
PROTOTYPE	009829	04/15/18	22:11:27	0.4892597695390782	0.4892597695390782	11.3	0.0	4.1097820641282565	4.1176102204408815	28.5	7.62	0.4892597695390782	0.4892597695390782	11.3	0.0	294.0	292.2	587.46	216.2	0	1
PROTOTYPE	009830	04/15/18	22:11:29	0.4892597695390782	0.4892597695390782	11.26	0.0	4.207634018036073	4.131309493987976	40.95	21.47	0.4892597695390782	0.4892597695390782	11.26	0.0	293.0	292.32	525.1	153.77	0	1
PROTOTYPE	009831	04/15/18	22:11:30	0.4892597695390782	0.4892597695390782	11.26	0.0	4.207634018036073	4.142073208917836	51.36	33.25	0.4892597695390782	0.4892597695390782	11.26	0.0	289.0	291.82	496.68	25.7	0	1
PROTOTYPE	009832	04/15/18	22:11:31	0.4892597695390782	0.4892597695390782	11.26	0.0	4.207634018036073	4.1518584043086175	60.04	43.26	0.4892597695390782	0.4892597695390782	11.26	0.0	282.0	290.35	622.48	-143.15	0	1
PROTOTYPE	009833	04/15/18	22:11:33	0.4892597695390782	0.4892597695390782	11.27	0.0	4.207634018036073	4.160665080160321	53.6	36.78	0.4892597695390782	0.4892597695390782	11.27	0.0	285.0	289.55	564.45	-361.68	0	1
PROTOTYPE	009834	04/15/18	22:11:34	0.4892597695390782	0.4892597695390782	11.29	0.0	4.207634018036073	4.1675147169338675	58.29	46.26	0.4892597695390782	0.4892597695390782	11.29	0.0	304.0	291.72	723.69	-202.43	0	1
PROTOTYPE	009835	04/15/18	22:11:36	0.4892597695390782	0.4892597695390782	11.26	0.0	4.207634018036073	4.173385834168336	62.17	54.32	0.4892597695390782	0.4892597695390782	11.26	0.0	282.0	290.26	858.24	-337.06	0	1
PROTOTYPE	009836	04/15/18	22:11:37	0.4892597695390782	0.4892597695390782	11.26	0.0	4.1097820641282565	4.163600638777555	69.89	46.17	0.4892597695390782	0.4892597695390782	11.26	0.0	289.0	290.07	702.73	-181.5	0	1
PROTOTYPE	009837	04/15/18	22:11:38	0.4892597695390782	0.4892597695390782	11.28	0.0	4.207634018036073	4.170450275551102	74.74	54.25	0.4892597695390782	0.4892597695390782	11.28	0.0	297.0	291.11	774.93	-109.28	0	1
PROTOTYPE	009838	04/15/18	22:11:40	0.4892597695390782	0.4892597695390782	11.32	0.0	4.207634018036073	4.176321392785571	66.71	46.11	0.4892597695390782	0.4892597695390782	11.32	0.0	303.0	292.89	941.25	57.11	0	1
PROTOTYPE	009839	04/15/18	22:11:41	0.4892597695390782	0.4892597695390782	11.33	0.0	4.207634018036073	4.181213990480962	59.92	39.19	0.4892597695390782	0.4892597695390782	11.33	0.0	298.0	293.66	968.03	183.55	0	1
PROTOTYPE	009840	04/15/18	22:11:43	0.4892597695390782	0.4892597695390782	11.33	0.0	4.1097820641282565	4.170450275551102	60.83	18.31	0.4892597695390782	0.4892597695390782	11.33	0.0	288.0	292.81	905.57	246.01	0	1
PROTOTYPE	009841	04/15/18	22:11:44	0.4892597695390782	0.4892597695390782	11.3	0.0	4.207634018036073	4.1753428732464934	58.13	15.57	0.4892597695390782	0.4892597695390782	11.3	0.0	295.0	293.14	858.2	359.11	0	1
PROTOTYPE	009842	04/15/18	22:11:45	0.4892597695390782	0.4892597695390782	11.3	0.0	4.1097820641282565	4.165557677855712	61.0	-1.77	0.4892597695390782	0.4892597695390782	11.3	0.0	292.0	292.97	658.53	125.25	0	1
PROTOTYPE	009843	04/15/18	22:11:47	0.4892597695390782	0.4892597695390782	11.32	0.0	4.207634018036073	4.172407314629258	61.27	-1.5	0.4892597695390782	0.4892597695390782	11.32	0.0	286.0	291.92	617.32	166.46	0	1
PROTOTYPE	009844	04/15/18	22:11:48	0.4892597695390782	0.4892597695390782	11.31	0.0	4.207634018036073	4.177299912324649	56.99	13.72	0.4892597695390782	0.4892597695390782	11.31	0.0	293.0	292.08	614.63	201.49	0	1
PROTOTYPE	009845	04/15/18	22:11:50	0.4892597695390782	0.4892597695390782	11.3	0.0	4.1097820641282565	4.1675147169338675	60.64	-3.34	0.4892597695390782	0.4892597695390782	11.3	0.0	292.0	292.07	512.55	96.27	0	1
PROTOTYPE	009846	04/15/18	22:11:51	0.4892597695390782	0.4892597695390782	11.29	0.0	4.207634018036073	4.173385834168336	61.12	-2.84	0.4892597695390782	0.4892597695390782	11.29	0.0	280.0	290.26	515.25	-263.17	0	1
PROTOTYPE	009847	04/15/18	22:11:53	0.4892597695390782	0.4892597695390782	11.29	0.0	4.207634018036073	4.178278431863728	61.53	-2.41	0.4892597695390782	0.4892597695390782	11.29	0.0	297.0	291.27	539.72	-238.7	0	1
PROTOTYPE	009848	04/15/18	22:11:54	0.4892597695390782	0.4892597695390782	11.29	0.0	4.207634018036073	4.1831710295591185	55.22	12.95	0.4892597695390782	0.4892597695390782	11.29	0.0	302.0	292.88	615.76	7.11	0	1
PROTOTYPE	009849	04/15/18	22:11:55	0.4892597695390782	0.4892597695390782	11.29	0.0	4.207634018036073	4.187085107715431	53.36	11.01	0.4892597695390782	0.4892597695390782	11.29	0.0	302.0	294.25	719.68	111.04	0	1
PROTOTYPE	009850	04/15/18	22:11:57	0.4892597695390782	0.4892597695390782	11.27	0.0	4.1097820641282565	4.1753428732464934	55.0	9.36	0.4892597695390782	0.4892597695390782	11.27	0.0	292.0	293.91	736.3	94.38	0	1
PROTOTYPE	009851	04/15/18	22:11:58	0.4892597695390782	0.4892597695390782	11.25	0.0	4.1097820641282565	4.165557677855712	58.55	-7.05	0.4892597695390782	0.4892597695390782	11.25	0.0	306.0	295.72	813.11	380.23	0	1
PROTOTYPE	009852	04/15/18	22:12:00	0.4892597695390782	0.4892597695390782	11.25	0.0	4.1097820641282565	4.1567510020040075	61.56	-20.99	0.4892597695390782	0.4892597695390782	11.25	0.0	291.0	295.02	867.77	293.19	0	1
PROTOTYPE	009853	04/15/18	22:12:01	0.4892597695390782	0.4892597695390782	11.28	0.0	4.1097820641282565	4.149901365230461	58.46	-17.84	0.4892597695390782	0.4892597695390782	11.28	0.0	293.0	294.71	896.15	264.21	0	1
PROTOTYPE	009854	04/15/18	22:12:02	0.4892597695390782	0.4892597695390782	11.27	0.0	4.1097820641282565	4.1440302479959925	58.43	-30.16	0.4892597695390782	0.4892597695390782	11.27	0.0	295.0	294.76	719.6	449.58	0	1
PROTOTYPE	009855	04/15/18	22:12:04	0.4892597695390782	0.4892597695390782	11.28	0.0	4.1097820641282565	4.139137650300601	58.41	-40.64	0.4892597695390782	0.4892597695390782	11.28	0.0	295.0	294.79	622.42	352.14	0	1
PROTOTYPE	009856	04/15/18	22:12:05	0.4892597695390782	0.4892597695390782	11.27	0.0	4.1097820641282565	4.13424505260521	58.38	-49.54	0.4892597695390782	0.4892597695390782	11.27	0.0	285.0	293.32	608.39	44.32	0	1
PROTOTYPE	009857	04/15/18	22:12:07	0.4892597695390782	0.4892597695390782	11.28	0.0	4.1097820641282565	4.130330974448898	58.37	-57.11	0.4892597695390782	0.4892597695390782	11.28	0.0	289.0	292.68	536.48	-157.33	0	1
PROTOTYPE	009858	04/15/18	22:12:08	0.4892597695390782	0.4892597695390782	11.3	0.0	4.1097820641282565	4.127395415831663	50.02	-48.55	0.4892597695390782	0.4892597695390782	11.3	0.0	279.0	290.62	707.85	-328.73	0	1
PROTOTYPE	009859	04/15/18	22:12:09	0.4892597695390782	0.4892597695390782	11.31	0.0	4.1097820641282565	4.124459857214429	42.98	-41.26	0.4892597695390782	0.4892597695390782	11.31	0.0	290.0	290.53	535.99	-519.42	0	1
PROTOTYPE	009860	04/15/18	22:12:11	0.4892597695390782	0.4892597695390782	11.3	0.0	4.1097820641282565	4.122502818136272	37.06	-35.07	0.4892597695390782	0.4892597695390782	11.3	0.0	303.0	292.4	652.15	-261.51	0	1
PROTOTYPE	009861	04/15/18	22:12:12	0.4892597695390782	0.4892597695390782	11.25	0.0	4.1097820641282565	4.120545779058117	32.1	-29.81	0.4892597695390782	0.4892597695390782	11.25	0.0	298.0	293.24	705.87	-147.28	0	1
PROTOTYPE	009862	04/15/18	22:12:14	0.4892597695390782	0.4892597695390782	11.25	0.0	4.1097820641282565	4.11858873997996	27.98	-25.34	0.4892597695390782	0.4892597695390782	11.25	0.0	295.0	293.5	727.78	-125.19	0	1
PROTOTYPE	009863	04/15/18	22:12:15	0.4892597695390782	0.4892597695390782	11.22	0.0	4.1097820641282565	4.1176102204408815	24.56	-21.54	0.4892597695390782	0.4892597695390782	11.22	0.0	292.0	293.28	746.47	-151.41	0	1
PROTOTYPE	009864	04/15/18	22:12:16	0.4892597695390782	0.4892597695390782	11.24	0.0	4.1097820641282565	4.116631700901803	21.77	-18.31	0.4892597695390782	0.4892597695390782	11.24	0.0	280.0	291.29	798.75	-203.7	0	1
PROTOTYPE	009865	04/15/18	22:12:18	0.4892597695390782	0.4892597695390782	11.23	0.0	4.1097820641282565	4.115653181362726	19.48	-15.56	0.4892597695390782	0.4892597695390782	11.23	0.0	280.0	289.59	903.19	-308.14	0	1
PROTOTYPE	009866	04/15/18	22:12:19	0.4892597695390782	0.4892597695390782	11.22	0.0	4.1097820641282565	4.114674661823647	17.62	-13.23	0.4892597695390782	0.4892597695390782	11.22	0.0	290.0	289.65	704.3	-96.92	0	1
PROTOTYPE	009867	04/15/18	22:12:21	0.4892597695390782	0.4892597695390782	11.23	0.0	4.1097820641282565	4.113696142284569	16.15	-11.24	0.4892597695390782	0.4892597695390782	11.23	0.0	271.0	286.86	974.66	-367.38	0	1
PROTOTYPE	009868	04/15/18	22:12:22	0.4892597695390782	0.4892597695390782	11.24	0.0	4.1097820641282565	4.113696142284569	14.99	-9.56	0.4892597695390782	0.4892597695390782	11.24	0.0	300.0	288.83	984.77	-357.28	0	1
PROTOTYPE	009869	04/15/18	22:12:24	0.4892597695390782	0.4892597695390782	11.25	0.0	4.1097820641282565	4.112717622745491	14.08	-8.12	0.4892597695390782	0.4892597695390782	11.25	0.0	303.0	290.95	1113.35	-228.68	0	1
PROTOTYPE	009870	04/15/18	22:12:25	0.4892597695390782	0.4892597695390782	11.23	0.0	4.1097820641282565	4.112717622745491	13.35	-6.91	0.4892597695390782	0.4892597695390782	11.23	0.0	292.0	291.11	1102.68	-239.38	0	1
PROTOTYPE	009871	04/15/18	22:12:26	0.4892597695390782	0.4892597695390782	11.24	0.0	4.1097820641282565	4.111739103206413	12.82	-5.87	0.4892597695390782	0.4892597695390782	11.24	0.0	296.0	291.84	1153.42	-143.47	0	1
PROTOTYPE	009872	04/15/18	22:12:28	0.4892597695390782	0.4892597695390782	11.23	0.0	4.1097820641282565	4.111739103206413	12.4	-4.99	0.4892597695390782	0.4892597695390782	11.23	0.0	292.0	291.87	956.95	58.05	0	1
PROTOTYPE	009873	04/15/18	22:12:29	0.4892597695390782	0.4892597695390782	11.22	0.0	4.1097820641282565	4.111739103206413	12.08	-4.24	0.4892597695390782	0.4892597695390782	11.22	0.0	301.0	293.24	924.63	364.34	0	1
PROTOTYPE	009874	04/15/18	22:12:31	0.4892597695390782	0.4892597695390782	11.24	0.0	4.1097820641282565	4.110760583667334	11.87	-3.6	0.4892597695390782	0.4892597695390782	11.24	0.0	290.0	292.75	966.97	309.69	0	1
PROTOTYPE	009875	04/15/18	22:12:32	0.4892597695390782	0.4892597695390782	11.23	0.0	4.1097820641282565	4.110760583667334	11.69	-3.06	0.4892597695390782	0.4892597695390782	11.23	0.0	287.0	291.89	773.43	503.24	0	1
PROTOTYPE	009876	04/15/18	22:12:33	0.4892597695390782	0.4892597695390782	11.26	0.0	4.1097820641282565	4.110760583667334	11.59	-2.6	0.4892597695390782	0.4892597695390782	11.26	0.0	301.0	293.26	712.94	442.75	0	1
PROTOTYPE	009877	04/15/18	22:12:35	0.4892597695390782	0.4892597695390782	11.34	0.0	4.1097820641282565	4.110760583667334	11.58	-2.21	0.4892597695390782	0.4892597695390782	11.34	0.0	292.0	293.07	519.26	211.34	0	1
PROTOTYPE	009878	04/15/18	22:12:36	0.4892597695390782	0.4892597695390782	11.34	0.0	4.1097820641282565	4.110760583667334	11.51	-1.88	0.4892597695390782	0.4892597695390782	11.34	0.0	299.0	293.96	592.51	284.64	0	1
PROTOTYPE	009879	04/15/18	22:12:38	0.4892597695390782	0.4892597695390782	11.34	0.0	4.1097820641282565	4.110760583667334	11.47	-1.6	0.4892597695390782	0.4892597695390782	11.34	0.0	287.0	292.91	623.52	106.94	0	1
PROTOTYPE	009880	04/15/18	22:12:39	0.4892597695390782	0.4892597695390782	11.32	0.0	4.1097820641282565	4.110760583667334	11.41	-1.36	0.4892597695390782	0.4892597695390782	11.32	0.0	289.0	292.33	679.52	45.9	0	1
PROTOTYPE	009881	04/15/18	22:12:40	0.4892597695390782	0.4892597695390782	11.34	0.0	4.1097820641282565	4.1097820641282565	11.4	-1.16	0.4892597695390782	0.4892597695390782	11.34	0.0	302.0	293.78	687.63	54.02	0	1
PROTOTYPE	009882	04/15/18	22:12:42	0.4892597695390782	0.4892597695390782	11.32	0.0	4.1097820641282565	4.1097820641282565	11.37	-0.98	0.4892597695390782	0.4892597695390782	11.32	0.0	286.0	292.61	755.72	-14.09	0	1
PROTOTYPE	009883	04/15/18	22:12:43	0.4892597695390782	0.4892597695390782	11.34	0.0	4.1097820641282565	4.1097820641282565	11.37	-0.83	0.4892597695390782	0.4892597695390782	11.34	0.0	291.0	292.37	693.64	48.03	0	1
PROTOTYPE	009884	04/15/18	22:12:45	0.4892597695390782	0.4892597695390782	11.31	0.0	4.1097820641282565	4.1097820641282565	11.33	-0.71	0.4892597695390782	0.4892597695390782	11.31	0.0	296.0	292.91	611.45	-34.18	0	1
PROTOTYPE	009885	04/15/18	22:12:46	0.4892597695390782	0.4892597695390782	11.25	0.0	4.1097820641282565	4.1097820641282565	11.27	-0.6	0.4892597695390782	0.4892597695390782	11.25	0.0	287.0	292.03	681.28	-104.05	0	1
PROTOTYPE	009886	04/15/18	22:12:48	0.4892597695390782	0.4892597695390782	11.26	0.0	4.1097820641282565	4.1097820641282565	11.27	-0.51	0.4892597695390782	0.4892597695390782	11.26	0.0	287.0	291.27	667.69	-268.44	0	1
PROTOTYPE	009887	04/15/18	22:12:49	0.4892597695390782	0.4892597695390782	11.36	0.0	4.1097820641282565	4.1097820641282565	11.37	-0.44	0.4892597695390782	0.4892597695390782	11.36	0.0	299.0	292.43	679.24	-48.18	0	1
PROTOTYPE	009888	04/15/18	22:12:50	0.4892597695390782	0.4892597695390782	11.37	0.0	4.1097820641282565	4.1097820641282565	11.37	-0.37	0.4892597695390782	0.4892597695390782	11.37	0.0	291.0	292.22	642.04	-10.95	0	1
PROTOTYPE	009889	04/15/18	22:12:52	0.4892597695390782	0.4892597695390782	11.37	0.0	4.1097820641282565	4.1097820641282565	11.37	-0.31	0.4892597695390782	0.4892597695390782	11.37	0.0	277.0	289.93	725.2	-384.31	0	1
PROTOTYPE	009890	04/15/18	22:12:53	0.4892597695390782	0.4892597695390782	11.39	0.0	4.1097820641282565	4.1097820641282565	11.39	-0.27	0.4892597695390782	0.4892597695390782	11.39	0.0	286.0	289.34	667.56	-326.66	0	1
PROTOTYPE	009891	04/15/18	22:12:55	0.4892597695390782	0.4892597695390782	11.39	0.0	4.1097820641282565	4.1097820641282565	11.39	-0.23	0.4892597695390782	0.4892597695390782	11.39	0.0	294.0	290.04	713.2	-232.66	0	1
PROTOTYPE	009892	04/15/18	22:12:56	0.4892597695390782	0.4892597695390782	11.4	0.0	4.1097820641282565	4.1097820641282565	11.4	-0.19	0.4892597695390782	0.4892597695390782	11.4	0.0	292.0	290.34	688.12	-257.76	0	1
PROTOTYPE	009893	04/15/18	22:12:57	0.4892597695390782	0.4892597695390782	11.38	0.0	4.1097820641282565	4.1097820641282565	11.38	-0.16	0.4892597695390782	0.4892597695390782	11.38	0.0	283.0	289.24	709.45	-279.1	0	1
PROTOTYPE	009894	04/15/18	22:12:59	0.4892597695390782	0.4892597695390782	11.37	0.0	4.1097820641282565	4.1097820641282565	11.37	-0.14	0.4892597695390782	0.4892597695390782	11.37	0.0	299.0	290.7	780.5	-57.23	0	1
PROTOTYPE	009895	04/15/18	22:13:00	0.4892597695390782	0.4892597695390782	11.25	0.0	4.1097820641282565	4.1097820641282565	11.25	-0.12	0.4892597695390782	0.4892597695390782	11.25	0.0	281.0	289.25	810.1	-318.65	0	1
PROTOTYPE	009896	04/15/18	22:13:02	0.4892597695390782	0.4892597695390782	11.26	0.0	4.1097820641282565	4.1097820641282565	11.26	-0.1	0.4892597695390782	0.4892597695390782	11.26	0.0	285.0	288.61	852.27	-360.85	0	1
PROTOTYPE	009897	04/15/18	22:13:03	0.4892597695390782	0.4892597695390782	11.27	0.0	4.1097820641282565	4.1097820641282565	11.27	-0.09	0.4892597695390782	0.4892597695390782	11.27	0.0	276.0	286.72	813.14	-321.72	0	1
PROTOTYPE	009898	04/15/18	22:13:04	0.4892597695390782	0.4892597695390782	11.26	0.0	4.1097820641282565	4.1097820641282565	11.26	-0.07	0.4892597695390782	0.4892597695390782	11.26	0.0	299.0	288.56	938.36	-78.47	0	1
PROTOTYPE	009899	04/15/18	22:13:06	0.4892597695390782	0.4892597695390782	11.24	0.0	4.1097820641282565	4.1097820641282565	11.24	-0.06	0.4892597695390782	0.4892597695390782	11.24	0.0	289.0	288.63	875.26	-141.7	0	1
PROTOTYPE	009900	04/15/18	22:13:07	0.4892597695390782	0.4892597695390782	11.21	0.0	4.1097820641282565	4.1097820641282565	11.21	-0.05	0.4892597695390782	0.4892597695390782	11.21	0.0	299.0	290.18	1001.48	-15.44	0	1
PROTOTYPE	009901	04/15/18	22:13:09	0.4892597695390782	0.4892597695390782	11.22	0.0	4.207634018036073	4.124459857214429	24.87	14.96	0.4892597695390782	0.4892597695390782	11.22	0.0	289.0	290.0	909.21	76.88	0	1
PROTOTYPE	009902	04/15/18	22:13:10	0.4892597695390782	0.4892597695390782	11.24	0.0	4.1097820641282565	4.122502818136272	26.14	12.71	0.4892597695390782	0.4892597695390782	11.24	0.0	290.0	290.0	764.16	-69.66	0	1
PROTOTYPE	009903	04/15/18	22:13:12	0.4892597695390782	0.4892597695390782	11.26	0.0	4.1097820641282565	4.120545779058117	27.12	10.81	0.4892597695390782	0.4892597695390782	11.26	0.0	293.0	290.45	663.61	120.79	0	1
PROTOTYPE	009904	04/15/18	22:13:13	0.4892597695390782	0.4892597695390782	11.26	0.0	4.207634018036073	4.1332665330661325	39.17	24.18	0.4892597695390782	0.4892597695390782	11.26	0.0	287.0	289.94	651.73	132.67	0	1
PROTOTYPE	009905	04/15/18	22:13:14	0.4892597695390782	0.4892597695390782	11.25	0.0	4.1097820641282565	4.130330974448898	41.65	20.56	0.4892597695390782	0.4892597695390782	11.25	0.0	282.0	288.75	581.63	202.77	0	1
PROTOTYPE	009906	04/15/18	22:13:16	0.4892597695390782	0.4892597695390782	11.26	0.0	4.207634018036073	4.142073208917836	52.23	32.47	0.4892597695390782	0.4892597695390782	11.26	0.0	298.0	290.13	536.22	157.36	0	1
PROTOTYPE	009907	04/15/18	22:13:17	0.4892597695390782	0.4892597695390782	11.28	0.0	4.1097820641282565	4.137180611222445	55.91	27.6	0.4892597695390782	0.4892597695390782	11.28	0.0	298.0	291.31	647.48	268.75	0	1
PROTOTYPE	009908	04/15/18	22:13:19	0.4892597695390782	0.4892597695390782	11.29	0.0	4.207634018036073	4.146965806613227	65.46	38.46	0.4892597695390782	0.4892597695390782	11.29	0.0	294.0	291.72	532.18	153.44	0	1
PROTOTYPE	009909	04/15/18	22:13:20	0.4892597695390782	0.4892597695390782	11.29	0.0	4.1097820641282565	4.142073208917836	56.34	17.69	0.4892597695390782	0.4892597695390782	11.29	0.0	288.0	291.16	570.16	115.42	0	1
PROTOTYPE	009910	04/15/18	22:13:21	0.4892597695390782	0.4892597695390782	11.28	0.0	4.207634018036073	4.1518584043086175	63.87	30.04	0.4892597695390782	0.4892597695390782	11.28	0.0	295.0	291.74	626.38	173.11	0	1
PROTOTYPE	009911	04/15/18	22:13:23	0.4892597695390782	0.4892597695390782	11.28	0.0	4.1097820641282565	4.14500876753507	68.07	25.53	0.4892597695390782	0.4892597695390782	11.28	0.0	280.0	289.97	757.45	-47.86	0	1
PROTOTYPE	009912	04/15/18	22:13:24	0.4892597695390782	0.4892597695390782	11.28	0.0	4.207634018036073	4.154793962925852	64.27	21.7	0.4892597695390782	0.4892597695390782	11.28	0.0	305.0	292.23	931.01	229.32	0	1
PROTOTYPE	009913	04/15/18	22:13:26	0.4892597695390782	0.4892597695390782	11.28	0.0	4.207634018036073	4.162622119238477	68.6	33.45	0.4892597695390782	0.4892597695390782	11.28	0.0	283.0	290.84	950.41	209.92	0	1
PROTOTYPE	009914	04/15/18	22:13:27	0.4892597695390782	0.4892597695390782	11.28	0.0	4.1097820641282565	4.154793962925852	64.84	13.43	0.4892597695390782	0.4892597695390782	11.28	0.0	287.0	290.27	869.26	13.44	0	1
PROTOTYPE	009915	04/15/18	22:13:28	0.4892597695390782	0.4892597695390782	11.26	0.0	4.207634018036073	4.162622119238477	67.99	26.42	0.4892597695390782	0.4892597695390782	11.26	0.0	291.0	290.38	762.33	-93.58	0	1
PROTOTYPE	009916	04/15/18	22:13:30	0.4892597695390782	0.4892597695390782	11.27	0.0	4.207634018036073	4.169471756012024	64.08	22.45	0.4892597695390782	0.4892597695390782	11.27	0.0	287.0	289.87	772.68	-184.54	0	1
PROTOTYPE	009917	04/15/18	22:13:31	0.4892597695390782	0.4892597695390782	11.29	0.0	4.207634018036073	4.1753428732464934	64.17	34.09	0.4892597695390782	0.4892597695390782	11.29	0.0	280.0	288.39	864.99	-276.86	0	1
PROTOTYPE	009918	04/15/18	22:13:33	0.4892597695390782	0.4892597695390782	11.3	0.0	4.207634018036073	4.180235470941884	59.16	28.97	0.4892597695390782	0.4892597695390782	11.3	0.0	293.0	289.08	876.52	-265.33	0	1
PROTOTYPE	009919	04/15/18	22:13:34	0.4892597695390782	0.4892597695390782	11.3	0.0	4.207634018036073	4.184149549098196	57.05	39.63	0.4892597695390782	0.4892597695390782	11.3	0.0	288.0	288.92	716.77	-105.53	0	1
PROTOTYPE	009920	04/15/18	22:13:36	0.4892597695390782	0.4892597695390782	11.29	0.0	4.207634018036073	4.188063627254508	51.26	33.68	0.4892597695390782	0.4892597695390782	11.29	0.0	273.0	286.53	730.19	-569.7	0	1
PROTOTYPE	009921	04/15/18	22:13:37	0.4892597695390782	0.4892597695390782	11.27	0.0	4.207634018036073	4.1909991858717435	46.39	28.63	0.4892597695390782	0.4892597695390782	11.27	0.0	300.0	288.55	793.78	-229.25	0	1
PROTOTYPE	009922	04/15/18	22:13:38	0.4892597695390782	0.4892597695390782	11.28	0.0	4.207634018036073	4.1929562249499	41.12	39.34	0.4892597695390782	0.4892597695390782	11.28	0.0	287.0	288.32	759.42	-194.86	0	1
PROTOTYPE	009923	04/15/18	22:13:40	0.4892597695390782	0.4892597695390782	11.28	0.0	4.207634018036073	4.194913264028056	35.51	33.44	0.4892597695390782	0.4892597695390782	11.28	0.0	287.0	288.12	768.18	-225.63	0	1
PROTOTYPE	009924	04/15/18	22:13:41	0.4892597695390782	0.4892597695390782	11.27	0.0	4.207634018036073	4.196870303106213	30.82	28.42	0.4892597695390782	0.4892597695390782	11.27	0.0	301.0	290.05	910.69	18.21	0	1
PROTOTYPE	009925	04/15/18	22:13:43	0.4892597695390782	0.4892597695390782	11.23	0.0	4.207634018036073	4.1988273421843685	26.9	24.16	0.4892597695390782	0.4892597695390782	11.23	0.0	293.0	290.5	806.85	210.48	0	1
PROTOTYPE	009926	04/15/18	22:13:44	0.4892597695390782	0.4892597695390782	11.25	0.0	4.207634018036073	4.199805861723447	23.7	20.53	0.4892597695390782	0.4892597695390782	11.25	0.0	296.0	291.32	820.27	223.91	0	1
PROTOTYPE	009927	04/15/18	22:13:45	0.4892597695390782	0.4892597695390782	11.27	0.0	4.207634018036073	4.200784381262525	21.07	17.45	0.4892597695390782	0.4892597695390782	11.27	0.0	274.0	288.72	1063.8	-19.68	0	1
PROTOTYPE	009928	04/15/18	22:13:47	0.4892597695390782	0.4892597695390782	11.28	0.0	4.207634018036073	4.2017629008016035	18.93	14.84	0.4892597695390782	0.4892597695390782	11.28	0.0	283.0	287.86	910.86	133.27	0	1
PROTOTYPE	009929	04/15/18	22:13:48	0.4892597695390782	0.4892597695390782	11.32	0.0	4.207634018036073	4.202741420340682	17.22	12.61	0.4892597695390782	0.4892597695390782	11.32	0.0	292.0	288.48	770.88	-6.72	0	1
PROTOTYPE	009930	04/15/18	22:13:50	0.4892597695390782	0.4892597695390782	11.3	0.0	4.305485971943888	4.218397732965931	30.03	25.72	0.4892597695390782	0.4892597695390782	11.3	0.0	295.0	289.46	845.3	114.29	0	1
PROTOTYPE	009931	04/15/18	22:13:51	0.4892597695390782	0.4892597695390782	11.3	0.0	4.207634018036073	4.216440693887776	29.57	21.86	0.4892597695390782	0.4892597695390782	11.3	0.0	295.0	290.29	908.54	217.15	0	1
PROTOTYPE	009932	04/15/18	22:13:52	0.4892597695390782	0.4892597695390782	11.33	0.0	4.207634018036073	4.215462174348697	29.23	18.58	0.4892597695390782	0.4892597695390782	11.33	0.0	291.0	290.4	726.06	34.58	0	1
PROTOTYPE	009933	04/15/18	22:13:54	0.4892597695390782	0.4892597695390782	11.34	0.0	4.207634018036073	4.214483654809619	28.95	15.79	0.4892597695390782	0.4892597695390782	11.34	0.0	293.0	290.79	720.88	29.39	0	1
PROTOTYPE	009934	04/15/18	22:13:55	0.4892597695390782	0.4892597695390782	11.33	0.0	4.207634018036073	4.213505135270542	28.72	13.43	0.4892597695390782	0.4892597695390782	11.33	0.0	289.0	290.52	665.17	-80.02	0	1
PROTOTYPE	009935	04/15/18	22:13:57	0.4892597695390782	0.4892597695390782	11.32	0.0	4.207634018036073	4.212526615731463	28.55	11.41	0.4892597695390782	0.4892597695390782	11.32	0.0	283.0	289.39	518.17	66.98	0	1
PROTOTYPE	009936	04/15/18	22:13:58	0.4892597695390782	0.4892597695390782	11.33	0.0	4.207634018036073	4.211548096192384	28.43	9.7	0.4892597695390782	0.4892597695390782	11.33	0.0	289.0	289.33	438.37	146.94	0	1
PROTOTYPE	009937	04/15/18	22:14:00	0.4892597695390782	0.4892597695390782	11.32	0.0	4.207634018036073	4.211548096192384	28.32	8.24	0.4892597695390782	0.4892597695390782	11.32	0.0	279.0	287.78	531.33	-70.1	0	1
PROTOTYPE	009938	04/15/18	22:14:01	0.4892597695390782	0.4892597695390782	11.31	0.0	4.207634018036073	4.210569576653307	14.05	-7.99	0.4892597695390782	0.4892597695390782	11.31	0.0	298.0	289.32	586.84	-14.59	0	1
PROTOTYPE	009939	04/15/18	22:14:02	0.4892597695390782	0.4892597695390782	11.32	0.0	4.207634018036073	4.210569576653307	13.36	-6.79	0.4892597695390782	0.4892597695390782	11.32	0.0	293.0	289.87	559.04	-42.4	0	1
PROTOTYPE	009940	04/15/18	22:14:04	0.4892597695390782	0.4892597695390782	11.29	0.0	4.207634018036073	4.2095910571142285	12.81	-5.77	0.4892597695390782	0.4892597695390782	11.29	0.0	289.0	289.74	561.43	-66.04	0	1
PROTOTYPE	009941	04/15/18	22:14:05	0.4892597695390782	0.4892597695390782	11.29	0.0	4.207634018036073	4.2095910571142285	12.41	-4.91	0.4892597695390782	0.4892597695390782	11.29	0.0	290.0	289.78	526.56	-101.13	0	1
PROTOTYPE	009942	04/15/18	22:14:07	0.4892597695390782	0.4892597695390782	11.26	0.0	4.305485971943888	4.2242688502004	25.46	10.83	0.4892597695390782	0.4892597695390782	11.26	0.0	288.0	289.51	526.39	-100.96	0	1
PROTOTYPE	009943	04/15/18	22:14:08	0.4892597695390782	0.4892597695390782	11.23	0.0	4.207634018036073	4.221333291583166	26.65	9.2	0.4892597695390782	0.4892597695390782	11.23	0.0	284.0	288.68	496.24	-70.82	0	1
PROTOTYPE	009944	04/15/18	22:14:09	0.4892597695390782	0.4892597695390782	11.21	0.0	4.207634018036073	4.21937625250501	27.58	7.82	0.4892597695390782	0.4892597695390782	11.21	0.0	276.0	286.78	680.46	-255.2	0	1
PROTOTYPE	009945	04/15/18	22:14:11	0.4892597695390782	0.4892597695390782	11.19	0.0	4.207634018036073	4.2174192134268536	28.31	6.65	0.4892597695390782	0.4892597695390782	11.19	0.0	292.0	287.56	603.74	-21.92	0	1
PROTOTYPE	009946	04/15/18	22:14:12	0.4892597695390782	0.4892597695390782	11.2	0.0	4.207634018036073	4.216440693887776	28.89	5.65	0.4892597695390782	0.4892597695390782	11.2	0.0	291.0	288.08	502.04	-123.63	0	1
PROTOTYPE	009947	04/15/18	22:14:14	0.4892597695390782	0.4892597695390782	11.23	0.0	4.207634018036073	4.214483654809619	29.35	4.8	0.4892597695390782	0.4892597695390782	11.23	0.0	284.0	287.47	507.97	-240.09	0	1
PROTOTYPE	009948	04/15/18	22:14:15	0.4892597695390782	0.4892597695390782	11.23	0.0	4.207634018036073	4.213505135270542	29.68	4.08	0.4892597695390782	0.4892597695390782	11.23	0.0	294.0	288.45	592.86	-129.07	0	1
PROTOTYPE	009949	04/15/18	22:14:16	0.4892597695390782	0.4892597695390782	11.23	0.0	4.207634018036073	4.212526615731463	29.93	3.47	0.4892597695390782	0.4892597695390782	11.23	0.0	291.0	288.83	627.0	-94.71	0	1
PROTOTYPE	009950	04/15/18	22:14:18	0.4892597695390782	0.4892597695390782	11.25	0.0	4.305485971943888	4.227204408817635	29.41	2.95	0.4892597695390782	0.4892597695390782	11.25	0.0	299.0	290.36	752.85	84.5	0	1
PROTOTYPE	009951	04/15/18	22:14:19	0.4892597695390782	0.4892597695390782	11.26	0.0	4.305485971943888	4.238946643286573	38.72	17.51	0.4892597695390782	0.4892597695390782	11.26	0.0	291.0	290.45	679.94	176.82	0	1
PROTOTYPE	009952	04/15/18	22:14:21	0.4892597695390782	0.4892597695390782	11.26	0.0	4.207634018036073	4.234054045591183	41.13	14.88	0.4892597695390782	0.4892597695390782	11.26	0.0	283.0	289.33	601.47	255.3	0	1
PROTOTYPE	009953	04/15/18	22:14:22	0.4892597695390782	0.4892597695390782	11.27	0.0	4.207634018036073	4.230139967434869	43.12	12.65	0.4892597695390782	0.4892597695390782	11.27	0.0	294.0	290.03	593.17	247.0	0	1
PROTOTYPE	009954	04/15/18	22:14:23	0.4892597695390782	0.4892597695390782	11.27	0.0	4.207634018036073	4.226225889278557	44.74	10.75	0.4892597695390782	0.4892597695390782	11.27	0.0	278.0	288.23	722.14	14.95	0	1
PROTOTYPE	009955	04/15/18	22:14:25	0.4892597695390782	0.4892597695390782	11.22	0.0	4.207634018036073	4.223290330661322	46.03	9.14	0.4892597695390782	0.4892597695390782	11.22	0.0	290.0	288.49	687.53	102.71	0	1
PROTOTYPE	009956	04/15/18	22:14:26	0.4892597695390782	0.4892597695390782	11.23	0.0	4.207634018036073	4.221333291583166	47.09	7.77	0.4892597695390782	0.4892597695390782	11.23	0.0	295.0	289.47	687.12	102.3	0	1
PROTOTYPE	009957	04/15/18	22:14:28	0.4892597695390782	0.4892597695390782	11.25	0.0	4.207634018036073	4.21937625250501	47.95	6.6	0.4892597695390782	0.4892597695390782	11.25	0.0	286.0	288.95	700.89	11.96	0	1
PROTOTYPE	009958	04/15/18	22:14:29	0.4892597695390782	0.4892597695390782	11.24	0.0	4.207634018036073	4.2174192134268536	35.94	-9.39	0.4892597695390782	0.4892597695390782	11.24	0.0	290.0	289.11	564.15	-124.84	0	1
PROTOTYPE	009959	04/15/18	22:14:30	0.4892597695390782	0.4892597695390782	11.25	0.0	4.207634018036073	4.216440693887776	25.86	-22.98	0.4892597695390782	0.4892597695390782	11.25	0.0	292.0	289.54	597.8	-91.11	0	1
PROTOTYPE	009960	04/15/18	22:14:32	0.4892597695390782	0.4892597695390782	11.26	0.0	4.207634018036073	4.214483654809619	22.83	-19.53	0.4892597695390782	0.4892597695390782	11.26	0.0	293.0	290.06	537.9	72.56	0	1
PROTOTYPE	009961	04/15/18	22:14:33	0.4892597695390782	0.4892597695390782	11.24	0.0	4.207634018036073	4.213505135270542	20.33	-16.6	0.4892597695390782	0.4892597695390782	11.24	0.0	282.0	288.85	588.82	-118.33	0	1
PROTOTYPE	009962	04/15/18	22:14:35	0.4892597695390782	0.4892597695390782	11.24	0.0	4.207634018036073	4.212526615731463	18.32	-14.11	0.4892597695390782	0.4892597695390782	11.24	0.0	292.0	289.32	455.55	109.42	0	1
PROTOTYPE	009963	04/15/18	22:14:36	0.4892597695390782	0.4892597695390782	11.26	0.0	4.207634018036073	4.211548096192384	16.72	-12.0	0.4892597695390782	0.4892597695390782	11.26	0.0	293.0	289.87	484.11	138.01	0	1
PROTOTYPE	009964	04/15/18	22:14:38	0.4892597695390782	0.4892597695390782	11.26	0.0	4.207634018036073	4.211548096192384	15.43	-10.2	0.4892597695390782	0.4892597695390782	11.26	0.0	279.0	288.24	549.66	-122.69	0	1
PROTOTYPE	009965	04/15/18	22:14:39	0.4892597695390782	0.4892597695390782	11.24	0.0	4.207634018036073	4.210569576653307	14.41	-8.67	0.4892597695390782	0.4892597695390782	11.24	0.0	290.0	288.51	523.96	-44.29	0	1
PROTOTYPE	009966	04/15/18	22:14:40	0.4892597695390782	0.4892597695390782	11.26	0.0	4.207634018036073	4.210569576653307	13.64	-7.37	0.4892597695390782	0.4892597695390782	11.26	0.0	297.0	289.78	635.55	67.35	0	1
