Dev_id	Index	Date	Time	Sensor1	Sensor1_Filter	Sensor1_LL	Sensor1_Diff	Sensor2	Sensor2_Filter	Sensor2_LL	Sensor2_Diff	Sensor3	Sensor3_Filter	Sensor3_LL	Sensor3_Diff	Sensor4	Sensor4_Filter	Sensor4_LL	Sensor4_Diff	Heater_Status	FSM_Status
PROTOTYPE	007367	04/15/18	21:13:33	0.4892597695390782	0.4892597695390782	11.29	-0.0	4.207634018036073	4.20861253757515	11.41	-1.53	0.4892597695390782	0.48828125	11.85	3.4	283.0	289.22	633.53	-95.39	0	1
PROTOTYPE	007368	04/15/18	21:13:35	0.4892597695390782	0.4892597695390782	11.29	-0.0	4.207634018036073	4.207634018036073	11.37	-1.3	0.4892597695390782	0.48828125	11.7	2.89	302.0	291.14	672.64	248.92	0	1
PROTOTYPE	007369	04/15/18	21:13:36	0.4892597695390782	0.4892597695390782	11.27	-0.0	4.207634018036073	4.207634018036073	11.33	-1.11	0.4892597695390782	0.48828125	11.57	2.45	279.0	289.32	669.4	-118.42	0	1
PROTOTYPE	007370	04/15/18	21:13:37	0.4892597695390782	0.4892597695390782	11.27	-0.0	4.207634018036073	4.207634018036073	11.31	-0.94	0.4892597695390782	0.48828125	11.48	2.09	297.0	290.47	762.13	-25.66	0	1
PROTOTYPE	007371	04/15/18	21:13:39	0.4892597695390782	0.4892597695390782	11.28	-0.0	4.207634018036073	4.207634018036073	11.31	-0.8	0.4892597695390782	0.48828125	11.43	1.77	291.0	290.55	721.08	-66.81	0	1
PROTOTYPE	007372	04/15/18	21:13:40	0.4892597695390782	0.4892597695390782	11.28	-0.0	4.207634018036073	4.207634018036073	11.3	-0.68	0.4892597695390782	0.48828125	11.39	1.51	296.0	291.37	739.6	78.21	0	1
PROTOTYPE	007373	04/15/18	21:13:42	0.4892597695390782	0.4892597695390782	11.29	-0.0	4.305485971943888	4.222311811122244	24.92	14.42	0.4892597695390782	0.4892597695390782	11.37	1.28	293.0	291.61	725.37	141.48	0	1
PROTOTYPE	007374	04/15/18	21:13:43	0.4892597695390782	0.4892597695390782	11.28	-0.0	4.207634018036073	4.220354772044089	26.18	12.26	0.4892597695390782	0.4892597695390782	11.34	1.09	296.0	292.27	779.08	195.26	0	1
PROTOTYPE	007375	04/15/18	21:13:44	0.4892597695390782	0.4892597695390782	11.28	-0.0	4.207634018036073	4.218397732965931	27.16	10.42	0.4892597695390782	0.4892597695390782	11.32	0.93	300.0	293.43	785.28	420.97	0	1
PROTOTYPE	007376	04/15/18	21:13:46	0.4892597695390782	0.4892597695390782	11.28	-0.0	4.207634018036073	4.216440693887776	27.92	8.86	0.4892597695390782	0.4892597695390782	11.31	0.79	298.0	294.11	662.15	297.82	0	1
PROTOTYPE	007377	04/15/18	21:13:47	0.4892597695390782	0.4892597695390782	11.28	-0.0	4.305485971943888	4.230139967434869	40.18	22.53	0.4892597695390782	0.4892597695390782	11.3	0.67	301.0	295.15	583.38	583.15	0	1
PROTOTYPE	007378	04/15/18	21:13:49	0.4892597695390782	0.4892597695390782	11.28	-0.0	4.207634018036073	4.227204408817635	42.49	19.15	0.4892597695390782	0.4892597695390782	11.29	0.57	293.0	294.83	500.36	435.68	0	1
PROTOTYPE	007379	04/15/18	21:13:50	0.4892597695390782	0.4892597695390782	11.26	-0.0	4.207634018036073	4.2242688502004	44.32	16.28	0.4892597695390782	0.4892597695390782	11.27	0.48	285.0	293.35	639.65	280.33	0	1
PROTOTYPE	007380	04/15/18	21:13:51	0.4892597695390782	0.4892597695390782	11.25	-0.0	4.207634018036073	4.221333291583166	45.76	13.84	0.4892597695390782	0.4892597695390782	11.26	0.41	290.0	292.85	608.15	148.28	0	1
PROTOTYPE	007381	04/15/18	21:13:53	0.4892597695390782	0.4892597695390782	11.23	-0.0	4.207634018036073	4.21937625250501	33.26	-3.24	0.4892597695390782	0.4892597695390782	11.23	0.35	295.0	293.17	615.9	156.04	0	1
PROTOTYPE	007382	04/15/18	21:13:54	0.4892597695390782	0.4892597695390782	11.21	-0.0	4.207634018036073	4.2174192134268536	32.85	-2.75	0.4892597695390782	0.4892597695390782	11.21	0.3	287.0	292.25	642.64	-2.37	0	1
PROTOTYPE	007383	04/15/18	21:13:56	0.4892597695390782	0.4892597695390782	11.18	-0.0	4.207634018036073	4.216440693887776	32.51	-2.34	0.4892597695390782	0.4892597695390782	11.18	0.25	292.0	292.21	530.61	-122.01	0	1
PROTOTYPE	007384	04/15/18	21:13:57	0.4892597695390782	0.4892597695390782	11.17	-0.0	4.207634018036073	4.214483654809619	32.25	-1.99	0.4892597695390782	0.4892597695390782	11.17	0.21	303.0	293.83	623.91	-28.71	0	1
PROTOTYPE	007385	04/15/18	21:13:58	0.4892597695390782	0.4892597695390782	11.15	-0.0	4.207634018036073	4.213505135270542	20.35	-16.69	0.4892597695390782	0.4892597695390782	11.15	0.18	295.0	294.0	538.26	-114.41	0	1
PROTOTYPE	007386	04/15/18	21:14:00	0.4892597695390782	0.4892597695390782	11.14	-0.0	4.207634018036073	4.212526615731463	18.32	-14.19	0.4892597695390782	0.4892597695390782	11.14	0.15	296.0	294.3	536.0	-52.24	0	1
PROTOTYPE	007387	04/15/18	21:14:01	0.4892597695390782	0.4892597695390782	11.17	-0.0	4.207634018036073	4.212526615731463	16.71	-12.06	0.4892597695390782	0.4892597695390782	11.17	0.13	286.0	293.06	513.16	-29.41	0	1
PROTOTYPE	007388	04/15/18	21:14:03	0.4892597695390782	0.4892597695390782	11.17	-0.0	4.207634018036073	4.211548096192384	15.41	-10.25	0.4892597695390782	0.4892597695390782	11.17	0.11	289.0	292.45	523.75	-40.0	0	1
PROTOTYPE	007389	04/15/18	21:14:04	0.4892597695390782	0.4892597695390782	11.17	-0.0	4.207634018036073	4.210569576653307	14.38	-8.71	0.4892597695390782	0.4892597695390782	11.17	0.1	288.0	291.78	558.2	-139.0	0	1
PROTOTYPE	007390	04/15/18	21:14:05	0.4892597695390782	0.4892597695390782	11.17	-0.0	4.207634018036073	4.210569576653307	13.59	-7.41	0.4892597695390782	0.4892597695390782	11.17	0.08	289.0	291.36	507.36	-88.15	0	1
PROTOTYPE	007391	04/15/18	21:14:07	0.4892597695390782	0.4892597695390782	11.17	-0.0	4.207634018036073	4.2095910571142285	12.97	-6.3	0.4892597695390782	0.4892597695390782	11.17	0.07	298.0	292.36	602.96	15.07	0	1
PROTOTYPE	007392	04/15/18	21:14:08	0.4892597695390782	0.4892597695390782	11.17	-0.0	4.207634018036073	4.2095910571142285	12.51	-5.35	0.4892597695390782	0.4892597695390782	11.17	0.06	294.0	292.61	465.74	-122.19	0	1
PROTOTYPE	007393	04/15/18	21:14:10	0.4892597695390782	0.4892597695390782	11.17	-0.0	4.207634018036073	4.2095910571142285	12.15	-4.55	0.4892597695390782	0.4892597695390782	11.17	0.05	276.0	290.11	697.18	-388.86	0	1
PROTOTYPE	007394	04/15/18	21:14:11	0.4892597695390782	0.4892597695390782	11.18	-0.0	4.207634018036073	4.20861253757515	11.9	-3.87	0.4892597695390782	0.4892597695390782	11.18	0.04	294.0	290.7	725.5	-360.53	0	1
PROTOTYPE	007395	04/15/18	21:14:12	0.4892597695390782	0.4892597695390782	11.15	-0.0	4.207634018036073	4.20861253757515	11.68	-3.29	0.4892597695390782	0.4892597695390782	11.15	0.04	295.0	291.34	665.5	-171.45	0	1
PROTOTYPE	007396	04/15/18	21:14:14	0.4892597695390782	0.4892597695390782	11.14	-0.0	4.207634018036073	4.20861253757515	11.53	-2.79	0.4892597695390782	0.4892597695390782	11.14	0.03	272.0	288.44	894.77	-400.73	0	1
PROTOTYPE	007397	04/15/18	21:14:15	0.4892597695390782	0.4892597695390782	11.17	-0.0	4.207634018036073	4.20861253757515	11.45	-2.37	0.4892597695390782	0.4892597695390782	11.17	0.03	291.0	288.83	866.42	-295.62	0	1
PROTOTYPE	007398	04/15/18	21:14:17	0.4892597695390782	0.4892597695390782	11.18	-0.0	4.207634018036073	4.20861253757515	11.38	-2.02	0.4892597695390782	0.4892597695390782	11.18	0.02	284.0	288.1	897.07	-326.28	0	1
PROTOTYPE	007399	04/15/18	21:14:18	0.4892597695390782	0.4892597695390782	11.21	-0.0	4.207634018036073	4.20861253757515	11.36	-1.72	0.4892597695390782	0.4892597695390782	11.21	0.02	290.0	288.39	826.04	-397.34	0	1
PROTOTYPE	007400	04/15/18	21:14:19	0.4892597695390782	0.4892597695390782	11.23	-0.0	4.207634018036073	4.20861253757515	11.34	-1.46	0.4892597695390782	0.4892597695390782	11.23	0.02	295.0	289.38	900.61	-322.74	0	1
PROTOTYPE	007401	04/15/18	21:14:21	0.4892597695390782	0.4892597695390782	11.24	-0.0	4.305485971943888	4.222311811122244	24.9	13.76	0.4892597695390782	0.4892597695390782	11.24	0.01	295.0	290.22	735.85	10.67	0	1
PROTOTYPE	007402	04/15/18	21:14:22	0.4892597695390782	0.4892597695390782	11.25	-0.0	4.207634018036073	4.220354772044089	26.19	11.7	0.4892597695390782	0.4892597695390782	11.25	0.01	284.0	289.29	770.89	-140.93	0	1
PROTOTYPE	007403	04/15/18	21:14:24	0.4892597695390782	0.4892597695390782	11.26	-0.0	4.207634018036073	4.218397732965931	27.2	9.94	0.4892597695390782	0.4892597695390782	11.26	0.01	283.0	288.35	800.68	-299.79	0	1
PROTOTYPE	007404	04/15/18	21:14:25	0.4892597695390782	0.4892597695390782	11.28	-0.0	4.207634018036073	4.216440693887776	27.99	8.45	0.4892597695390782	0.4892597695390782	11.28	0.01	293.0	289.04	580.37	60.18	0	1
PROTOTYPE	007405	04/15/18	21:14:26	0.4892597695390782	0.4892597695390782	11.26	-0.0	4.207634018036073	4.215462174348697	28.55	7.18	0.4892597695390782	0.4892597695390782	11.26	0.01	275.0	286.94	752.62	-188.85	0	1
PROTOTYPE	007406	04/15/18	21:14:28	0.4892597695390782	0.4892597695390782	11.25	-0.0	4.305485971943888	4.229161447895791	41.01	21.11	0.4892597695390782	0.4892597695390782	11.25	0.01	292.0	287.7	756.19	-40.52	0	1
PROTOTYPE	007407	04/15/18	21:14:29	0.4892597695390782	0.4892597695390782	11.23	-0.0	4.207634018036073	4.226225889278557	43.15	17.94	0.4892597695390782	0.4892597695390782	11.23	0.01	295.0	288.79	837.24	40.56	0	1
PROTOTYPE	007408	04/15/18	21:14:31	0.4892597695390782	0.4892597695390782	11.23	-0.0	4.207634018036073	4.223290330661322	44.86	15.25	0.4892597695390782	0.4892597695390782	11.23	0.0	299.0	290.32	891.15	94.47	0	1
PROTOTYPE	007409	04/15/18	21:14:32	0.4892597695390782	0.4892597695390782	11.26	-0.0	4.207634018036073	4.220354772044089	32.64	-2.04	0.4892597695390782	0.4892597695390782	11.26	0.0	289.0	290.12	826.71	-9.7	0	1
PROTOTYPE	007410	04/15/18	21:14:33	0.4892597695390782	0.4892597695390782	11.26	-0.0	4.207634018036073	4.218397732965931	32.38	-1.73	0.4892597695390782	0.4892597695390782	11.26	0.0	289.0	289.96	750.31	66.76	0	1
PROTOTYPE	007411	04/15/18	21:14:35	0.4892597695390782	0.4892597695390782	11.26	-0.0	4.207634018036073	4.2174192134268536	32.18	-1.47	0.4892597695390782	0.4892597695390782	11.26	0.0	293.0	290.41	701.65	206.74	0	1
PROTOTYPE	007412	04/15/18	21:14:36	0.4892597695390782	0.4892597695390782	11.25	-0.0	4.305485971943888	4.230139967434869	43.6	13.75	0.4892597695390782	0.4892597695390782	11.25	0.0	299.0	291.7	760.64	265.73	0	1
PROTOTYPE	007413	04/15/18	21:14:38	0.4892597695390782	0.4892597695390782	11.28	-0.0	4.207634018036073	4.227204408817635	45.37	11.69	0.4892597695390782	0.4892597695390782	11.28	0.0	287.0	291.0	620.51	405.87	0	1
PROTOTYPE	007414	04/15/18	21:14:39	0.4892597695390782	0.4892597695390782	11.29	-0.0	4.207634018036073	4.2242688502004	34.79	-5.07	0.4892597695390782	0.4892597695390782	11.29	0.0	287.0	290.4	604.5	269.99	0	1
PROTOTYPE	007415	04/15/18	21:14:41	0.4892597695390782	0.4892597695390782	11.3	-0.0	4.207634018036073	4.221333291583166	34.11	-4.31	0.4892597695390782	0.4892597695390782	11.3	0.0	287.0	289.89	545.89	109.49	0	1
PROTOTYPE	007416	04/15/18	21:14:42	0.4892597695390782	0.4892597695390782	11.31	-0.0	4.207634018036073	4.21937625250501	33.56	-3.66	0.4892597695390782	0.4892597695390782	11.31	0.0	294.0	290.5	454.48	18.07	0	1
PROTOTYPE	007417	04/15/18	21:14:43	0.4892597695390782	0.4892597695390782	11.3	-0.0	4.207634018036073	4.2174192134268536	33.1	-3.11	0.4892597695390782	0.4892597695390782	11.3	0.0	289.0	290.28	457.18	15.36	0	1
PROTOTYPE	007418	04/15/18	21:14:45	0.4892597695390782	0.4892597695390782	11.3	-0.0	4.305485971943888	4.231118486973949	44.17	12.36	0.4892597695390782	0.4892597695390782	11.3	0.0	304.0	292.34	646.09	238.05	0	1
PROTOTYPE	007419	04/15/18	21:14:46	0.4892597695390782	0.4892597695390782	11.31	-0.0	4.305485971943888	4.241882201903808	53.48	25.5	0.4892597695390782	0.4892597695390782	11.31	0.0	299.0	293.34	700.37	292.35	0	1
PROTOTYPE	007420	04/15/18	21:14:48	0.4892597695390782	0.4892597695390782	11.31	-0.0	4.305485971943888	4.2516673972945895	49.68	21.68	0.4892597695390782	0.4892597695390782	11.31	0.0	294.0	293.44	581.61	173.49	0	1
PROTOTYPE	007421	04/15/18	21:14:49	0.4892597695390782	0.4892597695390782	11.27	-0.0	4.305485971943888	4.2594955536072145	54.29	33.43	0.4892597695390782	0.4892597695390782	11.27	0.0	285.0	292.17	637.62	117.47	0	1
PROTOTYPE	007422	04/15/18	21:14:50	0.4892597695390782	0.4892597695390782	11.28	-0.0	4.305485971943888	4.266345190380761	58.18	43.41	0.4892597695390782	0.4892597695390782	11.28	0.0	286.0	291.24	670.24	84.85	0	1
PROTOTYPE	007423	04/15/18	21:14:52	0.4892597695390782	0.4892597695390782	11.27	-0.0	4.305485971943888	4.2722163076152295	61.42	51.9	0.4892597695390782	0.4892597695390782	11.27	0.0	289.0	290.91	652.97	102.12	0	1
PROTOTYPE	007424	04/15/18	21:14:53	0.4892597695390782	0.4892597695390782	11.27	-0.0	4.305485971943888	4.277108905310621	64.12	59.11	0.4892597695390782	0.4892597695390782	11.27	0.0	289.0	290.62	619.92	11.8	0	1
PROTOTYPE	007425	04/15/18	21:14:55	0.4892597695390782	0.4892597695390782	11.26	-0.0	4.305485971943888	4.282001503006012	66.35	65.25	0.4892597695390782	0.4892597695390782	11.26	0.0	296.0	291.43	678.0	115.03	0	1
PROTOTYPE	007426	04/15/18	21:14:56	0.4892597695390782	0.4892597695390782	11.25	-0.0	4.305485971943888	4.284937061623246	56.75	55.46	0.4892597695390782	0.4892597695390782	11.25	0.0	295.0	291.96	525.76	-37.22	0	1
PROTOTYPE	007427	04/15/18	21:14:57	0.4892597695390782	0.4892597695390782	11.25	-0.0	4.207634018036073	4.273194827154309	57.19	32.14	0.39140781563126253	0.4745819764529058	24.9	-15.0	277.0	289.72	650.26	-361.64	0	1
PROTOTYPE	007428	04/15/18	21:14:59	0.4892597695390782	0.4892597695390782	11.27	-0.0	4.207634018036073	4.263409631763527	57.57	12.32	0.4892597695390782	0.4765390155310621	26.16	-12.75	293.0	290.21	689.43	-322.39	0	1
PROTOTYPE	007429	04/15/18	21:15:00	0.4892597695390782	0.4892597695390782	11.28	-0.0	4.207634018036073	4.255581475450902	57.89	-4.53	0.4892597695390782	0.47849605460921835	27.14	-10.84	294.0	290.78	619.73	-139.03	0	1
PROTOTYPE	007430	04/15/18	21:15:02	0.4892597695390782	0.4892597695390782	11.27	-0.0	4.207634018036073	4.247753319138276	58.16	-18.85	0.4892597695390782	0.48045309368737477	27.88	-9.21	295.0	291.41	590.48	16.82	0	1
PROTOTYPE	007431	04/15/18	21:15:03	0.4892597695390782	0.4892597695390782	11.28	-0.0	4.207634018036073	4.241882201903808	58.39	-31.02	0.4892597695390782	0.48143161322645295	28.45	-7.83	292.0	291.5	565.7	59.3	0	1
PROTOTYPE	007432	04/15/18	21:15:04	0.4892597695390782	0.4892597695390782	11.28	-0.0	4.207634018036073	4.236989604208417	58.59	-41.37	0.4892597695390782	0.482410132765531	28.87	-6.66	288.0	290.98	589.58	35.4	0	1
PROTOTYPE	007433	04/15/18	21:15:06	0.4892597695390782	0.4892597695390782	11.28	-0.0	4.207634018036073	4.232097006513026	58.75	-50.16	0.4892597695390782	0.48338865230460926	29.19	-5.66	290.0	290.83	523.6	-59.91	0	1
PROTOTYPE	007434	04/15/18	21:15:07	0.4892597695390782	0.4892597695390782	11.3	-0.0	4.207634018036073	4.229161447895791	58.89	-57.64	0.4892597695390782	0.48436717184368744	29.45	-4.81	297.0	291.76	562.58	-20.92	0	1
PROTOTYPE	007435	04/15/18	21:15:09	0.4892597695390782	0.4892597695390782	11.32	-0.0	4.207634018036073	4.2252473697394795	50.46	-48.99	0.4892597695390782	0.4853456913827655	15.98	10.91	296.0	292.39	401.8	267.22	0	1
PROTOTYPE	007436	04/15/18	21:15:10	0.4892597695390782	0.4892597695390782	11.32	-0.0	4.207634018036073	4.223290330661322	43.36	-41.64	0.4892597695390782	0.4863242109218437	14.87	9.28	279.0	290.38	553.46	17.13	0	1
PROTOTYPE	007437	04/15/18	21:15:12	0.4892597695390782	0.4892597695390782	11.33	-0.0	4.207634018036073	4.220354772044089	37.39	-35.4	0.4892597695390782	0.4863242109218437	14.0	7.88	279.0	288.68	667.37	-210.44	0	1
PROTOTYPE	007438	04/15/18	21:15:13	0.4892597695390782	0.4892597695390782	11.35	-0.0	4.207634018036073	4.218397732965931	32.4	-30.09	0.4892597695390782	0.4863242109218437	13.34	6.7	286.0	288.27	644.21	-313.87	0	1
PROTOTYPE	007439	04/15/18	21:15:14	0.4892597695390782	0.4892597695390782	11.34	-0.0	4.305485971943888	4.232097006513026	39.42	-10.57	0.4892597695390782	0.48730273046092193	12.82	5.7	300.0	290.03	811.18	-146.79	0	1
PROTOTYPE	007440	04/15/18	21:15:16	0.4892597695390782	0.4892597695390782	11.31	-0.0	4.305485971943888	4.242860721442886	45.36	6.01	0.4892597695390782	0.48730273046092193	12.4	4.84	294.0	290.63	818.17	-34.77	0	1
PROTOTYPE	007441	04/15/18	21:15:17	0.4892597695390782	0.4892597695390782	11.29	-0.0	4.305485971943888	4.252645916833668	50.38	20.11	0.4892597695390782	0.48730273046092193	12.09	4.12	287.0	290.08	857.9	-74.56	0	1
PROTOTYPE	007442	04/15/18	21:15:19	0.4892597695390782	0.4892597695390782	11.3	-0.0	4.207634018036073	4.24579628006012	53.29	17.09	0.4892597695390782	0.48828125	11.89	3.5	290.0	290.07	767.24	-168.37	0	1
PROTOTYPE	007443	04/15/18	21:15:20	0.4892597695390782	0.4892597695390782	11.28	-0.0	4.207634018036073	4.239925162825651	55.72	14.53	0.4892597695390782	0.48828125	11.71	2.97	282.0	288.86	824.63	-353.12	0	1
PROTOTYPE	007444	04/15/18	21:15:21	0.4892597695390782	0.4892597695390782	11.29	-0.0	4.207634018036073	4.23503256513026	57.76	12.35	0.4892597695390782	0.48828125	11.6	2.53	295.0	289.78	715.85	-60.15	0	1
PROTOTYPE	007445	04/15/18	21:15:23	0.4892597695390782	0.4892597695390782	11.28	-0.0	4.305485971943888	4.24579628006012	65.92	25.5	0.4892597695390782	0.48828125	11.51	2.15	299.0	291.16	683.38	248.87	0	1
PROTOTYPE	007446	04/15/18	21:15:24	0.4892597695390782	0.4892597695390782	11.28	-0.0	4.305485971943888	4.254602955911824	72.77	36.67	0.4892597695390782	0.48828125	11.44	1.83	295.0	291.74	700.77	346.54	0	1
PROTOTYPE	007447	04/15/18	21:15:26	0.4892597695390782	0.4892597695390782	11.3	-0.0	4.207634018036073	4.247753319138276	66.72	16.17	0.4892597695390782	0.48828125	11.42	1.55	290.0	291.48	551.02	144.56	0	1
PROTOTYPE	007448	04/15/18	21:15:27	0.4892597695390782	0.4892597695390782	11.3	-0.0	4.207634018036073	4.241882201903808	61.59	-1.25	0.4892597695390782	0.4892597695390782	11.38	1.32	288.0	290.96	543.7	32.88	0	1
PROTOTYPE	007449	04/15/18	21:15:29	0.4892597695390782	0.4892597695390782	11.32	0.0	4.207634018036073	4.236011084669339	57.26	-16.07	0.4892597695390782	0.4892597695390782	11.38	1.12	284.0	289.91	593.62	-17.05	0	1
PROTOTYPE	007450	04/15/18	21:15:30	0.4892597695390782	0.4892597695390782	11.29	0.0	4.207634018036073	4.232097006513026	54.92	-13.66	0.4892597695390782	0.4892597695390782	11.33	0.95	274.0	287.53	830.42	-254.5	0	1
PROTOTYPE	007451	04/15/18	21:15:31	0.4892597695390782	0.4892597695390782	11.28	0.0	4.207634018036073	4.228182928356714	52.95	-11.61	0.4892597695390782	0.4892597695390782	11.31	0.81	291.0	288.05	761.46	-81.32	0	1
PROTOTYPE	007452	04/15/18	21:15:33	0.4892597695390782	0.4892597695390782	11.27	0.0	4.207634018036073	4.2252473697394795	51.31	-9.87	0.4892597695390782	0.4892597695390782	11.29	0.69	298.0	289.54	818.66	-24.12	0	1
PROTOTYPE	007453	04/15/18	21:15:34	0.4892597695390782	0.4892597695390782	11.27	0.0	4.207634018036073	4.222311811122244	43.46	-23.39	0.4892597695390782	0.4892597695390782	11.29	0.59	286.0	289.01	733.5	-215.51	0	1
PROTOTYPE	007454	04/15/18	21:15:36	0.4892597695390782	0.4892597695390782	11.24	0.0	4.207634018036073	4.220354772044089	36.86	-34.88	0.4892597695390782	0.4892597695390782	11.25	0.5	288.0	288.86	691.14	-288.18	0	1
PROTOTYPE	007455	04/15/18	21:15:37	0.4892597695390782	0.4892597695390782	11.23	0.0	4.207634018036073	4.218397732965931	31.95	-29.65	0.4892597695390782	0.4892597695390782	11.24	0.42	287.0	288.58	692.92	-289.95	0	1
PROTOTYPE	007456	04/15/18	21:15:38	0.4892597695390782	0.4892597695390782	11.23	0.0	4.207634018036073	4.216440693887776	27.85	-25.2	0.4892597695390782	0.4892597695390782	11.23	0.36	294.0	289.39	722.04	-156.46	0	1
PROTOTYPE	007457	04/15/18	21:15:40	0.4892597695390782	0.4892597695390782	11.24	0.0	4.207634018036073	4.215462174348697	24.47	-21.42	0.4892597695390782	0.4892597695390782	11.24	0.31	296.0	290.38	716.8	47.01	0	1
PROTOTYPE	007458	04/15/18	21:15:41	0.4892597695390782	0.4892597695390782	11.22	0.0	4.207634018036073	4.214483654809619	21.67	-18.21	0.4892597695390782	0.4892597695390782	11.22	0.26	298.0	291.53	592.35	399.96	0	1
PROTOTYPE	007459	04/15/18	21:15:43	0.4892597695390782	0.4892597695390782	11.24	0.0	4.207634018036073	4.213505135270542	19.41	-15.48	0.4892597695390782	0.4892597695390782	11.24	0.22	284.0	290.4	653.13	234.96	0	1
PROTOTYPE	007460	04/15/18	21:15:44	0.4892597695390782	0.4892597695390782	11.21	0.0	4.207634018036073	4.212526615731463	17.56	-13.15	0.4892597695390782	0.4892597695390782	11.21	0.19	290.0	290.34	509.95	79.72	0	1
PROTOTYPE	007461	04/15/18	21:15:45	0.4892597695390782	0.4892597695390782	11.22	0.0	4.207634018036073	4.211548096192384	16.1	-11.18	0.4892597695390782	0.4892597695390782	11.22	0.16	293.0	290.74	496.79	172.76	0	1
PROTOTYPE	007462	04/15/18	21:15:47	0.4892597695390782	0.4892597695390782	11.25	0.0	4.207634018036073	4.211548096192384	14.96	-9.5	0.4892597695390782	0.4892597695390782	11.25	0.14	287.0	290.18	537.66	131.85	0	1
PROTOTYPE	007463	04/15/18	21:15:48	0.4892597695390782	0.4892597695390782	11.24	0.0	4.207634018036073	4.210569576653307	14.04	-8.08	0.4892597695390782	0.4892597695390782	11.24	0.12	283.0	289.1	617.41	52.07	0	1
PROTOTYPE	007464	04/15/18	21:15:50	0.4892597695390782	0.4892597695390782	11.24	0.0	4.207634018036073	4.210569576653307	13.34	-6.87	0.4892597695390782	0.4892597695390782	11.24	0.1	288.0	288.93	552.64	-45.74	0	1
PROTOTYPE	007465	04/15/18	21:15:51	0.4892597695390782	0.4892597695390782	11.22	0.0	4.207634018036073	4.2095910571142285	12.79	-5.84	0.4892597695390782	0.4892597695390782	11.22	0.08	295.0	289.84	544.5	-53.88	0	1
PROTOTYPE	007466	04/15/18	21:15:52	0.4892597695390782	0.4892597695390782	11.25	0.0	4.207634018036073	4.2095910571142285	12.4	-4.96	0.4892597695390782	0.4892597695390782	11.25	0.07	291.0	290.02	447.63	-150.8	0	1
PROTOTYPE	007467	04/15/18	21:15:54	0.4892597695390782	0.4892597695390782	11.22	0.0	4.207634018036073	4.2095910571142285	12.07	-4.22	0.4892597695390782	0.4892597695390782	11.22	0.06	303.0	291.97	529.47	156.82	0	1
PROTOTYPE	007468	04/15/18	21:15:55	0.4892597695390782	0.4892597695390782	11.25	0.0	4.207634018036073	4.20861253757515	11.87	-3.58	0.4892597695390782	0.4892597695390782	11.25	0.05	287.0	291.22	597.85	88.3	0	1
PROTOTYPE	007469	04/15/18	21:15:57	0.4892597695390782	0.4892597695390782	11.24	0.0	4.207634018036073	4.20861253757515	11.69	-3.05	0.4892597695390782	0.4892597695390782	11.24	0.04	298.0	292.24	659.59	150.05	0	1
PROTOTYPE	007470	04/15/18	21:15:58	0.4892597695390782	0.4892597695390782	11.21	0.0	4.207634018036073	4.20861253757515	11.54	-2.59	0.4892597695390782	0.4892597695390782	11.21	0.04	276.0	289.8	847.08	-37.45	0	1
PROTOTYPE	007471	04/15/18	21:15:59	0.4892597695390782	0.4892597695390782	11.22	0.0	4.207634018036073	4.20861253757515	11.46	-2.2	0.4892597695390782	0.4892597695390782	11.22	0.03	290.0	289.83	742.72	73.16	0	1
PROTOTYPE	007472	04/15/18	21:16:01	0.4892597695390782	0.4892597695390782	11.25	0.0	4.207634018036073	4.20861253757515	11.42	-1.87	0.4892597695390782	0.4892597695390782	11.25	0.03	281.0	288.51	858.64	-42.81	0	1
PROTOTYPE	007473	04/15/18	21:16:02	0.4892597695390782	0.4892597695390782	11.25	0.0	4.207634018036073	4.20861253757515	11.37	-1.59	0.4892597695390782	0.4892597695390782	11.25	0.02	294.0	289.33	850.06	-51.39	0	1
PROTOTYPE	007474	04/15/18	21:16:04	0.4892597695390782	0.4892597695390782	11.25	0.0	4.207634018036073	4.20861253757515	11.34	-1.35	0.4892597695390782	0.4892597695390782	11.25	0.02	287.0	288.98	867.67	-103.68	0	1
PROTOTYPE	007475	04/15/18	21:16:05	0.4892597695390782	0.4892597695390782	11.26	0.0	4.207634018036073	4.207634018036073	11.32	-1.15	0.4892597695390782	0.4892597695390782	11.26	0.02	284.0	288.23	747.66	-373.13	0	1
PROTOTYPE	007476	04/15/18	21:16:06	0.4892597695390782	0.4892597695390782	11.26	0.0	4.207634018036073	4.207634018036073	11.31	-0.98	0.4892597695390782	0.4892597695390782	11.26	0.01	294.0	289.1	759.67	-212.16	0	1
PROTOTYPE	007477	04/15/18	21:16:08	0.4892597695390782	0.4892597695390782	11.3	0.0	4.207634018036073	4.207634018036073	11.33	-0.83	0.4892597695390782	0.4892597695390782	11.3	0.01	289.0	289.08	660.04	-315.34	0	1
PROTOTYPE	007478	04/15/18	21:16:09	0.4892597695390782	0.4892597695390782	11.31	0.0	4.207634018036073	4.207634018036073	11.33	-0.71	0.4892597695390782	0.4892597695390782	11.31	0.01	292.0	289.52	460.23	-28.04	0	1
PROTOTYPE	007479	04/15/18	21:16:11	0.4892597695390782	0.4892597695390782	11.31	0.0	4.207634018036073	4.207634018036073	11.33	-0.6	0.4892597695390782	0.4892597695390782	11.31	0.01	292.0	289.89	494.15	6.17	0	1
PROTOTYPE	007480	04/15/18	21:16:12	0.4892597695390782	0.4892597695390782	11.29	0.0	4.207634018036073	4.207634018036073	11.3	-0.51	0.4892597695390782	0.4892597695390782	11.29	0.01	293.0	290.36	408.29	185.24	0	1
PROTOTYPE	007481	04/15/18	21:16:14	0.4892597695390782	0.4892597695390782	11.29	0.0	4.207634018036073	4.207634018036073	11.3	-0.43	0.4892597695390782	0.4892597695390782	11.29	0.01	295.0	291.06	395.51	172.46	0	1
PROTOTYPE	007482	04/15/18	21:16:15	0.4892597695390782	0.4892597695390782	11.29	0.0	4.207634018036073	4.207634018036073	11.29	-0.37	0.4892597695390782	0.4892597695390782	11.29	0.01	298.0	292.1	464.69	311.59	0	1
PROTOTYPE	007483	04/15/18	21:16:16	0.4892597695390782	0.4892597695390782	11.31	0.0	4.207634018036073	4.207634018036073	11.31	-0.31	0.4892597695390782	0.4892597695390782	11.31	0.0	300.0	293.28	508.52	504.85	0	1
PROTOTYPE	007484	04/15/18	21:16:18	0.4892597695390782	0.4892597695390782	11.29	0.0	4.207634018036073	4.207634018036073	11.29	-0.27	0.4892597695390782	0.4892597695390782	11.29	0.0	288.0	292.49	501.26	339.12	0	1
PROTOTYPE	007485	04/15/18	21:16:19	0.4892597695390782	0.4892597695390782	11.24	0.0	4.207634018036073	4.207634018036073	11.24	-0.23	0.4892597695390782	0.4892597695390782	11.24	0.0	292.0	292.42	506.68	333.25	0	1
PROTOTYPE	007486	04/15/18	21:16:21	0.4892597695390782	0.4892597695390782	11.24	0.0	4.207634018036073	4.207634018036073	11.24	-0.19	0.4892597695390782	0.4892597695390782	11.24	0.0	289.0	291.9	514.19	238.27	0	1
PROTOTYPE	007487	04/15/18	21:16:22	0.4892597695390782	0.4892597695390782	11.24	0.0	4.207634018036073	4.207634018036073	11.24	-0.16	0.4892597695390782	0.4892597695390782	11.24	0.0	284.0	290.72	595.55	82.53	0	1
PROTOTYPE	007488	04/15/18	21:16:23	0.4892597695390782	0.4892597695390782	11.25	0.0	4.207634018036073	4.207634018036073	11.25	-0.14	0.4892597695390782	0.4892597695390782	11.25	0.0	290.0	290.61	559.8	25.15	0	1
PROTOTYPE	007489	04/15/18	21:16:25	0.4892597695390782	0.4892597695390782	11.25	0.0	4.207634018036073	4.207634018036073	11.25	-0.12	0.4892597695390782	0.4892597695390782	11.25	0.0	296.0	291.42	571.02	36.38	0	1
PROTOTYPE	007490	04/15/18	21:16:26	0.4892597695390782	0.4892597695390782	11.27	0.0	4.207634018036073	4.207634018036073	11.27	-0.1	0.4892597695390782	0.4892597695390782	11.27	0.0	304.0	293.31	655.56	120.92	0	1
PROTOTYPE	007491	04/15/18	21:16:28	0.4892597695390782	0.4892597695390782	11.27	0.0	4.207634018036073	4.207634018036073	11.27	-0.09	0.4892597695390782	0.4892597695390782	11.27	0.0	285.0	292.06	661.61	-122.22	0	1
PROTOTYPE	007492	04/15/18	21:16:29	0.4892597695390782	0.4892597695390782	11.28	0.0	4.207634018036073	4.207634018036073	11.28	-0.07	0.4892597695390782	0.4892597695390782	11.28	0.0	283.0	290.7	718.27	-178.89	0	1
PROTOTYPE	007493	04/15/18	21:16:30	0.4892597695390782	0.4892597695390782	11.29	0.0	4.207634018036073	4.207634018036073	11.29	-0.06	0.4892597695390782	0.4892597695390782	11.29	0.0	283.0	289.55	826.32	-287.05	0	1
PROTOTYPE	007494	04/15/18	21:16:32	0.4892597695390782	0.4892597695390782	11.29	0.0	4.207634018036073	4.207634018036073	11.29	-0.05	0.4892597695390782	0.4892597695390782	11.29	0.0	289.0	289.46	783.36	-244.0	0	1
PROTOTYPE	007495	04/15/18	21:16:33	0.4892597695390782	0.4892597695390782	11.29	0.0	4.207634018036073	4.207634018036073	11.29	-0.04	0.4892597695390782	0.4892597695390782	11.29	0.0	294.0	290.14	732.84	-57.4	0	1
PROTOTYPE	007496	04/15/18	21:16:35	0.4892597695390782	0.4892597695390782	11.27	0.0	4.207634018036073	4.207634018036073	11.27	-0.04	0.4892597695390782	0.4892597695390782	11.27	0.0	297.0	291.17	824.81	56.21	0	1
PROTOTYPE	007497	04/15/18	21:16:36	0.4892597695390782	0.4892597695390782	11.29	0.0	4.207634018036073	4.207634018036073	11.29	-0.03	0.4892597695390782	0.4892597695390782	11.29	0.0	278.0	289.2	941.56	-222.22	0	1
PROTOTYPE	007498	04/15/18	21:16:37	0.4892597695390782	0.4892597695390782	11.25	0.0	4.207634018036073	4.207634018036073	11.25	-0.03	0.4892597695390782	0.4892597695390782	11.25	0.0	296.0	290.22	854.9	-308.89	0	1
PROTOTYPE	007499	04/15/18	21:16:39	0.4892597695390782	0.4892597695390782	11.23	0.0	4.207634018036073	4.207634018036073	11.23	-0.02	0.4892597695390782	0.4892597695390782	11.23	0.0	303.0	292.13	922.04	7.45	0	1
PROTOTYPE	007500	04/15/18	21:16:40	0.4892597695390782	0.4892597695390782	11.21	0.0	4.207634018036073	4.207634018036073	11.21	-0.02	0.4892597695390782	0.4892597695390782	11.21	0.0	295.0	292.56	829.13	186.33	0	1
PROTOTYPE	007501	04/15/18	21:16:42	0.4892597695390782	0.4892597695390782	11.24	0.0	4.207634018036073	4.207634018036073	11.24	-0.02	0.4892597695390782	0.4892597695390782	11.24	0.0	304.0	294.28	885.14	473.38	0	1
PROTOTYPE	007502	04/15/18	21:16:43	0.4892597695390782	0.4892597695390782	11.24	0.0	4.207634018036073	4.207634018036073	11.24	-0.01	0.4892597695390782	0.4892597695390782	11.24	0.0	289.0	293.49	956.04	402.37	0	1
PROTOTYPE	007503	04/15/18	21:16:45	0.4892597695390782	0.4892597695390782	11.23	0.0	4.207634018036073	4.207634018036073	11.23	-0.01	0.4892597695390782	0.4892597695390782	11.23	0.0	292.0	293.26	910.35	312.02	0	1
PROTOTYPE	007504	04/15/18	21:16:46	0.4892597695390782	0.4892597695390782	11.25	0.0	4.207634018036073	4.207634018036073	11.25	-0.01	0.4892597695390782	0.4892597695390782	11.25	0.0	297.0	293.83	863.56	265.21	0	1
PROTOTYPE	007505	04/15/18	21:16:47	0.4892597695390782	0.4892597695390782	11.25	0.0	4.207634018036073	4.207634018036073	11.25	-0.01	0.4892597695390782	0.4892597695390782	11.25	0.0	290.0	293.25	723.35	405.43	0	1
PROTOTYPE	007506	04/15/18	21:16:49	0.4892597695390782	0.4892597695390782	11.26	0.0	4.207634018036073	4.207634018036073	11.26	-0.01	0.4892597695390782	0.4892597695390782	11.26	0.0	288.0	292.46	700.08	224.62	0	1
PROTOTYPE	007507	04/15/18	21:16:50	0.4892597695390782	0.4892597695390782	11.28	0.0	4.207634018036073	4.207634018036073	11.28	-0.01	0.4892597695390782	0.4892597695390782	11.28	0.0	294.0	292.69	531.42	55.93	0	1
PROTOTYPE	007508	04/15/18	21:16:52	0.4892597695390782	0.4892597695390782	11.3	0.0	4.207634018036073	4.207634018036073	11.3	-0.01	0.4892597695390782	0.4892597695390782	11.3	0.0	296.0	293.19	538.03	62.54	0	1
PROTOTYPE	007509	04/15/18	21:16:53	0.4892597695390782	0.4892597695390782	11.29	0.0	4.207634018036073	4.207634018036073	11.29	-0.0	0.4892597695390782	0.4892597695390782	11.29	0.0	288.0	292.41	444.36	-186.84	0	1
PROTOTYPE	007510	04/15/18	21:16:54	0.4892597695390782	0.4892597695390782	11.31	0.0	4.207634018036073	4.207634018036073	11.31	-0.0	0.4892597695390782	0.4892597695390782	11.31	0.0	297.0	293.1	433.99	-38.82	0	1
PROTOTYPE	007511	04/15/18	21:16:56	0.4892597695390782	0.4892597695390782	11.31	0.0	4.207634018036073	4.207634018036073	11.31	-0.0	0.4892597695390782	0.4892597695390782	11.31	0.0	295.0	293.38	440.16	12.01	0	1
PROTOTYPE	007512	04/15/18	21:16:57	0.4892597695390782	0.4892597695390782	11.3	0.0	4.207634018036073	4.207634018036073	11.3	-0.0	0.4892597695390782	0.4892597695390782	11.3	0.0	299.0	294.23	468.36	40.2	0	1
PROTOTYPE	007513	04/15/18	21:16:59	0.4892597695390782	0.4892597695390782	11.27	0.0	4.207634018036073	4.207634018036073	11.27	-0.0	0.4892597695390782	0.4892597695390782	11.27	0.0	298.0	294.79	467.58	154.17	0	1
PROTOTYPE	007514	04/15/18	21:17:00	0.4892597695390782	0.4892597695390782	11.29	0.0	4.305485971943888	4.222311811122244	24.93	15.0	0.4892597695390782	0.4892597695390782	11.29	0.0	285.0	293.32	535.7	86.05	0	1
PROTOTYPE	007515	04/15/18	21:17:01	0.4892597695390782	0.4892597695390782	11.3	0.0	4.207634018036073	4.220354772044089	26.18	12.75	0.4892597695390782	0.4892597695390782	11.3	0.0	287.0	292.38	607.48	-31.86	0	1
PROTOTYPE	007516	04/15/18	21:17:03	0.4892597695390782	0.4892597695390782	11.29	0.0	4.207634018036073	4.218397732965931	27.14	10.84	0.4892597695390782	0.4892597695390782	11.29	0.0	289.0	291.87	608.52	-132.08	0	1
PROTOTYPE	007517	04/15/18	21:17:04	0.4892597695390782	0.4892597695390782	11.29	0.0	4.207634018036073	4.216440693887776	27.88	9.21	0.4892597695390782	0.4892597695390782	11.29	0.0	296.0	292.49	592.64	7.73	0	1
PROTOTYPE	007518	04/15/18	21:17:06	0.4892597695390782	0.4892597695390782	11.27	0.0	4.207634018036073	4.215462174348697	28.42	7.83	0.4892597695390782	0.4892597695390782	11.27	0.0	294.0	292.72	546.51	-38.43	0	1
PROTOTYPE	007519	04/15/18	21:17:07	0.4892597695390782	0.4892597695390782	11.29	0.0	4.207634018036073	4.214483654809619	28.87	6.65	0.4892597695390782	0.4892597695390782	11.29	0.0	288.0	292.01	588.71	-137.66	0	1
PROTOTYPE	007520	04/15/18	21:17:09	0.4892597695390782	0.4892597695390782	11.3	0.0	4.207634018036073	4.213505135270542	29.19	5.66	0.4892597695390782	0.4892597695390782	11.3	0.0	288.0	291.41	564.61	-282.01	0	1
PROTOTYPE	007521	04/15/18	21:17:10	0.4892597695390782	0.4892597695390782	11.31	0.0	4.207634018036073	4.212526615731463	29.44	4.81	0.4892597695390782	0.4892597695390782	11.31	0.0	284.0	290.3	619.11	-449.71	0	1
PROTOTYPE	007522	04/15/18	21:17:11	0.4892597695390782	0.4892597695390782	11.31	0.0	4.207634018036073	4.211548096192384	15.97	-10.91	0.4892597695390782	0.4892597695390782	11.31	0.0	298.0	291.45	587.78	-187.26	0	1
PROTOTYPE	007523	04/15/18	21:17:13	0.4892597695390782	0.4892597695390782	11.27	0.0	4.207634018036073	4.210569576653307	14.82	-9.28	0.4892597695390782	0.4892597695390782	11.27	0.0	291.0	291.38	499.82	-99.17	0	1
PROTOTYPE	007524	04/15/18	21:17:14	0.4892597695390782	0.4892597695390782	11.28	0.0	4.207634018036073	4.210569576653307	13.96	-7.88	0.4892597695390782	0.4892597695390782	11.28	0.0	290.0	291.18	469.98	-69.29	0	1
PROTOTYPE	007525	04/15/18	21:17:16	0.4892597695390782	0.4892597695390782	11.26	0.0	4.207634018036073	4.210569576653307	13.27	-6.7	0.4892597695390782	0.4892597695390782	11.26	0.0	295.0	291.75	465.37	-73.9	0	1
PROTOTYPE	007526	04/15/18	21:17:17	0.4892597695390782	0.4892597695390782	11.25	0.0	4.207634018036073	4.2095910571142285	12.74	-5.7	0.4892597695390782	0.4892597695390782	11.25	0.0	279.0	289.84	633.91	-287.81	0	1
PROTOTYPE	007527	04/15/18	21:17:18	0.4892597695390782	0.4892597695390782	11.25	0.0	4.207634018036073	4.2095910571142285	12.35	-4.84	0.4892597695390782	0.4892597695390782	11.25	0.0	293.0	290.31	610.63	-169.64	0	1
PROTOTYPE	007528	04/15/18	21:17:20	0.4892597695390782	0.4892597695390782	11.24	0.0	4.207634018036073	4.2095910571142285	12.05	-4.12	0.4892597695390782	0.4892597695390782	11.24	0.0	295.0	291.01	620.83	-39.2	0	1
PROTOTYPE	007529	04/15/18	21:17:21	0.4892597695390782	0.4892597695390782	11.24	0.0	4.305485971943888	4.223290330661322	25.25	11.5	0.4892597695390782	0.4892597695390782	11.24	0.0	294.0	291.46	554.51	116.68	0	1
PROTOTYPE	007530	04/15/18	21:17:23	0.4892597695390782	0.4892597695390782	11.22	0.0	4.305485971943888	4.236011084669339	36.28	24.78	0.4892597695390782	0.4892597695390782	11.22	0.0	297.0	292.29	522.01	84.18	0	1
PROTOTYPE	007531	04/15/18	21:17:24	0.4892597695390782	0.4892597695390782	11.23	0.0	4.305485971943888	4.246774799599199	45.53	36.06	0.4892597695390782	0.4892597695390782	11.23	0.0	285.0	291.2	624.51	-18.45	0	1
PROTOTYPE	007532	04/15/18	21:17:25	0.4892597695390782	0.4892597695390782	11.24	0.0	4.207634018036073	4.2409036823647295	50.12	30.65	0.4892597695390782	0.4892597695390782	11.24	0.0	282.0	289.82	741.7	-135.68	0	1
PROTOTYPE	007533	04/15/18	21:17:27	0.4892597695390782	0.4892597695390782	11.23	0.0	4.305485971943888	4.25068887775551	58.71	41.05	0.4892597695390782	0.4892597695390782	11.23	0.0	298.0	291.05	807.04	-70.33	0	1
PROTOTYPE	007534	04/15/18	21:17:28	0.4892597695390782	0.4892597695390782	11.23	0.0	4.305485971943888	4.258517034068137	65.85	49.9	0.4892597695390782	0.4892597695390782	11.23	0.0	292.0	291.19	630.16	135.22	0	1
PROTOTYPE	007535	04/15/18	21:17:30	0.4892597695390782	0.4892597695390782	11.22	0.0	4.305485971943888	4.265366670841684	71.72	57.41	0.4892597695390782	0.4892597695390782	11.22	0.0	298.0	292.21	684.87	189.94	0	1
PROTOTYPE	007536	04/15/18	21:17:31	0.4892597695390782	0.4892597695390782	11.22	0.0	4.207634018036073	4.2565599949899795	79.29	48.8	0.4892597695390782	0.4892597695390782	11.22	0.0	302.0	293.68	761.37	266.45	0	1
PROTOTYPE	007537	04/15/18	21:17:32	0.4892597695390782	0.4892597695390782	11.24	0.0	4.207634018036073	4.249710358216433	72.14	26.48	0.4892597695390782	0.4892597695390782	11.24	0.0	287.0	292.68	816.77	121.48	0	1
PROTOTYPE	007538	04/15/18	21:17:34	0.4892597695390782	0.4892597695390782	11.25	0.0	4.207634018036073	4.242860721442886	66.08	7.51	0.4892597695390782	0.4892597695390782	11.25	0.0	279.0	290.63	938.87	-166.74	0	1
PROTOTYPE	007539	04/15/18	21:17:35	0.4892597695390782	0.4892597695390782	11.26	0.0	4.207634018036073	4.237968123747495	60.95	-8.62	0.4892597695390782	0.4892597695390782	11.26	0.0	289.0	290.38	853.89	-81.73	0	1
PROTOTYPE	007540	04/15/18	21:17:37	0.4892597695390782	0.4892597695390782	11.24	0.0	4.305485971943888	4.247753319138276	65.31	7.67	0.4892597695390782	0.4892597695390782	11.24	0.0	285.0	289.57	796.63	-24.47	0	1
PROTOTYPE	007541	04/15/18	21:17:38	0.4892597695390782	0.4892597695390782	11.24	0.0	4.305485971943888	4.2565599949899795	64.17	6.52	0.4892597695390782	0.4892597695390782	11.24	0.0	287.0	289.19	712.56	-185.8	0	1
PROTOTYPE	007542	04/15/18	21:17:39	0.4892597695390782	0.4892597695390782	11.26	0.0	4.305485971943888	4.264388151302605	63.21	5.54	0.4892597695390782	0.4892597695390782	11.26	0.0	280.0	287.81	836.03	-337.93	0	1
PROTOTYPE	007543	04/15/18	21:17:41	0.4892597695390782	0.4892597695390782	11.26	0.0	4.207634018036073	4.255581475450902	64.63	-10.29	0.4892597695390782	0.4892597695390782	11.26	0.0	291.0	288.29	781.73	-392.24	0	1
PROTOTYPE	007544	04/15/18	21:17:42	0.4892597695390782	0.4892597695390782	11.27	0.0	4.207634018036073	4.248731838677355	63.11	-8.74	0.4892597695390782	0.4892597695390782	11.27	0.0	281.0	287.2	744.23	-648.4	0	1
PROTOTYPE	007545	04/15/18	21:17:44	0.4892597695390782	0.4892597695390782	11.24	0.0	4.207634018036073	4.241882201903808	61.82	-7.43	0.4892597695390782	0.4892597695390782	11.24	0.0	294.0	288.22	746.1	-446.14	0	1
PROTOTYPE	007546	04/15/18	21:17:45	0.4892597695390782	0.4892597695390782	11.24	0.0	4.207634018036073	4.236989604208417	60.73	-6.32	0.4892597695390782	0.4892597695390782	11.24	0.0	286.0	287.88	574.21	-274.22	0	1
PROTOTYPE	007547	04/15/18	21:17:46	0.4892597695390782	0.4892597695390782	11.25	0.0	4.207634018036073	4.233075526052104	59.83	-5.37	0.4892597695390782	0.4892597695390782	11.25	0.0	290.0	288.2	581.56	-218.09	0	1
PROTOTYPE	007548	04/15/18	21:17:48	0.4892597695390782	0.4892597695390782	11.25	0.0	4.207634018036073	4.229161447895791	53.45	-19.56	0.4892597695390782	0.4892597695390782	11.25	0.0	293.0	288.92	572.81	-65.38	0	1
PROTOTYPE	007549	04/15/18	21:17:49	0.4892597695390782	0.4892597695390782	11.28	0.0	4.207634018036073	4.2252473697394795	48.09	-31.63	0.4892597695390782	0.4892597695390782	11.28	0.0	289.0	288.93	536.02	-25.57	0	1
PROTOTYPE	007550	04/15/18	21:17:51	0.4892597695390782	0.4892597695390782	11.28	0.0	4.207634018036073	4.223290330661322	43.57	-41.89	0.4892597695390782	0.4892597695390782	11.28	0.0	288.0	288.79	412.24	98.27	0	1
PROTOTYPE	007551	04/15/18	21:17:52	0.4892597695390782	0.4892597695390782	11.27	0.0	4.207634018036073	4.220354772044089	37.56	-35.6	0.4892597695390782	0.4892597695390782	11.27	0.0	287.0	288.52	391.31	23.53	0	1
PROTOTYPE	007552	04/15/18	21:17:54	0.4892597695390782	0.4892597695390782	11.26	0.0	4.207634018036073	4.218397732965931	32.53	-30.26	0.4892597695390782	0.4892597695390782	11.26	0.0	293.0	289.2	349.12	200.0	0	1
PROTOTYPE	007553	04/15/18	21:17:55	0.4892597695390782	0.4892597695390782	11.27	0.0	4.207634018036073	4.2174192134268536	28.34	-25.72	0.4892597695390782	0.4892597695390782	11.27	0.0	288.0	289.02	265.03	80.0	0	1
PROTOTYPE	007554	04/15/18	21:17:56	0.4892597695390782	0.4892597695390782	11.26	0.0	4.207634018036073	4.215462174348697	24.86	-21.86	0.4892597695390782	0.4892597695390782	11.26	0.0	284.0	288.26	307.01	38.0	0	1
PROTOTYPE	007555	04/15/18	21:17:58	0.4892597695390782	0.4892597695390782	11.27	0.0	4.207634018036073	4.214483654809619	22.02	-18.58	0.4892597695390782	0.4892597695390782	11.27	0.0	292.0	288.82	331.3	62.3	0	1
PROTOTYPE	007556	04/15/18	21:17:59	0.4892597695390782	0.4892597695390782	11.26	0.0	4.207634018036073	4.213505135270542	19.68	-15.8	0.4892597695390782	0.4892597695390782	11.26	0.0	289.0	288.85	262.28	-7.05	0	1
PROTOTYPE	007557	04/15/18	21:18:01	0.4892597695390782	0.4892597695390782	11.3	0.0	4.207634018036073	4.212526615731463	17.84	-13.43	0.4892597695390782	0.4892597695390782	11.3	0.0	302.0	290.82	457.68	189.01	0	1
PROTOTYPE	007558	04/15/18	21:18:02	0.4892597695390782	0.4892597695390782	11.3	0.0	4.207634018036073	4.211548096192384	16.33	-11.41	0.4892597695390782	0.4892597695390782	11.3	0.0	292.0	291.0	461.33	220.66	0	1
PROTOTYPE	007559	04/15/18	21:18:03	0.4892597695390782	0.4892597695390782	11.29	0.0	4.207634018036073	4.211548096192384	15.12	-9.7	0.4892597695390782	0.4892597695390782	11.29	0.0	292.0	291.15	449.47	262.56	0	1
PROTOTYPE	007560	04/15/18	21:18:05	0.4892597695390782	0.4892597695390782	11.3	0.0	4.207634018036073	4.210569576653307	14.19	-8.25	0.4892597695390782	0.4892597695390782	11.3	0.0	283.0	289.93	504.57	73.18	0	1
PROTOTYPE	007561	04/15/18	21:18:06	0.4892597695390782	0.4892597695390782	11.32	0.0	4.207634018036073	4.210569576653307	13.49	-7.01	0.4892597695390782	0.4892597695390782	11.32	0.0	299.0	291.29	622.69	227.2	0	1
PROTOTYPE	007562	04/15/18	21:18:08	0.4892597695390782	0.4892597695390782	11.32	0.0	4.207634018036073	4.2095910571142285	12.93	-5.96	0.4892597695390782	0.4892597695390782	11.32	0.0	307.0	293.64	783.11	538.12	0	1
PROTOTYPE	007563	04/15/18	21:18:09	0.4892597695390782	0.4892597695390782	11.28	0.0	4.207634018036073	4.2095910571142285	12.47	-5.06	0.4892597695390782	0.4892597695390782	11.28	0.0	295.0	293.85	747.43	502.4	0	1
PROTOTYPE	007564	04/15/18	21:18:10	0.4892597695390782	0.4892597695390782	11.29	0.0	4.207634018036073	4.2095910571142285	12.16	-4.3	0.4892597695390782	0.4892597695390782	11.29	0.0	289.0	293.12	817.18	427.04	0	1
PROTOTYPE	007565	04/15/18	21:18:12	0.4892597695390782	0.4892597695390782	11.23	0.0	4.207634018036073	4.20861253757515	11.88	-3.66	0.4892597695390782	0.4892597695390782	11.23	0.0	281.0	291.3	801.75	47.99	0	1
PROTOTYPE	007566	04/15/18	21:18:13	0.4892597695390782	0.4892597695390782	11.22	0.0	4.207634018036073	4.20861253757515	11.69	-3.11	0.4892597695390782	0.4892597695390782	11.22	0.0	288.0	290.81	833.6	-19.21	0	1
