Dev_id	Index	Date	Time	Sensor1	Sensor1_Filter	Sensor1_LL	Sensor1_Diff	Sensor2	Sensor2_Filter	Sensor2_LL	Sensor2_Diff	Sensor3	Sensor3_Filter	Sensor3_LL	Sensor3_Diff	Sensor4	Sensor4_Filter	Sensor4_LL	Sensor4_Diff	Heater_Status	FSM_Status
PROTOTYPE	001567	04/15/18	18:57:13	0.4892597695390782	0.4892597695390782	11.17	0.0	4.207634018036073	4.14500876753507	58.74	11.68	0.4892597695390782	0.4892597695390782	11.17	0.0	298.0	290.93	880.54	-66.93	0	1
PROTOTYPE	001568	04/15/18	18:57:15	0.4892597695390782	0.4892597695390782	11.19	0.0	4.207634018036073	4.153815443386774	57.0	9.93	0.4892597695390782	0.4892597695390782	11.19	0.0	298.0	291.99	827.45	198.11	0	1
PROTOTYPE	001569	04/15/18	18:57:16	0.4892597695390782	0.4892597695390782	11.19	0.0	4.207634018036073	4.161643599699398	59.87	23.44	0.4892597695390782	0.4892597695390782	11.19	0.0	294.0	292.3	737.76	108.39	0	1
PROTOTYPE	001570	04/15/18	18:57:18	0.4892597695390782	0.4892597695390782	11.19	0.0	4.207634018036073	4.168493236472946	62.29	34.92	0.4892597695390782	0.4892597695390782	11.19	0.0	299.0	293.3	760.15	287.14	0	1
PROTOTYPE	001571	04/15/18	18:57:19	0.4892597695390782	0.4892597695390782	11.23	0.0	4.1097820641282565	4.1596865606212425	67.4	29.68	0.4892597695390782	0.4892597695390782	11.23	0.0	285.0	292.06	816.11	94.06	0	1
PROTOTYPE	001572	04/15/18	18:57:20	0.4892597695390782	0.4892597695390782	11.25	0.0	4.207634018036073	4.1675147169338675	63.0	25.23	0.4892597695390782	0.4892597695390782	11.25	0.0	294.0	292.35	798.55	169.96	0	1
PROTOTYPE	001573	04/15/18	18:57:22	0.4892597695390782	0.4892597695390782	11.26	0.0	4.207634018036073	4.173385834168336	64.16	36.45	0.4892597695390782	0.4892597695390782	11.26	0.0	293.0	292.45	618.71	369.46	0	1
PROTOTYPE	001574	04/15/18	18:57:23	0.4892597695390782	0.4892597695390782	11.25	0.0	4.207634018036073	4.178278431863728	65.13	45.98	0.4892597695390782	0.4892597695390782	11.25	0.0	285.0	291.33	636.65	164.04	0	1
PROTOTYPE	001575	04/15/18	18:57:25	0.4892597695390782	0.4892597695390782	11.24	0.0	4.207634018036073	4.1831710295591185	58.36	39.08	0.4892597695390782	0.4892597695390782	11.24	0.0	297.0	292.18	597.05	124.44	0	1
PROTOTYPE	001576	04/15/18	18:57:26	0.4892597695390782	0.4892597695390782	11.21	0.0	4.1097820641282565	4.171428795090181	59.86	18.22	0.4892597695390782	0.4892597695390782	11.21	0.0	297.0	292.9	563.39	90.77	0	1
PROTOTYPE	001577	04/15/18	18:57:27	0.4892597695390782	0.4892597695390782	11.23	0.0	4.1097820641282565	4.162622119238477	61.13	0.49	0.4892597695390782	0.4892597695390782	11.23	0.0	281.0	291.12	711.82	-117.84	0	1
PROTOTYPE	001578	04/15/18	18:57:29	0.4892597695390782	0.4892597695390782	11.25	0.0	4.1097820641282565	4.154793962925852	62.22	-14.59	0.4892597695390782	0.4892597695390782	11.25	0.0	302.0	292.75	774.49	-55.17	0	1
PROTOTYPE	001579	04/15/18	18:57:30	0.4892597695390782	0.4892597695390782	11.22	0.0	4.207634018036073	4.162622119238477	61.29	2.6	0.4892597695390782	0.4892597695390782	11.22	0.0	297.0	293.39	713.74	133.11	0	1
PROTOTYPE	001580	04/15/18	18:57:32	0.4892597695390782	0.4892597695390782	11.2	0.0	4.1097820641282565	4.154793962925852	62.07	-12.79	0.4892597695390782	0.4892597695390782	11.2	0.0	298.0	294.08	753.75	173.14	0	1
PROTOTYPE	001581	04/15/18	18:57:33	0.4892597695390782	0.4892597695390782	11.21	0.0	4.207634018036073	4.162622119238477	63.95	-10.87	0.4892597695390782	0.4892597695390782	11.21	0.0	291.0	293.62	790.07	117.17	0	1
PROTOTYPE	001582	04/15/18	18:57:34	0.4892597695390782	0.4892597695390782	11.21	0.0	4.1097820641282565	4.154793962925852	66.71	-24.24	0.4892597695390782	0.4892597695390782	11.21	0.0	294.0	293.67	684.29	234.59	0	1
PROTOTYPE	001583	04/15/18	18:57:36	0.4892597695390782	0.4892597695390782	11.24	0.0	4.207634018036073	4.162622119238477	70.26	-20.6	0.4892597695390782	0.4892597695390782	11.24	0.0	282.0	291.92	774.34	-25.59	0	1
PROTOTYPE	001584	04/15/18	18:57:37	0.4892597695390782	0.4892597695390782	11.25	0.0	4.1097820641282565	4.154793962925852	67.2	-17.51	0.4892597695390782	0.4892597695390782	11.25	0.0	290.0	291.63	730.9	-126.76	0	1
PROTOTYPE	001585	04/15/18	18:57:39	0.4892597695390782	0.4892597695390782	11.24	0.0	4.207634018036073	4.162622119238477	65.82	0.11	0.4892597695390782	0.4892597695390782	11.24	0.0	290.0	291.39	576.92	27.26	0	1
PROTOTYPE	001586	04/15/18	18:57:40	0.4892597695390782	0.4892597695390782	11.25	0.0	4.1097820641282565	4.154793962925852	65.84	0.1	0.4892597695390782	0.4892597695390782	11.25	0.0	292.0	291.48	422.93	-126.83	0	1
PROTOTYPE	001587	04/15/18	18:57:42	0.4892597695390782	0.4892597695390782	11.24	0.0	4.207634018036073	4.162622119238477	65.82	0.08	0.4892597695390782	0.4892597695390782	11.24	0.0	296.0	292.16	426.96	-122.81	0	1
PROTOTYPE	001588	04/15/18	18:57:43	0.4892597695390782	0.4892597695390782	11.26	0.0	4.1097820641282565	4.154793962925852	65.84	0.07	0.4892597695390782	0.4892597695390782	11.26	0.0	280.0	290.34	540.14	-374.39	0	1
PROTOTYPE	001589	04/15/18	18:57:44	0.4892597695390782	0.4892597695390782	11.25	0.0	4.207634018036073	4.162622119238477	65.83	0.06	0.4892597695390782	0.4892597695390782	11.25	0.0	284.0	289.38	588.97	-423.23	0	1
PROTOTYPE	001590	04/15/18	18:57:46	0.4892597695390782	0.4892597695390782	11.25	0.0	4.1097820641282565	4.154793962925852	65.84	0.05	0.4892597695390782	0.4892597695390782	11.25	0.0	299.0	290.83	727.3	-284.74	0	1
PROTOTYPE	001591	04/15/18	18:57:47	0.4892597695390782	0.4892597695390782	11.22	0.0	4.1097820641282565	4.147944326152305	64.62	-14.96	0.4892597695390782	0.4892597695390782	11.22	0.0	277.0	288.75	759.58	-317.03	0	1
PROTOTYPE	001592	04/15/18	18:57:49	0.4892597695390782	0.4892597695390782	11.21	0.0	4.1097820641282565	4.142073208917836	62.42	-12.71	0.4892597695390782	0.4892597695390782	11.21	0.0	286.0	288.34	772.02	-329.48	0	1
PROTOTYPE	001593	04/15/18	18:57:50	0.4892597695390782	0.4892597695390782	11.2	0.0	4.1097820641282565	4.137180611222445	59.35	-25.81	0.4892597695390782	0.4892597695390782	11.2	0.0	267.0	285.14	1067.56	-625.06	0	1
PROTOTYPE	001594	04/15/18	18:57:51	0.4892597695390782	0.4892597695390782	11.19	0.0	4.1097820641282565	4.1332665330661325	55.59	-21.94	0.4892597695390782	0.4892597695390782	11.19	0.0	300.0	287.37	1281.21	-411.3	0	1
PROTOTYPE	001595	04/15/18	18:57:53	0.4892597695390782	0.4892597695390782	11.2	0.0	4.1097820641282565	4.12935245490982	51.22	-33.65	0.4892597695390782	0.4892597695390782	11.2	0.0	298.0	288.96	1372.9	-319.6	0	1
PROTOTYPE	001596	04/15/18	18:57:54	0.4892597695390782	0.4892597695390782	11.21	0.0	4.1097820641282565	4.126416896292586	46.36	-28.6	0.4892597695390782	0.4892597695390782	11.21	0.0	295.0	289.87	1281.07	-46.66	0	1
PROTOTYPE	001597	04/15/18	18:57:56	0.4892597695390782	0.4892597695390782	11.23	0.0	4.1097820641282565	4.124459857214429	41.09	-39.31	0.4892597695390782	0.4892597695390782	11.23	0.0	298.0	291.09	1308.02	170.34	0	1
PROTOTYPE	001598	04/15/18	18:57:57	0.4892597695390782	0.4892597695390782	11.25	0.0	4.1097820641282565	4.122502818136272	35.49	-33.41	0.4892597695390782	0.4892597695390782	11.25	0.0	284.0	290.03	1270.12	-80.21	0	1
PROTOTYPE	001599	04/15/18	18:57:58	0.4892597695390782	0.4892597695390782	11.25	0.0	4.207634018036073	4.135223572144289	41.66	-13.4	0.4892597695390782	0.4892597695390782	11.25	0.0	294.0	290.62	1122.35	186.82	0	1
PROTOTYPE	001600	04/15/18	18:58:00	0.4892597695390782	0.4892597695390782	11.26	0.0	4.207634018036073	4.145987287074148	46.88	3.61	0.4892597695390782	0.4892597695390782	11.26	0.0	289.0	290.38	1105.39	203.8	0	1
PROTOTYPE	001601	04/15/18	18:58:01	0.4892597695390782	0.4892597695390782	11.28	0.0	4.207634018036073	4.154793962925852	51.3	18.07	0.4892597695390782	0.4892597695390782	11.28	0.0	292.0	290.62	809.65	548.23	0	1
PROTOTYPE	001602	04/15/18	18:58:03	0.4892597695390782	0.4892597695390782	11.29	0.0	4.1097820641282565	4.147944326152305	53.92	15.36	0.4892597695390782	0.4892597695390782	11.29	0.0	297.0	291.58	682.42	420.99	0	1
PROTOTYPE	001603	04/15/18	18:58:04	0.4892597695390782	0.4892597695390782	11.29	0.0	4.1097820641282565	4.142073208917836	56.13	13.05	0.4892597695390782	0.4892597695390782	11.29	0.0	273.0	288.79	801.62	-17.16	0	1
PROTOTYPE	001604	04/15/18	18:58:05	0.4892597695390782	0.4892597695390782	11.28	0.0	4.1097820641282565	4.137180611222445	57.97	11.1	0.4892597695390782	0.4892597695390782	11.28	0.0	297.0	290.02	834.19	15.42	0	1
PROTOTYPE	001605	04/15/18	18:58:07	0.4892597695390782	0.4892597695390782	11.26	0.0	4.207634018036073	4.147944326152305	65.83	24.43	0.4892597695390782	0.4892597695390782	11.26	0.0	295.0	290.77	786.88	-31.9	0	1
PROTOTYPE	001606	04/15/18	18:58:08	0.4892597695390782	0.4892597695390782	11.26	0.0	4.207634018036073	4.1567510020040075	72.45	35.77	0.4892597695390782	0.4892597695390782	11.26	0.0	290.0	290.65	692.17	62.89	0	1
PROTOTYPE	001607	04/15/18	18:58:10	0.4892597695390782	0.4892597695390782	11.26	0.0	4.207634018036073	4.164579158316633	67.13	30.4	0.4892597695390782	0.4892597695390782	11.26	0.0	287.0	290.11	687.36	-51.54	0	1
PROTOTYPE	001608	04/15/18	18:58:11	0.4892597695390782	0.4892597695390782	11.26	0.0	4.207634018036073	4.171428795090181	62.63	25.84	0.4892597695390782	0.4892597695390782	11.26	0.0	287.0	289.64	709.61	-73.81	0	1
PROTOTYPE	001609	04/15/18	18:58:12	0.4892597695390782	0.4892597695390782	11.26	0.0	4.1097820641282565	4.161643599699398	62.55	6.97	0.4892597695390782	0.4892597695390782	11.26	0.0	289.0	289.54	694.94	-107.74	0	1
PROTOTYPE	001610	04/15/18	18:58:14	0.4892597695390782	0.4892597695390782	11.25	0.0	4.207634018036073	4.168493236472946	62.62	20.92	0.4892597695390782	0.4892597695390782	11.25	0.0	291.0	289.76	621.13	-181.58	0	1
PROTOTYPE	001611	04/15/18	18:58:15	0.4892597695390782	0.4892597695390782	11.26	0.0	4.207634018036073	4.174364353707415	62.68	32.78	0.4892597695390782	0.4892597695390782	11.26	0.0	305.0	292.05	571.03	325.66	0	1
PROTOTYPE	001612	04/15/18	18:58:17	0.4892597695390782	0.4892597695390782	11.26	0.0	4.207634018036073	4.179256951402805	62.73	42.87	0.4892597695390782	0.4892597695390782	11.26	0.0	291.0	291.89	463.67	186.81	0	1
PROTOTYPE	001613	04/15/18	18:58:18	0.4892597695390782	0.4892597695390782	11.26	0.0	4.1097820641282565	4.169471756012024	62.69	21.44	0.4892597695390782	0.4892597695390782	11.26	0.0	289.0	291.46	432.39	68.79	0	1
PROTOTYPE	001614	04/15/18	18:58:19	0.4892597695390782	0.4892597695390782	11.26	0.0	4.1097820641282565	4.160665080160321	62.65	3.22	0.4892597695390782	0.4892597695390782	11.26	0.0	291.0	291.39	427.76	73.47	0	1
PROTOTYPE	001615	04/15/18	18:58:21	0.4892597695390782	0.4892597695390782	11.27	0.0	4.1097820641282565	4.152836923847695	62.62	-12.26	0.4892597695390782	0.4892597695390782	11.27	0.0	286.0	290.58	453.78	47.45	0	1
PROTOTYPE	001616	04/15/18	18:58:22	0.4892597695390782	0.4892597695390782	11.26	0.0	4.1097820641282565	4.145987287074148	62.59	-25.42	0.4892597695390782	0.4892597695390782	11.26	0.0	285.0	289.74	490.88	10.33	0	1
PROTOTYPE	001617	04/15/18	18:58:24	0.4892597695390782	0.4892597695390782	11.26	0.0	4.207634018036073	4.155772482464929	62.61	-6.61	0.4892597695390782	0.4892597695390782	11.26	0.0	290.0	289.78	485.28	23.78	0	1
PROTOTYPE	001618	04/15/18	18:58:25	0.4892597695390782	0.4892597695390782	11.26	0.0	4.1097820641282565	4.1489228456913825	62.59	-20.62	0.4892597695390782	0.4892597695390782	11.26	0.0	283.0	288.76	565.13	-99.79	0	1
PROTOTYPE	001619	04/15/18	18:58:27	0.4892597695390782	0.4892597695390782	11.26	0.0	4.1097820641282565	4.143051728456914	62.58	-32.53	0.4892597695390782	0.4892597695390782	11.26	0.0	300.0	290.45	505.1	-159.82	0	1
PROTOTYPE	001620	04/15/18	18:58:28	0.4892597695390782	0.4892597695390782	11.26	0.0	4.1097820641282565	4.138159130761523	62.56	-42.65	0.4892597695390782	0.4892597695390782	11.26	0.0	302.0	292.18	662.58	29.15	0	1
PROTOTYPE	001621	04/15/18	18:58:29	0.4892597695390782	0.4892597695390782	11.27	0.0	4.1097820641282565	4.1332665330661325	56.3	-36.25	0.4892597695390782	0.4892597695390782	11.27	0.0	293.0	292.31	631.54	84.78	0	1
PROTOTYPE	001622	04/15/18	18:58:31	0.4892597695390782	0.4892597695390782	11.26	0.0	4.1097820641282565	4.130330974448898	51.01	-30.81	0.4892597695390782	0.4892597695390782	11.26	0.0	299.0	293.31	724.97	192.06	0	1
PROTOTYPE	001623	04/15/18	18:58:32	0.4892597695390782	0.4892597695390782	11.27	0.0	4.1097820641282565	4.127395415831663	46.57	-26.19	0.4892597695390782	0.4892597695390782	11.27	0.0	293.0	293.26	648.98	268.25	0	1
PROTOTYPE	001624	04/15/18	18:58:34	0.4892597695390782	0.4892597695390782	11.3	0.0	4.1097820641282565	4.124459857214429	42.86	-22.26	0.4892597695390782	0.4892597695390782	11.3	0.0	283.0	291.72	719.22	198.02	0	1
PROTOTYPE	001625	04/15/18	18:58:35	0.4892597695390782	0.4892597695390782	11.29	0.0	4.1097820641282565	4.122502818136272	35.98	-33.92	0.4892597695390782	0.4892597695390782	11.29	0.0	291.0	291.61	726.06	183.31	0	1
PROTOTYPE	001626	04/15/18	18:58:36	0.4892597695390782	0.4892597695390782	11.29	0.0	4.1097820641282565	4.120545779058117	31.21	-28.83	0.4892597695390782	0.4892597695390782	11.29	0.0	286.0	290.77	708.55	200.82	0	1
PROTOTYPE	001627	04/15/18	18:58:38	0.4892597695390782	0.4892597695390782	11.3	0.0	4.1097820641282565	4.11858873997996	27.26	-24.51	0.4892597695390782	0.4892597695390782	11.3	0.0	295.0	291.41	603.44	95.69	0	1
PROTOTYPE	001628	04/15/18	18:58:39	0.4892597695390782	0.4892597695390782	11.29	0.0	4.1097820641282565	4.1176102204408815	23.98	-20.83	0.4892597695390782	0.4892597695390782	11.29	0.0	300.0	292.7	559.09	51.34	0	1
PROTOTYPE	001629	04/15/18	18:58:41	0.4892597695390782	0.4892597695390782	11.28	0.0	4.1097820641282565	4.116631700901803	21.28	-17.71	0.4892597695390782	0.4892597695390782	11.28	0.0	294.0	292.89	566.36	58.64	0	1
PROTOTYPE	001630	04/15/18	18:58:42	0.4892597695390782	0.4892597695390782	11.28	0.0	4.1097820641282565	4.115653181362726	19.09	-15.05	0.4892597695390782	0.4892597695390782	11.28	0.0	297.0	293.51	527.57	19.84	0	1
PROTOTYPE	001631	04/15/18	18:58:43	0.4892597695390782	0.4892597695390782	11.27	0.0	4.1097820641282565	4.114674661823647	17.32	-12.79	0.4892597695390782	0.4892597695390782	11.27	0.0	290.0	292.98	575.35	-28.13	0	1
PROTOTYPE	001632	04/15/18	18:58:45	0.4892597695390782	0.4892597695390782	11.26	0.0	4.1097820641282565	4.113696142284569	15.91	-10.87	0.4892597695390782	0.4892597695390782	11.26	0.0	292.0	292.83	436.19	111.09	0	1
PROTOTYPE	001633	04/15/18	18:58:46	0.4892597695390782	0.4892597695390782	11.26	0.0	4.1097820641282565	4.112717622745491	14.79	-9.24	0.4892597695390782	0.4892597695390782	11.26	0.0	295.0	293.16	457.77	154.42	0	1
PROTOTYPE	001634	04/15/18	18:58:48	0.4892597695390782	0.4892597695390782	11.26	0.0	4.1097820641282565	4.112717622745491	13.92	-7.86	0.4892597695390782	0.4892597695390782	11.26	0.0	295.0	293.44	401.18	266.26	0	1
PROTOTYPE	001635	04/15/18	18:58:49	0.4892597695390782	0.4892597695390782	11.25	0.0	4.1097820641282565	4.112717622745491	13.25	-6.68	0.4892597695390782	0.4892597695390782	11.25	0.0	289.0	292.77	404.3	136.32	0	1
PROTOTYPE	001636	04/15/18	18:58:51	0.4892597695390782	0.4892597695390782	11.25	0.0	4.1097820641282565	4.111739103206413	12.73	-5.68	0.4892597695390782	0.4892597695390782	11.25	0.0	287.0	291.9	361.95	-79.13	0	1
PROTOTYPE	001637	04/15/18	18:58:52	0.4892597695390782	0.4892597695390782	11.3	0.0	4.1097820641282565	4.111739103206413	12.39	-4.83	0.4892597695390782	0.4892597695390782	11.3	0.0	297.0	292.67	418.79	-22.26	0	1
PROTOTYPE	001638	04/15/18	18:58:53	0.4892597695390782	0.4892597695390782	11.32	0.0	4.1097820641282565	4.111739103206413	12.12	-4.1	0.4892597695390782	0.4892597695390782	11.32	0.0	291.0	292.42	382.21	-108.92	0	1
PROTOTYPE	001639	04/15/18	18:58:55	0.4892597695390782	0.4892597695390782	11.31	0.0	4.207634018036073	4.1254383767535066	25.31	11.51	0.4892597695390782	0.4892597695390782	11.31	0.0	280.0	290.56	515.86	-242.58	0	1
PROTOTYPE	001640	04/15/18	18:58:56	0.4892597695390782	0.4892597695390782	11.29	0.0	4.1097820641282565	4.123481337675351	26.54	9.79	0.4892597695390782	0.4892597695390782	11.29	0.0	296.0	291.37	582.75	-146.19	0	1
PROTOTYPE	001641	04/15/18	18:58:58	0.4892597695390782	0.4892597695390782	11.28	0.0	4.1097820641282565	4.121524298597194	27.52	8.32	0.4892597695390782	0.4892597695390782	11.28	0.0	294.0	291.77	589.67	-139.27	0	1
PROTOTYPE	001642	04/15/18	18:58:59	0.4892597695390782	0.4892597695390782	11.29	0.0	4.1097820641282565	4.119567259519038	28.28	7.07	0.4892597695390782	0.4892597695390782	11.29	0.0	280.0	290.0	738.53	-343.38	0	1
PROTOTYPE	001643	04/15/18	18:59:00	0.4892597695390782	0.4892597695390782	11.29	0.0	4.1097820641282565	4.11858873997996	28.86	6.01	0.4892597695390782	0.4892597695390782	11.29	0.0	295.0	290.75	746.97	-201.87	0	1
PROTOTYPE	001644	04/15/18	18:59:02	0.4892597695390782	0.4892597695390782	11.29	0.0	4.207634018036073	4.131309493987976	41.21	20.11	0.4892597695390782	0.4892597695390782	11.29	0.0	302.0	292.44	829.15	53.41	0	1
PROTOTYPE	001645	04/15/18	18:59:03	0.4892597695390782	0.4892597695390782	11.23	0.0	4.1097820641282565	4.128373935370741	43.33	17.09	0.4892597695390782	0.4892597695390782	11.23	0.0	294.0	292.67	776.16	0.4	0	1
PROTOTYPE	001646	04/15/18	18:59:05	0.4892597695390782	0.4892597695390782	11.23	0.0	4.1097820641282565	4.1254383767535066	45.06	14.53	0.4892597695390782	0.4892597695390782	11.23	0.0	287.0	291.82	836.19	-59.66	0	1
PROTOTYPE	001647	04/15/18	18:59:06	0.4892597695390782	0.4892597695390782	11.23	0.0	4.1097820641282565	4.123481337675351	33.01	-2.65	0.4892597695390782	0.4892597695390782	11.23	0.0	292.0	291.85	652.93	129.29	0	1
PROTOTYPE	001648	04/15/18	18:59:07	0.4892597695390782	0.4892597695390782	11.23	0.0	4.1097820641282565	4.121524298597194	32.67	-2.25	0.4892597695390782	0.4892597695390782	11.23	0.0	302.0	293.37	723.53	199.9	0	1
PROTOTYPE	001649	04/15/18	18:59:09	0.4892597695390782	0.4892597695390782	11.23	0.0	4.1097820641282565	4.119567259519038	32.4	-1.92	0.4892597695390782	0.4892597695390782	11.23	0.0	285.0	292.12	809.67	34.91	0	1
PROTOTYPE	001650	04/15/18	18:59:10	0.4892597695390782	0.4892597695390782	11.2	0.0	4.1097820641282565	4.1176102204408815	32.16	-1.63	0.4892597695390782	0.4892597695390782	11.2	0.0	291.0	291.95	649.96	194.67	0	1
PROTOTYPE	001651	04/15/18	18:59:12	0.4892597695390782	0.4892597695390782	11.18	0.0	4.1097820641282565	4.116631700901803	31.98	-1.38	0.4892597695390782	0.4892597695390782	11.18	0.0	295.0	292.41	620.76	165.47	0	1
PROTOTYPE	001652	04/15/18	18:59:13	0.4892597695390782	0.4892597695390782	11.19	0.0	4.1097820641282565	4.115653181362726	19.95	-16.18	0.4892597695390782	0.4892597695390782	11.19	0.0	296.0	292.95	505.95	50.65	0	1
PROTOTYPE	001653	04/15/18	18:59:14	0.4892597695390782	0.4892597695390782	11.2	0.0	4.1097820641282565	4.114674661823647	18.01	-13.75	0.4892597695390782	0.4892597695390782	11.2	0.0	304.0	294.6	648.32	193.05	0	1
PROTOTYPE	001654	04/15/18	18:59:16	0.4892597695390782	0.4892597695390782	11.18	0.0	4.1097820641282565	4.113696142284569	16.44	-11.69	0.4892597695390782	0.4892597695390782	11.18	0.0	281.0	292.56	767.27	74.1	0	1
PROTOTYPE	001655	04/15/18	18:59:17	0.4892597695390782	0.4892597695390782	11.19	0.0	4.1097820641282565	4.113696142284569	15.21	-9.93	0.4892597695390782	0.4892597695390782	11.19	0.0	300.0	293.68	875.82	182.98	0	1
PROTOTYPE	001656	04/15/18	18:59:19	0.4892597695390782	0.4892597695390782	11.2	0.0	4.207634018036073	4.127395415831663	27.24	6.56	0.4892597695390782	0.4892597695390782	11.2	0.0	298.0	294.33	788.38	95.53	0	1
PROTOTYPE	001657	04/15/18	18:59:20	0.4892597695390782	0.4892597695390782	11.23	0.0	4.1097820641282565	4.124459857214429	28.09	5.57	0.4892597695390782	0.4892597695390782	11.23	0.0	292.0	293.98	697.73	186.2	0	1
PROTOTYPE	001658	04/15/18	18:59:21	0.4892597695390782	0.4892597695390782	11.23	0.0	4.1097820641282565	4.122502818136272	28.76	4.74	0.4892597695390782	0.4892597695390782	11.23	0.0	284.0	292.48	830.61	53.27	0	1
PROTOTYPE	001659	04/15/18	18:59:23	0.4892597695390782	0.4892597695390782	11.24	0.0	4.1097820641282565	4.120545779058117	29.3	4.03	0.4892597695390782	0.4892597695390782	11.24	0.0	283.0	291.06	927.04	-134.72	0	1
PROTOTYPE	001660	04/15/18	18:59:24	0.4892597695390782	0.4892597695390782	11.24	0.0	4.207634018036073	4.1332665330661325	40.93	18.42	0.4892597695390782	0.4892597695390782	11.24	0.0	293.0	291.35	902.26	-159.51	0	1
PROTOTYPE	001661	04/15/18	18:59:26	0.4892597695390782	0.4892597695390782	11.23	0.0	4.1097820641282565	4.130330974448898	43.18	15.66	0.4892597695390782	0.4892597695390782	11.23	0.0	298.0	292.35	836.19	-225.58	0	1
PROTOTYPE	001662	04/15/18	18:59:27	0.4892597695390782	0.4892597695390782	11.23	0.0	4.1097820641282565	4.127395415831663	45.01	13.31	0.4892597695390782	0.4892597695390782	11.23	0.0	291.0	292.15	652.4	-41.75	0	1
PROTOTYPE	001663	04/15/18	18:59:28	0.4892597695390782	0.4892597695390782	11.22	0.0	4.1097820641282565	4.124459857214429	46.45	11.31	0.4892597695390782	0.4892597695390782	11.22	0.0	298.0	293.02	628.66	-65.48	0	1
PROTOTYPE	001664	04/15/18	18:59:30	0.4892597695390782	0.4892597695390782	11.23	0.0	4.1097820641282565	4.122502818136272	34.6	-5.38	0.4892597695390782	0.4892597695390782	11.23	0.0	292.0	292.87	579.24	-145.66	0	1
PROTOTYPE	001665	04/15/18	18:59:31	0.4892597695390782	0.4892597695390782	11.21	0.0	4.207634018036073	4.135223572144289	44.69	10.42	0.4892597695390782	0.4892597695390782	11.21	0.0	285.0	291.69	662.37	-228.81	0	1
PROTOTYPE	001666	04/15/18	18:59:33	0.4892597695390782	0.4892597695390782	11.22	0.0	4.1097820641282565	4.131309493987976	46.11	8.86	0.4892597695390782	0.4892597695390782	11.22	0.0	289.0	291.29	553.07	-119.49	0	1
PROTOTYPE	001667	04/15/18	18:59:34	0.4892597695390782	0.4892597695390782	11.24	0.0	4.1097820641282565	4.128373935370741	47.28	7.53	0.4892597695390782	0.4892597695390782	11.24	0.0	289.0	290.94	445.17	-11.57	0	1
PROTOTYPE	001668	04/15/18	18:59:35	0.4892597695390782	0.4892597695390782	11.23	0.0	4.1097820641282565	4.1254383767535066	37.02	-8.6	0.4892597695390782	0.4892597695390782	11.23	0.0	299.0	292.15	536.88	80.17	0	1
PROTOTYPE	001669	04/15/18	18:59:37	0.4892597695390782	0.4892597695390782	11.24	0.0	4.207634018036073	4.138159130761523	45.78	7.69	0.4892597695390782	0.4892597695390782	11.24	0.0	281.0	290.48	604.4	-186.86	0	1
PROTOTYPE	001670	04/15/18	18:59:38	0.4892597695390782	0.4892597695390782	11.25	0.0	4.207634018036073	4.147944326152305	53.18	21.54	0.4892597695390782	0.4892597695390782	11.25	0.0	296.0	291.31	666.97	-83.83	0	1
PROTOTYPE	001671	04/15/18	18:59:40	0.4892597695390782	0.4892597695390782	11.25	0.0	4.1097820641282565	4.142073208917836	56.23	18.31	0.4892597695390782	0.4892597695390782	11.25	0.0	289.0	290.96	613.77	-206.25	0	1
PROTOTYPE	001672	04/15/18	18:59:41	0.4892597695390782	0.4892597695390782	11.26	0.0	4.207634018036073	4.1518584043086175	63.67	30.56	0.4892597695390782	0.4892597695390782	11.26	0.0	296.0	291.72	673.95	-115.32	0	1
PROTOTYPE	001673	04/15/18	18:59:43	0.4892597695390782	0.4892597695390782	11.31	0.0	4.1097820641282565	4.145987287074148	57.17	10.98	0.4892597695390782	0.4892597695390782	11.31	0.0	284.0	290.56	671.65	-113.02	0	1
PROTOTYPE	001674	04/15/18	18:59:44	0.4892597695390782	0.4892597695390782	11.33	0.0	4.1097820641282565	4.140116169839679	58.75	9.33	0.4892597695390782	0.4892597695390782	11.33	0.0	284.0	289.58	729.69	-171.07	0	1
PROTOTYPE	001675	04/15/18	18:59:45	0.4892597695390782	0.4892597695390782	11.3	0.0	4.1097820641282565	4.1362020916833675	60.06	7.93	0.4892597695390782	0.4892597695390782	11.3	0.0	300.0	291.14	851.74	19.59	0	1
PROTOTYPE	001676	04/15/18	18:59:47	0.4892597695390782	0.4892597695390782	11.31	0.0	4.1097820641282565	4.132288013527054	61.16	6.74	0.4892597695390782	0.4892597695390782	11.31	0.0	298.0	292.17	833.8	1.65	0	1
PROTOTYPE	001677	04/15/18	18:59:48	0.4892597695390782	0.4892597695390782	11.32	0.0	4.1097820641282565	4.128373935370741	52.14	-9.27	0.4892597695390782	0.4892597695390782	11.32	0.0	289.0	291.69	714.07	121.41	0	1
PROTOTYPE	001678	04/15/18	18:59:50	0.4892597695390782	0.4892597695390782	11.32	0.0	4.1097820641282565	4.1254383767535066	44.53	-22.88	0.4892597695390782	0.4892597695390782	11.32	0.0	287.0	290.99	701.65	-31.8	0	1
PROTOTYPE	001679	04/15/18	18:59:51	0.4892597695390782	0.4892597695390782	11.3	0.0	4.1097820641282565	4.123481337675351	41.3	-19.45	0.4892597695390782	0.4892597695390782	11.3	0.0	289.0	290.69	696.88	-27.03	0	1
PROTOTYPE	001680	04/15/18	18:59:52	0.4892597695390782	0.4892597695390782	11.3	0.0	4.1097820641282565	4.121524298597194	33.72	-31.53	0.4892597695390782	0.4892597695390782	11.3	0.0	293.0	291.04	655.95	-67.98	0	1
PROTOTYPE	001681	04/15/18	18:59:54	0.4892597695390782	0.4892597695390782	11.27	0.0	4.1097820641282565	4.119567259519038	29.33	-26.8	0.4892597695390782	0.4892597695390782	11.27	0.0	292.0	291.18	554.7	62.22	0	1
PROTOTYPE	001682	04/15/18	18:59:55	0.4892597695390782	0.4892597695390782	11.26	0.0	4.1097820641282565	4.11858873997996	25.69	-22.78	0.4892597695390782	0.4892597695390782	11.26	0.0	295.0	291.75	513.6	217.89	0	1
PROTOTYPE	001683	04/15/18	18:59:57	0.4892597695390782	0.4892597695390782	11.3	0.0	4.1097820641282565	4.116631700901803	22.71	-19.36	0.4892597695390782	0.4892597695390782	11.3	0.0	293.0	291.94	375.96	80.2	0	1
PROTOTYPE	001684	04/15/18	18:59:58	0.4892597695390782	0.4892597695390782	11.31	0.0	4.1097820641282565	4.115653181362726	20.27	-16.46	0.4892597695390782	0.4892597695390782	11.31	0.0	297.0	292.7	348.93	53.17	0	1
PROTOTYPE	001685	04/15/18	18:59:59	0.4892597695390782	0.4892597695390782	11.3	0.0	4.1097820641282565	4.114674661823647	18.27	-13.99	0.4892597695390782	0.4892597695390782	11.3	0.0	295.0	293.04	335.92	135.2	0	1
PROTOTYPE	001686	04/15/18	19:00:01	0.4892597695390782	0.4892597695390782	11.28	0.0	4.1097820641282565	4.113696142284569	16.66	-11.89	0.4892597695390782	0.4892597695390782	11.28	0.0	295.0	293.34	294.87	234.92	0	1
PROTOTYPE	001687	04/15/18	19:00:02	0.4892597695390782	0.4892597695390782	11.31	0.0	4.1097820641282565	4.113696142284569	15.4	-10.11	0.4892597695390782	0.4892597695390782	11.31	0.0	293.0	293.29	270.26	259.68	0	1
PROTOTYPE	001688	04/15/18	19:00:04	0.4892597695390782	0.4892597695390782	11.29	0.0	4.1097820641282565	4.112717622745491	14.39	-8.59	0.4892597695390782	0.4892597695390782	11.29	0.0	294.0	293.39	246.38	235.73	0	1
PROTOTYPE	001689	04/15/18	19:00:05	0.4892597695390782	0.4892597695390782	11.26	0.0	4.1097820641282565	4.112717622745491	13.59	-7.3	0.4892597695390782	0.4892597695390782	11.26	0.0	297.0	293.94	285.96	275.37	0	1
PROTOTYPE	001690	04/15/18	19:00:07	0.4892597695390782	0.4892597695390782	11.26	0.0	4.1097820641282565	4.111739103206413	13.0	-6.21	0.4892597695390782	0.4892597695390782	11.26	0.0	296.0	294.24	259.67	249.06	0	1
PROTOTYPE	001691	04/15/18	19:00:08	0.4892597695390782	0.4892597695390782	11.23	0.0	4.1097820641282565	4.111739103206413	12.52	-5.28	0.4892597695390782	0.4892597695390782	11.23	0.0	298.0	294.81	297.28	286.7	0	1
PROTOTYPE	001692	04/15/18	19:00:09	0.4892597695390782	0.4892597695390782	11.21	0.0	4.1097820641282565	4.111739103206413	12.17	-4.48	0.4892597695390782	0.4892597695390782	11.21	0.0	298.0	295.29	269.28	258.7	0	1
PROTOTYPE	001693	04/15/18	19:00:11	0.4892597695390782	0.4892597695390782	11.2	0.0	4.207634018036073	4.1254383767535066	25.3	11.19	0.4892597695390782	0.4892597695390782	11.2	0.0	296.0	295.39	245.54	234.89	0	1
PROTOTYPE	001694	04/15/18	19:00:12	0.4892597695390782	0.4892597695390782	11.2	0.0	4.207634018036073	4.138159130761523	36.32	24.51	0.4892597695390782	0.4892597695390782	11.2	0.0	292.0	294.88	267.11	154.66	0	1
PROTOTYPE	001695	04/15/18	19:00:14	0.4892597695390782	0.4892597695390782	11.21	0.0	4.1097820641282565	4.13424505260521	39.33	20.83	0.4892597695390782	0.4892597695390782	11.21	0.0	298.0	295.35	308.59	206.46	0	1
PROTOTYPE	001696	04/15/18	19:00:15	0.4892597695390782	0.4892597695390782	11.22	0.0	4.1097820641282565	4.130330974448898	41.77	17.71	0.4892597695390782	0.4892597695390782	11.22	0.0	288.0	294.25	408.1	85.49	0	1
PROTOTYPE	001697	04/15/18	19:00:16	0.4892597695390782	0.4892597695390782	11.23	0.0	4.1097820641282565	4.127395415831663	43.73	15.05	0.4892597695390782	0.4892597695390782	11.23	0.0	294.0	294.21	357.99	27.67	0	1
PROTOTYPE	001698	04/15/18	19:00:18	0.4892597695390782	0.4892597695390782	11.22	0.0	4.1097820641282565	4.124459857214429	45.28	12.79	0.4892597695390782	0.4892597695390782	11.22	0.0	298.0	294.78	383.83	53.52	0	1
PROTOTYPE	001699	04/15/18	19:00:19	0.4892597695390782	0.4892597695390782	11.23	0.0	4.1097820641282565	4.122502818136272	46.5	10.88	0.4892597695390782	0.4892597695390782	11.23	0.0	302.0	295.86	435.79	105.49	0	1
PROTOTYPE	001700	04/15/18	19:00:21	0.4892597695390782	0.4892597695390782	11.24	0.0	4.1097820641282565	4.120545779058117	47.46	9.24	0.4892597695390782	0.4892597695390782	11.24	0.0	291.0	295.13	460.85	-15.33	0	1
PROTOTYPE	001701	04/15/18	19:00:22	0.4892597695390782	0.4892597695390782	11.27	0.0	4.1097820641282565	4.11858873997996	34.82	-7.14	0.4892597695390782	0.4892597695390782	11.27	0.0	297.0	295.41	478.1	1.97	0	1
PROTOTYPE	001702	04/15/18	19:00:23	0.4892597695390782	0.4892597695390782	11.3	0.0	4.1097820641282565	4.1176102204408815	24.19	-21.07	0.4892597695390782	0.4892597695390782	11.3	0.0	281.0	293.25	643.38	-163.33	0	1
PROTOTYPE	001703	04/15/18	19:00:25	0.4892597695390782	0.4892597695390782	11.28	0.0	4.1097820641282565	4.116631700901803	21.46	-17.91	0.4892597695390782	0.4892597695390782	11.28	0.0	296.0	293.66	637.88	-168.83	0	1
PROTOTYPE	001704	04/15/18	19:00:26	0.4892597695390782	0.4892597695390782	11.27	0.0	4.1097820641282565	4.115653181362726	19.23	-15.22	0.4892597695390782	0.4892597695390782	11.27	0.0	288.0	292.81	612.56	-143.5	0	1
PROTOTYPE	001705	04/15/18	19:00:28	0.4892597695390782	0.4892597695390782	11.28	0.0	4.1097820641282565	4.114674661823647	17.44	-12.94	0.4892597695390782	0.4892597695390782	11.28	0.0	290.0	292.39	650.8	-181.98	0	1
PROTOTYPE	001706	04/15/18	19:00:29	0.4892597695390782	0.4892597695390782	11.3	0.0	4.1097820641282565	4.113696142284569	16.02	-11.0	0.4892597695390782	0.4892597695390782	11.3	0.0	287.0	291.58	674.86	-319.68	0	1
PROTOTYPE	001707	04/15/18	19:00:30	0.4892597695390782	0.4892597695390782	11.31	0.0	4.1097820641282565	4.113696142284569	14.9	-9.35	0.4892597695390782	0.4892597695390782	11.31	0.0	283.0	290.3	695.31	-556.73	0	1
PROTOTYPE	001708	04/15/18	19:00:32	0.4892597695390782	0.4892597695390782	11.31	0.0	4.1097820641282565	4.112717622745491	14.02	-7.95	0.4892597695390782	0.4892597695390782	11.31	0.0	299.0	291.6	752.92	-353.22	0	1
PROTOTYPE	001709	04/15/18	19:00:33	0.4892597695390782	0.4892597695390782	11.3	0.0	4.1097820641282565	4.112717622745491	13.33	-6.75	0.4892597695390782	0.4892597695390782	11.3	0.0	298.0	292.56	820.88	-285.24	0	1
PROTOTYPE	001710	04/15/18	19:00:35	0.4892597695390782	0.4892597695390782	11.29	0.0	4.1097820641282565	4.111739103206413	12.8	-5.74	0.4892597695390782	0.4892597695390782	11.29	0.0	292.0	292.48	613.2	-77.45	0	1
PROTOTYPE	001711	04/15/18	19:00:36	0.4892597695390782	0.4892597695390782	11.3	0.0	4.1097820641282565	4.111739103206413	12.41	-4.88	0.4892597695390782	0.4892597695390782	11.3	0.0	298.0	293.31	654.81	-35.83	0	1
PROTOTYPE	001712	04/15/18	19:00:38	0.4892597695390782	0.4892597695390782	11.3	0.0	4.1097820641282565	4.111739103206413	12.12	-4.15	0.4892597695390782	0.4892597695390782	11.3	0.0	282.0	291.61	739.43	-120.46	0	1
PROTOTYPE	001713	04/15/18	19:00:39	0.4892597695390782	0.4892597695390782	11.29	0.0	4.1097820641282565	4.110760583667334	11.89	-3.53	0.4892597695390782	0.4892597695390782	11.29	0.0	282.0	290.17	841.34	-222.39	0	1
PROTOTYPE	001714	04/15/18	19:00:40	0.4892597695390782	0.4892597695390782	11.28	0.0	4.1097820641282565	4.110760583667334	11.72	-3.0	0.4892597695390782	0.4892597695390782	11.28	0.0	271.0	287.29	1047.98	-429.03	0	1
PROTOTYPE	001715	04/15/18	19:00:42	0.4892597695390782	0.4892597695390782	11.28	0.0	4.1097820641282565	4.110760583667334	11.6	-2.55	0.4892597695390782	0.4892597695390782	11.28	0.0	269.0	284.55	1193.62	-574.68	0	1
PROTOTYPE	001716	04/15/18	19:00:43	0.4892597695390782	0.4892597695390782	11.25	0.0	4.1097820641282565	4.110760583667334	11.48	-2.17	0.4892597695390782	0.4892597695390782	11.25	0.0	295.0	286.12	1219.82	-548.48	0	1
PROTOTYPE	001717	04/15/18	19:00:45	0.4892597695390782	0.4892597695390782	11.25	0.0	4.1097820641282565	4.110760583667334	11.42	-1.84	0.4892597695390782	0.4892597695390782	11.25	0.0	288.0	286.4	1152.11	-616.2	0	1
PROTOTYPE	001718	04/15/18	19:00:46	0.4892597695390782	0.4892597695390782	11.24	0.0	4.1097820641282565	4.110760583667334	11.36	-1.56	0.4892597695390782	0.4892597695390782	11.24	0.0	283.0	285.89	1194.58	-658.77	0	1
PROTOTYPE	001719	04/15/18	19:00:47	0.4892597695390782	0.4892597695390782	11.24	0.0	4.1097820641282565	4.1097820641282565	11.33	-1.33	0.4892597695390782	0.4892597695390782	11.24	0.0	289.0	286.36	1158.41	-694.96	0	1
PROTOTYPE	001720	04/15/18	19:00:49	0.4892597695390782	0.4892597695390782	11.24	0.0	4.1097820641282565	4.1097820641282565	11.3	-1.13	0.4892597695390782	0.4892597695390782	11.24	0.0	295.0	287.65	1118.49	-395.71	0	1
PROTOTYPE	001721	04/15/18	19:00:50	0.4892597695390782	0.4892597695390782	11.23	0.0	4.1097820641282565	4.1097820641282565	11.27	-0.96	0.4892597695390782	0.4892597695390782	11.23	0.0	294.0	288.6	1069.56	-156.36	0	1
PROTOTYPE	001722	04/15/18	19:00:52	0.4892597695390782	0.4892597695390782	11.22	0.0	4.1097820641282565	4.1097820641282565	11.25	-0.82	0.4892597695390782	0.4892597695390782	11.22	0.0	293.0	289.26	847.98	197.1	0	1
PROTOTYPE	001723	04/15/18	19:00:53	0.4892597695390782	0.4892597695390782	11.2	0.0	4.1097820641282565	4.1097820641282565	11.22	-0.69	0.4892597695390782	0.4892597695390782	11.2	0.0	294.0	289.97	644.64	542.53	0	1
PROTOTYPE	001724	04/15/18	19:00:54	0.4892597695390782	0.4892597695390782	11.23	0.0	4.1097820641282565	4.1097820641282565	11.25	-0.59	0.4892597695390782	0.4892597695390782	11.23	0.0	282.0	288.78	607.49	266.15	0	1
PROTOTYPE	001725	04/15/18	19:00:56	0.4892597695390782	0.4892597695390782	11.23	0.0	4.1097820641282565	4.1097820641282565	11.24	-0.5	0.4892597695390782	0.4892597695390782	11.23	0.0	294.0	289.56	657.54	316.23	0	1
PROTOTYPE	001726	04/15/18	19:00:57	0.4892597695390782	0.4892597695390782	11.22	0.0	4.1097820641282565	4.1097820641282565	11.23	-0.43	0.4892597695390782	0.4892597695390782	11.22	0.0	300.0	291.13	763.12	523.8	0	1
PROTOTYPE	001727	04/15/18	19:00:59	0.4892597695390782	0.4892597695390782	11.23	0.0	4.1097820641282565	4.1097820641282565	11.23	-0.36	0.4892597695390782	0.4892597695390782	11.23	0.0	285.0	290.21	808.36	385.23	0	1
PROTOTYPE	001728	04/15/18	19:01:00	0.4892597695390782	0.4892597695390782	11.23	0.0	4.1097820641282565	4.1097820641282565	11.23	-0.31	0.4892597695390782	0.4892597695390782	11.23	0.0	288.0	289.88	711.84	222.44	0	1
PROTOTYPE	001729	04/15/18	19:01:01	0.4892597695390782	0.4892597695390782	11.25	0.0	4.1097820641282565	4.1097820641282565	11.25	-0.26	0.4892597695390782	0.4892597695390782	11.25	0.0	285.0	289.15	689.79	54.08	0	1
PROTOTYPE	001730	04/15/18	19:01:03	0.4892597695390782	0.4892597695390782	11.25	0.0	4.1097820641282565	4.1097820641282565	11.25	-0.22	0.4892597695390782	0.4892597695390782	11.25	0.0	296.0	290.17	726.67	90.96	0	1
PROTOTYPE	001731	04/15/18	19:01:04	0.4892597695390782	0.4892597695390782	11.24	0.0	4.1097820641282565	4.1097820641282565	11.24	-0.19	0.4892597695390782	0.4892597695390782	11.24	0.0	300.0	291.65	803.02	167.32	0	1
PROTOTYPE	001732	04/15/18	19:01:06	0.4892597695390782	0.4892597695390782	11.23	0.0	4.1097820641282565	4.1097820641282565	11.23	-0.16	0.4892597695390782	0.4892597695390782	11.23	0.0	294.0	292.0	718.71	322.22	0	1
PROTOTYPE	001733	04/15/18	19:01:07	0.4892597695390782	0.4892597695390782	11.25	0.0	4.1097820641282565	4.1097820641282565	11.25	-0.14	0.4892597695390782	0.4892597695390782	11.25	0.0	293.0	292.15	655.43	258.89	0	1
PROTOTYPE	001734	04/15/18	19:01:08	0.4892597695390782	0.4892597695390782	11.26	0.0	4.1097820641282565	4.1097820641282565	11.26	-0.12	0.4892597695390782	0.4892597695390782	11.26	0.0	285.0	291.08	606.11	-4.94	0	1
PROTOTYPE	001735	04/15/18	19:01:10	0.4892597695390782	0.4892597695390782	11.27	0.0	4.1097820641282565	4.1097820641282565	11.27	-0.1	0.4892597695390782	0.4892597695390782	11.27	0.0	293.0	291.37	543.06	115.8	0	1
PROTOTYPE	001736	04/15/18	19:01:11	0.4892597695390782	0.4892597695390782	11.28	0.0	4.1097820641282565	4.1097820641282565	11.28	-0.08	0.4892597695390782	0.4892597695390782	11.28	0.0	295.0	291.91	564.43	203.43	0	1
PROTOTYPE	001737	04/15/18	19:01:13	0.4892597695390782	0.4892597695390782	11.29	0.0	4.1097820641282565	4.1097820641282565	11.29	-0.07	0.4892597695390782	0.4892597695390782	11.29	0.0	278.0	289.82	699.94	67.91	0	1
PROTOTYPE	001738	04/15/18	19:01:14	0.4892597695390782	0.4892597695390782	11.29	0.0	4.1097820641282565	4.1097820641282565	11.29	-0.06	0.4892597695390782	0.4892597695390782	11.29	0.0	295.0	290.6	674.76	42.73	0	1
PROTOTYPE	001739	04/15/18	19:01:15	0.4892597695390782	0.4892597695390782	11.29	0.0	4.1097820641282565	4.1097820641282565	11.29	-0.05	0.4892597695390782	0.4892597695390782	11.29	0.0	292.0	290.81	548.39	-83.68	0	1
PROTOTYPE	001740	04/15/18	19:01:17	0.4892597695390782	0.4892597695390782	11.31	0.0	4.1097820641282565	4.1097820641282565	11.31	-0.04	0.4892597695390782	0.4892597695390782	11.31	0.0	286.0	290.09	585.25	-191.13	0	1
PROTOTYPE	001741	04/15/18	19:01:18	0.4892597695390782	0.4892597695390782	11.29	0.0	4.1097820641282565	4.1097820641282565	11.29	-0.04	0.4892597695390782	0.4892597695390782	11.29	0.0	289.0	289.93	586.58	-222.46	0	1
PROTOTYPE	001742	04/15/18	19:01:20	0.4892597695390782	0.4892597695390782	11.29	0.0	4.1097820641282565	4.1097820641282565	11.29	-0.03	0.4892597695390782	0.4892597695390782	11.29	0.0	293.0	290.39	525.45	-69.09	0	1
PROTOTYPE	001743	04/15/18	19:01:21	0.4892597695390782	0.4892597695390782	11.27	0.0	4.1097820641282565	4.1097820641282565	11.27	-0.03	0.4892597695390782	0.4892597695390782	11.27	0.0	291.0	290.48	505.89	-88.73	0	1
PROTOTYPE	001744	04/15/18	19:01:23	0.4892597695390782	0.4892597695390782	11.27	0.0	4.1097820641282565	4.1097820641282565	11.27	-0.02	0.4892597695390782	0.4892597695390782	11.27	0.0	289.0	290.26	473.59	-165.42	0	1
PROTOTYPE	001745	04/15/18	19:01:24	0.4892597695390782	0.4892597695390782	11.24	0.0	4.1097820641282565	4.1097820641282565	11.24	-0.02	0.4892597695390782	0.4892597695390782	11.24	0.0	276.0	288.12	478.78	-170.61	0	1
PROTOTYPE	001746	04/15/18	19:01:25	0.4892597695390782	0.4892597695390782	11.24	0.0	4.1097820641282565	4.1097820641282565	11.24	-0.02	0.4892597695390782	0.4892597695390782	11.24	0.0	283.0	287.35	477.92	-325.02	0	1
PROTOTYPE	001747	04/15/18	19:01:27	0.4892597695390782	0.4892597695390782	11.26	0.0	4.1097820641282565	4.1097820641282565	11.26	-0.01	0.4892597695390782	0.4892597695390782	11.26	0.0	287.0	287.3	462.34	-351.26	0	1
PROTOTYPE	001748	04/15/18	19:01:28	0.4892597695390782	0.4892597695390782	11.26	0.0	4.1097820641282565	4.1097820641282565	11.26	-0.01	0.4892597695390782	0.4892597695390782	11.26	0.0	289.0	287.55	415.73	-253.57	0	1
PROTOTYPE	001749	04/15/18	19:01:30	0.4892597695390782	0.4892597695390782	11.26	0.0	4.1097820641282565	4.1097820641282565	11.26	-0.01	0.4892597695390782	0.4892597695390782	11.26	0.0	292.0	288.22	466.05	-170.54	0	1
PROTOTYPE	001750	04/15/18	19:01:31	0.4892597695390782	0.4892597695390782	11.26	0.0	4.1097820641282565	4.1097820641282565	11.26	-0.01	0.4892597695390782	0.4892597695390782	11.26	0.0	287.0	288.04	438.27	-234.96	0	1
PROTOTYPE	001751	04/15/18	19:01:32	0.4892597695390782	0.4892597695390782	11.24	0.0	4.1097820641282565	4.1097820641282565	11.24	-0.01	0.4892597695390782	0.4892597695390782	11.24	0.0	292.0	288.63	488.42	-184.71	0	1
PROTOTYPE	001752	04/15/18	19:01:34	0.4892597695390782	0.4892597695390782	11.24	0.0	4.1097820641282565	4.1097820641282565	11.24	-0.01	0.4892597695390782	0.4892597695390782	11.24	0.0	284.0	287.94	535.68	-232.01	0	1
PROTOTYPE	001753	04/15/18	19:01:35	0.4892597695390782	0.4892597695390782	11.28	0.0	4.1097820641282565	4.1097820641282565	11.28	-0.01	0.4892597695390782	0.4892597695390782	11.28	0.0	296.0	289.15	442.78	102.79	0	1
PROTOTYPE	001754	04/15/18	19:01:37	0.4892597695390782	0.4892597695390782	11.28	0.0	4.1097820641282565	4.1097820641282565	11.28	-0.0	0.4892597695390782	0.4892597695390782	11.28	0.0	290.0	289.27	378.87	192.38	0	1
PROTOTYPE	001755	04/15/18	19:01:38	0.4892597695390782	0.4892597695390782	11.26	0.0	4.1097820641282565	4.1097820641282565	11.26	-0.0	0.4892597695390782	0.4892597695390782	11.26	0.0	301.0	291.03	549.31	373.52	0	1
PROTOTYPE	001756	04/15/18	19:01:39	0.4892597695390782	0.4892597695390782	11.23	0.0	4.1097820641282565	4.1097820641282565	11.23	-0.0	0.4892597695390782	0.4892597695390782	11.23	0.0	301.0	292.53	673.25	497.49	0	1
PROTOTYPE	001757	04/15/18	19:01:41	0.4892597695390782	0.4892597695390782	11.23	0.0	4.1097820641282565	4.1097820641282565	11.23	-0.0	0.4892597695390782	0.4892597695390782	11.23	0.0	303.0	294.1	763.62	587.87	0	1
PROTOTYPE	001758	04/15/18	19:01:42	0.4892597695390782	0.4892597695390782	11.25	0.0	4.1097820641282565	4.1097820641282565	11.25	-0.0	0.4892597695390782	0.4892597695390782	11.25	0.0	285.0	292.73	881.75	469.69	0	1
PROTOTYPE	001759	04/15/18	19:01:44	0.4892597695390782	0.4892597695390782	11.26	0.0	4.1097820641282565	4.1097820641282565	11.26	-0.0	0.4892597695390782	0.4892597695390782	11.26	0.0	290.0	292.32	863.33	369.23	0	1
PROTOTYPE	001760	04/15/18	19:01:45	0.4892597695390782	0.4892597695390782	11.26	0.0	4.1097820641282565	4.1097820641282565	11.26	-0.0	0.4892597695390782	0.4892597695390782	11.26	0.0	289.0	291.83	843.72	388.85	0	1
PROTOTYPE	001761	04/15/18	19:01:46	0.4892597695390782	0.4892597695390782	11.22	0.0	4.1097820641282565	4.1097820641282565	11.22	-0.0	0.4892597695390782	0.4892597695390782	11.22	0.0	288.0	291.25	780.17	210.52	0	1
PROTOTYPE	001762	04/15/18	19:01:48	0.4892597695390782	0.4892597695390782	11.22	0.0	4.1097820641282565	4.1097820641282565	11.22	-0.0	0.4892597695390782	0.4892597695390782	11.22	0.0	280.0	289.56	936.07	28.94	0	1
PROTOTYPE	001763	04/15/18	19:01:49	0.4892597695390782	0.4892597695390782	11.25	0.0	4.1097820641282565	4.1097820641282565	11.25	-0.0	0.4892597695390782	0.4892597695390782	11.25	0.0	284.0	288.73	843.65	-230.4	0	1
PROTOTYPE	001764	04/15/18	19:01:51	0.4892597695390782	0.4892597695390782	11.26	0.0	4.1097820641282565	4.1097820641282565	11.26	-0.0	0.4892597695390782	0.4892597695390782	11.26	0.0	292.0	289.22	743.22	-330.84	0	1
PROTOTYPE	001765	04/15/18	19:01:52	0.4892597695390782	0.4892597695390782	11.24	0.0	4.1097820641282565	4.1097820641282565	11.24	-0.0	0.4892597695390782	0.4892597695390782	11.24	0.0	289.0	289.19	589.72	-491.21	0	1
PROTOTYPE	001766	04/15/18	19:01:53	0.4892597695390782	0.4892597695390782	11.23	0.0	4.1097820641282565	4.1097820641282565	11.23	-0.0	0.4892597695390782	0.4892597695390782	11.23	0.0	290.0	289.31	465.51	-342.53	0	1
