Dev_id	Index	Date	Time	Sensor1	Sensor1_Filter	Sensor1_LL	Sensor1_Diff	Sensor2	Sensor2_Filter	Sensor2_LL	Sensor2_Diff	Sensor3	Sensor3_Filter	Sensor3_LL	Sensor3_Diff	Sensor4	Sensor4_Filter	Sensor4_LL	Sensor4_Diff	Heater_Status	FSM_Status
PROTOTYPE	018567	04/16/18	01:36:34	0.4892597695390782	0.4892597695390782	11.3	0.0	3.6205222945891786	3.6205222945891786	11.3	0.3	0.4892597695390782	0.4892597695390782	11.3	0.04	301.0	290.15	620.36	-237.24	0	1
PROTOTYPE	018568	04/16/18	01:36:35	0.4892597695390782	0.4892597695390782	11.31	0.0	3.6205222945891786	3.6205222945891786	11.31	0.25	0.4892597695390782	0.4892597695390782	11.31	0.04	289.0	289.98	584.81	-201.66	0	1
PROTOTYPE	018569	04/16/18	01:36:37	0.4892597695390782	0.4892597695390782	11.29	0.0	3.6205222945891786	3.6205222945891786	11.29	0.21	0.4892597695390782	0.4892597695390782	11.29	0.03	294.0	290.58	615.22	-111.41	0	1
PROTOTYPE	018570	04/16/18	01:36:38	0.4892597695390782	0.4892597695390782	11.31	0.0	3.6205222945891786	3.6205222945891786	11.31	0.18	0.4892597695390782	0.4892597695390782	11.31	0.03	291.0	290.64	476.23	40.3	0	1
PROTOTYPE	018571	04/16/18	01:36:39	0.4892597695390782	0.4892597695390782	11.32	0.0	3.6205222945891786	3.6205222945891786	11.32	0.15	0.4892597695390782	0.4892597695390782	11.32	0.02	283.0	289.5	527.27	-10.74	0	1
PROTOTYPE	018572	04/16/18	01:36:41	0.4892597695390782	0.4892597695390782	11.33	0.0	3.6205222945891786	3.6205222945891786	11.33	0.13	0.4892597695390782	0.4892597695390782	11.33	0.02	283.0	288.52	600.62	-84.13	0	1
PROTOTYPE	018573	04/16/18	01:36:42	0.4892597695390782	0.4892597695390782	11.35	0.0	3.6205222945891786	3.6205222945891786	11.35	0.11	0.4892597695390782	0.4892597695390782	11.35	0.02	291.0	288.89	617.3	-26.51	0	1
PROTOTYPE	018574	04/16/18	01:36:44	0.4892597695390782	0.4892597695390782	11.32	0.0	3.6205222945891786	3.6205222945891786	11.32	0.09	0.4892597695390782	0.4892597695390782	11.32	0.01	284.0	288.16	598.33	-7.53	0	1
PROTOTYPE	018575	04/16/18	01:36:45	0.4892597695390782	0.4892597695390782	11.32	0.0	3.6205222945891786	3.6205222945891786	11.32	0.08	0.4892597695390782	0.4892597695390782	11.32	0.01	303.0	290.39	629.46	23.6	0	1
PROTOTYPE	018576	04/16/18	01:36:46	0.4892597695390782	0.4892597695390782	11.31	0.0	3.6205222945891786	3.6205222945891786	11.31	0.07	0.4892597695390782	0.4892597695390782	11.31	0.01	296.0	291.23	696.37	125.06	0	1
PROTOTYPE	018577	04/16/18	01:36:48	0.4892597695390782	0.4892597695390782	11.31	0.0	3.6205222945891786	3.6205222945891786	11.31	0.06	0.4892597695390782	0.4892597695390782	11.31	0.01	290.0	291.04	654.49	46.3	0	1
PROTOTYPE	018578	04/16/18	01:36:49	0.4892597695390782	0.4892597695390782	11.32	0.0	3.6205222945891786	3.6205222945891786	11.32	0.05	0.4892597695390782	0.4892597695390782	11.32	0.01	282.0	289.69	783.72	-95.65	0	1
PROTOTYPE	018579	04/16/18	01:36:51	0.4892597695390782	0.4892597695390782	11.31	0.0	3.6205222945891786	3.6205222945891786	11.31	0.04	0.4892597695390782	0.4892597695390782	11.31	0.01	285.0	288.98	739.37	-51.3	0	1
PROTOTYPE	018580	04/16/18	01:36:52	0.4892597695390782	0.4892597695390782	11.3	0.0	3.6205222945891786	3.6205222945891786	11.3	0.04	0.4892597695390782	0.4892597695390782	11.3	0.01	296.0	290.04	747.15	151.4	0	1
PROTOTYPE	018581	04/16/18	01:36:53	0.4892597695390782	0.4892597695390782	11.31	0.0	3.6205222945891786	3.6205222945891786	11.31	0.03	0.4892597695390782	0.4892597695390782	11.31	0.0	283.0	288.98	815.52	8.69	0	1
PROTOTYPE	018582	04/16/18	01:36:55	0.4892597695390782	0.4892597695390782	11.31	0.0	3.6205222945891786	3.6205222945891786	11.31	0.03	0.4892597695390782	0.4892597695390782	11.31	0.0	288.0	288.83	756.88	67.38	0	1
PROTOTYPE	018583	04/16/18	01:36:56	0.4892597695390782	0.4892597695390782	11.29	0.0	3.6205222945891786	3.6205222945891786	11.29	0.02	0.4892597695390782	0.4892597695390782	11.29	0.0	288.0	288.71	546.86	-167.72	0	1
PROTOTYPE	018584	04/16/18	01:36:58	0.4892597695390782	0.4892597695390782	11.28	0.0	3.6205222945891786	3.6205222945891786	11.28	0.02	0.4892597695390782	0.4892597695390782	11.28	0.0	292.0	289.2	512.03	-202.57	0	1
PROTOTYPE	018585	04/16/18	01:36:59	0.4892597695390782	0.4892597695390782	11.28	0.0	3.6205222945891786	3.6205222945891786	11.28	0.02	0.4892597695390782	0.4892597695390782	11.28	0.0	289.0	289.17	496.9	-187.18	0	1
PROTOTYPE	018586	04/16/18	01:37:01	0.4892597695390782	0.4892597695390782	11.27	0.0	3.6205222945891786	3.6205222945891786	11.27	0.01	0.4892597695390782	0.4892597695390782	11.27	0.0	295.0	290.05	448.66	35.9	0	1
PROTOTYPE	018587	04/16/18	01:37:02	0.4892597695390782	0.4892597695390782	11.29	0.0	3.6205222945891786	3.6205222945891786	11.29	0.01	0.4892597695390782	0.4892597695390782	11.29	0.0	298.0	291.24	497.65	225.51	0	1
PROTOTYPE	018588	04/16/18	01:37:03	0.4892597695390782	0.4892597695390782	11.29	0.0	3.6205222945891786	3.6205222945891786	11.29	0.01	0.4892597695390782	0.4892597695390782	11.29	0.0	285.0	290.3	486.01	26.69	0	1
PROTOTYPE	018589	04/16/18	01:37:05	0.4892597695390782	0.4892597695390782	11.26	0.0	3.6205222945891786	3.6205222945891786	11.26	0.01	0.4892597695390782	0.4892597695390782	11.26	0.0	284.0	289.36	475.01	37.68	0	1
PROTOTYPE	018590	04/16/18	01:37:06	0.4892597695390782	0.4892597695390782	11.27	0.0	3.6205222945891786	3.6205222945891786	11.27	0.01	0.4892597695390782	0.4892597695390782	11.27	0.0	288.0	289.15	480.64	32.03	0	1
PROTOTYPE	018591	04/16/18	01:37:08	0.4892597695390782	0.4892597695390782	11.29	0.0	3.6205222945891786	3.6205222945891786	11.29	0.01	0.4892597695390782	0.4892597695390782	11.29	0.0	297.0	290.33	585.75	162.23	0	1
PROTOTYPE	018592	04/16/18	01:37:09	0.4892597695390782	0.4892597695390782	11.31	0.0	3.6205222945891786	3.6205222945891786	11.31	0.01	0.4892597695390782	0.4892597695390782	11.31	0.0	292.0	290.58	561.44	137.89	0	1
PROTOTYPE	018593	04/16/18	01:37:10	0.4892597695390782	0.4892597695390782	11.31	0.0	3.6205222945891786	3.6205222945891786	11.31	0.0	0.4892597695390782	0.4892597695390782	11.31	0.0	288.0	290.19	596.84	102.21	0	1
PROTOTYPE	018594	04/16/18	01:37:12	0.4892597695390782	0.4892597695390782	11.31	0.0	3.6205222945891786	3.6205222945891786	11.31	0.0	0.4892597695390782	0.4892597695390782	11.31	0.0	294.0	290.77	566.51	71.88	0	1
PROTOTYPE	018595	04/16/18	01:37:13	0.4892597695390782	0.4892597695390782	11.3	0.0	3.6205222945891786	3.6205222945891786	11.3	0.0	0.4892597695390782	0.4892597695390782	11.3	0.0	286.0	290.05	518.69	-118.9	0	1
PROTOTYPE	018596	04/16/18	01:37:15	0.4892597695390782	0.4892597695390782	11.3	0.0	3.6205222945891786	3.6205222945891786	11.3	0.0	0.4892597695390782	0.4892597695390782	11.3	0.0	289.0	289.89	440.91	-41.07	0	1
PROTOTYPE	018597	04/16/18	01:37:16	0.4892597695390782	0.4892597695390782	11.32	0.0	3.6205222945891786	3.6205222945891786	11.32	0.0	0.4892597695390782	0.4892597695390782	11.32	0.0	287.0	289.46	389.76	10.09	0	1
PROTOTYPE	018598	04/16/18	01:37:17	0.4892597695390782	0.4892597695390782	11.3	0.0	3.6205222945891786	3.6205222945891786	11.3	0.0	0.4892597695390782	0.4892597695390782	11.3	0.0	295.0	290.29	452.47	113.58	0	1
PROTOTYPE	018599	04/16/18	01:37:19	0.4892597695390782	0.4892597695390782	11.29	0.0	3.6205222945891786	3.6205222945891786	11.29	0.0	0.4892597695390782	0.4892597695390782	11.29	0.0	298.0	291.45	450.43	111.54	0	1
PROTOTYPE	018600	04/16/18	01:37:20	0.4892597695390782	0.4892597695390782	11.27	0.0	3.6205222945891786	3.6205222945891786	11.27	0.0	0.4892597695390782	0.4892597695390782	11.27	0.0	296.0	292.13	493.68	154.81	0	1
PROTOTYPE	018601	04/16/18	01:37:22	0.4892597695390782	0.4892597695390782	11.28	0.0	3.6205222945891786	3.6205222945891786	11.28	0.0	0.4892597695390782	0.4892597695390782	11.28	0.0	289.0	291.66	501.9	146.59	0	1
PROTOTYPE	018602	04/16/18	01:37:23	0.4892597695390782	0.4892597695390782	11.26	0.0	3.6205222945891786	3.6205222945891786	11.26	0.0	0.4892597695390782	0.4892597695390782	11.26	0.0	288.0	291.11	499.71	34.6	0	1
PROTOTYPE	018603	04/16/18	01:37:25	0.4892597695390782	0.4892597695390782	11.24	0.0	3.6205222945891786	3.6205222945891786	11.24	0.0	0.4892597695390782	0.4892597695390782	11.24	0.0	292.0	291.24	441.63	119.41	0	1
PROTOTYPE	018604	04/16/18	01:37:26	0.4892597695390782	0.4892597695390782	11.22	0.0	3.6205222945891786	3.6205222945891786	11.22	0.0	0.4892597695390782	0.4892597695390782	11.22	0.0	274.0	288.66	684.48	-123.5	0	1
PROTOTYPE	018605	04/16/18	01:37:27	0.4892597695390782	0.4892597695390782	11.2	0.0	3.6205222945891786	3.6205222945891786	11.2	0.0	0.4892597695390782	0.4892597695390782	11.2	0.0	291.0	289.01	676.23	-44.98	0	1
PROTOTYPE	018606	04/16/18	01:37:29	0.4892597695390782	0.4892597695390782	11.22	0.0	3.6205222945891786	3.6205222945891786	11.22	0.0	0.4892597695390782	0.4892597695390782	11.22	0.0	291.0	289.31	622.99	-98.23	0	1
PROTOTYPE	018607	04/16/18	01:37:30	0.4892597695390782	0.4892597695390782	11.21	0.0	3.6205222945891786	3.6205222945891786	11.21	0.0	0.4892597695390782	0.4892597695390782	11.21	0.0	302.0	291.21	697.72	-23.5	0	1
PROTOTYPE	018608	04/16/18	01:37:31	0.4892597695390782	0.4892597695390782	11.2	0.0	3.6205222945891786	3.6205222945891786	11.2	0.0	0.4892597695390782	0.4892597695390782	11.2	0.0	282.0	289.83	767.59	-229.97	0	1
PROTOTYPE	018609	04/16/18	01:37:33	0.4892597695390782	0.4892597695390782	11.18	0.0	3.6205222945891786	3.6205222945891786	11.18	0.0	0.4892597695390782	0.4892597695390782	11.18	0.0	281.0	288.51	853.08	-315.48	0	1
PROTOTYPE	018610	04/16/18	01:37:34	0.4892597695390782	0.4892597695390782	11.2	0.0	3.6205222945891786	3.6205222945891786	11.2	0.0	0.4892597695390782	0.4892597695390782	11.2	0.0	284.0	287.83	865.75	-328.15	0	1
PROTOTYPE	018611	04/16/18	01:37:36	0.4892597695390782	0.4892597695390782	11.22	0.0	3.6205222945891786	3.6205222945891786	11.22	0.0	0.4892597695390782	0.4892597695390782	11.22	0.0	305.0	290.41	1109.91	-83.93	0	1
PROTOTYPE	018612	04/16/18	01:37:37	0.4892597695390782	0.4892597695390782	11.25	0.0	3.6205222945891786	3.6205222945891786	11.25	0.0	0.4892597695390782	0.4892597695390782	11.25	0.0	288.0	290.04	887.34	138.66	0	1
PROTOTYPE	018613	04/16/18	01:37:39	0.4892597695390782	0.4892597695390782	11.27	0.0	3.6205222945891786	3.6205222945891786	11.27	0.0	0.4892597695390782	0.4892597695390782	11.27	0.0	293.0	290.49	896.54	147.86	0	1
PROTOTYPE	018614	04/16/18	01:37:40	0.4892597695390782	0.4892597695390782	11.26	0.0	3.6205222945891786	3.6205222945891786	11.26	0.0	0.4892597695390782	0.4892597695390782	11.26	0.0	294.0	291.01	919.35	170.68	0	1
PROTOTYPE	018615	04/16/18	01:37:41	0.4892597695390782	0.4892597695390782	11.26	0.0	3.6205222945891786	3.6205222945891786	11.26	0.0	0.4892597695390782	0.4892597695390782	11.26	0.0	290.0	290.86	744.24	-34.92	0	1
PROTOTYPE	018616	04/16/18	01:37:43	0.5871117234468938	0.5039375626252506	24.93	15.0	3.6205222945891786	3.6205222945891786	11.28	0.0	0.4892597695390782	0.4892597695390782	11.28	0.0	276.0	288.63	829.0	-119.68	0	1
PROTOTYPE	018617	04/16/18	01:37:44	0.4892597695390782	0.5019805235470942	26.2	12.75	3.6205222945891786	3.6205222945891786	11.31	0.0	0.4892597695390782	0.4892597695390782	11.31	0.0	286.0	288.24	736.06	-26.73	0	1
PROTOTYPE	018618	04/16/18	01:37:46	0.4892597695390782	0.5000234844689379	27.15	10.84	3.6205222945891786	3.6205222945891786	11.29	0.0	0.4892597695390782	0.4892597695390782	11.29	0.0	306.0	290.9	934.9	307.28	0	1
PROTOTYPE	018619	04/16/18	01:37:47	0.4892597695390782	0.4980664453907815	27.87	9.21	3.6205222945891786	3.6205222945891786	11.26	0.0	0.4892597695390782	0.4892597695390782	11.26	0.0	286.0	290.17	750.89	-23.81	0	1
PROTOTYPE	018620	04/16/18	01:37:48	0.4892597695390782	0.4970879258517034	28.43	7.83	3.6205222945891786	3.6205222945891786	11.25	0.0	0.4892597695390782	0.4892597695390782	11.25	0.0	277.0	288.19	912.29	-185.24	0	1
PROTOTYPE	018621	04/16/18	01:37:50	0.4892597695390782	0.49610940631262535	28.87	6.66	3.6205222945891786	3.6205222945891786	11.27	0.0	0.4892597695390782	0.4892597695390782	11.27	0.0	291.0	288.61	910.08	-187.45	0	1
PROTOTYPE	018622	04/16/18	01:37:51	0.4892597695390782	0.49513088677354705	29.19	5.66	3.6205222945891786	3.6205222945891786	11.28	0.0	0.4892597695390782	0.4892597695390782	11.28	0.0	295.0	289.57	953.19	-144.34	0	1
PROTOTYPE	018623	04/16/18	01:37:53	0.4892597695390782	0.4941523672344689	29.44	4.81	3.6205222945891786	3.6205222945891786	11.29	0.0	0.4892597695390782	0.4892597695390782	11.29	0.0	278.0	287.84	1111.48	-302.69	0	1
PROTOTYPE	018624	04/16/18	01:37:54	0.4892597695390782	0.49317384769539074	15.96	-10.91	3.6205222945891786	3.6205222945891786	11.29	0.0	0.4892597695390782	0.4892597695390782	11.29	0.0	288.0	287.86	891.39	-77.28	0	1
PROTOTYPE	018625	04/16/18	01:37:55	0.4892597695390782	0.4921953281563127	14.82	-9.28	3.6205222945891786	3.6205222945891786	11.26	0.0	0.4892597695390782	0.4892597695390782	11.26	0.0	287.0	287.73	864.84	-50.69	0	1
PROTOTYPE	018626	04/16/18	01:37:57	0.4892597695390782	0.4921953281563127	13.96	-7.88	3.6205222945891786	3.6205222945891786	11.28	0.0	0.4892597695390782	0.4892597695390782	11.28	0.0	283.0	287.02	669.39	-388.09	0	1
PROTOTYPE	018627	04/16/18	01:37:58	0.4892597695390782	0.4921953281563127	13.29	-6.7	3.6205222945891786	3.6205222945891786	11.29	0.0	0.4892597695390782	0.4892597695390782	11.29	0.0	285.0	286.72	626.2	-344.87	0	1
PROTOTYPE	018628	04/16/18	01:38:00	0.4892597695390782	0.4912168086172345	12.78	-5.7	3.6205222945891786	3.6205222945891786	11.3	0.0	0.4892597695390782	0.4892597695390782	11.3	0.0	299.0	288.56	612.92	36.86	0	1
PROTOTYPE	018629	04/16/18	01:38:01	0.4892597695390782	0.4912168086172345	12.38	-4.84	3.6205222945891786	3.6205222945891786	11.28	0.0	0.4892597695390782	0.4892597695390782	11.28	0.0	285.0	288.03	624.2	-58.67	0	1
PROTOTYPE	018630	04/16/18	01:38:03	0.4892597695390782	0.4912168086172345	12.08	-4.12	3.6205222945891786	3.6205222945891786	11.27	0.0	0.4892597695390782	0.4892597695390782	11.27	0.0	283.0	287.27	603.8	-229.87	0	1
PROTOTYPE	018631	04/16/18	01:38:04	0.4892597695390782	0.49023828907815625	11.86	-3.5	3.6205222945891786	3.6205222945891786	11.27	0.0	0.4892597695390782	0.4892597695390782	11.27	0.0	299.0	289.03	606.14	119.61	0	1
PROTOTYPE	018632	04/16/18	01:38:05	0.4892597695390782	0.49023828907815625	11.74	-2.97	3.6205222945891786	3.6205222945891786	11.31	0.0	0.4892597695390782	0.4892597695390782	11.31	0.0	286.0	288.58	648.8	71.67	0	1
PROTOTYPE	018633	04/16/18	01:38:07	0.4892597695390782	0.49023828907815625	11.63	-2.53	3.6205222945891786	3.6205222945891786	11.32	0.0	0.4892597695390782	0.4892597695390782	11.32	0.0	290.0	288.79	657.21	105.92	0	1
PROTOTYPE	018634	04/16/18	01:38:08	0.4892597695390782	0.49023828907815625	11.53	-2.15	3.6205222945891786	3.6205222945891786	11.3	0.0	0.4892597695390782	0.4892597695390782	11.3	0.0	289.0	288.82	589.67	180.03	0	1
PROTOTYPE	018635	04/16/18	01:38:10	0.4892597695390782	0.49023828907815625	11.46	-1.83	3.522670340681363	3.6058445015030065	24.96	-15.0	0.4892597695390782	0.4892597695390782	11.3	0.0	301.0	290.65	742.0	393.03	0	1
PROTOTYPE	018636	04/16/18	01:38:11	0.4892597695390782	0.49023828907815625	11.41	-1.55	3.6205222945891786	3.607801540581162	26.2	-12.75	0.4892597695390782	0.4892597695390782	11.29	0.0	296.0	291.45	638.05	289.07	0	1
PROTOTYPE	018637	04/16/18	01:38:12	0.4892597695390782	0.4892597695390782	11.37	-1.32	3.6205222945891786	3.6097585796593186	27.16	-10.84	0.4892597695390782	0.4892597695390782	11.29	0.0	294.0	291.83	622.88	380.71	0	1
PROTOTYPE	018638	04/16/18	01:38:14	0.4892597695390782	0.4892597695390782	11.37	-1.12	3.6205222945891786	3.611715618737475	27.92	-9.21	0.4892597695390782	0.4892597695390782	11.31	0.0	298.0	292.76	639.98	548.6	0	1
PROTOTYPE	018639	04/16/18	01:38:15	0.4892597695390782	0.4892597695390782	11.35	-0.95	3.6205222945891786	3.612694138276553	28.48	-7.83	0.4892597695390782	0.4892597695390782	11.31	0.0	296.0	293.24	512.7	421.31	0	1
PROTOTYPE	018640	04/16/18	01:38:17	0.4892597695390782	0.4892597695390782	11.3	-0.81	3.6205222945891786	3.613672657815631	28.87	-6.66	0.4892597695390782	0.4892597695390782	11.27	0.0	278.0	290.96	695.88	238.12	0	1
PROTOTYPE	018641	04/16/18	01:38:18	0.4892597695390782	0.4892597695390782	11.3	-0.69	3.6205222945891786	3.6146511773547094	29.2	-5.66	0.4892597695390782	0.4892597695390782	11.28	0.0	296.0	291.71	750.13	292.4	0	1
PROTOTYPE	018642	04/16/18	01:38:19	0.4892597695390782	0.4892597695390782	11.3	-0.59	3.6205222945891786	3.6156296968937878	29.43	-4.81	0.4892597695390782	0.4892597695390782	11.28	0.0	280.0	289.96	922.41	113.54	0	1
PROTOTYPE	018643	04/16/18	01:38:21	0.4892597695390782	0.4892597695390782	11.3	-0.5	3.6205222945891786	3.6166082164328657	15.95	10.91	0.4892597695390782	0.4892597695390782	11.29	0.0	290.0	289.96	741.28	-68.49	0	1
PROTOTYPE	018644	04/16/18	01:38:22	0.4892597695390782	0.4892597695390782	11.31	-0.42	3.6205222945891786	3.617586735971944	14.85	9.28	0.4892597695390782	0.4892597695390782	11.3	0.0	291.0	290.12	676.61	-133.22	0	1
PROTOTYPE	018645	04/16/18	01:38:24	0.4892597695390782	0.4892597695390782	11.29	-0.36	3.6205222945891786	3.617586735971944	13.96	7.88	0.4892597695390782	0.4892597695390782	11.29	0.0	294.0	290.7	696.58	-113.24	0	1
PROTOTYPE	018646	04/16/18	01:38:25	0.4892597695390782	0.4892597695390782	11.29	-0.31	3.6205222945891786	3.617586735971944	13.29	6.7	0.4892597695390782	0.4892597695390782	11.29	0.0	282.0	289.4	734.6	-336.25	0	1
PROTOTYPE	018647	04/16/18	01:38:27	0.4892597695390782	0.4892597695390782	11.29	-0.26	3.6205222945891786	3.6185652555110215	12.78	5.7	0.4892597695390782	0.4892597695390782	11.29	0.0	291.0	289.64	710.06	-360.81	0	1
PROTOTYPE	018648	04/16/18	01:38:28	0.4892597695390782	0.4892597695390782	11.33	-0.22	3.6205222945891786	3.6185652555110215	12.43	4.84	0.4892597695390782	0.4892597695390782	11.33	0.0	297.0	290.74	591.84	-21.69	0	1
PROTOTYPE	018649	04/16/18	01:38:29	0.4892597695390782	0.4892597695390782	11.32	-0.19	3.6205222945891786	3.6185652555110215	12.13	4.12	0.39140781563126253	0.4745819764529058	24.98	-15.0	297.0	291.68	610.09	-3.44	0	1
PROTOTYPE	018650	04/16/18	01:38:31	0.4892597695390782	0.4892597695390782	11.33	-0.16	3.6205222945891786	3.6195437750501003	11.92	3.5	0.4892597695390782	0.4765390155310621	26.24	-12.75	288.0	291.13	489.59	117.08	0	1
PROTOTYPE	018651	04/16/18	01:38:32	0.4892597695390782	0.4892597695390782	11.32	-0.14	3.6205222945891786	3.6195437750501003	11.75	2.97	0.4892597695390782	0.47849605460921835	27.2	-10.84	291.0	291.11	490.42	114.52	0	1
PROTOTYPE	018652	04/16/18	01:38:34	0.4892597695390782	0.4892597695390782	11.32	-0.12	3.6205222945891786	3.6195437750501003	11.63	2.53	0.4892597695390782	0.48045309368737477	27.94	-9.21	283.0	289.89	596.45	-22.66	0	1
PROTOTYPE	018653	04/16/18	01:38:35	0.4892597695390782	0.4892597695390782	11.34	-0.1	3.6205222945891786	3.6195437750501003	11.57	2.15	0.4892597695390782	0.48143161322645295	28.52	-7.83	290.0	289.91	540.36	-79.26	0	1
PROTOTYPE	018654	04/16/18	01:38:36	0.4892597695390782	0.4892597695390782	11.33	-0.08	3.6205222945891786	3.6195437750501003	11.49	1.83	0.4892597695390782	0.482410132765531	28.93	-6.66	282.0	288.72	528.48	-67.37	0	1
PROTOTYPE	018655	04/16/18	01:38:38	0.4892597695390782	0.4892597695390782	11.32	-0.07	3.6205222945891786	3.6195437750501003	11.44	1.55	0.4892597695390782	0.48338865230460926	29.24	-5.66	297.0	289.96	628.55	32.73	0	1
PROTOTYPE	018656	04/16/18	01:38:39	0.4892597695390782	0.4892597695390782	11.28	-0.06	3.6205222945891786	3.6205222945891786	11.37	1.32	0.4892597695390782	0.48436717184368744	29.44	-4.81	290.0	289.97	519.6	-77.18	0	1
PROTOTYPE	018657	04/16/18	01:38:41	0.4892597695390782	0.4892597695390782	11.3	-0.05	3.6205222945891786	3.6205222945891786	11.36	1.12	0.4892597695390782	0.4853456913827655	15.96	10.91	272.0	287.27	695.25	-440.6	0	1
PROTOTYPE	018658	04/16/18	01:38:42	0.4892597695390782	0.4892597695390782	11.3	-0.04	3.6205222945891786	3.6205222945891786	11.34	0.95	0.4892597695390782	0.4863242109218437	14.85	9.28	281.0	286.33	734.15	-479.51	0	1
PROTOTYPE	018659	04/16/18	01:38:44	0.4892597695390782	0.4892597695390782	11.3	-0.04	3.6205222945891786	3.6205222945891786	11.33	0.81	0.4892597695390782	0.4863242109218437	13.97	7.88	291.0	287.03	801.8	-407.58	0	1
PROTOTYPE	018660	04/16/18	01:38:45	0.4892597695390782	0.4892597695390782	11.28	-0.03	3.6205222945891786	3.6205222945891786	11.3	0.69	0.4892597695390782	0.4863242109218437	13.28	6.7	289.0	287.33	709.7	-256.45	0	1
PROTOTYPE	018661	04/16/18	01:38:46	0.4892597695390782	0.4892597695390782	11.28	-0.03	3.6205222945891786	3.6205222945891786	11.3	0.59	0.4892597695390782	0.48730273046092193	12.77	5.7	297.0	288.78	852.63	-112.98	0	1
PROTOTYPE	018662	04/16/18	01:38:48	0.4892597695390782	0.4892597695390782	11.28	-0.02	3.6205222945891786	3.6205222945891786	11.29	0.5	0.4892597695390782	0.48730273046092193	12.38	4.84	289.0	288.81	737.6	8.97	0	1
PROTOTYPE	018663	04/16/18	01:38:49	0.4892597695390782	0.4892597695390782	11.28	-0.02	3.6205222945891786	3.6205222945891786	11.29	0.42	0.4892597695390782	0.48730273046092193	12.09	4.12	287.0	288.54	640.64	-142.38	0	1
PROTOTYPE	018664	04/16/18	01:38:51	0.4892597695390782	0.4892597695390782	11.26	-0.02	3.6205222945891786	3.6205222945891786	11.26	0.36	0.4892597695390782	0.48828125	11.85	3.5	293.0	289.21	706.04	-76.02	0	1
PROTOTYPE	018665	04/16/18	01:38:52	0.4892597695390782	0.4892597695390782	11.26	-0.01	3.6205222945891786	3.6205222945891786	11.26	0.31	0.4892597695390782	0.48828125	11.69	2.97	300.0	290.83	598.37	355.38	0	1
PROTOTYPE	018666	04/16/18	01:38:53	0.4892597695390782	0.4892597695390782	11.25	-0.01	3.6205222945891786	3.6205222945891786	11.25	0.26	0.4892597695390782	0.48828125	11.56	2.53	300.0	292.2	641.84	587.07	0	1
PROTOTYPE	018667	04/16/18	01:38:55	0.4892597695390782	0.4892597695390782	11.27	-0.01	3.6205222945891786	3.6205222945891786	11.27	0.22	0.4892597695390782	0.48828125	11.5	2.15	286.0	291.27	664.88	424.01	0	1
PROTOTYPE	018668	04/16/18	01:38:56	0.4892597695390782	0.4892597695390782	11.28	-0.01	3.6205222945891786	3.6205222945891786	11.28	0.19	0.4892597695390782	0.48828125	11.44	1.83	297.0	292.13	721.26	480.41	0	1
PROTOTYPE	018669	04/16/18	01:38:58	0.4892597695390782	0.4892597695390782	11.24	-0.01	3.6205222945891786	3.6205222945891786	11.24	0.16	0.4892597695390782	0.48828125	11.36	1.55	275.0	289.56	833.16	78.35	0	1
PROTOTYPE	018670	04/16/18	01:38:59	0.4892597695390782	0.4892597695390782	11.24	-0.01	3.6205222945891786	3.6205222945891786	11.24	0.14	0.4892597695390782	0.4892597695390782	11.33	1.32	298.0	290.83	956.13	201.6	0	1
PROTOTYPE	018671	04/16/18	01:39:00	0.4892597695390782	0.4892597695390782	11.25	-0.01	3.6205222945891786	3.6205222945891786	11.25	0.12	0.4892597695390782	0.4892597695390782	11.31	1.12	290.0	290.7	941.41	216.36	0	1
PROTOTYPE	018672	04/16/18	01:39:02	0.4892597695390782	0.4892597695390782	11.26	-0.0	3.6205222945891786	3.6205222945891786	11.26	0.1	0.4892597695390782	0.4892597695390782	11.3	0.95	286.0	290.0	945.07	78.9	0	1
PROTOTYPE	018673	04/16/18	01:39:03	0.4892597695390782	0.4892597695390782	11.23	-0.0	3.6205222945891786	3.6205222945891786	11.23	0.08	0.4892597695390782	0.4892597695390782	11.26	0.81	288.0	289.7	813.2	-112.93	0	1
PROTOTYPE	018674	04/16/18	01:39:05	0.4892597695390782	0.4892597695390782	11.23	-0.0	3.6205222945891786	3.6205222945891786	11.23	0.07	0.4892597695390782	0.4892597695390782	11.25	0.69	286.0	289.14	731.11	-305.99	0	1
PROTOTYPE	018675	04/16/18	01:39:06	0.4892597695390782	0.4892597695390782	11.2	-0.0	3.6205222945891786	3.6205222945891786	11.2	0.06	0.4892597695390782	0.4892597695390782	11.22	0.59	300.0	290.77	800.89	-50.09	0	1
PROTOTYPE	018676	04/16/18	01:39:07	0.4892597695390782	0.4892597695390782	11.18	-0.0	3.6205222945891786	3.6205222945891786	11.18	0.05	0.4892597695390782	0.4892597695390782	11.19	0.5	294.0	291.26	763.42	-87.58	0	1
PROTOTYPE	018677	04/16/18	01:39:09	0.4892597695390782	0.4892597695390782	11.2	-0.0	3.6205222945891786	3.6205222945891786	11.2	0.04	0.4892597695390782	0.4892597695390782	11.21	0.42	297.0	292.12	592.6	255.56	0	1
PROTOTYPE	018678	04/16/18	01:39:10	0.4892597695390782	0.4892597695390782	11.2	-0.0	3.6205222945891786	3.6205222945891786	11.2	0.04	0.4892597695390782	0.4892597695390782	11.2	0.36	301.0	293.45	599.26	262.22	0	1
PROTOTYPE	018679	04/16/18	01:39:12	0.4892597695390782	0.4892597695390782	11.2	-0.0	3.6205222945891786	3.6205222945891786	11.2	0.03	0.4892597695390782	0.4892597695390782	11.2	0.31	282.0	291.73	758.52	102.89	0	1
PROTOTYPE	018680	04/16/18	01:39:13	0.4892597695390782	0.4892597695390782	11.2	-0.0	3.6205222945891786	3.6205222945891786	11.2	0.03	0.4892597695390782	0.4892597695390782	11.2	0.26	276.0	289.37	923.95	-62.54	0	1
PROTOTYPE	018681	04/16/18	01:39:14	0.4892597695390782	0.4892597695390782	11.21	-0.0	3.6205222945891786	3.6205222945891786	11.21	0.02	0.4892597695390782	0.4892597695390782	11.21	0.22	287.0	289.02	929.56	-68.16	0	1
PROTOTYPE	018682	04/16/18	01:39:16	0.4892597695390782	0.4892597695390782	11.22	-0.0	3.6205222945891786	3.6205222945891786	11.22	0.02	0.4892597695390782	0.4892597695390782	11.22	0.19	287.0	288.71	904.35	-42.94	0	1
PROTOTYPE	018683	04/16/18	01:39:17	0.4892597695390782	0.4892597695390782	11.23	-0.0	3.6205222945891786	3.6205222945891786	11.23	0.02	0.4892597695390782	0.4892597695390782	11.23	0.16	299.0	290.26	895.79	-51.5	0	1
PROTOTYPE	018684	04/16/18	01:39:19	0.4892597695390782	0.4892597695390782	11.25	-0.0	3.6205222945891786	3.6205222945891786	11.25	0.01	0.4892597695390782	0.4892597695390782	11.25	0.14	292.0	290.52	873.54	-73.77	0	1
PROTOTYPE	018685	04/16/18	01:39:20	0.4892597695390782	0.4892597695390782	11.25	-0.0	3.6205222945891786	3.6205222945891786	11.25	0.01	0.4892597695390782	0.4892597695390782	11.25	0.12	293.0	290.89	824.62	-122.71	0	1
PROTOTYPE	018686	04/16/18	01:39:21	0.4892597695390782	0.4892597695390782	11.24	-0.0	3.6205222945891786	3.6205222945891786	11.24	0.01	0.4892597695390782	0.4892597695390782	11.24	0.1	296.0	291.66	768.03	-179.3	0	1
PROTOTYPE	018687	04/16/18	01:39:23	0.4892597695390782	0.4892597695390782	11.25	-0.0	3.6205222945891786	3.6205222945891786	11.25	0.01	0.4892597695390782	0.4892597695390782	11.25	0.08	284.0	290.51	711.14	-122.41	0	1
PROTOTYPE	018688	04/16/18	01:39:24	0.4892597695390782	0.4892597695390782	11.26	-0.0	3.6205222945891786	3.6205222945891786	11.26	0.01	0.4892597695390782	0.4892597695390782	11.26	0.07	298.0	291.63	587.52	225.96	0	1
PROTOTYPE	018689	04/16/18	01:39:26	0.4892597695390782	0.4892597695390782	11.26	-0.0	3.6205222945891786	3.6205222945891786	11.26	0.01	0.4892597695390782	0.4892597695390782	11.26	0.06	282.0	290.19	696.39	117.06	0	1
PROTOTYPE	018690	04/16/18	01:39:27	0.4892597695390782	0.4892597695390782	11.26	-0.0	3.6205222945891786	3.6205222945891786	11.26	0.01	0.4892597695390782	0.4892597695390782	11.26	0.05	290.0	290.16	669.25	144.5	0	1
PROTOTYPE	018691	04/16/18	01:39:29	0.4892597695390782	0.4892597695390782	11.28	-0.0	3.6205222945891786	3.6205222945891786	11.28	0.0	0.4892597695390782	0.4892597695390782	11.28	0.04	290.0	290.14	517.74	-12.17	0	1
PROTOTYPE	018692	04/16/18	01:39:30	0.4892597695390782	0.4892597695390782	11.27	-0.0	3.6205222945891786	3.6205222945891786	11.27	0.0	0.4892597695390782	0.4892597695390782	11.27	0.04	299.0	291.47	624.54	94.65	0	1
PROTOTYPE	018693	04/16/18	01:39:31	0.4892597695390782	0.4892597695390782	11.28	-0.0	3.6205222945891786	3.6205222945891786	11.28	0.0	0.4892597695390782	0.4892597695390782	11.28	0.03	298.0	292.45	685.32	155.46	0	1
PROTOTYPE	018694	04/16/18	01:39:33	0.4892597695390782	0.4892597695390782	11.29	-0.0	3.6205222945891786	3.6205222945891786	11.29	0.0	0.4892597695390782	0.4892597695390782	11.29	0.03	265.0	288.33	1020.36	-332.86	1	0
PROTOTYPE	018695	04/16/18	01:39:34	0.4892597695390782	0.4892597695390782	11.26	-0.0	4.01193011022044	3.679233466933868	69.88	60.0	0.4892597695390782	0.4892597695390782	11.26	0.02	294.0	289.18	990.57	-132.93	1	0
PROTOTYPE	018696	04/16/18	01:39:36	0.4892597695390782	0.4892597695390782	11.26	-0.0	4.403337925851703	3.7878491357715434	179.48	171.0	0.4892597695390782	0.4892597695390782	11.26	0.02	286.0	288.7	925.9	-292.99	1	0
PROTOTYPE	018697	04/16/18	01:39:37	0.4892597695390782	0.4892597695390782	11.29	-0.0	4.599041833667335	3.909185558617235	302.44	295.35	0.4892597695390782	0.4892597695390782	11.29	0.02	293.0	289.35	845.89	-84.04	1	0
PROTOTYPE	018698	04/16/18	01:39:38	0.4892597695390782	0.4892597695390782	11.27	-0.0	4.7947457414829655	4.042264215931864	436.73	431.05	0.4892597695390782	0.4892597695390782	11.27	0.01	295.0	290.19	927.55	3.56	1	0
PROTOTYPE	018699	04/16/18	01:39:40	0.4892597695390782	0.4892597695390782	11.26	-0.0	4.892597695390782	4.169471756012024	565.66	561.39	0.4892597695390782	0.4892597695390782	11.26	0.01	289.0	290.02	942.75	-11.97	1	0
PROTOTYPE	018700	04/16/18	01:39:41	0.4892597695390782	0.4892597695390782	11.26	-0.0	4.990449649298597	4.292765217935871	690.06	687.18	0.4892597695390782	0.4892597695390782	11.26	0.01	294.0	290.61	869.56	-85.18	1	0
PROTOTYPE	018701	04/16/18	01:39:43	0.4892597695390782	0.4892597695390782	11.24	-0.0	5.088301603206413	4.412144601703407	810.58	809.11	0.4892597695390782	0.4892597695390782	11.24	0.01	288.0	290.22	810.75	-222.4	1	0
PROTOTYPE	018702	04/16/18	01:39:44	0.4892597695390782	0.4892597695390782	11.22	-0.0	5.1861535571142285	4.528588426853707	927.81	927.74	0.4892597695390782	0.4892597695390782	11.22	0.01	294.0	290.79	455.76	245.96	1	0
PROTOTYPE	018703	04/16/18	01:39:45	0.4892597695390782	0.4892597695390782	11.23	-0.0	5.1861535571142285	4.627418900300601	968.64	968.58	0.4892597695390782	0.4892597695390782	11.23	0.01	289.0	290.52	397.54	134.07	1	0
PROTOTYPE	018704	04/16/18	01:39:47	0.4892597695390782	0.4892597695390782	11.21	-0.0	5.284005511022044	4.725270854208417	958.36	958.29	0.4892597695390782	0.4892597695390782	11.21	0.01	300.0	291.94	492.04	323.96	1	0
PROTOTYPE	018705	04/16/18	01:39:48	0.4892597695390782	0.4892597695390782	11.19	-0.0	5.284005511022044	4.809423534569138	919.62	919.55	0.4892597695390782	0.4892597695390782	11.19	0.0	299.0	293.0	533.44	365.36	1	0
PROTOTYPE	018706	04/16/18	01:39:50	0.4892597695390782	0.4892597695390782	11.21	-0.0	5.284005511022044	4.880855460921844	856.69	856.62	0.4892597695390782	0.4892597695390782	11.21	0.0	304.0	294.65	613.63	445.56	1	0
PROTOTYPE	018707	04/16/18	01:39:51	0.4892597695390782	0.4892597695390782	11.22	-0.0	5.38185746492986	4.956201465430861	803.21	803.12	0.4892597695390782	0.4892597695390782	11.22	0.0	291.0	294.1	650.42	408.72	1	0
PROTOTYPE	018708	04/16/18	01:39:52	0.4892597695390782	0.4892597695390782	11.24	-0.0	5.38185746492986	5.019805235470942	742.74	742.65	0.4892597695390782	0.4892597695390782	11.24	0.0	294.0	294.09	592.74	347.42	1	0
PROTOTYPE	018709	04/16/18	01:39:54	0.4892597695390782	0.4892597695390782	11.25	-0.0	5.479709418837675	5.088301603206413	691.35	691.26	0.4892597695390782	0.4892597695390782	11.25	0.0	295.0	294.22	567.27	400.3	1	0
PROTOTYPE	018710	04/16/18	01:39:55	0.4892597695390782	0.4892597695390782	11.25	-0.0	5.38185746492986	5.13233498246493	617.68	617.57	0.4892597695390782	0.4892597695390782	11.25	0.0	299.0	294.94	582.22	415.26	0	0
PROTOTYPE	018711	04/16/18	01:39:57	0.4892597695390782	0.4892597695390782	11.27	-0.0	4.01193011022044	4.965008141282565	688.63	344.93	0.4892597695390782	0.4892597695390782	11.27	0.0	303.0	296.15	676.26	562.97	0	0
PROTOTYPE	018712	04/16/18	01:39:58	0.4892597695390782	0.4892597695390782	11.29	-0.0	3.6205222945891786	4.762454596693387	793.94	38.19	0.4892597695390782	0.4892597695390782	11.29	0.0	288.0	294.93	656.31	298.52	0	0
PROTOTYPE	018713	04/16/18	01:39:59	0.4892597695390782	0.4892597695390782	11.28	-0.0	3.522670340681363	4.576535884268537	898.45	-237.54	0.4892597695390782	0.4892597695390782	11.28	0.0	291.0	294.34	609.35	133.75	0	0
PROTOTYPE	018714	04/16/18	01:40:01	0.4892597695390782	0.4892597695390782	11.28	-0.0	3.424818386773547	4.404316445390782	1002.28	-486.91	0.4892597695390782	0.4892597695390782	11.28	0.0	293.0	294.14	464.48	-51.32	0	0
PROTOTYPE	018715	04/16/18	01:40:02	0.4892597695390782	0.4892597695390782	11.26	-0.0	3.424818386773547	4.257538514529059	1075.54	-713.87	0.4892597695390782	0.4892597695390782	11.26	0.0	291.0	293.67	456.78	-43.62	0	0
PROTOTYPE	018716	04/16/18	01:40:04	0.4892597695390782	0.4892597695390782	11.24	-0.0	3.3269664328657313	4.1176102204408815	1152.8	-921.79	0.4892597695390782	0.4892597695390782	11.24	0.0	284.0	292.22	599.69	-187.08	0	0
PROTOTYPE	018717	04/16/18	01:40:05	0.4892597695390782	0.4892597695390782	11.25	-0.0	3.3269664328657313	3.9992093562124245	1203.48	-1113.52	0.4892597695390782	0.4892597695390782	11.25	0.0	293.0	292.33	597.77	-189.01	0	0
PROTOTYPE	018718	04/16/18	01:40:06	0.4892597695390782	0.4892597695390782	11.25	-0.0	3.3269664328657313	3.8984218436873754	1261.55	-1261.49	0.4892597695390782	0.4892597695390782	11.25	0.0	281.0	290.63	696.14	-430.66	0	0
PROTOTYPE	018719	04/16/18	01:40:08	0.4892597695390782	0.4892597695390782	11.23	-0.0	3.3269664328657313	3.8123121242484967	1177.33	-1177.27	0.4892597695390782	0.4892597695390782	11.23	0.0	295.0	291.29	640.74	-486.06	0	0
PROTOTYPE	018720	04/16/18	01:40:09	0.4892597695390782	0.4892597695390782	11.21	-0.0	3.3269664328657313	3.739901678356713	1045.74	-1045.68	0.4892597695390782	0.4892597695390782	11.21	0.0	292.0	291.4	529.25	-353.15	0	0
PROTOTYPE	018721	04/16/18	01:40:11	0.4892597695390782	0.4892597695390782	11.22	-0.0	3.3269664328657313	3.67825494739479	918.9	-918.83	0.4892597695390782	0.4892597695390782	11.22	0.0	297.0	292.24	554.4	-210.18	0	0
PROTOTYPE	018722	04/16/18	01:40:12	0.4892597695390782	0.4892597695390782	11.21	-0.0	3.3269664328657313	3.625414892284569	796.09	-796.0	0.4892597695390782	0.4892597695390782	11.21	0.0	296.0	292.8	590.75	-133.65	0	0
PROTOTYPE	018723	04/16/18	01:40:14	0.4892597695390782	0.4892597695390782	11.23	-0.0	3.3269664328657313	3.5804029934869743	691.71	-691.6	0.4892597695390782	0.4892597695390782	11.23	0.0	289.0	292.23	600.7	-143.61	0	0
PROTOTYPE	018724	04/16/18	01:40:15	0.4892597695390782	0.4892597695390782	11.25	-0.0	3.2291144789579156	3.5275629383767533	602.98	-602.86	0.4892597695390782	0.4892597695390782	11.25	0.0	288.0	291.6	519.17	-62.06	0	0
PROTOTYPE	018725	04/16/18	01:40:16	0.4892597695390782	0.4892597695390782	11.23	-0.0	3.2291144789579156	3.4825510395791586	527.56	-527.43	0.4892597695390782	0.4892597695390782	11.23	0.0	283.0	290.31	636.28	-202.75	0	0
PROTOTYPE	018726	04/16/18	01:40:18	0.4892597695390782	0.4892597695390782	11.25	-0.0	3.2291144789579156	3.4443887775551105	463.46	-463.32	0.4892597695390782	0.4892597695390782	11.25	0.0	282.0	289.06	590.87	-157.34	0	0
PROTOTYPE	018727	04/16/18	01:40:19	0.4892597695390782	0.4892597695390782	11.26	-0.0	3.2291144789579156	3.412097632765531	408.98	-408.82	0.4892597695390782	0.4892597695390782	11.26	0.0	293.0	289.65	584.48	-163.74	0	0
PROTOTYPE	018728	04/16/18	01:40:21	0.4892597695390782	0.4892597695390782	11.28	-0.0	3.2291144789579156	3.3846990856713433	362.68	-362.5	0.4892597695390782	0.4892597695390782	11.28	0.0	295.0	290.45	653.96	-94.18	0	0
PROTOTYPE	018729	04/16/18	01:40:22	0.4892597695390782	0.4892597695390782	11.27	-0.0	3.2291144789579156	3.3612146167334673	323.33	-323.12	0.4892597695390782	0.4892597695390782	11.27	0.0	290.0	290.39	576.83	-185.05	0	0
PROTOTYPE	018730	04/16/18	01:40:23	0.4892597695390782	0.4892597695390782	11.26	-0.0	3.2291144789579156	3.341644225951904	289.9	-289.65	0.4892597695390782	0.4892597695390782	11.26	0.0	290.0	290.33	526.31	-247.29	0	0
PROTOTYPE	018731	04/16/18	01:40:25	0.4892597695390782	0.4892597695390782	11.24	-0.0	3.2291144789579156	3.325009393787575	261.48	-261.21	0.4892597695390782	0.4892597695390782	11.24	0.0	292.0	290.58	494.4	-165.2	0	0
PROTOTYPE	018732	04/16/18	01:40:26	0.4892597695390782	0.4892597695390782	11.23	-0.0	3.2291144789579156	3.3103316007014025	222.35	-222.03	0.4892597695390782	0.4892597695390782	11.23	0.0	295.0	291.24	497.26	-35.42	0	0
PROTOTYPE	018733	04/16/18	01:40:28	0.4892597695390782	0.4892597695390782	11.24	-0.0	3.2291144789579156	3.298589366232465	189.1	-188.72	0.4892597695390782	0.4892597695390782	11.24	0.0	300.0	292.56	499.69	224.89	0	0
PROTOTYPE	018734	04/16/18	01:40:29	0.4892597695390782	0.4892597695390782	11.22	-0.0	3.2291144789579156	3.2878256513026054	160.86	-160.41	0.4892597695390782	0.4892597695390782	11.22	0.0	277.0	290.22	608.42	116.16	0	0
PROTOTYPE	018735	04/16/18	01:40:30	0.4892597695390782	0.4892597695390782	11.22	-0.0	3.2291144789579156	3.2790189754509016	136.88	-136.35	0.4892597695390782	0.4892597695390782	11.22	0.0	291.0	290.34	561.06	68.73	0	0
PROTOTYPE	018736	04/16/18	01:40:32	0.4892597695390782	0.4892597695390782	11.22	-0.0	3.2291144789579156	3.2711908191382766	116.52	-115.9	0.4892597695390782	0.4892597695390782	11.22	0.0	289.0	290.14	500.96	-31.58	0	0
PROTOTYPE	018737	04/16/18	01:40:33	0.4892597695390782	0.4892597695390782	11.23	-0.0	3.2291144789579156	3.2653197019038074	99.24	-98.51	0.4892597695390782	0.4892597695390782	11.23	0.0	302.0	291.92	671.94	153.16	0	1
PROTOTYPE	018738	04/16/18	01:40:35	0.4892597695390782	0.4892597695390782	11.25	-0.0	3.2291144789579156	3.259448584669339	84.6	-83.74	0.4892597695390782	0.4892597695390782	11.25	0.0	283.0	290.58	799.76	25.19	0	1
PROTOTYPE	018739	04/16/18	01:40:36	0.4892597695390782	0.4892597695390782	11.26	-0.0	3.2291144789579156	3.2555345065130266	72.19	-71.18	0.4892597695390782	0.4892597695390782	11.26	0.0	287.0	290.04	828.35	-53.59	0	1
PROTOTYPE	018740	04/16/18	01:40:37	0.4892597695390782	0.4892597695390782	11.24	-0.0	3.1312625250501003	3.236942635270541	76.49	-75.5	0.4892597695390782	0.4892597695390782	11.24	0.0	294.0	290.64	821.39	-60.55	0	1
PROTOTYPE	018741	04/16/18	01:40:39	0.4892597695390782	0.4892597695390782	11.23	-0.0	3.2291144789579156	3.235964115731463	65.75	-64.17	0.4892597695390782	0.4892597695390782	11.23	0.0	283.0	289.49	804.57	-306.47	0	1
PROTOTYPE	018742	04/16/18	01:40:40	0.4892597695390782	0.4892597695390782	11.23	-0.0	3.1312625250501003	3.2203078031062122	71.09	-69.55	0.4892597695390782	0.4892597695390782	11.23	0.0	297.0	290.62	683.87	39.5	0	1
PROTOTYPE	018743	04/16/18	01:40:42	0.4892597695390782	0.4892597695390782	11.22	-0.0	3.1312625250501003	3.2066085295591185	75.62	-74.12	0.4892597695390782	0.4892597695390782	11.22	0.0	283.0	289.47	786.39	-86.42	0	1
PROTOTYPE	018744	04/16/18	01:40:43	0.4892597695390782	0.4892597695390782	11.22	-0.0	3.1312625250501003	3.19486629509018	79.46	-78.0	0.4892597695390782	0.4892597695390782	11.22	0.0	299.0	290.9	909.15	76.54	0	1
PROTOTYPE	018745	04/16/18	01:40:44	0.4892597695390782	0.4892597695390782	11.2	-0.0	3.2291144789579156	3.2007374123246493	78.17	-66.3	0.4892597695390782	0.4892597695390782	11.2	0.0	294.0	291.37	777.68	-54.94	0	1
PROTOTYPE	018746	04/16/18	01:40:46	0.4892597695390782	0.4892597695390782	11.21	-0.0	3.2291144789579156	3.2046514904809618	77.09	-56.35	0.4892597695390782	0.4892597695390782	11.21	0.0	301.0	292.81	788.4	223.3	0	1
PROTOTYPE	018747	04/16/18	01:40:47	0.4892597695390782	0.4892597695390782	11.22	-0.0	3.2291144789579156	3.2085655686372747	76.19	-47.9	0.4892597695390782	0.4892597695390782	11.22	0.0	300.0	293.89	842.5	384.8	0	1
PROTOTYPE	018748	04/16/18	01:40:49	0.4892597695390782	0.4892597695390782	11.22	-0.0	3.1312625250501003	3.1968233341683367	69.03	-40.72	0.4892597695390782	0.4892597695390782	11.22	0.0	278.0	291.51	1021.49	87.08	0	1
PROTOTYPE	018749	04/16/18	01:40:50	0.4892597695390782	0.4892597695390782	11.22	-0.0	3.1312625250501003	3.187038138777555	77.37	-49.61	0.4892597695390782	0.4892597695390782	11.22	0.0	290.0	291.28	929.59	179.02	0	1
PROTOTYPE	018750	04/16/18	01:40:51	0.4892597695390782	0.4892597695390782	11.23	-0.0	3.2291144789579156	3.1929092560120242	67.94	-27.17	0.4892597695390782	0.4892597695390782	11.23	0.0	289.0	290.94	851.19	32.17	0	1
PROTOTYPE	018751	04/16/18	01:40:53	0.4892597695390782	0.4892597695390782	11.23	-0.0	3.2291144789579156	3.1987803732464926	59.96	-8.09	0.4892597695390782	0.4892597695390782	11.23	0.0	293.0	291.25	767.87	177.34	0	1
PROTOTYPE	018752	04/16/18	01:40:54	0.4892597695390782	0.4892597695390782	11.21	-0.0	3.1312625250501003	3.1889951778557117	58.75	-6.88	0.4892597695390782	0.4892597695390782	11.21	0.0	292.0	291.36	636.35	45.74	0	1
PROTOTYPE	018753	04/16/18	01:40:56	0.4892597695390782	0.4892597695390782	11.22	-0.0	3.1312625250501003	3.1801885020040084	62.27	-20.85	0.4892597695390782	0.4892597695390782	11.22	0.0	300.0	292.66	719.47	128.88	0	1
PROTOTYPE	018754	04/16/18	01:40:57	0.4892597695390782	0.4892597695390782	11.21	-0.0	3.1312625250501003	3.172360345691383	65.24	-32.72	0.4892597695390782	0.4892597695390782	11.21	0.0	292.0	292.56	584.94	-25.45	0	1
PROTOTYPE	018755	04/16/18	01:40:58	0.4892597695390782	0.4892597695390782	11.19	-0.0	3.1312625250501003	3.1664892284569137	67.72	-42.81	0.4892597695390782	0.4892597695390782	11.19	0.0	292.0	292.47	485.61	-141.63	0	1
PROTOTYPE	018756	04/16/18	01:41:00	0.4892597695390782	0.4892597695390782	11.2	-0.0	3.1312625250501003	3.1615966307615233	61.4	-36.39	0.4892597695390782	0.4892597695390782	11.2	0.0	300.0	293.6	360.13	209.61	0	1
PROTOTYPE	018757	04/16/18	01:41:01	0.4892597695390782	0.4892597695390782	11.23	-0.0	3.1312625250501003	3.156704033066132	56.06	-30.93	0.4892597695390782	0.4892597695390782	11.23	0.0	286.0	292.46	451.54	118.17	0	1
PROTOTYPE	018758	04/16/18	01:41:03	0.4892597695390782	0.4892597695390782	11.24	-0.0	3.1312625250501003	3.1527899549098195	53.59	-41.29	0.4892597695390782	0.4892597695390782	11.24	0.0	288.0	291.79	484.25	85.44	0	1
PROTOTYPE	018759	04/16/18	01:41:04	0.4892597695390782	0.4892597695390782	11.28	-0.0	3.1312625250501003	3.149854396292585	51.53	-50.1	0.4892597695390782	0.4892597695390782	11.28	0.0	294.0	292.12	486.44	87.63	0	1
PROTOTYPE	018760	04/16/18	01:41:05	0.4892597695390782	0.4892597695390782	11.28	-0.0	3.1312625250501003	3.1469188376753503	44.25	-42.58	0.4892597695390782	0.4892597695390782	11.28	0.0	298.0	293.01	563.22	164.48	0	1
PROTOTYPE	018761	04/16/18	01:41:07	0.4892597695390782	0.4892597695390782	11.28	-0.0	3.1312625250501003	3.1449617985971945	38.13	-36.2	0.4892597695390782	0.4892597695390782	11.28	0.0	295.0	293.3	463.57	64.81	0	1
PROTOTYPE	018762	04/16/18	01:41:08	0.4892597695390782	0.4892597695390782	11.27	-0.0	3.1312625250501003	3.143004759519038	33.0	-30.77	0.4892597695390782	0.4892597695390782	11.27	0.0	297.0	293.86	509.06	130.09	0	1
PROTOTYPE	018763	04/16/18	01:41:10	0.4892597695390782	0.4892597695390782	11.29	-0.0	3.1312625250501003	3.1410477204408815	28.74	-26.15	0.4892597695390782	0.4892597695390782	11.29	0.0	292.0	293.58	528.5	110.58	0	1
PROTOTYPE	018764	04/16/18	01:41:11	0.4892597695390782	0.4892597695390782	11.29	-0.0	3.1312625250501003	3.1390906813627253	25.2	-22.23	0.4892597695390782	0.4892597695390782	11.29	0.0	281.0	291.69	604.32	-191.01	0	1
PROTOTYPE	018765	04/16/18	01:41:13	0.4892597695390782	0.4892597695390782	11.27	-0.0	3.1312625250501003	3.138112161823647	22.28	-18.89	0.4892597695390782	0.4892597695390782	11.27	0.0	287.0	290.99	560.67	-147.36	0	1
PROTOTYPE	018766	04/16/18	01:41:14	0.4892597695390782	0.4892597695390782	11.26	-0.0	3.1312625250501003	3.1371336422845695	19.9	-16.06	0.4892597695390782	0.4892597695390782	11.26	0.0	299.0	292.19	613.88	39.74	0	1
