Dev_id	Index	Date	Time	Sensor1	Sensor1_Filter	Sensor1_LL	Sensor1_Diff	Sensor2	Sensor2_Filter	Sensor2_LL	Sensor2_Diff	Sensor3	Sensor3_Filter	Sensor3_LL	Sensor3_Diff	Sensor4	Sensor4_Filter	Sensor4_LL	Sensor4_Diff	Heater_Status	FSM_Status
PROTOTYPE	001767	04/15/18	19:01:55	0.4892597695390782	0.4892597695390782	11.25	0.0	4.1097820641282565	4.1097820641282565	11.25	-0.0	0.4892597695390782	0.4892597695390782	11.25	0.0	293.0	289.86	479.85	-246.15	0	1
PROTOTYPE	001768	04/15/18	19:01:56	0.4892597695390782	0.4892597695390782	11.25	0.0	4.1097820641282565	4.1097820641282565	11.25	-0.0	0.4892597695390782	0.4892597695390782	11.25	0.0	276.0	287.78	637.92	-404.23	0	1
PROTOTYPE	001769	04/15/18	19:01:58	0.4892597695390782	0.4892597695390782	11.26	0.0	4.1097820641282565	4.1097820641282565	11.26	-0.0	0.4892597695390782	0.4892597695390782	11.26	0.0	281.0	286.77	682.27	-448.59	0	1
PROTOTYPE	001770	04/15/18	19:01:59	0.4892597695390782	0.4892597695390782	11.26	0.0	4.1097820641282565	4.1097820641282565	11.26	-0.0	0.4892597695390782	0.4892597695390782	11.26	0.0	291.0	287.4	577.02	-216.31	0	1
PROTOTYPE	001771	04/15/18	19:02:01	0.4892597695390782	0.4892597695390782	11.26	0.0	4.1097820641282565	4.1097820641282565	11.26	-0.0	0.4892597695390782	0.4892597695390782	11.26	0.0	296.0	288.69	622.55	-3.86	0	1
PROTOTYPE	001772	04/15/18	19:02:02	0.4892597695390782	0.4892597695390782	11.25	0.0	4.1097820641282565	4.1097820641282565	11.25	-0.0	0.4892597695390782	0.4892597695390782	11.25	0.0	288.0	288.59	583.92	-63.28	0	1
PROTOTYPE	001773	04/15/18	19:02:03	0.4892597695390782	0.4892597695390782	11.26	0.0	4.1097820641282565	4.1097820641282565	11.26	-0.0	0.4892597695390782	0.4892597695390782	11.26	0.0	296.0	289.7	691.54	51.21	0	1
PROTOTYPE	001774	04/15/18	19:02:05	0.4892597695390782	0.4892597695390782	11.24	0.0	4.1097820641282565	4.1097820641282565	11.24	-0.0	0.4892597695390782	0.4892597695390782	11.24	0.0	294.0	290.34	743.8	103.53	0	1
PROTOTYPE	001775	04/15/18	19:02:06	0.4892597695390782	0.4892597695390782	11.24	0.0	4.1097820641282565	4.1097820641282565	11.24	-0.0	0.4892597695390782	0.4892597695390782	11.24	0.0	286.0	289.69	753.59	-17.0	0	1
PROTOTYPE	001776	04/15/18	19:02:08	0.4892597695390782	0.4892597695390782	11.25	0.0	4.1097820641282565	4.1097820641282565	11.25	-0.0	0.4892597695390782	0.4892597695390782	11.25	0.0	295.0	290.49	625.27	270.55	0	1
PROTOTYPE	001777	04/15/18	19:02:09	0.4892597695390782	0.4892597695390782	11.26	0.0	4.1097820641282565	4.1097820641282565	11.26	-0.0	0.4892597695390782	0.4892597695390782	11.26	0.0	290.0	290.42	530.98	364.97	0	1
PROTOTYPE	001778	04/15/18	19:02:10	0.4892597695390782	0.4892597695390782	11.28	0.0	4.1097820641282565	4.1097820641282565	11.28	-0.0	0.4892597695390782	0.4892597695390782	11.28	0.0	292.0	290.65	491.26	325.22	0	1
PROTOTYPE	001779	04/15/18	19:02:12	0.4892597695390782	0.4892597695390782	11.28	0.0	4.1097820641282565	4.1097820641282565	11.28	-0.0	0.4892597695390782	0.4892597695390782	11.28	0.0	296.0	291.46	442.48	276.44	0	1
PROTOTYPE	001780	04/15/18	19:02:13	0.4892597695390782	0.4892597695390782	11.29	0.0	4.1097820641282565	4.1097820641282565	11.29	-0.0	0.4892597695390782	0.4892597695390782	11.29	0.0	291.0	291.39	439.0	279.97	0	1
PROTOTYPE	001781	04/15/18	19:02:15	0.4892597695390782	0.4892597695390782	11.3	0.0	4.1097820641282565	4.1097820641282565	11.3	-0.0	0.4892597695390782	0.4892597695390782	11.3	0.0	282.0	289.98	468.6	27.98	0	1
PROTOTYPE	001782	04/15/18	19:02:16	0.4892597695390782	0.4892597695390782	11.31	0.0	4.1097820641282565	4.1097820641282565	11.31	-0.0	0.4892597695390782	0.4892597695390782	11.31	0.0	299.0	291.33	539.4	98.78	0	1
PROTOTYPE	001783	04/15/18	19:02:17	0.4892597695390782	0.4892597695390782	11.3	0.0	4.1097820641282565	4.1097820641282565	11.3	-0.0	0.4892597695390782	0.4892597695390782	11.3	0.0	292.0	291.43	484.34	173.96	0	1
PROTOTYPE	001784	04/15/18	19:02:19	0.4892597695390782	0.4892597695390782	11.28	0.0	4.1097820641282565	4.1097820641282565	11.28	-0.0	0.4892597695390782	0.4892597695390782	11.28	0.0	291.0	291.37	411.35	87.87	0	1
PROTOTYPE	001785	04/15/18	19:02:20	0.4892597695390782	0.4892597695390782	11.26	0.0	4.1097820641282565	4.1097820641282565	11.26	-0.0	0.4892597695390782	0.4892597695390782	11.26	0.0	292.0	291.46	413.47	104.69	0	1
PROTOTYPE	001786	04/15/18	19:02:22	0.4892597695390782	0.4892597695390782	11.25	0.0	4.1097820641282565	4.1097820641282565	11.25	-0.0	0.4892597695390782	0.4892597695390782	11.25	0.0	282.0	290.04	531.6	-61.01	0	1
PROTOTYPE	001787	04/15/18	19:02:23	0.4892597695390782	0.4892597695390782	11.21	0.0	4.1097820641282565	4.1097820641282565	11.21	-0.0	0.4892597695390782	0.4892597695390782	11.21	0.0	293.0	290.49	495.76	-96.86	0	1
PROTOTYPE	001788	04/15/18	19:02:24	0.4892597695390782	0.4892597695390782	11.2	0.0	4.1097820641282565	4.1097820641282565	11.2	-0.0	0.4892597695390782	0.4892597695390782	11.2	0.0	295.0	291.16	556.51	-22.33	0	1
PROTOTYPE	001789	04/15/18	19:02:26	0.4892597695390782	0.4892597695390782	11.18	0.0	4.1097820641282565	4.1097820641282565	11.18	-0.0	0.4892597695390782	0.4892597695390782	11.18	0.0	293.0	291.44	443.29	146.02	0	1
PROTOTYPE	001790	04/15/18	19:02:27	0.4892597695390782	0.4892597695390782	11.19	0.0	4.1097820641282565	4.1097820641282565	11.19	-0.0	0.4892597695390782	0.4892597695390782	11.19	0.0	299.0	292.57	421.38	124.11	0	1
PROTOTYPE	001791	04/15/18	19:02:29	0.4892597695390782	0.4892597695390782	11.19	0.0	4.1097820641282565	4.1097820641282565	11.19	-0.0	0.4892597695390782	0.4892597695390782	11.19	0.0	296.0	293.09	462.69	165.5	0	1
PROTOTYPE	001792	04/15/18	19:02:30	0.4892597695390782	0.4892597695390782	11.21	0.0	4.1097820641282565	4.1097820641282565	11.21	-0.0	0.4892597695390782	0.4892597695390782	11.21	0.0	277.0	290.67	697.37	-69.33	0	1
PROTOTYPE	001793	04/15/18	19:02:31	0.4892597695390782	0.4892597695390782	11.21	0.0	4.1097820641282565	4.1097820641282565	11.21	-0.0	0.4892597695390782	0.4892597695390782	11.21	0.0	296.0	291.47	767.68	1.07	0	1
PROTOTYPE	001794	04/15/18	19:02:33	0.4892597695390782	0.4892597695390782	11.21	0.0	4.1097820641282565	4.1097820641282565	11.21	-0.0	0.4892597695390782	0.4892597695390782	11.21	0.0	290.0	291.25	647.88	120.91	0	1
PROTOTYPE	001795	04/15/18	19:02:34	0.4892597695390782	0.4892597695390782	11.23	0.0	4.1097820641282565	4.1097820641282565	11.23	-0.0	0.4892597695390782	0.4892597695390782	11.23	0.0	293.0	291.51	629.75	102.77	0	1
PROTOTYPE	001796	04/15/18	19:02:36	0.4892597695390782	0.4892597695390782	11.38	0.0	4.1097820641282565	4.1097820641282565	11.38	-0.0	0.4892597695390782	0.4892597695390782	11.38	0.0	300.0	292.79	689.33	162.36	0	1
PROTOTYPE	001797	04/15/18	19:02:37	0.4892597695390782	0.4892597695390782	11.4	0.0	4.1097820641282565	4.1097820641282565	11.4	-0.0	0.4892597695390782	0.4892597695390782	11.4	0.0	290.0	292.37	703.58	93.0	0	1
PROTOTYPE	001798	04/15/18	19:02:39	0.4892597695390782	0.4892597695390782	11.41	0.0	4.1097820641282565	4.1097820641282565	11.41	-0.0	0.4892597695390782	0.4892597695390782	11.41	0.0	290.0	292.01	625.72	-55.95	0	1
PROTOTYPE	001799	04/15/18	19:02:40	0.4892597695390782	0.4892597695390782	11.39	0.0	4.1097820641282565	4.1097820641282565	11.39	-0.0	0.4892597695390782	0.4892597695390782	11.39	0.0	293.0	292.16	589.16	-92.55	0	1
PROTOTYPE	001800	04/15/18	19:02:41	0.4892597695390782	0.4892597695390782	11.37	0.0	4.1097820641282565	4.1097820641282565	11.37	-0.0	0.4892597695390782	0.4892597695390782	11.37	0.0	290.0	291.84	380.3	116.33	0	1
PROTOTYPE	001801	04/15/18	19:02:43	0.4892597695390782	0.4892597695390782	11.41	0.0	4.1097820641282565	4.1097820641282565	11.41	-0.0	0.4892597695390782	0.4892597695390782	11.41	0.0	293.0	292.01	317.9	53.88	0	1
PROTOTYPE	001802	04/15/18	19:02:44	0.4892597695390782	0.4892597695390782	11.4	0.0	4.1097820641282565	4.1097820641282565	11.4	-0.0	0.4892597695390782	0.4892597695390782	11.4	0.0	297.0	292.76	370.6	150.8	0	1
PROTOTYPE	001803	04/15/18	19:02:46	0.4892597695390782	0.4892597695390782	11.42	0.0	4.1097820641282565	4.1097820641282565	11.42	-0.0	0.4892597695390782	0.4892597695390782	11.42	0.0	298.0	293.55	422.95	203.18	0	1
PROTOTYPE	001804	04/15/18	19:02:47	0.4892597695390782	0.4892597695390782	11.29	0.0	4.1097820641282565	4.1097820641282565	11.29	-0.0	0.4892597695390782	0.4892597695390782	11.29	0.0	297.0	294.06	347.49	127.7	0	1
PROTOTYPE	001805	04/15/18	19:02:49	0.4892597695390782	0.4892597695390782	11.28	0.0	4.1097820641282565	4.1097820641282565	11.28	-0.0	0.4892597695390782	0.4892597695390782	11.28	0.0	290.0	293.45	366.63	108.55	0	1
PROTOTYPE	001806	04/15/18	19:02:50	0.4892597695390782	0.4892597695390782	11.26	0.0	4.1097820641282565	4.1097820641282565	11.26	-0.0	0.4892597695390782	0.4892597695390782	11.26	0.0	292.0	293.24	352.93	122.26	0	1
PROTOTYPE	001807	04/15/18	19:02:51	0.4892597695390782	0.4892597695390782	11.3	0.0	4.1097820641282565	4.1097820641282565	11.3	-0.0	0.4892597695390782	0.4892597695390782	11.3	0.0	268.0	289.45	716.62	-271.08	0	1
PROTOTYPE	001808	04/15/18	19:02:53	0.4892597695390782	0.4892597695390782	11.3	0.0	4.1097820641282565	4.1097820641282565	11.3	-0.0	0.4892597695390782	0.4892597695390782	11.3	0.0	299.0	290.88	827.41	-95.41	0	1
PROTOTYPE	001809	04/15/18	19:02:54	0.4892597695390782	0.4892597695390782	11.27	0.0	4.1097820641282565	4.1097820641282565	11.27	-0.0	0.4892597695390782	0.4892597695390782	11.27	0.0	287.0	290.3	868.18	-171.1	0	1
PROTOTYPE	001810	04/15/18	19:02:56	0.4892597695390782	0.4892597695390782	11.26	0.0	4.1097820641282565	4.1097820641282565	11.26	-0.0	0.4892597695390782	0.4892597695390782	11.26	0.0	287.0	289.81	842.87	-295.44	0	1
PROTOTYPE	001811	04/15/18	19:02:57	0.4892597695390782	0.4892597695390782	11.25	0.0	4.1097820641282565	4.1097820641282565	11.25	-0.0	0.4892597695390782	0.4892597695390782	11.25	0.0	291.0	289.98	782.23	-356.12	0	1
PROTOTYPE	001812	04/15/18	19:02:58	0.4892597695390782	0.4892597695390782	11.23	0.0	4.1097820641282565	4.1097820641282565	11.23	-0.0	0.4892597695390782	0.4892597695390782	11.23	0.0	299.0	291.34	865.63	-272.7	0	1
PROTOTYPE	001813	04/15/18	19:03:00	0.4892597695390782	0.4892597695390782	11.25	0.0	4.1097820641282565	4.1097820641282565	11.25	-0.0	0.4892597695390782	0.4892597695390782	11.25	0.0	287.0	290.69	869.73	-276.8	0	1
PROTOTYPE	001814	04/15/18	19:03:01	0.4892597695390782	0.4892597695390782	11.24	0.0	4.1097820641282565	4.1097820641282565	11.24	-0.0	0.4892597695390782	0.4892597695390782	11.24	0.0	289.0	290.43	873.2	-280.28	0	1
PROTOTYPE	001815	04/15/18	19:03:03	0.4892597695390782	0.4892597695390782	11.23	0.0	4.1097820641282565	4.1097820641282565	11.23	-0.0	0.4892597695390782	0.4892597695390782	11.23	0.0	286.0	289.77	561.17	31.76	0	1
PROTOTYPE	001816	04/15/18	19:03:04	0.4892597695390782	0.4892597695390782	11.25	0.0	4.1097820641282565	4.1097820641282565	11.25	-0.0	0.4892597695390782	0.4892597695390782	11.25	0.0	292.0	290.1	451.43	-78.0	0	1
PROTOTYPE	001817	04/15/18	19:03:05	0.4892597695390782	0.4892597695390782	11.25	0.0	4.1097820641282565	4.1097820641282565	11.25	-0.0	0.4892597695390782	0.4892597695390782	11.25	0.0	290.0	290.09	395.25	-21.3	0	1
PROTOTYPE	001818	04/15/18	19:03:07	0.4892597695390782	0.4892597695390782	11.25	0.0	4.1097820641282565	4.1097820641282565	11.25	-0.0	0.4892597695390782	0.4892597695390782	11.25	0.0	283.0	289.02	452.05	-78.11	0	1
PROTOTYPE	001819	04/15/18	19:03:08	0.4892597695390782	0.4892597695390782	11.24	0.0	4.1097820641282565	4.1097820641282565	11.24	-0.0	0.4892597695390782	0.4892597695390782	11.24	0.0	298.0	290.37	568.72	38.61	0	1
PROTOTYPE	001820	04/15/18	19:03:10	0.4892597695390782	0.4892597695390782	11.26	0.0	4.1097820641282565	4.1097820641282565	11.26	-0.0	0.4892597695390782	0.4892597695390782	11.26	0.0	284.0	289.42	529.05	-192.18	0	1
PROTOTYPE	001821	04/15/18	19:03:11	0.4892597695390782	0.4892597695390782	11.26	0.0	4.1097820641282565	4.1097820641282565	11.26	-0.0	0.4892597695390782	0.4892597695390782	11.26	0.0	302.0	291.3	652.76	61.65	0	1
PROTOTYPE	001822	04/15/18	19:03:12	0.4892597695390782	0.4892597695390782	11.26	0.0	4.1097820641282565	4.1097820641282565	11.26	-0.0	0.4892597695390782	0.4892597695390782	11.26	0.0	284.0	290.21	736.98	-22.6	0	1
PROTOTYPE	001823	04/15/18	19:03:14	0.4892597695390782	0.4892597695390782	11.25	0.0	4.1097820641282565	4.1097820641282565	11.25	-0.0	0.4892597695390782	0.4892597695390782	11.25	0.0	286.0	289.58	733.59	-19.21	0	1
PROTOTYPE	001824	04/15/18	19:03:15	0.4892597695390782	0.4892597695390782	11.23	0.0	4.1097820641282565	4.1097820641282565	11.23	-0.0	0.4892597695390782	0.4892597695390782	11.23	0.0	299.0	290.99	841.45	88.67	0	1
PROTOTYPE	001825	04/15/18	19:03:17	0.4892597695390782	0.4892597695390782	11.28	0.0	4.1097820641282565	4.1097820641282565	11.28	-0.0	0.4892597695390782	0.4892597695390782	11.28	0.0	284.0	289.94	944.22	-14.63	0	1
PROTOTYPE	001826	04/15/18	19:03:18	0.4892597695390782	0.4892597695390782	11.29	0.0	4.1097820641282565	4.1097820641282565	11.29	-0.0	0.4892597695390782	0.4892597695390782	11.29	0.0	290.0	289.95	839.54	92.56	0	1
PROTOTYPE	001827	04/15/18	19:03:19	0.4892597695390782	0.4892597695390782	11.3	0.0	4.1097820641282565	4.1097820641282565	11.3	-0.0	0.4892597695390782	0.4892597695390782	11.3	0.0	276.0	287.86	914.16	-251.32	0	1
PROTOTYPE	001828	04/15/18	19:03:21	0.4892597695390782	0.4892597695390782	11.29	0.0	4.1097820641282565	4.1097820641282565	11.29	-0.0	0.4892597695390782	0.4892597695390782	11.29	0.0	285.0	287.43	861.48	-198.62	0	1
PROTOTYPE	001829	04/15/18	19:03:22	0.4892597695390782	0.4892597695390782	11.27	0.0	4.1097820641282565	4.1097820641282565	11.27	-0.0	0.4892597695390782	0.4892597695390782	11.27	0.0	295.0	288.56	786.28	-273.83	0	1
PROTOTYPE	001830	04/15/18	19:03:24	0.4892597695390782	0.4892597695390782	11.28	0.0	4.1097820641282565	4.1097820641282565	11.28	-0.0	0.4892597695390782	0.4892597695390782	11.28	0.0	283.0	287.73	760.2	-247.75	0	1
PROTOTYPE	001831	04/15/18	19:03:25	0.4892597695390782	0.4892597695390782	11.27	0.0	4.1097820641282565	4.1097820641282565	11.27	-0.0	0.4892597695390782	0.4892597695390782	11.27	0.0	291.0	288.22	746.15	-135.59	0	1
PROTOTYPE	001832	04/15/18	19:03:27	0.4892597695390782	0.4892597695390782	11.28	0.0	4.1097820641282565	4.1097820641282565	11.28	-0.0	0.4892597695390782	0.4892597695390782	11.28	0.0	289.0	288.34	616.56	-265.25	0	1
PROTOTYPE	001833	04/15/18	19:03:28	0.4892597695390782	0.4892597695390782	11.23	0.0	4.1097820641282565	4.1097820641282565	11.23	-0.0	0.4892597695390782	0.4892597695390782	11.23	0.0	292.0	288.89	566.66	-105.46	0	1
PROTOTYPE	001834	04/15/18	19:03:29	0.4892597695390782	0.4892597695390782	11.24	0.0	4.1097820641282565	4.1097820641282565	11.24	-0.0	0.4892597695390782	0.4892597695390782	11.24	0.0	288.0	288.75	578.38	-119.64	0	1
PROTOTYPE	001835	04/15/18	19:03:31	0.4892597695390782	0.4892597695390782	11.23	0.0	4.1097820641282565	4.1097820641282565	11.23	-0.0	0.4892597695390782	0.4892597695390782	11.23	0.0	300.0	290.44	537.82	258.3	0	1
PROTOTYPE	001836	04/15/18	19:03:32	0.4892597695390782	0.4892597695390782	11.25	0.0	4.1097820641282565	4.1097820641282565	11.25	-0.0	0.4892597695390782	0.4892597695390782	11.25	0.0	293.0	290.82	533.35	339.56	0	1
PROTOTYPE	001837	04/15/18	19:03:34	0.4892597695390782	0.4892597695390782	11.28	0.0	4.1097820641282565	4.1097820641282565	11.28	-0.0	0.4892597695390782	0.4892597695390782	11.28	0.0	299.0	292.05	542.42	348.62	0	1
PROTOTYPE	001838	04/15/18	19:03:35	0.4892597695390782	0.4892597695390782	11.28	0.0	4.1097820641282565	4.1097820641282565	11.28	-0.0	0.4892597695390782	0.4892597695390782	11.28	0.0	289.0	291.59	504.72	386.33	0	1
PROTOTYPE	001839	04/15/18	19:03:36	0.4892597695390782	0.4892597695390782	11.28	0.0	4.1097820641282565	4.1097820641282565	11.28	-0.0	0.4892597695390782	0.4892597695390782	11.28	0.0	292.0	291.65	461.91	343.38	0	1
PROTOTYPE	001840	04/15/18	19:03:38	0.4892597695390782	0.4892597695390782	11.27	0.0	4.1097820641282565	4.1097820641282565	11.27	-0.0	0.4892597695390782	0.4892597695390782	11.27	0.0	292.0	291.71	455.5	336.87	0	1
PROTOTYPE	001841	04/15/18	19:03:39	0.4892597695390782	0.4892597695390782	11.27	0.0	4.1097820641282565	4.1097820641282565	11.27	-0.0	0.4892597695390782	0.4892597695390782	11.27	0.0	294.0	292.05	434.98	316.34	0	1
PROTOTYPE	001842	04/15/18	19:03:41	0.4892597695390782	0.4892597695390782	11.26	0.0	4.1097820641282565	4.1097820641282565	11.26	-0.0	0.4892597695390782	0.4892597695390782	11.26	0.0	288.0	291.44	482.38	268.89	0	1
PROTOTYPE	001843	04/15/18	19:03:42	0.4892597695390782	0.4892597695390782	11.26	0.0	4.1097820641282565	4.1097820641282565	11.26	-0.0	0.4892597695390782	0.4892597695390782	11.26	0.0	304.0	293.33	502.04	288.56	0	1
PROTOTYPE	001844	04/15/18	19:03:43	0.4892597695390782	0.4892597695390782	11.24	0.0	4.1097820641282565	4.1097820641282565	11.24	-0.0	0.4892597695390782	0.4892597695390782	11.24	0.0	291.0	292.98	498.55	215.27	0	1
PROTOTYPE	001845	04/15/18	19:03:45	0.4892597695390782	0.4892597695390782	11.21	0.0	4.1097820641282565	4.1097820641282565	11.21	-0.0	0.4892597695390782	0.4892597695390782	11.21	0.0	292.0	292.83	390.64	77.98	0	1
PROTOTYPE	001846	04/15/18	19:03:46	0.4892597695390782	0.4892597695390782	11.21	0.0	4.1097820641282565	4.1097820641282565	11.21	-0.0	0.4892597695390782	0.4892597695390782	11.21	0.0	296.0	293.31	392.41	171.29	0	1
PROTOTYPE	001847	04/15/18	19:03:48	0.4892597695390782	0.4892597695390782	11.23	0.0	4.1097820641282565	4.1097820641282565	11.23	-0.0	0.4892597695390782	0.4892597695390782	11.23	0.0	290.0	292.81	435.76	115.59	0	1
PROTOTYPE	001848	04/15/18	19:03:49	0.4892597695390782	0.4892597695390782	11.23	0.0	4.1097820641282565	4.1097820641282565	11.23	-0.0	0.4892597695390782	0.4892597695390782	11.23	0.0	297.0	293.44	493.25	173.25	0	1
PROTOTYPE	001849	04/15/18	19:03:50	0.4892597695390782	0.4892597695390782	11.25	0.0	4.1097820641282565	4.1097820641282565	11.25	-0.0	0.4892597695390782	0.4892597695390782	11.25	0.0	282.0	291.72	630.4	-32.73	0	1
PROTOTYPE	001850	04/15/18	19:03:52	0.4892597695390782	0.4892597695390782	11.24	0.0	4.1097820641282565	4.1097820641282565	11.24	-0.0	0.4892597695390782	0.4892597695390782	11.24	0.0	284.0	290.56	685.49	-87.82	0	1
PROTOTYPE	001851	04/15/18	19:03:53	0.4892597695390782	0.4892597695390782	11.26	0.0	4.1097820641282565	4.1097820641282565	11.26	-0.0	0.4892597695390782	0.4892597695390782	11.26	0.0	300.0	291.98	638.66	-134.65	0	1
PROTOTYPE	001852	04/15/18	19:03:55	0.4892597695390782	0.4892597695390782	11.26	0.0	4.1097820641282565	4.1097820641282565	11.26	-0.0	0.4892597695390782	0.4892597695390782	11.26	0.0	286.0	291.08	693.45	-189.45	0	1
PROTOTYPE	001853	04/15/18	19:03:56	0.4892597695390782	0.4892597695390782	11.26	0.0	4.1097820641282565	4.1097820641282565	11.26	-0.0	0.4892597695390782	0.4892597695390782	11.26	0.0	290.0	290.92	695.02	-191.04	0	1
PROTOTYPE	001854	04/15/18	19:03:57	0.4892597695390782	0.4892597695390782	11.26	0.0	4.1097820641282565	4.1097820641282565	11.26	-0.0	0.4892597695390782	0.4892597695390782	11.26	0.0	290.0	290.78	661.34	-252.38	0	1
PROTOTYPE	001855	04/15/18	19:03:59	0.4892597695390782	0.4892597695390782	11.23	0.0	4.1097820641282565	4.1097820641282565	11.23	-0.0	0.4892597695390782	0.4892597695390782	11.23	0.0	290.0	290.66	623.54	-214.52	0	1
PROTOTYPE	001856	04/15/18	19:04:00	0.4892597695390782	0.4892597695390782	11.22	0.0	4.1097820641282565	4.1097820641282565	11.22	-0.0	0.4892597695390782	0.4892597695390782	11.22	0.0	291.0	290.72	565.9	-272.34	0	1
PROTOTYPE	001857	04/15/18	19:04:02	0.4892597695390782	0.4892597695390782	11.22	0.0	4.1097820641282565	4.1097820641282565	11.22	-0.0	0.4892597695390782	0.4892597695390782	11.22	0.0	285.0	289.86	480.05	-186.49	0	1
PROTOTYPE	001858	04/15/18	19:04:03	0.4892597695390782	0.4892597695390782	11.22	0.0	4.1097820641282565	4.1097820641282565	11.22	-0.0	0.4892597695390782	0.4892597695390782	11.22	0.0	273.0	287.33	617.07	-323.52	0	1
PROTOTYPE	001859	04/15/18	19:04:04	0.4892597695390782	0.4892597695390782	11.18	0.0	4.1097820641282565	4.1097820641282565	11.18	-0.0	0.4892597695390782	0.4892597695390782	11.18	0.0	291.0	287.88	530.61	-409.99	0	1
PROTOTYPE	001860	04/15/18	19:04:06	0.4892597695390782	0.4892597695390782	11.17	0.0	4.1097820641282565	4.1097820641282565	11.17	-0.0	0.4892597695390782	0.4892597695390782	11.17	0.0	288.0	287.9	443.18	-318.49	0	1
PROTOTYPE	001861	04/15/18	19:04:07	0.4892597695390782	0.4892597695390782	11.17	0.0	4.1097820641282565	4.1097820641282565	11.17	-0.0	0.4892597695390782	0.4892597695390782	11.17	0.0	289.0	288.06	443.47	-285.72	0	1
PROTOTYPE	001862	04/15/18	19:04:09	0.4892597695390782	0.4892597695390782	11.17	0.0	4.1097820641282565	4.1097820641282565	11.17	-0.0	0.4892597695390782	0.4892597695390782	11.17	0.0	292.0	288.65	488.66	-212.86	0	1
PROTOTYPE	001863	04/15/18	19:04:10	0.4892597695390782	0.4892597695390782	11.2	0.0	4.1097820641282565	4.1097820641282565	11.2	-0.0	0.4892597695390782	0.4892597695390782	11.2	0.0	282.0	287.66	576.66	-300.93	0	1
PROTOTYPE	001864	04/15/18	19:04:11	0.4892597695390782	0.4892597695390782	11.23	0.0	4.1097820641282565	4.1097820641282565	11.23	-0.0	0.4892597695390782	0.4892597695390782	11.23	0.0	283.0	286.96	641.29	-375.79	0	1
PROTOTYPE	001865	04/15/18	19:04:13	0.4892597695390782	0.4892597695390782	11.2	0.0	4.1097820641282565	4.1097820641282565	11.2	-0.0	0.4892597695390782	0.4892597695390782	11.2	0.0	288.0	287.11	571.25	-274.42	0	1
PROTOTYPE	001866	04/15/18	19:04:14	0.4892597695390782	0.4892597695390782	11.21	0.0	4.1097820641282565	4.1097820641282565	11.21	-0.0	0.4892597695390782	0.4892597695390782	11.21	0.0	290.0	287.55	361.7	21.74	0	1
PROTOTYPE	001867	04/15/18	19:04:16	0.4892597695390782	0.4892597695390782	11.27	0.0	4.1097820641282565	4.1097820641282565	11.27	-0.0	0.4892597695390782	0.4892597695390782	11.27	0.0	296.0	288.81	433.43	93.48	0	1
PROTOTYPE	001868	04/15/18	19:04:17	0.4892597695390782	0.4892597695390782	11.28	0.0	4.1097820641282565	4.1097820641282565	11.28	-0.0	0.4892597695390782	0.4892597695390782	11.28	0.0	302.0	290.79	628.94	289.46	0	1
PROTOTYPE	001869	04/15/18	19:04:19	0.4892597695390782	0.4892597695390782	11.3	0.0	4.1097820641282565	4.1097820641282565	11.3	-0.0	0.4892597695390782	0.4892597695390782	11.3	0.0	281.0	289.32	759.24	126.04	0	1
PROTOTYPE	001870	04/15/18	19:04:20	0.4892597695390782	0.4892597695390782	11.31	0.0	4.1097820641282565	4.1097820641282565	11.31	-0.0	0.4892597695390782	0.4892597695390782	11.31	0.0	286.0	288.83	750.05	17.13	0	1
PROTOTYPE	001871	04/15/18	19:04:21	0.4892597695390782	0.4892597695390782	11.29	0.0	4.1097820641282565	4.1097820641282565	11.29	-0.0	0.4892597695390782	0.4892597695390782	11.29	0.0	292.0	289.3	697.87	164.56	0	1
PROTOTYPE	001872	04/15/18	19:04:23	0.4892597695390782	0.4892597695390782	11.27	0.0	4.1097820641282565	4.1097820641282565	11.27	-0.0	0.4892597695390782	0.4892597695390782	11.27	0.0	283.0	288.36	722.55	139.88	0	1
PROTOTYPE	001873	04/15/18	19:04:24	0.4892597695390782	0.4892597695390782	11.27	0.0	4.1097820641282565	4.1097820641282565	11.27	-0.0	0.4892597695390782	0.4892597695390782	11.27	0.0	299.0	289.95	866.52	283.9	0	1
PROTOTYPE	001874	04/15/18	19:04:26	0.4892597695390782	0.4892597695390782	11.26	0.0	4.1097820641282565	4.1097820641282565	11.26	-0.0	0.4892597695390782	0.4892597695390782	11.26	0.0	291.0	290.11	838.97	256.31	0	1
PROTOTYPE	001875	04/15/18	19:04:27	0.4892597695390782	0.4892597695390782	11.23	0.0	4.1097820641282565	4.1097820641282565	11.23	-0.0	0.4892597695390782	0.4892597695390782	11.23	0.0	292.0	290.39	740.55	157.87	0	1
PROTOTYPE	001876	04/15/18	19:04:28	0.4892597695390782	0.4892597695390782	11.25	0.0	4.1097820641282565	4.1097820641282565	11.25	-0.0	0.4892597695390782	0.4892597695390782	11.25	0.0	294.0	290.93	596.89	14.19	0	1
PROTOTYPE	001877	04/15/18	19:04:30	0.4892597695390782	0.4892597695390782	11.24	0.0	4.1097820641282565	4.1097820641282565	11.24	-0.0	0.4892597695390782	0.4892597695390782	11.24	0.0	284.0	289.89	554.02	57.06	0	1
PROTOTYPE	001878	04/15/18	19:04:31	0.4892597695390782	0.4892597695390782	11.22	0.0	4.1097820641282565	4.1097820641282565	11.22	-0.0	0.4892597695390782	0.4892597695390782	11.22	0.0	288.0	289.61	532.59	78.5	0	1
PROTOTYPE	001879	04/15/18	19:04:33	0.4892597695390782	0.4892597695390782	11.22	0.0	4.1097820641282565	4.1097820641282565	11.22	-0.0	0.4892597695390782	0.4892597695390782	11.22	0.0	288.0	289.37	509.13	6.72	0	1
PROTOTYPE	001880	04/15/18	19:04:34	0.4892597695390782	0.4892597695390782	11.22	0.0	4.1097820641282565	4.1097820641282565	11.22	-0.0	0.4892597695390782	0.4892597695390782	11.22	0.0	296.0	290.36	514.09	200.72	0	1
PROTOTYPE	001881	04/15/18	19:04:35	0.4892597695390782	0.4892597695390782	11.28	0.0	4.1097820641282565	4.1097820641282565	11.28	-0.0	0.4892597695390782	0.4892597695390782	11.28	0.0	288.0	290.01	389.9	5.61	0	1
PROTOTYPE	001882	04/15/18	19:04:37	0.4892597695390782	0.4892597695390782	11.32	0.0	4.207634018036073	4.124459857214429	24.96	15.0	0.4892597695390782	0.4892597695390782	11.32	0.0	294.0	290.61	434.02	49.77	0	1
PROTOTYPE	001883	04/15/18	19:04:38	0.4892597695390782	0.4892597695390782	11.3	0.0	4.1097820641282565	4.122502818136272	26.19	12.75	0.39140781563126253	0.4745819764529058	24.97	-15.0	276.0	288.42	624.74	-197.7	0	1
PROTOTYPE	001884	04/15/18	19:04:40	0.4892597695390782	0.4892597695390782	11.29	0.0	4.1097820641282565	4.120545779058117	27.15	10.84	0.4892597695390782	0.4765390155310621	26.21	-12.75	283.0	287.6	651.88	-333.04	0	1
PROTOTYPE	001885	04/15/18	19:04:41	0.4892597695390782	0.4892597695390782	11.28	0.0	4.1097820641282565	4.11858873997996	27.88	9.21	0.4892597695390782	0.47849605460921835	27.17	-10.84	287.0	287.51	557.02	-238.09	0	1
PROTOTYPE	001886	04/15/18	19:04:42	0.4892597695390782	0.4892597695390782	11.28	0.0	4.1097820641282565	4.1176102204408815	28.45	7.83	0.4892597695390782	0.48045309368737477	27.91	-9.21	286.0	287.29	551.32	-232.37	0	1
PROTOTYPE	001887	04/15/18	19:04:44	0.4892597695390782	0.4892597695390782	11.3	0.0	4.1097820641282565	4.116631700901803	28.89	6.66	0.4892597695390782	0.48143161322645295	28.5	-7.83	298.0	288.89	687.84	-47.52	0	1
PROTOTYPE	001888	04/15/18	19:04:45	0.4892597695390782	0.4892597695390782	11.29	0.0	4.1097820641282565	4.115653181362726	29.2	5.66	0.4892597695390782	0.482410132765531	28.92	-6.66	300.0	290.56	754.96	19.61	0	1
PROTOTYPE	001889	04/15/18	19:04:47	0.4892597695390782	0.4892597695390782	11.26	0.0	4.1097820641282565	4.114674661823647	29.41	4.81	0.4892597695390782	0.48338865230460926	29.2	-5.66	290.0	290.48	727.99	46.67	0	1
PROTOTYPE	001890	04/15/18	19:04:48	0.4892597695390782	0.4892597695390782	11.22	0.0	4.1097820641282565	4.113696142284569	15.91	-10.91	0.4892597695390782	0.48436717184368744	29.4	-4.81	290.0	290.4	675.37	-20.33	0	1
PROTOTYPE	001891	04/15/18	19:04:50	0.4892597695390782	0.4892597695390782	11.24	0.0	4.1097820641282565	4.112717622745491	14.8	-9.28	0.4892597695390782	0.4853456913827655	15.92	10.91	290.0	290.34	462.48	192.72	0	1
PROTOTYPE	001892	04/15/18	19:04:51	0.4892597695390782	0.4892597695390782	11.23	0.0	4.1097820641282565	4.112717622745491	13.92	-7.88	0.4892597695390782	0.4863242109218437	14.79	9.28	298.0	291.49	496.08	388.81	0	1
PROTOTYPE	001893	04/15/18	19:04:52	0.4892597695390782	0.4892597695390782	11.24	0.0	4.1097820641282565	4.112717622745491	13.25	-6.7	0.4892597695390782	0.4863242109218437	13.93	7.88	297.0	292.32	569.55	480.49	0	1
PROTOTYPE	001894	04/15/18	19:04:54	0.4892597695390782	0.4892597695390782	11.26	0.0	4.1097820641282565	4.111739103206413	12.75	-5.7	0.4892597695390782	0.4863242109218437	13.27	6.7	281.0	290.62	716.58	333.42	0	1
PROTOTYPE	001895	04/15/18	19:04:55	0.4892597695390782	0.4892597695390782	11.25	0.0	4.1097820641282565	4.111739103206413	12.35	-4.84	0.4892597695390782	0.48730273046092193	12.74	5.7	292.0	290.83	576.61	193.4	0	1
PROTOTYPE	001896	04/15/18	19:04:57	0.4892597695390782	0.4892597695390782	11.26	0.0	4.1097820641282565	4.111739103206413	12.07	-4.12	0.4892597695390782	0.48730273046092193	12.36	4.84	294.0	291.3	457.62	74.39	0	1
PROTOTYPE	001897	04/15/18	19:04:58	0.4892597695390782	0.4892597695390782	11.26	0.0	4.1097820641282565	4.110760583667334	11.85	-3.5	0.4892597695390782	0.48730273046092193	12.07	4.12	292.0	291.41	459.65	93.23	0	1
PROTOTYPE	001898	04/15/18	19:04:59	0.4892597695390782	0.4892597695390782	11.26	0.0	4.1097820641282565	4.110760583667334	11.69	-2.97	0.4892597695390782	0.48828125	11.85	3.5	286.0	290.6	533.52	19.25	0	1
PROTOTYPE	001899	04/15/18	19:05:01	0.4892597695390782	0.4892597695390782	11.27	0.0	4.1097820641282565	4.110760583667334	11.58	-2.53	0.4892597695390782	0.48828125	11.7	2.97	287.0	290.06	581.26	-28.64	0	1
PROTOTYPE	001900	04/15/18	19:05:02	0.4892597695390782	0.4892597695390782	11.29	0.0	4.1097820641282565	4.110760583667334	11.52	-2.15	0.4892597695390782	0.48828125	11.6	2.53	290.0	290.05	468.06	-144.34	0	1
PROTOTYPE	001901	04/15/18	19:05:04	0.4892597695390782	0.4892597695390782	11.28	0.0	4.1097820641282565	4.110760583667334	11.44	-1.83	0.4892597695390782	0.48828125	11.51	2.15	301.0	291.69	549.71	-62.69	0	1
PROTOTYPE	001902	04/15/18	19:05:05	0.4892597695390782	0.4892597695390782	11.28	0.0	4.1097820641282565	4.110760583667334	11.4	-1.55	0.4892597695390782	0.48828125	11.44	1.83	271.0	288.59	690.3	-203.29	0	1
PROTOTYPE	001903	04/15/18	19:05:06	0.4892597695390782	0.4892597695390782	11.28	0.0	4.1097820641282565	4.1097820641282565	11.37	-1.32	0.4892597695390782	0.48828125	11.4	1.55	278.0	287.0	828.38	-382.79	0	1
PROTOTYPE	001904	04/15/18	19:05:08	0.4892597695390782	0.4892597695390782	11.28	0.0	4.1097820641282565	4.1097820641282565	11.34	-1.12	0.4892597695390782	0.4892597695390782	11.36	1.32	296.0	288.35	915.79	-295.38	0	1
PROTOTYPE	001905	04/15/18	19:05:09	0.4892597695390782	0.4892597695390782	11.26	0.0	4.1097820641282565	4.1097820641282565	11.3	-0.95	0.4892597695390782	0.4892597695390782	11.32	1.12	282.0	287.4	1000.49	-401.07	0	1
PROTOTYPE	001906	04/15/18	19:05:11	0.4892597695390782	0.4892597695390782	11.26	0.0	4.1097820641282565	4.1097820641282565	11.29	-0.81	0.4892597695390782	0.4892597695390782	11.3	0.95	298.0	288.99	1078.42	-160.91	0	1
PROTOTYPE	001907	04/15/18	19:05:12	0.4892597695390782	0.4892597695390782	11.25	0.0	4.1097820641282565	4.1097820641282565	11.27	-0.69	0.4892597695390782	0.4892597695390782	11.28	0.81	290.0	289.14	1039.7	-91.77	0	1
PROTOTYPE	001908	04/15/18	19:05:13	0.4892597695390782	0.4892597695390782	11.24	0.0	4.1097820641282565	4.1097820641282565	11.26	-0.59	0.4892597695390782	0.4892597695390782	11.26	0.69	290.0	289.27	1051.03	-78.01	0	1
PROTOTYPE	001909	04/15/18	19:05:15	0.4892597695390782	0.4892597695390782	11.24	0.0	4.1097820641282565	4.1097820641282565	11.25	-0.5	0.4892597695390782	0.4892597695390782	11.26	0.59	292.0	289.68	927.75	-201.31	0	1
PROTOTYPE	001910	04/15/18	19:05:16	0.4892597695390782	0.4892597695390782	11.23	0.0	4.1097820641282565	4.1097820641282565	11.24	-0.42	0.4892597695390782	0.4892597695390782	11.24	0.5	291.0	289.88	637.25	128.89	0	1
PROTOTYPE	001911	04/15/18	19:05:18	0.4892597695390782	0.4892597695390782	11.22	0.0	4.1097820641282565	4.1097820641282565	11.22	-0.36	0.4892597695390782	0.4892597695390782	11.23	0.42	292.0	290.2	510.31	319.56	0	1
PROTOTYPE	001912	04/15/18	19:05:19	0.4892597695390782	0.4892597695390782	11.23	0.0	4.1097820641282565	4.1097820641282565	11.23	-0.31	0.4892597695390782	0.4892597695390782	11.23	0.36	299.0	291.52	507.38	316.62	0	1
PROTOTYPE	001913	04/15/18	19:05:20	0.4892597695390782	0.4892597695390782	11.25	0.0	4.1097820641282565	4.1097820641282565	11.25	-0.26	0.4892597695390782	0.4892597695390782	11.25	0.31	298.0	292.49	509.4	509.13	0	1
PROTOTYPE	001914	04/15/18	19:05:22	0.4892597695390782	0.4892597695390782	11.28	0.0	4.1097820641282565	4.1097820641282565	11.28	-0.22	0.4892597695390782	0.4892597695390782	11.28	0.26	289.0	291.97	402.7	297.76	0	1
PROTOTYPE	001915	04/15/18	19:05:23	0.4892597695390782	0.4892597695390782	11.26	0.0	4.1097820641282565	4.1097820641282565	11.26	-0.19	0.4892597695390782	0.4892597695390782	11.26	0.22	288.0	291.37	446.94	223.1	0	1
PROTOTYPE	001916	04/15/18	19:05:25	0.4892597695390782	0.4892597695390782	11.25	0.0	4.1097820641282565	4.1097820641282565	11.25	-0.16	0.4892597695390782	0.4892597695390782	11.25	0.19	285.0	290.41	529.52	114.63	0	1
PROTOTYPE	001917	04/15/18	19:05:26	0.4892597695390782	0.4892597695390782	11.29	0.0	4.1097820641282565	4.1097820641282565	11.29	-0.14	0.4892597695390782	0.4892597695390782	11.29	0.16	297.0	291.4	587.31	172.44	0	1
PROTOTYPE	001918	04/15/18	19:05:28	0.4892597695390782	0.4892597695390782	11.29	0.0	4.1097820641282565	4.1097820641282565	11.29	-0.12	0.4892597695390782	0.4892597695390782	11.29	0.14	294.0	291.79	606.42	191.57	0	1
PROTOTYPE	001919	04/15/18	19:05:29	0.4892597695390782	0.4892597695390782	11.32	0.0	4.1097820641282565	4.1097820641282565	11.32	-0.1	0.4892597695390782	0.4892597695390782	11.32	0.12	283.0	290.47	706.43	27.84	0	1
PROTOTYPE	001920	04/15/18	19:05:30	0.4892597695390782	0.4892597695390782	11.31	0.0	4.1097820641282565	4.1097820641282565	11.31	-0.08	0.4892597695390782	0.4892597695390782	11.31	0.1	292.0	290.7	597.29	-81.34	0	1
PROTOTYPE	001921	04/15/18	19:05:32	0.4892597695390782	0.4892597695390782	11.31	0.0	4.1097820641282565	4.1097820641282565	11.31	-0.07	0.4892597695390782	0.4892597695390782	11.31	0.08	289.0	290.45	525.59	-204.14	0	1
PROTOTYPE	001922	04/15/18	19:05:33	0.4892597695390782	0.4892597695390782	11.3	0.0	4.1097820641282565	4.1097820641282565	11.3	-0.06	0.4892597695390782	0.4892597695390782	11.3	0.07	285.0	289.63	554.96	-233.52	0	1
PROTOTYPE	001923	04/15/18	19:05:35	0.4892597695390782	0.4892597695390782	11.31	0.0	4.1097820641282565	4.1097820641282565	11.31	-0.05	0.4892597695390782	0.4892597695390782	11.31	0.06	292.0	289.99	531.04	-138.49	0	1
PROTOTYPE	001924	04/15/18	19:05:36	0.4892597695390782	0.4892597695390782	11.31	0.0	4.1097820641282565	4.1097820641282565	11.31	-0.04	0.4892597695390782	0.4892597695390782	11.31	0.05	291.0	290.14	450.76	-27.72	0	1
PROTOTYPE	001925	04/15/18	19:05:37	0.4892597695390782	0.4892597695390782	11.26	0.0	4.1097820641282565	4.1097820641282565	11.26	-0.04	0.4892597695390782	0.4892597695390782	11.26	0.04	290.0	290.12	354.46	-128.56	0	1
PROTOTYPE	001926	04/15/18	19:05:39	0.4892597695390782	0.4892597695390782	11.25	0.0	4.1097820641282565	4.1097820641282565	11.25	-0.03	0.4892597695390782	0.4892597695390782	11.25	0.04	295.0	290.85	388.73	-94.28	0	1
PROTOTYPE	001927	04/15/18	19:05:40	0.4892597695390782	0.4892597695390782	11.25	0.0	4.1097820641282565	4.1097820641282565	11.25	-0.03	0.4892597695390782	0.4892597695390782	11.25	0.03	300.0	292.22	394.11	174.87	0	1
PROTOTYPE	001928	04/15/18	19:05:42	0.4892597695390782	0.4892597695390782	11.26	0.0	4.1097820641282565	4.1097820641282565	11.26	-0.02	0.4892597695390782	0.4892597695390782	11.26	0.03	290.0	291.89	404.53	118.64	0	1
PROTOTYPE	001929	04/15/18	19:05:43	0.4892597695390782	0.4892597695390782	11.23	0.0	4.1097820641282565	4.1097820641282565	11.23	-0.02	0.4892597695390782	0.4892597695390782	11.23	0.02	300.0	293.11	500.63	265.84	0	1
PROTOTYPE	001930	04/15/18	19:05:44	0.4892597695390782	0.4892597695390782	11.22	0.0	4.1097820641282565	4.1097820641282565	11.22	-0.02	0.4892597695390782	0.4892597695390782	11.22	0.02	280.0	291.14	615.5	150.96	0	1
PROTOTYPE	001931	04/15/18	19:05:46	0.4892597695390782	0.4892597695390782	11.21	0.0	4.1097820641282565	4.1097820641282565	11.21	-0.01	0.4892597695390782	0.4892597695390782	11.21	0.02	290.0	290.97	597.07	98.32	0	1
PROTOTYPE	001932	04/15/18	19:05:47	0.4892597695390782	0.4892597695390782	11.2	0.0	4.1097820641282565	4.1097820641282565	11.2	-0.01	0.4892597695390782	0.4892597695390782	11.2	0.01	278.0	289.02	776.32	-111.43	0	1
PROTOTYPE	001933	04/15/18	19:05:49	0.4892597695390782	0.4892597695390782	11.2	0.0	4.1097820641282565	4.1097820641282565	11.2	-0.01	0.4892597695390782	0.4892597695390782	11.2	0.01	289.0	289.02	775.27	-109.71	0	1
PROTOTYPE	001934	04/15/18	19:05:50	0.4892597695390782	0.4892597695390782	11.2	0.0	4.1097820641282565	4.1097820641282565	11.2	-0.01	0.4892597695390782	0.4892597695390782	11.2	0.01	291.0	289.32	731.74	-153.26	0	1
PROTOTYPE	001935	04/15/18	19:05:51	0.4892597695390782	0.4892597695390782	11.17	0.0	4.1097820641282565	4.1097820641282565	11.17	-0.01	0.4892597695390782	0.4892597695390782	11.17	0.01	288.0	289.12	614.28	-310.27	0	1
PROTOTYPE	001936	04/15/18	19:05:53	0.4892597695390782	0.4892597695390782	11.16	0.0	4.1097820641282565	4.1097820641282565	11.16	-0.01	0.4892597695390782	0.4892597695390782	11.16	0.01	294.0	289.85	654.14	-203.73	0	1
PROTOTYPE	001937	04/15/18	19:05:54	0.4892597695390782	0.4892597695390782	11.19	0.0	4.1097820641282565	4.1097820641282565	11.19	-0.01	0.4892597695390782	0.4892597695390782	11.19	0.01	296.0	290.77	624.71	-233.17	0	1
PROTOTYPE	001938	04/15/18	19:05:56	0.4892597695390782	0.4892597695390782	11.19	0.0	4.1097820641282565	4.1097820641282565	11.19	-0.0	0.4892597695390782	0.4892597695390782	11.19	0.01	294.0	291.26	476.53	11.81	0	1
PROTOTYPE	001939	04/15/18	19:05:57	0.4892597695390782	0.4892597695390782	11.2	0.0	4.1097820641282565	4.1097820641282565	11.2	-0.0	0.4892597695390782	0.4892597695390782	11.2	0.0	292.0	291.37	470.61	40.04	0	1
PROTOTYPE	001940	04/15/18	19:05:58	0.4892597695390782	0.4892597695390782	11.22	0.0	4.1097820641282565	4.1097820641282565	11.22	-0.0	0.4892597695390782	0.4892597695390782	11.22	0.0	292.0	291.46	285.64	244.03	0	1
PROTOTYPE	001941	04/15/18	19:06:00	0.4892597695390782	0.4892597695390782	11.25	0.0	4.1097820641282565	4.1097820641282565	11.25	-0.0	0.4892597695390782	0.4892597695390782	11.25	0.0	293.0	291.69	307.3	267.43	0	1
PROTOTYPE	001942	04/15/18	19:06:01	0.4892597695390782	0.4892597695390782	11.27	0.0	4.1097820641282565	4.1097820641282565	11.27	-0.0	0.4892597695390782	0.4892597695390782	11.27	0.0	283.0	290.39	407.98	107.31	0	1
PROTOTYPE	001943	04/15/18	19:06:03	0.4892597695390782	0.4892597695390782	11.27	0.0	4.1097820641282565	4.1097820641282565	11.27	-0.0	0.4892597695390782	0.4892597695390782	11.27	0.0	299.0	291.68	517.33	256.22	0	1
PROTOTYPE	001944	04/15/18	19:06:04	0.4892597695390782	0.4892597695390782	11.27	0.0	4.1097820641282565	4.1097820641282565	11.27	-0.0	0.4892597695390782	0.4892597695390782	11.27	0.0	288.0	291.13	499.35	127.78	0	1
PROTOTYPE	001945	04/15/18	19:06:06	0.4892597695390782	0.4892597695390782	11.27	0.0	4.1097820641282565	4.1097820641282565	11.27	-0.0	0.4892597695390782	0.4892597695390782	11.27	0.0	297.0	292.01	495.18	123.62	0	1
PROTOTYPE	001946	04/15/18	19:06:07	0.4892597695390782	0.4892597695390782	11.26	0.0	4.1097820641282565	4.1097820641282565	11.26	-0.0	0.4892597695390782	0.4892597695390782	11.26	0.0	293.0	292.16	461.69	90.07	0	1
PROTOTYPE	001947	04/15/18	19:06:08	0.4892597695390782	0.4892597695390782	11.3	0.0	4.1097820641282565	4.1097820641282565	11.3	-0.0	0.4892597695390782	0.4892597695390782	11.3	0.0	277.0	289.88	677.85	-148.44	0	1
PROTOTYPE	001948	04/15/18	19:06:10	0.4892597695390782	0.4892597695390782	11.31	0.0	4.1097820641282565	4.1097820641282565	11.31	-0.0	0.4892597695390782	0.4892597695390782	11.31	0.0	291.0	290.05	685.07	-141.17	0	1
PROTOTYPE	001949	04/15/18	19:06:11	0.4892597695390782	0.4892597695390782	11.31	0.0	4.1097820641282565	4.1097820641282565	11.31	-0.0	0.4892597695390782	0.4892597695390782	11.31	0.0	287.0	289.59	707.78	-210.0	0	1
PROTOTYPE	001950	04/15/18	19:06:13	0.4892597695390782	0.4892597695390782	11.3	0.0	4.1097820641282565	4.1097820641282565	11.3	-0.0	0.4892597695390782	0.4892597695390782	11.3	0.0	290.0	289.66	583.61	-73.5	0	1
PROTOTYPE	001951	04/15/18	19:06:14	0.4892597695390782	0.4892597695390782	11.32	0.0	4.1097820641282565	4.1097820641282565	11.32	-0.0	0.4892597695390782	0.4892597695390782	11.32	0.0	297.0	290.76	564.63	-92.47	0	1
PROTOTYPE	001952	04/15/18	19:06:15	0.4892597695390782	0.4892597695390782	11.31	0.0	4.1097820641282565	4.1097820641282565	11.31	-0.0	0.4892597695390782	0.4892597695390782	11.31	0.0	290.0	290.64	520.83	-48.6	0	1
PROTOTYPE	001953	04/15/18	19:06:17	0.4892597695390782	0.4892597695390782	11.29	0.0	4.1097820641282565	4.1097820641282565	11.29	-0.0	0.4892597695390782	0.4892597695390782	11.29	0.0	290.0	290.55	442.51	-146.31	0	1
PROTOTYPE	001954	04/15/18	19:06:18	0.4892597695390782	0.4892597695390782	11.29	0.0	4.1097820641282565	4.1097820641282565	11.29	-0.0	0.4892597695390782	0.4892597695390782	11.29	0.0	302.0	292.26	599.39	10.64	0	1
PROTOTYPE	001955	04/15/18	19:06:20	0.4892597695390782	0.4892597695390782	11.26	0.0	4.1097820641282565	4.1097820641282565	11.26	-0.0	0.4892597695390782	0.4892597695390782	11.26	0.0	287.0	291.48	451.0	159.04	0	1
PROTOTYPE	001956	04/15/18	19:06:21	0.4892597695390782	0.4892597695390782	11.26	0.0	4.1097820641282565	4.1097820641282565	11.26	-0.0	0.4892597695390782	0.4892597695390782	11.26	0.0	295.0	292.0	487.1	195.18	0	1
PROTOTYPE	001957	04/15/18	19:06:22	0.4892597695390782	0.4892597695390782	11.26	0.0	4.1097820641282565	4.1097820641282565	11.26	-0.0	0.4892597695390782	0.4892597695390782	11.26	0.0	299.0	293.05	546.25	345.91	0	1
PROTOTYPE	001958	04/15/18	19:06:24	0.4892597695390782	0.4892597695390782	11.25	0.0	4.1097820641282565	4.1097820641282565	11.25	-0.0	0.4892597695390782	0.4892597695390782	11.25	0.0	303.0	294.55	689.21	489.02	0	1
PROTOTYPE	001959	04/15/18	19:06:25	0.4892597695390782	0.4892597695390782	11.23	0.0	4.1097820641282565	4.1097820641282565	11.23	-0.0	0.4892597695390782	0.4892597695390782	11.23	0.0	288.0	293.56	677.22	280.67	0	1
PROTOTYPE	001960	04/15/18	19:06:27	0.4892597695390782	0.4892597695390782	11.23	0.0	4.1097820641282565	4.1097820641282565	11.23	-0.0	0.4892597695390782	0.4892597695390782	11.23	0.0	296.0	293.93	702.36	328.57	0	1
PROTOTYPE	001961	04/15/18	19:06:28	0.4892597695390782	0.4892597695390782	11.22	0.0	4.1097820641282565	4.1097820641282565	11.22	-0.0	0.4892597695390782	0.4892597695390782	11.22	0.0	288.0	293.04	781.55	249.28	0	1
PROTOTYPE	001962	04/15/18	19:06:29	0.4892597695390782	0.4892597695390782	11.22	0.0	4.1097820641282565	4.1097820641282565	11.22	-0.0	0.4892597695390782	0.4892597695390782	11.22	0.0	283.0	291.53	760.35	-73.11	0	1
PROTOTYPE	001963	04/15/18	19:06:31	0.4892597695390782	0.4892597695390782	11.23	0.0	4.1097820641282565	4.1097820641282565	11.23	-0.0	0.4892597695390782	0.4892597695390782	11.23	0.0	270.0	288.3	1004.37	-317.14	0	1
PROTOTYPE	001964	04/15/18	19:06:32	0.4892597695390782	0.4892597695390782	11.21	0.0	4.1097820641282565	4.1097820641282565	11.21	-0.0	0.4892597695390782	0.4892597695390782	11.21	0.0	287.0	288.11	971.08	-389.57	0	1
PROTOTYPE	001965	04/15/18	19:06:34	0.4892597695390782	0.4892597695390782	11.2	0.0	4.1097820641282565	4.1097820641282565	11.2	-0.0	0.4892597695390782	0.4892597695390782	11.2	0.0	290.0	288.39	894.54	-466.14	0	1
PROTOTYPE	001966	04/15/18	19:06:35	0.4892597695390782	0.4892597695390782	11.21	0.0	4.1097820641282565	4.1097820641282565	11.21	-0.0	0.4892597695390782	0.4892597695390782	11.21	0.0	281.0	287.28	856.22	-726.22	0	1
