Dev_id	Index	Date	Time	Sensor1	Sensor1_Filter	Sensor1_LL	Sensor1_Diff	Sensor2	Sensor2_Filter	Sensor2_LL	Sensor2_Diff	Sensor3	Sensor3_Filter	Sensor3_LL	Sensor3_Diff	Sensor4	Sensor4_Filter	Sensor4_LL	Sensor4_Diff	Heater_Status	FSM_Status
PROTOTYPE	002567	04/15/18	19:20:39	0.4892597695390782	0.4892597695390782	11.22	0.0	5.38185746492986	5.3828359844689375	11.34	-1.54	0.4892597695390782	0.4892597695390782	11.22	0.0	295.0	292.34	350.49	85.37	0	1
PROTOTYPE	002568	04/15/18	19:20:40	0.4892597695390782	0.4892597695390782	11.24	0.0	5.38185746492986	5.38185746492986	11.32	-1.31	0.4892597695390782	0.4892597695390782	11.24	0.0	287.0	291.54	348.3	87.56	0	1
PROTOTYPE	002569	04/15/18	19:20:41	0.4892597695390782	0.4892597695390782	11.25	0.0	5.38185746492986	5.38185746492986	11.31	-1.11	0.4892597695390782	0.4892597695390782	11.25	0.0	294.0	291.91	320.17	59.43	0	1
PROTOTYPE	002570	04/15/18	19:20:43	0.4892597695390782	0.4892597695390782	11.26	0.0	5.38185746492986	5.38185746492986	11.3	-0.95	0.4892597695390782	0.4892597695390782	11.26	0.0	286.0	291.02	374.07	5.52	0	1
PROTOTYPE	002571	04/15/18	19:20:44	0.4892597695390782	0.4892597695390782	11.26	0.0	5.38185746492986	5.38185746492986	11.29	-0.8	0.4892597695390782	0.4892597695390782	11.26	0.0	282.0	289.67	493.87	-145.31	0	1
PROTOTYPE	002572	04/15/18	19:20:46	0.4892597695390782	0.4892597695390782	11.26	0.0	5.38185746492986	5.38185746492986	11.28	-0.68	0.4892597695390782	0.4892597695390782	11.26	0.0	285.0	288.97	490.74	-288.52	0	1
PROTOTYPE	002573	04/15/18	19:20:47	0.4892597695390782	0.4892597695390782	11.25	0.0	5.38185746492986	5.38185746492986	11.27	-0.58	0.4892597695390782	0.4892597695390782	11.25	0.0	299.0	290.47	623.97	-155.24	0	1
PROTOTYPE	002574	04/15/18	19:20:48	0.4892597695390782	0.4892597695390782	11.25	0.0	5.38185746492986	5.38185746492986	11.26	-0.49	0.4892597695390782	0.4892597695390782	11.25	0.0	284.0	289.5	705.63	-236.95	0	1
PROTOTYPE	002575	04/15/18	19:20:50	0.4892597695390782	0.4892597695390782	11.31	0.0	5.38185746492986	5.38185746492986	11.32	-0.42	0.4892597695390782	0.4892597695390782	11.31	0.0	297.0	290.63	771.16	-171.41	0	1
PROTOTYPE	002576	04/15/18	19:20:51	0.4892597695390782	0.4892597695390782	11.3	0.0	5.479709418837675	5.396535258016032	24.94	14.64	0.4892597695390782	0.4892597695390782	11.3	0.0	284.0	289.63	790.45	-190.7	0	1
PROTOTYPE	002577	04/15/18	19:20:53	0.4892597695390782	0.4892597695390782	11.28	0.0	5.38185746492986	5.394578218937876	26.19	12.45	0.4892597695390782	0.4892597695390782	11.28	0.0	298.0	290.89	879.03	-102.09	0	1
PROTOTYPE	002578	04/15/18	19:20:54	0.4892597695390782	0.4892597695390782	11.28	0.0	5.479709418837675	5.407298972945892	37.93	25.58	0.4892597695390782	0.4892597695390782	11.28	0.0	278.0	288.95	983.71	-206.78	0	1
PROTOTYPE	002579	04/15/18	19:20:56	0.4892597695390782	0.4892597695390782	11.26	0.0	5.38185746492986	5.403384894789579	40.64	21.74	0.4892597695390782	0.4892597695390782	11.26	0.0	280.0	287.61	982.7	-205.76	0	1
PROTOTYPE	002580	04/15/18	19:20:57	0.4892597695390782	0.4892597695390782	11.27	0.0	5.38185746492986	5.400449336172344	42.83	18.48	0.4892597695390782	0.4892597695390782	11.27	0.0	294.0	288.57	1008.48	-39.9	0	1
PROTOTYPE	002581	04/15/18	19:20:58	0.4892597695390782	0.4892597695390782	11.3	0.0	5.38185746492986	5.39751377755511	44.59	15.71	0.4892597695390782	0.4892597695390782	11.3	0.0	291.0	288.93	894.49	-153.91	0	1
PROTOTYPE	002582	04/15/18	19:21:00	0.4892597695390782	0.4892597695390782	11.32	0.0	5.479709418837675	5.410234531563127	55.89	28.35	0.4892597695390782	0.4892597695390782	11.32	0.0	291.0	289.24	828.39	-25.83	0	1
PROTOTYPE	002583	04/15/18	19:21:01	0.4892597695390782	0.4892597695390782	11.25	0.0	5.38185746492986	5.405341933867736	58.92	24.1	0.4892597695390782	0.4892597695390782	11.25	0.0	295.0	290.11	802.26	-51.95	0	1
PROTOTYPE	002584	04/15/18	19:21:03	0.4892597695390782	0.4892597695390782	11.27	0.0	5.38185746492986	5.402406375250501	47.79	5.48	0.4892597695390782	0.4892597695390782	11.27	0.0	281.0	288.74	839.47	-89.16	0	1
PROTOTYPE	002585	04/15/18	19:21:04	0.4892597695390782	0.4892597695390782	11.28	0.0	5.479709418837675	5.414148609719439	57.11	19.66	0.4892597695390782	0.4892597695390782	11.28	0.0	296.0	289.83	822.84	-105.79	0	1
PROTOTYPE	002586	04/15/18	19:21:05	0.4892597695390782	0.4892597695390782	11.27	0.0	5.479709418837675	5.42393380511022	54.19	16.71	0.4892597695390782	0.4892597695390782	11.27	0.0	297.0	290.91	737.07	195.08	0	1
PROTOTYPE	002587	04/15/18	19:21:07	0.4892597695390782	0.4892597695390782	11.28	0.0	5.479709418837675	5.431761961422846	58.77	29.21	0.4892597695390782	0.4892597695390782	11.28	0.0	296.0	291.67	679.17	405.82	0	1
PROTOTYPE	002588	04/15/18	19:21:08	0.4892597695390782	0.4892597695390782	11.27	0.0	5.479709418837675	5.439590117735471	62.62	39.82	0.4892597695390782	0.4892597695390782	11.27	0.0	303.0	293.37	753.29	479.95	0	1
PROTOTYPE	002589	04/15/18	19:21:10	0.4892597695390782	0.4892597695390782	11.25	0.0	5.479709418837675	5.445461234969939	65.84	48.85	0.4892597695390782	0.4892597695390782	11.25	0.0	287.0	292.41	812.36	347.95	0	1
PROTOTYPE	002590	04/15/18	19:21:11	0.4892597695390782	0.4892597695390782	11.26	0.0	5.479709418837675	5.450353832665331	58.62	41.52	0.4892597695390782	0.4892597695390782	11.26	0.0	299.0	293.4	880.15	415.76	0	1
PROTOTYPE	002591	04/15/18	19:21:12	0.4892597695390782	0.4892597695390782	11.26	0.0	5.479709418837675	5.455246430360722	58.82	50.3	0.4892597695390782	0.4892597695390782	11.26	0.0	290.0	292.89	844.85	278.4	0	1
PROTOTYPE	002592	04/15/18	19:21:14	0.4892597695390782	0.4892597695390782	11.27	0.0	5.479709418837675	5.458181988977956	58.99	57.75	0.4892597695390782	0.4892597695390782	11.27	0.0	290.0	292.46	751.62	371.64	0	1
PROTOTYPE	002593	04/15/18	19:21:15	0.4892597695390782	0.4892597695390782	11.26	0.0	5.479709418837675	5.462096067134269	50.53	49.09	0.4892597695390782	0.4892597695390782	11.26	0.0	294.0	292.69	665.91	285.89	0	1
PROTOTYPE	002594	04/15/18	19:21:17	0.4892597695390782	0.4892597695390782	11.27	0.0	5.479709418837675	5.464053106212425	43.42	41.72	0.4892597695390782	0.4892597695390782	11.27	0.0	296.0	293.19	608.04	228.01	0	1
PROTOTYPE	002595	04/15/18	19:21:18	0.4892597695390782	0.4892597695390782	11.26	0.0	5.479709418837675	5.4669886648296595	37.43	35.47	0.4892597695390782	0.4892597695390782	11.26	0.0	296.0	293.61	573.85	193.81	0	1
PROTOTYPE	002596	04/15/18	19:21:20	0.4892597695390782	0.4892597695390782	11.27	0.0	5.479709418837675	5.468945703907815	32.42	30.15	0.4892597695390782	0.4892597695390782	11.27	0.0	291.0	293.22	443.03	-15.26	0	1
PROTOTYPE	002597	04/15/18	19:21:21	0.4892597695390782	0.4892597695390782	11.28	0.0	5.479709418837675	5.469924223446894	28.26	25.62	0.4892597695390782	0.4892597695390782	11.28	0.0	298.0	293.93	419.25	152.03	0	1
PROTOTYPE	002598	04/15/18	19:21:22	0.4892597695390782	0.4892597695390782	11.25	0.0	5.479709418837675	5.47188126252505	24.79	21.78	0.4892597695390782	0.4892597695390782	11.25	0.0	290.0	293.34	379.47	-5.78	0	1
PROTOTYPE	002599	04/15/18	19:21:24	0.4892597695390782	0.4892597695390782	11.27	0.0	5.479709418837675	5.472859782064128	21.96	18.51	0.4892597695390782	0.4892597695390782	11.27	0.0	278.0	291.04	558.59	-184.91	0	1
PROTOTYPE	002600	04/15/18	19:21:25	0.4892597695390782	0.4892597695390782	11.23	0.0	5.479709418837675	5.473838301603206	19.62	15.74	0.4892597695390782	0.4892597695390782	11.23	0.0	290.0	290.89	530.89	-157.17	0	1
PROTOTYPE	002601	04/15/18	19:21:27	0.4892597695390782	0.4892597695390782	11.25	0.0	5.577561372745492	5.489494614228457	32.04	28.38	0.4892597695390782	0.4892597695390782	11.25	0.0	291.0	290.9	509.94	-178.6	0	1
PROTOTYPE	002602	04/15/18	19:21:28	0.4892597695390782	0.4892597695390782	11.26	0.0	5.577561372745492	5.502215368236472	42.51	39.12	0.4892597695390782	0.4892597695390782	11.26	0.0	299.0	292.12	581.71	-106.81	0	1
PROTOTYPE	002603	04/15/18	19:21:29	0.4892597695390782	0.4892597695390782	11.28	0.0	5.577561372745492	5.5139576027054105	51.35	48.25	0.4892597695390782	0.4892597695390782	11.28	0.0	288.0	291.5	601.26	-210.79	0	1
PROTOTYPE	002604	04/15/18	19:21:31	0.4892597695390782	0.4892597695390782	11.27	0.0	5.479709418837675	5.5090650050100205	54.33	41.01	0.4892597695390782	0.4892597695390782	11.27	0.0	289.0	291.13	599.64	-209.17	0	1
PROTOTYPE	002605	04/15/18	19:21:32	0.4892597695390782	0.4892597695390782	11.27	0.0	5.479709418837675	5.50417240731463	56.81	34.86	0.4892597695390782	0.4892597695390782	11.27	0.0	295.0	291.71	586.02	-222.79	0	1
PROTOTYPE	002606	04/15/18	19:21:34	0.4892597695390782	0.4892597695390782	11.3	0.0	5.479709418837675	5.500258329158317	58.85	29.63	0.4892597695390782	0.4892597695390782	11.3	0.0	299.0	292.8	636.41	-54.37	0	1
PROTOTYPE	002607	04/15/18	19:21:35	0.4892597695390782	0.4892597695390782	11.3	0.0	5.577561372745492	5.512000563627255	68.84	40.19	0.4892597695390782	0.4892597695390782	11.3	0.0	284.0	291.48	538.25	43.78	0	1
PROTOTYPE	002608	04/15/18	19:21:36	0.4892597695390782	0.4892597695390782	11.31	0.0	5.577561372745492	5.521785759018036	77.21	49.16	0.4892597695390782	0.4892597695390782	11.31	0.0	300.0	292.76	650.36	187.21	0	1
PROTOTYPE	002609	04/15/18	19:21:38	0.4892597695390782	0.4892597695390782	11.29	0.0	5.577561372745492	5.53059243486974	69.89	41.79	0.4892597695390782	0.4892597695390782	11.29	0.0	298.0	293.54	726.78	264.13	0	1
PROTOTYPE	002610	04/15/18	19:21:39	0.4892597695390782	0.4892597695390782	11.27	0.0	5.577561372745492	5.537442071643287	63.68	35.52	0.4892597695390782	0.4892597695390782	11.27	0.0	286.0	292.41	718.5	29.51	0	1
PROTOTYPE	002611	04/15/18	19:21:41	0.4892597695390782	0.4892597695390782	11.24	0.0	5.577561372745492	5.543313188877756	58.42	30.19	0.4892597695390782	0.4892597695390782	11.24	0.0	287.0	291.6	737.92	10.09	0	1
PROTOTYPE	002612	04/15/18	19:21:42	0.4892597695390782	0.4892597695390782	11.25	0.0	5.577561372745492	5.5482057865731464	58.41	40.66	0.4892597695390782	0.4892597695390782	11.25	0.0	292.0	291.66	706.54	53.57	0	1
PROTOTYPE	002613	04/15/18	19:21:43	0.4892597695390782	0.4892597695390782	11.24	0.0	5.577561372745492	5.553098384268536	58.39	49.56	0.4892597695390782	0.4892597695390782	11.24	0.0	290.0	291.41	673.35	-29.46	0	1
PROTOTYPE	002614	04/15/18	19:21:45	0.4892597695390782	0.4892597695390782	11.23	0.0	5.479709418837675	5.542334669338677	65.65	42.13	0.4892597695390782	0.4892597695390782	11.23	0.0	286.0	290.6	645.12	-220.04	0	1
PROTOTYPE	002615	04/15/18	19:21:46	0.4892597695390782	0.4892597695390782	11.21	0.0	5.479709418837675	5.5325494739478955	63.43	20.81	0.4892597695390782	0.4892597695390782	11.21	0.0	293.0	290.96	549.14	-52.04	0	1
PROTOTYPE	002616	04/15/18	19:21:48	0.4892597695390782	0.4892597695390782	11.2	0.0	5.479709418837675	5.5247213176352705	61.55	2.69	0.4892597695390782	0.4892597695390782	11.2	0.0	289.0	290.67	450.77	-209.23	0	1
PROTOTYPE	002617	04/15/18	19:21:49	0.4892597695390782	0.4892597695390782	11.23	0.0	5.479709418837675	5.517871680861724	59.96	-12.72	0.4892597695390782	0.4892597695390782	11.23	0.0	285.0	289.82	457.13	-372.85	0	1
PROTOTYPE	002618	04/15/18	19:21:51	0.4892597695390782	0.4892597695390782	11.24	0.0	5.577561372745492	5.526678356713427	61.85	-10.81	0.4892597695390782	0.4892597695390782	11.24	0.0	287.0	289.39	386.22	-301.92	0	1
PROTOTYPE	002619	04/15/18	19:21:52	0.4892597695390782	0.4892597695390782	11.27	0.0	5.577561372745492	5.534506513026052	63.44	-9.19	0.4892597695390782	0.4892597695390782	11.27	0.0	279.0	287.83	460.92	-376.63	0	1
PROTOTYPE	002620	04/15/18	19:21:53	0.4892597695390782	0.4892597695390782	11.26	0.0	5.577561372745492	5.541356149799599	64.78	-7.81	0.4892597695390782	0.4892597695390782	11.26	0.0	281.0	286.81	557.3	-485.14	0	1
PROTOTYPE	002621	04/15/18	19:21:55	0.4892597695390782	0.4892597695390782	11.27	0.0	5.675413326653306	5.560926540581162	80.78	8.36	0.4892597695390782	0.4892597695390782	11.27	0.0	289.0	287.14	565.24	-427.37	0	1
PROTOTYPE	002622	04/15/18	19:21:56	0.4892597695390782	0.4892597695390782	11.27	0.0	5.675413326653306	5.578539892284569	87.05	37.11	0.4892597695390782	0.4892597695390782	11.27	0.0	295.0	288.32	601.99	-228.26	0	1
PROTOTYPE	002623	04/15/18	19:21:58	0.4892597695390782	0.4892597695390782	11.28	0.0	5.577561372745492	5.578539892284569	78.82	46.54	0.4892597695390782	0.4892597695390782	11.28	0.0	286.0	287.97	600.75	-299.02	0	1
PROTOTYPE	002624	04/15/18	19:21:59	0.4892597695390782	0.4892597695390782	11.28	0.0	5.577561372745492	5.578539892284569	71.99	54.56	0.4892597695390782	0.4892597695390782	11.28	0.0	297.0	289.32	706.78	-134.17	0	1
PROTOTYPE	002625	04/15/18	19:22:00	0.4892597695390782	0.4892597695390782	11.25	0.0	5.577561372745492	5.577561372745492	66.34	61.38	0.4892597695390782	0.4892597695390782	11.25	0.0	289.0	289.28	626.84	-54.04	0	1
PROTOTYPE	002626	04/15/18	19:22:02	0.4892597695390782	0.4892597695390782	11.24	0.0	5.675413326653306	5.592239165831663	72.09	67.17	0.4892597695390782	0.4892597695390782	11.24	0.0	283.0	288.33	678.72	-105.94	0	1
PROTOTYPE	002627	04/15/18	19:22:03	0.4892597695390782	0.4892597695390782	11.24	0.0	5.675413326653306	5.60495991983968	76.97	72.09	0.4892597695390782	0.4892597695390782	11.24	0.0	286.0	287.98	557.85	14.95	0	1
PROTOTYPE	002628	04/15/18	19:22:05	0.4892597695390782	0.4892597695390782	11.23	0.0	5.675413326653306	5.615723634769539	81.1	76.28	0.4892597695390782	0.4892597695390782	11.23	0.0	305.0	290.54	710.57	372.71	0	1
PROTOTYPE	002629	04/15/18	19:22:06	0.4892597695390782	0.4892597695390782	11.22	0.0	5.577561372745492	5.60985251753507	66.43	49.84	0.4892597695390782	0.4892597695390782	11.22	0.0	291.0	290.61	684.77	346.8	0	1
PROTOTYPE	002630	04/15/18	19:22:07	0.4892597695390782	0.4892597695390782	11.2	0.0	5.675413326653306	5.619637712925852	58.99	42.36	0.4892597695390782	0.4892597695390782	11.2	0.0	294.0	291.12	617.76	279.78	0	1
PROTOTYPE	002631	04/15/18	19:22:09	0.4892597695390782	0.4892597695390782	11.18	0.0	5.675413326653306	5.628444388777556	66.23	51.01	0.4892597695390782	0.4892597695390782	11.18	0.0	282.0	289.75	719.7	177.82	0	1
PROTOTYPE	002632	04/15/18	19:22:10	0.4892597695390782	0.4892597695390782	11.18	0.0	5.675413326653306	5.635294025551103	72.22	58.36	0.4892597695390782	0.4892597695390782	11.18	0.0	279.0	288.14	745.47	-118.86	0	1
PROTOTYPE	002633	04/15/18	19:22:12	0.4892597695390782	0.4892597695390782	11.18	0.0	5.675413326653306	5.641165142785571	77.16	64.6	0.4892597695390782	0.4892597695390782	11.18	0.0	295.0	289.17	843.38	-11.03	0	1
PROTOTYPE	002634	04/15/18	19:22:13	0.4892597695390782	0.4892597695390782	11.2	0.0	5.675413326653306	5.646057740480962	67.59	54.91	0.4892597695390782	0.4892597695390782	11.2	0.0	299.0	290.64	896.76	230.63	0	1
PROTOTYPE	002635	04/15/18	19:22:14	0.4892597695390782	0.4892597695390782	11.18	0.0	5.675413326653306	5.650950338176353	59.49	46.68	0.4892597695390782	0.4892597695390782	11.18	0.0	290.0	290.54	871.43	256.03	0	1
PROTOTYPE	002636	04/15/18	19:22:16	0.4892597695390782	0.4892597695390782	11.18	0.0	5.675413326653306	5.654864416332665	52.64	39.67	0.4892597695390782	0.4892597695390782	11.18	0.0	283.0	289.41	729.36	-112.37	0	1
PROTOTYPE	002637	04/15/18	19:22:17	0.4892597695390782	0.4892597695390782	11.19	0.0	5.675413326653306	5.657799974949899	50.17	48.72	0.4892597695390782	0.4892597695390782	11.19	0.0	299.0	290.85	866.09	24.48	0	1
PROTOTYPE	002638	04/15/18	19:22:19	0.4892597695390782	0.4892597695390782	11.2	0.0	5.675413326653306	5.659757014028057	43.1	41.41	0.4892597695390782	0.4892597695390782	11.2	0.0	289.0	290.57	842.96	-54.19	0	1
PROTOTYPE	002639	04/15/18	19:22:20	0.4892597695390782	0.4892597695390782	11.22	0.0	5.675413326653306	5.66269257264529	37.17	35.2	0.4892597695390782	0.4892597695390782	11.22	0.0	288.0	290.19	744.85	43.94	0	1
PROTOTYPE	002640	04/15/18	19:22:21	0.4892597695390782	0.4892597695390782	11.25	0.0	5.675413326653306	5.664649611723447	32.21	29.92	0.4892597695390782	0.4892597695390782	11.25	0.0	296.0	291.06	670.83	292.35	0	1
PROTOTYPE	002641	04/15/18	19:22:23	0.4892597695390782	0.4892597695390782	11.26	0.0	5.675413326653306	5.665628131262525	28.08	25.43	0.4892597695390782	0.4892597695390782	11.26	0.0	299.0	292.25	686.97	308.5	0	1
PROTOTYPE	002642	04/15/18	19:22:24	0.4892597695390782	0.4892597695390782	11.23	0.0	5.675413326653306	5.667585170340682	24.64	21.62	0.4892597695390782	0.4892597695390782	11.23	0.0	290.0	291.91	573.23	127.22	0	1
PROTOTYPE	002643	04/15/18	19:22:26	0.4892597695390782	0.4892597695390782	11.22	0.0	5.675413326653306	5.668563689879759	21.81	18.38	0.4892597695390782	0.4892597695390782	11.22	0.0	294.0	292.23	594.86	168.14	0	1
PROTOTYPE	002644	04/15/18	19:22:27	0.4892597695390782	0.4892597695390782	11.22	0.0	5.675413326653306	5.669542209418837	19.51	15.62	0.4892597695390782	0.4892597695390782	11.22	0.0	289.0	291.74	530.09	232.92	0	1
PROTOTYPE	002645	04/15/18	19:22:28	0.4892597695390782	0.4892597695390782	11.2	0.0	5.675413326653306	5.670520728957916	17.64	13.28	0.4892597695390782	0.4892597695390782	11.2	0.0	292.0	291.78	390.39	92.98	0	1
PROTOTYPE	002646	04/15/18	19:22:30	0.4892597695390782	0.4892597695390782	11.18	0.0	5.675413326653306	5.671499248496994	16.13	11.29	0.4892597695390782	0.4892597695390782	11.18	0.0	294.0	292.11	395.91	154.03	0	1
PROTOTYPE	002647	04/15/18	19:22:31	0.4892597695390782	0.4892597695390782	11.18	0.0	5.675413326653306	5.671499248496994	14.96	9.59	0.4892597695390782	0.4892597695390782	11.18	0.0	289.0	291.65	404.01	145.93	0	1
PROTOTYPE	002648	04/15/18	19:22:33	0.4892597695390782	0.4892597695390782	11.15	0.0	5.577561372745492	5.657799974949899	27.05	-6.85	0.4892597695390782	0.4892597695390782	11.15	0.0	291.0	291.55	326.6	49.04	0	1
PROTOTYPE	002649	04/15/18	19:22:34	0.4892597695390782	0.4892597695390782	11.17	0.0	5.577561372745492	5.646057740480962	37.24	-20.82	0.4892597695390782	0.4892597695390782	11.17	0.0	297.0	292.37	289.25	11.68	0	1
PROTOTYPE	002650	04/15/18	19:22:35	0.4892597695390782	0.4892597695390782	11.2	0.0	5.577561372745492	5.635294025551103	45.79	-32.7	0.4892597695390782	0.4892597695390782	11.2	0.0	287.0	291.56	335.99	-35.07	0	1
PROTOTYPE	002651	04/15/18	19:22:37	0.4892597695390782	0.4892597695390782	11.21	0.0	5.577561372745492	5.626487349699399	52.93	-42.79	0.4892597695390782	0.4892597695390782	11.21	0.0	284.0	290.43	418.09	-179.81	0	1
PROTOTYPE	002652	04/15/18	19:22:38	0.4892597695390782	0.4892597695390782	11.35	0.0	5.577561372745492	5.619637712925852	58.9	-51.37	0.4892597695390782	0.4892597695390782	11.35	0.0	284.0	289.46	466.11	-227.84	0	1
PROTOTYPE	002653	04/15/18	19:22:40	0.4892597695390782	0.4892597695390782	11.35	0.0	5.577561372745492	5.612788076152304	63.82	-58.67	0.4892597695390782	0.4892597695390782	11.35	0.0	302.0	291.34	650.05	-43.66	0	1
PROTOTYPE	002654	04/15/18	19:22:41	0.4892597695390782	0.4892597695390782	11.38	0.0	5.577561372745492	5.607895478456914	67.89	-64.87	0.4892597695390782	0.4892597695390782	11.38	0.0	290.0	291.14	636.94	-97.11	0	1
PROTOTYPE	002655	04/15/18	19:22:43	0.4892597695390782	0.4892597695390782	11.38	0.0	5.577561372745492	5.603002880761522	71.18	-70.14	0.4892597695390782	0.4892597695390782	11.38	0.0	288.0	290.67	637.37	-97.55	0	1
PROTOTYPE	002656	04/15/18	19:22:44	0.4892597695390782	0.4892597695390782	11.39	0.0	5.577561372745492	5.599088802605211	60.84	-59.62	0.4892597695390782	0.4892597695390782	11.39	0.0	288.0	290.27	667.67	-127.91	0	1
PROTOTYPE	002657	04/15/18	19:22:45	0.4892597695390782	0.4892597695390782	11.38	0.0	5.577561372745492	5.596153243987976	52.1	-50.67	0.4892597695390782	0.4892597695390782	11.38	0.0	298.0	291.43	701.85	-93.73	0	1
PROTOTYPE	002658	04/15/18	19:22:47	0.4892597695390782	0.4892597695390782	11.35	0.0	5.577561372745492	5.593217685370742	44.72	-43.07	0.4892597695390782	0.4892597695390782	11.35	0.0	286.0	290.62	702.79	-94.67	0	1
PROTOTYPE	002659	04/15/18	19:22:48	0.4892597695390782	0.4892597695390782	11.34	0.0	5.577561372745492	5.591260646292585	38.52	-36.61	0.4892597695390782	0.4892597695390782	11.34	0.0	288.0	290.22	628.61	-20.47	0	1
PROTOTYPE	002660	04/15/18	19:22:50	0.4892597695390782	0.4892597695390782	11.23	0.0	5.577561372745492	5.589303607214428	33.32	-31.12	0.4892597695390782	0.4892597695390782	11.23	0.0	287.0	289.74	580.54	27.6	0	1
PROTOTYPE	002661	04/15/18	19:22:51	0.4892597695390782	0.4892597695390782	11.25	0.0	5.577561372745492	5.587346568136273	29.0	-26.45	0.4892597695390782	0.4892597695390782	11.25	0.0	282.0	288.58	508.6	-276.54	0	1
PROTOTYPE	002662	04/15/18	19:22:52	0.4892597695390782	0.4892597695390782	11.26	0.0	5.577561372745492	5.585389529058116	25.43	-22.48	0.4892597695390782	0.4892597695390782	11.26	0.0	297.0	289.84	614.71	-130.06	0	1
PROTOTYPE	002663	04/15/18	19:22:54	0.4892597695390782	0.4892597695390782	11.27	0.0	5.577561372745492	5.584411009519038	22.48	-19.11	0.4892597695390782	0.4892597695390782	11.27	0.0	294.0	290.47	629.94	-20.55	0	1
PROTOTYPE	002664	04/15/18	19:22:55	0.4892597695390782	0.4892597695390782	11.27	0.0	5.577561372745492	5.58343248997996	20.06	-16.24	0.4892597695390782	0.4892597695390782	11.27	0.0	297.0	291.45	687.88	117.53	0	1
PROTOTYPE	002665	04/15/18	19:22:57	0.4892597695390782	0.4892597695390782	11.27	0.0	5.577561372745492	5.5824539704408815	18.11	-13.81	0.4892597695390782	0.4892597695390782	11.27	0.0	294.0	291.83	610.27	39.9	0	1
PROTOTYPE	002666	04/15/18	19:22:58	0.4892597695390782	0.4892597695390782	11.28	0.0	5.577561372745492	5.581475450901804	16.54	-11.74	0.4892597695390782	0.4892597695390782	11.28	0.0	286.0	290.95	616.25	33.92	0	1
PROTOTYPE	002667	04/15/18	19:22:59	0.4892597695390782	0.4892597695390782	11.33	0.0	5.577561372745492	5.581475450901804	15.34	-9.98	0.4892597695390782	0.4892597695390782	11.33	0.0	276.0	288.71	801.32	-151.17	0	1
PROTOTYPE	002668	04/15/18	19:23:01	0.4892597695390782	0.4892597695390782	11.31	0.0	5.479709418837675	5.565819138276554	28.46	-23.48	0.4892597695390782	0.4892597695390782	11.31	0.0	292.0	289.2	802.3	-53.49	0	1
PROTOTYPE	002669	04/15/18	19:23:02	0.4892597695390782	0.4892597695390782	11.29	0.0	5.479709418837675	5.553098384268536	39.51	-34.96	0.4892597695390782	0.4892597695390782	11.29	0.0	294.0	289.92	758.14	134.53	0	1
PROTOTYPE	002670	04/15/18	19:23:04	0.4892597695390782	0.4892597695390782	11.3	0.0	5.479709418837675	5.542334669338677	48.79	-44.71	0.4892597695390782	0.4892597695390782	11.3	0.0	295.0	290.69	707.97	84.35	0	1
PROTOTYPE	002671	04/15/18	19:23:05	0.4892597695390782	0.4892597695390782	11.29	0.0	5.479709418837675	5.5325494739478955	56.55	-53.01	0.4892597695390782	0.4892597695390782	11.29	0.0	295.0	291.33	710.32	86.7	0	1
PROTOTYPE	002672	04/15/18	19:23:07	0.4892597695390782	0.4892597695390782	11.29	0.0	5.479709418837675	5.5247213176352705	63.02	-60.06	0.4892597695390782	0.4892597695390782	11.29	0.0	295.0	291.88	667.32	43.69	0	1
PROTOTYPE	002673	04/15/18	19:23:08	0.4892597695390782	0.4892597695390782	11.3	0.0	5.577561372745492	5.5325494739478955	69.56	-51.05	0.4892597695390782	0.4892597695390782	11.3	0.0	293.0	292.05	645.8	22.14	0	1
PROTOTYPE	002674	04/15/18	19:23:09	0.4892597695390782	0.4892597695390782	11.29	0.0	5.577561372745492	5.539399110721443	74.98	-43.39	0.4892597695390782	0.4892597695390782	11.29	0.0	291.0	291.89	574.17	93.82	0	1
PROTOTYPE	002675	04/15/18	19:23:11	0.4892597695390782	0.4892597695390782	11.26	0.0	5.479709418837675	5.53059243486974	82.66	-51.88	0.4892597695390782	0.4892597695390782	11.26	0.0	291.0	291.76	363.31	304.75	0	1
PROTOTYPE	002676	04/15/18	19:23:12	0.4892597695390782	0.4892597695390782	11.26	0.0	5.577561372745492	5.537442071643287	74.39	-29.1	0.4892597695390782	0.4892597695390782	11.26	0.0	288.0	291.2	370.36	199.03	0	1
PROTOTYPE	002677	04/15/18	19:23:14	0.4892597695390782	0.4892597695390782	11.27	0.0	5.577561372745492	5.543313188877756	67.39	-9.73	0.4892597695390782	0.4892597695390782	11.27	0.0	294.0	291.62	340.52	169.18	0	1
PROTOTYPE	002678	04/15/18	19:23:15	0.4892597695390782	0.4892597695390782	11.23	0.0	5.577561372745492	5.5482057865731464	61.45	6.73	0.4892597695390782	0.4892597695390782	11.23	0.0	289.0	291.22	303.62	53.8	0	1
PROTOTYPE	002679	04/15/18	19:23:16	0.4892597695390782	0.4892597695390782	11.21	0.0	5.577561372745492	5.553098384268536	56.44	20.72	0.4892597695390782	0.4892597695390782	11.21	0.0	289.0	290.89	272.27	-44.27	0	1
PROTOTYPE	002680	04/15/18	19:23:18	0.4892597695390782	0.4892597695390782	11.22	0.0	5.577561372745492	5.55701246242485	52.23	32.61	0.4892597695390782	0.4892597695390782	11.22	0.0	293.0	291.21	248.92	-67.63	0	1
PROTOTYPE	002681	04/15/18	19:23:19	0.4892597695390782	0.4892597695390782	11.2	0.0	5.577561372745492	5.559948021042085	47.5	27.72	0.4892597695390782	0.4892597695390782	11.2	0.0	292.0	291.33	244.09	-72.48	0	1
PROTOTYPE	002682	04/15/18	19:23:21	0.4892597695390782	0.4892597695390782	11.2	0.0	5.577561372745492	5.562883579659319	43.54	23.56	0.4892597695390782	0.4892597695390782	11.2	0.0	292.0	291.43	238.49	-46.61	0	1
PROTOTYPE	002683	04/15/18	19:23:22	0.4892597695390782	0.4892597695390782	11.2	0.0	5.577561372745492	5.564840618737475	36.99	35.03	0.4892597695390782	0.4892597695390782	11.2	0.0	287.0	290.76	291.44	-99.62	0	1
PROTOTYPE	002684	04/15/18	19:23:23	0.4892597695390782	0.4892597695390782	11.22	0.0	5.577561372745492	5.5667976578156315	32.06	29.77	0.4892597695390782	0.4892597695390782	11.22	0.0	286.0	290.05	306.49	-114.68	0	1
PROTOTYPE	002685	04/15/18	19:23:25	0.4892597695390782	0.4892597695390782	11.24	0.0	5.577561372745492	5.568754696893787	27.96	25.31	0.4892597695390782	0.4892597695390782	11.24	0.0	294.0	290.64	323.69	-97.48	0	1
PROTOTYPE	002686	04/15/18	19:23:26	0.4892597695390782	0.4892597695390782	11.26	0.0	5.577561372745492	5.569733216432866	24.57	21.51	0.4892597695390782	0.4892597695390782	11.26	0.0	290.0	290.54	294.14	-67.85	0	1
PROTOTYPE	002687	04/15/18	19:23:28	0.4892597695390782	0.4892597695390782	11.28	0.0	5.577561372745492	5.570711735971944	21.78	18.28	0.4892597695390782	0.4892597695390782	11.28	0.0	292.0	290.76	282.64	-12.68	0	1
PROTOTYPE	002688	04/15/18	19:23:29	0.4892597695390782	0.4892597695390782	11.27	0.0	5.577561372745492	5.571690255511022	19.49	15.54	0.4892597695390782	0.4892597695390782	11.27	0.0	295.0	291.4	314.52	19.23	0	1
PROTOTYPE	002689	04/15/18	19:23:30	0.4892597695390782	0.4892597695390782	11.28	0.0	5.577561372745492	5.572668775050101	17.65	13.21	0.4892597695390782	0.4892597695390782	11.28	0.0	286.0	290.59	383.53	-73.66	0	1
PROTOTYPE	002690	04/15/18	19:23:32	0.4892597695390782	0.4892597695390782	11.28	0.0	5.577561372745492	5.573647294589178	16.17	11.23	0.4892597695390782	0.4892597695390782	11.28	0.0	288.0	290.2	412.17	-122.61	0	1
PROTOTYPE	002691	04/15/18	19:23:33	0.4892597695390782	0.4892597695390782	11.27	0.0	5.577561372745492	5.573647294589178	14.99	9.54	0.4892597695390782	0.4892597695390782	11.27	0.0	291.0	290.32	357.83	-44.22	0	1
PROTOTYPE	002692	04/15/18	19:23:35	0.4892597695390782	0.4892597695390782	11.27	0.0	5.479709418837675	5.559948021042085	27.1	-6.89	0.4892597695390782	0.4892597695390782	11.27	0.0	283.0	289.22	396.19	-82.59	0	1
PROTOTYPE	002693	04/15/18	19:23:36	0.4892597695390782	0.4892597695390782	11.24	0.0	5.577561372745492	5.562883579659319	27.95	-5.85	0.4892597695390782	0.4892597695390782	11.24	0.0	287.0	288.89	370.26	-175.2	0	1
PROTOTYPE	002694	04/15/18	19:23:37	0.4892597695390782	0.4892597695390782	11.22	0.0	5.577561372745492	5.564840618737475	28.63	-4.98	0.4892597695390782	0.4892597695390782	11.22	0.0	291.0	289.21	392.24	-133.92	0	1
PROTOTYPE	002695	04/15/18	19:23:39	0.4892597695390782	0.4892597695390782	11.23	0.0	5.577561372745492	5.5667976578156315	29.19	-4.23	0.4892597695390782	0.4892597695390782	11.23	0.0	287.0	288.87	403.48	-188.83	0	1
PROTOTYPE	002696	04/15/18	19:23:40	0.4892597695390782	0.4892597695390782	11.22	0.0	5.577561372745492	5.568754696893787	29.62	-3.6	0.4892597695390782	0.4892597695390782	11.22	0.0	285.0	288.29	398.05	-310.51	0	1
PROTOTYPE	002697	04/15/18	19:23:42	0.4892597695390782	0.4892597695390782	11.24	0.0	5.577561372745492	5.569733216432866	29.97	-3.06	0.4892597695390782	0.4892597695390782	11.24	0.0	282.0	287.35	411.48	-323.93	0	1
PROTOTYPE	002698	04/15/18	19:23:43	0.4892597695390782	0.4892597695390782	11.24	0.0	5.577561372745492	5.570711735971944	30.23	-2.6	0.4892597695390782	0.4892597695390782	11.24	0.0	295.0	288.5	487.38	-170.34	0	1
PROTOTYPE	002699	04/15/18	19:23:44	0.4892597695390782	0.4892597695390782	11.25	0.0	5.577561372745492	5.571690255511022	30.44	-2.21	0.4892597695390782	0.4892597695390782	11.25	0.0	289.0	288.57	482.98	-174.79	0	1
PROTOTYPE	002700	04/15/18	19:23:46	0.4892597695390782	0.4892597695390782	11.24	0.0	5.577561372745492	5.572668775050101	17.56	13.12	0.4892597695390782	0.4892597695390782	11.24	0.0	285.0	288.04	426.78	-118.57	0	1
PROTOTYPE	002701	04/15/18	19:23:47	0.4892597695390782	0.4892597695390782	11.24	0.0	5.577561372745492	5.573647294589178	16.09	11.15	0.4892597695390782	0.4892597695390782	11.24	0.0	281.0	286.98	498.97	-190.79	0	1
PROTOTYPE	002702	04/15/18	19:23:49	0.4892597695390782	0.4892597695390782	11.24	0.0	5.577561372745492	5.573647294589178	14.93	9.48	0.4892597695390782	0.4892597695390782	11.24	0.0	279.0	285.78	587.0	-342.17	0	1
PROTOTYPE	002703	04/15/18	19:23:50	0.4892597695390782	0.4892597695390782	11.24	0.0	5.577561372745492	5.5746258141282565	14.03	8.06	0.4892597695390782	0.4892597695390782	11.24	0.0	295.0	287.17	692.13	-170.84	0	1
PROTOTYPE	002704	04/15/18	19:23:52	0.4892597695390782	0.4892597695390782	11.26	0.0	5.577561372745492	5.5746258141282565	13.35	6.85	0.4892597695390782	0.4892597695390782	11.26	0.0	286.0	286.99	651.55	-130.22	0	1
PROTOTYPE	002705	04/15/18	19:23:53	0.4892597695390782	0.4892597695390782	11.25	0.0	5.577561372745492	5.575604333667335	12.81	5.82	0.4892597695390782	0.4892597695390782	11.25	0.0	292.0	287.74	632.27	39.32	0	1
PROTOTYPE	002706	04/15/18	19:23:54	0.4892597695390782	0.4892597695390782	11.27	0.0	5.577561372745492	5.575604333667335	12.42	4.95	0.4892597695390782	0.4892597695390782	11.27	0.0	290.0	288.08	551.4	-41.58	0	1
PROTOTYPE	002707	04/15/18	19:23:56	0.4892597695390782	0.4892597695390782	11.26	0.0	5.577561372745492	5.575604333667335	12.1	4.21	0.4892597695390782	0.4892597695390782	11.26	0.0	290.0	288.37	572.54	-20.34	0	1
PROTOTYPE	002708	04/15/18	19:23:57	0.4892597695390782	0.4892597695390782	11.24	0.0	5.577561372745492	5.576582853206413	11.86	3.58	0.4892597695390782	0.4892597695390782	11.24	0.0	275.0	286.36	719.47	-167.29	0	1
PROTOTYPE	002709	04/15/18	19:23:59	0.4892597695390782	0.4892597695390782	11.25	0.0	5.577561372745492	5.576582853206413	11.7	3.04	0.4892597695390782	0.4892597695390782	11.25	0.0	303.0	288.86	863.46	187.8	0	1
PROTOTYPE	002710	04/15/18	19:24:00	0.4892597695390782	0.4892597695390782	11.27	0.0	5.577561372745492	5.576582853206413	11.6	2.58	0.4892597695390782	0.4892597695390782	11.27	0.0	290.0	289.03	760.9	324.63	0	1
PROTOTYPE	002711	04/15/18	19:24:01	0.4892597695390782	0.4892597695390782	11.25	0.0	5.577561372745492	5.576582853206413	11.49	2.2	0.4892597695390782	0.4892597695390782	11.25	0.0	296.0	290.08	727.21	290.94	0	1
PROTOTYPE	002712	04/15/18	19:24:03	0.4892597695390782	0.4892597695390782	11.24	0.0	5.675413326653306	5.591260646292585	25.19	16.87	0.4892597695390782	0.4892597695390782	11.24	0.0	293.0	290.51	753.55	352.3	0	1
PROTOTYPE	002713	04/15/18	19:24:04	0.4892597695390782	0.4892597695390782	11.22	0.0	5.675413326653306	5.603981400300602	36.65	29.34	0.4892597695390782	0.4892597695390782	11.22	0.0	290.0	290.44	686.25	269.45	0	1
PROTOTYPE	002714	04/15/18	19:24:06	0.4892597695390782	0.4892597695390782	11.2	0.0	5.675413326653306	5.614745115230461	46.22	39.94	0.4892597695390782	0.4892597695390782	11.2	0.0	300.0	291.87	795.8	379.03	0	1
PROTOTYPE	002715	04/15/18	19:24:07	0.4892597695390782	0.4892597695390782	11.19	0.0	5.675413326653306	5.623551791082164	54.18	48.95	0.4892597695390782	0.4892597695390782	11.19	0.0	280.0	290.09	945.07	172.18	0	1
PROTOTYPE	002716	04/15/18	19:24:08	0.4892597695390782	0.4892597695390782	11.2	0.0	5.675413326653306	5.63137994739479	60.79	56.6	0.4892597695390782	0.4892597695390782	11.2	0.0	280.0	288.58	895.9	221.35	0	1
PROTOTYPE	002717	04/15/18	19:24:10	0.4892597695390782	0.4892597695390782	11.21	0.0	5.577561372745492	5.623551791082164	67.78	48.11	0.4892597695390782	0.4892597695390782	11.21	0.0	287.0	288.34	670.05	-51.85	0	1
PROTOTYPE	002718	04/15/18	19:24:11	0.4892597695390782	0.4892597695390782	11.19	0.0	5.577561372745492	5.6167021543086175	73.54	40.9	0.4892597695390782	0.4892597695390782	11.19	0.0	275.0	286.34	853.0	-269.07	0	1
PROTOTYPE	002719	04/15/18	19:24:13	0.4892597695390782	0.4892597695390782	11.17	0.0	5.577561372745492	5.610831037074149	78.28	34.76	0.4892597695390782	0.4892597695390782	11.17	0.0	284.0	285.99	783.56	-408.71	0	1
PROTOTYPE	002720	04/15/18	19:24:14	0.4892597695390782	0.4892597695390782	11.16	0.0	5.577561372745492	5.6059384393787575	68.37	14.55	0.4892597695390782	0.4892597695390782	11.16	0.0	279.0	284.94	844.52	-557.41	0	1
PROTOTYPE	002721	04/15/18	19:24:15	0.4892597695390782	0.4892597695390782	11.17	0.0	5.577561372745492	5.602024361222445	59.99	-2.63	0.4892597695390782	0.4892597695390782	11.17	0.0	292.0	286.0	942.58	-443.79	0	1
PROTOTYPE	002722	04/15/18	19:24:17	0.4892597695390782	0.4892597695390782	11.19	0.0	5.577561372745492	5.5981102830661325	52.92	-17.24	0.4892597695390782	0.4892597695390782	11.19	0.0	286.0	286.0	800.54	-587.23	0	1
PROTOTYPE	002723	04/15/18	19:24:18	0.4892597695390782	0.4892597695390782	11.22	0.0	5.577561372745492	5.595174724448897	46.96	-29.65	0.4892597695390782	0.4892597695390782	11.22	0.0	294.0	287.2	742.48	-289.14	0	1
PROTOTYPE	002724	04/15/18	19:24:20	0.4892597695390782	0.4892597695390782	11.22	0.0	5.675413326653306	5.606916958917835	51.36	-25.21	0.4892597695390782	0.4892597695390782	11.22	0.0	303.0	289.57	828.12	99.23	0	1
PROTOTYPE	002725	04/15/18	19:24:21	0.4892597695390782	0.4892597695390782	11.21	0.0	5.675413326653306	5.617680673847695	53.54	-6.42	0.4892597695390782	0.4892597695390782	11.21	0.0	291.0	289.78	825.92	144.35	0	1
PROTOTYPE	002726	04/15/18	19:24:22	0.4892597695390782	0.4892597695390782	11.22	0.0	5.577561372745492	5.610831037074149	52.6	-5.46	0.4892597695390782	0.4892597695390782	11.22	0.0	286.0	289.22	682.59	287.69	0	1
PROTOTYPE	002727	04/15/18	19:24:24	0.4892597695390782	0.4892597695390782	11.23	0.0	5.577561372745492	5.6059384393787575	51.8	-4.64	0.4892597695390782	0.4892597695390782	11.23	0.0	286.0	288.73	695.73	274.54	0	1
PROTOTYPE	002728	04/15/18	19:24:25	0.4892597695390782	0.4892597695390782	11.23	0.0	5.675413326653306	5.6167021543086175	57.22	11.05	0.4892597695390782	0.4892597695390782	11.23	0.0	289.0	288.77	595.12	383.36	0	1
PROTOTYPE	002729	04/15/18	19:24:27	0.4892597695390782	0.4892597695390782	11.21	0.0	5.675413326653306	5.625508830160321	61.79	24.4	0.4892597695390782	0.4892597695390782	11.21	0.0	296.0	289.86	597.61	385.85	0	1
PROTOTYPE	002730	04/15/18	19:24:28	0.4892597695390782	0.4892597695390782	11.19	0.0	5.675413326653306	5.633336986472946	65.64	35.74	0.4892597695390782	0.4892597695390782	11.19	0.0	290.0	289.88	598.75	387.98	0	1
PROTOTYPE	002731	04/15/18	19:24:29	0.4892597695390782	0.4892597695390782	11.17	0.0	5.577561372745492	5.624530310621242	70.81	30.38	0.4892597695390782	0.4892597695390782	11.17	0.0	286.0	289.3	536.94	209.78	0	1
PROTOTYPE	002732	04/15/18	19:24:31	0.4892597695390782	0.4892597695390782	11.17	0.0	5.577561372745492	5.617680673847695	65.74	10.82	0.4892597695390782	0.4892597695390782	11.17	0.0	293.0	289.85	355.48	28.31	0	1
PROTOTYPE	002733	04/15/18	19:24:32	0.4892597695390782	0.4892597695390782	11.17	0.0	5.577561372745492	5.611809556613227	61.44	-5.8	0.4892597695390782	0.4892597695390782	11.17	0.0	286.0	289.27	391.79	-50.93	0	1
PROTOTYPE	002734	04/15/18	19:24:34	0.4892597695390782	0.4892597695390782	11.17	0.0	5.577561372745492	5.606916958917835	60.6	-4.93	0.4892597695390782	0.4892597695390782	11.17	0.0	292.0	289.68	375.91	46.71	0	1
PROTOTYPE	002735	04/15/18	19:24:35	0.4892597695390782	0.4892597695390782	11.17	0.0	5.577561372745492	5.602024361222445	59.89	-4.19	0.4892597695390782	0.4892597695390782	11.17	0.0	265.0	285.98	697.9	-275.3	0	1
PROTOTYPE	002736	04/15/18	19:24:36	0.4892597695390782	0.4892597695390782	11.18	0.0	5.577561372745492	5.5981102830661325	53.21	-18.56	0.4892597695390782	0.4892597695390782	11.18	0.0	302.0	288.38	933.96	-39.0	0	1
PROTOTYPE	002737	04/15/18	19:24:38	0.4892597695390782	0.4892597695390782	11.2	0.0	5.577561372745492	5.595174724448897	47.58	-30.78	0.4892597695390782	0.4892597695390782	11.2	0.0	282.0	287.43	921.33	-243.15	0	1
PROTOTYPE	002738	04/15/18	19:24:39	0.4892597695390782	0.4892597695390782	11.2	0.0	5.577561372745492	5.592239165831663	42.85	-41.16	0.4892597695390782	0.4892597695390782	11.2	0.0	294.0	288.41	1017.4	-146.68	0	1
PROTOTYPE	002739	04/15/18	19:24:41	0.4892597695390782	0.4892597695390782	11.22	0.0	5.577561372745492	5.590282126753507	36.97	-34.99	0.4892597695390782	0.4892597695390782	11.22	0.0	292.0	288.95	1013.03	-34.68	0	1
PROTOTYPE	002740	04/15/18	19:24:42	0.4892597695390782	0.4892597695390782	11.23	0.0	5.577561372745492	5.588325087675351	32.04	-29.74	0.4892597695390782	0.4892597695390782	11.23	0.0	288.0	288.81	971.8	-104.48	0	1
PROTOTYPE	002741	04/15/18	19:24:43	0.4892597695390782	0.4892597695390782	11.23	0.0	5.577561372745492	5.586368048597194	27.93	-25.28	0.4892597695390782	0.4892597695390782	11.23	0.0	292.0	289.29	961.89	1.19	0	1
PROTOTYPE	002742	04/15/18	19:24:45	0.4892597695390782	0.4892597695390782	11.24	0.0	5.577561372745492	5.585389529058116	24.53	-21.49	0.4892597695390782	0.4892597695390782	11.24	0.0	287.0	288.94	955.32	-73.98	0	1
PROTOTYPE	002743	04/15/18	19:24:46	0.4892597695390782	0.4892597695390782	11.28	0.0	5.577561372745492	5.584411009519038	21.76	-18.26	0.4892597695390782	0.4892597695390782	11.28	0.0	295.0	289.85	675.92	387.11	0	1
PROTOTYPE	002744	04/15/18	19:24:48	0.4892597695390782	0.4892597695390782	11.28	0.0	5.577561372745492	5.58343248997996	19.48	-15.52	0.4892597695390782	0.4892597695390782	11.28	0.0	299.0	291.22	572.86	284.05	0	1
PROTOTYPE	002745	04/15/18	19:24:49	0.4892597695390782	0.4892597695390782	11.26	0.0	5.577561372745492	5.5824539704408815	17.62	-13.2	0.4892597695390782	0.4892597695390782	11.26	0.0	300.0	292.54	608.73	511.44	0	1
PROTOTYPE	002746	04/15/18	19:24:50	0.4892597695390782	0.4892597695390782	11.28	0.0	5.577561372745492	5.581475450901804	16.16	-11.22	0.4892597695390782	0.4892597695390782	11.28	0.0	285.0	291.41	623.23	299.72	0	1
PROTOTYPE	002747	04/15/18	19:24:52	0.4892597695390782	0.4892597695390782	11.27	0.0	5.577561372745492	5.581475450901804	14.99	-9.53	0.4892597695390782	0.4892597695390782	11.27	0.0	290.0	291.2	590.59	224.76	0	1
PROTOTYPE	002748	04/15/18	19:24:53	0.4892597695390782	0.4892597695390782	11.26	0.0	5.577561372745492	5.580496931362726	14.07	-8.1	0.4892597695390782	0.4892597695390782	11.26	0.0	287.0	290.57	639.25	176.05	0	1
PROTOTYPE	002749	04/15/18	19:24:55	0.4892597695390782	0.4892597695390782	11.26	0.0	5.577561372745492	5.580496931362726	13.36	-6.89	0.4892597695390782	0.4892597695390782	11.26	0.0	293.0	290.93	627.85	164.64	0	1
PROTOTYPE	002750	04/15/18	19:24:56	0.4892597695390782	0.4892597695390782	11.24	0.0	5.577561372745492	5.579518411823647	12.81	-5.86	0.4892597695390782	0.4892597695390782	11.24	0.0	293.0	291.24	624.55	229.95	0	1
PROTOTYPE	002751	04/15/18	19:24:57	0.4892597695390782	0.4892597695390782	11.21	0.0	5.577561372745492	5.579518411823647	12.37	-4.98	0.4892597695390782	0.4892597695390782	11.21	0.0	274.0	288.66	792.35	-119.55	0	1
PROTOTYPE	002752	04/15/18	19:24:59	0.4892597695390782	0.4892597695390782	11.2	0.0	5.675413326653306	5.59419620490982	25.42	10.77	0.4892597695390782	0.4892597695390782	11.2	0.0	297.0	289.91	780.28	-131.61	0	1
PROTOTYPE	002753	04/15/18	19:25:00	0.4892597695390782	0.4892597695390782	11.2	0.0	5.675413326653306	5.6059384393787575	36.37	24.15	0.4892597695390782	0.4892597695390782	11.2	0.0	286.0	289.32	707.28	-321.87	0	1
PROTOTYPE	002754	04/15/18	19:25:02	0.4892597695390782	0.4892597695390782	11.18	0.0	5.675413326653306	5.6167021543086175	45.5	35.53	0.4892597695390782	0.4892597695390782	11.18	0.0	292.0	289.72	634.36	-168.59	0	1
PROTOTYPE	002755	04/15/18	19:25:03	0.4892597695390782	0.4892597695390782	11.19	0.0	5.675413326653306	5.625508830160321	53.11	45.2	0.4892597695390782	0.4892597695390782	11.19	0.0	291.0	289.92	632.36	-128.3	0	1
PROTOTYPE	002756	04/15/18	19:25:04	0.4892597695390782	0.4892597695390782	11.18	0.0	5.675413326653306	5.632358466933868	59.42	53.42	0.4892597695390782	0.4892597695390782	11.18	0.0	291.0	290.08	585.71	-49.06	0	1
PROTOTYPE	002757	04/15/18	19:25:06	0.4892597695390782	0.4892597695390782	11.19	0.0	5.675413326653306	5.639208103707415	64.63	60.41	0.4892597695390782	0.4892597695390782	11.19	0.0	288.0	289.77	580.41	-116.7	0	1
PROTOTYPE	002758	04/15/18	19:25:07	0.4892597695390782	0.4892597695390782	11.2	0.0	5.675413326653306	5.645079220941883	68.91	66.35	0.4892597695390782	0.4892597695390782	11.2	0.0	292.0	290.1	582.91	-114.19	0	1
PROTOTYPE	002759	04/15/18	19:25:09	0.4892597695390782	0.4892597695390782	11.2	0.0	5.675413326653306	5.648993299098196	72.39	71.39	0.4892597695390782	0.4892597695390782	11.2	0.0	283.0	289.04	430.79	37.94	0	1
PROTOTYPE	002760	04/15/18	19:25:10	0.4892597695390782	0.4892597695390782	11.22	0.0	5.675413326653306	5.652907377254509	61.86	60.69	0.4892597695390782	0.4892597695390782	11.22	0.0	298.0	290.38	440.09	47.25	0	1
PROTOTYPE	002761	04/15/18	19:25:11	0.4892597695390782	0.4892597695390782	11.21	0.0	5.577561372745492	5.642143662324649	60.94	36.58	0.4892597695390782	0.4892597695390782	11.21	0.0	294.0	290.92	435.76	160.16	0	1
PROTOTYPE	002762	04/15/18	19:25:13	0.4892597695390782	0.4892597695390782	11.23	0.0	5.577561372745492	5.632358466933868	60.17	16.1	0.4892597695390782	0.4892597695390782	11.23	0.0	294.0	291.39	441.74	166.13	0	1
PROTOTYPE	002763	04/15/18	19:25:14	0.4892597695390782	0.4892597695390782	11.22	0.0	5.577561372745492	5.623551791082164	59.51	-1.32	0.4892597695390782	0.4892597695390782	11.22	0.0	285.0	290.43	518.32	51.21	0	1
PROTOTYPE	002764	04/15/18	19:25:16	0.4892597695390782	0.4892597695390782	11.23	0.0	5.577561372745492	5.6167021543086175	58.95	-16.12	0.4892597695390782	0.4892597695390782	11.23	0.0	279.0	288.71	673.41	-136.47	0	1
PROTOTYPE	002765	04/15/18	19:25:17	0.4892597695390782	0.4892597695390782	11.22	0.0	5.577561372745492	5.610831037074149	58.48	-28.7	0.4892597695390782	0.4892597695390782	11.22	0.0	290.0	288.91	661.56	-86.0	0	1
PROTOTYPE	002766	04/15/18	19:25:18	0.4892597695390782	0.4892597695390782	11.21	0.0	5.577561372745492	5.6059384393787575	58.08	-39.4	0.4892597695390782	0.4892597695390782	11.21	0.0	294.0	289.67	704.44	-43.1	0	1
