Dev_id	Index	Date	Time	Sensor1	Sensor1_Filter	Sensor1_LL	Sensor1_Diff	Sensor2	Sensor2_Filter	Sensor2_LL	Sensor2_Diff	Sensor3	Sensor3_Filter	Sensor3_LL	Sensor3_Diff	Sensor4	Sensor4_Filter	Sensor4_LL	Sensor4_Diff	Heater_Status	FSM_Status
PROTOTYPE	000202	04/15/18	18:05:35	0.4892597695390782	0.4892597695390782	11.24	-0.42	5.479709418837675	5.481666457915832	13.23	-6.67	0.4892597695390782	0.4892597695390782	11.23	-0.0	291.0	289.74	640.84	203.33	0	1
PROTOTYPE	000203	04/15/18	18:05:36	0.4892597695390782	0.4892597695390782	11.23	-0.36	5.479709418837675	5.481666457915832	12.71	-5.67	0.4892597695390782	0.4892597695390782	11.23	-0.0	284.0	288.88	632.69	22.83	0	1
PROTOTYPE	000204	04/15/18	18:05:38	0.4892597695390782	0.4892597695390782	11.23	-0.31	5.479709418837675	5.481666457915832	12.33	-4.82	0.4892597695390782	0.4892597695390782	11.23	-0.0	289.0	288.9	539.75	-70.6	0	1
PROTOTYPE	000205	04/15/18	18:05:39	0.4892597695390782	0.4892597695390782	11.23	-0.26	5.479709418837675	5.481666457915832	12.03	-4.1	0.4892597695390782	0.4892597695390782	11.23	-0.0	289.0	288.92	487.67	-15.01	0	1
PROTOTYPE	000206	04/15/18	18:05:40	0.4892597695390782	0.4892597695390782	11.23	-0.22	5.479709418837675	5.480687938376753	11.82	-3.48	0.4892597695390782	0.4892597695390782	11.23	-0.0	288.0	288.78	485.43	-12.76	0	1
PROTOTYPE	000207	04/15/18	18:05:42	0.4892597695390782	0.4892597695390782	11.22	-0.19	5.479709418837675	5.480687938376753	11.65	-2.96	0.4892597695390782	0.4892597695390782	11.22	-0.0	296.0	289.86	445.17	244.16	0	1
PROTOTYPE	000208	04/15/18	18:05:43	0.4892597695390782	0.4892597695390782	11.23	-0.16	5.479709418837675	5.480687938376753	11.54	-2.51	0.4892597695390782	0.4892597695390782	11.23	-0.0	285.0	289.13	404.39	57.53	0	1
PROTOTYPE	000209	04/15/18	18:05:45	0.4892597695390782	0.4892597695390782	11.23	-0.14	5.479709418837675	5.480687938376753	11.45	-2.14	0.4892597695390782	0.4892597695390782	11.23	-0.0	301.0	290.91	485.76	138.9	0	1
PROTOTYPE	000210	04/15/18	18:05:46	0.4892597695390782	0.4892597695390782	11.18	-0.12	5.479709418837675	5.480687938376753	11.34	-1.82	0.4892597695390782	0.4892597695390782	11.18	-0.0	285.0	290.03	552.26	28.07	0	1
PROTOTYPE	000211	04/15/18	18:05:47	0.4892597695390782	0.4892597695390782	11.17	-0.1	5.479709418837675	5.480687938376753	11.29	-1.54	0.4892597695390782	0.4892597695390782	11.17	-0.0	291.0	290.17	480.76	128.86	0	1
PROTOTYPE	000212	04/15/18	18:05:49	0.4892597695390782	0.4892597695390782	11.18	-0.08	5.479709418837675	5.479709418837675	11.27	-1.31	0.4892597695390782	0.4892597695390782	11.18	-0.0	293.0	290.6	520.96	169.53	0	1
PROTOTYPE	000213	04/15/18	18:05:50	0.4892597695390782	0.4892597695390782	11.2	-0.07	5.479709418837675	5.479709418837675	11.26	-1.12	0.4892597695390782	0.4892597695390782	11.2	-0.0	289.0	290.36	542.91	144.1	0	1
PROTOTYPE	000214	04/15/18	18:05:52	0.4892597695390782	0.4892597695390782	11.2	-0.06	5.479709418837675	5.479709418837675	11.24	-0.95	0.4892597695390782	0.4892597695390782	11.2	-0.0	271.0	287.45	819.45	-132.52	0	1
PROTOTYPE	000215	04/15/18	18:05:53	0.4892597695390782	0.4892597695390782	11.21	-0.05	5.479709418837675	5.479709418837675	11.24	-0.81	0.4892597695390782	0.4892597695390782	11.21	-0.0	293.0	288.29	794.33	-157.64	0	1
PROTOTYPE	000216	04/15/18	18:05:55	0.4892597695390782	0.4892597695390782	11.21	-0.04	5.479709418837675	5.479709418837675	11.23	-0.69	0.4892597695390782	0.4892597695390782	11.21	-0.0	297.0	289.59	852.13	46.01	0	1
PROTOTYPE	000217	04/15/18	18:05:56	0.4892597695390782	0.4892597695390782	11.21	-0.04	5.479709418837675	5.479709418837675	11.23	-0.58	0.4892597695390782	0.4892597695390782	11.21	-0.0	289.0	289.5	683.1	-140.89	0	1
PROTOTYPE	000218	04/15/18	18:05:57	0.4892597695390782	0.4892597695390782	11.21	-0.03	5.479709418837675	5.479709418837675	11.22	-0.5	0.4892597695390782	0.4892597695390782	11.21	-0.0	293.0	290.03	646.87	0.24	0	1
PROTOTYPE	000219	04/15/18	18:05:59	0.4892597695390782	0.4892597695390782	11.23	-0.03	5.479709418837675	5.479709418837675	11.24	-0.42	0.4892597695390782	0.4892597695390782	11.23	-0.0	294.0	290.62	691.78	45.2	0	1
PROTOTYPE	000220	04/15/18	18:06:00	0.4892597695390782	0.4892597695390782	11.22	-0.02	5.479709418837675	5.479709418837675	11.22	-0.36	0.4892597695390782	0.4892597695390782	11.22	-0.0	298.0	291.73	759.99	113.42	0	1
PROTOTYPE	000221	04/15/18	18:06:02	0.4892597695390782	0.4892597695390782	11.2	-0.02	5.479709418837675	5.479709418837675	11.2	-0.3	0.4892597695390782	0.4892597695390782	11.2	-0.0	279.0	289.82	926.97	-53.59	0	1
PROTOTYPE	000222	04/15/18	18:06:03	0.4892597695390782	0.4892597695390782	11.22	-0.02	5.38185746492986	5.465031625751504	24.89	-15.26	0.4892597695390782	0.4892597695390782	11.22	-0.0	294.0	290.45	699.32	299.45	0	1
PROTOTYPE	000223	04/15/18	18:06:04	0.4892597695390782	0.4892597695390782	11.23	-0.01	5.479709418837675	5.4669886648296595	26.14	-12.97	0.4892597695390782	0.4892597695390782	11.23	-0.0	300.0	291.88	759.4	359.53	0	1
PROTOTYPE	000224	04/15/18	18:06:06	0.4892597695390782	0.4892597695390782	11.25	-0.01	5.479709418837675	5.468945703907815	27.11	-11.02	0.4892597695390782	0.4892597695390782	11.25	-0.0	289.0	291.45	671.9	185.6	0	1
PROTOTYPE	000225	04/15/18	18:06:07	0.4892597695390782	0.4892597695390782	11.24	-0.01	5.479709418837675	5.470902742985972	27.84	-9.37	0.4892597695390782	0.4892597695390782	11.24	-0.0	293.0	291.68	686.22	217.76	0	1
PROTOTYPE	000226	04/15/18	18:06:09	0.4892597695390782	0.4892597695390782	11.24	-0.01	5.479709418837675	5.47188126252505	28.4	-7.97	0.4892597695390782	0.4892597695390782	11.24	-0.0	289.0	291.28	673.99	125.1	0	1
PROTOTYPE	000227	04/15/18	18:06:10	0.4892597695390782	0.4892597695390782	11.23	-0.01	5.38185746492986	5.458181988977956	40.89	-21.77	0.4892597695390782	0.4892597695390782	11.23	-0.0	282.0	289.89	753.59	-73.67	0	1
PROTOTYPE	000228	04/15/18	18:06:11	0.4892597695390782	0.4892597695390782	11.22	-0.01	5.479709418837675	5.462096067134269	43.02	-18.5	0.4892597695390782	0.4892597695390782	11.22	-0.0	300.0	291.4	794.64	-32.62	0	1
PROTOTYPE	000229	04/15/18	18:06:13	0.4892597695390782	0.4892597695390782	11.24	-0.01	5.38185746492986	5.449375313126253	53.95	-30.73	0.4892597695390782	0.4892597695390782	11.24	-0.0	291.0	291.34	609.9	152.28	0	1
PROTOTYPE	000230	04/15/18	18:06:14	0.4892597695390782	0.4892597695390782	11.21	-0.0	5.38185746492986	5.439590117735471	49.37	-26.12	0.4892597695390782	0.4892597695390782	11.21	-0.0	292.0	291.44	557.14	99.43	0	1
PROTOTYPE	000231	04/15/18	18:06:16	0.4892597695390782	0.4892597695390782	11.2	-0.0	5.38185746492986	5.430783441883767	55.68	-37.2	0.4892597695390782	0.4892597695390782	11.2	-0.0	287.0	290.78	480.49	-110.48	0	1
PROTOTYPE	000232	04/15/18	18:06:17	0.4892597695390782	0.4892597695390782	11.19	-0.0	5.38185746492986	5.42393380511022	60.96	-46.62	0.4892597695390782	0.4892597695390782	11.19	-0.0	289.0	290.51	463.93	-93.91	0	1
PROTOTYPE	000233	04/15/18	18:06:18	0.4892597695390782	0.4892597695390782	11.2	-0.0	5.38185746492986	5.4170841683366735	65.37	-54.63	0.4892597695390782	0.4892597695390782	11.2	-0.0	292.0	290.73	463.02	-94.82	0	1
PROTOTYPE	000234	04/15/18	18:06:20	0.4892597695390782	0.4892597695390782	11.21	-0.0	5.38185746492986	5.412191570641283	69.02	-61.43	0.4892597695390782	0.4892597695390782	11.21	-0.0	297.0	291.67	516.8	39.4	0	1
PROTOTYPE	000235	04/15/18	18:06:21	0.4892597695390782	0.4892597695390782	11.2	-0.0	5.38185746492986	5.407298972945892	59.94	-52.22	0.4892597695390782	0.4892597695390782	11.2	-0.0	287.0	290.97	447.71	108.49	0	1
PROTOTYPE	000236	04/15/18	18:06:23	0.4892597695390782	0.4892597695390782	11.21	-0.0	5.38185746492986	5.403384894789579	60.58	-59.39	0.4892597695390782	0.4892597695390782	11.21	-0.0	294.0	291.43	341.45	2.22	0	1
PROTOTYPE	000237	04/15/18	18:06:24	0.4892597695390782	0.4892597695390782	11.19	-0.0	5.38185746492986	5.400449336172344	51.87	-50.48	0.4892597695390782	0.4892597695390782	11.19	-0.0	302.0	293.01	493.84	166.88	0	1
PROTOTYPE	000238	04/15/18	18:06:25	0.4892597695390782	0.4892597695390782	11.21	-0.0	5.38185746492986	5.39751377755511	44.53	-42.91	0.4892597695390782	0.4892597695390782	11.21	-0.0	298.0	293.76	558.73	231.85	0	1
PROTOTYPE	000239	04/15/18	18:06:27	0.4892597695390782	0.4892597695390782	11.21	-0.0	5.38185746492986	5.395556738476954	38.36	-36.47	0.4892597695390782	0.4892597695390782	11.21	-0.0	285.0	292.45	623.5	167.07	0	1
PROTOTYPE	000240	04/15/18	18:06:28	0.4892597695390782	0.4892597695390782	11.2	-0.0	5.38185746492986	5.393599699398798	33.2	-31.0	0.4892597695390782	0.4892597695390782	11.2	-0.0	300.0	293.58	710.14	307.01	0	1
PROTOTYPE	000241	04/15/18	18:06:30	0.4892597695390782	0.4892597695390782	11.21	-0.0	5.38185746492986	5.391642660320641	28.89	-26.35	0.4892597695390782	0.4892597695390782	11.21	-0.0	289.0	292.89	756.44	215.96	0	1
PROTOTYPE	000242	04/15/18	18:06:31	0.4892597695390782	0.4892597695390782	11.22	-0.0	5.38185746492986	5.389685621242485	25.33	-22.4	0.4892597695390782	0.4892597695390782	11.22	-0.0	289.0	292.31	720.83	63.57	0	1
PROTOTYPE	000243	04/15/18	18:06:32	0.4892597695390782	0.4892597695390782	11.24	-0.0	5.38185746492986	5.388707101703407	22.4	-19.04	0.4892597695390782	0.4892597695390782	11.24	-0.0	280.0	290.46	835.36	-50.97	0	1
PROTOTYPE	000244	04/15/18	18:06:34	0.4892597695390782	0.4892597695390782	11.24	-0.0	5.38185746492986	5.387728582164329	20.0	-16.18	0.4892597695390782	0.4892597695390782	11.24	-0.0	290.0	290.39	796.99	-103.32	0	1
PROTOTYPE	000245	04/15/18	18:06:35	0.4892597695390782	0.4892597695390782	11.27	-0.0	5.38185746492986	5.386750062625251	18.07	-13.75	0.4892597695390782	0.4892597695390782	11.27	-0.0	297.0	291.38	737.49	-162.82	0	1
PROTOTYPE	000246	04/15/18	18:06:37	0.4892597695390782	0.4892597695390782	11.32	-0.0	5.38185746492986	5.385771543086172	16.55	-11.69	0.4892597695390782	0.4892597695390782	11.32	-0.0	295.0	291.93	716.92	-183.4	0	1
PROTOTYPE	000247	04/15/18	18:06:38	0.4892597695390782	0.4892597695390782	11.41	-0.0	5.38185746492986	5.385771543086172	15.39	-9.94	0.4892597695390782	0.4892597695390782	11.41	-0.0	290.0	291.64	614.44	-80.89	0	1
PROTOTYPE	000248	04/15/18	18:06:40	0.4892597695390782	0.4892597695390782	11.45	-0.0	5.284005511022044	5.370115230460922	28.53	-23.45	0.4892597695390782	0.4892597695390782	11.45	-0.0	295.0	292.14	551.59	-143.76	0	1
PROTOTYPE	000249	04/15/18	18:06:41	0.4892597695390782	0.4892597695390782	11.61	-0.0	5.38185746492986	5.372072269539078	28.66	-19.93	0.4892597695390782	0.4892597695390782	11.61	-0.0	288.0	291.52	545.03	-137.19	0	1
PROTOTYPE	000250	04/15/18	18:06:43	0.4892597695390782	0.4892597695390782	11.75	-0.0	5.284005511022044	5.358372995991983	40.19	-31.94	0.4892597695390782	0.4892597695390782	11.75	-0.0	289.0	291.14	524.47	-116.61	0	1
PROTOTYPE	000251	04/15/18	18:06:44	0.4892597695390782	0.4892597695390782	11.98	-0.0	5.38185746492986	5.362287074148296	42.19	-27.15	0.4892597695390782	0.4892597695390782	11.98	-0.0	296.0	291.87	412.71	140.88	0	1
PROTOTYPE	000252	04/15/18	18:06:46	0.4892597695390782	0.4892597695390782	12.14	-0.0	5.284005511022044	5.350544839679359	52.53	-38.08	0.4892597695390782	0.4892597695390782	12.14	-0.0	279.0	289.94	598.71	-45.25	0	1
PROTOTYPE	000253	04/15/18	18:06:47	0.4892597695390782	0.4892597695390782	12.18	-0.0	5.38185746492986	5.355437437374749	55.86	-32.37	0.4892597695390782	0.4892597695390782	12.18	-0.0	285.0	289.2	573.72	-218.47	0	1
PROTOTYPE	000254	04/15/18	18:06:49	0.4892597695390782	0.4892597695390782	12.16	-0.0	5.284005511022044	5.34467372244489	65.23	-42.51	0.4892597695390782	0.4892597695390782	12.16	-0.0	301.0	290.97	696.47	-95.7	0	1
PROTOTYPE	000255	04/15/18	18:06:50	0.4892597695390782	0.4892597695390782	12.08	-0.0	5.284005511022044	5.335867046593187	72.99	-51.13	0.4892597695390782	0.4892597695390782	12.08	-0.0	286.0	290.22	742.09	-141.34	0	1
PROTOTYPE	000256	04/15/18	18:06:52	0.4892597695390782	0.4892597695390782	12.02	-0.0	5.284005511022044	5.3280388902805615	65.37	-43.46	0.4892597695390782	0.4892597695390782	12.02	-0.0	297.0	291.24	793.28	-90.14	0	1
PROTOTYPE	000257	04/15/18	18:06:54	0.4892597695390782	0.4892597695390782	11.84	-0.0	5.284005511022044	5.321189253507015	69.85	-51.94	0.4892597695390782	0.4892597695390782	11.84	-0.0	298.0	292.25	832.54	73.38	0	1
PROTOTYPE	000258	04/15/18	18:06:56	0.4892597695390782	0.4892597695390782	12.79	-0.0	5.284005511022044	5.315318136272546	62.5	-44.15	0.4892597695390782	0.4892597695390782	12.79	-0.0	284.0	291.02	918.54	-12.63	0	1
PROTOTYPE	000259	04/15/18	18:06:57	0.4892597695390782	0.4892597695390782	12.56	-0.0	5.284005511022044	5.310425538577155	63.65	-52.53	0.4892597695390782	0.4892597695390782	12.56	-0.0	293.0	291.31	875.45	-55.73	0	1
PROTOTYPE	000260	04/15/18	18:06:58	0.4892597695390782	0.4892597695390782	12.4	-0.0	5.284005511022044	5.306511460420841	55.9	-44.65	0.4892597695390782	0.4892597695390782	12.4	-0.0	294.0	291.72	722.69	177.63	0	1
PROTOTYPE	000261	04/15/18	18:07:00	0.4892597695390782	0.4892597695390782	12.34	-0.0	5.284005511022044	5.303575901803608	54.65	-52.95	0.4892597695390782	0.4892597695390782	12.34	-0.0	278.0	289.66	854.33	45.98	0	1
PROTOTYPE	000262	04/15/18	18:07:01	0.4892597695390782	0.4892597695390782	12.34	-0.0	5.284005511022044	5.300640343186373	46.94	-45.01	0.4892597695390782	0.4892597695390782	12.34	-0.0	291.0	289.86	697.47	-110.91	0	1
PROTOTYPE	000263	04/15/18	18:07:03	0.4892597695390782	0.4892597695390782	12.32	-0.0	5.284005511022044	5.297704784569139	40.44	-38.26	0.4892597695390782	0.4892597695390782	12.32	-0.0	286.0	289.28	680.84	-94.28	0	1
PROTOTYPE	000264	04/15/18	18:07:04	0.4892597695390782	0.4892597695390782	12.36	-0.0	5.284005511022044	5.295747745490981	35.0	-32.52	0.4892597695390782	0.4892597695390782	12.36	-0.0	294.0	289.99	649.99	-125.14	0	1
PROTOTYPE	000265	04/15/18	18:07:05	0.4892597695390782	0.4892597695390782	12.37	-0.0	5.284005511022044	5.293790706412826	30.46	-27.64	0.4892597695390782	0.4892597695390782	12.37	-0.0	295.0	290.74	623.76	-151.37	0	1
PROTOTYPE	000266	04/15/18	18:07:07	0.4892597695390782	0.4892597695390782	11.25	-0.0	5.284005511022044	5.292812186873748	26.32	-23.5	0.4892597695390782	0.4892597695390782	11.25	-0.0	291.0	290.78	504.05	-23.66	0	1
PROTOTYPE	000267	04/15/18	18:07:08	0.4892597695390782	0.4892597695390782	11.25	-0.0	5.284005511022044	5.290855147795591	23.2	-19.97	0.4892597695390782	0.4892597695390782	11.25	-0.0	284.0	289.76	575.96	-155.11	0	1
PROTOTYPE	000268	04/15/18	18:07:10	0.4892597695390782	0.4892597695390782	11.25	-0.0	5.284005511022044	5.289876628256513	20.65	-16.98	0.4892597695390782	0.4892597695390782	11.25	-0.0	286.0	289.2	592.1	-251.84	0	1
PROTOTYPE	000269	04/15/18	18:07:11	0.4892597695390782	0.4892597695390782	11.26	-0.0	5.284005511022044	5.288898108717435	18.58	-14.43	0.4892597695390782	0.4892597695390782	11.26	-0.0	289.0	289.17	389.64	-49.07	0	1
PROTOTYPE	000270	04/15/18	18:07:12	0.4892597695390782	0.4892597695390782	11.23	-0.0	5.284005511022044	5.288898108717435	16.9	-12.26	0.4892597695390782	0.4892597695390782	11.23	-0.0	282.0	288.09	477.01	-176.71	0	1
PROTOTYPE	000271	04/15/18	18:07:14	0.4892597695390782	0.4892597695390782	11.25	-0.0	5.284005511022044	5.287919589178357	15.58	-10.43	0.4892597695390782	0.4892597695390782	11.25	-0.0	284.0	287.48	480.51	-180.2	0	1
PROTOTYPE	000272	04/15/18	18:07:15	0.4892597695390782	0.4892597695390782	11.26	-0.0	5.284005511022044	5.286941069639279	14.55	-8.86	0.4892597695390782	0.4892597695390782	11.26	-0.0	290.0	287.86	447.55	-213.17	0	1
PROTOTYPE	000273	04/15/18	18:07:17	0.4892597695390782	0.4892597695390782	11.28	-0.0	5.284005511022044	5.286941069639279	13.76	-7.53	0.4892597695390782	0.4892597695390782	11.28	0.0	299.0	289.53	539.52	-121.2	0	1
PROTOTYPE	000274	04/15/18	18:07:18	0.4892597695390782	0.4892597695390782	11.28	-0.0	5.284005511022044	5.2859625501002006	13.12	-6.4	0.4892597695390782	0.4892597695390782	11.28	0.0	285.0	288.85	603.33	-193.02	0	1
PROTOTYPE	000275	04/15/18	18:07:19	0.4892597695390782	0.4892597695390782	11.26	-0.0	5.284005511022044	5.2859625501002006	12.63	-5.44	0.4892597695390782	0.4892597695390782	11.26	0.0	290.0	289.02	518.94	-74.06	0	1
PROTOTYPE	000276	04/15/18	18:07:21	0.4892597695390782	0.4892597695390782	11.25	-0.0	5.284005511022044	5.2859625501002006	12.26	-4.63	0.4892597695390782	0.4892597695390782	11.25	0.0	295.0	289.92	552.17	72.05	0	1
PROTOTYPE	000277	04/15/18	18:07:22	0.4892597695390782	0.4892597695390782	11.23	-0.0	5.284005511022044	5.284984030561122	11.97	-3.93	0.4892597695390782	0.4892597695390782	11.23	0.0	286.0	289.33	607.67	16.24	0	1
PROTOTYPE	000278	04/15/18	18:07:24	0.4892597695390782	0.4892597695390782	11.21	-0.0	5.284005511022044	5.284984030561122	11.75	-3.34	0.4892597695390782	0.4892597695390782	11.21	0.0	292.0	289.73	540.2	163.8	0	1
PROTOTYPE	000279	04/15/18	18:07:25	0.4892597695390782	0.4892597695390782	11.19	-0.0	5.284005511022044	5.284984030561122	11.58	-2.84	0.4892597695390782	0.4892597695390782	11.19	0.0	276.0	287.67	684.76	19.23	0	1
PROTOTYPE	000280	04/15/18	18:07:26	0.4892597695390782	0.4892597695390782	11.17	-0.0	5.284005511022044	5.284984030561122	11.46	-2.41	0.4892597695390782	0.4892597695390782	11.17	0.0	291.0	288.17	696.86	31.35	0	1
PROTOTYPE	000281	04/15/18	18:07:28	0.4892597695390782	0.4892597695390782	11.15	-0.0	5.284005511022044	5.284984030561122	11.36	-2.05	0.4892597695390782	0.4892597695390782	11.15	0.0	287.0	288.0	547.34	-153.35	0	1
PROTOTYPE	000282	04/15/18	18:07:29	0.4892597695390782	0.4892597695390782	11.15	-0.0	5.284005511022044	5.284984030561122	11.3	-1.74	0.4892597695390782	0.4892597695390782	11.15	0.0	293.0	288.75	554.47	-10.35	0	1
PROTOTYPE	000283	04/15/18	18:07:31	0.4892597695390782	0.4892597695390782	11.15	-0.0	5.284005511022044	5.284984030561122	11.26	-1.48	0.4892597695390782	0.4892597695390782	11.15	0.0	285.0	288.18	593.37	-83.8	0	1
PROTOTYPE	000284	04/15/18	18:07:32	0.4892597695390782	0.4892597695390782	11.16	-0.0	5.284005511022044	5.284005511022044	11.24	-1.26	0.4892597695390782	0.4892597695390782	11.16	0.0	290.0	288.46	530.96	-146.23	0	1
PROTOTYPE	000285	04/15/18	18:07:33	0.4892597695390782	0.4892597695390782	11.15	-0.0	5.284005511022044	5.284005511022044	11.21	-1.07	0.4892597695390782	0.4892597695390782	11.15	0.0	293.0	289.14	540.33	-19.29	0	1
PROTOTYPE	000286	04/15/18	18:07:35	0.4892597695390782	0.4892597695390782	11.19	-0.0	5.284005511022044	5.284005511022044	11.23	-0.91	0.4892597695390782	0.4892597695390782	11.19	0.0	289.0	289.12	502.78	-61.4	0	1
PROTOTYPE	000287	04/15/18	18:07:36	0.4892597695390782	0.4892597695390782	11.19	-0.0	5.284005511022044	5.284005511022044	11.22	-0.77	0.4892597695390782	0.4892597695390782	11.19	0.0	298.0	290.45	430.06	277.81	0	1
PROTOTYPE	000288	04/15/18	18:07:38	0.4892597695390782	0.4892597695390782	11.18	-0.0	5.284005511022044	5.284005511022044	11.2	-0.66	0.4892597695390782	0.4892597695390782	11.18	0.0	286.0	289.78	446.87	161.14	0	1
PROTOTYPE	000289	04/15/18	18:07:39	0.4892597695390782	0.4892597695390782	11.18	-0.0	5.284005511022044	5.284005511022044	11.19	-0.56	0.4892597695390782	0.4892597695390782	11.18	0.0	302.0	291.61	612.52	361.97	0	1
PROTOTYPE	000290	04/15/18	18:07:40	0.4892597695390782	0.4892597695390782	11.21	-0.0	5.284005511022044	5.284005511022044	11.22	-0.48	0.4892597695390782	0.4892597695390782	11.21	0.0	287.0	290.92	606.68	217.67	0	1
PROTOTYPE	000291	04/15/18	18:07:42	0.4892597695390782	0.4892597695390782	11.23	-0.0	5.284005511022044	5.284005511022044	11.24	-0.4	0.4892597695390782	0.4892597695390782	11.23	0.0	291.0	290.93	552.3	275.02	0	1
PROTOTYPE	000292	04/15/18	18:07:43	0.4892597695390782	0.4892597695390782	11.25	-0.0	5.284005511022044	5.284005511022044	11.25	-0.34	0.4892597695390782	0.4892597695390782	11.25	0.0	297.0	291.84	616.02	338.77	0	1
PROTOTYPE	000293	04/15/18	18:07:45	0.4892597695390782	0.4892597695390782	11.26	-0.0	5.284005511022044	5.284005511022044	11.26	-0.29	0.4892597695390782	0.4892597695390782	11.26	0.0	295.0	292.32	595.21	317.95	0	1
PROTOTYPE	000294	04/15/18	18:07:46	0.4892597695390782	0.4892597695390782	11.25	-0.0	5.284005511022044	5.284005511022044	11.25	-0.25	0.4892597695390782	0.4892597695390782	11.25	0.0	288.0	291.67	657.48	255.26	0	1
PROTOTYPE	000295	04/15/18	18:07:47	0.4892597695390782	0.4892597695390782	11.26	-0.0	5.1861535571142285	5.269327717935871	24.94	-15.21	0.4892597695390782	0.4892597695390782	11.26	0.0	287.0	290.97	594.29	51.97	0	1
PROTOTYPE	000296	04/15/18	18:07:49	0.4892597695390782	0.4892597695390782	11.25	-0.0	5.284005511022044	5.271284757014028	26.17	-12.93	0.4892597695390782	0.4892597695390782	11.25	0.0	293.0	291.27	558.02	149.18	0	1
PROTOTYPE	000297	04/15/18	18:07:50	0.4892597695390782	0.4892597695390782	11.25	-0.0	5.284005511022044	5.273241796092185	27.13	-10.99	0.4892597695390782	0.4892597695390782	11.25	0.0	291.0	291.23	379.09	-38.2	0	1
PROTOTYPE	000298	04/15/18	18:07:52	0.4892597695390782	0.4892597695390782	11.22	-0.0	5.284005511022044	5.2751988351703405	27.84	-9.34	0.4892597695390782	0.4892597695390782	11.22	0.0	301.0	292.7	456.37	177.53	0	1
PROTOTYPE	000299	04/15/18	18:07:53	0.4892597695390782	0.4892597695390782	11.2	-0.0	5.284005511022044	5.27617735470942	28.39	-7.94	0.4892597695390782	0.4892597695390782	11.2	0.0	283.0	291.24	600.02	30.9	0	1
PROTOTYPE	000300	04/15/18	18:07:54	0.4892597695390782	0.4892597695390782	11.19	-0.0	5.284005511022044	5.277155874248497	28.8	-6.75	0.4892597695390782	0.4892597695390782	11.19	0.0	296.0	291.96	580.39	11.26	0	1
PROTOTYPE	000301	04/15/18	18:07:56	0.4892597695390782	0.4892597695390782	11.2	-0.0	5.284005511022044	5.278134393787575	29.13	-5.74	0.4892597695390782	0.4892597695390782	11.2	0.0	296.0	292.56	593.69	24.58	0	1
PROTOTYPE	000302	04/15/18	18:07:57	0.4892597695390782	0.4892597695390782	11.19	-0.0	5.284005511022044	5.279112913326654	29.35	-4.88	0.4892597695390782	0.4892597695390782	11.19	0.0	288.0	291.88	597.38	20.89	0	1
PROTOTYPE	000303	04/15/18	18:07:59	0.4892597695390782	0.4892597695390782	11.18	-0.0	5.1861535571142285	5.26541363977956	28.62	-4.14	0.4892597695390782	0.4892597695390782	11.18	0.0	280.0	290.1	705.5	-87.24	0	1
PROTOTYPE	000304	04/15/18	18:08:00	0.4892597695390782	0.4892597695390782	11.19	-0.0	5.1861535571142285	5.253671405310621	38.21	-18.52	0.4892597695390782	0.4892597695390782	11.19	0.0	299.0	291.43	808.56	15.84	0	1
PROTOTYPE	000305	04/15/18	18:08:02	0.4892597695390782	0.4892597695390782	11.2	-0.0	5.284005511022044	5.257585483466933	40.73	-15.74	0.4892597695390782	0.4892597695390782	11.2	0.0	282.0	290.02	945.72	-121.53	0	1
PROTOTYPE	000306	04/15/18	18:08:03	0.4892597695390782	0.4892597695390782	11.22	-0.0	5.284005511022044	5.261499561623247	42.82	-13.38	0.4892597695390782	0.4892597695390782	11.22	0.0	290.0	290.01	800.64	-268.3	0	1
PROTOTYPE	000307	04/15/18	18:08:04	0.4892597695390782	0.4892597695390782	11.23	-0.0	5.284005511022044	5.26541363977956	44.53	-11.38	0.4892597695390782	0.4892597695390782	11.23	0.0	300.0	291.51	804.94	26.94	0	1
PROTOTYPE	000308	04/15/18	18:08:06	0.4892597695390782	0.4892597695390782	11.24	-0.0	5.1861535571142285	5.253671405310621	54.9	-24.67	0.4892597695390782	0.4892597695390782	11.24	0.0	297.0	292.34	815.9	37.9	0	1
PROTOTYPE	000309	04/15/18	18:08:07	0.4892597695390782	0.4892597695390782	11.23	-0.0	5.1861535571142285	5.242907690380761	63.59	-35.97	0.4892597695390782	0.4892597695390782	11.23	0.0	306.0	294.39	960.2	182.22	0	1
PROTOTYPE	000310	04/15/18	18:08:09	0.4892597695390782	0.4892597695390782	11.22	-0.0	5.1861535571142285	5.235079534068136	70.82	-45.57	0.4892597695390782	0.4892597695390782	11.22	0.0	298.0	294.93	945.98	304.88	0	1
PROTOTYPE	000311	04/15/18	18:08:10	0.4892597695390782	0.4892597695390782	11.25	-0.0	5.1861535571142285	5.227251377755511	64.05	-38.74	0.4892597695390782	0.4892597695390782	11.25	0.0	296.0	295.09	783.94	499.15	0	1
PROTOTYPE	000312	04/15/18	18:08:11	0.4892597695390782	0.4892597695390782	11.27	-0.0	5.1861535571142285	5.221380260521042	58.32	-32.93	0.4892597695390782	0.4892597695390782	11.27	0.0	294.0	294.93	666.78	349.28	0	1
PROTOTYPE	000313	04/15/18	18:08:13	0.4892597695390782	0.4892597695390782	11.26	-0.0	5.1861535571142285	5.215509143286573	58.99	-42.99	0.4892597695390782	0.4892597695390782	11.26	0.0	287.0	293.74	644.17	371.89	0	1
PROTOTYPE	000314	04/15/18	18:08:14	0.4892597695390782	0.4892597695390782	11.24	-0.0	5.1861535571142285	5.21159506513026	59.55	-51.54	0.4892597695390782	0.4892597695390782	11.24	0.0	286.0	292.58	758.79	256.1	0	1
PROTOTYPE	000315	04/15/18	18:08:16	0.4892597695390782	0.4892597695390782	11.25	-0.0	5.1861535571142285	5.207680986973948	60.02	-58.81	0.4892597695390782	0.4892597695390782	11.25	0.0	296.0	293.09	660.38	157.69	0	1
PROTOTYPE	000316	04/15/18	18:08:17	0.4892597695390782	0.4892597695390782	11.23	-0.0	5.1861535571142285	5.204745428356714	51.4	-49.99	0.4892597695390782	0.4892597695390782	11.23	0.0	290.0	292.63	624.43	29.03	0	1
PROTOTYPE	000317	04/15/18	18:08:18	0.4892597695390782	0.4892597695390782	11.23	-0.0	5.1861535571142285	5.201809869739479	44.14	-42.49	0.4892597695390782	0.4892597695390782	11.23	0.0	300.0	293.73	530.08	-65.32	0	1
PROTOTYPE	000318	04/15/18	18:08:20	0.4892597695390782	0.4892597695390782	11.26	-0.0	5.1861535571142285	5.199852830661323	38.04	-36.12	0.4892597695390782	0.4892597695390782	11.26	0.0	277.0	291.22	726.83	-370.52	0	1
PROTOTYPE	000319	04/15/18	18:08:21	0.4892597695390782	0.4892597695390782	11.26	-0.0	5.1861535571142285	5.196917272044088	32.94	-30.7	0.4892597695390782	0.4892597695390782	11.26	0.0	292.0	291.34	722.43	-374.94	0	1
PROTOTYPE	000320	04/15/18	18:08:23	0.4892597695390782	0.4892597695390782	11.26	-0.0	5.1861535571142285	5.19593875250501	28.69	-26.09	0.4892597695390782	0.4892597695390782	11.26	0.0	296.0	292.04	775.97	-288.7	0	1
PROTOTYPE	000321	04/15/18	18:08:24	0.4892597695390782	0.4892597695390782	11.26	-0.0	5.1861535571142285	5.1939817134268536	25.16	-22.18	0.4892597695390782	0.4892597695390782	11.26	0.0	276.0	289.63	897.66	-410.4	0	1
PROTOTYPE	000322	04/15/18	18:08:25	0.4892597695390782	0.4892597695390782	11.27	-0.0	5.1861535571142285	5.193003193887776	22.25	-18.85	0.4892597695390782	0.4892597695390782	11.27	0.0	293.0	290.14	832.14	-243.84	0	1
PROTOTYPE	000323	04/15/18	18:08:27	0.4892597695390782	0.4892597695390782	11.27	-0.0	5.1861535571142285	5.192024674348697	19.88	-16.02	0.4892597695390782	0.4892597695390782	11.27	0.0	279.0	288.47	947.83	-462.26	0	1
PROTOTYPE	000324	04/15/18	18:08:28	0.4892597695390782	0.4892597695390782	11.27	-0.0	5.1861535571142285	5.1910461548096185	17.96	-13.62	0.4892597695390782	0.4892597695390782	11.27	0.0	288.0	288.4	908.61	-422.92	0	1
PROTOTYPE	000325	04/15/18	18:08:30	0.4892597695390782	0.4892597695390782	11.34	-0.0	5.1861535571142285	5.190067635270541	16.47	-11.58	0.4892597695390782	0.4892597695390782	11.34	0.0	302.0	290.44	1002.04	-329.48	0	1
PROTOTYPE	000326	04/15/18	18:08:31	0.4892597695390782	0.4892597695390782	11.32	-0.0	5.1861535571142285	5.190067635270541	15.24	-9.84	0.4892597695390782	0.4892597695390782	11.32	0.0	287.0	289.92	802.63	-130.06	0	1
PROTOTYPE	000327	04/15/18	18:08:33	0.4892597695390782	0.4892597695390782	11.29	-0.0	5.1861535571142285	5.189089115731463	14.26	-8.37	0.4892597695390782	0.4892597695390782	11.29	0.0	285.0	289.18	864.72	-215.55	0	1
PROTOTYPE	000328	04/15/18	18:08:34	0.4892597695390782	0.4892597695390782	11.27	-0.0	5.1861535571142285	5.189089115731463	13.5	-7.11	0.4892597695390782	0.4892597695390782	11.27	0.0	299.0	290.66	942.05	-138.22	0	1
PROTOTYPE	000329	04/15/18	18:08:35	0.4892597695390782	0.4892597695390782	11.26	-0.0	5.088301603206413	5.173432803106212	26.94	-21.04	0.4892597695390782	0.4892597695390782	11.26	0.0	287.0	290.11	756.33	47.51	0	1
PROTOTYPE	000330	04/15/18	18:08:37	0.4892597695390782	0.4892597695390782	11.25	-0.0	5.088301603206413	5.160712049098197	38.22	-32.89	0.4892597695390782	0.4892597695390782	11.25	0.0	281.0	288.74	842.42	-139.61	0	1
PROTOTYPE	000331	04/15/18	18:08:38	0.4892597695390782	0.4892597695390782	11.25	-0.0	5.1861535571142285	5.164626127254509	40.58	-27.95	0.4892597695390782	0.4892597695390782	11.25	0.0	299.0	290.28	829.23	181.33	0	1
PROTOTYPE	000332	04/15/18	18:08:40	0.4892597695390782	0.4892597695390782	11.27	-0.0	5.1861535571142285	5.1675616858717435	42.5	-23.76	0.4892597695390782	0.4892597695390782	11.27	0.0	297.0	291.29	922.89	289.13	0	1
PROTOTYPE	000333	04/15/18	18:08:41	0.4892597695390782	0.4892597695390782	11.23	-0.0	5.1861535571142285	5.1704972444889785	43.99	-20.2	0.4892597695390782	0.4892597695390782	11.23	0.0	285.0	290.34	813.18	-9.24	0	1
PROTOTYPE	000334	04/15/18	18:08:42	0.4892597695390782	0.4892597695390782	11.23	-0.0	5.1861535571142285	5.173432803106212	45.21	-17.17	0.4892597695390782	0.4892597695390782	11.23	0.0	287.0	289.84	811.79	-7.85	0	1
PROTOTYPE	000335	04/15/18	18:08:44	0.4892597695390782	0.4892597695390782	11.23	-0.0	5.1861535571142285	5.175389842184369	46.17	-14.59	0.4892597695390782	0.4892597695390782	11.23	0.0	297.0	290.92	845.31	173.32	0	1
PROTOTYPE	000336	04/15/18	18:08:45	0.4892597695390782	0.4892597695390782	11.23	-0.0	5.1861535571142285	5.176368361723447	46.91	-12.4	0.39140781563126253	0.4745819764529058	24.89	-15.0	285.0	290.03	786.82	-62.67	0	1
PROTOTYPE	000337	04/15/18	18:08:47	0.4892597695390782	0.4892597695390782	11.23	-0.0	5.1861535571142285	5.1783254008016035	33.46	4.46	0.4892597695390782	0.4765390155310621	26.15	-12.75	295.0	290.77	806.54	66.73	0	1
PROTOTYPE	000338	04/15/18	18:08:48	0.4892597695390782	0.4892597695390782	11.23	-0.0	5.1861535571142285	5.179303920340681	22.16	18.79	0.4892597695390782	0.47849605460921835	27.12	-10.84	285.0	289.91	756.55	116.72	0	1
PROTOTYPE	000339	04/15/18	18:08:49	0.4892597695390782	0.4892597695390782	11.22	-0.0	5.1861535571142285	5.180282439879759	19.79	15.97	0.4892597695390782	0.48045309368737477	27.86	-9.21	272.0	287.22	871.3	-305.79	0	1
PROTOTYPE	000340	04/15/18	18:08:51	0.4892597695390782	0.4892597695390782	11.19	-0.0	5.088301603206413	5.166583166332665	30.38	-1.43	0.4892597695390782	0.48143161322645295	28.4	-7.83	293.0	288.09	857.17	-319.92	0	1
PROTOTYPE	000341	04/15/18	18:08:52	0.4892597695390782	0.4892597695390782	11.18	-0.0	5.088301603206413	5.154840931863728	39.31	-16.21	0.4892597695390782	0.482410132765531	28.81	-6.66	281.0	287.03	869.18	-331.93	0	1
PROTOTYPE	000342	04/15/18	18:08:54	0.4892597695390782	0.4892597695390782	11.21	-0.0	5.088301603206413	5.145055736472946	46.84	-28.78	0.4892597695390782	0.48338865230460926	29.15	-5.66	297.0	288.52	968.61	-132.14	0	1
PROTOTYPE	000343	04/15/18	18:08:55	0.4892597695390782	0.4892597695390782	11.23	-0.0	5.088301603206413	5.1362490606212425	53.16	-39.46	0.4892597695390782	0.48436717184368744	29.41	-4.81	292.0	289.04	913.44	-187.32	0	1
PROTOTYPE	000344	04/15/18	18:08:56	0.4892597695390782	0.4892597695390782	11.23	-0.0	5.1861535571142285	5.1440772169338675	58.71	-33.54	0.4892597695390782	0.4853456913827655	15.92	10.91	285.0	288.44	885.35	-159.22	0	1
PROTOTYPE	000345	04/15/18	18:08:58	0.4892597695390782	0.4892597695390782	11.22	-0.0	5.088301603206413	5.135270541082163	65.31	-43.51	0.4892597695390782	0.4863242109218437	14.79	9.28	295.0	289.42	909.23	-135.34	0	1
PROTOTYPE	000346	04/15/18	18:08:59	0.4892597695390782	0.4892597695390782	11.21	-0.0	5.088301603206413	5.128420904308617	70.81	-51.99	0.4892597695390782	0.4863242109218437	13.9	7.88	294.0	290.11	891.28	19.96	0	1
PROTOTYPE	000347	04/15/18	18:09:01	0.4892597695390782	0.4892597695390782	11.2	-0.0	5.088301603206413	5.122549787074148	75.35	-59.19	0.4892597695390782	0.4863242109218437	13.21	6.7	297.0	291.14	726.04	391.97	0	1
PROTOTYPE	000348	04/15/18	18:09:02	0.4892597695390782	0.4892597695390782	11.2	-0.0	5.088301603206413	5.1176571893787575	66.59	-50.31	0.4892597695390782	0.48730273046092193	12.69	5.7	300.0	292.47	772.24	438.17	0	1
PROTOTYPE	000349	04/15/18	18:09:03	0.4892597695390782	0.4892597695390782	11.18	-0.0	5.088301603206413	5.112764591683367	59.17	-42.76	0.4892597695390782	0.48730273046092193	12.28	4.84	287.0	291.65	747.97	462.45	0	1
PROTOTYPE	000350	04/15/18	18:09:05	0.4892597695390782	0.4892597695390782	11.14	-0.0	5.088301603206413	5.108850513527055	52.91	-36.35	0.4892597695390782	0.48730273046092193	11.95	4.12	300.0	292.9	723.6	438.08	0	1
PROTOTYPE	000351	04/15/18	18:09:06	0.4892597695390782	0.4892597695390782	11.11	-0.0	5.1861535571142285	5.1205927479959925	56.0	-15.9	0.4892597695390782	0.48828125	11.71	3.5	299.0	293.82	762.88	477.37	0	1
PROTOTYPE	000352	04/15/18	18:09:07	0.4892597695390782	0.4892597695390782	11.12	-0.0	5.088301603206413	5.115700150300602	53.41	-28.51	0.4892597695390782	0.48828125	11.56	2.97	293.0	293.69	714.55	525.76	0	1
PROTOTYPE	000353	04/15/18	18:09:09	0.4892597695390782	0.4892597695390782	11.13	-0.0	5.088301603206413	5.111786072144289	49.25	-24.23	0.4892597695390782	0.48828125	11.45	2.53	289.0	292.99	686.53	356.9	0	1
PROTOTYPE	000354	04/15/18	18:09:10	0.4892597695390782	0.4892597695390782	11.14	-0.0	5.088301603206413	5.107871993987976	45.74	-20.6	0.4892597695390782	0.48828125	11.37	2.15	289.0	292.39	677.71	228.36	0	1
PROTOTYPE	000355	04/15/18	18:09:12	0.4892597695390782	0.4892597695390782	11.14	-0.0	5.088301603206413	5.104936435370742	42.8	-17.51	0.4892597695390782	0.48828125	11.31	1.83	297.0	293.08	643.46	194.11	0	1
PROTOTYPE	000356	04/15/18	18:09:13	0.4892597695390782	0.4892597695390782	11.13	-0.0	5.088301603206413	5.102979396292586	40.33	-14.88	0.4892597695390782	0.48828125	11.25	1.55	290.0	292.62	556.85	14.99	0	1
PROTOTYPE	000357	04/15/18	18:09:14	0.4892597695390782	0.4892597695390782	11.13	-0.0	5.088301603206413	5.101022357214429	38.29	-12.65	0.4892597695390782	0.4892597695390782	11.22	1.32	288.0	291.93	544.1	27.74	0	1
PROTOTYPE	000358	04/15/18	18:09:16	0.4892597695390782	0.4892597695390782	11.14	-0.0	5.088301603206413	5.099065318136272	36.61	-10.75	0.4892597695390782	0.4892597695390782	11.2	1.12	291.0	291.79	432.83	-111.42	0	1
PROTOTYPE	000359	04/15/18	18:09:17	0.4892597695390782	0.4892597695390782	11.17	-0.0	5.088301603206413	5.097108279058117	26.87	-24.14	0.4892597695390782	0.4892597695390782	11.21	0.95	293.0	291.97	359.58	-184.71	0	1
PROTOTYPE	000360	04/15/18	18:09:19	0.4892597695390782	0.4892597695390782	11.17	-0.0	5.088301603206413	5.096129759519037	23.65	-20.52	0.4892597695390782	0.4892597695390782	11.2	0.81	279.0	290.02	541.8	-367.0	0	1
PROTOTYPE	000361	04/15/18	18:09:20	0.4892597695390782	0.4892597695390782	11.18	-0.0	5.088301603206413	5.09515123997996	21.01	-17.44	0.4892597695390782	0.4892597695390782	11.2	0.69	295.0	290.77	546.01	-221.95	0	1
PROTOTYPE	000362	04/15/18	18:09:21	0.4892597695390782	0.4892597695390782	11.19	-0.0	5.088301603206413	5.094172720440882	18.86	-14.83	0.4892597695390782	0.4892597695390782	11.21	0.59	299.0	292.01	609.58	-38.66	0	1
PROTOTYPE	000363	04/15/18	18:09:23	0.4892597695390782	0.4892597695390782	11.19	-0.0	5.088301603206413	5.093194200901803	17.13	-12.6	0.4892597695390782	0.4892597695390782	11.2	0.5	277.0	289.75	765.53	-332.86	0	1
PROTOTYPE	000364	04/15/18	18:09:24	0.4892597695390782	0.4892597695390782	11.22	-0.0	5.088301603206413	5.092215681362726	15.76	-10.71	0.4892597695390782	0.4892597695390782	11.23	0.42	291.0	289.94	738.0	-267.93	0	1
PROTOTYPE	000365	04/15/18	18:09:26	0.4892597695390782	0.4892597695390782	11.23	-0.0	5.088301603206413	5.091237161823647	14.68	-9.1	0.4892597695390782	0.4892597695390782	11.23	0.36	282.0	288.75	787.8	-317.74	0	1
PROTOTYPE	000366	04/15/18	18:09:27	0.4892597695390782	0.4892597695390782	11.24	-0.0	5.088301603206413	5.091237161823647	13.84	-7.74	0.4892597695390782	0.4892597695390782	11.24	0.31	283.0	287.89	860.08	-390.08	0	1
PROTOTYPE	000367	04/15/18	18:09:28	0.4892597695390782	0.4892597695390782	11.23	-0.0	5.088301603206413	5.090258642284569	13.17	-6.58	0.4892597695390782	0.4892597695390782	11.23	0.26	301.0	289.85	1038.55	-211.57	0	1
PROTOTYPE	000368	04/15/18	18:09:30	0.4892597695390782	0.4892597695390782	11.22	-0.0	5.088301603206413	5.090258642284569	12.67	-5.59	0.4892597695390782	0.4892597695390782	11.22	0.22	295.0	290.63	921.19	60.17	0	1
PROTOTYPE	000369	04/15/18	18:09:31	0.4892597695390782	0.4892597695390782	11.23	-0.0	5.088301603206413	5.090258642284569	12.3	-4.75	0.4892597695390782	0.4892597695390782	11.23	0.19	287.0	290.08	900.95	-68.86	0	1
PROTOTYPE	000370	04/15/18	18:09:33	0.4892597695390782	0.4892597695390782	11.22	-0.0	5.088301603206413	5.090258642284569	12.0	-4.04	0.4892597695390782	0.4892597695390782	11.22	0.16	299.0	291.42	911.28	-58.53	0	1
PROTOTYPE	000371	04/15/18	18:09:34	0.4892597695390782	0.4892597695390782	11.25	-0.0	5.088301603206413	5.089280122745491	11.82	-3.43	0.4892597695390782	0.4892597695390782	11.25	0.14	297.0	292.26	769.91	250.25	0	1
PROTOTYPE	000372	04/15/18	18:09:36	0.4892597695390782	0.4892597695390782	11.26	-0.0	5.088301603206413	5.089280122745491	11.68	-2.92	0.4892597695390782	0.4892597695390782	11.26	0.12	289.0	291.77	800.05	182.71	0	1
PROTOTYPE	000373	04/15/18	18:09:37	0.4892597695390782	0.4892597695390782	11.25	-0.0	5.088301603206413	5.089280122745491	11.55	-2.48	0.4892597695390782	0.4892597695390782	11.25	0.1	296.0	292.4	744.41	365.31	0	1
PROTOTYPE	000374	04/15/18	18:09:38	0.4892597695390782	0.4892597695390782	11.24	-0.0	5.088301603206413	5.089280122745491	11.46	-2.11	0.4892597695390782	0.4892597695390782	11.24	0.08	294.0	292.64	682.14	475.51	0	1
PROTOTYPE	000375	04/15/18	18:09:40	0.4892597695390782	0.4892597695390782	11.23	-0.0	5.088301603206413	5.089280122745491	11.39	-1.79	0.4892597695390782	0.4892597695390782	11.23	0.07	295.0	293.0	520.84	314.18	0	1
PROTOTYPE	000376	04/15/18	18:09:41	0.4892597695390782	0.4892597695390782	11.22	0.0	5.088301603206413	5.089280122745491	11.33	-1.52	0.4892597695390782	0.4892597695390782	11.22	0.06	269.0	289.4	803.59	-122.94	0	1
PROTOTYPE	000377	04/15/18	18:09:43	0.4892597695390782	0.4892597695390782	11.21	0.0	5.088301603206413	5.088301603206413	11.29	-1.3	0.4892597695390782	0.4892597695390782	11.21	0.05	281.0	288.14	875.14	-194.5	0	1
PROTOTYPE	000378	04/15/18	18:09:44	0.4892597695390782	0.4892597695390782	11.21	0.0	5.088301603206413	5.088301603206413	11.27	-1.1	0.4892597695390782	0.4892597695390782	11.21	0.04	301.0	290.07	934.31	-135.33	0	1
PROTOTYPE	000379	04/15/18	18:09:45	0.4892597695390782	0.4892597695390782	11.18	0.0	5.088301603206413	5.088301603206413	11.22	-0.94	0.4892597695390782	0.4892597695390782	11.18	0.04	298.0	291.26	969.6	-100.03	0	1
PROTOTYPE	000380	04/15/18	18:09:47	0.4892597695390782	0.4892597695390782	11.15	0.0	5.088301603206413	5.088301603206413	11.18	-0.8	0.4892597695390782	0.4892597695390782	11.15	0.03	297.0	292.12	1006.89	34.98	0	1
PROTOTYPE	000381	04/15/18	18:09:48	0.4892597695390782	0.4892597695390782	11.16	0.0	4.990449649298597	5.073623810120241	24.89	-15.68	0.4892597695390782	0.4892597695390782	11.16	0.03	288.0	291.5	1005.19	-90.27	0	1
PROTOTYPE	000382	04/15/18	18:09:50	0.4892597695390782	0.4892597695390782	11.17	0.0	4.990449649298597	5.060903056112225	36.35	-28.32	0.4892597695390782	0.4892597695390782	11.17	0.02	284.0	290.38	1093.71	-226.73	0	1
PROTOTYPE	000383	04/15/18	18:09:51	0.4892597695390782	0.4892597695390782	11.17	0.0	4.990449649298597	5.051117860721442	45.91	-39.08	0.4892597695390782	0.4892597695390782	11.17	0.02	300.0	291.82	1202.7	-117.72	0	1
PROTOTYPE	000384	04/15/18	18:09:52	0.4892597695390782	0.4892597695390782	11.17	0.0	4.990449649298597	5.041332665330661	53.86	-48.21	0.4892597695390782	0.4892597695390782	11.17	0.02	286.0	290.95	930.05	154.94	0	1
PROTOTYPE	000385	04/15/18	18:09:54	0.4892597695390782	0.4892597695390782	11.17	0.0	5.088301603206413	5.049160821643287	59.74	-40.98	0.4892597695390782	0.4892597695390782	11.17	0.01	289.0	290.65	833.32	251.7	0	1
PROTOTYPE	000386	04/15/18	18:09:55	0.4892597695390782	0.4892597695390782	11.17	0.0	4.990449649298597	5.040354145791583	67.38	-49.84	0.4892597695390782	0.4892597695390782	11.17	0.01	294.0	291.16	690.58	108.94	0	1
PROTOTYPE	000387	04/15/18	18:09:56	0.4892597695390782	0.4892597695390782	11.17	0.0	5.088301603206413	5.047203782565131	73.53	-42.36	0.4892597695390782	0.4892597695390782	11.17	0.01	284.0	290.08	678.92	-117.4	0	1
PROTOTYPE	000388	04/15/18	18:09:58	0.4892597695390782	0.4892597695390782	11.18	0.0	4.990449649298597	5.038397106713427	80.95	-51.01	0.4892597695390782	0.4892597695390782	11.18	0.01	291.0	290.22	606.59	-189.79	0	1
PROTOTYPE	000389	04/15/18	18:09:59	0.4892597695390782	0.4892597695390782	11.18	0.0	5.088301603206413	5.046225263026052	73.57	-28.35	0.4892597695390782	0.4892597695390782	11.18	0.01	300.0	291.69	691.5	18.68	0	1
PROTOTYPE	000390	04/15/18	18:10:01	0.4892597695390782	0.4892597695390782	11.16	0.0	5.088301603206413	5.052096380260521	67.32	-9.1	0.4892597695390782	0.4892597695390782	11.16	0.01	285.0	290.68	679.31	30.88	0	1
PROTOTYPE	000391	04/15/18	18:10:02	0.4892597695390782	0.4892597695390782	11.17	0.0	4.990449649298597	5.043289704408818	65.97	-7.74	0.4892597695390782	0.4892597695390782	11.17	0.01	294.0	291.18	584.69	-63.75	0	1
PROTOTYPE	000392	04/15/18	18:10:03	0.4892597695390782	0.4892597695390782	11.21	0.0	4.990449649298597	5.035461548096192	64.83	-6.58	0.4892597695390782	0.4892597695390782	11.21	0.0	297.0	292.05	584.68	110.81	0	1
PROTOTYPE	000393	04/15/18	18:10:05	0.4892597695390782	0.4892597695390782	11.2	0.0	4.990449649298597	5.0286119113226455	64.55	-20.59	0.4892597695390782	0.4892597695390782	11.2	0.0	279.0	290.1	751.27	-55.81	0	1
PROTOTYPE	000394	04/15/18	18:10:06	0.4892597695390782	0.4892597695390782	11.2	0.0	4.990449649298597	5.022740794088176	61.52	-17.5	0.4892597695390782	0.4892597695390782	11.2	0.0	289.0	289.93	717.57	-122.44	0	1
PROTOTYPE	000395	04/15/18	18:10:08	0.4892597695390782	0.4892597695390782	11.23	0.0	4.990449649298597	5.0178481963927855	59.14	-29.88	0.4892597695390782	0.4892597695390782	11.23	0.0	293.0	290.39	656.26	30.93	0	1
PROTOTYPE	000396	04/15/18	18:10:09	0.4892597695390782	0.4892597695390782	11.23	0.0	4.990449649298597	5.013934118236473	54.77	-25.39	0.4892597695390782	0.4892597695390782	11.23	0.0	293.0	290.78	681.58	56.29	0	1
PROTOTYPE	000397	04/15/18	18:10:10	0.4892597695390782	0.4892597695390782	11.22	0.0	4.990449649298597	5.01002004008016	50.88	-36.59	0.4892597695390782	0.4892597695390782	11.22	0.0	287.0	290.22	591.64	-147.16	0	1
PROTOTYPE	000398	04/15/18	18:10:12	0.4892597695390782	0.4892597695390782	11.22	0.0	4.990449649298597	5.007084481462926	47.62	-46.1	0.4892597695390782	0.4892597695390782	11.22	0.0	290.0	290.18	494.84	-50.08	0	1
PROTOTYPE	000399	04/15/18	18:10:13	0.4892597695390782	0.4892597695390782	11.21	0.0	4.990449649298597	5.00512744238477	40.95	-39.18	0.4892597695390782	0.4892597695390782	11.21	0.0	299.0	291.51	577.34	32.43	0	1
PROTOTYPE	000400	04/15/18	18:10:15	0.4892597695390782	0.4892597695390782	11.17	0.0	4.990449649298597	5.0021918837675345	35.35	-33.31	0.4892597695390782	0.4892597695390782	11.17	0.0	284.0	290.38	602.65	-167.43	0	1
PROTOTYPE	000401	04/15/18	18:10:16	0.4892597695390782	0.4892597695390782	11.18	0.0	4.990449649298597	5.001213364228457	30.68	-28.31	0.4892597695390782	0.4892597695390782	11.18	0.0	290.0	290.32	412.7	22.68	0	1
