Dev_id	Index	Date	Time	Sensor1	Sensor1_Filter	Sensor1_LL	Sensor1_Diff	Sensor2	Sensor2_Filter	Sensor2_LL	Sensor2_Diff	Sensor3	Sensor3_Filter	Sensor3_LL	Sensor3_Diff	Sensor4	Sensor4_Filter	Sensor4_LL	Sensor4_Diff	Heater_Status	FSM_Status
PROTOTYPE	015167	04/16/18	00:16:43	0.4892597695390782	0.4892597695390782	11.23	0.0	3.718374248496994	3.718374248496994	11.23	0.09	0.4892597695390782	0.4892597695390782	11.23	0.0	294.0	289.72	516.84	45.93	0	1
PROTOTYPE	015168	04/16/18	00:16:44	0.4892597695390782	0.4892597695390782	11.23	0.0	3.718374248496994	3.718374248496994	11.23	0.08	0.4892597695390782	0.4892597695390782	11.23	0.0	294.0	290.36	532.13	159.04	0	1
PROTOTYPE	015169	04/16/18	00:16:46	0.4892597695390782	0.4892597695390782	11.25	0.0	3.718374248496994	3.718374248496994	11.25	0.07	0.4892597695390782	0.4892597695390782	11.25	0.0	297.0	291.36	575.12	315.18	0	1
PROTOTYPE	015170	04/16/18	00:16:47	0.4892597695390782	0.4892597695390782	11.24	0.0	3.718374248496994	3.718374248496994	11.24	0.06	0.4892597695390782	0.4892597695390782	11.24	0.0	285.0	290.4	553.57	102.91	0	1
PROTOTYPE	015171	04/16/18	00:16:48	0.4892597695390782	0.4892597695390782	11.26	0.0	3.718374248496994	3.718374248496994	11.26	0.05	0.4892597695390782	0.4892597695390782	11.26	0.0	291.0	290.49	526.97	147.47	0	1
PROTOTYPE	015172	04/16/18	00:16:50	0.4892597695390782	0.4892597695390782	11.27	0.0	3.718374248496994	3.718374248496994	11.27	0.04	0.4892597695390782	0.4892597695390782	11.27	0.0	286.0	289.82	519.09	155.35	0	1
PROTOTYPE	015173	04/16/18	00:16:51	0.4892597695390782	0.4892597695390782	11.3	0.0	3.718374248496994	3.718374248496994	11.3	0.04	0.4892597695390782	0.4892597695390782	11.3	0.0	297.0	290.9	607.77	282.05	0	1
PROTOTYPE	015174	04/16/18	00:16:53	0.4892597695390782	0.4892597695390782	11.29	0.0	3.718374248496994	3.718374248496994	11.29	0.03	0.4892597695390782	0.4892597695390782	11.29	0.0	294.0	291.36	565.48	239.74	0	1
PROTOTYPE	015175	04/16/18	00:16:54	0.4892597695390782	0.4892597695390782	11.27	0.0	3.718374248496994	3.718374248496994	11.27	0.03	0.4892597695390782	0.4892597695390782	11.27	0.0	293.0	291.61	514.54	188.78	0	1
PROTOTYPE	015176	04/16/18	00:16:55	0.4892597695390782	0.4892597695390782	11.29	0.0	3.718374248496994	3.718374248496994	11.29	0.02	0.4892597695390782	0.4892597695390782	11.29	0.0	285.0	290.62	549.45	25.46	0	1
PROTOTYPE	015177	04/16/18	00:16:57	0.4892597695390782	0.4892597695390782	11.3	0.0	3.718374248496994	3.718374248496994	11.3	0.02	0.4892597695390782	0.4892597695390782	11.3	0.0	296.0	291.42	530.63	6.64	0	1
PROTOTYPE	015178	04/16/18	00:16:58	0.4892597695390782	0.4892597695390782	11.3	0.0	3.718374248496994	3.718374248496994	11.3	0.02	0.4892597695390782	0.4892597695390782	11.3	0.0	292.0	291.51	444.01	110.65	0	1
PROTOTYPE	015179	04/16/18	00:17:00	0.4892597695390782	0.4892597695390782	11.31	0.0	3.718374248496994	3.718374248496994	11.31	0.01	0.4892597695390782	0.4892597695390782	11.31	0.0	302.0	293.08	592.31	259.05	0	1
PROTOTYPE	015180	04/16/18	00:17:01	0.4892597695390782	0.4892597695390782	11.31	0.0	3.718374248496994	3.718374248496994	11.31	0.01	0.4892597695390782	0.4892597695390782	11.31	0.0	290.0	292.62	571.17	280.19	0	1
PROTOTYPE	015181	04/16/18	00:17:02	0.4892597695390782	0.4892597695390782	11.28	0.0	3.718374248496994	3.718374248496994	11.28	0.01	0.4892597695390782	0.4892597695390782	11.28	0.0	294.0	292.83	484.18	193.16	0	1
PROTOTYPE	015182	04/16/18	00:17:04	0.4892597695390782	0.4892597695390782	11.28	0.0	3.718374248496994	3.718374248496994	11.28	0.01	0.4892597695390782	0.4892597695390782	11.28	0.0	307.0	294.95	650.19	359.19	0	1
PROTOTYPE	015183	04/16/18	00:17:05	0.4892597695390782	0.4892597695390782	11.28	0.0	3.718374248496994	3.718374248496994	11.28	0.01	0.4892597695390782	0.4892597695390782	11.28	0.0	304.0	296.31	761.28	470.31	0	1
PROTOTYPE	015184	04/16/18	00:17:07	0.4892597695390782	0.4892597695390782	11.28	0.0	3.718374248496994	3.718374248496994	11.28	0.01	0.4892597695390782	0.4892597695390782	11.28	0.0	295.0	296.11	681.87	549.76	0	1
PROTOTYPE	015185	04/16/18	00:17:08	0.4892597695390782	0.4892597695390782	11.26	0.0	3.718374248496994	3.718374248496994	11.26	0.0	0.4892597695390782	0.4892597695390782	11.26	0.0	300.0	296.7	659.41	527.3	0	1
PROTOTYPE	015186	04/16/18	00:17:10	0.4892597695390782	0.4892597695390782	11.27	0.0	3.718374248496994	3.718374248496994	11.27	0.0	0.4892597695390782	0.4892597695390782	11.27	0.0	282.0	294.49	871.12	298.2	0	1
PROTOTYPE	015187	04/16/18	00:17:11	0.4892597695390782	0.4892597695390782	11.26	0.0	3.718374248496994	3.718374248496994	11.26	0.0	0.4892597695390782	0.4892597695390782	11.26	0.0	287.0	293.37	826.16	28.47	0	1
PROTOTYPE	015188	04/16/18	00:17:12	0.4892597695390782	0.4892597695390782	11.26	0.0	3.718374248496994	3.718374248496994	11.26	0.0	0.4892597695390782	0.4892597695390782	11.26	0.0	270.0	289.86	1130.42	-275.8	0	1
PROTOTYPE	015189	04/16/18	00:17:14	0.4892597695390782	0.4892597695390782	11.26	0.0	3.718374248496994	3.718374248496994	11.26	0.0	0.4892597695390782	0.4892597695390782	11.26	0.0	270.0	286.88	1407.64	-594.43	0	1
PROTOTYPE	015190	04/16/18	00:17:15	0.4892597695390782	0.4892597695390782	11.28	0.0	3.718374248496994	3.718374248496994	11.28	0.0	0.4892597695390782	0.4892597695390782	11.28	0.0	301.0	289.0	1406.81	-595.26	0	1
PROTOTYPE	015191	04/16/18	00:17:17	0.4892597695390782	0.4892597695390782	11.28	0.0	3.718374248496994	3.718374248496994	11.28	0.0	0.4892597695390782	0.4892597695390782	11.28	0.0	300.0	290.65	1436.09	-565.97	0	1
PROTOTYPE	015192	04/16/18	00:17:18	0.4892597695390782	0.4892597695390782	11.26	0.0	3.718374248496994	3.718374248496994	11.26	0.0	0.4892597695390782	0.4892597695390782	11.26	0.0	299.0	291.9	1541.62	-421.08	0	1
PROTOTYPE	015193	04/16/18	00:17:19	0.4892597695390782	0.4892597695390782	11.24	0.0	3.718374248496994	3.718374248496994	11.24	0.0	0.4892597695390782	0.4892597695390782	11.24	0.0	288.0	291.32	1541.89	-537.92	0	1
PROTOTYPE	015194	04/16/18	00:17:21	0.4892597695390782	0.4892597695390782	11.22	0.0	3.718374248496994	3.718374248496994	11.22	0.0	0.4892597695390782	0.4892597695390782	11.22	0.0	293.0	291.57	1346.7	-292.23	0	1
PROTOTYPE	015195	04/16/18	00:17:22	0.4892597695390782	0.4892597695390782	11.2	0.0	3.718374248496994	3.718374248496994	11.2	0.0	0.4892597695390782	0.4892597695390782	11.2	0.0	285.0	290.58	1332.86	-278.39	0	1
PROTOTYPE	015196	04/16/18	00:17:24	0.4892597695390782	0.4892597695390782	11.19	0.0	3.718374248496994	3.718374248496994	11.19	0.0	0.4892597695390782	0.4892597695390782	11.19	0.0	298.0	291.7	1093.57	183.36	0	1
PROTOTYPE	015197	04/16/18	00:17:25	0.4892597695390782	0.4892597695390782	11.19	0.0	3.718374248496994	3.718374248496994	11.19	0.0	0.4892597695390782	0.4892597695390782	11.19	0.0	290.0	291.44	821.11	455.86	0	1
PROTOTYPE	015198	04/16/18	00:17:26	0.4892597695390782	0.4892597695390782	11.19	0.0	3.718374248496994	3.718374248496994	11.19	0.0	0.4892597695390782	0.4892597695390782	11.19	0.0	302.0	293.03	767.73	402.48	0	1
PROTOTYPE	015199	04/16/18	00:17:28	0.4892597695390782	0.4892597695390782	11.18	0.0	3.718374248496994	3.718374248496994	11.18	0.0	0.4892597695390782	0.4892597695390782	11.18	0.0	294.0	293.17	617.42	252.11	0	1
PROTOTYPE	015200	04/16/18	00:17:29	0.4892597695390782	0.4892597695390782	11.21	0.0	3.718374248496994	3.718374248496994	11.21	0.0	0.4892597695390782	0.4892597695390782	11.21	0.0	296.0	293.6	534.62	169.29	0	1
PROTOTYPE	015201	04/16/18	00:17:31	0.4892597695390782	0.4892597695390782	11.21	0.0	3.718374248496994	3.718374248496994	11.21	0.0	0.4892597695390782	0.4892597695390782	11.21	0.0	263.0	289.01	935.0	-231.1	0	1
PROTOTYPE	015202	04/16/18	00:17:32	0.4892597695390782	0.4892597695390782	11.21	0.0	3.718374248496994	3.718374248496994	11.21	0.0	0.4892597695390782	0.4892597695390782	11.21	0.0	298.0	290.36	1044.63	-121.44	0	1
PROTOTYPE	015203	04/16/18	00:17:33	0.4892597695390782	0.4892597695390782	11.23	0.0	3.718374248496994	3.718374248496994	11.23	0.0	0.4892597695390782	0.4892597695390782	11.23	0.0	292.0	290.6	970.77	1.78	0	1
PROTOTYPE	015204	04/16/18	00:17:35	0.4892597695390782	0.4892597695390782	11.24	0.0	3.718374248496994	3.718374248496994	11.24	0.0	0.4892597695390782	0.4892597695390782	11.24	0.0	284.0	289.61	958.58	-208.49	0	1
PROTOTYPE	015205	04/16/18	00:17:36	0.4892597695390782	0.4892597695390782	11.24	0.0	3.718374248496994	3.718374248496994	11.24	0.0	0.4892597695390782	0.4892597695390782	11.24	0.0	288.0	289.37	957.31	-207.21	0	1
PROTOTYPE	015206	04/16/18	00:17:38	0.4892597695390782	0.4892597695390782	11.23	0.0	3.6205222945891786	3.703696455410822	24.88	-15.0	0.4892597695390782	0.4892597695390782	11.23	0.0	289.0	289.31	804.67	-371.13	0	1
PROTOTYPE	015207	04/16/18	00:17:39	0.4892597695390782	0.4892597695390782	11.27	0.0	3.6205222945891786	3.6909757014028055	36.32	-27.75	0.4892597695390782	0.4892597695390782	11.27	0.0	296.0	290.32	890.28	-285.46	0	1
PROTOTYPE	015208	04/16/18	00:17:40	0.4892597695390782	0.4892597695390782	11.23	0.0	3.6205222945891786	3.680211986472946	45.82	-38.59	0.4892597695390782	0.4892597695390782	11.23	0.0	285.0	289.52	927.62	-407.64	0	1
PROTOTYPE	015209	04/16/18	00:17:42	0.4892597695390782	0.4892597695390782	11.25	0.0	3.6205222945891786	3.671405310621243	53.75	-47.8	0.4892597695390782	0.4892597695390782	11.25	0.0	293.0	290.04	520.89	103.5	0	1
PROTOTYPE	015210	04/16/18	00:17:43	0.4892597695390782	0.4892597695390782	11.27	0.0	3.6205222945891786	3.663577154308617	60.31	-55.63	0.4892597695390782	0.4892597695390782	11.27	0.0	282.0	288.84	506.62	-152.02	0	1
PROTOTYPE	015211	04/16/18	00:17:45	0.4892597695390782	0.4892597695390782	11.26	0.0	3.6205222945891786	3.6577060370741483	65.7	-62.28	0.4892597695390782	0.4892597695390782	11.26	0.0	288.0	288.71	494.53	-189.22	0	1
PROTOTYPE	015212	04/16/18	00:17:46	0.4892597695390782	0.4892597695390782	11.26	0.0	3.718374248496994	3.6665127129258517	73.75	-52.94	0.4892597695390782	0.4892597695390782	11.26	0.0	292.0	289.2	444.85	-40.84	0	1
PROTOTYPE	015213	04/16/18	00:17:47	0.4892597695390782	0.4892597695390782	11.28	0.0	3.6205222945891786	3.6596630761523046	79.55	-60.0	0.4892597695390782	0.4892597695390782	11.28	0.0	294.0	289.92	492.59	55.29	0	1
PROTOTYPE	015214	04/16/18	00:17:49	0.4892597695390782	0.4892597695390782	11.28	0.0	3.6205222945891786	3.6537919589178363	70.64	-51.0	0.4892597695390782	0.4892597695390782	11.28	0.0	295.0	290.68	563.02	137.0	0	1
PROTOTYPE	015215	04/16/18	00:17:50	0.4892597695390782	0.4892597695390782	11.25	0.0	3.718374248496994	3.663577154308617	67.81	-28.35	0.4892597695390782	0.4892597695390782	11.25	0.0	293.0	291.03	497.49	71.45	0	1
PROTOTYPE	015216	04/16/18	00:17:52	0.4892597695390782	0.4892597695390782	11.25	0.0	3.718374248496994	3.671405310621243	65.42	-9.1	0.4892597695390782	0.4892597695390782	11.25	0.0	302.0	292.68	582.24	315.73	0	1
PROTOTYPE	015217	04/16/18	00:17:53	0.4892597695390782	0.4892597695390782	11.26	0.0	3.6205222945891786	3.663577154308617	64.07	-7.73	0.4892597695390782	0.4892597695390782	11.26	0.0	293.0	292.73	535.07	268.37	0	1
PROTOTYPE	015218	04/16/18	00:17:55	0.4892597695390782	0.4892597695390782	11.27	0.0	3.718374248496994	3.672383830160321	64.57	8.43	0.4892597695390782	0.4892597695390782	11.27	0.0	281.0	290.97	590.32	213.11	0	1
PROTOTYPE	015219	04/16/18	00:17:56	0.4892597695390782	0.4892597695390782	11.28	0.0	3.6205222945891786	3.664555673847696	65.81	7.16	0.4892597695390782	0.4892597695390782	11.28	0.0	299.0	292.17	698.22	346.15	0	1
PROTOTYPE	015220	04/16/18	00:17:57	0.4892597695390782	0.4892597695390782	11.28	0.0	3.718374248496994	3.672383830160321	64.75	6.09	0.4892597695390782	0.4892597695390782	11.28	0.0	289.0	291.7	696.45	249.23	0	1
PROTOTYPE	015221	04/16/18	00:17:59	0.4892597695390782	0.4892597695390782	11.25	0.0	3.718374248496994	3.679233466933868	64.71	20.18	0.4892597695390782	0.4892597695390782	11.25	0.0	293.0	291.89	644.1	196.84	0	1
PROTOTYPE	015222	04/16/18	00:18:00	0.4892597695390782	0.4892597695390782	11.26	0.0	3.718374248496994	3.6851045841683363	64.69	32.15	0.4892597695390782	0.4892597695390782	11.26	0.0	292.0	291.91	570.09	122.32	0	1
PROTOTYPE	015223	04/16/18	00:18:02	0.4892597695390782	0.4892597695390782	11.26	0.0	3.6205222945891786	3.6753193887775555	64.71	12.33	0.4892597695390782	0.4892597695390782	11.26	0.0	298.0	292.82	626.73	178.97	0	1
PROTOTYPE	015224	04/16/18	00:18:03	0.4892597695390782	0.4892597695390782	11.28	0.0	3.718374248496994	3.6821690255511026	62.9	10.48	0.4892597695390782	0.4892597695390782	11.28	0.0	299.0	293.75	554.89	107.12	0	1
PROTOTYPE	015225	04/16/18	00:18:04	0.4892597695390782	0.4892597695390782	11.27	0.0	3.718374248496994	3.687061623246493	60.68	23.91	0.4892597695390782	0.4892597695390782	11.27	0.0	283.0	292.14	711.07	-58.95	0	1
PROTOTYPE	015226	04/16/18	00:18:06	0.4892597695390782	0.4892597695390782	11.25	0.0	3.718374248496994	3.6919542209418834	57.18	20.32	0.4892597695390782	0.4892597695390782	11.25	0.0	297.0	292.87	608.15	189.9	0	1
PROTOTYPE	015227	04/16/18	00:18:07	0.4892597695390782	0.4892597695390782	11.27	0.0	3.718374248496994	3.695868299098197	53.41	32.27	0.4892597695390782	0.4892597695390782	11.27	0.0	290.0	292.44	530.66	26.41	0	1
PROTOTYPE	015228	04/16/18	00:18:09	0.4892597695390782	0.4892597695390782	11.28	0.0	3.718374248496994	3.6997823772545093	48.73	27.43	0.4892597695390782	0.4892597695390782	11.28	0.0	291.0	292.22	504.65	52.45	0	1
PROTOTYPE	015229	04/16/18	00:18:10	0.4892597695390782	0.4892597695390782	11.29	0.0	3.718374248496994	3.701739416332665	44.8	23.32	0.4892597695390782	0.4892597695390782	11.29	0.0	300.0	293.39	601.74	149.58	0	1
PROTOTYPE	015230	04/16/18	00:18:11	0.4892597695390782	0.4892597695390782	11.28	0.0	3.718374248496994	3.7046749749498997	41.51	19.82	0.4892597695390782	0.4892597695390782	11.28	0.0	287.0	292.43	695.4	52.15	0	1
PROTOTYPE	015231	04/16/18	00:18:13	0.4892597695390782	0.4892597695390782	11.3	0.0	3.718374248496994	3.7066320140280564	34.03	31.85	0.4892597695390782	0.4892597695390782	11.3	0.0	292.0	292.36	610.6	-45.68	0	1
PROTOTYPE	015232	04/16/18	00:18:14	0.4892597695390782	0.4892597695390782	11.29	0.0	3.718374248496994	3.7085890531062122	29.58	27.07	0.4892597695390782	0.4892597695390782	11.29	0.0	293.0	292.46	527.54	-128.83	0	1
PROTOTYPE	015233	04/16/18	00:18:16	0.4892597695390782	0.4892597695390782	11.3	0.0	3.718374248496994	3.70956757264529	25.91	23.01	0.4892597695390782	0.4892597695390782	11.3	0.0	273.0	289.54	658.22	-259.5	0	1
PROTOTYPE	015234	04/16/18	00:18:17	0.4892597695390782	0.4892597695390782	11.3	0.0	3.718374248496994	3.711524611723447	22.87	19.56	0.4892597695390782	0.4892597695390782	11.3	0.0	303.0	291.56	787.13	-130.58	0	1
PROTOTYPE	015235	04/16/18	00:18:19	0.4892597695390782	0.4892597695390782	11.36	0.0	3.718374248496994	3.7125031312625247	20.44	16.62	0.4892597695390782	0.4892597695390782	11.36	0.0	292.0	291.63	750.89	-80.99	0	1
PROTOTYPE	015236	04/16/18	00:18:20	0.4892597695390782	0.4892597695390782	11.35	0.0	3.718374248496994	3.7134816508016035	18.42	14.13	0.4892597695390782	0.4892597695390782	11.35	0.0	286.0	290.78	813.71	-143.84	0	1
PROTOTYPE	015237	04/16/18	00:18:21	0.4892597695390782	0.4892597695390782	11.39	0.0	3.718374248496994	3.7144601703406814	16.83	12.01	0.4892597695390782	0.4892597695390782	11.39	0.0	286.0	290.06	768.75	-332.27	0	1
PROTOTYPE	015238	04/16/18	00:18:23	0.4892597695390782	0.4892597695390782	11.38	0.0	3.718374248496994	3.7144601703406814	15.54	10.21	0.4892597695390782	0.4892597695390782	11.38	0.0	297.0	291.11	776.97	-132.43	0	1
PROTOTYPE	015239	04/16/18	00:18:24	0.4892597695390782	0.4892597695390782	11.37	0.0	3.718374248496994	3.7154386898797593	14.52	8.68	0.4892597695390782	0.4892597695390782	11.37	0.0	299.0	292.29	888.81	-7.56	0	1
PROTOTYPE	015240	04/16/18	00:18:26	0.4892597695390782	0.4892597695390782	11.37	0.0	3.718374248496994	3.7154386898797593	13.73	7.38	0.4892597695390782	0.4892597695390782	11.37	0.0	296.0	292.85	934.86	38.57	0	1
PROTOTYPE	015241	04/16/18	00:18:27	0.4892597695390782	0.4892597695390782	11.36	0.0	3.718374248496994	3.7164172094188377	13.12	6.27	0.4892597695390782	0.4892597695390782	11.36	0.0	275.0	290.17	910.64	62.79	0	1
PROTOTYPE	015242	04/16/18	00:18:28	0.4892597695390782	0.4892597695390782	11.36	0.0	3.718374248496994	3.7164172094188377	12.66	5.33	0.4892597695390782	0.4892597695390782	11.36	0.0	278.0	288.34	891.3	-321.63	0	1
PROTOTYPE	015243	04/16/18	00:18:30	0.4892597695390782	0.4892597695390782	11.27	0.0	3.718374248496994	3.7164172094188377	12.24	4.53	0.4892597695390782	0.4892597695390782	11.27	0.0	287.0	288.14	904.73	-348.39	0	1
PROTOTYPE	015244	04/16/18	00:18:31	0.4892597695390782	0.4892597695390782	11.27	0.0	3.718374248496994	3.717395728957916	11.98	3.85	0.4892597695390782	0.4892597695390782	11.27	0.0	293.0	288.87	893.21	-191.13	0	1
PROTOTYPE	015245	04/16/18	00:18:33	0.4892597695390782	0.4892597695390782	11.24	0.0	3.718374248496994	3.717395728957916	11.76	3.27	0.4892597695390782	0.4892597695390782	11.24	0.0	290.0	289.04	838.46	-102.46	0	1
PROTOTYPE	015246	04/16/18	00:18:34	0.4892597695390782	0.4892597695390782	11.25	0.0	3.718374248496994	3.717395728957916	11.63	2.78	0.4892597695390782	0.4892597695390782	11.25	0.0	284.0	288.28	810.04	-282.09	0	1
PROTOTYPE	015247	04/16/18	00:18:35	0.4892597695390782	0.4892597695390782	11.26	0.0	3.718374248496994	3.717395728957916	11.54	2.36	0.4892597695390782	0.4892597695390782	11.26	0.0	294.0	289.14	777.36	-314.78	0	1
PROTOTYPE	015248	04/16/18	00:18:37	0.4892597695390782	0.4892597695390782	11.27	0.0	3.718374248496994	3.717395728957916	11.47	2.01	0.4892597695390782	0.4892597695390782	11.27	0.0	297.0	290.32	839.57	-252.56	0	1
PROTOTYPE	015249	04/16/18	00:18:38	0.4892597695390782	0.4892597695390782	11.27	0.0	3.718374248496994	3.717395728957916	11.41	1.71	0.4892597695390782	0.4892597695390782	11.27	0.0	288.0	289.97	606.71	-19.68	0	1
PROTOTYPE	015250	04/16/18	00:18:40	0.4892597695390782	0.4892597695390782	11.27	0.0	3.718374248496994	3.717395728957916	11.37	1.45	0.4892597695390782	0.4892597695390782	11.27	0.0	288.0	289.68	453.78	133.28	0	1
PROTOTYPE	015251	04/16/18	00:18:41	0.4892597695390782	0.4892597695390782	11.27	0.0	3.718374248496994	3.718374248496994	11.34	1.23	0.4892597695390782	0.4892597695390782	11.27	0.0	290.0	289.72	438.63	158.28	0	1
PROTOTYPE	015252	04/16/18	00:18:43	0.4892597695390782	0.4892597695390782	11.28	0.0	3.718374248496994	3.718374248496994	11.33	1.05	0.4892597695390782	0.4892597695390782	11.28	0.0	271.0	286.92	646.63	-195.46	0	1
PROTOTYPE	015253	04/16/18	00:18:44	0.4892597695390782	0.4892597695390782	11.28	0.0	3.718374248496994	3.718374248496994	11.32	0.89	0.4892597695390782	0.4892597695390782	11.28	0.0	292.0	287.68	705.9	-136.14	0	1
PROTOTYPE	015254	04/16/18	00:18:45	0.4892597695390782	0.4892597695390782	11.28	0.0	3.718374248496994	3.718374248496994	11.31	0.76	0.4892597695390782	0.4892597695390782	11.28	0.0	279.0	286.38	760.47	-190.72	0	1
PROTOTYPE	015255	04/16/18	00:18:47	0.4892597695390782	0.4892597695390782	11.26	0.0	3.718374248496994	3.718374248496994	11.28	0.64	0.4892597695390782	0.4892597695390782	11.26	0.0	297.0	287.97	834.08	-117.11	0	1
PROTOTYPE	015256	04/16/18	00:18:48	0.4892597695390782	0.4892597695390782	11.25	0.0	3.718374248496994	3.718374248496994	11.26	0.55	0.4892597695390782	0.4892597695390782	11.25	0.0	296.0	289.17	836.64	-114.54	0	1
PROTOTYPE	015257	04/16/18	00:18:50	0.4892597695390782	0.4892597695390782	11.25	0.0	3.718374248496994	3.718374248496994	11.26	0.47	0.4892597695390782	0.4892597695390782	11.25	0.0	283.0	288.25	894.44	-172.36	0	1
PROTOTYPE	015258	04/16/18	00:18:51	0.4892597695390782	0.4892597695390782	11.27	0.0	3.718374248496994	3.718374248496994	11.28	0.4	0.4892597695390782	0.4892597695390782	11.27	0.0	293.0	288.96	936.11	-71.51	0	1
PROTOTYPE	015259	04/16/18	00:18:52	0.4892597695390782	0.4892597695390782	11.26	0.0	3.718374248496994	3.718374248496994	11.26	0.34	0.4892597695390782	0.4892597695390782	11.26	0.0	290.0	289.12	946.7	-60.78	0	1
PROTOTYPE	015260	04/16/18	00:18:54	0.4892597695390782	0.4892597695390782	11.26	0.0	3.718374248496994	3.718374248496994	11.26	0.29	0.4892597695390782	0.4892597695390782	11.26	0.0	289.0	289.1	668.08	218.34	0	1
PROTOTYPE	015261	04/16/18	00:18:55	0.4892597695390782	0.4892597695390782	11.25	0.0	3.718374248496994	3.718374248496994	11.25	0.24	0.4892597695390782	0.4892597695390782	11.25	0.0	299.0	290.58	740.32	290.58	0	1
PROTOTYPE	015262	04/16/18	00:18:57	0.4892597695390782	0.4892597695390782	11.23	0.0	3.718374248496994	3.718374248496994	11.23	0.21	0.4892597695390782	0.4892597695390782	11.23	0.0	290.0	290.5	619.01	412.0	0	1
PROTOTYPE	015263	04/16/18	00:18:58	0.4892597695390782	0.4892597695390782	11.24	0.0	3.8162262024048097	3.733052041583166	24.91	15.18	0.4892597695390782	0.4892597695390782	11.24	0.0	291.0	290.57	467.33	260.2	0	1
PROTOTYPE	015264	04/16/18	00:18:59	0.4892597695390782	0.4892597695390782	11.25	0.0	3.718374248496994	3.7310950025050107	26.15	12.9	0.4892597695390782	0.4892597695390782	11.25	0.0	286.0	289.89	415.48	71.17	0	1
PROTOTYPE	015265	04/16/18	00:19:01	0.4892597695390782	0.4892597695390782	11.25	0.0	3.718374248496994	3.7291379634268536	27.11	10.96	0.4892597695390782	0.4892597695390782	11.25	0.0	294.0	290.5	384.57	225.49	0	1
PROTOTYPE	015266	04/16/18	00:19:02	0.4892597695390782	0.4892597695390782	11.22	0.0	3.718374248496994	3.7271809243486977	27.82	9.32	0.4892597695390782	0.4892597695390782	11.22	0.0	286.0	289.83	380.85	86.67	0	1
PROTOTYPE	015267	04/16/18	00:19:04	0.4892597695390782	0.4892597695390782	11.25	0.0	3.718374248496994	3.726202404809619	28.41	7.92	0.4892597695390782	0.4892597695390782	11.25	0.0	285.0	289.1	437.64	-1.33	0	1
PROTOTYPE	015268	04/16/18	00:19:05	0.4892597695390782	0.4892597695390782	11.25	0.0	3.718374248496994	3.7252238852705415	28.83	6.73	0.4892597695390782	0.4892597695390782	11.25	0.0	296.0	290.14	538.84	103.87	0	1
PROTOTYPE	015269	04/16/18	00:19:06	0.4892597695390782	0.4892597695390782	11.25	0.0	3.8162262024048097	3.7389231588176353	41.51	20.72	0.4892597695390782	0.4892597695390782	11.25	0.0	287.0	289.67	437.42	-91.71	0	1
PROTOTYPE	015270	04/16/18	00:19:08	0.4892597695390782	0.4892597695390782	11.26	0.0	3.718374248496994	3.7359876002004007	43.51	17.61	0.4892597695390782	0.4892597695390782	11.26	0.0	290.0	289.72	433.72	-77.96	0	1
PROTOTYPE	015271	04/16/18	00:19:09	0.4892597695390782	0.4892597695390782	11.26	0.0	3.8162262024048097	3.7477298346693386	40.88	14.97	0.4892597695390782	0.4892597695390782	11.26	0.0	282.0	288.56	541.82	-201.26	0	1
PROTOTYPE	015272	04/16/18	00:19:11	0.4892597695390782	0.4892597695390782	11.26	0.0	3.718374248496994	3.7428372369739478	42.94	12.73	0.4892597695390782	0.4892597695390782	11.26	0.0	283.0	287.73	556.63	-216.07	0	1
PROTOTYPE	015273	04/16/18	00:19:12	0.4892597695390782	0.4892597695390782	11.26	0.0	3.718374248496994	3.739901678356713	44.64	10.82	0.4892597695390782	0.4892597695390782	11.26	0.0	279.0	286.42	625.8	-408.66	0	1
PROTOTYPE	015274	04/16/18	00:19:13	0.4892597695390782	0.4892597695390782	11.26	0.0	3.718374248496994	3.7359876002004007	46.03	9.2	0.4892597695390782	0.4892597695390782	11.26	0.0	287.0	286.5	567.09	-332.36	0	1
PROTOTYPE	015275	04/16/18	00:19:15	0.4892597695390782	0.4892597695390782	11.26	0.0	3.718374248496994	3.7340305611222444	47.15	7.82	0.4892597695390782	0.4892597695390782	11.26	0.0	296.0	287.93	637.1	-117.51	0	1
PROTOTYPE	015276	04/16/18	00:19:16	0.4892597695390782	0.4892597695390782	11.28	0.0	3.718374248496994	3.7310950025050107	48.06	6.64	0.4892597695390782	0.4892597695390782	11.28	0.0	292.0	288.54	594.73	-159.88	0	1
PROTOTYPE	015277	04/16/18	00:19:18	0.4892597695390782	0.4892597695390782	11.3	0.0	3.8162262024048097	3.7438157565130257	47.07	5.65	0.4892597695390782	0.4892597695390782	11.3	0.0	276.0	286.66	735.73	-300.9	0	1
PROTOTYPE	015278	04/16/18	00:19:19	0.4892597695390782	0.4892597695390782	11.33	0.0	3.718374248496994	3.739901678356713	47.87	4.8	0.4892597695390782	0.4892597695390782	11.33	0.0	297.0	288.21	885.68	-150.76	0	1
PROTOTYPE	015279	04/16/18	00:19:21	0.4892597695390782	0.4892597695390782	11.32	0.0	3.718374248496994	3.736966119739479	39.05	-10.92	0.4892597695390782	0.4892597695390782	11.32	0.0	300.0	289.98	946.77	141.85	0	1
PROTOTYPE	015280	04/16/18	00:19:22	0.4892597695390782	0.4892597695390782	11.32	0.0	3.718374248496994	3.7340305611222444	37.53	-9.28	0.4892597695390782	0.4892597695390782	11.32	0.0	288.0	289.68	893.07	195.57	0	1
PROTOTYPE	015281	04/16/18	00:19:23	0.4892597695390782	0.4892597695390782	11.31	0.0	3.718374248496994	3.732073522044088	36.26	-7.89	0.4892597695390782	0.4892597695390782	11.31	0.0	284.0	288.83	847.41	241.24	0	1
PROTOTYPE	015282	04/16/18	00:19:25	0.4892597695390782	0.4892597695390782	11.34	0.0	3.718374248496994	3.7301164829659315	35.23	-6.71	0.4892597695390782	0.4892597695390782	11.34	0.0	292.0	289.3	886.14	280.05	0	1
PROTOTYPE	015283	04/16/18	00:19:26	0.4892597695390782	0.4892597695390782	11.32	0.0	3.718374248496994	3.728159443887776	34.37	-5.7	0.4892597695390782	0.4892597695390782	11.32	0.0	295.0	290.16	829.13	223.04	0	1
PROTOTYPE	015284	04/16/18	00:19:28	0.4892597695390782	0.4892597695390782	11.3	0.0	3.718374248496994	3.726202404809619	33.68	-4.85	0.4892597695390782	0.4892597695390782	11.3	0.0	297.0	291.19	870.67	264.59	0	1
PROTOTYPE	015285	04/16/18	00:19:29	0.4892597695390782	0.4892597695390782	11.3	0.0	3.718374248496994	3.7252238852705415	22.49	-19.12	0.4892597695390782	0.4892597695390782	11.3	0.0	296.0	291.91	754.81	524.9	0	1
PROTOTYPE	015286	04/16/18	00:19:30	0.4892597695390782	0.4892597695390782	11.28	0.0	3.718374248496994	3.724245365731463	20.07	-16.25	0.4892597695390782	0.4892597695390782	11.28	0.0	289.0	291.47	643.31	326.16	0	1
PROTOTYPE	015287	04/16/18	00:19:32	0.4892597695390782	0.4892597695390782	11.31	0.0	3.718374248496994	3.7232668461923843	18.14	-13.81	0.4892597695390782	0.4892597695390782	11.31	0.0	286.0	290.65	548.54	67.24	0	1
PROTOTYPE	015288	04/16/18	00:19:33	0.4892597695390782	0.4892597695390782	11.31	0.0	3.718374248496994	3.722288326653307	16.57	-11.74	0.4892597695390782	0.4892597695390782	11.31	0.0	298.0	291.75	629.08	207.15	0	1
PROTOTYPE	015289	04/16/18	00:19:35	0.4892597695390782	0.4892597695390782	11.31	0.0	3.718374248496994	3.722288326653307	15.32	-9.98	0.4892597695390782	0.4892597695390782	11.31	0.0	304.0	293.59	727.55	476.08	0	1
PROTOTYPE	015290	04/16/18	00:19:36	0.4892597695390782	0.4892597695390782	11.29	0.0	3.718374248496994	3.7213098071142285	14.33	-8.48	0.4892597695390782	0.4892597695390782	11.29	0.0	297.0	294.1	731.14	479.67	0	1
PROTOTYPE	015291	04/16/18	00:19:38	0.4892597695390782	0.4892597695390782	11.29	0.0	3.718374248496994	3.7213098071142285	13.57	-7.21	0.4892597695390782	0.4892597695390782	11.29	0.0	283.0	292.44	812.23	227.72	0	1
PROTOTYPE	015292	04/16/18	00:19:39	0.4892597695390782	0.4892597695390782	11.27	0.0	3.718374248496994	3.7203312875751506	12.97	-6.13	0.4892597695390782	0.4892597695390782	11.27	0.0	290.0	292.07	746.18	88.56	0	1
PROTOTYPE	015293	04/16/18	00:19:40	0.4892597695390782	0.4892597695390782	11.26	0.0	3.718374248496994	3.7203312875751506	12.52	-5.21	0.4892597695390782	0.4892597695390782	11.26	0.0	288.0	291.46	735.03	-44.72	0	1
PROTOTYPE	015294	04/16/18	00:19:42	0.4892597695390782	0.4892597695390782	11.26	0.0	3.718374248496994	3.7203312875751506	12.19	-4.43	0.4892597695390782	0.4892597695390782	11.26	0.0	288.0	290.94	743.31	-53.02	0	1
PROTOTYPE	015295	04/16/18	00:19:43	0.4892597695390782	0.4892597695390782	11.23	0.0	3.718374248496994	3.7193527680360723	11.91	-3.76	0.4892597695390782	0.4892597695390782	11.23	0.0	293.0	291.25	692.14	59.94	0	1
PROTOTYPE	015296	04/16/18	00:19:45	0.4892597695390782	0.4892597695390782	11.22	0.0	3.8162262024048097	3.7340305611222444	25.16	11.8	0.4892597695390782	0.4892597695390782	11.22	0.0	297.0	292.11	668.16	35.95	0	1
PROTOTYPE	015297	04/16/18	00:19:46	0.4892597695390782	0.4892597695390782	11.23	0.0	3.718374248496994	3.732073522044088	26.42	10.03	0.4892597695390782	0.4892597695390782	11.23	0.0	296.0	292.7	542.78	-89.45	0	1
PROTOTYPE	015298	04/16/18	00:19:47	0.4892597695390782	0.4892597695390782	11.25	0.0	3.718374248496994	3.7301164829659315	27.42	8.53	0.4892597695390782	0.4892597695390782	11.25	0.0	299.0	293.64	586.18	-46.03	0	1
PROTOTYPE	015299	04/16/18	00:19:49	0.4892597695390782	0.4892597695390782	11.27	0.0	3.718374248496994	3.728159443887776	28.2	7.25	0.4892597695390782	0.4892597695390782	11.27	0.0	295.0	293.85	440.08	140.88	0	1
PROTOTYPE	015300	04/16/18	00:19:50	0.4892597695390782	0.4892597695390782	11.28	0.0	3.718374248496994	3.726202404809619	28.79	6.16	0.4892597695390782	0.4892597695390782	11.28	0.0	292.0	293.57	431.22	149.74	0	1
PROTOTYPE	015301	04/16/18	00:19:52	0.4892597695390782	0.4892597695390782	11.29	0.0	3.718374248496994	3.7252238852705415	29.25	5.24	0.4892597695390782	0.4892597695390782	11.29	0.0	290.0	293.03	423.69	157.28	0	1
PROTOTYPE	015302	04/16/18	00:19:53	0.4892597695390782	0.4892597695390782	11.28	0.0	3.718374248496994	3.724245365731463	29.57	4.45	0.4892597695390782	0.4892597695390782	11.28	0.0	285.0	291.83	492.27	88.69	0	1
PROTOTYPE	015303	04/16/18	00:19:54	0.4892597695390782	0.4892597695390782	11.29	0.0	3.718374248496994	3.7232668461923843	29.83	3.78	0.4892597695390782	0.4892597695390782	11.29	0.0	302.0	293.35	613.94	210.39	0	1
PROTOTYPE	015304	04/16/18	00:19:56	0.4892597695390782	0.4892597695390782	11.29	0.0	3.718374248496994	3.722288326653307	16.58	-11.78	0.4892597695390782	0.4892597695390782	11.29	0.0	294.0	293.45	537.47	133.83	0	1
PROTOTYPE	015305	04/16/18	00:19:57	0.4892597695390782	0.4892597695390782	11.29	0.0	3.718374248496994	3.722288326653307	15.33	-10.02	0.4892597695390782	0.4892597695390782	11.29	0.0	282.0	291.73	650.91	-96.25	0	1
PROTOTYPE	015306	04/16/18	00:19:59	0.4892597695390782	0.4892597695390782	11.29	0.0	3.718374248496994	3.7213098071142285	14.35	-8.51	0.4892597695390782	0.4892597695390782	11.29	0.0	299.0	292.82	665.35	-81.81	0	1
PROTOTYPE	015307	04/16/18	00:20:00	0.4892597695390782	0.4892597695390782	11.29	0.0	3.718374248496994	3.7213098071142285	13.59	-7.24	0.4892597695390782	0.4892597695390782	11.29	0.0	295.0	293.15	677.6	-69.54	0	1
PROTOTYPE	015308	04/16/18	00:20:02	0.4892597695390782	0.4892597695390782	11.31	0.0	3.718374248496994	3.7203312875751506	13.02	-6.15	0.4892597695390782	0.4892597695390782	11.31	0.0	284.0	291.78	787.14	-179.11	0	1
PROTOTYPE	015309	04/16/18	00:20:03	0.4892597695390782	0.4892597695390782	11.29	0.0	3.718374248496994	3.7203312875751506	12.56	-5.23	0.4892597695390782	0.4892597695390782	11.29	0.0	299.0	292.86	841.95	-17.24	0	1
PROTOTYPE	015310	04/16/18	00:20:04	0.4892597695390782	0.4892597695390782	11.38	0.0	3.718374248496994	3.7203312875751506	12.31	-4.44	0.4892597695390782	0.4892597695390782	11.38	0.0	295.0	293.18	753.57	135.35	0	1
PROTOTYPE	015311	04/16/18	00:20:06	0.4892597695390782	0.4892597695390782	11.37	0.0	3.718374248496994	3.7193527680360723	12.05	-3.78	0.4892597695390782	0.4892597695390782	11.37	0.0	288.0	292.4	678.72	-94.96	0	1
PROTOTYPE	015312	04/16/18	00:20:07	0.4892597695390782	0.4892597695390782	11.39	0.0	3.718374248496994	3.7193527680360723	11.89	-3.21	0.4892597695390782	0.4892597695390782	11.39	0.0	293.0	292.49	677.97	-95.71	0	1
PROTOTYPE	015313	04/16/18	00:20:09	0.4892597695390782	0.4892597695390782	11.39	0.0	3.718374248496994	3.7193527680360723	11.75	-2.73	0.4892597695390782	0.4892597695390782	11.39	0.0	302.0	293.92	648.81	218.64	0	1
PROTOTYPE	015314	04/16/18	00:20:10	0.4892597695390782	0.4892597695390782	11.37	0.0	3.718374248496994	3.7193527680360723	11.63	-2.32	0.4892597695390782	0.4892597695390782	11.37	0.0	286.0	292.73	658.6	-9.15	0	1
PROTOTYPE	015315	04/16/18	00:20:11	0.4892597695390782	0.4892597695390782	11.35	0.0	3.718374248496994	3.7193527680360723	11.54	-1.97	0.4892597695390782	0.4892597695390782	11.35	0.0	297.0	293.37	689.96	22.22	0	1
PROTOTYPE	015316	04/16/18	00:20:13	0.4892597695390782	0.4892597695390782	11.33	0.0	3.718374248496994	3.7193527680360723	11.47	-1.68	0.4892597695390782	0.4892597695390782	11.33	0.0	288.0	292.57	633.29	78.89	0	1
PROTOTYPE	015317	04/16/18	00:20:14	0.4892597695390782	0.4892597695390782	11.35	0.0	3.718374248496994	3.7193527680360723	11.45	-1.42	0.4892597695390782	0.4892597695390782	11.35	0.0	280.0	290.68	713.44	-217.95	0	1
PROTOTYPE	015318	04/16/18	00:20:16	0.4892597695390782	0.4892597695390782	11.28	0.0	3.718374248496994	3.718374248496994	11.35	-1.21	0.4892597695390782	0.4892597695390782	11.28	0.0	289.0	290.43	706.58	-275.25	0	1
PROTOTYPE	015319	04/16/18	00:20:17	0.4892597695390782	0.4892597695390782	11.29	0.0	3.718374248496994	3.718374248496994	11.34	-1.03	0.4892597695390782	0.4892597695390782	11.29	0.0	294.0	290.96	682.42	-143.97	0	1
PROTOTYPE	015320	04/16/18	00:20:19	0.4892597695390782	0.4892597695390782	11.28	0.0	3.718374248496994	3.718374248496994	11.32	-0.88	0.4892597695390782	0.4892597695390782	11.28	0.0	294.0	291.42	718.93	-107.37	0	1
PROTOTYPE	015321	04/16/18	00:20:20	0.4892597695390782	0.4892597695390782	11.27	0.0	3.718374248496994	3.718374248496994	11.3	-0.74	0.4892597695390782	0.4892597695390782	11.27	0.0	291.0	291.36	582.78	-256.27	0	1
PROTOTYPE	015322	04/16/18	00:20:21	0.4892597695390782	0.4892597695390782	11.28	0.0	3.718374248496994	3.718374248496994	11.3	-0.63	0.4892597695390782	0.4892597695390782	11.28	0.0	301.0	292.8	608.63	7.17	0	1
PROTOTYPE	015323	04/16/18	00:20:23	0.4892597695390782	0.4892597695390782	11.28	0.0	3.718374248496994	3.718374248496994	11.29	-0.54	0.4892597695390782	0.4892597695390782	11.28	0.0	294.0	292.98	562.59	-38.9	0	1
PROTOTYPE	015324	04/16/18	00:20:24	0.4892597695390782	0.4892597695390782	11.28	0.0	3.718374248496994	3.718374248496994	11.29	-0.46	0.4892597695390782	0.4892597695390782	11.28	0.0	295.0	293.29	512.29	71.93	0	1
PROTOTYPE	015325	04/16/18	00:20:26	0.4892597695390782	0.4892597695390782	11.27	0.0	3.718374248496994	3.718374248496994	11.28	-0.39	0.4892597695390782	0.4892597695390782	11.27	0.0	294.0	293.39	334.6	271.14	0	1
PROTOTYPE	015326	04/16/18	00:20:27	0.4892597695390782	0.4892597695390782	11.24	0.0	3.718374248496994	3.718374248496994	11.24	-0.33	0.4892597695390782	0.4892597695390782	11.24	0.0	303.0	294.83	453.46	440.47	0	1
PROTOTYPE	015327	04/16/18	00:20:28	0.4892597695390782	0.4892597695390782	11.3	0.0	3.718374248496994	3.718374248496994	11.3	-0.28	0.4892597695390782	0.4892597695390782	11.3	0.0	286.0	293.51	532.39	254.4	0	1
PROTOTYPE	015328	04/16/18	00:20:30	0.4892597695390782	0.4892597695390782	11.29	0.0	3.718374248496994	3.718374248496994	11.29	-0.24	0.4892597695390782	0.4892597695390782	11.29	0.0	297.0	294.03	539.23	261.24	0	1
PROTOTYPE	015329	04/16/18	00:20:31	0.4892597695390782	0.4892597695390782	11.3	0.0	3.718374248496994	3.718374248496994	11.3	-0.2	0.4892597695390782	0.4892597695390782	11.3	0.0	290.0	293.43	593.28	207.05	0	1
PROTOTYPE	015330	04/16/18	00:20:33	0.4892597695390782	0.4892597695390782	11.32	0.0	3.718374248496994	3.718374248496994	11.32	-0.17	0.4892597695390782	0.4892597695390782	11.32	0.0	291.0	293.06	485.06	26.0	0	1
PROTOTYPE	015331	04/16/18	00:20:34	0.4892597695390782	0.4892597695390782	11.34	0.0	3.718374248496994	3.718374248496994	11.34	-0.15	0.4892597695390782	0.4892597695390782	11.34	0.0	290.0	292.6	513.03	-37.9	0	1
PROTOTYPE	015332	04/16/18	00:20:35	0.4892597695390782	0.4892597695390782	11.33	0.0	3.718374248496994	3.718374248496994	11.33	-0.12	0.4892597695390782	0.4892597695390782	11.33	0.0	280.0	290.71	671.81	-257.22	0	1
PROTOTYPE	015333	04/16/18	00:20:37	0.4892597695390782	0.4892597695390782	11.34	0.0	3.718374248496994	3.718374248496994	11.34	-0.11	0.4892597695390782	0.4892597695390782	11.34	0.0	278.0	288.81	851.7	-458.63	0	1
PROTOTYPE	015334	04/16/18	00:20:38	0.4892597695390782	0.4892597695390782	11.34	0.0	3.718374248496994	3.718374248496994	11.34	-0.09	0.4892597695390782	0.4892597695390782	11.34	0.0	300.0	290.49	875.5	-434.84	0	1
PROTOTYPE	015335	04/16/18	00:20:40	0.4892597695390782	0.4892597695390782	11.27	0.0	3.718374248496994	3.718374248496994	11.27	-0.08	0.4892597695390782	0.4892597695390782	11.27	0.0	291.0	290.56	750.83	-294.61	0	1
PROTOTYPE	015336	04/16/18	00:20:41	0.4892597695390782	0.4892597695390782	11.26	0.0	3.718374248496994	3.718374248496994	11.26	-0.06	0.4892597695390782	0.4892597695390782	11.26	0.0	293.0	290.93	735.03	-310.42	0	1
PROTOTYPE	015337	04/16/18	00:20:42	0.4892597695390782	0.4892597695390782	11.28	0.0	3.718374248496994	3.718374248496994	11.28	-0.06	0.4892597695390782	0.4892597695390782	11.28	0.0	284.0	289.89	778.46	-353.86	0	1
PROTOTYPE	015338	04/16/18	00:20:44	0.4892597695390782	0.4892597695390782	11.25	0.0	3.718374248496994	3.718374248496994	11.25	-0.05	0.4892597695390782	0.4892597695390782	11.25	0.0	293.0	290.36	788.71	-270.78	0	1
PROTOTYPE	015339	04/16/18	00:20:45	0.4892597695390782	0.4892597695390782	11.21	0.0	3.718374248496994	3.718374248496994	11.21	-0.04	0.4892597695390782	0.4892597695390782	11.21	0.0	299.0	291.65	872.41	-95.16	0	1
PROTOTYPE	015340	04/16/18	00:20:47	0.4892597695390782	0.4892597695390782	11.23	0.0	3.718374248496994	3.718374248496994	11.23	-0.03	0.4892597695390782	0.4892597695390782	11.23	0.0	288.0	291.1	738.14	39.11	0	1
PROTOTYPE	015341	04/16/18	00:20:48	0.4892597695390782	0.4892597695390782	11.2	0.0	3.718374248496994	3.718374248496994	11.2	-0.03	0.4892597695390782	0.4892597695390782	11.2	0.0	295.0	291.69	605.89	288.24	0	1
PROTOTYPE	015342	04/16/18	00:20:49	0.4892597695390782	0.4892597695390782	11.22	0.0	3.718374248496994	3.718374248496994	11.22	-0.02	0.4892597695390782	0.4892597695390782	11.22	0.0	292.0	291.74	442.86	125.01	0	1
PROTOTYPE	015343	04/16/18	00:20:51	0.4892597695390782	0.4892597695390782	11.21	0.0	3.718374248496994	3.718374248496994	11.21	-0.02	0.4892597695390782	0.4892597695390782	11.21	0.0	281.0	290.13	596.05	-43.74	0	1
PROTOTYPE	015344	04/16/18	00:20:52	0.4892597695390782	0.4892597695390782	11.21	0.0	3.718374248496994	3.718374248496994	11.21	-0.02	0.4892597695390782	0.4892597695390782	11.21	0.0	278.0	288.31	741.34	-262.18	0	1
PROTOTYPE	015345	04/16/18	00:20:54	0.4892597695390782	0.4892597695390782	11.18	0.0	3.718374248496994	3.718374248496994	11.18	-0.02	0.4892597695390782	0.4892597695390782	11.18	0.0	288.0	288.26	642.21	-162.85	0	1
PROTOTYPE	015346	04/16/18	00:20:55	0.4892597695390782	0.4892597695390782	11.19	0.0	3.718374248496994	3.718374248496994	11.19	-0.01	0.4892597695390782	0.4892597695390782	11.19	0.0	292.0	288.82	651.64	-153.43	0	1
PROTOTYPE	015347	04/16/18	00:20:57	0.4892597695390782	0.4892597695390782	11.24	0.0	3.718374248496994	3.718374248496994	11.24	-0.01	0.4892597695390782	0.4892597695390782	11.24	0.0	300.0	290.5	689.65	-115.41	0	1
PROTOTYPE	015348	04/16/18	00:20:58	0.4892597695390782	0.4892597695390782	11.23	0.0	3.718374248496994	3.718374248496994	11.23	-0.01	0.4892597695390782	0.4892597695390782	11.23	0.0	294.0	291.02	687.4	-8.1	0	1
PROTOTYPE	015349	04/16/18	00:20:59	0.4892597695390782	0.4892597695390782	11.26	0.0	3.718374248496994	3.718374248496994	11.26	-0.01	0.4892597695390782	0.4892597695390782	11.26	0.0	287.0	290.42	689.31	-126.89	0	1
PROTOTYPE	015350	04/16/18	00:21:01	0.4892597695390782	0.4892597695390782	11.25	0.0	3.718374248496994	3.718374248496994	11.25	-0.01	0.4892597695390782	0.4892597695390782	11.25	0.0	293.0	290.81	723.16	-92.85	0	1
PROTOTYPE	015351	04/16/18	00:21:02	0.4892597695390782	0.4892597695390782	11.25	0.0	3.718374248496994	3.718374248496994	11.25	-0.01	0.4892597695390782	0.4892597695390782	11.25	0.0	284.0	289.79	664.24	-33.92	0	1
PROTOTYPE	015352	04/16/18	00:21:04	0.4892597695390782	0.4892597695390782	11.27	0.0	3.718374248496994	3.718374248496994	11.27	-0.0	0.4892597695390782	0.4892597695390782	11.27	0.0	292.0	290.12	515.6	181.16	0	1
PROTOTYPE	015353	04/16/18	00:21:05	0.4892597695390782	0.4892597695390782	11.27	0.0	3.718374248496994	3.718374248496994	11.27	-0.0	0.4892597695390782	0.4892597695390782	11.27	0.0	299.0	291.45	644.03	318.99	0	1
PROTOTYPE	015354	04/16/18	00:21:06	0.4892597695390782	0.4892597695390782	11.27	0.0	3.718374248496994	3.718374248496994	11.27	-0.0	0.4892597695390782	0.4892597695390782	11.27	0.0	289.0	291.08	624.7	226.14	0	1
PROTOTYPE	015355	04/16/18	00:21:08	0.4892597695390782	0.4892597695390782	11.26	0.0	3.718374248496994	3.718374248496994	11.26	-0.0	0.4892597695390782	0.4892597695390782	11.26	0.0	268.0	287.62	803.26	-287.78	0	1
PROTOTYPE	015356	04/16/18	00:21:09	0.4892597695390782	0.4892597695390782	11.26	0.0	3.718374248496994	3.718374248496994	11.26	-0.0	0.4892597695390782	0.4892597695390782	11.26	0.0	288.0	287.68	756.58	-334.61	0	1
PROTOTYPE	015357	04/16/18	00:21:11	0.4892597695390782	0.4892597695390782	11.26	0.0	3.718374248496994	3.718374248496994	11.26	-0.0	0.4892597695390782	0.4892597695390782	11.26	0.0	293.0	288.48	776.06	-194.42	0	1
PROTOTYPE	015358	04/16/18	00:21:12	0.4892597695390782	0.4892597695390782	11.28	0.0	3.718374248496994	3.718374248496994	11.28	-0.0	0.4892597695390782	0.4892597695390782	11.28	0.0	299.0	290.05	895.21	-75.26	0	1
PROTOTYPE	015359	04/16/18	00:21:13	0.4892597695390782	0.4892597695390782	11.29	0.0	3.718374248496994	3.718374248496994	11.29	-0.0	0.4892597695390782	0.4892597695390782	11.29	0.0	297.0	291.1	897.29	131.03	0	1
PROTOTYPE	015360	04/16/18	00:21:15	0.4892597695390782	0.4892597695390782	11.27	0.0	3.718374248496994	3.718374248496994	11.27	-0.0	0.4892597695390782	0.4892597695390782	11.27	0.0	293.0	291.38	892.64	126.38	0	1
PROTOTYPE	015361	04/16/18	00:21:16	0.4892597695390782	0.4892597695390782	11.29	0.0	3.718374248496994	3.718374248496994	11.29	-0.0	0.4892597695390782	0.4892597695390782	11.29	0.0	298.0	292.37	858.68	92.42	0	1
PROTOTYPE	015362	04/16/18	00:21:18	0.4892597695390782	0.4892597695390782	11.29	0.0	3.718374248496994	3.718374248496994	11.29	-0.0	0.4892597695390782	0.4892597695390782	11.29	0.0	279.0	290.37	1022.52	-71.44	0	1
PROTOTYPE	015363	04/16/18	00:21:19	0.4892597695390782	0.4892597695390782	11.27	0.0	3.718374248496994	3.718374248496994	11.27	-0.0	0.4892597695390782	0.4892597695390782	11.27	0.0	286.0	289.71	741.82	209.27	0	1
PROTOTYPE	015364	04/16/18	00:21:20	0.4892597695390782	0.4892597695390782	11.26	0.0	3.718374248496994	3.718374248496994	11.26	-0.0	0.4892597695390782	0.4892597695390782	11.26	0.0	292.0	290.06	770.29	237.88	0	1
PROTOTYPE	015365	04/16/18	00:21:22	0.4892597695390782	0.4892597695390782	11.24	0.0	3.718374248496994	3.718374248496994	11.24	-0.0	0.4892597695390782	0.4892597695390782	11.24	0.0	282.0	288.85	811.28	37.2	0	1
PROTOTYPE	015366	04/16/18	00:21:23	0.4892597695390782	0.4892597695390782	11.23	0.0	3.718374248496994	3.718374248496994	11.23	-0.0	0.4892597695390782	0.4892597695390782	11.23	0.0	292.0	289.32	700.72	-73.38	0	1
