Dev_id	Index	Date	Time	Sensor1	Sensor1_Filter	Sensor1_LL	Sensor1_Diff	Sensor2	Sensor2_Filter	Sensor2_LL	Sensor2_Diff	Sensor3	Sensor3_Filter	Sensor3_LL	Sensor3_Diff	Sensor4	Sensor4_Filter	Sensor4_LL	Sensor4_Diff	Heater_Status	FSM_Status
PROTOTYPE	007967	04/15/18	21:27:39	0.4892597695390782	0.4892597695390782	11.26	-0.0	4.305485971943888	4.300593374248497	16.97	12.32	0.4892597695390782	0.4892597695390782	11.26	0.0	302.0	290.18	565.38	59.4	0	1
PROTOTYPE	007968	04/15/18	21:27:40	0.4892597695390782	0.4892597695390782	11.28	-0.0	4.305485971943888	4.301571893787575	15.64	10.47	0.4892597695390782	0.4892597695390782	11.28	0.0	287.0	289.71	574.28	50.49	0	1
PROTOTYPE	007969	04/15/18	21:27:42	0.4892597695390782	0.4892597695390782	11.29	-0.0	4.207634018036073	4.287872620240481	27.55	-6.1	0.4892597695390782	0.4892597695390782	11.29	0.0	291.0	289.9	545.73	117.92	0	1
PROTOTYPE	007970	04/15/18	21:27:43	0.4892597695390782	0.4892597695390782	11.29	-0.0	4.305485971943888	4.289829659318637	28.33	-5.19	0.4892597695390782	0.4892597695390782	11.29	0.0	288.0	289.61	510.05	25.23	0	1
PROTOTYPE	007971	04/15/18	21:27:45	0.4892597695390782	0.4892597695390782	11.3	-0.0	4.305485971943888	4.292765217935871	28.96	-4.41	0.4892597695390782	0.4892597695390782	11.3	0.0	289.0	289.52	479.78	-23.55	0	1
PROTOTYPE	007972	04/15/18	21:27:46	0.4892597695390782	0.4892597695390782	11.29	-0.0	4.305485971943888	4.294722257014028	29.46	-3.75	0.4892597695390782	0.4892597695390782	11.29	0.0	277.0	287.64	641.21	-185.02	0	1
PROTOTYPE	007973	04/15/18	21:27:48	0.4892597695390782	0.4892597695390782	11.27	-0.0	4.305485971943888	4.2957007765531054	29.84	-3.19	0.4892597695390782	0.4892597695390782	11.27	0.0	289.0	287.85	594.17	-97.27	0	1
PROTOTYPE	007974	04/15/18	21:27:49	0.4892597695390782	0.4892597695390782	11.27	-0.0	4.305485971943888	4.297657815631263	30.15	-2.71	0.4892597695390782	0.4892597695390782	11.27	0.0	284.0	287.27	579.59	-82.68	0	1
PROTOTYPE	007975	04/15/18	21:27:50	0.4892597695390782	0.4892597695390782	11.25	-0.0	4.305485971943888	4.2986363351703405	30.37	-2.3	0.4892597695390782	0.4892597695390782	11.25	0.0	293.0	288.13	456.99	-205.28	0	1
PROTOTYPE	007976	04/15/18	21:27:52	0.4892597695390782	0.4892597695390782	11.28	-0.0	4.305485971943888	4.299614854709419	30.57	-1.96	0.4892597695390782	0.4892597695390782	11.28	0.0	282.0	287.21	501.19	-249.48	0	1
PROTOTYPE	007977	04/15/18	21:27:53	0.4892597695390782	0.4892597695390782	11.28	-0.0	4.305485971943888	4.300593374248497	17.75	13.34	0.4892597695390782	0.4892597695390782	11.28	0.0	286.0	287.03	499.93	-287.06	0	1
PROTOTYPE	007978	04/15/18	21:27:55	0.4892597695390782	0.4892597695390782	11.27	-0.0	4.305485971943888	4.301571893787575	16.24	11.34	0.4892597695390782	0.4892597695390782	11.27	0.0	288.0	287.17	486.04	-244.0	0	1
PROTOTYPE	007979	04/15/18	21:27:56	0.4892597695390782	0.4892597695390782	11.27	-0.0	4.305485971943888	4.301571893787575	15.07	9.64	0.4892597695390782	0.4892597695390782	11.27	0.0	289.0	287.45	504.13	-207.4	0	1
PROTOTYPE	007980	04/15/18	21:27:57	0.4892597695390782	0.4892597695390782	11.28	0.0	4.305485971943888	4.302550413326654	14.15	8.19	0.4892597695390782	0.4892597695390782	11.28	0.0	286.0	287.23	338.07	-41.29	0	1
PROTOTYPE	007981	04/15/18	21:27:59	0.4892597695390782	0.4892597695390782	11.31	0.0	4.305485971943888	4.302550413326654	13.45	6.96	0.4892597695390782	0.4892597695390782	11.31	0.0	279.0	286.0	441.15	-185.1	0	1
PROTOTYPE	007982	04/15/18	21:28:00	0.4892597695390782	0.4892597695390782	11.32	0.0	4.305485971943888	4.303528932865731	12.91	5.92	0.4892597695390782	0.4892597695390782	11.32	0.0	296.0	287.5	533.48	22.67	0	1
PROTOTYPE	007983	04/15/18	21:28:02	0.4892597695390782	0.4892597695390782	11.34	0.0	4.305485971943888	4.303528932865731	12.51	5.03	0.4892597695390782	0.4892597695390782	11.34	0.0	279.0	286.22	574.99	-190.73	0	1
PROTOTYPE	007984	04/15/18	21:28:03	0.4892597695390782	0.4892597695390782	11.29	0.0	4.305485971943888	4.303528932865731	12.16	4.28	0.4892597695390782	0.4892597695390782	11.29	0.0	298.0	287.99	659.7	77.88	0	1
PROTOTYPE	007985	04/15/18	21:28:04	0.4892597695390782	0.4892597695390782	11.32	0.0	4.305485971943888	4.30450745240481	11.95	3.63	0.4892597695390782	0.4892597695390782	11.32	0.0	293.0	288.74	716.67	171.2	0	1
PROTOTYPE	007986	04/15/18	21:28:06	0.4892597695390782	0.4892597695390782	11.35	0.0	4.207634018036073	4.289829659318637	25.23	-11.91	0.4892597695390782	0.4892597695390782	11.35	0.0	297.0	289.98	825.93	280.52	0	1
PROTOTYPE	007987	04/15/18	21:28:07	0.4892597695390782	0.4892597695390782	11.33	0.0	4.305485971943888	4.291786698396794	26.47	-10.12	0.4892597695390782	0.4892597695390782	11.33	0.0	293.0	290.43	843.84	298.44	0	1
PROTOTYPE	007988	04/15/18	21:28:09	0.4892597695390782	0.4892597695390782	11.34	0.0	4.207634018036073	4.279065944388777	37.98	-23.61	0.4892597695390782	0.4892597695390782	11.34	0.0	292.0	290.67	845.62	343.67	0	1
PROTOTYPE	007989	04/15/18	21:28:10	0.4892597695390782	0.4892597695390782	11.32	0.0	4.305485971943888	4.2829800225450905	40.72	-20.06	0.4892597695390782	0.4892597695390782	11.32	0.0	287.0	290.12	777.19	412.12	0	1
PROTOTYPE	007990	04/15/18	21:28:12	0.4892597695390782	0.4892597695390782	11.31	0.0	4.305485971943888	4.286894100701403	42.93	-17.06	0.4892597695390782	0.4892597695390782	11.31	0.0	292.0	290.4	655.4	290.3	0	1
PROTOTYPE	007991	04/15/18	21:28:13	0.4892597695390782	0.4892597695390782	11.29	0.0	4.305485971943888	4.289829659318637	44.69	-14.5	0.4892597695390782	0.4892597695390782	11.29	0.0	284.0	289.44	623.94	321.76	0	1
PROTOTYPE	007992	04/15/18	21:28:14	0.4892597695390782	0.4892597695390782	11.32	0.0	4.305485971943888	4.291786698396794	46.1	-12.32	0.4892597695390782	0.4892597695390782	11.32	0.0	289.0	289.37	454.02	138.49	0	1
PROTOTYPE	007993	04/15/18	21:28:16	0.4892597695390782	0.4892597695390782	11.3	0.0	4.305485971943888	4.2937437374749505	47.17	-10.47	0.4892597695390782	0.4892597695390782	11.3	0.0	295.0	290.22	463.25	147.72	0	1
PROTOTYPE	007994	04/15/18	21:28:17	0.4892597695390782	0.4892597695390782	11.28	0.0	4.305485971943888	4.2957007765531054	34.58	6.1	0.4892597695390782	0.4892597695390782	11.28	0.0	283.0	289.14	447.63	-84.44	0	1
PROTOTYPE	007995	04/15/18	21:28:19	0.4892597695390782	0.4892597695390782	11.28	0.0	4.305485971943888	4.296679296092185	33.84	5.18	0.4892597695390782	0.4892597695390782	11.28	0.0	274.0	286.86	629.33	-356.77	0	1
PROTOTYPE	007996	04/15/18	21:28:20	0.4892597695390782	0.4892597695390782	11.27	0.0	4.305485971943888	4.2986363351703405	22.73	19.41	0.4892597695390782	0.4892597695390782	11.27	0.0	288.0	287.04	622.86	-363.26	0	1
PROTOTYPE	007997	04/15/18	21:28:21	0.4892597695390782	0.4892597695390782	11.28	0.0	4.305485971943888	4.299614854709419	20.27	16.49	0.4892597695390782	0.4892597695390782	11.28	0.0	294.0	288.08	672.31	-203.77	0	1
PROTOTYPE	007998	04/15/18	21:28:23	0.4892597695390782	0.4892597695390782	11.28	0.0	4.305485971943888	4.300593374248497	18.28	14.02	0.4892597695390782	0.4892597695390782	11.28	0.0	286.0	287.77	675.27	-263.2	0	1
PROTOTYPE	007999	04/15/18	21:28:24	0.4892597695390782	0.4892597695390782	11.28	0.0	4.305485971943888	4.301571893787575	16.67	11.92	0.4892597695390782	0.4892597695390782	11.28	0.0	296.0	289.0	702.75	-43.72	0	1
PROTOTYPE	008000	04/15/18	21:28:26	0.4892597695390782	0.4892597695390782	11.26	0.0	4.305485971943888	4.301571893787575	15.39	10.13	0.4892597695390782	0.4892597695390782	11.26	0.0	286.0	288.55	741.06	-82.16	0	1
PROTOTYPE	008001	04/15/18	21:28:27	0.4892597695390782	0.4892597695390782	11.26	0.0	4.305485971943888	4.302550413326654	14.39	8.61	0.4892597695390782	0.4892597695390782	11.26	0.0	292.0	289.07	708.39	-114.84	0	1
PROTOTYPE	008002	04/15/18	21:28:28	0.4892597695390782	0.4892597695390782	11.28	0.0	4.305485971943888	4.302550413326654	13.63	7.32	0.4892597695390782	0.4892597695390782	11.28	0.0	288.0	288.91	616.22	-22.61	0	1
PROTOTYPE	008003	04/15/18	21:28:30	0.4892597695390782	0.4892597695390782	11.27	0.0	4.305485971943888	4.303528932865731	13.02	6.22	0.4892597695390782	0.4892597695390782	11.27	0.0	291.0	289.22	420.58	235.78	0	1
PROTOTYPE	008004	04/15/18	21:28:31	0.4892597695390782	0.4892597695390782	11.26	0.0	4.305485971943888	4.303528932865731	12.56	5.29	0.4892597695390782	0.4892597695390782	11.26	0.0	280.0	287.84	541.85	80.41	0	1
PROTOTYPE	008005	04/15/18	21:28:33	0.4892597695390782	0.4892597695390782	11.25	0.0	4.305485971943888	4.303528932865731	12.21	4.49	0.4892597695390782	0.4892597695390782	11.25	0.0	297.0	289.21	574.78	113.35	0	1
PROTOTYPE	008006	04/15/18	21:28:34	0.4892597695390782	0.4892597695390782	11.24	0.0	4.305485971943888	4.30450745240481	11.94	3.82	0.4892597695390782	0.4892597695390782	11.24	0.0	298.0	290.53	675.36	276.35	0	1
PROTOTYPE	008007	04/15/18	21:28:36	0.4892597695390782	0.4892597695390782	11.26	0.0	4.305485971943888	4.30450745240481	11.77	3.25	0.4892597695390782	0.4892597695390782	11.26	0.0	298.0	291.65	663.91	264.9	0	1
PROTOTYPE	008008	04/15/18	21:28:37	0.4892597695390782	0.4892597695390782	11.28	0.0	4.305485971943888	4.30450745240481	11.65	2.76	0.4892597695390782	0.4892597695390782	11.28	0.0	289.0	291.25	658.65	270.16	0	1
PROTOTYPE	008009	04/15/18	21:28:38	0.4892597695390782	0.4892597695390782	11.26	0.0	4.305485971943888	4.30450745240481	11.53	2.35	0.4892597695390782	0.4892597695390782	11.26	0.0	302.0	292.87	768.11	379.64	0	1
PROTOTYPE	008010	04/15/18	21:28:40	0.4892597695390782	0.4892597695390782	11.23	0.0	4.305485971943888	4.30450745240481	11.43	1.99	0.4892597695390782	0.4892597695390782	11.23	0.0	293.0	292.89	754.45	397.69	0	1
PROTOTYPE	008011	04/15/18	21:28:41	0.4892597695390782	0.4892597695390782	11.25	0.0	4.305485971943888	4.30450745240481	11.39	1.7	0.4892597695390782	0.4892597695390782	11.25	0.0	291.0	292.6	751.38	338.04	0	1
PROTOTYPE	008012	04/15/18	21:28:43	0.4892597695390782	0.4892597695390782	11.25	0.0	4.305485971943888	4.30450745240481	11.35	1.44	0.4892597695390782	0.4892597695390782	11.25	0.0	286.0	291.61	712.09	377.33	0	1
PROTOTYPE	008013	04/15/18	21:28:44	0.4892597695390782	0.4892597695390782	11.27	0.0	4.305485971943888	4.305485971943888	11.34	1.22	0.4892597695390782	0.4892597695390782	11.27	0.0	288.0	291.07	628.88	185.73	0	1
PROTOTYPE	008014	04/15/18	21:28:45	0.4892597695390782	0.4892597695390782	11.28	0.0	4.305485971943888	4.305485971943888	11.33	1.04	0.4892597695390782	0.4892597695390782	11.28	0.0	281.0	289.56	648.14	-97.13	0	1
PROTOTYPE	008015	04/15/18	21:28:47	0.4892597695390782	0.4892597695390782	11.26	0.0	4.305485971943888	4.305485971943888	11.3	0.88	0.4892597695390782	0.4892597695390782	11.26	0.0	294.0	290.23	602.72	-142.56	0	1
PROTOTYPE	008016	04/15/18	21:28:48	0.4892597695390782	0.4892597695390782	11.24	0.0	4.305485971943888	4.305485971943888	11.27	0.75	0.4892597695390782	0.4892597695390782	11.24	0.0	287.0	289.74	611.33	-151.17	0	1
PROTOTYPE	008017	04/15/18	21:28:50	0.4892597695390782	0.4892597695390782	11.26	0.0	4.207634018036073	4.2908081788577155	24.89	-14.36	0.4892597695390782	0.4892597695390782	11.26	0.0	283.0	288.73	551.27	-413.5	0	1
PROTOTYPE	008018	04/15/18	21:28:51	0.4892597695390782	0.4892597695390782	11.26	0.0	4.305485971943888	4.292765217935871	26.16	-12.21	0.4892597695390782	0.4892597695390782	11.26	0.0	298.0	290.12	687.87	-276.47	0	1
PROTOTYPE	008019	04/15/18	21:28:52	0.4892597695390782	0.4892597695390782	11.27	0.0	4.207634018036073	4.280044463927856	37.88	-25.38	0.4892597695390782	0.4892597695390782	11.27	0.0	290.0	290.1	661.85	-250.0	0	1
PROTOTYPE	008020	04/15/18	21:28:54	0.4892597695390782	0.4892597695390782	11.28	0.0	4.305485971943888	4.283958542084168	40.63	-21.57	0.4892597695390782	0.4892597695390782	11.28	0.0	287.0	289.64	609.36	-197.5	0	1
PROTOTYPE	008021	04/15/18	21:28:55	0.4892597695390782	0.4892597695390782	11.26	0.0	4.305485971943888	4.286894100701403	42.81	-18.33	0.4892597695390782	0.4892597695390782	11.26	0.0	290.0	289.69	560.77	-137.88	0	1
PROTOTYPE	008022	04/15/18	21:28:57	0.4892597695390782	0.4892597695390782	11.26	0.0	4.305485971943888	4.289829659318637	44.54	-15.58	0.4892597695390782	0.4892597695390782	11.26	0.0	298.0	290.94	534.33	137.8	0	1
PROTOTYPE	008023	04/15/18	21:28:58	0.4892597695390782	0.4892597695390782	11.27	0.0	4.305485971943888	4.291786698396794	45.92	-13.25	0.4892597695390782	0.4892597695390782	11.27	0.0	280.0	289.3	631.79	-92.87	0	1
PROTOTYPE	008024	04/15/18	21:28:59	0.4892597695390782	0.4892597695390782	11.26	0.0	4.305485971943888	4.2937437374749505	46.99	-11.26	0.4892597695390782	0.4892597695390782	11.26	0.0	297.0	290.45	698.93	71.06	0	1
PROTOTYPE	008025	04/15/18	21:29:01	0.4892597695390782	0.4892597695390782	11.24	0.0	4.305485971943888	4.2957007765531054	34.18	5.43	0.4892597695390782	0.4892597695390782	11.24	0.0	295.0	291.13	666.01	240.4	0	1
PROTOTYPE	008026	04/15/18	21:29:02	0.4892597695390782	0.4892597695390782	11.23	0.0	4.305485971943888	4.297657815631263	33.53	4.62	0.4892597695390782	0.4892597695390782	11.23	0.0	303.0	292.91	704.95	279.34	0	1
PROTOTYPE	008027	04/15/18	21:29:04	0.4892597695390782	0.4892597695390782	11.21	0.0	4.305485971943888	4.2986363351703405	22.27	18.92	0.4892597695390782	0.4892597695390782	11.21	0.0	303.0	294.43	853.93	432.44	0	1
PROTOTYPE	008028	04/15/18	21:29:05	0.4892597695390782	0.4892597695390782	11.2	0.0	4.305485971943888	4.299614854709419	19.88	16.08	0.4892597695390782	0.4892597695390782	11.2	0.0	299.0	295.11	875.96	547.58	0	1
PROTOTYPE	008029	04/15/18	21:29:06	0.4892597695390782	0.4892597695390782	11.2	0.0	4.305485971943888	4.300593374248497	17.95	13.67	0.4892597695390782	0.4892597695390782	11.2	0.0	296.0	295.25	883.72	555.44	0	1
PROTOTYPE	008030	04/15/18	21:29:08	0.4892597695390782	0.4892597695390782	11.18	0.0	4.305485971943888	4.301571893787575	16.39	11.62	0.4892597695390782	0.4892597695390782	11.18	0.0	280.0	292.96	987.79	202.12	0	1
PROTOTYPE	008031	04/15/18	21:29:09	0.4892597695390782	0.4892597695390782	11.16	0.0	4.207634018036073	4.286894100701403	28.02	-5.12	0.4892597695390782	0.4892597695390782	11.16	0.0	280.0	291.02	1018.11	171.8	0	1
PROTOTYPE	008032	04/15/18	21:29:11	0.4892597695390782	0.4892597695390782	11.18	0.0	4.305485971943888	4.289829659318637	28.69	-4.35	0.4892597695390782	0.4892597695390782	11.18	0.0	293.0	291.31	932.36	86.03	0	1
PROTOTYPE	008033	04/15/18	21:29:12	0.4892597695390782	0.4892597695390782	11.19	0.0	4.207634018036073	4.277108905310621	39.17	-18.7	0.4892597695390782	0.4892597695390782	11.19	0.0	299.0	292.47	979.45	133.13	0	1
PROTOTYPE	008034	04/15/18	21:29:13	0.4892597695390782	0.4892597695390782	11.2	0.0	4.305485971943888	4.282001503006012	41.64	-15.9	0.4892597695390782	0.4892597695390782	11.2	0.0	292.0	292.4	808.6	-51.84	0	1
PROTOTYPE	008035	04/15/18	21:29:15	0.4892597695390782	0.4892597695390782	11.21	0.0	4.305485971943888	4.284937061623246	43.66	-13.51	0.4892597695390782	0.4892597695390782	11.21	0.0	299.0	293.39	756.38	-104.06	0	1
PROTOTYPE	008036	04/15/18	21:29:16	0.4892597695390782	0.4892597695390782	11.21	0.0	4.305485971943888	4.287872620240481	45.3	-11.48	0.4892597695390782	0.4892597695390782	11.21	0.0	297.0	293.93	741.99	-118.45	0	1
PROTOTYPE	008037	04/15/18	21:29:18	0.4892597695390782	0.4892597695390782	11.23	0.0	4.207634018036073	4.276130385771544	56.08	-24.76	0.4892597695390782	0.4892597695390782	11.23	0.0	297.0	294.39	774.71	-85.69	0	1
PROTOTYPE	008038	04/15/18	21:29:19	0.4892597695390782	0.4892597695390782	11.23	0.0	4.305485971943888	4.281022983466934	59.19	-21.05	0.4892597695390782	0.4892597695390782	11.23	0.0	303.0	295.68	675.18	272.17	0	1
PROTOTYPE	008039	04/15/18	21:29:20	0.4892597695390782	0.4892597695390782	11.26	0.0	4.305485971943888	4.283958542084168	48.84	-2.89	0.4892597695390782	0.4892597695390782	11.26	0.0	287.0	294.38	611.0	336.34	0	1
PROTOTYPE	008040	04/15/18	21:29:22	0.4892597695390782	0.4892597695390782	11.25	0.0	4.305485971943888	4.287872620240481	49.23	-2.46	0.4892597695390782	0.4892597695390782	11.25	0.0	299.0	295.07	650.53	375.89	0	1
PROTOTYPE	008041	04/15/18	21:29:23	0.4892597695390782	0.4892597695390782	11.26	0.0	4.305485971943888	4.289829659318637	39.63	12.91	0.4892597695390782	0.4892597695390782	11.26	0.0	294.0	294.91	551.37	244.51	0	1
PROTOTYPE	008042	04/15/18	21:29:25	0.4892597695390782	0.4892597695390782	11.26	0.0	4.305485971943888	4.292765217935871	37.86	10.97	0.4892597695390782	0.4892597695390782	11.26	0.0	286.0	293.57	677.91	117.83	0	1
PROTOTYPE	008043	04/15/18	21:29:26	0.4892597695390782	0.4892597695390782	11.24	0.0	4.305485971943888	4.294722257014028	36.38	9.33	0.4892597695390782	0.4892597695390782	11.24	0.0	295.0	293.79	600.27	40.16	0	1
PROTOTYPE	008044	04/15/18	21:29:28	0.4892597695390782	0.4892597695390782	11.25	0.0	4.305485971943888	4.2957007765531054	35.19	7.93	0.4892597695390782	0.4892597695390782	11.25	0.0	296.0	294.12	579.26	19.13	0	1
PROTOTYPE	008045	04/15/18	21:29:29	0.4892597695390782	0.4892597695390782	11.24	0.0	4.305485971943888	4.297657815631263	24.75	21.74	0.4892597695390782	0.4892597695390782	11.24	0.0	292.0	293.8	565.0	-58.74	0	1
PROTOTYPE	008046	04/15/18	21:29:30	0.4892597695390782	0.4892597695390782	11.26	0.0	4.207634018036073	4.283958542084168	33.91	3.48	0.4892597695390782	0.4892597695390782	11.26	0.0	294.0	293.83	439.12	-184.93	0	1
PROTOTYPE	008047	04/15/18	21:29:32	0.4892597695390782	0.4892597695390782	11.26	0.0	4.207634018036073	4.2722163076152295	41.64	-12.04	0.4892597695390782	0.4892597695390782	11.26	0.0	283.0	292.21	471.38	-217.19	0	1
PROTOTYPE	008048	04/15/18	21:29:33	0.4892597695390782	0.4892597695390782	11.27	0.0	4.207634018036073	4.262431112224449	48.17	-25.24	0.4892597695390782	0.4892597695390782	11.27	0.0	286.0	291.28	495.17	-379.61	0	1
PROTOTYPE	008049	04/15/18	21:29:35	0.4892597695390782	0.4892597695390782	11.26	0.0	4.305485971943888	4.269280748997996	51.76	-21.45	0.4892597695390782	0.4892597695390782	11.26	0.0	296.0	291.98	549.9	-292.67	0	1
PROTOTYPE	008050	04/15/18	21:29:36	0.4892597695390782	0.4892597695390782	11.27	0.0	4.207634018036073	4.260474073146293	58.58	-33.23	0.4892597695390782	0.4892597695390782	11.27	0.0	295.0	292.44	461.48	-113.77	0	1
PROTOTYPE	008051	04/15/18	21:29:37	0.4892597695390782	0.4892597695390782	11.31	0.0	4.207634018036073	4.2516673972945895	64.31	-43.25	0.4892597695390782	0.4892597695390782	11.31	0.0	288.0	291.77	506.62	-201.7	0	1
PROTOTYPE	008052	04/15/18	21:29:39	0.4892597695390782	0.4892597695390782	11.3	0.0	4.305485971943888	4.260474073146293	70.4	-36.76	0.4892597695390782	0.4892597695390782	11.3	0.0	294.0	292.11	506.87	-201.45	0	1
PROTOTYPE	008053	04/15/18	21:29:40	0.4892597695390782	0.4892597695390782	11.32	0.0	4.305485971943888	4.26732370991984	75.48	-31.25	0.4892597695390782	0.4892597695390782	11.32	0.0	295.0	292.54	518.48	-126.23	0	1
PROTOTYPE	008054	04/15/18	21:29:42	0.4892597695390782	0.4892597695390782	11.33	0.0	4.305485971943888	4.273194827154309	67.71	-11.56	0.4892597695390782	0.4892597695390782	11.33	0.0	285.0	291.41	628.3	-242.3	0	1
PROTOTYPE	008055	04/15/18	21:29:43	0.4892597695390782	0.4892597695390782	11.31	0.0	4.207634018036073	4.263409631763527	65.99	-9.83	0.39140781563126253	0.4745819764529058	24.97	-15.0	275.0	288.95	711.95	-325.95	0	1
PROTOTYPE	008056	04/15/18	21:29:44	0.4892597695390782	0.4892597695390782	11.31	0.0	4.305485971943888	4.269280748997996	62.6	6.65	0.4892597695390782	0.4765390155310621	26.22	-12.75	290.0	289.11	634.69	-217.06	0	1
PROTOTYPE	008057	04/15/18	21:29:46	0.4892597695390782	0.4892597695390782	11.32	0.0	4.305485971943888	4.275151866232465	61.63	5.65	0.4892597695390782	0.47849605460921835	27.19	-10.84	299.0	290.59	712.24	-139.5	0	1
PROTOTYPE	008058	04/15/18	21:29:47	0.4892597695390782	0.4892597695390782	11.32	0.0	4.305485971943888	4.279065944388777	57.0	19.8	0.4892597695390782	0.48045309368737477	27.93	-9.21	296.0	291.4	748.15	-103.57	0	1
PROTOTYPE	008059	04/15/18	21:29:49	0.4892597695390782	0.4892597695390782	11.29	0.0	4.207634018036073	4.268302229458918	59.94	16.83	0.4892597695390782	0.48143161322645295	28.47	-7.83	290.0	291.19	702.65	-58.04	0	1
PROTOTYPE	008060	04/15/18	21:29:50	0.4892597695390782	0.4892597695390782	11.28	0.0	4.207634018036073	4.2594955536072145	61.09	-0.69	0.4892597695390782	0.482410132765531	28.89	-6.66	299.0	292.36	786.33	25.67	0	1
PROTOTYPE	008061	04/15/18	21:29:52	0.4892597695390782	0.4892597695390782	11.26	0.0	4.207634018036073	4.2516673972945895	62.06	-15.59	0.4892597695390782	0.48338865230460926	29.19	-5.66	302.0	293.81	887.47	126.82	0	1
PROTOTYPE	008062	04/15/18	21:29:53	0.4892597695390782	0.4892597695390782	11.26	0.0	4.207634018036073	4.244817760521042	62.89	-28.25	0.4892597695390782	0.48436717184368744	29.42	-4.81	289.0	293.09	846.49	167.79	0	1
PROTOTYPE	008063	04/15/18	21:29:54	0.4892597695390782	0.4892597695390782	11.26	0.0	4.207634018036073	4.239925162825651	58.72	-24.01	0.4892597695390782	0.4853456913827655	15.93	10.91	297.0	293.67	659.07	472.63	0	1
PROTOTYPE	008064	04/15/18	21:29:56	0.4892597695390782	0.4892597695390782	11.27	0.0	4.207634018036073	4.23503256513026	57.13	-35.41	0.4892597695390782	0.4863242109218437	14.82	9.28	294.0	293.72	648.32	461.73	0	1
PROTOTYPE	008065	04/15/18	21:29:57	0.4892597695390782	0.4892597695390782	11.27	0.0	4.305485971943888	4.24579628006012	62.36	-30.1	0.4892597695390782	0.4863242109218437	13.95	7.88	294.0	293.76	504.28	317.47	0	1
PROTOTYPE	008066	04/15/18	21:29:59	0.4892597695390782	0.4892597695390782	11.26	0.0	4.305485971943888	4.254602955911824	66.77	-25.58	0.4892597695390782	0.4863242109218437	13.27	6.7	291.0	293.35	464.6	194.85	0	1
PROTOTYPE	008067	04/15/18	21:30:00	0.4892597695390782	0.4892597695390782	11.26	0.0	4.305485971943888	4.262431112224449	63.65	-6.75	0.4892597695390782	0.48730273046092193	12.75	5.7	287.0	292.4	538.8	120.62	0	1
PROTOTYPE	008068	04/15/18	21:30:01	0.4892597695390782	0.4892597695390782	11.26	0.0	4.207634018036073	4.253624436372745	62.65	-5.73	0.4892597695390782	0.48730273046092193	12.36	4.84	285.0	291.29	532.62	-107.47	0	1
PROTOTYPE	008069	04/15/18	21:30:03	0.4892597695390782	0.4892597695390782	11.26	0.0	4.207634018036073	4.246774799599199	61.81	-4.87	0.4892597695390782	0.48730273046092193	12.07	4.12	287.0	290.64	452.38	-316.35	0	1
PROTOTYPE	008070	04/15/18	21:30:04	0.4892597695390782	0.4892597695390782	11.24	0.0	4.305485971943888	4.255581475450902	63.99	10.86	0.4892597695390782	0.48828125	11.83	3.5	280.0	289.05	539.92	-403.9	0	1
PROTOTYPE	008071	04/15/18	21:30:06	0.4892597695390782	0.4892597695390782	11.25	0.0	4.305485971943888	4.263409631763527	65.84	24.23	0.4892597695390782	0.48828125	11.68	2.97	284.0	288.29	556.93	-538.31	0	1
PROTOTYPE	008072	04/15/18	21:30:07	0.4892597695390782	0.4892597695390782	11.23	0.0	4.207634018036073	4.254602955911824	69.39	20.59	0.4892597695390782	0.48828125	11.54	2.53	302.0	290.35	757.48	-337.57	0	1
PROTOTYPE	008073	04/15/18	21:30:08	0.4892597695390782	0.4892597695390782	11.22	0.0	4.207634018036073	4.247753319138276	65.82	2.5	0.4892597695390782	0.48828125	11.45	2.15	285.0	289.54	833.31	-421.93	0	1
PROTOTYPE	008074	04/15/18	21:30:10	0.4892597695390782	0.4892597695390782	11.21	0.0	4.207634018036073	4.241882201903808	62.79	-12.87	0.4892597695390782	0.48828125	11.37	1.83	291.0	289.76	813.69	-358.64	0	1
PROTOTYPE	008075	04/15/18	21:30:11	0.4892597695390782	0.4892597695390782	11.22	0.0	4.305485971943888	4.2516673972945895	64.7	-10.94	0.4892597695390782	0.48828125	11.34	1.55	291.0	289.95	737.04	-244.85	0	1
PROTOTYPE	008076	04/15/18	21:30:13	0.4892597695390782	0.4892597695390782	11.24	0.0	4.305485971943888	4.2594955536072145	64.67	5.7	0.4892597695390782	0.4892597695390782	11.33	1.32	294.0	290.56	686.86	-73.12	0	1
PROTOTYPE	008077	04/15/18	21:30:14	0.4892597695390782	0.4892597695390782	11.23	0.0	4.305485971943888	4.266345190380761	64.65	19.85	0.4892597695390782	0.4892597695390782	11.29	1.12	291.0	290.62	629.33	-2.15	0	1
PROTOTYPE	008078	04/15/18	21:30:15	0.4892597695390782	0.4892597695390782	11.22	0.0	4.207634018036073	4.257538514529059	64.67	1.87	0.4892597695390782	0.4892597695390782	11.26	0.95	289.0	290.38	494.04	133.17	0	1
PROTOTYPE	008079	04/15/18	21:30:17	0.4892597695390782	0.4892597695390782	11.22	0.0	4.305485971943888	4.264388151302605	64.39	1.59	0.4892597695390782	0.4892597695390782	11.25	0.81	296.0	291.22	502.63	293.2	0	1
PROTOTYPE	008080	04/15/18	21:30:18	0.4892597695390782	0.4892597695390782	11.22	0.0	4.305485971943888	4.271237788076152	62.17	16.35	0.4892597695390782	0.4892597695390782	11.24	0.69	290.0	291.04	315.37	69.22	0	1
PROTOTYPE	008081	04/15/18	21:30:20	0.4892597695390782	0.4892597695390782	11.22	0.0	4.207634018036073	4.26145259268537	64.59	13.9	0.4892597695390782	0.4892597695390782	11.24	0.59	280.0	289.38	400.75	-16.17	0	1
PROTOTYPE	008082	04/15/18	21:30:21	0.4892597695390782	0.4892597695390782	11.24	0.0	4.305485971943888	4.268302229458918	65.19	26.81	0.4892597695390782	0.4892597695390782	11.25	0.5	297.0	290.53	493.14	76.26	0	1
PROTOTYPE	008083	04/15/18	21:30:22	0.4892597695390782	0.4892597695390782	11.24	0.0	4.207634018036073	4.258517034068137	64.67	7.79	0.4892597695390782	0.4892597695390782	11.25	0.42	295.0	291.2	541.66	124.82	0	1
PROTOTYPE	008084	04/15/18	21:30:24	0.4892597695390782	0.4892597695390782	11.24	0.0	4.207634018036073	4.2516673972945895	64.24	-8.38	0.4892597695390782	0.4892597695390782	11.24	0.36	279.0	289.37	663.83	-118.9	0	1
PROTOTYPE	008085	04/15/18	21:30:25	0.4892597695390782	0.4892597695390782	11.23	0.0	4.305485971943888	4.2594955536072145	65.47	-7.12	0.4892597695390782	0.4892597695390782	11.23	0.31	301.0	291.11	831.53	48.93	0	1
PROTOTYPE	008086	04/15/18	21:30:27	0.4892597695390782	0.4892597695390782	11.23	0.0	4.207634018036073	4.2516673972945895	64.42	-6.05	0.4892597695390782	0.4892597695390782	11.23	0.26	280.0	289.45	973.84	-93.41	0	1
PROTOTYPE	008087	04/15/18	21:30:28	0.4892597695390782	0.4892597695390782	11.24	0.0	4.207634018036073	4.244817760521042	63.82	-20.14	0.4892597695390782	0.4892597695390782	11.24	0.22	294.0	290.13	957.85	-109.4	0	1
PROTOTYPE	008088	04/15/18	21:30:29	0.4892597695390782	0.4892597695390782	11.25	0.0	4.305485971943888	4.253624436372745	66.8	-17.12	0.4892597695390782	0.4892597695390782	11.25	0.19	284.0	289.21	1031.4	-182.99	0	1
PROTOTYPE	008089	04/15/18	21:30:31	0.4892597695390782	0.4892597695390782	11.28	0.0	4.305485971943888	4.26145259268537	65.01	0.45	0.4892597695390782	0.4892597695390782	11.28	0.16	293.0	289.78	922.68	39.46	0	1
PROTOTYPE	008090	04/15/18	21:30:32	0.4892597695390782	0.4892597695390782	11.28	0.0	4.207634018036073	4.253624436372745	66.53	-14.62	0.4892597695390782	0.4892597695390782	11.28	0.14	289.0	289.66	820.18	-86.46	0	1
PROTOTYPE	008091	04/15/18	21:30:34	0.4892597695390782	0.4892597695390782	11.29	0.0	4.305485971943888	4.26145259268537	65.24	2.57	0.4892597695390782	0.4892597695390782	11.29	0.12	302.0	291.51	938.14	31.51	0	1
PROTOTYPE	008092	04/15/18	21:30:35	0.4892597695390782	0.4892597695390782	11.28	0.0	4.305485971943888	4.268302229458918	64.14	17.19	0.4892597695390782	0.4892597695390782	11.28	0.1	284.0	290.39	867.87	101.78	0	1
PROTOTYPE	008093	04/15/18	21:30:37	0.4892597695390782	0.4892597695390782	11.28	0.0	4.305485971943888	4.273194827154309	61.62	14.61	0.4892597695390782	0.4892597695390782	11.28	0.08	302.0	292.13	867.6	101.52	0	1
PROTOTYPE	008094	04/15/18	21:30:38	0.4892597695390782	0.4892597695390782	11.28	0.0	4.305485971943888	4.278087424849699	58.64	27.42	0.4892597695390782	0.4892597695390782	11.28	0.07	292.0	292.11	703.27	266.29	0	1
PROTOTYPE	008095	04/15/18	21:30:39	0.4892597695390782	0.4892597695390782	11.25	0.0	4.305485971943888	4.2829800225450905	56.12	38.3	0.4892597695390782	0.4892597695390782	11.25	0.06	297.0	292.84	708.33	271.35	0	1
PROTOTYPE	008096	04/15/18	21:30:41	0.4892597695390782	0.4892597695390782	11.24	0.0	4.305485971943888	4.285915581162325	50.54	32.56	0.4892597695390782	0.4892597695390782	11.24	0.05	295.0	293.17	648.79	395.64	0	1
PROTOTYPE	008097	04/15/18	21:30:42	0.4892597695390782	0.4892597695390782	11.22	0.0	4.305485971943888	4.288851139779559	45.84	27.67	0.4892597695390782	0.4892597695390782	11.22	0.04	294.0	293.29	604.5	351.3	0	1
PROTOTYPE	008098	04/15/18	21:30:44	0.4892597695390782	0.4892597695390782	11.23	0.0	4.305485971943888	4.291786698396794	40.33	38.52	0.4892597695390782	0.4892597695390782	11.23	0.04	288.0	292.5	672.12	283.6	0	1
PROTOTYPE	008099	04/15/18	21:30:45	0.4892597695390782	0.4892597695390782	11.21	0.0	4.305485971943888	4.2937437374749505	34.84	32.75	0.4892597695390782	0.4892597695390782	11.21	0.03	288.0	291.82	554.51	31.06	0	1
PROTOTYPE	008100	04/15/18	21:30:46	0.4892597695390782	0.4892597695390782	11.2	0.0	4.305485971943888	4.2957007765531054	30.26	27.83	0.4892597695390782	0.4892597695390782	11.2	0.03	283.0	290.5	574.17	11.4	0	1
PROTOTYPE	008101	04/15/18	21:30:48	0.4892597695390782	0.4892597695390782	11.2	0.0	4.305485971943888	4.296679296092185	26.44	23.66	0.4892597695390782	0.4892597695390782	11.2	0.02	282.0	289.22	527.44	-290.31	0	1
PROTOTYPE	008102	04/15/18	21:30:49	0.4892597695390782	0.4892597695390782	11.23	0.0	4.305485971943888	4.297657815631263	23.32	20.11	0.4892597695390782	0.4892597695390782	11.23	0.02	294.0	289.94	596.72	-216.76	0	1
PROTOTYPE	008103	04/15/18	21:30:51	0.4892597695390782	0.4892597695390782	11.24	0.0	4.305485971943888	4.299614854709419	20.74	17.09	0.4892597695390782	0.4892597695390782	11.24	0.02	299.0	291.3	659.23	-154.25	0	1
PROTOTYPE	008104	04/15/18	21:30:52	0.4892597695390782	0.4892597695390782	11.25	0.0	4.305485971943888	4.300593374248497	18.66	14.53	0.4892597695390782	0.4892597695390782	11.25	0.01	289.0	290.95	661.35	-221.11	0	1
PROTOTYPE	008105	04/15/18	21:30:53	0.4892597695390782	0.4892597695390782	11.25	0.0	4.305485971943888	4.300593374248497	16.98	12.35	0.4892597695390782	0.4892597695390782	11.25	0.01	299.0	292.16	769.45	-112.94	0	1
PROTOTYPE	008106	04/15/18	21:30:55	0.4892597695390782	0.4892597695390782	11.26	0.0	4.305485971943888	4.301571893787575	15.65	10.5	0.4892597695390782	0.4892597695390782	11.26	0.01	291.0	291.99	707.55	-51.0	0	1
PROTOTYPE	008107	04/15/18	21:30:56	0.4892597695390782	0.4892597695390782	11.27	0.0	4.305485971943888	4.302550413326654	14.6	8.92	0.4892597695390782	0.4892597695390782	11.27	0.01	290.0	291.69	669.92	-13.35	0	1
PROTOTYPE	008108	04/15/18	21:30:58	0.4892597695390782	0.4892597695390782	11.28	0.0	4.305485971943888	4.302550413326654	13.78	7.58	0.4892597695390782	0.4892597695390782	11.28	0.01	293.0	291.89	557.29	138.65	0	1
PROTOTYPE	008109	04/15/18	21:30:59	0.4892597695390782	0.4892597695390782	11.33	0.0	4.305485971943888	4.303528932865731	13.19	6.45	0.4892597695390782	0.4892597695390782	11.33	0.01	300.0	293.1	551.51	387.85	0	1
PROTOTYPE	008110	04/15/18	21:31:00	0.4892597695390782	0.4892597695390782	11.31	0.0	4.305485971943888	4.303528932865731	12.69	5.48	0.4892597695390782	0.4892597695390782	11.31	0.01	287.0	292.19	571.42	224.68	0	1
PROTOTYPE	008111	04/15/18	21:31:02	0.4892597695390782	0.4892597695390782	11.31	0.0	4.305485971943888	4.303528932865731	12.33	4.66	0.4892597695390782	0.4892597695390782	11.31	0.0	287.0	291.41	513.35	10.97	0	1
PROTOTYPE	008112	04/15/18	21:31:03	0.4892597695390782	0.4892597695390782	11.32	0.0	4.305485971943888	4.30450745240481	12.07	3.96	0.4892597695390782	0.4892597695390782	11.32	0.0	299.0	292.55	592.69	159.33	0	1
PROTOTYPE	008113	04/15/18	21:31:05	0.4892597695390782	0.4892597695390782	11.32	0.0	4.305485971943888	4.30450745240481	11.87	3.37	0.4892597695390782	0.4892597695390782	11.32	0.0	291.0	292.32	495.27	15.43	0	1
PROTOTYPE	008114	04/15/18	21:31:06	0.4892597695390782	0.4892597695390782	11.29	0.0	4.305485971943888	4.30450745240481	11.69	2.86	0.4892597695390782	0.4892597695390782	11.29	0.0	292.0	292.27	482.73	28.11	0	1
PROTOTYPE	008115	04/15/18	21:31:08	0.4892597695390782	0.4892597695390782	11.29	0.0	4.305485971943888	4.30450745240481	11.58	2.43	0.4892597695390782	0.4892597695390782	11.29	0.0	296.0	292.83	508.88	113.9	0	1
PROTOTYPE	008116	04/15/18	21:31:09	0.4892597695390782	0.4892597695390782	11.29	0.0	4.305485971943888	4.30450745240481	11.5	2.07	0.4892597695390782	0.4892597695390782	11.29	0.0	295.0	293.15	521.77	126.81	0	1
PROTOTYPE	008117	04/15/18	21:31:10	0.4892597695390782	0.4892597695390782	11.27	0.0	4.305485971943888	4.30450745240481	11.42	1.76	0.4892597695390782	0.4892597695390782	11.27	0.0	285.0	291.93	522.37	-117.21	0	1
PROTOTYPE	008118	04/15/18	21:31:12	0.4892597695390782	0.4892597695390782	11.27	0.0	4.305485971943888	4.30450745240481	11.38	1.49	0.4892597695390782	0.4892597695390782	11.27	0.0	300.0	293.14	551.86	95.37	0	1
PROTOTYPE	008119	04/15/18	21:31:13	0.4892597695390782	0.4892597695390782	11.26	0.0	4.305485971943888	4.305485971943888	11.34	1.27	0.4892597695390782	0.4892597695390782	11.26	0.0	291.0	292.82	506.18	141.07	0	1
PROTOTYPE	008120	04/15/18	21:31:15	0.4892597695390782	0.4892597695390782	11.25	0.0	4.305485971943888	4.305485971943888	11.31	1.08	0.4892597695390782	0.4892597695390782	11.25	0.0	276.0	290.3	644.62	-225.09	0	1
PROTOTYPE	008121	04/15/18	21:31:16	0.4892597695390782	0.4892597695390782	11.24	0.0	4.207634018036073	4.2908081788577155	24.88	-14.08	0.4892597695390782	0.4892597695390782	11.24	0.0	288.0	289.95	655.84	-236.33	0	1
PROTOTYPE	008122	04/15/18	21:31:17	0.4892597695390782	0.4892597695390782	11.25	0.0	4.305485971943888	4.292765217935871	26.17	-11.97	0.4892597695390782	0.4892597695390782	11.25	0.0	283.0	288.91	755.2	-335.88	0	1
PROTOTYPE	008123	04/15/18	21:31:19	0.4892597695390782	0.4892597695390782	11.24	0.0	4.305485971943888	4.294722257014028	27.15	-10.17	0.4892597695390782	0.4892597695390782	11.24	0.0	298.0	290.27	835.57	-255.5	0	1
PROTOTYPE	008124	04/15/18	21:31:20	0.4892597695390782	0.4892597695390782	11.27	0.0	4.305485971943888	4.296679296092185	27.94	-8.65	0.4892597695390782	0.4892597695390782	11.27	0.0	294.0	290.83	858.88	-232.17	0	1
PROTOTYPE	008125	04/15/18	21:31:22	0.4892597695390782	0.4892597695390782	11.26	0.0	4.305485971943888	4.297657815631263	28.51	-7.35	0.4892597695390782	0.4892597695390782	11.26	0.0	299.0	292.06	859.09	12.65	0	1
PROTOTYPE	008126	04/15/18	21:31:23	0.4892597695390782	0.4892597695390782	11.27	0.0	4.305485971943888	4.2986363351703405	28.96	-6.25	0.4892597695390782	0.4892597695390782	11.27	0.0	276.0	289.65	978.91	-349.25	0	1
PROTOTYPE	008127	04/15/18	21:31:24	0.4892597695390782	0.4892597695390782	11.29	0.0	4.305485971943888	4.299614854709419	29.31	-5.31	0.4892597695390782	0.4892597695390782	11.29	0.0	289.0	289.55	956.59	-326.86	0	1
PROTOTYPE	008128	04/15/18	21:31:26	0.4892597695390782	0.4892597695390782	11.27	0.0	4.305485971943888	4.300593374248497	29.54	-4.51	0.4892597695390782	0.4892597695390782	11.27	0.0	301.0	291.27	876.02	97.17	0	1
PROTOTYPE	008129	04/15/18	21:31:27	0.4892597695390782	0.4892597695390782	11.26	0.0	4.305485971943888	4.301571893787575	16.11	11.16	0.4892597695390782	0.4892597695390782	11.26	0.0	300.0	292.58	972.51	262.59	0	1
PROTOTYPE	008130	04/15/18	21:31:29	0.4892597695390782	0.4892597695390782	11.27	0.0	4.305485971943888	4.301571893787575	14.96	9.49	0.4892597695390782	0.4892597695390782	11.27	0.0	282.0	290.99	1026.9	208.21	0	1
PROTOTYPE	008131	04/15/18	21:31:30	0.4892597695390782	0.4892597695390782	11.26	0.0	4.305485971943888	4.302550413326654	14.04	8.06	0.4892597695390782	0.4892597695390782	11.26	0.0	292.0	291.14	905.73	86.97	0	1
PROTOTYPE	008132	04/15/18	21:31:31	0.4892597695390782	0.4892597695390782	11.26	0.0	4.305485971943888	4.302550413326654	13.35	6.86	0.4892597695390782	0.4892597695390782	11.26	0.0	297.0	292.02	937.67	118.93	0	1
PROTOTYPE	008133	04/15/18	21:31:33	0.4892597695390782	0.4892597695390782	11.25	0.0	4.207634018036073	4.288851139779559	26.03	-9.17	0.4892597695390782	0.4892597695390782	11.25	0.0	297.0	292.77	889.84	71.09	0	1
PROTOTYPE	008134	04/15/18	21:31:34	0.4892597695390782	0.4892597695390782	11.26	0.0	4.207634018036073	4.276130385771544	36.69	-22.8	0.4892597695390782	0.4892597695390782	11.26	0.0	295.0	293.1	682.48	345.43	0	1
PROTOTYPE	008135	04/15/18	21:31:36	0.4892597695390782	0.4892597695390782	11.25	0.0	4.207634018036073	4.266345190380761	45.6	-34.38	0.4892597695390782	0.4892597695390782	11.25	0.0	300.0	294.14	776.11	458.61	0	1
PROTOTYPE	008136	04/15/18	21:31:37	0.4892597695390782	0.4892597695390782	11.26	0.0	4.207634018036073	4.257538514529059	53.04	-44.22	0.4892597695390782	0.4892597695390782	11.26	0.0	291.0	293.67	651.46	239.82	0	1
PROTOTYPE	008137	04/15/18	21:31:39	0.4892597695390782	0.4892597695390782	11.29	0.0	4.207634018036073	4.249710358216433	59.23	-52.59	0.4892597695390782	0.4892597695390782	11.29	0.0	289.0	292.97	590.5	38.85	0	1
PROTOTYPE	008138	04/15/18	21:31:40	0.4892597695390782	0.4892597695390782	11.28	0.0	4.207634018036073	4.243839240981964	64.31	-59.7	0.4892597695390782	0.4892597695390782	11.28	0.0	289.0	292.37	491.34	138.02	0	1
PROTOTYPE	008139	04/15/18	21:31:41	0.4892597695390782	0.4892597695390782	11.3	0.0	4.305485971943888	4.252645916833668	72.41	-50.74	0.4892597695390782	0.4892597695390782	11.3	0.0	289.0	291.87	526.75	72.32	0	1
PROTOTYPE	008140	04/15/18	21:31:43	0.4892597695390782	0.4892597695390782	11.27	0.0	4.207634018036073	4.24579628006012	77.99	-58.13	0.4892597695390782	0.4892597695390782	11.27	0.0	287.0	291.14	511.89	-88.53	0	1
PROTOTYPE	008141	04/15/18	21:31:44	0.4892597695390782	0.4892597695390782	11.28	0.0	4.305485971943888	4.254602955911824	72.52	-34.41	0.4892597695390782	0.4892597695390782	11.28	0.0	302.0	292.77	600.16	-0.25	0	1
PROTOTYPE	008142	04/15/18	21:31:46	0.4892597695390782	0.4892597695390782	11.27	0.0	4.207634018036073	4.247753319138276	67.41	-29.25	0.4892597695390782	0.4892597695390782	11.27	0.0	291.0	292.5	593.18	-60.21	0	1
PROTOTYPE	008143	04/15/18	21:31:47	0.4892597695390782	0.4892597695390782	11.28	0.0	4.305485971943888	4.2565599949899795	65.7	-9.86	0.4892597695390782	0.4892597695390782	11.28	0.0	295.0	292.88	527.23	-126.18	0	1
PROTOTYPE	008144	04/15/18	21:31:48	0.4892597695390782	0.4892597695390782	11.28	0.0	4.305485971943888	4.263409631763527	64.25	6.62	0.4892597695390782	0.4892597695390782	11.28	0.0	286.0	291.84	583.29	-182.25	0	1
PROTOTYPE	008145	04/15/18	21:31:50	0.4892597695390782	0.4892597695390782	11.27	0.0	4.305485971943888	4.270259268537075	63.02	20.62	0.4892597695390782	0.4892597695390782	11.27	0.0	284.0	290.67	630.94	-229.92	0	1
PROTOTYPE	008146	04/15/18	21:31:51	0.4892597695390782	0.4892597695390782	11.28	0.0	4.207634018036073	4.260474073146293	66.07	17.53	0.4892597695390782	0.4892597695390782	11.28	0.0	291.0	290.72	576.61	-165.43	0	1
PROTOTYPE	008147	04/15/18	21:31:53	0.4892597695390782	0.4892597695390782	11.29	0.0	4.207634018036073	4.252645916833668	64.74	-0.1	0.4892597695390782	0.4892597695390782	11.29	0.0	288.0	290.31	566.8	-155.61	0	1
PROTOTYPE	008148	04/15/18	21:31:54	0.4892597695390782	0.4892597695390782	11.29	0.0	4.207634018036073	4.24579628006012	64.73	-0.08	0.4892597695390782	0.4892597695390782	11.29	0.0	286.0	289.66	558.46	-147.27	0	1
PROTOTYPE	008149	04/15/18	21:31:55	0.4892597695390782	0.4892597695390782	11.29	0.0	4.305485971943888	4.254602955911824	64.74	-0.07	0.4892597695390782	0.4892597695390782	11.29	0.0	286.0	289.11	450.46	-365.18	0	1
PROTOTYPE	008150	04/15/18	21:31:57	0.4892597695390782	0.4892597695390782	11.28	0.0	4.207634018036073	4.247753319138276	64.73	-0.06	0.4892597695390782	0.4892597695390782	11.28	0.0	285.0	288.5	485.66	-400.4	0	1
PROTOTYPE	008151	04/15/18	21:31:58	0.4892597695390782	0.4892597695390782	11.27	0.0	4.305485971943888	4.2565599949899795	64.73	-0.05	0.4892597695390782	0.4892597695390782	11.27	0.0	283.0	287.67	530.61	-520.34	0	1
PROTOTYPE	008152	04/15/18	21:32:00	0.4892597695390782	0.4892597695390782	11.28	0.0	4.207634018036073	4.248731838677355	64.72	-15.04	0.4892597695390782	0.4892597695390782	11.28	0.0	301.0	289.67	627.39	-217.29	0	1
PROTOTYPE	008153	04/15/18	21:32:01	0.4892597695390782	0.4892597695390782	11.27	0.0	4.305485971943888	4.257538514529059	66.93	-12.79	0.4892597695390782	0.4892597695390782	11.27	0.0	286.0	289.12	564.8	-154.7	0	1
PROTOTYPE	008154	04/15/18	21:32:02	0.4892597695390782	0.4892597695390782	11.26	0.0	4.305485971943888	4.264388151302605	64.73	4.13	0.4892597695390782	0.4892597695390782	11.26	0.0	300.0	290.75	722.82	3.51	0	1
PROTOTYPE	008155	04/15/18	21:32:04	0.4892597695390782	0.4892597695390782	11.26	0.0	4.305485971943888	4.271237788076152	62.86	18.51	0.4892597695390782	0.4892597695390782	11.26	0.0	283.0	289.59	798.33	-72.02	0	1
PROTOTYPE	008156	04/15/18	21:32:05	0.4892597695390782	0.4892597695390782	11.26	0.0	4.305485971943888	4.276130385771544	61.28	30.73	0.4892597695390782	0.4892597695390782	11.26	0.0	284.0	288.75	817.52	-91.22	0	1
PROTOTYPE	008157	04/15/18	21:32:07	0.4892597695390782	0.4892597695390782	11.27	0.0	4.207634018036073	4.265366670841684	62.65	11.12	0.4892597695390782	0.4892597695390782	11.27	0.0	283.0	287.89	848.83	-122.53	0	1
PROTOTYPE	008158	04/15/18	21:32:08	0.4892597695390782	0.4892597695390782	11.26	0.0	4.305485971943888	4.2722163076152295	61.5	24.46	0.4892597695390782	0.4892597695390782	11.26	0.0	288.0	287.91	789.28	-59.15	0	1
PROTOTYPE	008159	04/15/18	21:32:10	0.4892597695390782	0.4892597695390782	11.26	0.0	4.305485971943888	4.277108905310621	57.91	20.79	0.4892597695390782	0.4892597695390782	11.26	0.0	290.0	288.22	738.27	54.72	0	1
PROTOTYPE	008160	04/15/18	21:32:11	0.4892597695390782	0.4892597695390782	11.28	0.0	4.305485971943888	4.281022983466934	54.91	32.67	0.4892597695390782	0.4892597695390782	11.28	0.0	279.0	286.84	676.65	-283.49	0	1
PROTOTYPE	008161	04/15/18	21:32:12	0.4892597695390782	0.4892597695390782	11.28	0.0	4.305485971943888	4.284937061623246	50.15	27.77	0.4892597695390782	0.4892597695390782	11.28	0.0	291.0	287.46	684.02	-165.97	0	1
PROTOTYPE	008162	04/15/18	21:32:14	0.4892597695390782	0.4892597695390782	11.29	0.0	4.305485971943888	4.287872620240481	46.15	23.6	0.4892597695390782	0.4892597695390782	11.29	0.0	294.0	288.44	618.92	-231.07	0	1
PROTOTYPE	008163	04/15/18	21:32:15	0.4892597695390782	0.4892597695390782	11.29	0.0	4.305485971943888	4.2908081788577155	42.81	20.06	0.4892597695390782	0.4892597695390782	11.29	0.0	290.0	288.68	526.04	-91.41	0	1
PROTOTYPE	008164	04/15/18	21:32:17	0.4892597695390782	0.4892597695390782	11.3	0.0	4.305485971943888	4.292765217935871	40.01	17.05	0.4892597695390782	0.4892597695390782	11.3	0.0	285.0	288.12	497.33	-62.7	0	1
PROTOTYPE	008165	04/15/18	21:32:18	0.4892597695390782	0.4892597695390782	11.28	0.0	4.305485971943888	4.294722257014028	31.83	29.5	0.4892597695390782	0.4892597695390782	11.28	0.0	286.0	287.81	442.95	-8.29	0	1
PROTOTYPE	008166	04/15/18	21:32:19	0.4892597695390782	0.4892597695390782	11.28	0.0	4.305485971943888	4.296679296092185	27.75	25.07	0.4892597695390782	0.4892597695390782	11.28	0.0	289.0	287.98	458.74	7.95	0	1
