Dev_id	Index	Date	Time	Sensor1	Sensor1_Filter	Sensor1_LL	Sensor1_Diff	Sensor2	Sensor2_Filter	Sensor2_LL	Sensor2_Diff	Sensor3	Sensor3_Filter	Sensor3_LL	Sensor3_Diff	Sensor4	Sensor4_Filter	Sensor4_LL	Sensor4_Diff	Heater_Status	FSM_Status
PROTOTYPE	001602	04/10/18	00:10:16	0.4892597695390782	0.4892597695390782	113.13	-0.0	0.6849636773547094	0.7348681738476953	130.19	-3.69	0.4892597695390782	0.4892597695390782	113.13	0.0	295.0	282.97	684.66	345.22	0	b'BAS'
PROTOTYPE	001603	04/10/18	00:10:30	0.4892597695390782	0.4892597695390782	113.13	-0.0	0.6849636773547094	0.7280185370741483	129.92	-3.13	0.4892597695390782	0.4892597695390782	113.13	0.0	272.0	281.32	833.92	173.44	0	b'BAS'
PROTOTYPE	001604	04/10/18	00:10:44	0.4892597695390782	0.4892597695390782	113.13	-0.0	0.7828156312625251	0.7358466933867736	130.59	12.34	0.4892597695390782	0.4892597695390782	113.13	0.0	288.0	282.33	835.2	372.42	0	b'BAS'
PROTOTYPE	001605	04/10/18	00:10:59	0.4892597695390782	0.4892597695390782	113.13	-0.0	0.7828156312625251	0.7426963301603206	129.67	10.49	0.4892597695390782	0.4892597695390782	113.13	0.0	272.0	280.78	949.23	256.56	0	b'BAS'
PROTOTYPE	001606	04/10/18	00:11:13	0.4892597695390782	0.4892597695390782	113.13	-0.0	0.7828156312625251	0.7485674473947896	128.98	8.91	0.4892597695390782	0.4892597695390782	113.13	0.0	281.0	280.81	860.95	158.07	0	b'BAS'
PROTOTYPE	001607	04/10/18	00:11:27	0.4892597695390782	0.4892597695390782	113.13	-0.0	0.7828156312625251	0.7544385646292585	128.47	7.58	0.4892597695390782	0.4892597695390782	113.13	0.0	284.0	281.29	733.72	29.36	0	b'BAS'
PROTOTYPE	001608	04/10/18	00:11:41	0.4892597695390782	0.4892597695390782	113.13	-0.0	0.7828156312625251	0.7583526427855711	126.27	21.44	0.4892597695390782	0.4892597695390782	113.13	0.0	269.0	279.45	904.45	-155.04	0	b'BAS'
PROTOTYPE	001609	04/10/18	00:11:55	0.4892597695390782	0.4892597695390782	113.13	-0.0	0.6849636773547094	0.7475889278557114	128.59	3.22	0.4892597695390782	0.4892597695390782	113.13	0.0	280.0	279.53	900.29	-131.78	0	b'BAS'
PROTOTYPE	001610	04/10/18	00:12:09	0.4892597695390782	0.4892597695390782	113.13	-0.0	0.7828156312625251	0.7524815255511023	126.93	17.74	0.4892597695390782	0.4892597695390782	113.13	0.0	280.0	279.6	703.32	-337.02	0	b'BAS'
PROTOTYPE	001611	04/10/18	00:12:23	0.4892597695390782	0.4892597695390782	113.13	-0.0	0.7828156312625251	0.757374123246493	125.69	30.08	0.4892597695390782	0.4892597695390782	113.13	0.0	275.0	278.91	608.6	-241.46	0	b'BAS'
PROTOTYPE	001612	04/10/18	00:12:37	0.4892597695390782	0.4892597695390782	113.13	-0.0	0.6849636773547094	0.7466104083166333	127.19	10.57	0.4892597695390782	0.4892597695390782	113.13	0.0	278.0	278.77	527.11	-355.24	0	b'BAS'
PROTOTYPE	001613	04/10/18	00:12:52	0.4892597695390782	0.4892597695390782	113.13	-0.0	0.7828156312625251	0.751503006012024	126.53	8.98	0.4892597695390782	0.4892597695390782	113.13	0.0	287.0	280.01	495.8	-76.96	0	b'BAS'
PROTOTYPE	001614	04/10/18	00:13:06	0.4892597695390782	0.4892597695390782	113.13	-0.0	0.6849636773547094	0.7417178106212425	128.6	-7.37	0.4892597695390782	0.4892597695390782	113.13	0.0	264.0	277.61	721.79	-320.41	0	b'BAS'
PROTOTYPE	001615	04/10/18	00:13:20	0.4892597695390782	0.4892597695390782	113.13	-0.0	0.7828156312625251	0.7475889278557114	129.02	-6.26	0.4892597695390782	0.4892597695390782	113.13	0.0	282.0	278.27	739.3	-302.35	0	b'BAS'
PROTOTYPE	001616	04/10/18	00:13:34	0.4892597695390782	0.4892597695390782	113.13	-0.0	0.7828156312625251	0.7534600450901804	129.32	-5.32	0.4892597695390782	0.4892597695390782	113.13	0.0	283.0	278.98	626.85	-47.0	0	b'BAS'
PROTOTYPE	001617	04/10/18	00:13:48	0.4892597695390782	0.4892597695390782	113.13	-0.0	0.6849636773547094	0.7426963301603206	128.84	-4.52	0.4892597695390782	0.4892597695390782	113.13	0.0	271.0	277.78	730.91	-174.95	0	b'BAS'
PROTOTYPE	001618	04/10/18	00:14:02	0.4892597695390782	0.4892597695390782	113.13	-0.0	0.7828156312625251	0.7485674473947896	129.09	-3.84	0.4892597695390782	0.4892597695390782	113.13	0.0	271.0	276.76	817.76	-283.71	0	b'BAS'
PROTOTYPE	001619	04/10/18	00:14:16	0.4892597695390782	0.4892597695390782	113.13	-0.0	0.7828156312625251	0.7544385646292585	129.28	-3.27	0.4892597695390782	0.4892597695390782	113.13	0.0	277.0	276.8	761.92	-211.15	0	b'BAS'
PROTOTYPE	001620	04/10/18	00:14:31	0.4892597695390782	0.4892597695390782	113.13	-0.0	0.7828156312625251	0.7583526427855711	126.13	12.22	0.4892597695390782	0.4892597695390782	113.13	0.0	278.0	276.98	765.19	-179.48	0	b'BAS'
PROTOTYPE	001621	04/10/18	00:14:45	0.4892597695390782	0.4892597695390782	113.13	-0.0	0.6849636773547094	0.7475889278557114	129.0	-4.61	0.4892597695390782	0.4892597695390782	113.13	0.0	284.0	278.03	747.25	-197.56	0	b'BAS'
PROTOTYPE	001622	04/10/18	00:14:59	0.4892597695390782	0.4892597695390782	113.13	-0.0	0.7828156312625251	0.7524815255511023	126.68	11.08	0.4892597695390782	0.4892597695390782	113.13	0.0	288.0	279.53	656.92	192.08	0	b'BAS'
PROTOTYPE	001623	04/10/18	00:15:13	0.4892597695390782	0.4892597695390782	113.13	-0.0	0.7828156312625251	0.757374123246493	126.09	9.42	0.4892597695390782	0.4892597695390782	113.13	0.0	266.0	277.5	792.91	-76.73	0	b'BAS'
PROTOTYPE	001624	04/10/18	00:15:27	0.4892597695390782	0.4892597695390782	113.13	-0.0	0.7828156312625251	0.7612882014028056	125.65	8.01	0.4892597695390782	0.4892597695390782	113.13	0.0	286.0	278.77	848.8	-20.22	0	b'BAS'
PROTOTYPE	001625	04/10/18	00:15:41	0.4892597695390782	0.4892597695390782	113.13	-0.0	0.7828156312625251	0.76422376002004	122.59	21.8	0.4892597695390782	0.4892597695390782	113.13	0.0	292.0	280.76	927.25	297.81	0	b'BAS'
PROTOTYPE	001626	04/10/18	00:15:55	0.4892597695390782	0.4892597695390782	113.13	-0.0	0.7828156312625251	0.7671593186372746	121.61	18.53	0.4892597695390782	0.4892597695390782	113.13	0.0	278.0	280.34	868.29	358.14	0	b'BAS'
PROTOTYPE	001627	04/10/18	00:16:09	0.4892597695390782	0.4892597695390782	113.13	-0.0	0.7828156312625251	0.7691163577154309	120.89	15.75	0.4892597695390782	0.4892597695390782	113.13	0.0	278.0	279.99	891.6	319.42	0	b'BAS'
PROTOTYPE	001628	04/10/18	00:16:24	0.4892597695390782	0.4892597695390782	113.13	-0.0	0.7828156312625251	0.7710733967935871	120.36	13.39	0.4892597695390782	0.4892597695390782	113.13	0.0	281.0	280.14	889.38	316.5	0	b'BAS'
PROTOTYPE	001629	04/10/18	00:16:38	0.4892597695390782	0.4892597695390782	113.13	-0.0	0.7828156312625251	0.7730304358717436	116.54	26.38	0.4892597695390782	0.4892597695390782	113.13	0.0	288.0	281.32	901.81	329.03	0	b'BAS'
PROTOTYPE	001630	04/10/18	00:16:52	0.4892597695390782	0.4892597695390782	113.13	-0.0	0.7828156312625251	0.7749874749498998	115.61	22.42	0.4892597695390782	0.4892597695390782	113.13	0.0	292.0	282.92	912.41	339.67	0	b'BAS'
PROTOTYPE	001631	04/10/18	00:17:06	0.4892597695390782	0.4892597695390782	113.13	-0.0	0.7828156312625251	0.775965994488978	114.93	19.06	0.4892597695390782	0.4892597695390782	113.13	0.0	282.0	282.78	728.81	528.72	0	b'BAS'
PROTOTYPE	001632	04/10/18	00:17:20	0.4892597695390782	0.4892597695390782	113.13	-0.0	0.7828156312625251	0.7769445140280561	114.43	16.2	0.4892597695390782	0.4892597695390782	113.13	0.0	282.0	282.67	618.9	389.41	0	b'BAS'
PROTOTYPE	001633	04/10/18	00:17:34	0.4892597695390782	0.4892597695390782	113.13	-0.0	0.7828156312625251	0.7779230335671343	114.07	13.77	0.4892597695390782	0.4892597695390782	113.13	0.0	289.0	283.62	516.03	286.0	0	b'BAS'
PROTOTYPE	001634	04/10/18	00:17:48	0.4892597695390782	0.4892597695390782	113.13	-0.0	0.7828156312625251	0.7789015531062123	113.81	11.71	0.4892597695390782	0.4892597695390782	113.13	0.0	283.0	283.52	489.22	318.1	0	b'BAS'
PROTOTYPE	001635	04/10/18	00:18:03	0.4892597695390782	0.4892597695390782	113.13	-0.0	0.6849636773547094	0.76422376002004	119.61	-5.05	0.4892597695390782	0.4892597695390782	113.13	0.0	280.0	283.0	506.06	300.39	0	b'BAS'
PROTOTYPE	001636	04/10/18	00:18:17	0.4892597695390782	0.4892597695390782	113.13	-0.0	0.6849636773547094	0.7524815255511023	123.99	-19.29	0.4892597695390782	0.4892597695390782	113.13	0.0	283.0	283.0	499.5	285.33	0	b'BAS'
PROTOTYPE	001637	04/10/18	00:18:31	0.4892597695390782	0.4892597695390782	113.13	-0.0	0.7828156312625251	0.757374123246493	124.62	-16.4	0.4892597695390782	0.4892597695390782	113.13	0.0	276.0	281.95	486.7	62.53	0	b'BAS'
PROTOTYPE	001638	04/10/18	00:18:45	0.4892597695390782	0.4892597695390782	113.13	-0.0	0.6849636773547094	0.7466104083166333	128.36	-28.94	0.4892597695390782	0.4892597695390782	113.13	0.0	286.0	282.55	388.32	-36.85	0	b'BAS'
PROTOTYPE	001639	04/10/18	00:18:59	0.4892597695390782	0.4892597695390782	113.13	-0.0	0.7828156312625251	0.751503006012024	129.37	-24.6	0.4892597695390782	0.4892597695390782	113.13	0.0	290.0	283.67	481.09	88.68	0	b'BAS'
PROTOTYPE	001640	04/10/18	00:19:13	0.4892597695390782	0.4892597695390782	113.13	-0.0	0.7828156312625251	0.7563956037074149	130.11	-20.91	0.4892597695390782	0.4892597695390782	113.13	0.0	290.0	284.62	558.66	195.38	0	b'BAS'
PROTOTYPE	001641	04/10/18	00:19:27	0.4892597695390782	0.4892597695390782	113.13	-0.0	0.7828156312625251	0.7603096818637275	130.65	-17.77	0.4892597695390782	0.4892597695390782	113.13	0.0	286.0	284.83	487.68	121.07	0	b'BAS'
PROTOTYPE	001642	04/10/18	00:19:42	0.4892597695390782	0.4892597695390782	113.13	-0.0	0.6849636773547094	0.7495459669338678	134.75	-30.11	0.4892597695390782	0.4892597695390782	113.13	0.0	283.0	284.55	501.63	102.91	0	b'BAS'
PROTOTYPE	001643	04/10/18	00:19:56	0.4892597695390782	0.4892597695390782	113.13	-0.0	0.7828156312625251	0.7544385646292585	129.67	-10.59	0.4892597695390782	0.4892597695390782	113.13	0.0	277.0	283.42	561.08	42.47	0	b'BAS'
PROTOTYPE	001644	04/10/18	00:20:10	0.4892597695390782	0.4892597695390782	113.13	-0.0	0.6849636773547094	0.7436748496993988	128.67	-9.0	0.4892597695390782	0.4892597695390782	113.13	0.0	288.0	284.11	617.07	111.1	0	b'BAS'
PROTOTYPE	001645	04/10/18	00:20:24	0.4892597695390782	0.4892597695390782	113.13	-0.0	0.7828156312625251	0.7495459669338678	129.14	-7.65	0.4892597695390782	0.4892597695390782	113.13	0.0	284.0	284.09	525.41	214.44	0	b'BAS'
PROTOTYPE	001646	04/10/18	00:20:38	0.4892597695390782	0.4892597695390782	113.13	-0.0	0.6849636773547094	0.7397607715430862	128.46	-6.5	0.4892597695390782	0.4892597695390782	113.13	0.0	282.0	283.78	497.4	122.27	0	b'BAS'
PROTOTYPE	001647	04/10/18	00:20:52	0.4892597695390782	0.4892597695390782	113.13	-0.0	0.7828156312625251	0.7466104083166333	128.85	-5.53	0.4892597695390782	0.4892597695390782	113.13	0.0	276.0	282.61	502.36	-106.07	0	b'BAS'
PROTOTYPE	001648	04/10/18	00:21:06	0.4892597695390782	0.4892597695390782	113.13	-0.0	0.6849636773547094	0.7368252129258518	130.91	-19.7	0.4892597695390782	0.4892597695390782	113.13	0.0	288.0	283.42	488.45	-120.16	0	b'BAS'
PROTOTYPE	001649	04/10/18	00:21:20	0.4892597695390782	0.4892597695390782	113.13	-0.0	0.6849636773547094	0.7289970566132266	132.45	-31.74	0.4892597695390782	0.4892597695390782	113.13	0.0	280.0	282.91	516.59	-192.14	0	b'BAS'
PROTOTYPE	001650	04/10/18	00:21:35	0.4892597695390782	0.4892597695390782	113.13	-0.0	0.6849636773547094	0.7231259393787575	129.87	-26.98	0.4892597695390782	0.4892597695390782	113.13	0.0	271.0	281.12	664.9	-343.31	0	b'BAS'
PROTOTYPE	001651	04/10/18	00:21:49	0.4892597695390782	0.4892597695390782	113.13	-0.0	0.7828156312625251	0.731932615230461	131.7	-22.94	0.4892597695390782	0.4892597695390782	113.13	0.0	291.0	282.6	699.58	-81.82	0	b'BAS'
PROTOTYPE	001652	04/10/18	00:22:03	0.4892597695390782	0.4892597695390782	113.13	-0.0	0.7828156312625251	0.7397607715430862	130.19	-4.49	0.4892597695390782	0.4892597695390782	113.13	0.0	282.0	282.51	646.23	-159.55	0	b'BAS'
PROTOTYPE	001653	04/10/18	00:22:17	0.4892597695390782	0.4892597695390782	113.13	-0.0	0.7828156312625251	0.745631888777555	130.47	-3.82	0.4892597695390782	0.4892597695390782	113.13	0.0	291.0	283.79	760.1	-30.61	0	b'BAS'
PROTOTYPE	001654	04/10/18	00:22:31	0.4892597695390782	0.4892597695390782	113.13	-0.0	0.7828156312625251	0.751503006012024	128.43	11.75	0.4892597695390782	0.4892597695390782	113.13	0.0	272.0	282.02	903.03	-176.02	0	b'BAS'
PROTOTYPE	001655	04/10/18	00:22:45	0.4892597695390782	0.4892597695390782	113.13	-0.0	0.7828156312625251	0.7563956037074149	127.77	9.99	0.4892597695390782	0.4892597695390782	113.13	0.0	283.0	282.16	805.94	-44.62	0	b'BAS'
PROTOTYPE	001656	04/10/18	00:22:59	0.4892597695390782	0.4892597695390782	113.13	-0.0	0.7828156312625251	0.7603096818637275	125.51	23.49	0.4892597695390782	0.4892597695390782	113.13	0.0	271.0	280.49	891.95	-292.93	0	b'BAS'
PROTOTYPE	001657	04/10/18	00:23:14	0.4892597695390782	0.4892597695390782	113.13	-0.0	0.6849636773547094	0.7485674473947896	127.5	19.97	0.4892597695390782	0.4892597695390782	113.13	0.0	271.0	279.07	981.79	-383.99	0	b'BAS'
PROTOTYPE	001658	04/10/18	00:23:28	0.4892597695390782	0.4892597695390782	113.13	-0.0	0.7828156312625251	0.7534600450901804	126.88	31.97	0.4892597695390782	0.4892597695390782	113.13	0.0	291.0	280.86	982.2	-26.39	0	b'BAS'
PROTOTYPE	001659	04/10/18	00:23:42	0.4892597695390782	0.4892597695390782	113.13	-0.0	0.7828156312625251	0.7583526427855711	124.82	27.18	0.4892597695390782	0.4892597695390782	113.13	0.0	270.0	279.23	996.79	-337.43	0	b'BAS'
PROTOTYPE	001660	04/10/18	00:23:56	0.4892597695390782	0.4892597695390782	113.13	-0.0	0.7828156312625251	0.7622667209418837	123.28	23.1	0.4892597695390782	0.4892597695390782	113.13	0.0	291.0	280.99	1157.16	-151.82	0	b'BAS'
PROTOTYPE	001661	04/10/18	00:24:10	0.4892597695390782	0.4892597695390782	113.13	-0.0	0.7828156312625251	0.7652022795591183	122.15	19.64	0.4892597695390782	0.4892597695390782	113.13	0.0	284.0	281.44	1076.31	-234.04	0	b'BAS'
PROTOTYPE	001662	04/10/18	00:24:24	0.4892597695390782	0.4892597695390782	113.13	-0.0	0.7828156312625251	0.7681378381763527	121.32	16.69	0.4892597695390782	0.4892597695390782	113.13	0.0	282.0	281.53	915.38	-48.94	0	b'BAS'
PROTOTYPE	001663	04/10/18	00:24:38	0.4892597695390782	0.4892597695390782	113.13	-0.0	0.7828156312625251	0.7700948772545091	120.71	14.19	0.4892597695390782	0.4892597695390782	113.13	0.0	283.0	281.75	921.17	-41.6	0	b'BAS'
PROTOTYPE	001664	04/10/18	00:24:52	0.4892597695390782	0.4892597695390782	113.13	-0.0	0.7828156312625251	0.7720519163326653	120.26	12.06	0.4892597695390782	0.4892597695390782	113.13	0.0	279.0	281.34	796.69	84.64	0	b'BAS'
PROTOTYPE	001665	04/10/18	00:25:07	0.4892597695390782	0.4892597695390782	113.13	-0.0	0.7828156312625251	0.7740089554108216	116.26	25.25	0.39140781563126253	0.4745819764529058	119.6	-15.0	290.0	282.64	784.36	356.95	0	b'BAS'
PROTOTYPE	001666	04/10/18	00:25:21	0.4892597695390782	0.4892597695390782	113.13	-0.0	0.7828156312625251	0.7749874749498998	115.4	21.46	0.4892597695390782	0.4765390155310621	119.78	-12.75	297.0	284.79	820.72	393.4	0	b'BAS'
PROTOTYPE	001667	04/10/18	00:25:35	0.4892597695390782	0.4892597695390782	113.13	-0.0	0.7828156312625251	0.775965994488978	114.78	18.24	0.4892597695390782	0.47849605460921835	119.91	-10.84	288.0	285.27	707.44	604.39	0	b'BAS'
PROTOTYPE	001668	04/10/18	00:25:49	0.4892597695390782	0.4892597695390782	113.13	-0.0	0.7828156312625251	0.7769445140280561	114.32	15.51	0.4892597695390782	0.48045309368737477	120.0	-9.21	285.0	285.23	545.01	423.73	0	b'BAS'
PROTOTYPE	001669	04/10/18	00:26:03	0.4892597695390782	0.4892597695390782	113.13	-0.0	0.6849636773547094	0.7632452404809619	119.82	-1.82	0.4892597695390782	0.48143161322645295	120.07	-7.83	277.0	284.0	622.03	255.17	0	b'BAS'
PROTOTYPE	001670	04/10/18	00:26:17	0.4892597695390782	0.4892597695390782	113.13	-0.0	0.7828156312625251	0.7661807990981964	119.87	-1.55	0.4892597695390782	0.482410132765531	120.12	-6.66	283.0	283.85	626.2	231.9	0	b'BAS'
PROTOTYPE	001671	04/10/18	00:26:31	0.4892597695390782	0.4892597695390782	113.13	-0.0	0.7828156312625251	0.7691163577154309	119.91	-1.31	0.4892597695390782	0.48338865230460926	120.15	-5.66	275.0	282.52	733.43	77.11	0	b'BAS'
PROTOTYPE	001672	04/10/18	00:26:46	0.4892597695390782	0.4892597695390782	113.13	-0.0	0.7828156312625251	0.7710733967935871	119.94	-1.12	0.4892597695390782	0.48436717184368744	120.18	-4.81	272.0	280.94	848.28	-39.45	0	b'BAS'
PROTOTYPE	001673	04/10/18	00:27:00	0.4892597695390782	0.4892597695390782	113.13	-0.0	0.7828156312625251	0.7730304358717436	119.96	-0.95	0.4892597695390782	0.4853456913827655	113.72	10.91	279.0	280.65	749.94	-198.54	0	b'BAS'
PROTOTYPE	001674	04/10/18	00:27:14	0.4892597695390782	0.4892597695390782	113.13	-0.0	0.7828156312625251	0.7740089554108216	119.97	-0.81	0.4892597695390782	0.4863242109218437	113.56	9.28	291.0	282.2	689.9	-258.76	0	b'BAS'
PROTOTYPE	001675	04/10/18	00:27:28	0.4892597695390782	0.4892597695390782	113.13	-0.0	0.7828156312625251	0.7749874749498998	119.98	-0.69	0.4892597695390782	0.4863242109218437	113.44	7.88	277.0	281.42	719.04	-384.94	0	b'BAS'
PROTOTYPE	001676	04/10/18	00:27:42	0.4892597695390782	0.4892597695390782	113.13	-0.0	0.6849636773547094	0.7622667209418837	125.62	-15.58	0.4892597695390782	0.4863242109218437	113.35	6.7	284.0	281.81	745.49	-342.2	0	b'BAS'
PROTOTYPE	001677	04/10/18	00:27:56	0.4892597695390782	0.4892597695390782	113.13	-0.0	0.7828156312625251	0.7652022795591183	120.13	1.75	0.4892597695390782	0.48730273046092193	113.29	5.7	296.0	283.94	834.54	-5.87	0	b'BAS'
PROTOTYPE	001678	04/10/18	00:28:10	0.4892597695390782	0.4892597695390782	113.13	-0.0	0.6849636773547094	0.7534600450901804	124.4	-13.51	0.4892597695390782	0.48730273046092193	113.25	4.84	279.0	283.2	889.37	-64.99	0	b'BAS'
PROTOTYPE	001679	04/10/18	00:28:25	0.4892597695390782	0.4892597695390782	113.13	-0.0	0.7828156312625251	0.757374123246493	124.89	-11.48	0.4892597695390782	0.48730273046092193	113.21	4.12	292.0	284.52	888.71	199.76	0	b'BAS'
PROTOTYPE	001680	04/10/18	00:28:39	0.4892597695390782	0.4892597695390782	113.13	-0.0	0.6849636773547094	0.7466104083166333	128.57	-24.76	0.4892597695390782	0.48828125	113.19	3.5	286.0	284.74	756.63	379.79	0	b'BAS'
PROTOTYPE	001681	04/10/18	00:28:53	0.4892597695390782	0.4892597695390782	113.13	-0.0	0.7828156312625251	0.7524815255511023	129.5	-21.05	0.4892597695390782	0.48828125	113.17	2.97	278.0	283.73	826.33	307.83	0	b'BAS'
PROTOTYPE	001682	04/10/18	00:29:07	0.4892597695390782	0.4892597695390782	113.13	-0.0	0.6849636773547094	0.7417178106212425	132.76	-32.89	0.4892597695390782	0.48828125	113.16	2.53	286.0	284.07	707.34	186.65	0	b'BAS'
PROTOTYPE	001683	04/10/18	00:29:21	0.4892597695390782	0.4892597695390782	113.13	-0.0	0.7828156312625251	0.7485674473947896	134.02	-27.96	0.4892597695390782	0.48828125	113.15	2.15	282.0	283.76	662.13	233.65	0	b'BAS'
PROTOTYPE	001684	04/10/18	00:29:35	0.4892597695390782	0.4892597695390782	113.13	-0.0	0.7828156312625251	0.7534600450901804	129.32	-8.76	0.4892597695390782	0.48828125	113.14	1.83	293.0	285.15	760.3	333.61	0	b'BAS'
PROTOTYPE	001685	04/10/18	00:29:49	0.4892597695390782	0.4892597695390782	113.13	-0.0	0.7828156312625251	0.757374123246493	129.67	-7.45	0.4892597695390782	0.48828125	113.14	1.55	264.0	281.97	864.46	-196.43	0	b'BAS'
PROTOTYPE	001686	04/10/18	00:30:03	0.4892597695390782	0.4892597695390782	113.13	-0.0	0.6849636773547094	0.7466104083166333	128.96	-6.33	0.4892597695390782	0.4892597695390782	113.14	1.32	291.0	283.33	925.19	13.03	0	b'BAS'
PROTOTYPE	001687	04/10/18	00:30:18	0.4892597695390782	0.4892597695390782	113.13	-0.0	0.7828156312625251	0.7524815255511023	129.27	-5.38	0.4892597695390782	0.4892597695390782	113.13	1.12	281.0	282.98	830.06	-153.92	0	b'BAS'
PROTOTYPE	001688	04/10/18	00:30:32	0.4892597695390782	0.4892597695390782	113.13	-0.0	0.7828156312625251	0.7563956037074149	126.19	10.43	0.4892597695390782	0.4892597695390782	113.13	0.95	284.0	283.13	824.56	-160.84	0	b'BAS'
PROTOTYPE	001689	04/10/18	00:30:46	0.4892597695390782	0.4892597695390782	113.13	-0.0	0.7828156312625251	0.7603096818637275	125.69	8.86	0.4892597695390782	0.4892597695390782	113.13	0.81	275.0	281.91	845.27	-181.71	0	b'BAS'
PROTOTYPE	001690	04/10/18	00:31:00	0.4892597695390782	0.4892597695390782	113.13	-0.0	0.7828156312625251	0.76422376002004	122.74	22.53	0.4892597695390782	0.4892597695390782	113.13	0.69	278.0	281.33	868.74	-274.45	0	b'BAS'
PROTOTYPE	001691	04/10/18	00:31:14	0.4892597695390782	0.4892597695390782	113.13	-0.0	0.7828156312625251	0.7671593186372746	121.71	19.15	0.4892597695390782	0.4892597695390782	113.13	0.59	287.0	282.18	920.92	-158.29	0	b'BAS'
PROTOTYPE	001692	04/10/18	00:31:28	0.4892597695390782	0.4892597695390782	113.13	-0.0	0.6849636773547094	0.7544385646292585	125.51	1.28	0.4892597695390782	0.4892597695390782	113.13	0.5	288.0	283.05	870.08	-209.54	0	b'BAS'
PROTOTYPE	001693	04/10/18	00:31:42	0.4892597695390782	0.4892597695390782	113.13	-0.0	0.7828156312625251	0.7583526427855711	125.45	1.09	0.4892597695390782	0.4892597695390782	113.13	0.42	283.0	283.04	566.75	106.89	0	b'BAS'
PROTOTYPE	001694	04/10/18	00:31:57	0.4892597695390782	0.4892597695390782	113.13	-0.0	0.7828156312625251	0.7622667209418837	122.05	15.92	0.4892597695390782	0.4892597695390782	113.13	0.36	290.0	284.09	535.93	75.86	0	b'BAS'
PROTOTYPE	001695	04/10/18	00:32:11	0.4892597695390782	0.4892597695390782	113.13	-0.0	0.7828156312625251	0.7652022795591183	121.36	13.54	0.4892597695390782	0.4892597695390782	113.13	0.31	287.0	284.52	544.2	154.48	0	b'BAS'
PROTOTYPE	001696	04/10/18	00:32:25	0.4892597695390782	0.4892597695390782	113.13	-0.0	0.7828156312625251	0.7681378381763527	120.85	11.51	0.4892597695390782	0.4892597695390782	113.13	0.26	285.0	284.59	539.2	146.31	0	b'BAS'
PROTOTYPE	001697	04/10/18	00:32:39	0.4892597695390782	0.4892597695390782	113.13	-0.0	0.6849636773547094	0.7554170841683366	125.19	-5.22	0.4892597695390782	0.4892597695390782	113.13	0.22	286.0	284.81	441.79	289.36	0	b'BAS'
PROTOTYPE	001698	04/10/18	00:32:53	0.4892597695390782	0.4892597695390782	113.13	-0.0	0.7828156312625251	0.7593311623246493	125.39	-4.44	0.4892597695390782	0.4892597695390782	113.13	0.19	289.0	285.43	445.92	410.96	0	b'BAS'
PROTOTYPE	001699	04/10/18	00:33:07	0.4892597695390782	0.4892597695390782	113.13	-0.0	0.7828156312625251	0.7632452404809619	125.54	-3.77	0.4892597695390782	0.4892597695390782	113.13	0.16	273.0	283.57	546.68	139.31	0	b'BAS'
PROTOTYPE	001700	04/10/18	00:33:21	0.4892597695390782	0.4892597695390782	113.13	-0.0	0.7828156312625251	0.7661807990981964	121.09	11.79	0.4892597695390782	0.4892597695390782	113.13	0.14	286.0	283.93	497.3	88.42	0	b'BAS'
PROTOTYPE	001701	04/10/18	00:33:35	0.4892597695390782	0.4892597695390782	113.13	-0.0	0.7828156312625251	0.7681378381763527	120.67	10.03	0.4892597695390782	0.4892597695390782	113.13	0.12	279.0	283.19	558.49	15.15	0	b'BAS'
PROTOTYPE	001702	04/10/18	00:33:50	0.4892597695390782	0.4892597695390782	113.13	-0.0	0.6849636773547094	0.7563956037074149	125.15	-6.48	0.4892597695390782	0.4892597695390782	113.13	0.1	284.0	283.31	471.77	-77.12	0	b'BAS'
PROTOTYPE	001703	04/10/18	00:34:04	0.4892597695390782	0.4892597695390782	113.13	-0.0	0.7828156312625251	0.7603096818637275	125.39	-5.51	0.4892597695390782	0.4892597695390782	113.13	0.08	272.0	281.62	596.14	-290.55	0	b'BAS'
PROTOTYPE	001704	04/10/18	00:34:18	0.4892597695390782	0.4892597695390782	113.13	-0.0	0.7828156312625251	0.7632452404809619	125.56	-4.68	0.4892597695390782	0.4892597695390782	113.13	0.07	291.0	283.02	721.74	-156.97	0	b'BAS'
PROTOTYPE	001705	04/10/18	00:34:32	0.4892597695390782	0.4892597695390782	113.13	-0.0	0.7828156312625251	0.7661807990981964	120.98	11.02	0.4892597695390782	0.4892597695390782	113.13	0.06	281.0	282.72	729.86	-208.42	0	b'BAS'
PROTOTYPE	001706	04/10/18	00:34:46	0.4892597695390782	0.4892597695390782	113.13	-0.0	0.7828156312625251	0.7691163577154309	120.6	9.37	0.4892597695390782	0.4892597695390782	113.13	0.05	291.0	283.96	790.36	-147.16	0	b'BAS'
PROTOTYPE	001707	04/10/18	00:35:00	0.4892597695390782	0.4892597695390782	113.13	-0.0	0.7828156312625251	0.7710733967935871	120.32	7.96	0.4892597695390782	0.4892597695390782	113.13	0.04	290.0	284.87	694.96	129.91	0	b'BAS'
PROTOTYPE	001708	04/10/18	00:35:14	0.4892597695390782	0.4892597695390782	113.13	-0.0	0.7828156312625251	0.7730304358717436	120.12	6.77	0.4892597695390782	0.4892597695390782	113.13	0.04	278.0	283.84	759.85	-9.57	0	b'BAS'
PROTOTYPE	001709	04/10/18	00:35:29	0.4892597695390782	0.4892597695390782	113.13	-0.0	0.7828156312625251	0.7740089554108216	119.97	5.75	0.4892597695390782	0.4892597695390782	113.13	0.03	289.0	284.61	763.2	141.86	0	b'BAS'
PROTOTYPE	001710	04/10/18	00:35:43	0.4892597695390782	0.4892597695390782	113.13	-0.0	0.7828156312625251	0.775965994488978	115.09	19.89	0.4892597695390782	0.4892597695390782	113.13	0.03	298.0	286.62	945.91	330.58	0	b'BAS'
PROTOTYPE	001711	04/10/18	00:35:57	0.4892597695390782	0.4892597695390782	113.13	-0.0	0.7828156312625251	0.7769445140280561	114.55	16.91	0.4892597695390782	0.4892597695390782	113.13	0.02	274.0	284.73	965.43	311.0	0	b'BAS'
PROTOTYPE	001712	04/10/18	00:36:11	0.4892597695390782	0.4892597695390782	113.13	-0.0	0.7828156312625251	0.7779230335671343	114.16	14.37	0.4892597695390782	0.4892597695390782	113.13	0.02	278.0	283.72	925.89	69.35	0	b'BAS'
PROTOTYPE	001713	04/10/18	00:36:25	0.4892597695390782	0.4892597695390782	113.13	-0.0	0.7828156312625251	0.7779230335671343	113.87	12.22	0.4892597695390782	0.4892597695390782	113.13	0.02	276.0	282.56	1009.02	-16.06	0	b'BAS'
PROTOTYPE	001714	04/10/18	00:36:39	0.4892597695390782	0.4892597695390782	113.13	-0.0	0.7828156312625251	0.7789015531062123	113.67	10.38	0.4892597695390782	0.4892597695390782	113.13	0.01	273.0	281.13	1028.14	-283.65	0	b'BAS'
PROTOTYPE	001715	04/10/18	00:36:53	0.4892597695390782	0.4892597695390782	113.13	-0.0	0.7828156312625251	0.7798800726452906	113.52	8.83	0.4892597695390782	0.4892597695390782	113.13	0.01	285.0	281.71	996.29	-316.1	0	b'BAS'
PROTOTYPE	001716	04/10/18	00:37:08	0.4892597695390782	0.4892597695390782	113.13	-0.0	0.7828156312625251	0.7798800726452906	113.41	7.5	0.4892597695390782	0.4892597695390782	113.13	0.01	289.0	282.8	1002.59	-103.69	0	b'BAS'
PROTOTYPE	001717	04/10/18	00:37:22	0.4892597695390782	0.4892597695390782	113.13	-0.0	0.7828156312625251	0.7808585921843688	113.33	6.38	0.4892597695390782	0.4892597695390782	113.13	0.01	279.0	282.23	982.63	-238.13	0	b'BAS'
PROTOTYPE	001718	04/10/18	00:37:36	0.4892597695390782	0.4892597695390782	113.13	-0.0	0.7828156312625251	0.7808585921843688	113.28	5.42	0.4892597695390782	0.4892597695390782	113.13	0.01	279.0	281.75	831.81	-487.41	0	b'BAS'
PROTOTYPE	001719	04/10/18	00:37:50	0.4892597695390782	0.4892597695390782	113.13	-0.0	0.7828156312625251	0.7808585921843688	113.23	4.61	0.4892597695390782	0.4892597695390782	113.13	0.01	282.0	281.78	656.62	-294.3	0	b'BAS'
PROTOTYPE	001720	04/10/18	00:38:04	0.4892597695390782	0.4892597695390782	113.13	-0.0	0.6849636773547094	0.7671593186372746	119.49	-11.08	0.4892597695390782	0.4892597695390782	113.13	0.01	284.0	282.12	590.83	-160.16	0	b'BAS'
PROTOTYPE	001721	04/10/18	00:38:18	0.4892597695390782	0.4892597695390782	113.13	-0.0	0.6849636773547094	0.7544385646292585	124.22	-24.42	0.4892597695390782	0.4892597695390782	113.13	0.0	288.0	283.0	563.57	43.87	0	b'BAS'
PROTOTYPE	001722	04/10/18	00:38:32	0.4892597695390782	0.4892597695390782	113.13	-0.0	0.7828156312625251	0.7583526427855711	124.86	-20.76	0.4892597695390782	0.4892597695390782	113.13	0.0	284.0	283.15	440.09	202.29	0	b'BAS'
PROTOTYPE	001723	04/10/18	00:38:46	0.4892597695390782	0.4892597695390782	113.13	-0.0	0.7828156312625251	0.7622667209418837	125.32	-17.64	0.4892597695390782	0.4892597695390782	113.13	0.0	286.0	283.58	425.32	186.94	0	b'BAS'
PROTOTYPE	001724	04/10/18	00:39:01	0.4892597695390782	0.4892597695390782	113.13	-0.0	0.7828156312625251	0.7652022795591183	125.65	-15.0	0.4892597695390782	0.4892597695390782	113.13	0.0	282.0	283.34	342.59	53.9	0	b'BAS'
PROTOTYPE	001725	04/10/18	00:39:15	0.4892597695390782	0.4892597695390782	113.13	-0.0	0.7828156312625251	0.7681378381763527	125.9	-12.75	0.4892597695390782	0.4892597695390782	113.13	0.0	270.0	281.34	484.44	-89.18	0	b'BAS'
PROTOTYPE	001726	04/10/18	00:39:29	0.4892597695390782	0.4892597695390782	113.13	-0.0	0.7828156312625251	0.7700948772545091	126.08	-10.84	0.4892597695390782	0.4892597695390782	113.13	0.0	278.0	280.84	486.0	-90.81	0	b'BAS'
PROTOTYPE	001727	04/10/18	00:39:43	0.4892597695390782	0.4892597695390782	113.13	-0.0	0.7828156312625251	0.7720519163326653	126.2	-9.21	0.4892597695390782	0.4892597695390782	113.13	0.0	280.0	280.71	490.29	-107.18	0	b'BAS'
PROTOTYPE	001728	04/10/18	00:39:57	0.4892597695390782	0.4892597695390782	113.13	-0.0	0.7828156312625251	0.7740089554108216	120.01	7.17	0.4892597695390782	0.4892597695390782	113.13	0.0	283.0	281.06	491.28	-106.11	0	b'BAS'
PROTOTYPE	001729	04/10/18	00:40:11	0.4892597695390782	0.4892597695390782	113.13	-0.0	0.7828156312625251	0.7749874749498998	115.33	21.1	0.4892597695390782	0.4892597695390782	113.13	0.0	277.0	280.45	464.37	-255.19	0	b'BAS'
PROTOTYPE	001730	04/10/18	00:40:25	0.4892597695390782	0.4892597695390782	113.13	-0.0	0.7828156312625251	0.775965994488978	114.72	17.93	0.4892597695390782	0.4892597695390782	113.13	0.0	281.0	280.53	460.14	-261.91	0	b'BAS'
PROTOTYPE	001731	04/10/18	00:40:40	0.4892597695390782	0.4892597695390782	113.13	-0.0	0.7828156312625251	0.7769445140280561	114.28	15.24	0.4892597695390782	0.4892597695390782	113.13	0.0	285.0	281.2	483.62	-237.63	0	b'BAS'
PROTOTYPE	001732	04/10/18	00:40:54	0.4892597695390782	0.4892597695390782	113.13	-0.0	0.7828156312625251	0.7779230335671343	113.96	12.96	0.4892597695390782	0.4892597695390782	113.13	0.0	286.0	281.92	529.42	-141.98	0	b'BAS'
PROTOTYPE	001733	04/10/18	00:41:08	0.4892597695390782	0.4892597695390782	113.13	-0.0	0.7828156312625251	0.7789015531062123	113.73	11.01	0.4892597695390782	0.4892597695390782	113.13	0.0	286.0	282.53	391.62	119.32	0	b'BAS'
PROTOTYPE	001734	04/10/18	00:41:22	0.4892597695390782	0.4892597695390782	113.13	-0.0	0.7828156312625251	0.7789015531062123	113.57	9.36	0.4892597695390782	0.4892597695390782	113.13	0.0	267.0	280.2	572.99	-63.58	0	b'BAS'
PROTOTYPE	001735	04/10/18	00:41:36	0.4892597695390782	0.4892597695390782	113.13	-0.0	0.7828156312625251	0.7798800726452906	113.44	7.96	0.4892597695390782	0.4892597695390782	113.13	0.0	277.0	279.72	604.14	-99.04	0	b'BAS'
PROTOTYPE	001736	04/10/18	00:41:50	0.4892597695390782	0.4892597695390782	113.13	-0.0	0.7828156312625251	0.7798800726452906	113.36	6.76	0.4892597695390782	0.4892597695390782	113.13	0.0	293.0	281.71	766.7	65.81	0	b'BAS'
PROTOTYPE	001737	04/10/18	00:42:04	0.4892597695390782	0.4892597695390782	113.13	-0.0	0.7828156312625251	0.7808585921843688	113.29	5.75	0.4892597695390782	0.4892597695390782	113.13	0.0	284.0	282.06	741.33	160.94	0	b'BAS'
PROTOTYPE	001738	04/10/18	00:42:18	0.4892597695390782	0.4892597695390782	113.13	-0.0	0.7828156312625251	0.7808585921843688	113.25	4.89	0.4892597695390782	0.4892597695390782	113.13	0.0	293.0	283.7	889.7	316.8	0	b'BAS'
PROTOTYPE	001739	04/10/18	00:42:33	0.4892597695390782	0.4892597695390782	113.13	-0.0	0.7828156312625251	0.7808585921843688	113.21	4.15	0.4892597695390782	0.4892597695390782	113.13	0.0	282.0	283.44	850.31	224.28	0	b'BAS'
PROTOTYPE	001740	04/10/18	00:42:47	0.4892597695390782	0.4892597695390782	113.13	-0.0	0.7828156312625251	0.7818371117234469	113.19	3.53	0.4892597695390782	0.4892597695390782	113.13	0.0	267.0	280.98	1024.01	-94.36	0	b'BAS'
PROTOTYPE	001741	04/10/18	00:43:01	0.4892597695390782	0.4892597695390782	113.13	-0.0	0.7828156312625251	0.7818371117234469	113.17	3.0	0.4892597695390782	0.4892597695390782	113.13	0.0	286.0	281.73	1037.87	-80.21	0	b'BAS'
PROTOTYPE	001742	04/10/18	00:43:15	0.4892597695390782	0.4892597695390782	113.13	-0.0	0.7828156312625251	0.7818371117234469	113.16	2.55	0.4892597695390782	0.4892597695390782	113.13	0.0	271.0	280.12	966.03	-8.18	0	b'BAS'
PROTOTYPE	001743	04/10/18	00:43:29	0.4892597695390782	0.4892597695390782	113.13	-0.0	0.7828156312625251	0.7818371117234469	113.15	2.17	0.4892597695390782	0.4892597695390782	113.13	0.0	289.0	281.45	1049.88	173.05	0	b'BAS'
PROTOTYPE	001744	04/10/18	00:43:43	0.4892597695390782	0.4892597695390782	113.13	-0.0	0.7828156312625251	0.7818371117234469	113.15	1.84	0.4892597695390782	0.4892597695390782	113.13	0.0	282.0	281.53	866.57	-17.91	0	b'BAS'
PROTOTYPE	001745	04/10/18	00:43:57	0.4892597695390782	0.4892597695390782	113.13	0.0	0.7828156312625251	0.7818371117234469	113.14	1.57	0.4892597695390782	0.4892597695390782	113.13	0.0	288.0	282.5	927.48	44.78	0	b'BAS'
PROTOTYPE	001746	04/10/18	00:44:12	0.4892597695390782	0.4892597695390782	113.13	0.0	0.7828156312625251	0.7828156312625251	113.14	1.33	0.4892597695390782	0.4892597695390782	113.13	0.0	281.0	282.28	789.35	-141.94	0	b'BAS'
PROTOTYPE	001747	04/10/18	00:44:26	0.4892597695390782	0.4892597695390782	113.13	0.0	0.7828156312625251	0.7828156312625251	113.13	1.13	0.4892597695390782	0.4892597695390782	113.13	0.0	271.0	280.59	929.99	-285.65	0	b'BAS'
PROTOTYPE	001748	04/10/18	00:44:40	0.4892597695390782	0.4892597695390782	113.13	0.0	0.7828156312625251	0.7828156312625251	113.13	0.96	0.4892597695390782	0.4892597695390782	113.13	0.0	283.0	280.95	721.79	-2.8	0	b'BAS'
PROTOTYPE	001749	04/10/18	00:44:54	0.4892597695390782	0.4892597695390782	113.13	0.0	0.7828156312625251	0.7828156312625251	113.13	0.82	0.4892597695390782	0.4892597695390782	113.13	0.0	283.0	281.26	678.99	-47.38	0	b'BAS'
PROTOTYPE	001750	04/10/18	00:45:08	0.4892597695390782	0.4892597695390782	113.13	0.0	0.7828156312625251	0.7828156312625251	113.13	0.69	0.4892597695390782	0.4892597695390782	113.13	0.0	287.0	282.12	604.72	199.73	0	b'BAS'
PROTOTYPE	001751	04/10/18	00:45:22	0.4892597695390782	0.4892597695390782	113.13	0.0	0.7828156312625251	0.7828156312625251	113.13	0.59	0.4892597695390782	0.4892597695390782	113.13	0.0	275.0	281.05	578.49	-40.23	0	b'BAS'
PROTOTYPE	001752	04/10/18	00:45:36	0.4892597695390782	0.4892597695390782	113.13	0.0	0.7828156312625251	0.7828156312625251	113.13	0.5	0.4892597695390782	0.4892597695390782	113.13	0.0	270.0	279.39	728.49	-214.2	0	b'BAS'
PROTOTYPE	001753	04/10/18	00:45:50	0.4892597695390782	0.4892597695390782	113.13	0.0	0.7828156312625251	0.7828156312625251	113.13	0.43	0.4892597695390782	0.4892597695390782	113.13	0.0	280.0	279.48	647.31	-302.07	0	b'BAS'
PROTOTYPE	001754	04/10/18	00:46:05	0.4892597695390782	0.4892597695390782	113.13	0.0	0.7828156312625251	0.7828156312625251	113.13	0.36	0.4892597695390782	0.4892597695390782	113.13	0.0	269.0	277.91	778.57	-436.76	0	b'BAS'
PROTOTYPE	001755	04/10/18	00:46:19	0.4892597695390782	0.4892597695390782	113.13	0.0	0.7828156312625251	0.7828156312625251	113.13	0.31	0.4892597695390782	0.4892597695390782	113.13	0.0	279.0	278.07	630.4	-251.24	0	b'BAS'
PROTOTYPE	001756	04/10/18	00:46:33	0.4892597695390782	0.4892597695390782	113.13	0.0	0.7828156312625251	0.7828156312625251	113.13	0.26	0.4892597695390782	0.4892597695390782	113.13	0.0	282.0	278.66	652.09	-228.56	0	b'BAS'
PROTOTYPE	001757	04/10/18	00:46:47	0.4892597695390782	0.4892597695390782	113.13	0.0	0.7828156312625251	0.7828156312625251	113.13	0.22	0.4892597695390782	0.4892597695390782	113.13	0.0	274.0	277.96	689.6	-329.27	0	b'BAS'
PROTOTYPE	001758	04/10/18	00:47:01	0.4892597695390782	0.4892597695390782	113.13	0.0	0.7828156312625251	0.7828156312625251	113.13	0.19	0.4892597695390782	0.4892597695390782	113.13	0.0	286.0	279.17	723.67	-294.88	0	b'BAS'
PROTOTYPE	001759	04/10/18	00:47:15	0.4892597695390782	0.4892597695390782	113.13	0.0	0.7828156312625251	0.7828156312625251	113.13	0.16	0.4892597695390782	0.4892597695390782	113.13	0.0	278.0	278.99	638.49	-205.65	0	b'BAS'
PROTOTYPE	001760	04/10/18	00:47:29	0.4892597695390782	0.4892597695390782	113.13	0.0	0.6849636773547094	0.7681378381763527	119.6	-14.86	0.4892597695390782	0.4892597695390782	113.13	0.0	294.0	281.24	697.67	185.2	0	b'BAS'
PROTOTYPE	001761	04/10/18	00:47:44	0.4892597695390782	0.4892597695390782	113.13	0.0	0.7828156312625251	0.7700948772545091	119.77	-12.63	0.4892597695390782	0.4892597695390782	113.13	0.0	285.0	281.81	738.92	232.42	0	b'BAS'
PROTOTYPE	001762	04/10/18	00:47:58	0.4892597695390782	0.4892597695390782	113.13	0.0	0.7828156312625251	0.7720519163326653	119.9	-10.74	0.4892597695390782	0.4892597695390782	113.13	0.0	292.0	283.34	734.56	542.55	0	b'BAS'
PROTOTYPE	001763	04/10/18	00:48:12	0.4892597695390782	0.4892597695390782	113.13	0.0	0.7828156312625251	0.7740089554108216	120.0	-9.13	0.4892597695390782	0.4892597695390782	113.13	0.0	284.0	283.44	730.25	536.17	0	b'BAS'
PROTOTYPE	001764	04/10/18	00:48:26	0.4892597695390782	0.4892597695390782	113.13	0.0	0.7828156312625251	0.7749874749498998	120.07	-7.76	0.4892597695390782	0.4892597695390782	113.13	0.0	285.0	283.67	697.08	500.75	0	b'BAS'
PROTOTYPE	001765	04/10/18	00:48:40	0.4892597695390782	0.4892597695390782	113.13	0.0	0.7828156312625251	0.775965994488978	120.11	-6.59	0.39140781563126253	0.4745819764529058	119.6	-15.0	277.0	282.67	726.77	470.63	0	b'BAS'
PROTOTYPE	001766	04/10/18	00:48:54	0.4892597695390782	0.4892597695390782	113.13	0.0	0.7828156312625251	0.7769445140280561	120.15	-5.61	0.4892597695390782	0.4765390155310621	119.78	-12.75	275.0	281.52	721.33	235.04	0	b'BAS'
PROTOTYPE	001767	04/10/18	00:49:08	0.4892597695390782	0.4892597695390782	113.13	0.0	0.7828156312625251	0.7779230335671343	120.18	-4.76	0.4892597695390782	0.47849605460921835	119.91	-10.84	289.0	282.64	811.89	364.78	0	b'BAS'
PROTOTYPE	001768	04/10/18	00:49:23	0.4892597695390782	0.4892597695390782	113.13	0.0	0.7828156312625251	0.7789015531062123	113.73	10.95	0.4892597695390782	0.48045309368737477	120.0	-9.21	280.0	282.25	628.43	100.07	0	b'BAS'
PROTOTYPE	001769	04/10/18	00:49:37	0.4892597695390782	0.4892597695390782	113.13	0.0	0.7828156312625251	0.7798800726452906	113.56	9.31	0.4892597695390782	0.48143161322645295	120.07	-7.83	274.0	281.01	694.84	-79.94	0	b'BAS'
PROTOTYPE	001770	04/10/18	00:49:51	0.4892597695390782	0.4892597695390782	113.13	0.0	0.7828156312625251	0.7798800726452906	113.44	7.91	0.4892597695390782	0.482410132765531	120.12	-6.66	278.0	280.56	588.6	-277.95	0	b'BAS'
PROTOTYPE	001771	04/10/18	00:50:05	0.4892597695390782	0.4892597695390782	113.13	0.0	0.7828156312625251	0.7798800726452906	113.35	6.72	0.4892597695390782	0.48338865230460926	120.15	-5.66	287.0	281.52	668.98	-191.26	0	b'BAS'
PROTOTYPE	001772	04/10/18	00:50:19	0.4892597695390782	0.4892597695390782	113.13	0.0	0.7828156312625251	0.7808585921843688	113.29	5.72	0.4892597695390782	0.48436717184368744	120.18	-4.81	275.0	280.55	740.47	-312.57	0	b'BAS'
PROTOTYPE	001773	04/10/18	00:50:33	0.4892597695390782	0.4892597695390782	113.13	0.0	0.7828156312625251	0.7808585921843688	113.25	4.86	0.4892597695390782	0.4853456913827655	113.72	10.91	270.0	278.96	798.22	-370.69	0	b'BAS'
PROTOTYPE	001774	04/10/18	00:50:47	0.4892597695390782	0.4892597695390782	113.13	0.0	0.6849636773547094	0.7661807990981964	119.49	-10.87	0.4892597695390782	0.4863242109218437	113.56	9.28	276.0	278.52	728.94	-300.08	0	b'BAS'
PROTOTYPE	001775	04/10/18	00:51:01	0.4892597695390782	0.4892597695390782	113.13	0.0	0.7828156312625251	0.7691163577154309	119.68	-9.24	0.4892597695390782	0.4863242109218437	113.44	7.88	287.0	279.79	743.85	-285.07	0	b'BAS'
PROTOTYPE	001776	04/10/18	00:51:16	0.4892597695390782	0.4892597695390782	113.13	0.0	0.7828156312625251	0.7710733967935871	119.82	-7.85	0.4892597695390782	0.4863242109218437	113.35	6.7	293.0	281.77	900.42	-47.31	0	b'BAS'
PROTOTYPE	001777	04/10/18	00:51:30	0.4892597695390782	0.4892597695390782	113.13	0.0	0.7828156312625251	0.7730304358717436	119.92	-6.68	0.4892597695390782	0.48730273046092193	113.29	5.7	290.0	283.01	900.15	199.79	0	b'BAS'
PROTOTYPE	001778	04/10/18	00:51:44	0.4892597695390782	0.4892597695390782	113.13	0.0	0.7828156312625251	0.7740089554108216	119.99	-5.67	0.4892597695390782	0.48730273046092193	113.25	4.84	281.0	282.71	886.11	214.82	0	b'BAS'
PROTOTYPE	001779	04/10/18	00:51:58	0.4892597695390782	0.4892597695390782	113.13	0.0	0.6849636773547094	0.7612882014028056	125.53	-19.82	0.4892597695390782	0.48730273046092193	113.21	4.12	289.0	283.65	883.91	212.6	0	b'BAS'
PROTOTYPE	001780	04/10/18	00:52:12	0.4892597695390782	0.4892597695390782	113.13	0.0	0.7828156312625251	0.76422376002004	125.92	-16.85	0.4892597695390782	0.48828125	113.19	3.5	282.0	283.4	813.54	285.71	0	b'BAS'
PROTOTYPE	001781	04/10/18	00:52:26	0.4892597695390782	0.4892597695390782	113.13	0.0	0.7828156312625251	0.7671593186372746	126.2	-14.32	0.4892597695390782	0.48828125	113.17	2.97	270.0	281.39	856.26	242.85	0	b'BAS'
PROTOTYPE	001782	04/10/18	00:52:40	0.4892597695390782	0.4892597695390782	113.13	0.0	0.7828156312625251	0.7691163577154309	120.13	2.83	0.4892597695390782	0.48828125	113.16	2.53	279.0	281.03	848.18	251.42	0	b'BAS'
PROTOTYPE	001783	04/10/18	00:52:55	0.4892597695390782	0.4892597695390782	113.13	0.0	0.7828156312625251	0.7710733967935871	120.06	2.4	0.4892597695390782	0.48828125	113.15	2.15	274.0	279.98	826.62	18.71	0	b'BAS'
PROTOTYPE	001784	04/10/18	00:53:09	0.4892597695390782	0.4892597695390782	113.13	0.0	0.6849636773547094	0.7583526427855711	125.14	-12.96	0.4892597695390782	0.48828125	113.14	1.83	283.0	280.43	675.47	-134.1	0	b'BAS'
PROTOTYPE	001785	04/10/18	00:53:23	0.4892597695390782	0.4892597695390782	113.13	0.0	0.7828156312625251	0.7622667209418837	125.51	-11.01	0.4892597695390782	0.48828125	113.14	1.55	284.0	280.97	606.61	-203.98	0	b'BAS'
PROTOTYPE	001786	04/10/18	00:53:37	0.4892597695390782	0.4892597695390782	113.13	0.0	0.7828156312625251	0.7652022795591183	125.79	-9.36	0.4892597695390782	0.4892597695390782	113.14	1.32	291.0	282.47	724.52	-23.38	0	b'BAS'
PROTOTYPE	001787	04/10/18	00:53:51	0.4892597695390782	0.4892597695390782	113.13	0.0	0.7828156312625251	0.7681378381763527	120.49	7.04	0.4892597695390782	0.4892597695390782	113.13	1.12	294.0	284.2	802.55	55.12	0	b'BAS'
PROTOTYPE	001788	04/10/18	00:54:05	0.4892597695390782	0.4892597695390782	113.13	0.0	0.7828156312625251	0.7700948772545091	120.28	5.99	0.4892597695390782	0.4892597695390782	113.13	0.95	293.0	285.52	906.79	211.85	0	b'BAS'
PROTOTYPE	001789	04/10/18	00:54:19	0.4892597695390782	0.4892597695390782	113.13	0.0	0.7828156312625251	0.7720519163326653	120.13	5.09	0.4892597695390782	0.4892597695390782	113.13	0.81	284.0	285.29	732.1	390.08	0	b'BAS'
PROTOTYPE	001790	04/10/18	00:54:33	0.4892597695390782	0.4892597695390782	113.13	0.0	0.7828156312625251	0.7740089554108216	120.02	4.32	0.4892597695390782	0.4892597695390782	113.13	0.69	290.0	286.0	765.54	496.56	0	b'BAS'
PROTOTYPE	001791	04/10/18	00:54:48	0.4892597695390782	0.4892597695390782	113.13	0.0	0.7828156312625251	0.7749874749498998	119.95	3.68	0.4892597695390782	0.4892597695390782	113.13	0.59	284.0	285.7	692.25	572.08	0	b'BAS'
PROTOTYPE	001792	04/10/18	00:55:02	0.4892597695390782	0.4892597695390782	113.13	0.0	0.7828156312625251	0.775965994488978	114.76	18.12	0.4892597695390782	0.4892597695390782	113.13	0.5	291.0	286.49	725.53	606.27	0	b'BAS'
PROTOTYPE	001793	04/10/18	00:55:16	0.4892597695390782	0.4892597695390782	113.13	0.0	0.7828156312625251	0.7769445140280561	114.31	15.41	0.4892597695390782	0.4892597695390782	113.13	0.42	283.0	285.97	724.45	500.33	0	b'BAS'
PROTOTYPE	001794	04/10/18	00:55:30	0.4892597695390782	0.4892597695390782	113.13	0.0	0.7828156312625251	0.7779230335671343	113.98	13.1	0.4892597695390782	0.4892597695390782	113.13	0.36	274.0	284.17	753.4	170.28	0	b'BAS'
PROTOTYPE	001795	04/10/18	00:55:44	0.4892597695390782	0.4892597695390782	113.13	0.0	0.6849636773547094	0.76422376002004	119.67	-3.87	0.4892597695390782	0.4892597695390782	113.13	0.31	288.0	284.75	639.0	54.74	0	b'BAS'
PROTOTYPE	001796	04/10/18	00:55:58	0.4892597695390782	0.4892597695390782	113.13	0.0	0.7828156312625251	0.7671593186372746	119.78	-3.29	0.4892597695390782	0.4892597695390782	113.13	0.26	279.0	283.89	593.63	-163.47	0	b'BAS'
PROTOTYPE	001797	04/10/18	00:56:12	0.4892597695390782	0.4892597695390782	113.13	0.0	0.7828156312625251	0.7691163577154309	119.85	-2.8	0.4892597695390782	0.4892597695390782	113.13	0.22	278.0	283.0	656.21	-228.95	0	b'BAS'
PROTOTYPE	001798	04/10/18	00:56:27	0.4892597695390782	0.4892597695390782	113.13	0.0	0.7828156312625251	0.7710733967935871	119.91	-2.38	0.4892597695390782	0.4892597695390782	113.13	0.19	271.0	281.2	764.8	-479.61	0	b'BAS'
PROTOTYPE	001799	04/10/18	00:56:41	0.4892597695390782	0.4892597695390782	113.13	0.0	0.7828156312625251	0.7730304358717436	119.95	-2.02	0.4892597695390782	0.4892597695390782	113.13	0.16	294.0	283.12	924.13	-257.67	0	b'BAS'
PROTOTYPE	001800	04/10/18	00:56:55	0.4892597695390782	0.4892597695390782	113.13	0.0	0.7828156312625251	0.7740089554108216	119.98	-1.72	0.4892597695390782	0.4892597695390782	113.13	0.14	288.0	283.85	917.89	-264.02	0	b'BAS'
PROTOTYPE	001801	04/10/18	00:57:09	0.4892597695390782	0.4892597695390782	113.13	0.0	0.7828156312625251	0.775965994488978	120.0	-1.46	0.4892597695390782	0.4892597695390782	113.13	0.12	281.0	283.43	908.68	-254.42	0	b'BAS'
