Dev_id	Index	Date	Time	Sensor1	Sensor1_Filter	Sensor1_LL	Sensor1_Diff	Sensor2	Sensor2_Filter	Sensor2_LL	Sensor2_Diff	Sensor3	Sensor3_Filter	Sensor3_LL	Sensor3_Diff	Sensor4	Sensor4_Filter	Sensor4_LL	Sensor4_Diff	Heater_Status	FSM_Status
PROTOTYPE	012767	04/15/18	23:20:22	0.4892597695390782	0.4892597695390782	11.25	0.0	3.718374248496994	3.6909757014028055	75.34	74.37	0.4892597695390782	0.48045309368737477	27.85	-9.21	293.0	290.03	582.75	-168.17	0	1
PROTOTYPE	012768	04/15/18	23:20:23	0.5871117234468938	0.5039375626252506	24.91	15.0	3.718374248496994	3.694889779559118	64.35	63.22	0.4892597695390782	0.48143161322645295	28.42	-7.83	288.0	289.73	563.88	-247.95	0	1
PROTOTYPE	012769	04/15/18	23:20:25	0.4892597695390782	0.5019805235470942	26.18	12.75	3.718374248496994	3.6988038577154305	55.07	53.74	0.4892597695390782	0.482410132765531	28.87	-6.66	296.0	290.67	646.0	-165.76	0	1
PROTOTYPE	012770	04/15/18	23:20:26	0.4892597695390782	0.5000234844689379	27.16	10.84	3.718374248496994	3.701739416332665	47.23	45.68	0.39140781563126253	0.46871085921843686	41.55	-20.66	279.0	288.92	741.13	-260.89	0	1
PROTOTYPE	012771	04/15/18	23:20:28	0.4892597695390782	0.4980664453907815	27.9	9.21	3.6205222945891786	3.6890186623246493	50.22	23.82	0.4892597695390782	0.4716464178356714	43.55	-17.56	291.0	289.23	720.28	-281.76	0	1
PROTOTYPE	012772	04/15/18	23:20:29	0.4892597695390782	0.4970879258517034	28.46	7.83	3.718374248496994	3.69391126002004	46.74	20.25	0.4892597695390782	0.4745819764529058	31.46	0.08	286.0	288.74	588.03	-149.5	0	1
PROTOTYPE	012773	04/15/18	23:20:30	0.4892597695390782	0.49610940631262535	28.87	6.66	3.6205222945891786	3.68314754509018	51.11	2.21	0.4892597695390782	0.4765390155310621	31.44	0.06	292.0	289.23	595.45	-142.07	0	1
PROTOTYPE	012774	04/15/18	23:20:32	0.4892597695390782	0.49513088677354705	29.19	5.66	3.6205222945891786	3.673362349699399	54.81	-13.12	0.4892597695390782	0.47849605460921835	31.43	0.05	298.0	290.55	612.15	104.24	0	1
PROTOTYPE	012775	04/15/18	23:20:33	0.4892597695390782	0.4941523672344689	29.4	4.81	3.718374248496994	3.680211986472946	56.72	-11.15	0.4892597695390782	0.48045309368737477	31.42	0.05	288.0	290.17	597.96	13.6	0	1
PROTOTYPE	012776	04/15/18	23:20:35	0.4892597695390782	0.49317384769539074	15.92	-10.91	3.718374248496994	3.6860831037074147	58.33	-9.48	0.4892597695390782	0.48143161322645295	31.42	0.04	285.0	289.39	644.98	-33.44	0	1
PROTOTYPE	012777	04/15/18	23:20:36	0.4892597695390782	0.4921953281563127	14.79	-9.28	3.718374248496994	3.6909757014028055	59.67	-8.06	0.4892597695390782	0.482410132765531	31.4	0.03	287.0	289.03	586.74	-163.42	0	1
PROTOTYPE	012778	04/15/18	23:20:37	0.4892597695390782	0.4921953281563127	13.91	-7.88	3.718374248496994	3.694889779559118	60.79	-6.85	0.4892597695390782	0.48338865230460926	19.04	15.03	287.0	288.73	442.26	-18.91	0	1
PROTOTYPE	012779	04/15/18	23:20:39	0.4892597695390782	0.4921953281563127	13.22	-6.7	3.718374248496994	3.6988038577154305	52.14	9.18	0.4892597695390782	0.48436717184368744	17.27	12.77	292.0	289.22	460.08	-1.07	0	1
PROTOTYPE	012780	04/15/18	23:20:40	0.4892597695390782	0.4912168086172345	12.7	-5.7	3.718374248496994	3.701739416332665	50.85	7.8	0.4892597695390782	0.4853456913827655	15.85	10.86	282.0	288.14	519.91	-60.91	0	1
PROTOTYPE	012781	04/15/18	23:20:42	0.4892597695390782	0.4912168086172345	12.3	-4.84	3.718374248496994	3.703696455410822	42.47	21.63	0.4892597695390782	0.4863242109218437	14.73	9.23	299.0	289.77	634.03	53.23	0	1
PROTOTYPE	012782	04/15/18	23:20:43	0.4892597695390782	0.4912168086172345	11.99	-4.12	3.718374248496994	3.705653494488978	35.43	33.39	0.4892597695390782	0.4863242109218437	13.85	7.84	292.0	290.1	536.07	-44.76	0	1
PROTOTYPE	012783	04/15/18	23:20:44	0.4892597695390782	0.49023828907815625	11.76	-3.5	3.6205222945891786	3.692932740480962	41.6	13.38	0.4892597695390782	0.48730273046092193	13.17	6.67	292.0	290.39	526.35	21.96	0	1
PROTOTYPE	012784	04/15/18	23:20:46	0.4892597695390782	0.49023828907815625	11.59	-2.97	3.6205222945891786	3.6821690255511026	46.83	-3.63	0.4892597695390782	0.48730273046092193	12.65	5.67	297.0	291.38	548.08	198.66	0	1
PROTOTYPE	012785	04/15/18	23:20:47	0.4892597695390782	0.49023828907815625	11.47	-2.53	3.6205222945891786	3.673362349699399	51.24	-18.08	0.4892597695390782	0.48730273046092193	12.25	4.82	284.0	290.27	622.86	123.86	0	1
PROTOTYPE	012786	04/15/18	23:20:49	0.4892597695390782	0.49023828907815625	11.38	-2.15	3.718374248496994	3.680211986472946	53.87	-15.37	0.4892597695390782	0.48730273046092193	11.96	4.1	294.0	290.83	648.3	210.28	0	1
PROTOTYPE	012787	04/15/18	23:20:50	0.4892597695390782	0.49023828907815625	11.32	-1.83	3.718374248496994	3.6860831037074147	56.08	-13.07	0.4892597695390782	0.48828125	11.74	3.48	299.0	292.06	721.74	283.74	0	1
PROTOTYPE	012788	04/15/18	23:20:51	0.4892597695390782	0.49023828907815625	11.29	-1.55	3.718374248496994	3.6909757014028055	57.93	-11.11	0.4892597695390782	0.48828125	11.6	2.96	295.0	292.5	657.64	436.18	0	1
PROTOTYPE	012789	04/15/18	23:20:53	0.4892597695390782	0.4892597695390782	11.26	-1.32	3.718374248496994	3.694889779559118	59.47	-9.44	0.4892597695390782	0.48828125	11.48	2.51	289.0	291.97	547.15	220.75	0	1
PROTOTYPE	012790	04/15/18	23:20:54	0.4892597695390782	0.4892597695390782	11.24	-1.12	3.718374248496994	3.6978253381763526	60.74	-8.02	0.4892597695390782	0.48828125	11.41	2.14	272.0	288.98	813.2	-112.36	0	1
PROTOTYPE	012791	04/15/18	23:20:56	0.4892597695390782	0.4892597695390782	11.24	-0.95	3.718374248496994	3.701739416332665	50.93	8.18	0.4892597695390782	0.48828125	11.36	1.82	303.0	291.08	995.02	69.49	0	1
PROTOTYPE	012792	04/15/18	23:20:57	0.4892597695390782	0.4892597695390782	11.24	-0.81	3.718374248496994	3.703696455410822	42.66	21.95	0.4892597695390782	0.48828125	11.33	1.54	286.0	290.32	972.01	-105.93	0	1
PROTOTYPE	012793	04/15/18	23:20:58	0.4892597695390782	0.4892597695390782	11.24	-0.69	3.718374248496994	3.705653494488978	35.71	33.66	0.4892597695390782	0.4892597695390782	11.3	1.31	287.0	289.82	911.13	-45.04	0	1
PROTOTYPE	012794	04/15/18	23:21:00	0.4892597695390782	0.4892597695390782	11.25	-0.59	3.718374248496994	3.7076105335671343	30.98	28.61	0.4892597695390782	0.4892597695390782	11.29	1.12	285.0	289.1	927.5	-173.28	0	1
PROTOTYPE	012795	04/15/18	23:21:01	0.4892597695390782	0.4892597695390782	11.23	-0.5	3.718374248496994	3.70956757264529	27.05	24.32	0.4892597695390782	0.4892597695390782	11.26	0.95	298.0	290.43	938.49	-162.29	0	1
PROTOTYPE	012796	04/15/18	23:21:03	0.4892597695390782	0.4892597695390782	11.24	-0.42	3.718374248496994	3.710546092184369	23.81	20.67	0.4892597695390782	0.4892597695390782	11.26	0.81	286.0	289.77	960.81	-272.95	0	1
PROTOTYPE	012797	04/15/18	23:21:04	0.4892597695390782	0.4892597695390782	11.26	-0.36	3.718374248496994	3.711524611723447	21.16	17.57	0.4892597695390782	0.4892597695390782	11.28	0.69	297.0	290.85	1016.82	-112.01	0	1
PROTOTYPE	012798	04/15/18	23:21:05	0.4892597695390782	0.4892597695390782	11.26	-0.31	3.718374248496994	3.7125031312625247	18.99	14.94	0.4892597695390782	0.4892597695390782	11.28	0.58	294.0	291.32	764.46	234.8	0	1
PROTOTYPE	012799	04/15/18	23:21:07	0.4892597695390782	0.4892597695390782	11.25	-0.26	3.718374248496994	3.7134816508016035	17.24	12.69	0.4892597695390782	0.4892597695390782	11.26	0.5	292.0	291.43	564.33	34.58	0	1
PROTOTYPE	012800	04/15/18	23:21:08	0.4892597695390782	0.4892597695390782	11.26	-0.22	3.718374248496994	3.7144601703406814	15.85	10.79	0.4892597695390782	0.4892597695390782	11.27	0.42	289.0	291.06	524.53	74.39	0	1
PROTOTYPE	012801	04/15/18	23:21:10	0.4892597695390782	0.4892597695390782	11.27	-0.19	3.718374248496994	3.7154386898797593	14.76	9.17	0.4892597695390782	0.4892597695390782	11.27	0.36	291.0	291.05	476.43	123.23	0	1
PROTOTYPE	012802	04/15/18	23:21:11	0.4892597695390782	0.4892597695390782	11.28	-0.16	3.718374248496994	3.7154386898797593	13.91	7.8	0.4892597695390782	0.4892597695390782	11.28	0.3	303.0	292.84	583.32	374.75	0	1
PROTOTYPE	012803	04/15/18	23:21:13	0.4892597695390782	0.4892597695390782	11.29	-0.14	3.718374248496994	3.7164172094188377	13.25	6.63	0.4892597695390782	0.4892597695390782	11.29	0.26	294.0	293.02	467.16	258.53	0	1
PROTOTYPE	012804	04/15/18	23:21:14	0.4892597695390782	0.4892597695390782	11.28	-0.12	3.718374248496994	3.7164172094188377	12.74	5.63	0.4892597695390782	0.4892597695390782	11.28	0.22	292.0	292.87	415.99	309.75	0	1
PROTOTYPE	012805	04/15/18	23:21:15	0.4892597695390782	0.4892597695390782	11.26	-0.1	3.718374248496994	3.7164172094188377	12.34	4.79	0.4892597695390782	0.4892597695390782	11.26	0.19	286.0	291.84	410.49	98.29	0	1
PROTOTYPE	012806	04/15/18	23:21:17	0.4892597695390782	0.4892597695390782	11.26	-0.08	3.718374248496994	3.7164172094188377	12.05	4.07	0.4892597695390782	0.4892597695390782	11.26	0.16	296.0	292.46	425.74	113.55	0	1
PROTOTYPE	012807	04/15/18	23:21:18	0.4892597695390782	0.4892597695390782	11.28	-0.07	3.718374248496994	3.717395728957916	11.86	3.46	0.4892597695390782	0.4892597695390782	11.28	0.13	295.0	292.84	453.64	141.52	0	1
PROTOTYPE	012808	04/15/18	23:21:20	0.4892597695390782	0.4892597695390782	11.27	-0.06	3.718374248496994	3.717395728957916	11.69	2.94	0.4892597695390782	0.4892597695390782	11.27	0.11	288.0	292.12	489.85	105.29	0	1
PROTOTYPE	012809	04/15/18	23:21:21	0.4892597695390782	0.4892597695390782	11.28	-0.05	3.718374248496994	3.717395728957916	11.59	2.5	0.4892597695390782	0.4892597695390782	11.28	0.1	294.0	292.4	516.47	134.49	0	1
PROTOTYPE	012810	04/15/18	23:21:22	0.4892597695390782	0.4892597695390782	11.27	-0.04	3.718374248496994	3.717395728957916	11.49	2.12	0.4892597695390782	0.4892597695390782	11.27	0.08	295.0	292.79	376.32	-5.68	0	1
PROTOTYPE	012811	04/15/18	23:21:24	0.4892597695390782	0.4892597695390782	11.28	-0.04	3.718374248496994	3.717395728957916	11.44	1.81	0.4892597695390782	0.4892597695390782	11.28	0.07	285.0	291.62	475.76	-139.83	0	1
PROTOTYPE	012812	04/15/18	23:21:25	0.4892597695390782	0.4892597695390782	11.27	-0.03	3.718374248496994	3.717395728957916	11.39	1.53	0.4892597695390782	0.4892597695390782	11.27	0.06	293.0	291.83	481.17	-103.85	0	1
PROTOTYPE	012813	04/15/18	23:21:27	0.4892597695390782	0.4892597695390782	11.26	-0.03	3.718374248496994	3.718374248496994	11.34	1.3	0.4892597695390782	0.4892597695390782	11.26	0.05	283.0	290.5	510.59	-133.28	0	1
PROTOTYPE	012814	04/15/18	23:21:28	0.4892597695390782	0.4892597695390782	11.26	-0.02	3.8162262024048097	3.733052041583166	25.05	16.11	0.4892597695390782	0.4892597695390782	11.26	0.04	292.0	290.73	470.61	-173.28	0	1
PROTOTYPE	012815	04/15/18	23:21:29	0.4892597695390782	0.4892597695390782	11.25	-0.02	3.718374248496994	3.7301164829659315	26.22	13.69	0.4892597695390782	0.4892597695390782	11.25	0.04	284.0	289.72	533.41	-312.29	0	1
PROTOTYPE	012816	04/15/18	23:21:31	0.4892597695390782	0.4892597695390782	11.24	-0.02	3.718374248496994	3.7291379634268536	27.12	11.64	0.4892597695390782	0.4892597695390782	11.24	0.03	284.0	288.86	546.57	-325.45	0	1
PROTOTYPE	012817	04/15/18	23:21:32	0.4892597695390782	0.4892597695390782	11.23	-0.01	3.718374248496994	3.7271809243486977	27.81	9.89	0.4892597695390782	0.4892597695390782	11.23	0.03	295.0	289.78	610.36	-261.63	0	1
PROTOTYPE	012818	04/15/18	23:21:34	0.4892597695390782	0.4892597695390782	11.24	-0.01	3.718374248496994	3.726202404809619	28.35	8.41	0.4892597695390782	0.4892597695390782	11.24	0.02	300.0	291.31	724.58	-147.39	0	1
PROTOTYPE	012819	04/15/18	23:21:35	0.4892597695390782	0.4892597695390782	11.23	-0.01	3.718374248496994	3.724245365731463	28.74	7.15	0.4892597695390782	0.4892597695390782	11.23	0.02	288.0	290.82	657.49	-80.28	0	1
PROTOTYPE	012820	04/15/18	23:21:36	0.4892597695390782	0.4892597695390782	11.22	-0.01	3.718374248496994	3.724245365731463	29.03	6.08	0.4892597695390782	0.4892597695390782	11.22	0.02	290.0	290.69	649.08	-113.24	0	1
PROTOTYPE	012821	04/15/18	23:21:38	0.4892597695390782	0.4892597695390782	11.24	-0.01	3.718374248496994	3.7232668461923843	29.28	5.16	0.4892597695390782	0.4892597695390782	11.24	0.01	286.0	289.99	587.1	-51.25	0	1
PROTOTYPE	012822	04/15/18	23:21:39	0.4892597695390782	0.4892597695390782	11.24	-0.01	3.718374248496994	3.722288326653307	15.7	-10.61	0.4892597695390782	0.4892597695390782	11.24	0.01	291.0	290.14	579.81	-58.56	0	1
PROTOTYPE	012823	04/15/18	23:21:41	0.4892597695390782	0.4892597695390782	11.24	-0.01	3.718374248496994	3.7213098071142285	14.63	-9.02	0.4892597695390782	0.4892597695390782	11.24	0.01	293.0	290.57	521.78	85.22	0	1
PROTOTYPE	012824	04/15/18	23:21:42	0.4892597695390782	0.4892597695390782	11.25	-0.0	3.718374248496994	3.7213098071142285	13.8	-7.67	0.4892597695390782	0.4892597695390782	11.25	0.01	278.0	288.68	624.56	-17.56	0	1
PROTOTYPE	012825	04/15/18	23:21:43	0.4892597695390782	0.4892597695390782	11.25	-0.0	3.718374248496994	3.7203312875751506	13.16	-6.52	0.4892597695390782	0.4892597695390782	11.25	0.01	294.0	289.48	612.19	-29.93	0	1
PROTOTYPE	012826	04/15/18	23:21:45	0.4892597695390782	0.4892597695390782	11.25	-0.0	3.718374248496994	3.7203312875751506	12.67	-5.54	0.4892597695390782	0.4892597695390782	11.25	0.01	306.0	291.96	706.68	64.56	0	1
PROTOTYPE	012827	04/15/18	23:21:46	0.4892597695390782	0.4892597695390782	11.25	-0.0	3.718374248496994	3.7203312875751506	12.3	-4.71	0.4892597695390782	0.4892597695390782	11.25	0.01	293.0	292.12	672.61	129.88	0	1
PROTOTYPE	012828	04/15/18	23:21:48	0.4892597695390782	0.4892597695390782	11.27	-0.0	3.718374248496994	3.7193527680360723	12.04	-4.0	0.4892597695390782	0.4892597695390782	11.27	0.0	288.0	291.5	722.03	80.4	0	1
PROTOTYPE	012829	04/15/18	23:21:49	0.4892597695390782	0.4892597695390782	11.26	-0.0	3.718374248496994	3.7193527680360723	11.82	-3.4	0.4892597695390782	0.4892597695390782	11.26	0.0	287.0	290.82	719.09	83.34	0	1
PROTOTYPE	012830	04/15/18	23:21:50	0.4892597695390782	0.4892597695390782	11.26	-0.0	3.718374248496994	3.7193527680360723	11.67	-2.89	0.4892597695390782	0.4892597695390782	11.26	0.0	295.0	291.45	766.54	130.84	0	1
PROTOTYPE	012831	04/15/18	23:21:52	0.4892597695390782	0.4892597695390782	11.24	-0.0	3.718374248496994	3.7193527680360723	11.54	-2.46	0.4892597695390782	0.4892597695390782	11.24	0.0	296.0	292.13	791.9	156.21	0	1
PROTOTYPE	012832	04/15/18	23:21:53	0.4892597695390782	0.4892597695390782	11.25	-0.0	3.718374248496994	3.7193527680360723	11.46	-2.09	0.4892597695390782	0.4892597695390782	11.25	0.0	282.0	290.61	755.34	192.78	0	1
PROTOTYPE	012833	04/15/18	23:21:55	0.4892597695390782	0.4892597695390782	11.24	-0.0	3.718374248496994	3.7193527680360723	11.4	-1.78	0.4892597695390782	0.4892597695390782	11.24	0.0	278.0	288.72	864.8	-76.14	0	1
PROTOTYPE	012834	04/15/18	23:21:56	0.4892597695390782	0.4892597695390782	11.24	-0.0	3.8162262024048097	3.7340305611222444	24.9	13.49	0.4892597695390782	0.4892597695390782	11.24	0.0	288.0	288.61	627.93	-334.72	0	1
PROTOTYPE	012835	04/15/18	23:21:58	0.4892597695390782	0.4892597695390782	11.23	-0.0	3.8162262024048097	3.7457727955911824	36.21	26.47	0.4892597695390782	0.4892597695390782	11.23	0.0	284.0	287.92	681.47	-419.51	0	1
PROTOTYPE	012836	04/15/18	23:21:59	0.4892597695390782	0.4892597695390782	11.24	-0.0	3.8162262024048097	3.7565365105210424	45.63	37.5	0.4892597695390782	0.4892597695390782	11.24	0.0	296.0	289.13	740.91	-236.58	0	1
PROTOTYPE	012837	04/15/18	23:22:00	0.4892597695390782	0.4892597695390782	11.26	-0.0	3.8162262024048097	3.7653431863727453	53.48	46.87	0.4892597695390782	0.4892597695390782	11.26	0.0	286.0	288.66	720.43	-216.1	0	1
PROTOTYPE	012838	04/15/18	23:22:02	0.4892597695390782	0.4892597695390782	11.27	-0.0	3.8162262024048097	3.7731713426853712	59.97	54.84	0.4892597695390782	0.4892597695390782	11.27	0.0	290.0	288.86	677.88	-258.68	0	1
PROTOTYPE	012839	04/15/18	23:22:03	0.4892597695390782	0.4892597695390782	11.3	-0.0	3.8162262024048097	3.780020979458918	65.33	61.62	0.4892597695390782	0.4892597695390782	11.3	0.0	287.0	288.58	637.6	-354.88	0	1
PROTOTYPE	012840	04/15/18	23:22:05	0.4892597695390782	0.4892597695390782	11.28	-0.0	3.8162262024048097	3.7849135771543088	69.69	67.37	0.4892597695390782	0.4892597695390782	11.28	0.0	303.0	290.75	701.85	13.35	0	1
PROTOTYPE	012841	04/15/18	23:22:06	0.4892597695390782	0.4892597695390782	11.28	-0.0	3.8162262024048097	3.789806174849699	73.26	72.27	0.4892597695390782	0.4892597695390782	11.28	0.0	283.0	289.58	628.86	86.35	0	1
PROTOTYPE	012842	04/15/18	23:22:07	0.4892597695390782	0.4892597695390782	11.29	-0.0	3.8162262024048097	3.793720253006012	62.6	61.43	0.4892597695390782	0.4892597695390782	11.29	0.0	287.0	289.2	656.75	58.4	0	1
PROTOTYPE	012843	04/15/18	23:22:09	0.4892597695390782	0.4892597695390782	11.31	-0.0	3.8162262024048097	3.7966558116232463	53.59	52.21	0.4892597695390782	0.4892597695390782	11.31	0.0	280.0	287.82	725.5	-10.36	0	1
PROTOTYPE	012844	04/15/18	23:22:10	0.4892597695390782	0.4892597695390782	11.29	-0.0	3.8162262024048097	3.7995913702404804	45.98	44.38	0.4892597695390782	0.4892597695390782	11.29	0.0	289.0	287.99	622.1	-113.81	0	1
PROTOTYPE	012845	04/15/18	23:22:12	0.4892597695390782	0.4892597695390782	11.26	-0.0	3.8162262024048097	3.8025269288577155	39.57	37.72	0.4892597695390782	0.4892597695390782	11.26	0.0	294.0	288.9	665.18	23.26	0	1
PROTOTYPE	012846	04/15/18	23:22:13	0.4892597695390782	0.4892597695390782	11.25	-0.0	3.8162262024048097	3.804483967935872	34.21	32.07	0.4892597695390782	0.4892597695390782	11.25	0.0	279.0	287.41	793.51	-145.23	0	1
PROTOTYPE	012847	04/15/18	23:22:14	0.4892597695390782	0.4892597695390782	11.23	-0.0	3.8162262024048097	3.8064410070140275	29.73	27.26	0.4892597695390782	0.4892597695390782	11.23	0.0	289.0	287.65	789.4	-93.44	0	1
PROTOTYPE	012848	04/15/18	23:22:16	0.4892597695390782	0.4892597695390782	11.21	-0.0	3.8162262024048097	3.8074195265531063	26.0	23.17	0.4892597695390782	0.4892597695390782	11.21	0.0	292.0	288.3	638.43	-244.43	0	1
PROTOTYPE	012849	04/15/18	23:22:17	0.4892597695390782	0.4892597695390782	11.2	-0.0	3.8162262024048097	3.8093765656312626	22.93	19.69	0.4892597695390782	0.4892597695390782	11.2	0.0	291.0	288.71	562.72	-87.76	0	1
PROTOTYPE	012850	04/15/18	23:22:19	0.4892597695390782	0.4892597695390782	11.17	-0.0	3.8162262024048097	3.8103550851703405	20.4	16.74	0.4892597695390782	0.4892597695390782	11.17	0.0	294.0	289.5	603.34	30.4	0	1
PROTOTYPE	012851	04/15/18	23:22:20	0.4892597695390782	0.4892597695390782	11.15	-0.0	3.8162262024048097	3.811333604709419	18.35	14.23	0.4892597695390782	0.4892597695390782	11.15	0.0	282.0	288.38	577.9	55.84	0	1
PROTOTYPE	012852	04/15/18	23:22:21	0.4892597695390782	0.4892597695390782	11.14	-0.0	3.8162262024048097	3.811333604709419	16.71	12.09	0.4892597695390782	0.4892597695390782	11.14	0.0	305.0	290.87	809.47	287.47	0	1
PROTOTYPE	012853	04/15/18	23:22:23	0.4892597695390782	0.4892597695390782	11.14	-0.0	3.8162262024048097	3.8123121242484967	15.4	10.28	0.4892597695390782	0.4892597695390782	11.14	0.0	295.0	291.49	781.36	259.35	0	1
PROTOTYPE	012854	04/15/18	23:22:24	0.4892597695390782	0.4892597695390782	11.16	-0.0	3.8162262024048097	3.8132906437875755	14.39	8.74	0.4892597695390782	0.4892597695390782	11.16	0.0	283.0	290.22	760.26	280.44	0	1
PROTOTYPE	012855	04/15/18	23:22:26	0.4892597695390782	0.4892597695390782	11.15	-0.0	3.8162262024048097	3.8132906437875755	13.58	7.43	0.4892597695390782	0.4892597695390782	11.15	0.0	292.0	290.48	763.19	283.38	0	1
PROTOTYPE	012856	04/15/18	23:22:27	0.4892597695390782	0.4892597695390782	11.16	-0.0	3.8162262024048097	3.814269163326653	12.97	6.31	0.4892597695390782	0.4892597695390782	11.16	0.0	288.0	290.11	735.19	180.87	0	1
PROTOTYPE	012857	04/15/18	23:22:28	0.4892597695390782	0.4892597695390782	11.19	-0.0	3.8162262024048097	3.814269163326653	12.53	5.37	0.4892597695390782	0.4892597695390782	11.19	0.0	289.0	289.94	711.42	123.74	0	1
PROTOTYPE	012858	04/15/18	23:22:30	0.4892597695390782	0.4892597695390782	11.2	-0.0	3.8162262024048097	3.814269163326653	12.19	4.56	0.4892597695390782	0.4892597695390782	11.2	0.0	295.0	290.7	707.86	120.18	0	1
PROTOTYPE	012859	04/15/18	23:22:31	0.4892597695390782	0.4892597695390782	11.22	-0.0	3.9140781563126255	3.8299254759519044	25.83	18.88	0.4892597695390782	0.4892597695390782	11.22	0.0	287.0	290.15	650.89	177.15	0	1
PROTOTYPE	012860	04/15/18	23:22:33	0.4892597695390782	0.4892597695390782	11.23	-0.0	3.9140781563126255	3.8426462299599202	37.27	31.05	0.4892597695390782	0.4892597695390782	11.23	0.0	286.0	289.53	463.75	-134.42	0	1
PROTOTYPE	012861	04/15/18	23:22:34	0.4892597695390782	0.4892597695390782	11.26	-0.0	3.9140781563126255	3.85340994488978	46.84	41.39	0.4892597695390782	0.4892597695390782	11.26	0.0	293.0	290.05	453.91	-144.26	0	1
PROTOTYPE	012862	04/15/18	23:22:35	0.4892597695390782	0.4892597695390782	11.24	-0.0	3.9140781563126255	3.8622166207414823	54.78	50.18	0.4892597695390782	0.4892597695390782	11.24	0.0	292.0	290.34	355.91	12.38	0	1
PROTOTYPE	012863	04/15/18	23:22:37	0.4892597695390782	0.4892597695390782	11.24	-0.0	3.9140781563126255	3.870044777054108	61.39	57.65	0.4892597695390782	0.4892597695390782	11.24	0.0	284.0	289.39	424.21	-109.48	0	1
PROTOTYPE	012864	04/15/18	23:22:38	0.4892597695390782	0.4892597695390782	11.24	-0.0	3.9140781563126255	3.876894413827655	66.84	64.01	0.4892597695390782	0.4892597695390782	11.24	0.0	300.0	290.98	546.11	86.95	0	1
PROTOTYPE	012865	04/15/18	23:22:40	0.4892597695390782	0.4892597695390782	11.24	-0.0	3.9140781563126255	3.881787011523046	71.31	69.4	0.4892597695390782	0.4892597695390782	11.24	0.0	292.0	291.13	544.75	118.9	0	1
PROTOTYPE	012866	04/15/18	23:22:41	0.4892597695390782	0.4892597695390782	11.25	-0.0	3.8162262024048097	3.8720018161322645	80.08	58.99	0.4892597695390782	0.4892597695390782	11.25	0.0	297.0	292.01	556.92	131.07	0	1
PROTOTYPE	012867	04/15/18	23:22:42	0.4892597695390782	0.4892597695390782	11.24	-0.0	3.9140781563126255	3.8788514529058116	71.32	50.14	0.4892597695390782	0.4892597695390782	11.24	0.0	290.0	291.71	531.59	156.41	0	1
PROTOTYPE	012868	04/15/18	23:22:44	0.4892597695390782	0.4892597695390782	11.23	-0.0	3.8162262024048097	3.8690662575150303	67.93	27.62	0.4892597695390782	0.4892597695390782	11.23	0.0	276.0	289.35	705.04	-17.05	0	1
PROTOTYPE	012869	04/15/18	23:22:45	0.4892597695390782	0.4892597695390782	11.23	-0.0	3.8162262024048097	3.861238101202405	65.06	8.48	0.4892597695390782	0.4892597695390782	11.23	0.0	294.0	290.05	722.59	0.5	0	1
PROTOTYPE	012870	04/15/18	23:22:47	0.4892597695390782	0.4892597695390782	11.23	-0.0	3.8162262024048097	3.8543884644288577	62.63	-7.79	0.4892597695390782	0.4892597695390782	11.23	0.0	285.0	289.29	769.04	-104.57	0	1
PROTOTYPE	012871	04/15/18	23:22:48	0.4892597695390782	0.4892597695390782	11.25	-0.0	3.8162262024048097	3.8485173471943885	60.58	-21.62	0.4892597695390782	0.4892597695390782	11.25	0.0	294.0	290.0	744.55	61.11	0	1
PROTOTYPE	012872	04/15/18	23:22:50	0.4892597695390782	0.4892597695390782	11.3	-0.0	3.8162262024048097	3.843624749498998	58.86	-33.38	0.4892597695390782	0.4892597695390782	11.3	0.0	283.0	288.95	690.37	-203.05	0	1
PROTOTYPE	012873	04/15/18	23:22:51	0.4892597695390782	0.4892597695390782	11.28	-0.0	3.8162262024048097	3.839710671342685	57.4	-43.37	0.4892597695390782	0.4892597695390782	11.28	0.0	306.0	291.51	930.77	37.41	0	1
PROTOTYPE	012874	04/15/18	23:22:52	0.4892597695390782	0.4892597695390782	11.27	-0.0	3.8162262024048097	3.8357965931863736	51.06	-36.87	0.4892597695390782	0.4892597695390782	11.27	0.0	277.0	289.33	1060.37	-268.21	0	1
PROTOTYPE	012875	04/15/18	23:22:54	0.4892597695390782	0.4892597695390782	11.28	-0.0	3.8162262024048097	3.8328610345691385	47.87	-46.34	0.4892597695390782	0.4892597695390782	11.28	0.0	294.0	290.03	1100.18	-167.97	0	1
PROTOTYPE	012876	04/15/18	23:22:55	0.4892597695390782	0.4892597695390782	11.31	-0.0	3.8162262024048097	3.830903995490982	41.18	-39.39	0.4892597695390782	0.4892597695390782	11.31	0.0	295.0	290.78	939.05	142.22	0	1
PROTOTYPE	012877	04/15/18	23:22:57	0.4892597695390782	0.4892597695390782	11.31	-0.0	3.8162262024048097	3.8289469564128256	35.57	-33.48	0.4892597695390782	0.4892597695390782	11.31	0.0	287.0	290.21	926.03	15.89	0	1
PROTOTYPE	012878	04/15/18	23:22:58	0.4892597695390782	0.4892597695390782	11.31	-0.0	3.8162262024048097	3.8269899173346693	30.87	-28.46	0.4892597695390782	0.4892597695390782	11.31	0.0	287.0	289.73	898.42	43.51	0	1
PROTOTYPE	012879	04/15/18	23:22:59	0.4892597695390782	0.4892597695390782	11.32	-0.0	3.8162262024048097	3.8250328782565135	26.97	-24.19	0.4892597695390782	0.4892597695390782	11.32	0.0	301.0	291.42	996.88	141.98	0	1
PROTOTYPE	012880	04/15/18	23:23:01	0.4892597695390782	0.4892597695390782	11.29	-0.0	3.8162262024048097	3.824054358717435	23.74	-20.56	0.4892597695390782	0.4892597695390782	11.29	0.0	279.0	289.56	1078.18	60.68	0	1
PROTOTYPE	012881	04/15/18	23:23:02	0.4892597695390782	0.4892597695390782	11.29	-0.0	3.8162262024048097	3.8230758391783564	21.09	-17.48	0.4892597695390782	0.4892597695390782	11.29	0.0	287.0	289.17	860.79	-233.42	0	1
PROTOTYPE	012882	04/15/18	23:23:04	0.4892597695390782	0.4892597695390782	11.31	-0.0	3.8162262024048097	3.8220973196392785	18.95	-14.85	0.4892597695390782	0.4892597695390782	11.31	0.0	302.0	291.1	835.59	176.59	0	1
PROTOTYPE	012883	04/15/18	23:23:05	0.4892597695390782	0.4892597695390782	11.3	-0.0	3.9140781563126255	3.8357965931863736	29.82	2.37	0.4892597695390782	0.4892597695390782	11.3	0.0	286.0	290.33	842.01	30.1	0	1
PROTOTYPE	012884	04/15/18	23:23:06	0.4892597695390782	0.4892597695390782	11.31	-0.0	3.8162262024048097	3.8328610345691385	30.14	2.02	0.4892597695390782	0.4892597695390782	11.31	0.0	294.0	290.88	822.5	10.59	0	1
PROTOTYPE	012885	04/15/18	23:23:08	0.4892597695390782	0.4892597695390782	11.29	-0.0	3.9140781563126255	3.844603269038076	40.07	16.71	0.4892597695390782	0.4892597695390782	11.29	0.0	276.0	288.65	989.07	-156.0	0	1
PROTOTYPE	012886	04/15/18	23:23:09	0.4892597695390782	0.4892597695390782	11.34	-0.0	3.8162262024048097	3.840689190881764	42.35	14.21	0.4892597695390782	0.4892597695390782	11.34	0.0	291.0	289.0	976.17	-72.6	0	1
PROTOTYPE	012887	04/15/18	23:23:11	0.4892597695390782	0.4892597695390782	11.33	-0.0	3.8162262024048097	3.836775112725451	44.2	12.08	0.4892597695390782	0.4892597695390782	11.33	0.0	295.0	289.9	897.07	-151.71	0	1
PROTOTYPE	012888	04/15/18	23:23:12	0.4892597695390782	0.4892597695390782	11.32	-0.0	3.9140781563126255	3.8485173471943885	54.15	25.27	0.4892597695390782	0.4892597695390782	11.32	0.0	293.0	290.37	757.26	81.05	0	1
PROTOTYPE	012889	04/15/18	23:23:14	0.4892597695390782	0.4892597695390782	11.32	-0.0	3.9140781563126255	3.8583025425851707	62.49	36.48	0.4892597695390782	0.4892597695390782	11.32	0.0	287.0	289.86	769.41	68.89	0	1
PROTOTYPE	012890	04/15/18	23:23:15	0.4892597695390782	0.4892597695390782	11.31	-0.0	3.9140781563126255	3.867109218436874	69.42	46.0	0.4892597695390782	0.4892597695390782	11.31	0.0	288.0	289.58	604.97	-151.44	0	1
PROTOTYPE	012891	04/15/18	23:23:16	0.4892597695390782	0.4892597695390782	11.31	-0.0	3.9140781563126255	3.8739588552104207	62.59	39.1	0.4892597695390782	0.4892597695390782	11.31	0.0	299.0	291.0	669.76	66.27	0	1
PROTOTYPE	012892	04/15/18	23:23:18	0.4892597695390782	0.4892597695390782	11.27	-0.0	3.9140781563126255	3.87982997244489	65.63	48.24	0.4892597695390782	0.4892597695390782	11.27	0.0	291.0	291.0	616.13	11.33	0	1
PROTOTYPE	012893	04/15/18	23:23:19	0.4892597695390782	0.4892597695390782	11.28	-0.0	3.8162262024048097	3.870044777054108	62.92	26.0	0.4892597695390782	0.4892597695390782	11.28	0.0	280.0	289.35	557.83	69.63	0	1
PROTOTYPE	012894	04/15/18	23:23:21	0.4892597695390782	0.4892597695390782	11.23	-0.0	3.9140781563126255	3.876894413827655	65.15	37.1	0.4892597695390782	0.4892597695390782	11.23	0.0	294.0	290.04	592.37	104.19	0	1
PROTOTYPE	012895	04/15/18	23:23:22	0.4892597695390782	0.4892597695390782	11.22	-0.0	3.9140781563126255	3.882765531062124	67.04	46.54	0.4892597695390782	0.4892597695390782	11.22	0.0	291.0	290.19	516.8	28.56	0	1
PROTOTYPE	012896	04/15/18	23:23:23	0.4892597695390782	0.4892597695390782	11.21	-0.0	3.9140781563126255	3.8876581287575145	60.17	39.56	0.4892597695390782	0.4892597695390782	11.21	0.0	281.0	288.81	608.13	-155.72	0	1
PROTOTYPE	012897	04/15/18	23:23:25	0.4892597695390782	0.4892597695390782	11.22	-0.0	3.9140781563126255	3.8915722069138283	54.38	33.62	0.4892597695390782	0.4892597695390782	11.22	0.0	283.0	287.94	644.77	-192.37	0	1
PROTOTYPE	012898	04/15/18	23:23:26	0.4892597695390782	0.4892597695390782	11.2	-0.0	3.9140781563126255	3.8945077655310616	49.48	28.58	0.4892597695390782	0.4892597695390782	11.2	0.0	298.0	289.45	767.74	-13.51	0	1
PROTOTYPE	012899	04/15/18	23:23:28	0.4892597695390782	0.4892597695390782	11.2	-0.0	3.9140781563126255	3.8974433241482966	45.37	24.29	0.4892597695390782	0.4892597695390782	11.2	0.0	298.0	290.73	754.76	-26.48	0	1
PROTOTYPE	012900	04/15/18	23:23:29	0.4892597695390782	0.4892597695390782	11.21	-0.0	3.9140781563126255	3.900378882765531	41.94	20.65	0.4892597695390782	0.4892597695390782	11.21	0.0	295.0	291.37	817.43	37.49	0	1
PROTOTYPE	012901	04/15/18	23:23:30	0.4892597695390782	0.4892597695390782	11.19	-0.0	3.9140781563126255	3.902335921843688	34.65	32.55	0.4892597695390782	0.4892597695390782	11.19	0.0	300.0	292.67	781.93	331.86	0	1
PROTOTYPE	012902	04/15/18	23:23:32	0.4892597695390782	0.4892597695390782	11.19	-0.0	3.9140781563126255	3.9042929609218437	30.09	27.67	0.4892597695390782	0.4892597695390782	11.19	0.0	289.0	292.12	767.11	207.09	0	1
PROTOTYPE	012903	04/15/18	23:23:33	0.4892597695390782	0.4892597695390782	11.19	-0.0	3.9140781563126255	3.905271480460921	26.31	23.52	0.4892597695390782	0.4892597695390782	11.19	0.0	288.0	291.5	814.46	131.02	0	1
PROTOTYPE	012904	04/15/18	23:23:35	0.4892597695390782	0.4892597695390782	11.2	-0.0	3.8162262024048097	3.8925507264529062	35.02	4.99	0.4892597695390782	0.4892597695390782	11.2	0.0	290.0	291.27	699.15	246.37	0	1
PROTOTYPE	012905	04/15/18	23:23:36	0.4892597695390782	0.4892597695390782	11.21	-0.0	3.9140781563126255	3.8954862850701404	34.32	4.24	0.4892597695390782	0.4892597695390782	11.21	0.0	290.0	291.08	631.14	314.41	0	1
PROTOTYPE	012906	04/15/18	23:23:37	0.4892597695390782	0.4892597695390782	11.23	-0.0	3.8162262024048097	3.883744050601202	42.77	-11.39	0.4892597695390782	0.4892597695390782	11.23	0.0	302.0	292.72	643.98	327.25	0	1
PROTOTYPE	012907	04/15/18	23:23:39	0.4892597695390782	0.4892597695390782	11.25	-0.0	3.8162262024048097	3.8729803356713424	49.89	-24.69	0.4892597695390782	0.4892597695390782	11.25	0.0	291.0	292.46	541.53	173.16	0	1
PROTOTYPE	012908	04/15/18	23:23:40	0.4892597695390782	0.4892597695390782	11.27	-0.0	3.9140781563126255	3.87982997244489	53.39	-20.98	0.4892597695390782	0.4892597695390782	11.27	0.0	296.0	292.99	530.56	162.19	0	1
PROTOTYPE	012909	04/15/18	23:23:42	0.4892597695390782	0.4892597695390782	11.28	-0.0	3.8162262024048097	3.870044777054108	60.63	-32.84	0.4892597695390782	0.4892597695390782	11.28	0.0	296.0	293.44	446.24	77.86	0	1
PROTOTYPE	012910	04/15/18	23:23:43	0.4892597695390782	0.4892597695390782	11.3	-0.0	3.9140781563126255	3.876894413827655	65.23	-27.91	0.4892597695390782	0.4892597695390782	11.3	0.0	301.0	294.58	504.6	246.18	0	1
PROTOTYPE	012911	04/15/18	23:23:44	0.4892597695390782	0.4892597695390782	11.32	-0.0	3.9140781563126255	3.881787011523046	69.05	-23.72	0.4892597695390782	0.4892597695390782	11.32	0.0	288.0	293.59	541.52	209.25	0	1
PROTOTYPE	012912	04/15/18	23:23:46	0.4892597695390782	0.4892597695390782	11.34	-0.0	3.8162262024048097	3.8720018161322645	65.52	-20.16	0.4892597695390782	0.4892597695390782	11.34	0.0	286.0	292.45	632.87	117.87	0	1
PROTOTYPE	012913	04/15/18	23:23:47	0.4892597695390782	0.4892597695390782	11.31	-0.0	3.9140781563126255	3.8788514529058116	68.4	-17.14	0.4892597695390782	0.4892597695390782	11.31	0.0	300.0	293.58	726.95	250.19	0	1
PROTOTYPE	012914	04/15/18	23:23:49	0.4892597695390782	0.4892597695390782	11.31	-0.0	3.9140781563126255	3.883744050601202	61.81	0.43	0.4892597695390782	0.4892597695390782	11.31	0.0	297.0	294.1	614.43	137.66	0	1
PROTOTYPE	012915	04/15/18	23:23:50	0.4892597695390782	0.4892597695390782	11.31	-0.0	3.9140781563126255	3.8886366482965933	56.23	15.37	0.4892597695390782	0.4892597695390782	11.31	0.0	288.0	293.18	680.05	72.01	0	1
PROTOTYPE	012916	04/15/18	23:23:52	0.4892597695390782	0.4892597695390782	11.29	-0.0	3.9140781563126255	3.8925507264529062	54.01	13.06	0.4892597695390782	0.4892597695390782	11.29	0.0	293.0	293.15	630.03	16.21	0	1
PROTOTYPE	012917	04/15/18	23:23:53	0.4892597695390782	0.4892597695390782	11.36	-0.0	3.9140781563126255	3.8954862850701404	47.86	26.1	0.4892597695390782	0.4892597695390782	11.36	0.0	292.0	292.98	602.29	-46.22	0	1
PROTOTYPE	012918	04/15/18	23:23:54	0.4892597695390782	0.4892597695390782	11.34	-0.0	3.9140781563126255	3.8984218436873754	44.12	22.19	0.4892597695390782	0.4892597695390782	11.34	0.0	290.0	292.53	533.68	-204.29	0	1
PROTOTYPE	012919	04/15/18	23:23:56	0.4892597695390782	0.4892597695390782	11.31	-0.0	3.9140781563126255	3.900378882765531	40.99	18.86	0.4892597695390782	0.4892597695390782	11.31	0.0	303.0	294.1	592.0	51.35	0	1
PROTOTYPE	012920	04/15/18	23:23:57	0.4892597695390782	0.4892597695390782	11.28	-0.0	3.9140781563126255	3.902335921843688	33.25	31.03	0.4892597695390782	0.4892597695390782	11.28	0.0	291.0	293.64	524.72	118.65	0	1
PROTOTYPE	012921	04/15/18	23:23:59	0.4892597695390782	0.4892597695390782	11.28	-0.0	3.9140781563126255	3.9042929609218437	28.93	26.38	0.4892597695390782	0.4892597695390782	11.28	0.0	289.0	292.94	481.08	-64.15	0	1
PROTOTYPE	012922	04/15/18	23:24:00	0.4892597695390782	0.4892597695390782	11.27	-0.0	3.9140781563126255	3.90625	25.36	22.42	0.4892597695390782	0.4892597695390782	11.27	0.0	298.0	293.7	505.7	-39.52	0	1
PROTOTYPE	012923	04/15/18	23:24:01	0.4892597695390782	0.4892597695390782	11.24	-0.0	3.9140781563126255	3.9072285195390783	22.4	19.06	0.4892597695390782	0.4892597695390782	11.24	0.0	291.0	293.3	454.78	11.4	0	1
PROTOTYPE	012924	04/15/18	23:24:03	0.4892597695390782	0.4892597695390782	11.23	-0.0	3.9140781563126255	3.9082070390781563	19.98	16.2	0.4892597695390782	0.4892597695390782	11.23	0.0	301.0	294.45	567.28	129.69	0	1
PROTOTYPE	012925	04/15/18	23:24:04	0.4892597695390782	0.4892597695390782	11.15	-0.0	3.9140781563126255	3.909185558617235	17.99	13.77	0.4892597695390782	0.4892597695390782	11.15	0.0	295.0	294.53	558.24	155.24	0	1
PROTOTYPE	012926	04/15/18	23:24:06	0.4892597695390782	0.4892597695390782	11.15	-0.0	3.9140781563126255	3.9101640781563125	16.43	11.7	0.4892597695390782	0.4892597695390782	11.15	0.0	277.0	291.9	776.5	-63.05	0	1
PROTOTYPE	012927	04/15/18	23:24:07	0.4892597695390782	0.4892597695390782	11.15	-0.0	3.9140781563126255	3.9101640781563125	15.18	9.95	0.4892597695390782	0.4892597695390782	11.15	0.0	284.0	290.72	738.08	-338.59	0	1
PROTOTYPE	012928	04/15/18	23:24:08	0.4892597695390782	0.4892597695390782	11.17	-0.0	4.01193011022044	3.925820390781563	28.33	23.46	0.4892597695390782	0.4892597695390782	11.17	0.0	298.0	291.81	800.73	-182.8	0	1
PROTOTYPE	012929	04/15/18	23:24:10	0.4892597695390782	0.4892597695390782	11.18	-0.0	4.01193011022044	3.938541144789579	39.39	34.94	0.4892597695390782	0.4892597695390782	11.18	0.0	287.0	291.09	803.31	-185.38	0	1
PROTOTYPE	012930	04/15/18	23:24:11	0.4892597695390782	0.4892597695390782	11.17	-0.0	4.01193011022044	3.949304859719439	48.68	44.7	0.4892597695390782	0.4892597695390782	11.17	0.0	299.0	292.28	846.11	-142.57	0	1
PROTOTYPE	012931	04/15/18	23:24:13	0.4892597695390782	0.4892597695390782	11.17	-0.0	3.9140781563126255	3.944412262024048	52.43	37.99	0.4892597695390782	0.4892597695390782	11.17	0.0	298.0	293.13	891.44	-16.19	0	1
PROTOTYPE	012932	04/15/18	23:24:14	0.4892597695390782	0.4892597695390782	11.2	-0.0	4.01193011022044	3.9541974574148293	61.14	47.29	0.4892597695390782	0.4892597695390782	11.2	0.0	285.0	291.91	897.9	-253.76	0	1
PROTOTYPE	012933	04/15/18	23:24:15	0.4892597695390782	0.4892597695390782	11.22	-0.0	4.01193011022044	3.9630041332665336	68.4	55.2	0.4892597695390782	0.4892597695390782	11.22	0.0	288.0	291.33	948.29	-320.7	0	1
PROTOTYPE	012934	04/15/18	23:24:17	0.4892597695390782	0.4892597695390782	11.22	-0.0	3.9140781563126255	3.9561544964929856	74.44	46.92	0.4892597695390782	0.4892597695390782	11.22	0.0	293.0	291.58	710.41	-32.59	0	1
PROTOTYPE	012935	04/15/18	23:24:18	0.4892597695390782	0.4892597695390782	11.23	-0.0	4.01193011022044	3.9639826528056115	81.63	54.88	0.4892597695390782	0.4892597695390782	11.23	0.0	290.0	291.34	615.55	62.3	0	1
PROTOTYPE	012936	04/15/18	23:24:20	0.4892597695390782	0.4892597695390782	11.22	-0.0	4.01193011022044	3.970832289579158	73.47	46.65	0.4892597695390782	0.4892597695390782	11.22	0.0	294.0	291.74	546.22	-7.05	0	1
PROTOTYPE	012937	04/15/18	23:24:21	0.4892597695390782	0.4892597695390782	11.22	-0.0	4.01193011022044	3.9776819263527052	66.56	39.65	0.4892597695390782	0.4892597695390782	11.22	0.0	286.0	290.88	560.16	-20.99	0	1
PROTOTYPE	012938	04/15/18	23:24:22	0.4892597695390782	0.4892597695390782	11.23	-0.0	4.01193011022044	3.9825745240480965	60.7	33.7	0.4892597695390782	0.4892597695390782	11.23	0.0	287.0	290.3	499.69	-197.84	0	1
PROTOTYPE	012939	04/15/18	23:24:24	0.4892597695390782	0.4892597695390782	11.24	-0.0	3.9140781563126255	3.9727893286573144	65.68	28.65	0.4892597695390782	0.4892597695390782	11.24	0.0	291.0	290.4	424.45	-273.17	0	1
PROTOTYPE	012940	04/15/18	23:24:25	0.4892597695390782	0.4892597695390782	11.22	-0.0	3.9140781563126255	3.9639826528056115	64.24	9.35	0.4892597695390782	0.4892597695390782	11.22	0.0	292.0	290.64	326.43	-127.19	0	1
PROTOTYPE	012941	04/15/18	23:24:27	0.4892597695390782	0.4892597695390782	11.22	-0.0	4.01193011022044	3.970832289579158	62.86	7.95	0.4892597695390782	0.4892597695390782	11.22	0.0	291.0	290.7	273.25	-63.11	0	1
PROTOTYPE	012942	04/15/18	23:24:28	0.4892597695390782	0.4892597695390782	11.21	-0.0	3.9140781563126255	3.9620256137274548	64.04	6.76	0.4892597695390782	0.4892597695390782	11.21	0.0	300.0	292.09	387.69	51.35	0	1
PROTOTYPE	012943	04/15/18	23:24:29	0.4892597695390782	0.4892597695390782	11.23	-0.0	4.01193011022044	3.96985377004008	63.04	5.74	0.4892597695390782	0.4892597695390782	11.23	0.0	289.0	291.63	410.37	28.65	0	1
PROTOTYPE	012944	04/15/18	23:24:31	0.4892597695390782	0.4892597695390782	11.23	-0.0	4.01193011022044	3.9757248872745494	62.2	4.88	0.4892597695390782	0.4892597695390782	11.23	0.0	300.0	292.88	496.05	114.35	0	1
PROTOTYPE	012945	04/15/18	23:24:32	0.4892597695390782	0.4892597695390782	11.23	-0.0	4.01193011022044	3.9815960045090177	61.48	4.15	0.4892597695390782	0.4892597695390782	11.23	0.0	287.0	292.0	498.21	112.2	0	1
PROTOTYPE	012946	04/15/18	23:24:34	0.4892597695390782	0.4892597695390782	11.22	-0.0	4.01193011022044	3.9864886022044095	60.88	3.53	0.4892597695390782	0.4892597695390782	11.22	0.0	295.0	292.45	485.01	215.37	0	1
PROTOTYPE	012947	04/15/18	23:24:35	0.4892597695390782	0.4892597695390782	11.23	-0.0	4.01193011022044	3.990402680360721	54.5	18.0	0.4892597695390782	0.4892597695390782	11.23	0.0	296.0	292.98	527.63	258.07	0	1
PROTOTYPE	012948	04/15/18	23:24:36	0.4892597695390782	0.4892597695390782	11.23	-0.0	3.9140781563126255	3.9786604458917827	57.18	15.3	0.4892597695390782	0.4892597695390782	11.23	0.0	299.0	293.89	593.89	324.36	0	1
PROTOTYPE	012949	04/15/18	23:24:38	0.4892597695390782	0.4892597695390782	11.23	-0.0	4.01193011022044	3.9835530435871744	54.94	13.0	0.4892597695390782	0.4892597695390782	11.23	0.0	283.0	292.25	751.63	155.7	0	1
PROTOTYPE	012950	04/15/18	23:24:39	0.4892597695390782	0.4892597695390782	11.26	-0.0	3.9140781563126255	3.9727893286573144	56.87	11.05	0.4892597695390782	0.4892597695390782	11.26	0.0	298.0	293.11	698.28	102.35	0	1
PROTOTYPE	012951	04/15/18	23:24:41	0.4892597695390782	0.4892597695390782	11.24	-0.0	4.01193011022044	3.9786604458917827	55.25	9.39	0.4892597695390782	0.4892597695390782	11.24	0.0	300.0	294.15	755.17	251.99	0	1
PROTOTYPE	012952	04/15/18	23:24:42	0.4892597695390782	0.4892597695390782	11.24	-0.0	4.01193011022044	3.9835530435871744	53.88	7.99	0.4892597695390782	0.4892597695390782	11.24	0.0	292.0	293.83	661.83	94.2	0	1
PROTOTYPE	012953	04/15/18	23:24:43	0.4892597695390782	0.4892597695390782	11.25	-0.0	4.01193011022044	3.988445641282565	52.73	6.79	0.4892597695390782	0.4892597695390782	11.25	0.0	301.0	294.9	681.19	290.07	0	1
PROTOTYPE	012954	04/15/18	23:24:45	0.4892597695390782	0.4892597695390782	11.28	-0.0	3.9140781563126255	3.9767034068136273	59.29	-9.23	0.4892597695390782	0.4892597695390782	11.28	0.0	289.0	294.02	724.72	156.56	0	1
PROTOTYPE	012955	04/15/18	23:24:46	0.4892597695390782	0.4892597695390782	11.28	-0.0	4.01193011022044	3.9825745240480965	60.62	-7.85	0.4892597695390782	0.4892597695390782	11.28	0.0	303.0	295.36	806.23	238.07	0	1
PROTOTYPE	012956	04/15/18	23:24:48	0.4892597695390782	0.4892597695390782	11.28	-0.0	4.01193011022044	3.9864886022044095	53.67	8.33	0.4892597695390782	0.4892597695390782	11.28	0.0	303.0	296.51	830.51	262.36	0	1
PROTOTYPE	012957	04/15/18	23:24:49	0.4892597695390782	0.4892597695390782	11.27	-0.0	4.01193011022044	3.990402680360721	52.48	7.08	0.4892597695390782	0.4892597695390782	11.27	0.0	292.0	295.83	734.88	358.01	0	1
PROTOTYPE	012958	04/15/18	23:24:51	0.4892597695390782	0.4892597695390782	11.26	-0.0	4.01193011022044	3.993338238977956	45.31	21.02	0.4892597695390782	0.4892597695390782	11.26	0.0	294.0	295.56	676.19	244.31	0	1
PROTOTYPE	012959	04/15/18	23:24:52	0.4892597695390782	0.4892597695390782	11.26	-0.0	4.01193011022044	3.9962737975951903	42.33	17.87	0.4892597695390782	0.4892597695390782	11.26	0.0	301.0	296.37	654.55	222.66	0	1
PROTOTYPE	012960	04/15/18	23:24:53	0.4892597695390782	0.4892597695390782	11.27	-0.0	4.01193011022044	3.9992093562124245	39.84	15.19	0.4892597695390782	0.4892597695390782	11.27	0.0	300.0	296.92	676.7	309.26	0	1
PROTOTYPE	012961	04/15/18	23:24:55	0.4892597695390782	0.4892597695390782	11.27	-0.0	4.01193011022044	4.001166395290581	37.78	12.91	0.4892597695390782	0.4892597695390782	11.27	0.0	285.0	295.13	747.86	22.87	0	1
PROTOTYPE	012962	04/15/18	23:24:56	0.4892597695390782	0.4892597695390782	11.26	-0.0	4.01193011022044	4.0021449148296595	28.57	25.97	0.4892597695390782	0.4892597695390782	11.26	0.0	296.0	295.26	672.44	124.44	0	1
PROTOTYPE	012963	04/15/18	23:24:58	0.4892597695390782	0.4892597695390782	11.26	-0.0	4.01193011022044	4.004101953907816	25.06	22.08	0.4892597695390782	0.4892597695390782	11.26	0.0	287.0	294.02	661.6	-134.22	0	1
PROTOTYPE	012964	04/15/18	23:24:59	0.4892597695390782	0.4892597695390782	11.26	-0.0	4.01193011022044	4.005080473446894	22.17	18.76	0.4892597695390782	0.4892597695390782	11.26	0.0	297.0	294.47	591.75	-204.09	0	1
PROTOTYPE	012965	04/15/18	23:25:00	0.4892597695390782	0.4892597695390782	11.26	-0.0	4.01193011022044	4.006058992985971	19.81	15.95	0.4892597695390782	0.4892597695390782	11.26	0.0	298.0	295.0	577.08	-83.48	0	1
PROTOTYPE	012966	04/15/18	23:25:02	0.4892597695390782	0.4892597695390782	11.26	-0.0	4.1097820641282565	4.021715305611223	32.19	28.56	0.4892597695390782	0.4892597695390782	11.26	0.0	300.0	295.75	624.59	19.04	0	1
