Dev_id	Index	Date	Time	Sensor1	Sensor1_Filter	Sensor1_LL	Sensor1_Diff	Sensor2	Sensor2_Filter	Sensor2_LL	Sensor2_Diff	Sensor3	Sensor3_Filter	Sensor3_LL	Sensor3_Diff	Sensor4	Sensor4_Filter	Sensor4_LL	Sensor4_Diff	Heater_Status	FSM_Status
PROTOTYPE	017367	04/16/18	01:08:22	0.4892597695390782	0.4892597695390782	11.28	-0.0	3.522670340681363	3.522670340681363	11.28	0.0	0.4892597695390782	0.4892597695390782	11.28	0.0	293.0	290.58	627.92	220.96	0	1
PROTOTYPE	017368	04/16/18	01:08:23	0.4892597695390782	0.4892597695390782	11.29	-0.0	3.522670340681363	3.522670340681363	11.29	0.0	0.4892597695390782	0.4892597695390782	11.29	0.0	298.0	291.69	594.78	187.82	0	1
PROTOTYPE	017369	04/16/18	01:08:25	0.4892597695390782	0.4892597695390782	11.29	-0.0	3.522670340681363	3.522670340681363	11.29	0.0	0.4892597695390782	0.4892597695390782	11.29	0.0	275.0	289.19	812.27	-95.36	0	1
PROTOTYPE	017370	04/16/18	01:08:26	0.4892597695390782	0.4892597695390782	11.29	-0.0	3.522670340681363	3.522670340681363	11.29	0.0	0.4892597695390782	0.4892597695390782	11.29	0.0	291.0	289.46	836.97	-66.05	0	1
PROTOTYPE	017371	04/16/18	01:08:27	0.4892597695390782	0.4892597695390782	11.27	-0.0	3.522670340681363	3.522670340681363	11.27	0.0	0.4892597695390782	0.4892597695390782	11.27	0.0	297.0	290.59	813.32	183.86	0	1
PROTOTYPE	017372	04/16/18	01:08:29	0.4892597695390782	0.4892597695390782	11.29	-0.0	3.522670340681363	3.522670340681363	11.29	0.0	0.4892597695390782	0.4892597695390782	11.29	0.0	298.0	291.7	770.74	141.28	0	1
PROTOTYPE	017373	04/16/18	01:08:30	0.4892597695390782	0.4892597695390782	11.29	-0.0	3.522670340681363	3.522670340681363	11.29	0.0	0.4892597695390782	0.4892597695390782	11.29	0.0	290.0	291.45	731.96	180.09	0	1
PROTOTYPE	017374	04/16/18	01:08:32	0.4892597695390782	0.4892597695390782	11.27	-0.0	3.522670340681363	3.522670340681363	11.27	0.0	0.4892597695390782	0.4892597695390782	11.27	0.0	295.0	291.98	734.94	183.07	0	1
PROTOTYPE	017375	04/16/18	01:08:33	0.4892597695390782	0.4892597695390782	11.26	-0.0	3.522670340681363	3.522670340681363	11.26	0.0	0.4892597695390782	0.4892597695390782	11.26	0.0	296.0	292.58	752.48	200.61	0	1
PROTOTYPE	017376	04/16/18	01:08:34	0.4892597695390782	0.4892597695390782	11.27	-0.0	3.522670340681363	3.522670340681363	11.27	0.0	0.4892597695390782	0.4892597695390782	11.27	0.0	295.0	292.94	677.4	125.52	0	1
PROTOTYPE	017377	04/16/18	01:08:36	0.4892597695390782	0.4892597695390782	11.28	-0.0	3.522670340681363	3.522670340681363	11.28	0.0	0.4892597695390782	0.4892597695390782	11.28	0.0	283.0	291.45	576.23	226.69	0	1
PROTOTYPE	017378	04/16/18	01:08:37	0.4892597695390782	0.4892597695390782	11.26	-0.0	3.522670340681363	3.522670340681363	11.26	0.0	0.4892597695390782	0.4892597695390782	11.26	0.0	290.0	291.24	570.83	177.69	0	1
PROTOTYPE	017379	04/16/18	01:08:39	0.4892597695390782	0.4892597695390782	11.28	-0.0	3.522670340681363	3.522670340681363	11.28	0.0	0.4892597695390782	0.4892597695390782	11.28	0.0	278.0	289.25	656.23	-133.96	0	1
PROTOTYPE	017380	04/16/18	01:08:40	0.4892597695390782	0.4892597695390782	11.26	-0.0	3.522670340681363	3.522670340681363	11.26	0.0	0.4892597695390782	0.4892597695390782	11.26	0.0	304.0	291.46	766.32	-23.87	0	1
PROTOTYPE	017381	04/16/18	01:08:41	0.4892597695390782	0.4892597695390782	11.26	-0.0	3.522670340681363	3.522670340681363	11.26	0.0	0.4892597695390782	0.4892597695390782	11.26	0.0	290.0	291.24	762.75	-20.29	0	1
PROTOTYPE	017382	04/16/18	01:08:43	0.4892597695390782	0.4892597695390782	11.28	-0.0	3.522670340681363	3.522670340681363	11.28	0.0	0.4892597695390782	0.4892597695390782	11.28	0.0	286.0	290.46	788.08	-152.25	0	1
PROTOTYPE	017383	04/16/18	01:08:44	0.4892597695390782	0.4892597695390782	11.29	-0.0	3.522670340681363	3.522670340681363	11.29	0.0	0.4892597695390782	0.4892597695390782	11.29	0.0	291.0	290.54	736.02	-204.41	0	1
PROTOTYPE	017384	04/16/18	01:08:46	0.4892597695390782	0.4892597695390782	11.28	-0.0	3.522670340681363	3.522670340681363	11.28	0.0	0.4892597695390782	0.4892597695390782	11.28	0.0	291.0	290.61	706.79	-233.75	0	1
PROTOTYPE	017385	04/16/18	01:08:47	0.4892597695390782	0.4892597695390782	11.28	-0.0	3.522670340681363	3.522670340681363	11.28	0.0	0.4892597695390782	0.4892597695390782	11.28	0.0	300.0	292.02	698.51	56.31	0	1
PROTOTYPE	017386	04/16/18	01:08:48	0.4892597695390782	0.4892597695390782	11.27	-0.0	3.522670340681363	3.522670340681363	11.27	0.0	0.4892597695390782	0.4892597695390782	11.27	0.0	279.0	290.06	871.92	-117.13	0	1
PROTOTYPE	017387	04/16/18	01:08:50	0.4892597695390782	0.4892597695390782	11.26	-0.0	3.522670340681363	3.522670340681363	11.26	0.0	0.4892597695390782	0.4892597695390782	11.26	0.0	285.0	289.3	749.35	5.44	0	1
PROTOTYPE	017388	04/16/18	01:08:51	0.4892597695390782	0.4892597695390782	11.26	-0.0	3.522670340681363	3.522670340681363	11.26	0.0	0.4892597695390782	0.4892597695390782	11.26	0.0	293.0	289.86	583.55	-160.38	0	1
PROTOTYPE	017389	04/16/18	01:08:53	0.4892597695390782	0.4892597695390782	11.28	-0.0	3.522670340681363	3.522670340681363	11.28	0.0	0.4892597695390782	0.4892597695390782	11.28	0.0	285.0	289.13	634.46	-211.32	0	1
PROTOTYPE	017390	04/16/18	01:08:54	0.4892597695390782	0.4892597695390782	11.28	-0.0	3.522670340681363	3.522670340681363	11.28	0.0	0.4892597695390782	0.4892597695390782	11.28	0.0	300.0	290.76	718.86	30.38	0	1
PROTOTYPE	017391	04/16/18	01:08:56	0.4892597695390782	0.4892597695390782	11.28	-0.0	3.522670340681363	3.522670340681363	11.28	0.0	0.4892597695390782	0.4892597695390782	11.28	0.0	292.0	290.95	729.24	40.82	0	1
PROTOTYPE	017392	04/16/18	01:08:57	0.4892597695390782	0.4892597695390782	11.27	-0.0	3.522670340681363	3.522670340681363	11.27	0.0	0.4892597695390782	0.4892597695390782	11.27	0.0	297.0	291.85	812.99	124.7	0	1
PROTOTYPE	017393	04/16/18	01:08:58	0.4892597695390782	0.4892597695390782	11.26	-0.0	3.522670340681363	3.522670340681363	11.26	0.0	0.4892597695390782	0.4892597695390782	11.26	0.0	287.0	291.13	744.92	-89.01	0	1
PROTOTYPE	017394	04/16/18	01:09:00	0.4892597695390782	0.4892597695390782	11.27	-0.0	3.522670340681363	3.522670340681363	11.27	0.0	0.4892597695390782	0.4892597695390782	11.27	0.0	295.0	291.71	607.79	164.34	0	1
PROTOTYPE	017395	04/16/18	01:09:01	0.4892597695390782	0.4892597695390782	11.27	-0.0	3.522670340681363	3.522670340681363	11.27	0.0	0.4892597695390782	0.4892597695390782	11.27	0.0	299.0	292.8	641.22	349.69	0	1
PROTOTYPE	017396	04/16/18	01:09:03	0.4892597695390782	0.4892597695390782	11.28	-0.0	3.522670340681363	3.522670340681363	11.28	0.0	0.4892597695390782	0.4892597695390782	11.28	0.0	291.0	292.53	612.82	267.24	0	1
PROTOTYPE	017397	04/16/18	01:09:04	0.4892597695390782	0.4892597695390782	11.28	-0.0	3.522670340681363	3.522670340681363	11.28	0.0	0.4892597695390782	0.4892597695390782	11.28	0.0	293.0	292.6	547.11	347.15	0	1
PROTOTYPE	017398	04/16/18	01:09:05	0.4892597695390782	0.4892597695390782	11.26	-0.0	3.522670340681363	3.522670340681363	11.26	0.0	0.4892597695390782	0.4892597695390782	11.26	0.0	292.0	292.51	393.18	175.08	0	1
PROTOTYPE	017399	04/16/18	01:09:07	0.4892597695390782	0.4892597695390782	11.25	-0.0	3.522670340681363	3.522670340681363	11.25	0.0	0.4892597695390782	0.4892597695390782	11.25	0.0	301.0	293.78	501.87	283.82	0	1
PROTOTYPE	017400	04/16/18	01:09:08	0.4892597695390782	0.4892597695390782	11.26	-0.0	3.522670340681363	3.522670340681363	11.26	0.0	0.4892597695390782	0.4892597695390782	11.26	0.0	289.0	293.07	482.83	121.25	0	1
PROTOTYPE	017401	04/16/18	01:09:10	0.4892597695390782	0.4892597695390782	11.26	-0.0	3.522670340681363	3.522670340681363	11.26	0.0	0.4892597695390782	0.4892597695390782	11.26	0.0	288.0	292.31	486.02	118.06	0	1
PROTOTYPE	017402	04/16/18	01:09:11	0.4892597695390782	0.4892597695390782	11.24	-0.0	3.522670340681363	3.522670340681363	11.24	0.0	0.4892597695390782	0.4892597695390782	11.24	0.0	289.0	291.81	477.52	10.35	0	1
PROTOTYPE	017403	04/16/18	01:09:12	0.4892597695390782	0.4892597695390782	11.24	-0.0	3.522670340681363	3.522670340681363	11.24	0.0	0.4892597695390782	0.4892597695390782	11.24	0.0	298.0	292.74	460.97	-6.2	0	1
PROTOTYPE	017404	04/16/18	01:09:14	0.4892597695390782	0.4892597695390782	11.24	-0.0	3.522670340681363	3.522670340681363	11.24	0.0	0.4892597695390782	0.4892597695390782	11.24	0.0	278.0	290.53	655.0	-200.27	0	1
PROTOTYPE	017405	04/16/18	01:09:15	0.4892597695390782	0.4892597695390782	11.23	-0.0	3.522670340681363	3.522670340681363	11.23	0.0	0.4892597695390782	0.4892597695390782	11.23	0.0	291.0	290.6	655.04	-200.23	0	1
PROTOTYPE	017406	04/16/18	01:09:17	0.4892597695390782	0.4892597695390782	11.25	-0.0	3.522670340681363	3.522670340681363	11.25	0.0	0.4892597695390782	0.4892597695390782	11.25	0.0	290.0	290.51	655.01	-200.2	0	1
PROTOTYPE	017407	04/16/18	01:09:18	0.4892597695390782	0.4892597695390782	11.24	-0.0	3.522670340681363	3.522670340681363	11.24	0.0	0.4892597695390782	0.4892597695390782	11.24	0.0	282.0	289.23	655.31	-455.17	0	1
PROTOTYPE	017408	04/16/18	01:09:19	0.4892597695390782	0.4892597695390782	11.24	-0.0	3.522670340681363	3.522670340681363	11.24	0.0	0.4892597695390782	0.4892597695390782	11.24	0.0	298.0	290.55	715.05	-251.89	0	1
PROTOTYPE	017409	04/16/18	01:09:21	0.4892597695390782	0.4892597695390782	11.25	-0.0	3.522670340681363	3.522670340681363	11.25	0.0	0.4892597695390782	0.4892597695390782	11.25	0.0	289.0	290.32	662.29	-199.11	0	1
PROTOTYPE	017410	04/16/18	01:09:22	0.4892597695390782	0.4892597695390782	11.26	-0.0	3.522670340681363	3.522670340681363	11.26	0.0	0.4892597695390782	0.4892597695390782	11.26	0.0	298.0	291.47	727.95	-34.24	0	1
PROTOTYPE	017411	04/16/18	01:09:24	0.4892597695390782	0.4892597695390782	11.24	-0.0	3.522670340681363	3.522670340681363	11.24	0.0	0.4892597695390782	0.4892597695390782	11.24	0.0	291.0	291.4	642.26	-134.11	0	1
PROTOTYPE	017412	04/16/18	01:09:25	0.4892597695390782	0.4892597695390782	11.24	-0.0	3.522670340681363	3.522670340681363	11.24	0.0	0.4892597695390782	0.4892597695390782	11.24	0.0	274.0	288.79	682.14	-173.99	0	1
PROTOTYPE	017413	04/16/18	01:09:26	0.4892597695390782	0.4892597695390782	11.23	-0.0	3.522670340681363	3.522670340681363	11.23	0.0	0.4892597695390782	0.4892597695390782	11.23	0.0	290.0	288.97	693.16	-162.89	0	1
PROTOTYPE	017414	04/16/18	01:09:28	0.4892597695390782	0.4892597695390782	11.22	-0.0	3.522670340681363	3.522670340681363	11.22	0.0	0.4892597695390782	0.4892597695390782	11.22	0.0	290.0	289.12	699.57	-138.46	0	1
PROTOTYPE	017415	04/16/18	01:09:29	0.4892597695390782	0.4892597695390782	11.23	-0.0	3.522670340681363	3.522670340681363	11.23	0.0	0.4892597695390782	0.4892597695390782	11.23	0.0	301.0	290.91	750.06	167.31	0	1
PROTOTYPE	017416	04/16/18	01:09:31	0.4892597695390782	0.4892597695390782	11.24	-0.0	3.522670340681363	3.522670340681363	11.24	0.0	0.4892597695390782	0.4892597695390782	11.24	0.0	285.0	290.02	707.15	-52.79	0	1
PROTOTYPE	017417	04/16/18	01:09:32	0.4892597695390782	0.4892597695390782	11.24	-0.0	3.522670340681363	3.522670340681363	11.24	0.0	0.4892597695390782	0.4892597695390782	11.24	0.0	298.0	291.22	803.59	90.13	0	1
PROTOTYPE	017418	04/16/18	01:09:34	0.4892597695390782	0.4892597695390782	11.26	-0.0	3.522670340681363	3.522670340681363	11.26	0.0	0.4892597695390782	0.4892597695390782	11.26	0.0	291.0	291.18	691.87	-28.39	0	1
PROTOTYPE	017419	04/16/18	01:09:35	0.4892597695390782	0.4892597695390782	11.28	-0.0	3.522670340681363	3.522670340681363	11.28	0.0	0.4892597695390782	0.4892597695390782	11.28	0.0	301.0	292.66	831.95	125.87	0	1
PROTOTYPE	017420	04/16/18	01:09:36	0.4892597695390782	0.4892597695390782	11.27	-0.0	3.522670340681363	3.522670340681363	11.27	0.0	0.4892597695390782	0.4892597695390782	11.27	0.0	278.0	290.46	790.83	166.99	0	1
PROTOTYPE	017421	04/16/18	01:09:38	0.4892597695390782	0.4892597695390782	11.27	-0.0	3.522670340681363	3.522670340681363	11.27	0.0	0.4892597695390782	0.4892597695390782	11.27	0.0	297.0	291.44	870.74	246.94	0	1
PROTOTYPE	017422	04/16/18	01:09:39	0.4892597695390782	0.4892597695390782	11.28	-0.0	3.522670340681363	3.522670340681363	11.28	0.0	0.4892597695390782	0.4892597695390782	11.28	0.0	295.0	291.97	908.65	284.9	0	1
PROTOTYPE	017423	04/16/18	01:09:41	0.4892597695390782	0.4892597695390782	11.27	-0.0	3.522670340681363	3.522670340681363	11.27	0.0	0.4892597695390782	0.4892597695390782	11.27	0.0	296.0	292.58	790.93	167.17	0	1
PROTOTYPE	017424	04/16/18	01:09:42	0.4892597695390782	0.4892597695390782	11.25	-0.0	3.522670340681363	3.522670340681363	11.25	0.0	0.4892597695390782	0.4892597695390782	11.25	0.0	287.0	291.74	786.0	172.09	0	1
PROTOTYPE	017425	04/16/18	01:09:43	0.4892597695390782	0.4892597695390782	11.23	-0.0	3.522670340681363	3.522670340681363	11.23	0.0	0.4892597695390782	0.4892597695390782	11.23	0.0	290.0	291.48	692.45	26.28	0	1
PROTOTYPE	017426	04/16/18	01:09:45	0.4892597695390782	0.4892597695390782	11.21	-0.0	3.522670340681363	3.522670340681363	11.21	0.0	0.4892597695390782	0.4892597695390782	11.21	0.0	294.0	291.86	726.72	67.34	0	1
PROTOTYPE	017427	04/16/18	01:09:46	0.4892597695390782	0.4892597695390782	11.23	-0.0	3.522670340681363	3.522670340681363	11.23	0.0	0.4892597695390782	0.4892597695390782	11.23	0.0	291.0	291.73	592.43	-92.76	0	1
PROTOTYPE	017428	04/16/18	01:09:48	0.4892597695390782	0.4892597695390782	11.22	-0.0	3.522670340681363	3.522670340681363	11.22	0.0	0.4892597695390782	0.4892597695390782	11.22	0.0	294.0	292.07	406.67	161.15	0	1
PROTOTYPE	017429	04/16/18	01:09:49	0.4892597695390782	0.4892597695390782	11.22	-0.0	3.522670340681363	3.522670340681363	11.22	0.0	0.4892597695390782	0.4892597695390782	11.22	0.0	279.0	290.11	504.58	-133.02	0	1
PROTOTYPE	017430	04/16/18	01:09:50	0.4892597695390782	0.4892597695390782	11.22	-0.0	3.522670340681363	3.522670340681363	11.22	0.0	0.4892597695390782	0.4892597695390782	11.22	0.0	294.0	290.69	509.53	-128.07	0	1
PROTOTYPE	017431	04/16/18	01:09:52	0.4892597695390782	0.4892597695390782	11.23	-0.0	3.522670340681363	3.522670340681363	11.23	0.0	0.4892597695390782	0.4892597695390782	11.23	0.0	296.0	291.49	528.74	-108.86	0	1
PROTOTYPE	017432	04/16/18	01:09:53	0.4892597695390782	0.4892597695390782	11.24	-0.0	3.522670340681363	3.522670340681363	11.24	0.0	0.4892597695390782	0.4892597695390782	11.24	0.0	290.0	291.27	467.44	-47.53	0	1
PROTOTYPE	017433	04/16/18	01:09:55	0.4892597695390782	0.4892597695390782	11.26	-0.0	3.522670340681363	3.522670340681363	11.26	0.0	0.4892597695390782	0.4892597695390782	11.26	0.0	294.0	291.68	482.33	19.6	0	1
PROTOTYPE	017434	04/16/18	01:09:56	0.4892597695390782	0.4892597695390782	11.26	0.0	3.522670340681363	3.522670340681363	11.26	0.0	0.4892597695390782	0.4892597695390782	11.26	0.0	283.0	290.37	574.65	-148.34	0	1
PROTOTYPE	017435	04/16/18	01:09:57	0.4892597695390782	0.4892597695390782	11.23	0.0	3.522670340681363	3.522670340681363	11.23	0.0	0.4892597695390782	0.4892597695390782	11.23	0.0	300.0	291.82	706.09	8.91	0	1
PROTOTYPE	017436	04/16/18	01:09:59	0.4892597695390782	0.4892597695390782	11.25	0.0	3.522670340681363	3.522670340681363	11.25	0.0	0.4892597695390782	0.4892597695390782	11.25	0.0	291.0	291.7	684.36	-37.43	0	1
PROTOTYPE	017437	04/16/18	01:10:00	0.4892597695390782	0.4892597695390782	11.27	0.0	3.522670340681363	3.522670340681363	11.27	0.0	0.4892597695390782	0.4892597695390782	11.27	0.0	287.0	290.99	558.75	88.19	0	1
PROTOTYPE	017438	04/16/18	01:10:02	0.4892597695390782	0.4892597695390782	11.26	0.0	3.522670340681363	3.522670340681363	11.26	0.0	0.4892597695390782	0.4892597695390782	11.26	0.0	281.0	289.49	650.25	-120.04	0	1
PROTOTYPE	017439	04/16/18	01:10:03	0.4892597695390782	0.4892597695390782	11.26	0.0	3.522670340681363	3.522670340681363	11.26	0.0	0.4892597695390782	0.4892597695390782	11.26	0.0	284.0	288.67	653.03	-282.03	0	1
PROTOTYPE	017440	04/16/18	01:10:04	0.4892597695390782	0.4892597695390782	11.26	0.0	3.522670340681363	3.522670340681363	11.26	0.0	0.4892597695390782	0.4892597695390782	11.26	0.0	286.0	288.27	670.7	-299.73	0	1
PROTOTYPE	017441	04/16/18	01:10:06	0.4892597695390782	0.4892597695390782	11.26	0.0	3.522670340681363	3.522670340681363	11.26	0.0	0.4892597695390782	0.4892597695390782	11.26	0.0	290.0	288.53	655.68	-314.77	0	1
PROTOTYPE	017442	04/16/18	01:10:07	0.4892597695390782	0.4892597695390782	11.26	0.0	3.522670340681363	3.522670340681363	11.26	0.0	0.4892597695390782	0.4892597695390782	11.26	0.0	285.0	288.0	578.47	-237.55	0	1
PROTOTYPE	017443	04/16/18	01:10:09	0.4892597695390782	0.4892597695390782	11.26	0.0	3.522670340681363	3.522670340681363	11.26	0.0	0.4892597695390782	0.4892597695390782	11.26	0.0	290.0	288.3	464.13	-351.92	0	1
PROTOTYPE	017444	04/16/18	01:10:10	0.4892597695390782	0.4892597695390782	11.24	0.0	3.522670340681363	3.522670340681363	11.24	-0.0	0.4892597695390782	0.4892597695390782	11.24	0.0	292.0	288.85	507.31	-284.13	0	1
PROTOTYPE	017445	04/16/18	01:10:11	0.4892597695390782	0.4892597695390782	11.23	0.0	3.522670340681363	3.522670340681363	11.23	-0.0	0.4892597695390782	0.4892597695390782	11.23	0.0	287.0	288.58	464.71	-241.51	0	1
PROTOTYPE	017446	04/16/18	01:10:13	0.4892597695390782	0.4892597695390782	11.25	0.0	3.522670340681363	3.522670340681363	11.25	-0.0	0.4892597695390782	0.4892597695390782	11.25	0.0	290.0	288.79	336.24	-70.29	0	1
PROTOTYPE	017447	04/16/18	01:10:14	0.4892597695390782	0.4892597695390782	11.32	0.0	3.522670340681363	3.522670340681363	11.32	-0.0	0.4892597695390782	0.4892597695390782	11.32	0.0	282.0	287.77	355.7	-89.74	0	1
PROTOTYPE	017448	04/16/18	01:10:16	0.4892597695390782	0.4892597695390782	11.33	0.0	3.522670340681363	3.522670340681363	11.33	-0.0	0.4892597695390782	0.4892597695390782	11.33	0.0	280.0	286.61	432.22	-166.28	0	1
PROTOTYPE	017449	04/16/18	01:10:17	0.4892597695390782	0.4892597695390782	11.32	0.0	3.522670340681363	3.522670340681363	11.32	-0.0	0.4892597695390782	0.4892597695390782	11.32	0.0	290.0	287.11	457.14	-141.34	0	1
PROTOTYPE	017450	04/16/18	01:10:19	0.4892597695390782	0.4892597695390782	11.34	0.0	3.522670340681363	3.522670340681363	11.34	-0.0	0.4892597695390782	0.4892597695390782	11.34	0.0	290.0	287.55	447.51	-45.14	0	1
PROTOTYPE	017451	04/16/18	01:10:20	0.4892597695390782	0.4892597695390782	11.34	0.0	3.522670340681363	3.522670340681363	11.34	-0.0	0.4892597695390782	0.4892597695390782	11.34	0.0	288.0	287.62	424.39	-68.37	0	1
PROTOTYPE	017452	04/16/18	01:10:21	0.4892597695390782	0.4892597695390782	11.36	0.0	3.522670340681363	3.522670340681363	11.36	-0.0	0.4892597695390782	0.4892597695390782	11.36	0.0	281.0	286.62	468.1	-223.11	0	1
PROTOTYPE	017453	04/16/18	01:10:23	0.4892597695390782	0.4892597695390782	11.37	0.0	3.522670340681363	3.522670340681363	11.37	-0.0	0.4892597695390782	0.4892597695390782	11.37	0.0	289.0	286.98	475.93	-159.65	0	1
PROTOTYPE	017454	04/16/18	01:10:24	0.4892597695390782	0.4892597695390782	11.35	0.0	3.522670340681363	3.522670340681363	11.35	-0.0	0.4892597695390782	0.4892597695390782	11.35	0.0	285.0	286.68	484.25	-210.7	0	1
PROTOTYPE	017455	04/16/18	01:10:26	0.4892597695390782	0.4892597695390782	11.29	0.0	3.522670340681363	3.522670340681363	11.29	-0.0	0.4892597695390782	0.4892597695390782	11.29	0.0	288.0	286.88	402.21	-89.09	0	1
PROTOTYPE	017456	04/16/18	01:10:27	0.4892597695390782	0.4892597695390782	11.3	0.0	3.522670340681363	3.522670340681363	11.3	-0.0	0.4892597695390782	0.4892597695390782	11.3	0.0	285.0	286.6	313.87	-0.73	0	1
PROTOTYPE	017457	04/16/18	01:10:29	0.4892597695390782	0.4892597695390782	11.32	0.0	3.522670340681363	3.522670340681363	11.32	-0.0	0.4892597695390782	0.4892597695390782	11.32	0.0	290.0	287.11	313.98	-0.62	0	1
PROTOTYPE	017458	04/16/18	01:10:30	0.4892597695390782	0.4892597695390782	11.3	0.0	3.522670340681363	3.522670340681363	11.3	-0.0	0.39140781563126253	0.4745819764529058	24.96	-15.0	283.0	286.49	332.32	-105.53	0	1
PROTOTYPE	017459	04/16/18	01:10:31	0.4892597695390782	0.4892597695390782	11.3	0.0	3.522670340681363	3.522670340681363	11.3	-0.0	0.4892597695390782	0.4765390155310621	26.21	-12.75	282.0	285.82	392.79	-179.7	0	1
PROTOTYPE	017460	04/16/18	01:10:33	0.4892597695390782	0.4892597695390782	11.32	0.0	3.522670340681363	3.522670340681363	11.32	-0.0	0.4892597695390782	0.47849605460921835	27.19	-10.84	285.0	285.7	305.91	-92.74	0	1
PROTOTYPE	017461	04/16/18	01:10:34	0.4892597695390782	0.4892597695390782	11.29	0.0	3.522670340681363	3.522670340681363	11.29	-0.0	0.4892597695390782	0.48045309368737477	27.91	-9.21	301.0	287.99	499.79	101.17	0	1
PROTOTYPE	017462	04/16/18	01:10:36	0.4892597695390782	0.4892597695390782	11.29	0.0	3.522670340681363	3.522670340681363	11.29	-0.0	0.4892597695390782	0.48143161322645295	28.47	-7.83	302.0	290.09	680.2	340.99	0	1
PROTOTYPE	017463	04/16/18	01:10:37	0.4892597695390782	0.4892597695390782	11.27	0.0	3.522670340681363	3.522670340681363	11.27	-0.0	0.4892597695390782	0.482410132765531	28.88	-6.66	302.0	291.88	839.01	499.84	0	1
PROTOTYPE	017464	04/16/18	01:10:38	0.4892597695390782	0.4892597695390782	11.25	0.0	3.522670340681363	3.522670340681363	11.25	-0.0	0.4892597695390782	0.48338865230460926	29.18	-5.66	294.0	292.2	842.62	559.87	0	1
PROTOTYPE	017465	04/16/18	01:10:40	0.4892597695390782	0.4892597695390782	11.25	0.0	3.522670340681363	3.522670340681363	11.25	-0.0	0.4892597695390782	0.48436717184368744	29.42	-4.81	286.0	291.27	884.54	415.89	0	1
PROTOTYPE	017466	04/16/18	01:10:41	0.4892597695390782	0.4892597695390782	11.25	0.0	3.522670340681363	3.522670340681363	11.25	-0.0	0.4892597695390782	0.4853456913827655	15.93	10.91	298.0	292.28	923.89	578.5	0	1
PROTOTYPE	017467	04/16/18	01:10:43	0.4892597695390782	0.4892597695390782	11.32	0.0	3.522670340681363	3.522670340681363	11.32	-0.0	0.4892597695390782	0.4863242109218437	14.87	9.28	296.0	292.84	912.36	701.73	0	1
PROTOTYPE	017468	04/16/18	01:10:44	0.4892597695390782	0.4892597695390782	11.28	0.0	3.522670340681363	3.522670340681363	11.28	-0.0	0.4892597695390782	0.4863242109218437	13.97	7.88	294.0	293.01	917.52	731.47	0	1
PROTOTYPE	017469	04/16/18	01:10:45	0.4892597695390782	0.4892597695390782	11.28	0.0	3.522670340681363	3.522670340681363	11.28	-0.0	0.4892597695390782	0.4863242109218437	13.29	6.7	294.0	293.16	702.86	516.75	0	1
PROTOTYPE	017470	04/16/18	01:10:47	0.4892597695390782	0.4892597695390782	11.3	0.0	3.522670340681363	3.522670340681363	11.3	-0.0	0.4892597695390782	0.48730273046092193	12.79	5.7	280.0	291.18	690.11	109.24	0	1
PROTOTYPE	017471	04/16/18	01:10:48	0.4892597695390782	0.4892597695390782	11.32	0.0	3.522670340681363	3.522670340681363	11.32	-0.0	0.4892597695390782	0.48730273046092193	12.42	4.84	285.0	290.26	604.28	-162.15	0	1
PROTOTYPE	017472	04/16/18	01:10:50	0.4892597695390782	0.4892597695390782	11.34	0.0	3.522670340681363	3.522670340681363	11.34	-0.0	0.4892597695390782	0.48730273046092193	12.14	4.12	295.0	290.97	643.58	-122.83	0	1
PROTOTYPE	017473	04/16/18	01:10:51	0.4892597695390782	0.4892597695390782	11.32	0.0	3.522670340681363	3.522670340681363	11.32	-0.0	0.4892597695390782	0.48828125	11.91	3.5	302.0	292.62	716.09	135.6	0	1
PROTOTYPE	017474	04/16/18	01:10:52	0.4892597695390782	0.4892597695390782	11.31	0.0	3.522670340681363	3.522670340681363	11.31	-0.0	0.4892597695390782	0.48828125	11.74	2.97	287.0	291.78	699.46	-49.74	0	1
PROTOTYPE	017475	04/16/18	01:10:54	0.4892597695390782	0.4892597695390782	11.24	0.0	3.522670340681363	3.522670340681363	11.24	-0.0	0.4892597695390782	0.48828125	11.55	2.53	286.0	290.91	730.31	-192.28	0	1
PROTOTYPE	017476	04/16/18	01:10:55	0.4892597695390782	0.4892597695390782	11.26	0.0	3.522670340681363	3.522670340681363	11.26	-0.0	0.4892597695390782	0.48828125	11.49	2.15	291.0	290.93	714.71	-208.44	0	1
PROTOTYPE	017477	04/16/18	01:10:57	0.4892597695390782	0.4892597695390782	11.29	0.0	3.522670340681363	3.522670340681363	11.29	-0.0	0.4892597695390782	0.48828125	11.45	1.83	278.0	288.99	893.69	-417.17	0	1
PROTOTYPE	017478	04/16/18	01:10:58	0.4892597695390782	0.4892597695390782	11.3	0.0	3.522670340681363	3.522670340681363	11.3	-0.0	0.4892597695390782	0.48828125	11.42	1.55	288.0	288.84	711.18	-234.6	0	1
PROTOTYPE	017479	04/16/18	01:11:00	0.4892597695390782	0.4892597695390782	11.27	0.0	3.522670340681363	3.522670340681363	11.27	-0.0	0.4892597695390782	0.4892597695390782	11.36	1.32	296.0	289.91	725.82	-34.41	0	1
PROTOTYPE	017480	04/16/18	01:11:01	0.4892597695390782	0.4892597695390782	11.26	0.0	3.522670340681363	3.522670340681363	11.26	-0.0	0.4892597695390782	0.4892597695390782	11.32	1.12	277.0	287.98	848.37	-299.25	0	1
PROTOTYPE	017481	04/16/18	01:11:02	0.4892597695390782	0.4892597695390782	11.26	0.0	3.522670340681363	3.522670340681363	11.26	-0.0	0.4892597695390782	0.4892597695390782	11.3	0.95	284.0	287.38	742.55	-524.36	0	1
PROTOTYPE	017482	04/16/18	01:11:04	0.4892597695390782	0.4892597695390782	11.28	0.0	3.522670340681363	3.522670340681363	11.28	-0.0	0.4892597695390782	0.4892597695390782	11.31	0.81	287.0	287.32	664.05	-445.71	0	1
PROTOTYPE	017483	04/16/18	01:11:05	0.4892597695390782	0.4892597695390782	11.28	0.0	3.522670340681363	3.522670340681363	11.28	-0.0	0.4892597695390782	0.4892597695390782	11.3	0.69	295.0	288.47	692.51	-243.85	0	1
PROTOTYPE	017484	04/16/18	01:11:07	0.4892597695390782	0.4892597695390782	11.28	0.0	3.522670340681363	3.522670340681363	11.28	-0.0	0.4892597695390782	0.4892597695390782	11.3	0.59	291.0	288.85	728.5	-207.27	0	1
PROTOTYPE	017485	04/16/18	01:11:08	0.4892597695390782	0.4892597695390782	11.26	0.0	3.522670340681363	3.522670340681363	11.26	-0.0	0.4892597695390782	0.4892597695390782	11.27	0.5	274.0	286.63	757.41	-236.18	0	1
PROTOTYPE	017486	04/16/18	01:11:09	0.4892597695390782	0.4892597695390782	11.27	0.0	3.522670340681363	3.522670340681363	11.27	-0.0	0.4892597695390782	0.4892597695390782	11.28	0.42	296.0	288.03	883.16	-80.75	0	1
PROTOTYPE	017487	04/16/18	01:11:11	0.4892597695390782	0.4892597695390782	11.3	0.0	3.522670340681363	3.522670340681363	11.3	-0.0	0.4892597695390782	0.4892597695390782	11.3	0.36	295.0	289.08	880.28	-83.64	0	1
PROTOTYPE	017488	04/16/18	01:11:12	0.4892597695390782	0.4892597695390782	11.29	0.0	3.522670340681363	3.522670340681363	11.29	-0.0	0.4892597695390782	0.4892597695390782	11.29	0.31	287.0	288.77	717.76	78.91	0	1
PROTOTYPE	017489	04/16/18	01:11:14	0.4892597695390782	0.4892597695390782	11.28	0.0	3.522670340681363	3.522670340681363	11.28	-0.0	0.4892597695390782	0.4892597695390782	11.28	0.26	293.0	289.4	721.63	202.07	0	1
PROTOTYPE	017490	04/16/18	01:11:15	0.4892597695390782	0.4892597695390782	11.29	0.0	3.522670340681363	3.522670340681363	11.29	-0.0	0.4892597695390782	0.4892597695390782	11.29	0.22	297.0	290.54	829.77	321.76	0	1
PROTOTYPE	017491	04/16/18	01:11:16	0.4892597695390782	0.4892597695390782	11.29	0.0	3.522670340681363	3.522670340681363	11.29	-0.0	0.4892597695390782	0.4892597695390782	11.29	0.19	287.0	290.01	767.73	153.5	0	1
PROTOTYPE	017492	04/16/18	01:11:18	0.4892597695390782	0.4892597695390782	11.29	0.0	3.522670340681363	3.522670340681363	11.29	-0.0	0.4892597695390782	0.4892597695390782	11.29	0.16	297.0	291.06	834.68	220.47	0	1
PROTOTYPE	017493	04/16/18	01:11:19	0.4892597695390782	0.4892597695390782	11.31	0.0	3.522670340681363	3.522670340681363	11.31	-0.0	0.4892597695390782	0.4892597695390782	11.31	0.14	290.0	290.9	627.81	427.4	0	1
PROTOTYPE	017494	04/16/18	01:11:21	0.4892597695390782	0.4892597695390782	11.27	0.0	3.522670340681363	3.522670340681363	11.27	-0.0	0.4892597695390782	0.4892597695390782	11.27	0.12	291.0	290.91	489.25	288.29	0	1
PROTOTYPE	017495	04/16/18	01:11:22	0.4892597695390782	0.4892597695390782	11.26	0.0	3.522670340681363	3.522670340681363	11.26	-0.0	0.4892597695390782	0.4892597695390782	11.26	0.1	291.0	290.93	386.62	185.05	0	1
PROTOTYPE	017496	04/16/18	01:11:24	0.4892597695390782	0.4892597695390782	11.26	0.0	3.522670340681363	3.522670340681363	11.26	-0.0	0.4892597695390782	0.4892597695390782	11.26	0.08	292.0	291.09	371.59	232.29	0	1
PROTOTYPE	017497	04/16/18	01:11:25	0.4892597695390782	0.4892597695390782	11.31	0.0	3.522670340681363	3.522670340681363	11.31	-0.0	0.4892597695390782	0.4892597695390782	11.31	0.07	289.0	290.77	339.41	137.45	0	1
PROTOTYPE	017498	04/16/18	01:11:26	0.4892597695390782	0.4892597695390782	11.29	0.0	3.522670340681363	3.522670340681363	11.29	-0.0	0.4892597695390782	0.4892597695390782	11.29	0.06	298.0	291.86	333.79	131.83	0	1
PROTOTYPE	017499	04/16/18	01:11:28	0.4892597695390782	0.4892597695390782	11.3	0.0	3.522670340681363	3.522670340681363	11.3	-0.0	0.4892597695390782	0.4892597695390782	11.3	0.05	293.0	292.03	297.84	202.05	0	1
PROTOTYPE	017500	04/16/18	01:11:29	0.4892597695390782	0.4892597695390782	11.31	0.0	3.522670340681363	3.522670340681363	11.31	-0.0	0.4892597695390782	0.4892597695390782	11.31	0.04	299.0	293.08	297.53	201.75	0	1
PROTOTYPE	017501	04/16/18	01:11:31	0.4892597695390782	0.4892597695390782	11.3	0.0	3.522670340681363	3.522670340681363	11.3	-0.0	0.4892597695390782	0.4892597695390782	11.3	0.04	303.0	294.56	430.48	366.48	0	1
PROTOTYPE	017502	04/16/18	01:11:32	0.4892597695390782	0.4892597695390782	11.33	0.0	3.522670340681363	3.522670340681363	11.33	-0.0	0.4892597695390782	0.4892597695390782	11.33	0.03	288.0	293.58	526.89	266.51	0	1
PROTOTYPE	017503	04/16/18	01:11:33	0.4892597695390782	0.4892597695390782	11.32	0.0	3.522670340681363	3.522670340681363	11.32	-0.0	0.4892597695390782	0.4892597695390782	11.32	0.03	290.0	293.04	578.69	211.54	0	1
PROTOTYPE	017504	04/16/18	01:11:35	0.4892597695390782	0.4892597695390782	11.34	0.0	3.522670340681363	3.522670340681363	11.34	-0.0	0.4892597695390782	0.4892597695390782	11.34	0.02	302.0	294.39	696.91	329.8	0	1
PROTOTYPE	017505	04/16/18	01:11:36	0.4892597695390782	0.4892597695390782	11.31	0.0	3.522670340681363	3.522670340681363	11.31	-0.0	0.4892597695390782	0.4892597695390782	11.31	0.02	302.0	295.53	779.77	475.33	0	1
PROTOTYPE	017506	04/16/18	01:11:38	0.4892597695390782	0.4892597695390782	11.33	0.0	3.522670340681363	3.522670340681363	11.33	-0.0	0.4892597695390782	0.4892597695390782	11.33	0.02	305.0	296.95	813.47	509.03	0	1
PROTOTYPE	017507	04/16/18	01:11:39	0.4892597695390782	0.4892597695390782	11.34	0.0	3.522670340681363	3.522670340681363	11.34	-0.0	0.4892597695390782	0.4892597695390782	11.34	0.01	272.0	293.21	1170.53	117.68	0	1
PROTOTYPE	017508	04/16/18	01:11:41	0.4892597695390782	0.4892597695390782	11.32	0.0	3.522670340681363	3.522670340681363	11.32	-0.0	0.4892597695390782	0.4892597695390782	11.32	0.01	285.0	291.98	1189.07	-109.97	0	1
PROTOTYPE	017509	04/16/18	01:11:42	0.4892597695390782	0.4892597695390782	11.33	0.0	3.522670340681363	3.522670340681363	11.33	-0.0	0.4892597695390782	0.4892597695390782	11.33	0.01	280.0	290.18	1219.84	-438.48	0	1
PROTOTYPE	017510	04/16/18	01:11:43	0.4892597695390782	0.4892597695390782	11.31	0.0	3.522670340681363	3.522670340681363	11.31	-0.0	0.4892597695390782	0.4892597695390782	11.31	0.01	280.0	288.65	1274.06	-492.71	0	1
PROTOTYPE	017511	04/16/18	01:11:45	0.4892597695390782	0.4892597695390782	11.31	0.0	3.522670340681363	3.522670340681363	11.31	-0.0	0.4892597695390782	0.4892597695390782	11.31	0.01	304.0	290.95	1450.57	-208.8	0	1
PROTOTYPE	017512	04/16/18	01:11:46	0.4892597695390782	0.4892597695390782	11.28	0.0	3.522670340681363	3.522670340681363	11.28	-0.0	0.4892597695390782	0.4892597695390782	11.28	0.01	284.0	289.91	1420.53	-447.48	0	1
PROTOTYPE	017513	04/16/18	01:11:48	0.4892597695390782	0.4892597695390782	11.27	0.0	3.522670340681363	3.522670340681363	11.27	-0.0	0.4892597695390782	0.4892597695390782	11.27	0.01	298.0	291.12	1427.65	-440.36	0	1
PROTOTYPE	017514	04/16/18	01:11:49	0.4892597695390782	0.4892597695390782	11.26	0.0	3.522670340681363	3.522670340681363	11.26	-0.0	0.4892597695390782	0.4892597695390782	11.26	0.0	283.0	289.91	1407.44	-704.3	0	1
PROTOTYPE	017515	04/16/18	01:11:50	0.4892597695390782	0.4892597695390782	11.24	0.0	3.522670340681363	3.522670340681363	11.24	-0.0	0.4892597695390782	0.4892597695390782	11.24	0.0	290.0	289.92	1035.19	-328.66	0	1
PROTOTYPE	017516	04/16/18	01:11:52	0.4892597695390782	0.4892597695390782	11.25	0.0	3.522670340681363	3.522670340681363	11.25	-0.0	0.4892597695390782	0.4892597695390782	11.25	0.0	285.0	289.18	985.9	-279.36	0	1
PROTOTYPE	017517	04/16/18	01:11:53	0.4892597695390782	0.4892597695390782	11.24	0.0	3.522670340681363	3.522670340681363	11.24	-0.0	0.4892597695390782	0.4892597695390782	11.24	0.0	278.0	287.5	974.0	-267.46	0	1
PROTOTYPE	017518	04/16/18	01:11:55	0.4892597695390782	0.4892597695390782	11.23	0.0	3.522670340681363	3.522670340681363	11.23	-0.0	0.4892597695390782	0.4892597695390782	11.23	0.0	282.0	286.68	903.88	-197.34	0	1
PROTOTYPE	017519	04/16/18	01:11:56	0.4892597695390782	0.4892597695390782	11.23	0.0	3.522670340681363	3.522670340681363	11.23	-0.0	0.4892597695390782	0.4892597695390782	11.23	0.0	291.0	287.33	738.5	-362.74	0	1
PROTOTYPE	017520	04/16/18	01:11:57	0.4892597695390782	0.4892597695390782	11.25	0.0	3.522670340681363	3.522670340681363	11.25	-0.0	0.4892597695390782	0.4892597695390782	11.25	0.0	297.0	288.78	779.27	-113.33	0	1
PROTOTYPE	017521	04/16/18	01:11:59	0.4892597695390782	0.4892597695390782	11.25	0.0	3.522670340681363	3.522670340681363	11.25	-0.0	0.4892597695390782	0.4892597695390782	11.25	0.0	293.0	289.41	721.27	-171.33	0	1
PROTOTYPE	017522	04/16/18	01:12:00	0.4892597695390782	0.4892597695390782	11.24	0.0	3.522670340681363	3.522670340681363	11.24	-0.0	0.4892597695390782	0.4892597695390782	11.24	0.0	290.0	289.5	608.33	-40.63	0	1
PROTOTYPE	017523	04/16/18	01:12:02	0.4892597695390782	0.4892597695390782	11.23	0.0	3.522670340681363	3.522670340681363	11.23	-0.0	0.4892597695390782	0.4892597695390782	11.23	0.0	296.0	290.47	703.86	55.47	0	1
PROTOTYPE	017524	04/16/18	01:12:03	0.4892597695390782	0.4892597695390782	11.22	0.0	3.522670340681363	3.522670340681363	11.22	-0.0	0.4892597695390782	0.4892597695390782	11.22	0.0	295.0	291.15	697.94	197.15	0	1
PROTOTYPE	017525	04/16/18	01:12:04	0.4892597695390782	0.4892597695390782	11.22	0.0	3.522670340681363	3.522670340681363	11.22	-0.0	0.4892597695390782	0.4892597695390782	11.22	0.0	295.0	291.73	587.92	422.57	0	1
PROTOTYPE	017526	04/16/18	01:12:06	0.4892597695390782	0.4892597695390782	11.22	0.0	3.522670340681363	3.522670340681363	11.22	-0.0	0.4892597695390782	0.4892597695390782	11.22	0.0	306.0	293.87	719.38	719.19	0	1
PROTOTYPE	017527	04/16/18	01:12:07	0.4892597695390782	0.4892597695390782	11.28	0.0	3.522670340681363	3.522670340681363	11.28	-0.0	0.4892597695390782	0.4892597695390782	11.28	0.0	279.0	291.64	877.62	431.31	0	1
PROTOTYPE	017528	04/16/18	01:12:09	0.4892597695390782	0.4892597695390782	11.29	0.0	3.522670340681363	3.522670340681363	11.29	-0.0	0.4892597695390782	0.4892597695390782	11.29	0.0	285.0	290.64	832.14	186.61	0	1
PROTOTYPE	017529	04/16/18	01:12:10	0.4892597695390782	0.4892597695390782	11.29	0.0	3.522670340681363	3.522670340681363	11.29	-0.0	0.4892597695390782	0.4892597695390782	11.29	0.0	289.0	290.4	793.5	98.62	0	1
PROTOTYPE	017530	04/16/18	01:12:12	0.4892597695390782	0.4892597695390782	11.31	0.0	3.522670340681363	3.522670340681363	11.31	-0.0	0.4892597695390782	0.4892597695390782	11.31	0.0	292.0	290.64	808.63	113.83	0	1
PROTOTYPE	017531	04/16/18	01:12:13	0.4892597695390782	0.4892597695390782	11.33	0.0	3.522670340681363	3.522670340681363	11.33	-0.0	0.4892597695390782	0.4892597695390782	11.33	0.0	300.0	292.04	851.56	156.75	0	1
PROTOTYPE	017532	04/16/18	01:12:14	0.4892597695390782	0.4892597695390782	11.34	0.0	3.522670340681363	3.522670340681363	11.34	-0.0	0.4892597695390782	0.4892597695390782	11.34	0.0	283.0	290.69	919.3	-46.76	0	1
PROTOTYPE	017533	04/16/18	01:12:16	0.4892597695390782	0.4892597695390782	11.32	0.0	3.522670340681363	3.522670340681363	11.32	-0.0	0.4892597695390782	0.4892597695390782	11.32	0.0	278.0	288.78	1051.88	-294.75	0	1
PROTOTYPE	017534	04/16/18	01:12:17	0.4892597695390782	0.4892597695390782	11.33	0.0	3.522670340681363	3.522670340681363	11.33	-0.0	0.4892597695390782	0.4892597695390782	11.33	0.0	291.0	289.12	871.12	-475.53	0	1
PROTOTYPE	017535	04/16/18	01:12:19	0.4892597695390782	0.4892597695390782	11.26	0.0	3.522670340681363	3.522670340681363	11.26	-0.0	0.4892597695390782	0.4892597695390782	11.26	0.0	298.0	290.45	781.33	-119.2	0	1
PROTOTYPE	017536	04/16/18	01:12:20	0.4892597695390782	0.4892597695390782	11.24	0.0	3.522670340681363	3.522670340681363	11.24	-0.0	0.4892597695390782	0.4892597695390782	11.24	0.0	289.0	290.23	703.48	-41.32	0	1
PROTOTYPE	017537	04/16/18	01:12:21	0.4892597695390782	0.4892597695390782	11.25	0.0	3.522670340681363	3.522670340681363	11.25	-0.0	0.4892597695390782	0.4892597695390782	11.25	0.0	291.0	290.35	690.4	-5.12	0	1
PROTOTYPE	017538	04/16/18	01:12:23	0.4892597695390782	0.4892597695390782	11.23	0.0	3.522670340681363	3.522670340681363	11.23	-0.0	0.4892597695390782	0.4892597695390782	11.23	0.0	292.0	290.59	691.16	-4.36	0	1
PROTOTYPE	017539	04/16/18	01:12:24	0.4892597695390782	0.4892597695390782	11.22	0.0	3.522670340681363	3.522670340681363	11.22	-0.0	0.4892597695390782	0.4892597695390782	11.22	0.0	298.0	291.71	661.82	-33.7	0	1
PROTOTYPE	017540	04/16/18	01:12:26	0.4892597695390782	0.4892597695390782	11.2	0.0	3.522670340681363	3.522670340681363	11.2	-0.0	0.4892597695390782	0.4892597695390782	11.2	0.0	303.0	293.4	695.61	271.35	0	1
PROTOTYPE	017541	04/16/18	01:12:27	0.4892597695390782	0.4892597695390782	11.2	0.0	3.522670340681363	3.522670340681363	11.2	-0.0	0.4892597695390782	0.4892597695390782	11.2	0.0	288.0	292.59	586.32	380.65	0	1
PROTOTYPE	017542	04/16/18	01:12:28	0.4892597695390782	0.4892597695390782	11.17	0.0	3.522670340681363	3.522670340681363	11.17	-0.0	0.4892597695390782	0.4892597695390782	11.17	0.0	286.0	291.6	651.88	248.55	0	1
PROTOTYPE	017543	04/16/18	01:12:30	0.4892597695390782	0.4892597695390782	11.19	0.0	3.522670340681363	3.522670340681363	11.19	-0.0	0.4892597695390782	0.4892597695390782	11.19	0.0	299.0	292.71	629.6	226.27	0	1
PROTOTYPE	017544	04/16/18	01:12:31	0.4892597695390782	0.4892597695390782	11.19	0.0	3.522670340681363	3.522670340681363	11.19	-0.0	0.4892597695390782	0.4892597695390782	11.19	0.0	290.0	292.3	648.52	207.33	0	1
PROTOTYPE	017545	04/16/18	01:12:33	0.4892597695390782	0.4892597695390782	11.19	0.0	3.522670340681363	3.522670340681363	11.19	-0.0	0.4892597695390782	0.4892597695390782	11.19	0.0	293.0	292.41	647.43	206.23	0	1
PROTOTYPE	017546	04/16/18	01:12:34	0.4892597695390782	0.4892597695390782	11.21	0.0	3.522670340681363	3.522670340681363	11.21	-0.0	0.4892597695390782	0.4892597695390782	11.21	0.0	281.0	290.7	793.72	10.3	0	1
PROTOTYPE	017547	04/16/18	01:12:35	0.4892597695390782	0.4892597695390782	11.21	0.0	3.522670340681363	3.522670340681363	11.21	-0.0	0.4892597695390782	0.4892597695390782	11.21	0.0	296.0	291.49	762.18	-21.25	0	1
PROTOTYPE	017548	04/16/18	01:12:37	0.4892597695390782	0.4892597695390782	11.23	0.0	3.522670340681363	3.522670340681363	11.23	-0.0	0.4892597695390782	0.4892597695390782	11.23	0.0	294.0	291.87	630.39	-153.06	0	1
PROTOTYPE	017549	04/16/18	01:12:38	0.4892597695390782	0.4892597695390782	11.27	0.0	3.522670340681363	3.522670340681363	11.27	-0.0	0.4892597695390782	0.4892597695390782	11.27	0.0	295.0	292.34	596.38	-25.1	0	1
PROTOTYPE	017550	04/16/18	01:12:40	0.4892597695390782	0.4892597695390782	11.31	0.0	3.522670340681363	3.522670340681363	11.31	-0.0	0.4892597695390782	0.4892597695390782	11.31	0.0	303.0	293.94	657.45	233.66	0	1
PROTOTYPE	017551	04/16/18	01:12:41	0.4892597695390782	0.4892597695390782	11.29	0.0	3.522670340681363	3.522670340681363	11.29	-0.0	0.4892597695390782	0.4892597695390782	11.29	0.0	271.0	290.5	890.53	-221.39	0	1
PROTOTYPE	017552	04/16/18	01:12:42	0.4892597695390782	0.4892597695390782	11.3	0.0	3.522670340681363	3.522670340681363	11.3	-0.0	0.4892597695390782	0.4892597695390782	11.3	0.0	292.0	290.72	872.43	-158.18	0	1
PROTOTYPE	017553	04/16/18	01:12:44	0.4892597695390782	0.4892597695390782	11.29	0.0	3.522670340681363	3.522670340681363	11.29	-0.0	0.4892597695390782	0.4892597695390782	11.29	0.0	299.0	291.96	986.07	-44.45	0	1
PROTOTYPE	017554	04/16/18	01:12:45	0.4892597695390782	0.4892597695390782	11.28	0.0	3.522670340681363	3.522670340681363	11.28	-0.0	0.4892597695390782	0.4892597695390782	11.28	0.0	292.0	291.97	816.44	127.22	0	1
PROTOTYPE	017555	04/16/18	01:12:47	0.4892597695390782	0.4892597695390782	11.29	0.0	3.522670340681363	3.522670340681363	11.29	-0.0	0.4892597695390782	0.4892597695390782	11.29	0.0	300.0	293.17	857.36	168.13	0	1
PROTOTYPE	017556	04/16/18	01:12:48	0.4892597695390782	0.4892597695390782	11.28	0.0	3.522670340681363	3.522670340681363	11.28	-0.0	0.4892597695390782	0.4892597695390782	11.28	0.0	297.0	293.75	877.13	187.91	0	1
PROTOTYPE	017557	04/16/18	01:12:49	0.4892597695390782	0.4892597695390782	11.27	0.0	3.522670340681363	3.522670340681363	11.27	-0.0	0.4892597695390782	0.4892597695390782	11.27	0.0	277.0	291.24	1081.36	-110.27	0	1
PROTOTYPE	017558	04/16/18	01:12:51	0.4892597695390782	0.4892597695390782	11.27	0.0	3.522670340681363	3.522670340681363	11.27	-0.0	0.4892597695390782	0.4892597695390782	11.27	0.0	283.0	290.0	1044.98	-393.73	0	1
PROTOTYPE	017559	04/16/18	01:12:52	0.4892597695390782	0.4892597695390782	11.29	0.0	3.522670340681363	3.522670340681363	11.29	-0.0	0.4892597695390782	0.4892597695390782	11.29	0.0	283.0	288.95	805.92	-154.67	0	1
PROTOTYPE	017560	04/16/18	01:12:54	0.4892597695390782	0.4892597695390782	11.28	0.0	3.522670340681363	3.522670340681363	11.28	-0.0	0.4892597695390782	0.4892597695390782	11.28	0.0	296.0	290.01	889.09	-71.47	0	1
PROTOTYPE	017561	04/16/18	01:12:55	0.4892597695390782	0.4892597695390782	11.28	0.0	3.522670340681363	3.522670340681363	11.28	-0.0	0.4892597695390782	0.4892597695390782	11.28	0.0	289.0	289.86	780.1	-210.75	0	1
PROTOTYPE	017562	04/16/18	01:12:57	0.4892597695390782	0.4892597695390782	11.28	0.0	3.522670340681363	3.522670340681363	11.28	-0.0	0.4892597695390782	0.4892597695390782	11.28	0.0	292.0	290.18	810.77	-179.14	0	1
PROTOTYPE	017563	04/16/18	01:12:58	0.4892597695390782	0.4892597695390782	11.27	0.0	3.522670340681363	3.522670340681363	11.27	-0.0	0.4892597695390782	0.4892597695390782	11.27	0.0	281.0	288.8	827.99	-437.27	0	1
PROTOTYPE	017564	04/16/18	01:12:59	0.4892597695390782	0.4892597695390782	11.28	0.0	3.522670340681363	3.522670340681363	11.28	-0.0	0.4892597695390782	0.4892597695390782	11.28	0.0	296.0	289.88	878.57	-386.68	0	1
PROTOTYPE	017565	04/16/18	01:13:01	0.4892597695390782	0.4892597695390782	11.28	0.0	3.522670340681363	3.522670340681363	11.28	-0.0	0.4892597695390782	0.4892597695390782	11.28	0.0	290.0	289.9	629.62	-133.68	0	1
PROTOTYPE	017566	04/16/18	01:13:02	0.4892597695390782	0.4892597695390782	11.26	0.0	3.522670340681363	3.522670340681363	11.26	-0.0	0.4892597695390782	0.4892597695390782	11.26	0.0	293.0	290.36	552.62	36.38	0	1
