Dev_id	Index	Date	Time	Sensor1	Sensor1_Filter	Sensor1_LL	Sensor1_Diff	Sensor2	Sensor2_Filter	Sensor2_LL	Sensor2_Diff	Sensor3	Sensor3_Filter	Sensor3_LL	Sensor3_Diff	Sensor4	Sensor4_Filter	Sensor4_LL	Sensor4_Diff	Heater_Status	FSM_Status
PROTOTYPE	016167	04/16/18	00:40:12	0.4892597695390782	0.4892597695390782	11.32	0.0	3.718374248496994	3.722288326653307	15.98	-10.91	0.4892597695390782	0.4892597695390782	11.32	0.0	285.0	292.17	671.25	162.99	0	1
PROTOTYPE	016168	04/16/18	00:40:13	0.4892597695390782	0.4892597695390782	11.3	0.0	3.718374248496994	3.7213098071142285	14.84	-9.28	0.4892597695390782	0.4892597695390782	11.3	0.0	285.0	291.1	755.66	78.55	0	1
PROTOTYPE	016169	04/16/18	00:40:15	0.4892597695390782	0.4892597695390782	11.26	0.0	3.718374248496994	3.7213098071142285	13.94	-7.88	0.4892597695390782	0.4892597695390782	11.26	0.0	293.0	291.38	773.81	96.76	0	1
PROTOTYPE	016170	04/16/18	00:40:16	0.4892597695390782	0.4892597695390782	11.26	0.0	3.718374248496994	3.7213098071142285	13.27	-6.7	0.4892597695390782	0.4892597695390782	11.26	0.0	286.0	290.58	695.81	-142.75	0	1
PROTOTYPE	016171	04/16/18	00:40:17	0.4892597695390782	0.4892597695390782	11.27	0.0	3.718374248496994	3.7203312875751506	12.76	-5.7	0.4892597695390782	0.4892597695390782	11.27	0.0	300.0	291.99	747.21	-91.34	0	1
PROTOTYPE	016172	04/16/18	00:40:19	0.4892597695390782	0.4892597695390782	11.27	0.0	3.718374248496994	3.7203312875751506	12.37	-4.84	0.4892597695390782	0.4892597695390782	11.27	0.0	293.0	292.14	718.87	-32.64	0	1
PROTOTYPE	016173	04/16/18	00:40:20	0.4892597695390782	0.4892597695390782	11.28	0.0	3.718374248496994	3.7203312875751506	12.09	-4.12	0.4892597695390782	0.4892597695390782	11.28	0.0	286.0	291.22	653.0	-282.74	0	1
PROTOTYPE	016174	04/16/18	00:40:22	0.4892597695390782	0.4892597695390782	11.24	0.0	3.718374248496994	3.7193527680360723	11.83	-3.5	0.4892597695390782	0.4892597695390782	11.24	0.0	292.0	291.34	604.06	-210.33	0	1
PROTOTYPE	016175	04/16/18	00:40:23	0.4892597695390782	0.4892597695390782	11.24	0.0	3.718374248496994	3.7193527680360723	11.67	-2.97	0.4892597695390782	0.4892597695390782	11.24	0.0	278.0	289.34	677.51	-283.78	0	1
PROTOTYPE	016176	04/16/18	00:40:24	0.4892597695390782	0.4892597695390782	11.25	0.0	3.718374248496994	3.7193527680360723	11.56	-2.53	0.4892597695390782	0.4892597695390782	11.25	0.0	290.0	289.44	579.94	-166.21	0	1
PROTOTYPE	016177	04/16/18	00:40:26	0.4892597695390782	0.4892597695390782	11.26	0.0	3.718374248496994	3.7193527680360723	11.49	-2.15	0.4892597695390782	0.4892597695390782	11.26	0.0	289.0	289.37	558.07	-201.28	0	1
PROTOTYPE	016178	04/16/18	00:40:27	0.4892597695390782	0.4892597695390782	11.26	0.0	3.718374248496994	3.7193527680360723	11.42	-1.83	0.4892597695390782	0.4892597695390782	11.26	0.0	290.0	289.46	486.85	-111.09	0	1
PROTOTYPE	016179	04/16/18	00:40:29	0.4892597695390782	0.4892597695390782	11.27	0.0	3.718374248496994	3.7193527680360723	11.39	-1.55	0.4892597695390782	0.4892597695390782	11.27	0.0	283.0	288.5	442.47	-349.43	0	1
PROTOTYPE	016180	04/16/18	00:40:30	0.4892597695390782	0.4892597695390782	11.26	0.0	3.718374248496994	3.718374248496994	11.35	-1.32	0.4892597695390782	0.4892597695390782	11.26	0.0	292.0	289.02	479.83	-312.01	0	1
PROTOTYPE	016181	04/16/18	00:40:32	0.4892597695390782	0.4892597695390782	11.26	0.0	3.718374248496994	3.718374248496994	11.32	-1.12	0.4892597695390782	0.4892597695390782	11.26	0.0	285.0	288.42	448.04	-280.21	0	1
PROTOTYPE	016182	04/16/18	00:40:33	0.4892597695390782	0.4892597695390782	11.29	0.0	3.718374248496994	3.718374248496994	11.33	-0.95	0.4892597695390782	0.4892597695390782	11.29	0.0	297.0	289.71	564.99	-163.18	0	1
PROTOTYPE	016183	04/16/18	00:40:34	0.4892597695390782	0.4892597695390782	11.27	0.0	3.718374248496994	3.718374248496994	11.3	-0.81	0.4892597695390782	0.4892597695390782	11.27	0.0	295.0	290.5	444.37	116.3	0	1
PROTOTYPE	016184	04/16/18	00:40:36	0.4892597695390782	0.4892597695390782	11.26	0.0	3.718374248496994	3.718374248496994	11.28	-0.69	0.4892597695390782	0.4892597695390782	11.26	0.0	294.0	291.02	486.84	158.85	0	1
PROTOTYPE	016185	04/16/18	00:40:37	0.4892597695390782	0.4892597695390782	11.25	0.0	3.718374248496994	3.718374248496994	11.27	-0.59	0.4892597695390782	0.4892597695390782	11.25	0.0	298.0	292.07	584.8	270.03	0	1
PROTOTYPE	016186	04/16/18	00:40:39	0.4892597695390782	0.4892597695390782	11.24	0.0	3.718374248496994	3.718374248496994	11.25	-0.5	0.4892597695390782	0.4892597695390782	11.24	0.0	288.0	291.46	636.33	199.52	0	1
PROTOTYPE	016187	04/16/18	00:40:40	0.4892597695390782	0.4892597695390782	11.23	0.0	3.718374248496994	3.718374248496994	11.24	-0.42	0.4892597695390782	0.4892597695390782	11.23	0.0	283.0	290.19	666.26	169.59	0	1
PROTOTYPE	016188	04/16/18	00:40:41	0.4892597695390782	0.4892597695390782	11.25	0.0	3.718374248496994	3.718374248496994	11.25	-0.36	0.4892597695390782	0.4892597695390782	11.25	0.0	292.0	290.46	640.84	144.15	0	1
PROTOTYPE	016189	04/16/18	00:40:43	0.4892597695390782	0.4892597695390782	11.24	0.0	3.718374248496994	3.718374248496994	11.24	-0.31	0.4892597695390782	0.4892597695390782	11.24	0.0	296.0	291.29	663.58	287.53	0	1
PROTOTYPE	016190	04/16/18	00:40:44	0.4892597695390782	0.4892597695390782	11.2	0.0	3.718374248496994	3.718374248496994	11.2	-0.26	0.4892597695390782	0.4892597695390782	11.2	0.0	292.0	291.4	545.53	169.4	0	1
PROTOTYPE	016191	04/16/18	00:40:46	0.4892597695390782	0.4892597695390782	11.22	0.0	3.718374248496994	3.718374248496994	11.22	-0.22	0.4892597695390782	0.4892597695390782	11.22	0.0	294.0	291.79	505.14	128.99	0	1
PROTOTYPE	016192	04/16/18	00:40:47	0.4892597695390782	0.4892597695390782	11.23	0.0	3.718374248496994	3.718374248496994	11.23	-0.19	0.4892597695390782	0.4892597695390782	11.23	0.0	305.0	293.77	650.77	274.64	0	1
PROTOTYPE	016193	04/16/18	00:40:48	0.4892597695390782	0.4892597695390782	11.25	0.0	3.718374248496994	3.718374248496994	11.25	-0.16	0.4892597695390782	0.4892597695390782	11.25	0.0	299.0	294.56	624.58	248.45	0	1
PROTOTYPE	016194	04/16/18	00:40:50	0.4892597695390782	0.4892597695390782	11.32	0.0	3.718374248496994	3.718374248496994	11.32	-0.14	0.4892597695390782	0.4892597695390782	11.32	0.0	303.0	295.82	690.18	436.18	0	1
PROTOTYPE	016195	04/16/18	00:40:51	0.4892597695390782	0.4892597695390782	11.3	0.0	3.718374248496994	3.718374248496994	11.3	-0.12	0.4892597695390782	0.4892597695390782	11.3	0.0	289.0	294.8	665.61	460.75	0	1
PROTOTYPE	016196	04/16/18	00:40:53	0.4892597695390782	0.4892597695390782	11.3	0.0	3.718374248496994	3.718374248496994	11.3	-0.1	0.4892597695390782	0.4892597695390782	11.3	0.0	300.0	295.58	716.47	511.64	0	1
PROTOTYPE	016197	04/16/18	00:40:54	0.4892597695390782	0.4892597695390782	11.32	0.0	3.718374248496994	3.718374248496994	11.32	-0.08	0.4892597695390782	0.4892597695390782	11.32	0.0	295.0	295.49	642.2	419.89	0	1
PROTOTYPE	016198	04/16/18	00:40:55	0.4892597695390782	0.4892597695390782	11.33	0.0	3.718374248496994	3.718374248496994	11.33	-0.07	0.4892597695390782	0.4892597695390782	11.33	0.0	295.0	295.42	639.02	401.91	0	1
PROTOTYPE	016199	04/16/18	00:40:57	0.4892597695390782	0.4892597695390782	11.32	0.0	3.718374248496994	3.718374248496994	11.32	-0.06	0.4892597695390782	0.4892597695390782	11.32	0.0	288.0	294.31	711.26	251.62	0	1
PROTOTYPE	016200	04/16/18	00:40:58	0.4892597695390782	0.4892597695390782	11.32	0.0	3.718374248496994	3.718374248496994	11.32	-0.05	0.4892597695390782	0.4892597695390782	11.32	0.0	298.0	294.86	568.53	108.88	0	1
PROTOTYPE	016201	04/16/18	00:41:00	0.4892597695390782	0.4892597695390782	11.32	0.0	3.718374248496994	3.718374248496994	11.32	-0.04	0.4892597695390782	0.4892597695390782	11.32	0.0	283.0	293.08	667.98	-147.45	0	1
PROTOTYPE	016202	04/16/18	00:41:01	0.4892597695390782	0.4892597695390782	11.26	0.0	3.718374248496994	3.718374248496994	11.26	-0.04	0.4892597695390782	0.4892597695390782	11.26	0.0	278.0	290.82	767.52	-500.33	0	1
PROTOTYPE	016203	04/16/18	00:41:03	0.4892597695390782	0.4892597695390782	11.27	0.0	3.718374248496994	3.718374248496994	11.27	-0.03	0.4892597695390782	0.4892597695390782	11.27	0.0	303.0	292.65	847.9	-215.28	0	1
PROTOTYPE	016204	04/16/18	00:41:04	0.4892597695390782	0.4892597695390782	11.25	0.0	3.718374248496994	3.718374248496994	11.25	-0.03	0.4892597695390782	0.4892597695390782	11.25	0.0	296.0	293.15	820.2	-242.99	0	1
PROTOTYPE	016205	04/16/18	00:41:05	0.4892597695390782	0.4892597695390782	11.24	0.0	3.718374248496994	3.718374248496994	11.24	-0.02	0.4892597695390782	0.4892597695390782	11.24	0.0	295.0	293.43	839.21	-206.54	0	1
PROTOTYPE	016206	04/16/18	00:41:07	0.4892597695390782	0.4892597695390782	11.25	0.0	3.718374248496994	3.718374248496994	11.25	-0.02	0.4892597695390782	0.4892597695390782	11.25	0.0	297.0	293.96	885.31	-145.56	0	1
PROTOTYPE	016207	04/16/18	00:41:08	0.4892597695390782	0.4892597695390782	11.26	0.0	3.718374248496994	3.718374248496994	11.26	-0.02	0.4892597695390782	0.4892597695390782	11.26	0.0	289.0	293.22	848.48	-108.73	0	1
PROTOTYPE	016208	04/16/18	00:41:10	0.4892597695390782	0.4892597695390782	11.26	0.0	3.718374248496994	3.718374248496994	11.26	-0.01	0.4892597695390782	0.4892597695390782	11.26	0.0	297.0	293.79	849.79	-107.42	0	1
PROTOTYPE	016209	04/16/18	00:41:11	0.4892597695390782	0.4892597695390782	11.26	0.0	3.718374248496994	3.718374248496994	11.26	-0.01	0.4892597695390782	0.4892597695390782	11.26	0.0	289.0	293.07	743.69	-1.31	0	1
PROTOTYPE	016210	04/16/18	00:41:12	0.4892597695390782	0.4892597695390782	11.26	0.0	3.718374248496994	3.718374248496994	11.26	-0.01	0.4892597695390782	0.4892597695390782	11.26	0.0	294.0	293.21	531.53	238.89	0	1
PROTOTYPE	016211	04/16/18	00:41:14	0.4892597695390782	0.4892597695390782	11.27	0.0	3.718374248496994	3.718374248496994	11.27	-0.01	0.4892597695390782	0.4892597695390782	11.27	0.0	294.0	293.33	360.77	68.06	0	1
PROTOTYPE	016212	04/16/18	00:41:15	0.4892597695390782	0.4892597695390782	11.26	0.0	3.718374248496994	3.718374248496994	11.26	-0.01	0.4892597695390782	0.4892597695390782	11.26	0.0	290.0	292.83	360.36	-32.15	0	1
PROTOTYPE	016213	04/16/18	00:41:17	0.4892597695390782	0.4892597695390782	11.26	0.0	3.718374248496994	3.718374248496994	11.26	-0.01	0.4892597695390782	0.4892597695390782	11.26	0.0	287.0	291.95	419.98	-147.33	0	1
PROTOTYPE	016214	04/16/18	00:41:18	0.4892597695390782	0.4892597695390782	11.25	0.0	3.718374248496994	3.718374248496994	11.25	-0.01	0.4892597695390782	0.4892597695390782	11.25	0.0	295.0	292.41	412.08	-155.23	0	1
PROTOTYPE	016215	04/16/18	00:41:19	0.4892597695390782	0.4892597695390782	11.24	0.0	3.718374248496994	3.718374248496994	11.24	-0.0	0.4892597695390782	0.4892597695390782	11.24	0.0	291.0	292.2	358.83	-101.95	0	1
PROTOTYPE	016216	04/16/18	00:41:21	0.4892597695390782	0.4892597695390782	11.23	0.0	3.718374248496994	3.718374248496994	11.23	-0.0	0.4892597695390782	0.4892597695390782	11.23	0.0	301.0	293.52	434.11	-26.65	0	1
PROTOTYPE	016217	04/16/18	00:41:22	0.4892597695390782	0.4892597695390782	11.23	0.0	3.718374248496994	3.718374248496994	11.23	-0.0	0.4892597695390782	0.4892597695390782	11.23	0.0	298.0	294.19	429.54	112.34	0	1
PROTOTYPE	016218	04/16/18	00:41:24	0.4892597695390782	0.4892597695390782	11.23	0.0	3.718374248496994	3.718374248496994	11.23	-0.0	0.4892597695390782	0.4892597695390782	11.23	0.0	289.0	293.41	493.37	20.49	0	1
PROTOTYPE	016219	04/16/18	00:41:25	0.4892597695390782	0.4892597695390782	11.24	0.0	3.718374248496994	3.718374248496994	11.24	-0.0	0.4892597695390782	0.4892597695390782	11.24	0.0	293.0	293.35	487.74	2.42	0	1
PROTOTYPE	016220	04/16/18	00:41:26	0.4892597695390782	0.4892597695390782	11.28	0.0	3.718374248496994	3.718374248496994	11.28	-0.0	0.4892597695390782	0.4892597695390782	11.28	0.0	304.0	294.95	597.58	212.06	0	1
PROTOTYPE	016221	04/16/18	00:41:28	0.4892597695390782	0.4892597695390782	11.26	0.0	3.718374248496994	3.718374248496994	11.26	-0.0	0.4892597695390782	0.4892597695390782	11.26	0.0	293.0	294.66	539.41	270.25	0	1
PROTOTYPE	016222	04/16/18	00:41:29	0.4892597695390782	0.4892597695390782	11.26	0.0	3.718374248496994	3.718374248496994	11.26	-0.0	0.4892597695390782	0.4892597695390782	11.26	0.0	288.0	293.66	593.53	124.71	0	1
PROTOTYPE	016223	04/16/18	00:41:31	0.4892597695390782	0.4892597695390782	11.28	0.0	3.718374248496994	3.718374248496994	11.28	-0.0	0.4892597695390782	0.4892597695390782	11.28	0.0	294.0	293.71	577.66	151.0	0	1
PROTOTYPE	016224	04/16/18	00:41:32	0.4892597695390782	0.4892597695390782	11.31	0.0	3.718374248496994	3.718374248496994	11.31	-0.0	0.4892597695390782	0.4892597695390782	11.31	0.0	292.0	293.45	471.31	-6.65	0	1
PROTOTYPE	016225	04/16/18	00:41:34	0.4892597695390782	0.4892597695390782	11.31	0.0	3.718374248496994	3.718374248496994	11.31	-0.0	0.4892597695390782	0.4892597695390782	11.31	0.0	285.0	292.18	530.87	-200.65	0	1
PROTOTYPE	016226	04/16/18	00:41:35	0.4892597695390782	0.4892597695390782	11.32	0.0	3.718374248496994	3.718374248496994	11.32	-0.0	0.4892597695390782	0.4892597695390782	11.32	0.0	287.0	291.41	530.78	-200.55	0	1
PROTOTYPE	016227	04/16/18	00:41:36	0.4892597695390782	0.4892597695390782	11.32	0.0	3.718374248496994	3.718374248496994	11.32	-0.0	0.4892597695390782	0.4892597695390782	11.32	0.0	283.0	290.15	650.54	-320.47	0	1
PROTOTYPE	016228	04/16/18	00:41:38	0.4892597695390782	0.4892597695390782	11.3	0.0	3.718374248496994	3.718374248496994	11.3	-0.0	0.4892597695390782	0.4892597695390782	11.3	0.0	295.0	290.87	563.62	-407.4	0	1
PROTOTYPE	016229	04/16/18	00:41:39	0.4892597695390782	0.4892597695390782	11.32	0.0	3.718374248496994	3.718374248496994	11.32	-0.0	0.4892597695390782	0.4892597695390782	11.32	0.0	284.0	289.84	637.48	-481.29	0	1
PROTOTYPE	016230	04/16/18	00:41:41	0.4892597695390782	0.4892597695390782	11.32	0.0	3.718374248496994	3.718374248496994	11.32	-0.0	0.4892597695390782	0.4892597695390782	11.32	0.0	281.0	288.52	670.29	-514.1	0	1
PROTOTYPE	016231	04/16/18	00:41:42	0.4892597695390782	0.4892597695390782	11.32	0.0	3.718374248496994	3.718374248496994	11.32	-0.0	0.4892597695390782	0.4892597695390782	11.32	0.0	290.0	288.74	687.26	-496.98	0	1
PROTOTYPE	016232	04/16/18	00:41:43	0.4892597695390782	0.4892597695390782	11.32	0.0	3.718374248496994	3.718374248496994	11.32	-0.0	0.4892597695390782	0.4892597695390782	11.32	0.0	294.0	289.53	740.51	-392.43	0	1
PROTOTYPE	016233	04/16/18	00:41:45	0.4892597695390782	0.4892597695390782	11.32	0.0	3.718374248496994	3.718374248496994	11.32	-0.0	0.4892597695390782	0.4892597695390782	11.32	0.0	288.0	289.3	636.68	-288.57	0	1
PROTOTYPE	016234	04/16/18	00:41:46	0.4892597695390782	0.4892597695390782	11.3	0.0	3.718374248496994	3.718374248496994	11.3	-0.0	0.4892597695390782	0.4892597695390782	11.3	0.0	293.0	289.85	614.43	-155.28	0	1
PROTOTYPE	016235	04/16/18	00:41:48	0.4892597695390782	0.4892597695390782	11.28	0.0	3.718374248496994	3.718374248496994	11.28	-0.0	0.4892597695390782	0.4892597695390782	11.28	0.0	298.0	291.08	610.52	93.01	0	1
PROTOTYPE	016236	04/16/18	00:41:49	0.4892597695390782	0.4892597695390782	11.28	0.0	3.718374248496994	3.718374248496994	11.28	-0.0	0.4892597695390782	0.4892597695390782	11.28	0.0	287.0	290.46	598.85	-40.94	0	1
PROTOTYPE	016237	04/16/18	00:41:50	0.4892597695390782	0.4892597695390782	11.3	0.0	3.718374248496994	3.718374248496994	11.3	-0.0	0.4892597695390782	0.4892597695390782	11.3	0.0	297.0	291.44	593.77	160.2	0	1
PROTOTYPE	016238	04/16/18	00:41:52	0.4892597695390782	0.4892597695390782	11.29	0.0	3.718374248496994	3.718374248496994	11.29	-0.0	0.4892597695390782	0.4892597695390782	11.29	0.0	292.0	291.53	469.56	301.17	0	1
PROTOTYPE	016239	04/16/18	00:41:53	0.4892597695390782	0.4892597695390782	11.28	0.0	3.718374248496994	3.718374248496994	11.28	-0.0	0.4892597695390782	0.4892597695390782	11.28	0.0	292.0	291.6	454.48	285.99	0	1
PROTOTYPE	016240	04/16/18	00:41:55	0.4892597695390782	0.4892597695390782	11.26	0.0	3.718374248496994	3.718374248496994	11.26	-0.0	0.4892597695390782	0.4892597695390782	11.26	0.0	292.0	291.66	381.73	213.09	0	1
PROTOTYPE	016241	04/16/18	00:41:56	0.4892597695390782	0.4892597695390782	11.27	0.0	3.718374248496994	3.718374248496994	11.27	-0.0	0.4892597695390782	0.4892597695390782	11.27	0.0	292.0	291.71	364.07	241.13	0	1
PROTOTYPE	016242	04/16/18	00:41:58	0.4892597695390782	0.4892597695390782	11.28	0.0	3.718374248496994	3.718374248496994	11.28	-0.0	0.4892597695390782	0.4892597695390782	11.28	0.0	291.0	291.6	319.28	174.96	0	1
PROTOTYPE	016243	04/16/18	00:41:59	0.4892597695390782	0.4892597695390782	11.29	0.0	3.718374248496994	3.718374248496994	11.29	-0.0	0.4892597695390782	0.4892597695390782	11.29	0.0	290.0	291.36	221.18	28.72	0	1
PROTOTYPE	016244	04/16/18	00:42:00	0.4892597695390782	0.4892597695390782	11.28	0.0	3.718374248496994	3.718374248496994	11.28	-0.0	0.4892597695390782	0.4892597695390782	11.28	0.0	287.0	290.71	225.49	24.41	0	1
PROTOTYPE	016245	04/16/18	00:42:02	0.4892597695390782	0.4892597695390782	11.25	0.0	3.718374248496994	3.718374248496994	11.25	-0.0	0.4892597695390782	0.4892597695390782	11.25	0.0	292.0	290.9	146.87	-54.25	0	1
PROTOTYPE	016246	04/16/18	00:42:03	0.4892597695390782	0.4892597695390782	11.28	0.0	3.718374248496994	3.718374248496994	11.28	-0.0	0.4892597695390782	0.4892597695390782	11.28	0.0	282.0	289.57	271.97	-196.11	0	1
PROTOTYPE	016247	04/16/18	00:42:05	0.4892597695390782	0.4892597695390782	11.28	0.0	3.718374248496994	3.718374248496994	11.28	-0.0	0.4892597695390782	0.4892597695390782	11.28	0.0	288.0	289.33	288.3	-226.7	0	1
PROTOTYPE	016248	04/16/18	00:42:06	0.4892597695390782	0.4892597695390782	11.28	0.0	3.718374248496994	3.718374248496994	11.28	-0.0	0.4892597695390782	0.4892597695390782	11.28	0.0	285.0	288.68	347.12	-297.69	0	1
PROTOTYPE	016249	04/16/18	00:42:07	0.4892597695390782	0.4892597695390782	11.28	0.0	3.718374248496994	3.718374248496994	11.28	-0.0	0.4892597695390782	0.4892597695390782	11.28	0.0	296.0	289.78	451.59	-193.04	0	1
PROTOTYPE	016250	04/16/18	00:42:09	0.4892597695390782	0.4892597695390782	11.27	0.0	3.718374248496994	3.718374248496994	11.27	-0.0	0.4892597695390782	0.4892597695390782	11.27	0.0	293.0	290.26	489.16	-134.08	0	1
PROTOTYPE	016251	04/16/18	00:42:10	0.4892597695390782	0.4892597695390782	11.27	0.0	3.718374248496994	3.718374248496994	11.27	-0.0	0.4892597695390782	0.4892597695390782	11.27	0.0	292.0	290.52	491.16	-83.97	0	1
PROTOTYPE	016252	04/16/18	00:42:12	0.4892597695390782	0.4892597695390782	11.29	0.0	3.718374248496994	3.718374248496994	11.29	-0.0	0.4892597695390782	0.4892597695390782	11.29	0.0	296.0	291.34	507.86	63.63	0	1
PROTOTYPE	016253	04/16/18	00:42:13	0.4892597695390782	0.4892597695390782	11.29	0.0	3.718374248496994	3.718374248496994	11.29	-0.0	0.4892597695390782	0.4892597695390782	11.29	0.0	282.0	289.94	628.62	-95.92	0	1
PROTOTYPE	016254	04/16/18	00:42:14	0.4892597695390782	0.4892597695390782	11.28	0.0	3.718374248496994	3.718374248496994	11.28	-0.0	0.4892597695390782	0.4892597695390782	11.28	0.0	294.0	290.55	555.95	98.47	0	1
PROTOTYPE	016255	04/16/18	00:42:16	0.4892597695390782	0.4892597695390782	11.26	0.0	3.718374248496994	3.718374248496994	11.26	-0.0	0.4892597695390782	0.4892597695390782	11.26	0.0	295.0	291.22	599.14	188.7	0	1
PROTOTYPE	016256	04/16/18	00:42:17	0.4892597695390782	0.4892597695390782	11.26	0.0	3.718374248496994	3.718374248496994	11.26	-0.0	0.4892597695390782	0.4892597695390782	11.26	0.0	300.0	292.54	665.87	385.39	0	1
PROTOTYPE	016257	04/16/18	00:42:19	0.4892597695390782	0.4892597695390782	11.24	0.0	3.718374248496994	3.718374248496994	11.24	-0.0	0.4892597695390782	0.4892597695390782	11.24	0.0	295.0	292.91	593.08	312.58	0	1
PROTOTYPE	016258	04/16/18	00:42:20	0.4892597695390782	0.4892597695390782	11.24	0.0	3.718374248496994	3.718374248496994	11.24	-0.0	0.4892597695390782	0.4892597695390782	11.24	0.0	302.0	294.27	681.17	400.7	0	1
PROTOTYPE	016259	04/16/18	00:42:21	0.4892597695390782	0.4892597695390782	11.22	0.0	3.718374248496994	3.718374248496994	11.22	-0.0	0.4892597695390782	0.4892597695390782	11.22	0.0	276.0	291.53	929.13	100.59	0	1
PROTOTYPE	016260	04/16/18	00:42:23	0.4892597695390782	0.4892597695390782	11.2	0.0	3.718374248496994	3.718374248496994	11.2	-0.0	0.4892597695390782	0.4892597695390782	11.2	0.0	296.0	292.2	914.04	85.5	0	1
PROTOTYPE	016261	04/16/18	00:42:24	0.4892597695390782	0.4892597695390782	11.2	0.0	3.718374248496994	3.718374248496994	11.2	-0.0	0.4892597695390782	0.4892597695390782	11.2	0.0	295.0	292.62	815.89	267.68	0	1
PROTOTYPE	016262	04/16/18	00:42:26	0.4892597695390782	0.4892597695390782	11.22	0.0	3.718374248496994	3.718374248496994	11.22	-0.0	0.4892597695390782	0.4892597695390782	11.22	0.0	285.0	291.48	869.33	92.53	0	1
PROTOTYPE	016263	04/16/18	00:42:27	0.4892597695390782	0.4892597695390782	11.24	0.0	3.718374248496994	3.718374248496994	11.24	-0.0	0.4892597695390782	0.4892597695390782	11.24	0.0	291.0	291.41	809.88	18.65	0	1
PROTOTYPE	016264	04/16/18	00:42:28	0.4892597695390782	0.4892597695390782	11.23	0.0	3.718374248496994	3.718374248496994	11.23	-0.0	0.4892597695390782	0.4892597695390782	11.23	0.0	293.0	291.64	702.12	-89.15	0	1
PROTOTYPE	016265	04/16/18	00:42:30	0.4892597695390782	0.4892597695390782	11.22	0.0	3.718374248496994	3.718374248496994	11.22	-0.0	0.4892597695390782	0.4892597695390782	11.22	0.0	304.0	293.5	850.47	59.22	0	1
PROTOTYPE	016266	04/16/18	00:42:31	0.4892597695390782	0.4892597695390782	11.24	0.0	3.718374248496994	3.718374248496994	11.24	-0.0	0.4892597695390782	0.4892597695390782	11.24	0.0	290.0	292.97	766.53	-129.66	0	1
PROTOTYPE	016267	04/16/18	00:42:33	0.4892597695390782	0.4892597695390782	11.26	0.0	3.718374248496994	3.718374248496994	11.26	-0.0	0.4892597695390782	0.4892597695390782	11.26	0.0	291.0	292.68	522.11	114.79	0	1
PROTOTYPE	016268	04/16/18	00:42:34	0.4892597695390782	0.4892597695390782	11.26	0.0	3.718374248496994	3.718374248496994	11.26	-0.0	0.4892597695390782	0.4892597695390782	11.26	0.0	294.0	292.88	474.93	67.57	0	1
PROTOTYPE	016269	04/16/18	00:42:36	0.4892597695390782	0.4892597695390782	11.28	0.0	3.718374248496994	3.718374248496994	11.28	-0.0	0.4892597695390782	0.4892597695390782	11.28	0.0	294.0	293.04	449.83	42.43	0	1
PROTOTYPE	016270	04/16/18	00:42:37	0.4892597695390782	0.4892597695390782	11.26	0.0	3.718374248496994	3.718374248496994	11.26	-0.0	0.4892597695390782	0.4892597695390782	11.26	0.0	291.0	292.74	366.22	126.07	0	1
PROTOTYPE	016271	04/16/18	00:42:38	0.4892597695390782	0.4892597695390782	11.25	0.0	3.718374248496994	3.718374248496994	11.25	-0.0	0.4892597695390782	0.4892597695390782	11.25	0.0	291.0	292.48	385.03	107.16	0	1
PROTOTYPE	016272	04/16/18	00:42:40	0.4892597695390782	0.4892597695390782	11.26	0.0	3.718374248496994	3.718374248496994	11.26	-0.0	0.4892597695390782	0.4892597695390782	11.26	0.0	302.0	293.91	503.92	226.09	0	1
PROTOTYPE	016273	04/16/18	00:42:41	0.4892597695390782	0.4892597695390782	11.27	0.0	3.718374248496994	3.718374248496994	11.27	-0.0	0.4892597695390782	0.4892597695390782	11.27	0.0	278.0	291.52	557.17	-197.83	0	1
PROTOTYPE	016274	04/16/18	00:42:43	0.4892597695390782	0.4892597695390782	11.25	0.0	3.718374248496994	3.718374248496994	11.25	-0.0	0.4892597695390782	0.4892597695390782	11.25	0.0	296.0	292.19	571.9	-78.15	0	1
PROTOTYPE	016275	04/16/18	00:42:44	0.4892597695390782	0.4892597695390782	11.23	0.0	3.718374248496994	3.718374248496994	11.23	-0.0	0.4892597695390782	0.4892597695390782	11.23	0.0	302.0	293.66	689.4	98.57	0	1
PROTOTYPE	016276	04/16/18	00:42:45	0.4892597695390782	0.4892597695390782	11.24	0.0	3.718374248496994	3.718374248496994	11.24	-0.0	0.4892597695390782	0.4892597695390782	11.24	0.0	294.0	293.71	674.76	83.78	0	1
PROTOTYPE	016277	04/16/18	00:42:47	0.4892597695390782	0.4892597695390782	11.22	0.0	3.718374248496994	3.718374248496994	11.22	-0.0	0.4892597695390782	0.4892597695390782	11.22	0.0	300.0	294.66	752.15	161.22	0	1
PROTOTYPE	016278	04/16/18	00:42:48	0.4892597695390782	0.4892597695390782	11.22	0.0	3.718374248496994	3.718374248496994	11.22	-0.0	0.4892597695390782	0.4892597695390782	11.22	0.0	284.0	293.06	881.3	32.03	0	1
PROTOTYPE	016279	04/16/18	00:42:50	0.4892597695390782	0.4892597695390782	11.22	0.0	3.718374248496994	3.718374248496994	11.22	-0.0	0.4892597695390782	0.4892597695390782	11.22	0.0	297.0	293.65	914.35	117.23	0	1
PROTOTYPE	016280	04/16/18	00:42:51	0.4892597695390782	0.4892597695390782	11.24	0.0	3.718374248496994	3.718374248496994	11.24	-0.0	0.4892597695390782	0.4892597695390782	11.24	0.0	296.0	294.0	806.78	9.64	0	1
PROTOTYPE	016281	04/16/18	00:42:52	0.4892597695390782	0.4892597695390782	11.25	0.0	3.718374248496994	3.718374248496994	11.25	-0.0	0.4892597695390782	0.4892597695390782	11.25	0.0	299.0	294.75	643.18	323.2	0	1
PROTOTYPE	016282	04/16/18	00:42:54	0.4892597695390782	0.4892597695390782	11.26	0.0	3.718374248496994	3.718374248496994	11.26	-0.0	0.4892597695390782	0.4892597695390782	11.26	0.0	285.0	293.29	722.24	109.72	0	1
PROTOTYPE	016283	04/16/18	00:42:55	0.4892597695390782	0.4892597695390782	11.27	0.0	3.718374248496994	3.718374248496994	11.27	-0.0	0.4892597695390782	0.4892597695390782	11.27	0.0	284.0	291.9	714.45	-176.74	0	1
PROTOTYPE	016284	04/16/18	00:42:57	0.4892597695390782	0.4892597695390782	11.26	0.0	3.718374248496994	3.718374248496994	11.26	-0.0	0.4892597695390782	0.4892597695390782	11.26	0.0	291.0	291.76	722.71	-195.23	0	1
PROTOTYPE	016285	04/16/18	00:42:58	0.4892597695390782	0.4892597695390782	11.26	0.0	3.718374248496994	3.718374248496994	11.26	-0.0	0.4892597695390782	0.4892597695390782	11.26	0.0	297.0	292.55	707.0	-210.94	0	1
PROTOTYPE	016286	04/16/18	00:42:59	0.4892597695390782	0.4892597695390782	11.25	0.0	3.718374248496994	3.718374248496994	11.25	-0.0	0.4892597695390782	0.4892597695390782	11.25	0.0	289.0	292.01	600.37	-104.3	0	1
PROTOTYPE	016287	04/16/18	00:43:01	0.4892597695390782	0.4892597695390782	11.29	0.0	3.718374248496994	3.718374248496994	11.29	-0.0	0.4892597695390782	0.4892597695390782	11.29	0.0	298.0	292.91	631.01	-73.66	0	1
PROTOTYPE	016288	04/16/18	00:43:02	0.4892597695390782	0.4892597695390782	11.26	0.0	3.718374248496994	3.718374248496994	11.26	-0.0	0.4892597695390782	0.4892597695390782	11.26	0.0	296.0	293.38	642.05	-62.61	0	1
PROTOTYPE	016289	04/16/18	00:43:04	0.4892597695390782	0.4892597695390782	11.24	0.0	3.718374248496994	3.718374248496994	11.24	-0.0	0.4892597695390782	0.4892597695390782	11.24	0.0	296.0	293.77	606.45	-98.22	0	1
PROTOTYPE	016290	04/16/18	00:43:05	0.4892597695390782	0.4892597695390782	11.22	0.0	3.718374248496994	3.718374248496994	11.22	-0.0	0.4892597695390782	0.4892597695390782	11.22	0.0	290.0	293.2	516.73	-8.48	0	1
PROTOTYPE	016291	04/16/18	00:43:06	0.4892597695390782	0.4892597695390782	11.22	0.0	3.718374248496994	3.718374248496994	11.22	-0.0	0.4892597695390782	0.4892597695390782	11.22	0.0	291.0	292.87	410.48	97.79	0	1
PROTOTYPE	016292	04/16/18	00:43:08	0.4892597695390782	0.4892597695390782	11.21	0.0	3.718374248496994	3.718374248496994	11.21	-0.0	0.4892597695390782	0.4892597695390782	11.21	0.0	293.0	292.89	399.32	113.12	0	1
PROTOTYPE	016293	04/16/18	00:43:09	0.4892597695390782	0.4892597695390782	11.24	0.0	3.718374248496994	3.718374248496994	11.24	-0.0	0.4892597695390782	0.4892597695390782	11.24	0.0	297.0	293.51	382.36	96.15	0	1
PROTOTYPE	016294	04/16/18	00:43:11	0.4892597695390782	0.4892597695390782	11.25	0.0	3.718374248496994	3.718374248496994	11.25	-0.0	0.4892597695390782	0.4892597695390782	11.25	0.0	294.0	293.58	336.64	156.73	0	1
PROTOTYPE	016295	04/16/18	00:43:12	0.4892597695390782	0.4892597695390782	11.22	0.0	3.718374248496994	3.718374248496994	11.22	-0.0	0.4892597695390782	0.4892597695390782	11.22	0.0	288.0	292.74	330.6	-16.78	0	1
PROTOTYPE	016296	04/16/18	00:43:14	0.4892597695390782	0.4892597695390782	11.25	0.0	3.718374248496994	3.718374248496994	11.25	-0.0	0.4892597695390782	0.4892597695390782	11.25	0.0	290.0	292.33	325.47	-104.26	0	1
PROTOTYPE	016297	04/16/18	00:43:15	0.4892597695390782	0.4892597695390782	11.29	0.0	3.718374248496994	3.718374248496994	11.29	-0.0	0.4892597695390782	0.4892597695390782	11.29	0.0	289.0	291.83	336.1	-193.62	0	1
PROTOTYPE	016298	04/16/18	00:43:16	0.4892597695390782	0.4892597695390782	11.31	0.0	3.718374248496994	3.718374248496994	11.31	-0.0	0.4892597695390782	0.4892597695390782	11.31	0.0	293.0	292.01	297.1	-119.58	0	1
PROTOTYPE	016299	04/16/18	00:43:18	0.4892597695390782	0.4892597695390782	11.31	0.0	3.718374248496994	3.718374248496994	11.31	-0.0	0.4892597695390782	0.4892597695390782	11.31	0.0	283.0	290.66	399.14	-221.64	0	1
PROTOTYPE	016300	04/16/18	00:43:19	0.4892597695390782	0.4892597695390782	11.31	0.0	3.718374248496994	3.718374248496994	11.31	-0.0	0.4892597695390782	0.4892597695390782	11.31	0.0	289.0	290.41	421.68	-248.4	0	1
PROTOTYPE	016301	04/16/18	00:43:21	0.4892597695390782	0.4892597695390782	11.46	0.0	3.718374248496994	3.718374248496994	11.46	-0.0	0.4892597695390782	0.4892597695390782	11.46	0.0	283.0	289.3	471.19	-421.14	0	1
PROTOTYPE	016302	04/16/18	00:43:22	0.4892597695390782	0.4892597695390782	11.47	0.0	3.718374248496994	3.718374248496994	11.47	-0.0	0.4892597695390782	0.4892597695390782	11.47	0.0	283.0	288.35	558.15	-522.97	0	1
PROTOTYPE	016303	04/16/18	00:43:24	0.4892597695390782	0.4892597695390782	11.47	0.0	3.718374248496994	3.718374248496994	11.47	-0.0	0.4892597695390782	0.4892597695390782	11.47	0.0	297.0	289.65	604.12	-309.52	0	1
PROTOTYPE	016304	04/16/18	00:43:25	0.4892597695390782	0.4892597695390782	11.45	0.0	3.718374248496994	3.718374248496994	11.45	-0.0	0.4892597695390782	0.4892597695390782	11.45	0.0	287.0	289.25	602.7	-308.09	0	1
PROTOTYPE	016305	04/16/18	00:43:26	0.4892597695390782	0.4892597695390782	11.44	0.0	3.718374248496994	3.718374248496994	11.44	-0.0	0.4892597695390782	0.4892597695390782	11.44	0.0	286.0	288.76	601.48	-306.88	0	1
PROTOTYPE	016306	04/16/18	00:43:28	0.4892597695390782	0.4892597695390782	11.43	0.0	3.718374248496994	3.718374248496994	11.43	-0.0	0.4892597695390782	0.4892597695390782	11.43	0.0	299.0	290.3	737.46	-170.85	0	1
PROTOTYPE	016307	04/16/18	00:43:29	0.4892597695390782	0.4892597695390782	11.45	0.0	3.718374248496994	3.718374248496994	11.45	-0.0	0.4892597695390782	0.4892597695390782	11.45	0.0	290.0	290.25	607.05	-40.22	0	1
PROTOTYPE	016308	04/16/18	00:43:31	0.4892597695390782	0.4892597695390782	11.47	0.0	3.718374248496994	3.718374248496994	11.47	-0.0	0.4892597695390782	0.4892597695390782	11.47	0.0	299.0	291.57	713.34	115.81	0	1
PROTOTYPE	016309	04/16/18	00:43:32	0.4892597695390782	0.4892597695390782	11.31	0.0	3.718374248496994	3.718374248496994	11.31	-0.0	0.4892597695390782	0.4892597695390782	11.31	0.0	292.0	291.63	608.86	233.44	0	1
PROTOTYPE	016310	04/16/18	00:43:33	0.4892597695390782	0.4892597695390782	11.29	0.0	3.718374248496994	3.718374248496994	11.29	-0.0	0.4892597695390782	0.4892597695390782	11.29	0.0	293.0	291.84	534.96	348.42	0	1
PROTOTYPE	016311	04/16/18	00:43:35	0.4892597695390782	0.4892597695390782	11.28	0.0	3.718374248496994	3.718374248496994	11.28	-0.0	0.4892597695390782	0.4892597695390782	11.28	0.0	295.0	292.31	452.71	266.16	0	1
PROTOTYPE	016312	04/16/18	00:43:36	0.4892597695390782	0.4892597695390782	11.27	0.0	3.718374248496994	3.718374248496994	11.27	-0.0	0.4892597695390782	0.4892597695390782	11.27	0.0	293.0	292.41	423.37	316.24	0	1
PROTOTYPE	016313	04/16/18	00:43:38	0.4892597695390782	0.4892597695390782	11.26	0.0	3.718374248496994	3.718374248496994	11.26	-0.0	0.4892597695390782	0.4892597695390782	11.26	0.0	286.0	291.45	470.79	268.8	0	1
PROTOTYPE	016314	04/16/18	00:43:39	0.4892597695390782	0.4892597695390782	11.28	0.0	3.718374248496994	3.718374248496994	11.28	-0.0	0.4892597695390782	0.4892597695390782	11.28	0.0	289.0	291.08	354.07	78.48	0	1
PROTOTYPE	016315	04/16/18	00:43:40	0.4892597695390782	0.4892597695390782	11.26	0.0	3.718374248496994	3.718374248496994	11.26	-0.0	0.4892597695390782	0.4892597695390782	11.26	0.0	298.0	292.12	453.09	186.71	0	1
PROTOTYPE	016316	04/16/18	00:43:42	0.4892597695390782	0.4892597695390782	11.25	0.0	3.718374248496994	3.718374248496994	11.25	-0.0	0.4892597695390782	0.4892597695390782	11.25	0.0	289.0	291.65	368.75	8.7	0	1
PROTOTYPE	016317	04/16/18	00:43:43	0.4892597695390782	0.4892597695390782	11.24	0.0	3.718374248496994	3.718374248496994	11.24	-0.0	0.4892597695390782	0.4892597695390782	11.24	0.0	287.0	290.96	431.92	-67.6	0	1
PROTOTYPE	016318	04/16/18	00:43:45	0.4892597695390782	0.4892597695390782	11.25	0.0	3.718374248496994	3.718374248496994	11.25	-0.0	0.4892597695390782	0.4892597695390782	11.25	0.0	276.0	288.71	635.68	-312.46	0	1
PROTOTYPE	016319	04/16/18	00:43:46	0.4892597695390782	0.4892597695390782	11.25	0.0	3.718374248496994	3.718374248496994	11.25	-0.0	0.4892597695390782	0.4892597695390782	11.25	0.0	295.0	289.66	682.54	-265.59	0	1
PROTOTYPE	016320	04/16/18	00:43:48	0.4892597695390782	0.4892597695390782	11.27	0.0	3.718374248496994	3.718374248496994	11.27	-0.0	0.4892597695390782	0.4892597695390782	11.27	0.0	292.0	290.01	707.31	-240.75	0	1
PROTOTYPE	016321	04/16/18	00:43:49	0.4892597695390782	0.4892597695390782	11.26	0.0	3.718374248496994	3.718374248496994	11.26	-0.0	0.4892597695390782	0.4892597695390782	11.26	0.0	296.0	290.91	700.99	-54.64	0	1
PROTOTYPE	016322	04/16/18	00:43:50	0.4892597695390782	0.4892597695390782	11.25	0.0	3.718374248496994	3.718374248496994	11.25	-0.0	0.4892597695390782	0.4892597695390782	11.25	0.0	284.0	289.87	767.78	-121.44	0	1
PROTOTYPE	016323	04/16/18	00:43:52	0.4892597695390782	0.4892597695390782	11.25	0.0	3.718374248496994	3.718374248496994	11.25	-0.0	0.4892597695390782	0.4892597695390782	11.25	0.0	293.0	290.34	711.0	-178.23	0	1
PROTOTYPE	016324	04/16/18	00:43:53	0.4892597695390782	0.4892597695390782	11.24	0.0	3.718374248496994	3.718374248496994	11.24	-0.0	0.4892597695390782	0.4892597695390782	11.24	0.0	287.0	289.84	714.27	-181.49	0	1
PROTOTYPE	016325	04/16/18	00:43:55	0.4892597695390782	0.4892597695390782	11.23	0.0	3.718374248496994	3.718374248496994	11.23	-0.0	0.4892597695390782	0.4892597695390782	11.23	0.0	284.0	288.96	732.04	-199.27	0	1
PROTOTYPE	016326	04/16/18	00:43:56	0.4892597695390782	0.4892597695390782	11.21	0.0	3.718374248496994	3.718374248496994	11.21	-0.0	0.4892597695390782	0.4892597695390782	11.21	0.0	285.0	288.37	567.16	-34.38	0	1
PROTOTYPE	016327	04/16/18	00:43:57	0.4892597695390782	0.4892597695390782	11.23	0.0	3.718374248496994	3.718374248496994	11.23	-0.0	0.4892597695390782	0.4892597695390782	11.23	0.0	284.0	287.71	538.38	-194.22	0	1
PROTOTYPE	016328	04/16/18	00:43:59	0.4892597695390782	0.4892597695390782	11.21	0.0	3.718374248496994	3.718374248496994	11.21	-0.0	0.4892597695390782	0.4892597695390782	11.21	0.0	289.0	287.91	522.53	-210.09	0	1
PROTOTYPE	016329	04/16/18	00:44:00	0.4892597695390782	0.4892597695390782	11.23	0.0	3.718374248496994	3.718374248496994	11.23	-0.0	0.4892597695390782	0.4892597695390782	11.23	0.0	285.0	287.47	476.24	-343.58	0	1
PROTOTYPE	016330	04/16/18	00:44:02	0.4892597695390782	0.4892597695390782	11.22	0.0	3.718374248496994	3.718374248496994	11.22	-0.0	0.4892597695390782	0.4892597695390782	11.22	0.0	282.0	286.65	454.71	-322.04	0	1
PROTOTYPE	016331	04/16/18	00:44:03	0.4892597695390782	0.4892597695390782	11.21	0.0	3.718374248496994	3.718374248496994	11.21	-0.0	0.4892597695390782	0.4892597695390782	11.21	0.0	287.0	286.7	413.18	-363.73	0	1
PROTOTYPE	016332	04/16/18	00:44:04	0.4892597695390782	0.4892597695390782	11.21	0.0	3.718374248496994	3.718374248496994	11.21	-0.0	0.4892597695390782	0.4892597695390782	11.21	0.0	292.0	287.5	442.54	-234.17	0	1
PROTOTYPE	016333	04/16/18	00:44:06	0.4892597695390782	0.4892597695390782	11.21	0.0	3.718374248496994	3.718374248496994	11.21	-0.0	0.4892597695390782	0.4892597695390782	11.21	0.0	292.0	288.17	422.51	-79.05	0	1
PROTOTYPE	016334	04/16/18	00:44:07	0.4892597695390782	0.4892597695390782	11.21	0.0	3.718374248496994	3.718374248496994	11.21	-0.0	0.4892597695390782	0.4892597695390782	11.21	0.0	284.0	287.55	425.65	-82.19	0	1
PROTOTYPE	016335	04/16/18	00:44:09	0.4892597695390782	0.4892597695390782	11.18	0.0	3.718374248496994	3.718374248496994	11.18	-0.0	0.4892597695390782	0.4892597695390782	11.18	0.0	284.0	287.01	413.33	-69.86	0	1
PROTOTYPE	016336	04/16/18	00:44:10	0.4892597695390782	0.4892597695390782	11.18	0.0	3.718374248496994	3.718374248496994	11.18	-0.0	0.4892597695390782	0.4892597695390782	11.18	0.0	275.0	285.21	574.2	-269.38	0	1
PROTOTYPE	016337	04/16/18	00:44:11	0.4892597695390782	0.4892597695390782	11.17	0.0	3.8162262024048097	3.733052041583166	24.82	15.0	0.4892597695390782	0.4892597695390782	11.17	0.0	293.0	286.38	647.4	-108.98	0	1
PROTOTYPE	016338	04/16/18	00:44:13	0.4892597695390782	0.4892597695390782	11.17	0.0	3.718374248496994	3.7310950025050107	26.07	12.75	0.4892597695390782	0.4892597695390782	11.17	0.0	301.0	288.57	784.63	192.37	0	1
PROTOTYPE	016339	04/16/18	00:44:14	0.4892597695390782	0.4892597695390782	11.19	0.0	3.718374248496994	3.7291379634268536	27.06	10.84	0.4892597695390782	0.4892597695390782	11.19	0.0	295.0	289.54	875.61	283.52	0	1
PROTOTYPE	016340	04/16/18	00:44:16	0.4892597695390782	0.4892597695390782	11.2	0.0	3.718374248496994	3.7271809243486977	27.81	9.21	0.4892597695390782	0.4892597695390782	11.2	0.0	301.0	291.26	968.07	375.99	0	1
PROTOTYPE	016341	04/16/18	00:44:17	0.4892597695390782	0.4892597695390782	11.22	0.0	3.718374248496994	3.726202404809619	28.39	7.83	0.4892597695390782	0.4892597695390782	11.22	0.0	283.0	290.02	1024.37	184.59	0	1
PROTOTYPE	016342	04/16/18	00:44:18	0.4892597695390782	0.4892597695390782	11.25	0.0	3.718374248496994	3.7252238852705415	28.85	6.66	0.4892597695390782	0.4892597695390782	11.25	0.0	290.0	290.02	963.22	246.9	0	1
PROTOTYPE	016343	04/16/18	00:44:20	0.4892597695390782	0.4892597695390782	11.26	0.0	3.718374248496994	3.724245365731463	29.18	5.66	0.4892597695390782	0.4892597695390782	11.26	0.0	288.0	289.71	940.27	269.87	0	1
PROTOTYPE	016344	04/16/18	00:44:21	0.4892597695390782	0.4892597695390782	11.3	0.0	3.718374248496994	3.7232668461923843	29.45	4.81	0.4892597695390782	0.4892597695390782	11.3	0.0	278.0	287.96	935.75	274.39	0	1
PROTOTYPE	016345	04/16/18	00:44:23	0.4892597695390782	0.4892597695390782	11.29	0.0	3.718374248496994	3.722288326653307	15.96	-10.91	0.4892597695390782	0.4892597695390782	11.29	0.0	295.0	289.01	924.59	263.23	0	1
PROTOTYPE	016346	04/16/18	00:44:24	0.4892597695390782	0.4892597695390782	11.29	0.0	3.718374248496994	3.7213098071142285	14.84	-9.28	0.4892597695390782	0.4892597695390782	11.29	0.0	288.0	288.86	720.55	28.74	0	1
PROTOTYPE	016347	04/16/18	00:44:25	0.4892597695390782	0.4892597695390782	11.3	0.0	3.718374248496994	3.7213098071142285	13.97	-7.88	0.4892597695390782	0.4892597695390782	11.3	0.0	292.0	289.33	671.25	-20.57	0	1
PROTOTYPE	016348	04/16/18	00:44:27	0.4892597695390782	0.4892597695390782	11.31	0.0	3.718374248496994	3.7213098071142285	13.31	-6.7	0.4892597695390782	0.4892597695390782	11.31	0.0	298.0	290.63	629.34	-62.48	0	1
PROTOTYPE	016349	04/16/18	00:44:28	0.4892597695390782	0.4892597695390782	11.3	0.0	3.718374248496994	3.7203312875751506	12.79	-5.7	0.4892597695390782	0.4892597695390782	11.3	0.0	284.0	289.64	604.97	-38.11	0	1
PROTOTYPE	016350	04/16/18	00:44:30	0.4892597695390782	0.4892597695390782	11.27	0.0	3.718374248496994	3.7203312875751506	12.37	-4.84	0.4892597695390782	0.4892597695390782	11.27	0.0	291.0	289.84	624.01	-17.39	0	1
PROTOTYPE	016351	04/16/18	00:44:31	0.4892597695390782	0.4892597695390782	11.28	0.0	3.718374248496994	3.7203312875751506	12.09	-4.12	0.4892597695390782	0.4892597695390782	11.28	0.0	300.0	291.37	746.13	165.22	0	1
PROTOTYPE	016352	04/16/18	00:44:32	0.4892597695390782	0.4892597695390782	11.24	0.0	3.718374248496994	3.7193527680360723	11.83	-3.5	0.4892597695390782	0.4892597695390782	11.24	0.0	282.0	289.96	710.91	200.43	0	1
PROTOTYPE	016353	04/16/18	00:44:34	0.4892597695390782	0.4892597695390782	11.24	0.0	3.718374248496994	3.7193527680360723	11.67	-2.97	0.4892597695390782	0.4892597695390782	11.24	0.0	284.0	289.07	694.66	5.37	0	1
PROTOTYPE	016354	04/16/18	00:44:35	0.4892597695390782	0.4892597695390782	11.25	0.0	3.718374248496994	3.7193527680360723	11.56	-2.53	0.4892597695390782	0.4892597695390782	11.25	0.0	297.0	290.26	798.42	139.56	0	1
PROTOTYPE	016355	04/16/18	00:44:37	0.4892597695390782	0.4892597695390782	11.23	0.0	3.718374248496994	3.7193527680360723	11.46	-2.15	0.4892597695390782	0.4892597695390782	11.23	0.0	289.0	290.07	770.21	73.63	0	1
PROTOTYPE	016356	04/16/18	00:44:38	0.4892597695390782	0.4892597695390782	11.23	0.0	3.718374248496994	3.7193527680360723	11.39	-1.83	0.4892597695390782	0.4892597695390782	11.23	0.0	282.0	288.86	761.21	-177.42	0	1
PROTOTYPE	016357	04/16/18	00:44:40	0.4892597695390782	0.4892597695390782	11.24	0.0	3.718374248496994	3.7193527680360723	11.36	-1.55	0.4892597695390782	0.4892597695390782	11.24	0.0	291.0	289.18	693.88	-45.8	0	1
PROTOTYPE	016358	04/16/18	00:44:41	0.4892597695390782	0.4892597695390782	11.25	0.0	3.718374248496994	3.718374248496994	11.34	-1.32	0.4892597695390782	0.4892597695390782	11.25	0.0	283.0	288.25	766.09	-158.93	0	1
PROTOTYPE	016359	04/16/18	00:44:42	0.4892597695390782	0.4892597695390782	11.26	0.0	3.718374248496994	3.718374248496994	11.32	-1.12	0.4892597695390782	0.4892597695390782	11.26	0.0	291.0	288.66	654.95	-270.09	0	1
PROTOTYPE	016360	04/16/18	00:44:44	0.4892597695390782	0.4892597695390782	11.28	0.0	3.718374248496994	3.718374248496994	11.32	-0.95	0.4892597695390782	0.4892597695390782	11.28	0.0	290.0	288.86	534.54	-109.58	0	1
PROTOTYPE	016361	04/16/18	00:44:45	0.4892597695390782	0.4892597695390782	11.29	0.0	3.718374248496994	3.718374248496994	11.32	-0.81	0.4892597695390782	0.4892597695390782	11.29	0.0	287.0	288.59	473.13	-48.14	0	1
PROTOTYPE	016362	04/16/18	00:44:47	0.4892597695390782	0.4892597695390782	11.28	0.0	3.718374248496994	3.718374248496994	11.3	-0.69	0.4892597695390782	0.4892597695390782	11.28	0.0	293.0	289.25	420.36	-100.92	0	1
PROTOTYPE	016363	04/16/18	00:44:48	0.4892597695390782	0.4892597695390782	11.28	0.0	3.718374248496994	3.718374248496994	11.3	-0.59	0.4892597695390782	0.4892597695390782	11.28	0.0	293.0	289.81	457.77	-25.78	0	1
PROTOTYPE	016364	04/16/18	00:44:49	0.4892597695390782	0.4892597695390782	11.29	0.0	3.718374248496994	3.718374248496994	11.3	-0.5	0.4892597695390782	0.4892597695390782	11.29	0.0	291.0	289.99	354.64	113.08	0	1
PROTOTYPE	016365	04/16/18	00:44:51	0.4892597695390782	0.4892597695390782	11.28	0.0	3.718374248496994	3.718374248496994	11.29	-0.42	0.4892597695390782	0.4892597695390782	11.28	0.0	275.0	287.74	547.31	-143.88	0	1
PROTOTYPE	016366	04/16/18	00:44:52	0.4892597695390782	0.4892597695390782	11.28	0.0	3.718374248496994	3.718374248496994	11.28	-0.36	0.4892597695390782	0.4892597695390782	11.28	0.0	293.0	288.53	533.52	27.7	0	1
