Dev_id	Index	Date	Time	Sensor1	Sensor1_Filter	Sensor1_LL	Sensor1_Diff	Sensor2	Sensor2_Filter	Sensor2_LL	Sensor2_Diff	Sensor3	Sensor3_Filter	Sensor3_LL	Sensor3_Diff	Sensor4	Sensor4_Filter	Sensor4_LL	Sensor4_Diff	Heater_Status	FSM_Status
PROTOTYPE	009567	04/15/18	22:05:17	0.4892597695390782	0.4892597695390782	11.27	0.0	4.207634018036073	4.191977705410823	48.83	-1.35	0.4892597695390782	0.4863242109218437	13.28	6.7	287.0	289.41	708.39	400.15	0	1
PROTOTYPE	009568	04/15/18	22:05:19	0.4892597695390782	0.4892597695390782	11.29	0.0	4.207634018036073	4.193934744488978	49.02	-1.14	0.4892597695390782	0.48730273046092193	12.78	5.7	293.0	289.95	663.38	355.13	0	1
PROTOTYPE	009569	04/15/18	22:05:20	0.4892597695390782	0.4892597695390782	11.28	0.0	4.207634018036073	4.195891783567134	38.39	14.03	0.4892597695390782	0.48730273046092193	12.38	4.84	290.0	289.96	629.0	391.86	0	1
PROTOTYPE	009570	04/15/18	22:05:21	0.4892597695390782	0.4892597695390782	11.3	0.0	4.207634018036073	4.197848822645291	29.46	26.92	0.4892597695390782	0.48730273046092193	12.11	4.12	287.0	289.51	597.78	423.08	0	1
PROTOTYPE	009571	04/15/18	22:05:23	0.4892597695390782	0.4892597695390782	11.31	0.0	4.207634018036073	4.1988273421843685	25.81	22.88	0.4892597695390782	0.48828125	11.9	3.5	281.0	288.24	609.71	179.62	0	1
PROTOTYPE	009572	04/15/18	22:05:24	0.4892597695390782	0.4892597695390782	11.31	0.0	4.207634018036073	4.200784381262525	22.79	19.45	0.4892597695390782	0.48828125	11.74	2.97	291.0	288.65	477.79	47.68	0	1
PROTOTYPE	009573	04/15/18	22:05:26	0.4892597695390782	0.4892597695390782	11.29	0.0	4.207634018036073	4.2017629008016035	20.3	16.53	0.4892597695390782	0.48828125	11.6	2.53	291.0	289.0	455.64	25.52	0	1
PROTOTYPE	009574	04/15/18	22:05:27	0.4892597695390782	0.4892597695390782	11.3	0.0	4.207634018036073	4.202741420340682	18.31	14.05	0.4892597695390782	0.48828125	11.53	2.15	277.0	287.2	526.9	-263.3	0	1
PROTOTYPE	009575	04/15/18	22:05:29	0.4892597695390782	0.4892597695390782	11.31	0.0	4.207634018036073	4.20371993987976	16.71	11.95	0.4892597695390782	0.48828125	11.47	1.83	293.0	288.07	571.32	-133.81	0	1
PROTOTYPE	009576	04/15/18	22:05:30	0.4892597695390782	0.4892597695390782	11.31	0.0	4.207634018036073	4.20371993987976	15.44	10.15	0.4892597695390782	0.48828125	11.43	1.55	296.0	289.26	636.38	-68.74	0	1
PROTOTYPE	009577	04/15/18	22:05:31	0.4892597695390782	0.4892597695390782	11.3	0.0	4.207634018036073	4.204698459418838	14.43	8.63	0.4892597695390782	0.4892597695390782	11.38	1.32	288.0	289.07	653.74	-88.43	0	1
PROTOTYPE	009578	04/15/18	22:05:33	0.4892597695390782	0.4892597695390782	11.3	0.0	4.207634018036073	4.204698459418838	13.65	7.34	0.4892597695390782	0.4892597695390782	11.36	1.12	296.0	290.11	713.3	59.84	0	1
PROTOTYPE	009579	04/15/18	22:05:34	0.4892597695390782	0.4892597695390782	11.29	0.0	4.207634018036073	4.205676978957915	13.05	6.24	0.4892597695390782	0.4892597695390782	11.33	0.95	299.0	291.44	718.94	320.86	0	1
PROTOTYPE	009580	04/15/18	22:05:36	0.4892597695390782	0.4892597695390782	11.29	0.0	4.207634018036073	4.205676978957915	12.59	5.3	0.4892597695390782	0.4892597695390782	11.32	0.81	296.0	292.13	745.8	347.73	0	1
PROTOTYPE	009581	04/15/18	22:05:37	0.4892597695390782	0.4892597695390782	11.3	0.0	4.207634018036073	4.205676978957915	12.26	4.51	0.4892597695390782	0.4892597695390782	11.32	0.69	299.0	293.16	813.62	415.57	0	1
PROTOTYPE	009582	04/15/18	22:05:38	0.4892597695390782	0.4892597695390782	11.28	0.0	4.207634018036073	4.206655498496994	11.98	3.83	0.4892597695390782	0.4892597695390782	11.3	0.59	301.0	294.33	751.2	713.24	0	1
PROTOTYPE	009583	04/15/18	22:05:40	0.4892597695390782	0.4892597695390782	11.24	0.0	4.1097820641282565	4.191977705410823	25.2	-11.74	0.4892597695390782	0.4892597695390782	11.25	0.5	286.0	293.08	789.26	501.25	0	1
PROTOTYPE	009584	04/15/18	22:05:41	0.4892597695390782	0.4892597695390782	11.21	0.0	4.1097820641282565	4.179256951402805	36.28	-24.98	0.4892597695390782	0.4892597695390782	11.22	0.42	302.0	294.42	804.07	516.06	0	1
PROTOTYPE	009585	04/15/18	22:05:43	0.4892597695390782	0.4892597695390782	11.2	0.0	4.1097820641282565	4.169471756012024	45.54	-36.24	0.4892597695390782	0.4892597695390782	11.2	0.36	292.0	294.06	821.45	498.65	0	1
PROTOTYPE	009586	04/15/18	22:05:44	0.4892597695390782	0.4892597695390782	11.17	0.0	4.207634018036073	4.174364353707415	50.12	-30.8	0.4892597695390782	0.4892597695390782	11.17	0.31	291.0	293.6	763.43	348.86	0	1
PROTOTYPE	009587	04/15/18	22:05:45	0.4892597695390782	0.4892597695390782	11.18	0.0	4.207634018036073	4.179256951402805	53.88	-26.18	0.4892597695390782	0.4892597695390782	11.18	0.26	305.0	295.31	801.1	386.53	0	1
PROTOTYPE	009588	04/15/18	22:05:47	0.4892597695390782	0.4892597695390782	11.17	0.0	4.207634018036073	4.184149549098196	56.93	-22.25	0.4892597695390782	0.4892597695390782	11.17	0.22	290.0	294.51	812.41	238.55	0	1
PROTOTYPE	009589	04/15/18	22:05:48	0.4892597695390782	0.4892597695390782	11.17	0.0	4.207634018036073	4.187085107715431	59.39	-18.92	0.4892597695390782	0.4892597695390782	11.17	0.19	290.0	293.84	777.04	67.77	0	1
PROTOTYPE	009590	04/15/18	22:05:50	0.4892597695390782	0.4892597695390782	11.18	0.0	4.1097820641282565	4.1753428732464934	69.96	-31.08	0.4892597695390782	0.4892597695390782	11.18	0.16	280.0	291.76	866.96	-257.4	0	1
PROTOTYPE	009591	04/15/18	22:05:51	0.4892597695390782	0.4892597695390782	11.19	0.0	4.207634018036073	4.180235470941884	60.19	-11.42	0.4892597695390782	0.4892597695390782	11.19	0.14	295.0	292.25	790.54	-83.79	0	1
PROTOTYPE	009592	04/15/18	22:05:52	0.4892597695390782	0.4892597695390782	11.22	0.0	4.207634018036073	4.185128068637274	51.92	5.3	0.4892597695390782	0.4892597695390782	11.22	0.12	297.0	292.96	728.11	-146.22	0	1
PROTOTYPE	009593	04/15/18	22:05:54	0.4892597695390782	0.4892597695390782	11.23	0.0	4.207634018036073	4.188063627254508	44.94	19.5	0.4892597695390782	0.4892597695390782	11.23	0.1	300.0	294.02	797.37	-4.29	0	1
PROTOTYPE	009594	04/15/18	22:05:55	0.4892597695390782	0.4892597695390782	11.25	0.0	4.1097820641282565	4.176321392785571	50.95	1.58	0.4892597695390782	0.4892597695390782	11.25	0.08	290.0	293.41	811.72	-18.64	0	1
PROTOTYPE	009595	04/15/18	22:05:57	0.4892597695390782	0.4892597695390782	11.27	0.0	4.207634018036073	4.181213990480962	50.73	1.34	0.4892597695390782	0.4892597695390782	11.27	0.07	282.0	291.7	811.92	-360.85	0	1
PROTOTYPE	009596	04/15/18	22:05:58	0.4892597695390782	0.4892597695390782	11.28	0.0	4.207634018036073	4.185128068637274	50.54	1.14	0.4892597695390782	0.4892597695390782	11.28	0.06	296.0	292.35	796.75	-216.72	0	1
PROTOTYPE	009597	04/15/18	22:05:59	0.4892597695390782	0.4892597695390782	11.31	0.0	4.207634018036073	4.188063627254508	50.39	0.97	0.4892597695390782	0.4892597695390782	11.31	0.05	296.0	292.89	783.86	-94.21	0	1
PROTOTYPE	009598	04/15/18	22:06:01	0.4892597695390782	0.4892597695390782	11.31	0.0	4.207634018036073	4.1909991858717435	41.67	15.82	0.4892597695390782	0.4892597695390782	11.31	0.04	294.0	293.06	592.96	129.92	0	1
PROTOTYPE	009599	04/15/18	22:06:02	0.4892597695390782	0.4892597695390782	11.32	0.0	4.207634018036073	4.193934744488978	39.46	13.45	0.4892597695390782	0.4892597695390782	11.32	0.04	286.0	292.0	650.26	-24.57	0	1
PROTOTYPE	009600	04/15/18	22:06:04	0.4892597695390782	0.4892597695390782	11.29	0.0	4.207634018036073	4.195891783567134	37.62	11.43	0.4892597695390782	0.4892597695390782	11.29	0.03	298.0	292.9	668.94	-5.88	0	1
PROTOTYPE	009601	04/15/18	22:06:05	0.4892597695390782	0.4892597695390782	11.3	0.0	4.207634018036073	4.197848822645291	36.13	9.72	0.4892597695390782	0.4892597695390782	11.3	0.03	299.0	293.82	654.83	-20.0	0	1
PROTOTYPE	009602	04/15/18	22:06:07	0.4892597695390782	0.4892597695390782	11.29	0.0	4.207634018036073	4.1988273421843685	26.12	23.26	0.4892597695390782	0.4892597695390782	11.29	0.02	296.0	294.14	627.37	73.0	0	1
PROTOTYPE	009603	04/15/18	22:06:08	0.4892597695390782	0.4892597695390782	11.25	0.0	4.207634018036073	4.200784381262525	23.03	19.77	0.4892597695390782	0.4892597695390782	11.25	0.02	298.0	294.72	514.03	302.05	0	1
PROTOTYPE	009604	04/15/18	22:06:09	0.4892597695390782	0.4892597695390782	11.26	0.0	4.207634018036073	4.2017629008016035	20.51	16.81	0.4892597695390782	0.4892597695390782	11.26	0.02	306.0	296.41	618.71	406.74	0	1
PROTOTYPE	009605	04/15/18	22:06:11	0.4892597695390782	0.4892597695390782	11.23	0.0	4.1097820641282565	4.188063627254508	30.89	-0.72	0.4892597695390782	0.4892597695390782	11.23	0.01	289.0	295.3	675.1	240.73	0	1
PROTOTYPE	009606	04/15/18	22:06:12	0.4892597695390782	0.4892597695390782	11.21	0.0	4.1097820641282565	4.176321392785571	39.65	-15.61	0.4892597695390782	0.4892597695390782	11.21	0.01	298.0	295.71	698.95	264.62	0	1
PROTOTYPE	009607	04/15/18	22:06:14	0.4892597695390782	0.4892597695390782	11.23	0.0	4.1097820641282565	4.166536197394789	47.04	-28.27	0.4892597695390782	0.4892597695390782	11.23	0.01	300.0	296.35	657.46	434.93	0	1
PROTOTYPE	009608	04/15/18	22:06:15	0.4892597695390782	0.4892597695390782	11.25	0.0	4.207634018036073	4.172407314629258	51.02	-24.03	0.4892597695390782	0.4892597695390782	11.25	0.01	290.0	295.4	662.73	249.69	0	1
PROTOTYPE	009609	04/15/18	22:06:16	0.4892597695390782	0.4892597695390782	11.24	0.0	4.207634018036073	4.177299912324649	54.31	-20.42	0.4892597695390782	0.4892597695390782	11.24	0.01	288.0	294.29	682.21	47.24	0	1
PROTOTYPE	009610	04/15/18	22:06:18	0.4892597695390782	0.4892597695390782	11.25	0.0	4.1097820641282565	4.1675147169338675	62.73	-32.36	0.4892597695390782	0.4892597695390782	11.25	0.01	291.0	293.79	698.76	-34.85	0	1
PROTOTYPE	009611	04/15/18	22:06:19	0.4892597695390782	0.4892597695390782	11.27	0.0	4.1097820641282565	4.158708041082164	69.76	-42.51	0.4892597695390782	0.4892597695390782	11.27	0.01	299.0	294.58	718.99	-14.62	0	1
PROTOTYPE	009612	04/15/18	22:06:21	0.4892597695390782	0.4892597695390782	11.27	0.0	4.1097820641282565	4.1518584043086175	75.61	-51.13	0.4892597695390782	0.4892597695390782	11.27	0.0	279.0	292.24	783.45	-417.43	0	1
PROTOTYPE	009613	04/15/18	22:06:22	0.4892597695390782	0.4892597695390782	11.27	0.0	4.1097820641282565	4.14500876753507	68.03	-43.46	0.4892597695390782	0.4892597695390782	11.27	0.0	284.0	291.0	795.83	-429.81	0	1
PROTOTYPE	009614	04/15/18	22:06:23	0.4892597695390782	0.4892597695390782	11.29	0.0	4.1097820641282565	4.140116169839679	61.61	-36.94	0.4892597695390782	0.4892597695390782	11.29	0.0	297.0	291.9	845.29	-380.34	0	1
PROTOTYPE	009615	04/15/18	22:06:25	0.4892597695390782	0.4892597695390782	11.29	0.0	4.1097820641282565	4.135223572144289	56.18	-31.4	0.4892597695390782	0.4892597695390782	11.29	0.0	288.0	291.32	839.43	-503.29	0	1
PROTOTYPE	009616	04/15/18	22:06:26	0.4892597695390782	0.4892597695390782	11.28	0.0	4.1097820641282565	4.131309493987976	53.82	-41.69	0.4892597695390782	0.4892597695390782	11.28	0.0	285.0	290.37	838.94	-502.8	0	1
PROTOTYPE	009617	04/15/18	22:06:28	0.4892597695390782	0.4892597695390782	11.3	0.0	4.1097820641282565	4.128373935370741	51.86	-50.44	0.4892597695390782	0.4892597695390782	11.3	0.0	292.0	290.61	752.46	-367.38	0	1
PROTOTYPE	009618	04/15/18	22:06:29	0.4892597695390782	0.4892597695390782	11.29	0.0	4.1097820641282565	4.1254383767535066	44.52	-42.87	0.4892597695390782	0.4892597695390782	11.29	0.0	290.0	290.52	712.43	-327.27	0	1
PROTOTYPE	009619	04/15/18	22:06:30	0.4892597695390782	0.4892597695390782	11.27	0.0	4.1097820641282565	4.123481337675351	38.36	-36.44	0.4892597695390782	0.4892597695390782	11.27	0.0	291.0	290.59	641.65	-398.18	0	1
PROTOTYPE	009620	04/15/18	22:06:32	0.4892597695390782	0.4892597695390782	11.26	0.0	4.1097820641282565	4.121524298597194	33.19	-30.97	0.4892597695390782	0.4892597695390782	11.26	0.0	296.0	291.4	489.11	-83.45	0	1
PROTOTYPE	009621	04/15/18	22:06:33	0.4892597695390782	0.4892597695390782	11.26	0.0	4.1097820641282565	4.119567259519038	28.89	-26.33	0.4892597695390782	0.4892597695390782	11.26	0.0	293.0	291.64	389.48	64.06	0	1
PROTOTYPE	009622	04/15/18	22:06:35	0.4892597695390782	0.4892597695390782	11.26	0.0	4.1097820641282565	4.1176102204408815	25.32	-22.38	0.4892597695390782	0.4892597695390782	11.26	0.0	296.0	292.3	364.88	39.45	0	1
PROTOTYPE	009623	04/15/18	22:06:36	0.4892597695390782	0.4892597695390782	11.24	0.0	4.1097820641282565	4.116631700901803	22.38	-19.02	0.4892597695390782	0.4892597695390782	11.24	0.0	286.0	291.35	400.79	3.54	0	1
PROTOTYPE	009624	04/15/18	22:06:37	0.4892597695390782	0.4892597695390782	11.25	0.0	4.1097820641282565	4.115653181362726	19.98	-16.17	0.4892597695390782	0.4892597695390782	11.25	0.0	294.0	291.75	345.75	138.01	0	1
PROTOTYPE	009625	04/15/18	22:06:39	0.4892597695390782	0.4892597695390782	11.23	0.0	4.1097820641282565	4.114674661823647	18.03	-13.74	0.4892597695390782	0.4892597695390782	11.23	0.0	291.0	291.64	332.59	102.31	0	1
PROTOTYPE	009626	04/15/18	22:06:40	0.4892597695390782	0.4892597695390782	11.23	0.0	4.1097820641282565	4.113696142284569	16.47	-11.68	0.4892597695390782	0.4892597695390782	11.23	0.0	288.0	291.09	377.85	56.96	0	1
PROTOTYPE	009627	04/15/18	22:06:42	0.4892597695390782	0.4892597695390782	11.27	0.0	4.207634018036073	4.128373935370741	28.1	5.07	0.4892597695390782	0.4892597695390782	11.27	0.0	297.0	291.98	459.18	138.42	0	1
PROTOTYPE	009628	04/15/18	22:06:43	0.4892597695390782	0.4892597695390782	11.27	0.0	4.1097820641282565	4.1254383767535066	28.75	4.31	0.4892597695390782	0.4892597695390782	11.27	0.0	283.0	290.63	512.76	-77.35	0	1
PROTOTYPE	009629	04/15/18	22:06:45	0.4892597695390782	0.4892597695390782	11.28	0.0	4.1097820641282565	4.123481337675351	29.29	3.66	0.4892597695390782	0.4892597695390782	11.28	0.0	289.0	290.39	513.3	-125.74	0	1
PROTOTYPE	009630	04/15/18	22:06:46	0.4892597695390782	0.4892597695390782	11.27	0.0	4.1097820641282565	4.120545779058117	29.71	3.11	0.4892597695390782	0.4892597695390782	11.27	0.0	289.0	290.18	468.79	-211.88	0	1
PROTOTYPE	009631	04/15/18	22:06:47	0.4892597695390782	0.4892597695390782	11.28	0.0	4.1097820641282565	4.119567259519038	30.06	2.65	0.4892597695390782	0.4892597695390782	11.28	0.0	295.0	290.9	446.65	-45.1	0	1
PROTOTYPE	009632	04/15/18	22:06:49	0.4892597695390782	0.4892597695390782	11.27	0.0	4.1097820641282565	4.1176102204408815	30.32	2.25	0.4892597695390782	0.4892597695390782	11.27	0.0	292.0	291.07	423.45	-68.34	0	1
PROTOTYPE	009633	04/15/18	22:06:50	0.4892597695390782	0.4892597695390782	11.27	0.0	4.1097820641282565	4.116631700901803	30.52	1.91	0.4892597695390782	0.4892597695390782	11.27	0.0	285.0	290.16	503.12	-148.09	0	1
PROTOTYPE	009634	04/15/18	22:06:52	0.4892597695390782	0.4892597695390782	11.27	0.0	4.1097820641282565	4.115653181362726	30.68	1.63	0.4892597695390782	0.4892597695390782	11.27	0.0	288.0	289.83	480.92	-125.87	0	1
PROTOTYPE	009635	04/15/18	22:06:53	0.4892597695390782	0.4892597695390782	11.23	0.0	4.1097820641282565	4.114674661823647	17.93	-13.62	0.4892597695390782	0.4892597695390782	11.23	0.0	294.0	290.46	454.81	-151.99	0	1
PROTOTYPE	009636	04/15/18	22:06:54	0.4892597695390782	0.4892597695390782	11.22	0.0	4.1097820641282565	4.113696142284569	16.38	-11.58	0.4892597695390782	0.4892597695390782	11.22	0.0	297.0	291.44	418.27	80.81	0	1
PROTOTYPE	009637	04/15/18	22:06:56	0.4892597695390782	0.4892597695390782	11.2	0.0	4.1097820641282565	4.113696142284569	15.14	-9.84	0.4892597695390782	0.4892597695390782	11.2	0.0	289.0	291.07	430.38	68.69	0	1
PROTOTYPE	009638	04/15/18	22:06:57	0.4892597695390782	0.4892597695390782	11.22	0.0	4.1097820641282565	4.112717622745491	14.2	-8.36	0.4892597695390782	0.4892597695390782	11.22	0.0	301.0	292.56	558.43	238.38	0	1
PROTOTYPE	009639	04/15/18	22:06:59	0.4892597695390782	0.4892597695390782	11.21	0.0	4.1097820641282565	4.112717622745491	13.45	-7.11	0.4892597695390782	0.4892597695390782	11.21	0.0	296.0	293.08	537.68	217.63	0	1
PROTOTYPE	009640	04/15/18	22:07:00	0.4892597695390782	0.4892597695390782	11.22	0.0	4.1097820641282565	4.111739103206413	12.89	-6.04	0.4892597695390782	0.4892597695390782	11.22	0.0	294.0	293.22	535.05	214.98	0	1
PROTOTYPE	009641	04/15/18	22:07:01	0.4892597695390782	0.4892597695390782	11.22	0.0	4.207634018036073	4.126416896292586	25.74	9.86	0.4892597695390782	0.4892597695390782	11.22	0.0	299.0	294.08	530.81	392.73	0	1
PROTOTYPE	009642	04/15/18	22:07:03	0.4892597695390782	0.4892597695390782	11.23	0.0	4.1097820641282565	4.123481337675351	26.89	8.38	0.4892597695390782	0.4892597695390782	11.23	0.0	279.0	291.82	724.69	198.82	0	1
PROTOTYPE	009643	04/15/18	22:07:04	0.4892597695390782	0.4892597695390782	11.23	0.0	4.1097820641282565	4.121524298597194	27.8	7.13	0.4892597695390782	0.4892597695390782	11.23	0.0	280.0	290.05	839.5	-41.0	0	1
PROTOTYPE	009644	04/15/18	22:07:06	0.4892597695390782	0.4892597695390782	11.23	0.0	4.1097820641282565	4.119567259519038	28.51	6.06	0.4892597695390782	0.4892597695390782	11.23	0.0	283.0	288.99	847.09	-244.85	0	1
PROTOTYPE	009645	04/15/18	22:07:07	0.4892597695390782	0.4892597695390782	11.26	0.0	4.1097820641282565	4.11858873997996	29.08	5.15	0.4892597695390782	0.4892597695390782	11.26	0.0	290.0	289.14	825.67	-193.12	0	1
PROTOTYPE	009646	04/15/18	22:07:08	0.4892597695390782	0.4892597695390782	11.23	0.0	4.1097820641282565	4.1176102204408815	29.48	4.38	0.4892597695390782	0.4892597695390782	11.23	0.0	292.0	289.57	719.66	-299.15	0	1
PROTOTYPE	009647	04/15/18	22:07:10	0.4892597695390782	0.4892597695390782	11.23	0.0	4.207634018036073	4.130330974448898	41.95	18.72	0.4892597695390782	0.4892597695390782	11.23	0.0	291.0	289.79	689.56	-329.28	0	1
PROTOTYPE	009648	04/15/18	22:07:11	0.4892597695390782	0.4892597695390782	11.23	0.0	4.1097820641282565	4.127395415831663	43.99	15.91	0.4892597695390782	0.4892597695390782	11.23	0.0	299.0	291.17	813.89	-204.89	0	1
PROTOTYPE	009649	04/15/18	22:07:13	0.4892597695390782	0.4892597695390782	11.23	0.0	4.1097820641282565	4.124459857214429	32.32	-1.47	0.4892597695390782	0.4892597695390782	11.23	0.0	288.0	290.69	774.65	-339.16	0	1
PROTOTYPE	009650	04/15/18	22:07:14	0.4892597695390782	0.4892597695390782	11.22	0.0	4.1097820641282565	4.122502818136272	32.13	-1.25	0.4892597695390782	0.4892597695390782	11.22	0.0	300.0	292.09	688.01	26.72	0	1
PROTOTYPE	009651	04/15/18	22:07:15	0.4892597695390782	0.4892597695390782	11.21	0.0	4.1097820641282565	4.120545779058117	31.97	-1.07	0.4892597695390782	0.4892597695390782	11.21	0.0	288.0	291.48	572.03	142.71	0	1
PROTOTYPE	009652	04/15/18	22:07:17	0.4892597695390782	0.4892597695390782	11.21	0.0	4.1097820641282565	4.11858873997996	31.84	-0.91	0.4892597695390782	0.4892597695390782	11.21	0.0	301.0	292.9	609.18	391.3	0	1
PROTOTYPE	009653	04/15/18	22:07:18	0.4892597695390782	0.4892597695390782	11.18	0.0	4.1097820641282565	4.1176102204408815	31.72	-0.77	0.4892597695390782	0.4892597695390782	11.18	0.0	290.0	292.47	637.56	332.61	0	1
PROTOTYPE	009654	04/15/18	22:07:20	0.4892597695390782	0.4892597695390782	11.18	0.0	4.207634018036073	4.131309493987976	43.66	14.35	0.4892597695390782	0.4892597695390782	11.18	0.0	292.0	292.4	601.83	282.72	0	1
PROTOTYPE	009655	04/15/18	22:07:21	0.4892597695390782	0.4892597695390782	11.17	0.0	4.207634018036073	4.143051728456914	41.52	12.19	0.4892597695390782	0.4892597695390782	11.17	0.0	283.0	290.99	721.33	120.31	0	1
PROTOTYPE	009656	04/15/18	22:07:22	0.4892597695390782	0.4892597695390782	11.18	0.0	4.207634018036073	4.152836923847695	48.08	25.36	0.4892597695390782	0.4892597695390782	11.18	0.0	284.0	289.94	687.93	-122.74	0	1
PROTOTYPE	009657	04/15/18	22:07:24	0.4892597695390782	0.4892597695390782	11.18	0.0	4.207634018036073	4.160665080160321	53.6	36.56	0.4892597695390782	0.4892597695390782	11.18	0.0	288.0	289.65	669.54	-104.33	0	1
PROTOTYPE	009658	04/15/18	22:07:25	0.4892597695390782	0.4892597695390782	11.17	0.0	4.1097820641282565	4.152836923847695	58.82	31.08	0.4892597695390782	0.4892597695390782	11.17	0.0	291.0	289.85	550.23	-223.68	0	1
PROTOTYPE	009659	04/15/18	22:07:27	0.4892597695390782	0.4892597695390782	11.18	0.0	4.207634018036073	4.161643599699398	64.89	41.41	0.4892597695390782	0.4892597695390782	11.18	0.0	304.0	291.97	701.11	49.87	0	1
PROTOTYPE	009660	04/15/18	22:07:28	0.4892597695390782	0.4892597695390782	11.19	0.0	4.207634018036073	4.168493236472946	69.96	50.2	0.4892597695390782	0.4892597695390782	11.19	0.0	288.0	291.38	617.86	-152.61	0	1
PROTOTYPE	009661	04/15/18	22:07:29	0.4892597695390782	0.4892597695390782	11.2	0.0	4.207634018036073	4.174364353707415	74.18	57.67	0.4892597695390782	0.4892597695390782	11.2	0.0	297.0	292.22	658.62	-24.72	0	1
PROTOTYPE	009662	04/15/18	22:07:31	0.4892597695390782	0.4892597695390782	11.2	0.0	4.207634018036073	4.179256951402805	65.64	49.02	0.4892597695390782	0.4892597695390782	11.2	0.0	276.0	289.79	894.78	-261.01	0	1
PROTOTYPE	009663	04/15/18	22:07:32	0.4892597695390782	0.4892597695390782	11.22	0.0	4.207634018036073	4.1831710295591185	58.43	41.67	0.4892597695390782	0.4892597695390782	11.22	0.0	284.0	288.92	840.63	-206.86	0	1
PROTOTYPE	009664	04/15/18	22:07:34	0.4892597695390782	0.4892597695390782	11.2	0.0	4.207634018036073	4.187085107715431	52.33	35.42	0.4892597695390782	0.4892597695390782	11.2	0.0	291.0	289.23	767.03	-70.83	0	1
PROTOTYPE	009665	04/15/18	22:07:35	0.4892597695390782	0.4892597695390782	11.2	0.0	4.207634018036073	4.190020666332665	47.2	30.11	0.4892597695390782	0.4892597695390782	11.2	0.0	288.0	289.05	756.43	-60.2	0	1
PROTOTYPE	009666	04/15/18	22:07:36	0.4892597695390782	0.4892597695390782	11.22	0.0	4.1097820641282565	4.178278431863728	51.68	25.59	0.4892597695390782	0.4892597695390782	11.22	0.0	287.0	288.74	766.86	-111.17	0	1
PROTOTYPE	009667	04/15/18	22:07:38	0.4892597695390782	0.4892597695390782	11.27	0.0	4.207634018036073	4.18219251002004	47.95	21.75	0.4892597695390782	0.4892597695390782	11.27	0.0	302.0	290.73	753.53	-124.5	0	1
PROTOTYPE	009668	04/15/18	22:07:39	0.4892597695390782	0.4892597695390782	11.3	0.0	4.207634018036073	4.1861065881763535	44.81	18.49	0.4892597695390782	0.4892597695390782	11.3	0.0	295.0	291.37	757.99	-0.82	0	1
PROTOTYPE	009669	04/15/18	22:07:41	0.4892597695390782	0.4892597695390782	11.31	0.0	4.207634018036073	4.189042146793588	42.16	15.72	0.4892597695390782	0.4892597695390782	11.31	0.0	296.0	292.06	743.11	-15.7	0	1
PROTOTYPE	009670	04/15/18	22:07:42	0.4892597695390782	0.4892597695390782	11.32	0.0	4.1097820641282565	4.177299912324649	49.14	-1.64	0.4892597695390782	0.4892597695390782	11.32	0.0	295.0	292.5	543.85	271.66	0	1
PROTOTYPE	009671	04/15/18	22:07:44	0.4892597695390782	0.4892597695390782	11.32	0.0	4.207634018036073	4.18219251002004	49.37	-1.4	0.4892597695390782	0.4892597695390782	11.32	0.0	298.0	293.33	539.46	440.91	0	1
PROTOTYPE	009672	04/15/18	22:07:45	0.4892597695390782	0.4892597695390782	11.32	0.0	4.1097820641282565	4.171428795090181	56.57	-16.19	0.4892597695390782	0.4892597695390782	11.32	0.0	299.0	294.18	593.31	494.77	0	1
PROTOTYPE	009673	04/15/18	22:07:46	0.4892597695390782	0.4892597695390782	11.33	0.0	4.207634018036073	4.176321392785571	58.88	-13.76	0.4892597695390782	0.4892597695390782	11.33	0.0	288.0	293.25	667.48	420.56	0	1
PROTOTYPE	009674	04/15/18	22:07:48	0.4892597695390782	0.4892597695390782	11.32	0.0	4.207634018036073	4.181213990480962	51.43	3.31	0.4892597695390782	0.4892597695390782	11.32	0.0	292.0	293.06	655.58	432.47	0	1
PROTOTYPE	009675	04/15/18	22:07:49	0.4892597695390782	0.4892597695390782	11.26	0.0	4.1097820641282565	4.170450275551102	57.72	-12.19	0.4892597695390782	0.4892597695390782	11.26	0.0	279.0	290.96	667.65	22.6	0	1
PROTOTYPE	009676	04/15/18	22:07:51	0.4892597695390782	0.4892597695390782	11.23	0.0	4.1097820641282565	4.161643599699398	63.04	-25.36	0.4892597695390782	0.4892597695390782	11.23	0.0	286.0	290.21	677.91	-115.79	0	1
PROTOTYPE	009677	04/15/18	22:07:52	0.4892597695390782	0.4892597695390782	11.28	0.0	4.1097820641282565	4.153815443386774	67.53	-36.56	0.4892597695390782	0.4892597695390782	11.28	0.0	298.0	291.38	725.27	-68.42	0	1
PROTOTYPE	009678	04/15/18	22:07:53	0.4892597695390782	0.4892597695390782	11.28	0.0	4.1097820641282565	4.146965806613227	62.11	-31.07	0.4892597695390782	0.4892597695390782	11.28	0.0	292.0	291.47	690.62	-103.16	0	1
PROTOTYPE	009679	04/15/18	22:07:55	0.4892597695390782	0.4892597695390782	11.28	0.0	4.1097820641282565	4.141094689378758	63.18	-41.41	0.4892597695390782	0.4892597695390782	11.28	0.0	299.0	292.6	721.09	-72.68	0	1
PROTOTYPE	009680	04/15/18	22:07:56	0.4892597695390782	0.4892597695390782	11.3	0.0	4.1097820641282565	4.137180611222445	57.09	-35.2	0.4892597695390782	0.4892597695390782	11.3	0.0	288.0	291.91	705.06	-226.78	0	1
PROTOTYPE	009681	04/15/18	22:07:58	0.4892597695390782	0.4892597695390782	11.29	0.0	4.1097820641282565	4.132288013527054	55.69	-44.92	0.4892597695390782	0.4892597695390782	11.29	0.0	296.0	292.52	673.69	-72.76	0	1
PROTOTYPE	009682	04/15/18	22:07:59	0.4892597695390782	0.4892597695390782	11.29	0.0	4.1097820641282565	4.12935245490982	54.53	-53.18	0.4892597695390782	0.4892597695390782	11.29	0.0	293.0	292.6	662.11	-46.85	0	1
PROTOTYPE	009683	04/15/18	22:08:00	0.4892597695390782	0.4892597695390782	11.31	0.0	4.1097820641282565	4.126416896292586	46.78	-45.21	0.4892597695390782	0.4892597695390782	11.31	0.0	297.0	293.26	517.21	230.18	0	1
PROTOTYPE	009684	04/15/18	22:08:02	0.4892597695390782	0.4892597695390782	11.33	0.0	4.1097820641282565	4.123481337675351	40.26	-38.42	0.4892597695390782	0.4892597695390782	11.33	0.0	282.0	291.57	611.73	135.65	0	1
PROTOTYPE	009685	04/15/18	22:08:03	0.4892597695390782	0.4892597695390782	11.29	0.0	4.207634018036073	4.1362020916833675	45.13	-17.66	0.4892597695390782	0.4892597695390782	11.29	0.0	295.0	292.08	546.39	70.3	0	1
PROTOTYPE	009686	04/15/18	22:08:05	0.4892597695390782	0.4892597695390782	11.29	0.0	4.207634018036073	4.146965806613227	49.25	-0.01	0.4892597695390782	0.4892597695390782	11.29	0.0	288.0	291.47	598.25	-0.24	0	1
PROTOTYPE	009687	04/15/18	22:08:06	0.4892597695390782	0.4892597695390782	11.34	0.0	4.207634018036073	4.155772482464929	52.75	14.99	0.4892597695390782	0.4892597695390782	11.34	0.0	296.0	292.15	553.29	-45.21	0	1
PROTOTYPE	009688	04/15/18	22:08:08	0.4892597695390782	0.4892597695390782	11.32	0.0	4.207634018036073	4.163600638777555	55.69	27.74	0.4892597695390782	0.4892597695390782	11.32	0.0	296.0	292.73	542.01	81.58	0	1
PROTOTYPE	009689	04/15/18	22:08:09	0.4892597695390782	0.4892597695390782	11.32	0.0	4.207634018036073	4.170450275551102	58.17	38.58	0.4892597695390782	0.4892597695390782	11.32	0.0	280.0	290.82	671.59	-170.66	0	1
PROTOTYPE	009690	04/15/18	22:08:10	0.4892597695390782	0.4892597695390782	11.31	0.0	4.207634018036073	4.176321392785571	60.25	47.79	0.4892597695390782	0.4892597695390782	11.31	0.0	290.0	290.7	676.68	-190.06	0	1
PROTOTYPE	009691	04/15/18	22:08:12	0.4892597695390782	0.4892597695390782	11.3	0.0	4.207634018036073	4.181213990480962	61.99	55.62	0.4892597695390782	0.4892597695390782	11.3	0.0	284.0	289.69	711.05	-356.55	0	1
PROTOTYPE	009692	04/15/18	22:08:13	0.4892597695390782	0.4892597695390782	11.28	0.0	4.207634018036073	4.185128068637274	63.43	62.28	0.4892597695390782	0.4892597695390782	11.28	0.0	294.0	290.34	606.84	-123.07	0	1
PROTOTYPE	009693	04/15/18	22:08:15	0.4892597695390782	0.4892597695390782	11.27	0.0	4.207634018036073	4.188063627254508	54.28	52.94	0.4892597695390782	0.4892597695390782	11.27	0.0	297.0	291.34	655.29	-74.61	0	1
PROTOTYPE	009694	04/15/18	22:08:16	0.4892597695390782	0.4892597695390782	11.27	0.0	4.207634018036073	4.1909991858717435	46.57	45.0	0.4892597695390782	0.4892597695390782	11.27	0.0	282.0	289.94	734.09	-153.42	0	1
PROTOTYPE	009695	04/15/18	22:08:17	0.4892597695390782	0.4892597695390782	11.21	0.0	4.207634018036073	4.193934744488978	40.06	38.25	0.4892597695390782	0.4892597695390782	11.21	0.0	296.0	290.85	757.1	-130.41	0	1
PROTOTYPE	009696	04/15/18	22:08:19	0.4892597695390782	0.4892597695390782	11.21	0.0	4.1097820641282565	4.181213990480962	44.98	17.51	0.4892597695390782	0.4892597695390782	11.21	0.0	299.0	292.07	821.65	-65.84	0	1
PROTOTYPE	009697	04/15/18	22:08:20	0.4892597695390782	0.4892597695390782	11.22	0.0	4.207634018036073	4.185128068637274	42.45	14.88	0.4892597695390782	0.4892597695390782	11.22	0.0	300.0	293.26	749.71	244.03	0	1
PROTOTYPE	009698	04/15/18	22:08:22	0.4892597695390782	0.4892597695390782	11.23	0.0	4.207634018036073	4.188063627254508	40.32	12.65	0.4892597695390782	0.4892597695390782	11.23	0.0	295.0	293.52	763.51	282.43	0	1
PROTOTYPE	009699	04/15/18	22:08:23	0.4892597695390782	0.4892597695390782	11.22	0.0	4.1097820641282565	4.176321392785571	47.41	-4.25	0.4892597695390782	0.4892597695390782	11.22	0.0	279.0	291.34	880.87	165.06	0	1
PROTOTYPE	009700	04/15/18	22:08:24	0.4892597695390782	0.4892597695390782	11.23	0.0	4.1097820641282565	4.166536197394789	53.41	-18.61	0.4892597695390782	0.4892597695390782	11.23	0.0	285.0	290.39	911.36	5.3	0	1
PROTOTYPE	009701	04/15/18	22:08:26	0.4892597695390782	0.4892597695390782	11.23	0.0	4.207634018036073	4.172407314629258	56.08	-15.82	0.4892597695390782	0.4892597695390782	11.23	0.0	279.0	288.68	982.28	-265.49	0	1
PROTOTYPE	009702	04/15/18	22:08:27	0.4892597695390782	0.4892597695390782	11.22	0.0	4.207634018036073	4.178278431863728	58.32	-13.45	0.4892597695390782	0.4892597695390782	11.22	0.0	301.0	290.53	1027.0	59.33	0	1
PROTOTYPE	009703	04/15/18	22:08:29	0.4892597695390782	0.4892597695390782	11.23	0.0	4.207634018036073	4.18219251002004	60.19	-11.43	0.4892597695390782	0.4892597695390782	11.23	0.0	283.0	289.4	1048.99	-144.57	0	1
PROTOTYPE	009704	04/15/18	22:08:30	0.4892597695390782	0.4892597695390782	11.25	0.0	4.207634018036073	4.1861065881763535	51.38	5.29	0.4892597695390782	0.4892597695390782	11.25	0.0	284.0	288.59	1007.68	-347.88	0	1
PROTOTYPE	009705	04/15/18	22:08:31	0.4892597695390782	0.4892597695390782	11.26	0.0	4.1097820641282565	4.174364353707415	58.86	-10.51	0.4892597695390782	0.4892597695390782	11.26	0.0	288.0	288.5	897.68	-475.7	0	1
PROTOTYPE	009706	04/15/18	22:08:33	0.4892597695390782	0.4892597695390782	11.26	0.0	4.207634018036073	4.179256951402805	60.36	-8.93	0.4892597695390782	0.4892597695390782	11.26	0.0	284.0	287.83	939.06	-569.35	0	1
PROTOTYPE	009707	04/15/18	22:08:34	0.4892597695390782	0.4892597695390782	11.29	0.0	4.207634018036073	4.184149549098196	52.74	7.41	0.4892597695390782	0.4892597695390782	11.29	0.0	278.0	286.35	868.66	-498.94	0	1
PROTOTYPE	009708	04/15/18	22:08:36	0.4892597695390782	0.4892597695390782	11.29	0.0	4.207634018036073	4.187085107715431	46.3	21.3	0.4892597695390782	0.4892597695390782	11.29	0.0	291.0	287.05	843.25	-334.1	0	1
PROTOTYPE	009709	04/15/18	22:08:37	0.4892597695390782	0.4892597695390782	11.3	0.0	4.207634018036073	4.190020666332665	43.26	18.1	0.4892597695390782	0.4892597695390782	11.3	0.0	287.0	287.04	673.99	-163.99	0	1
PROTOTYPE	009710	04/15/18	22:08:39	0.4892597695390782	0.4892597695390782	11.31	0.0	4.207634018036073	4.1929562249499	40.72	15.39	0.4892597695390782	0.4892597695390782	11.31	0.0	298.0	288.69	653.59	-184.39	0	1
PROTOTYPE	009711	04/15/18	22:08:40	0.4892597695390782	0.4892597695390782	11.31	0.0	4.1097820641282565	4.180235470941884	48.8	-1.92	0.4892597695390782	0.4892597695390782	11.31	0.0	285.0	288.13	595.94	-126.73	0	1
PROTOTYPE	009712	04/15/18	22:08:41	0.4892597695390782	0.4892597695390782	11.29	0.0	4.207634018036073	4.184149549098196	49.06	-1.63	0.4892597695390782	0.4892597695390782	11.29	0.0	279.0	286.76	651.92	-182.72	0	1
PROTOTYPE	009713	04/15/18	22:08:43	0.4892597695390782	0.4892597695390782	11.27	0.0	4.207634018036073	4.188063627254508	41.06	13.61	0.4892597695390782	0.4892597695390782	11.27	0.0	294.0	287.85	751.52	-65.31	0	1
PROTOTYPE	009714	04/15/18	22:08:44	0.4892597695390782	0.4892597695390782	11.28	0.0	4.207634018036073	4.1909991858717435	39.14	11.57	0.4892597695390782	0.4892597695390782	11.28	0.0	293.0	288.62	761.26	79.48	0	1
PROTOTYPE	009715	04/15/18	22:08:46	0.4892597695390782	0.4892597695390782	11.28	0.0	4.207634018036073	4.193934744488978	37.55	9.83	0.4892597695390782	0.4892597695390782	11.28	0.0	289.0	288.68	619.72	232.56	0	1
PROTOTYPE	009716	04/15/18	22:08:47	0.4892597695390782	0.4892597695390782	11.27	0.0	4.207634018036073	4.195891783567134	36.22	8.36	0.4892597695390782	0.4892597695390782	11.27	0.0	289.0	288.73	555.02	167.68	0	1
PROTOTYPE	009717	04/15/18	22:08:48	0.4892597695390782	0.4892597695390782	11.27	0.0	4.207634018036073	4.197848822645291	35.14	7.11	0.4892597695390782	0.4892597695390782	11.27	0.0	294.0	289.52	632.53	247.53	0	1
PROTOTYPE	009718	04/15/18	22:08:50	0.4892597695390782	0.4892597695390782	11.29	0.0	4.1097820641282565	4.184149549098196	45.67	-8.96	0.4892597695390782	0.4892597695390782	11.29	0.0	288.0	289.29	490.96	60.4	0	1
PROTOTYPE	009719	04/15/18	22:08:51	0.4892597695390782	0.4892597695390782	11.27	0.0	4.207634018036073	4.188063627254508	36.67	7.38	0.4892597695390782	0.4892597695390782	11.27	0.0	297.0	290.45	551.32	231.34	0	1
PROTOTYPE	009720	04/15/18	22:08:53	0.4892597695390782	0.4892597695390782	11.26	0.0	4.207634018036073	4.1909991858717435	35.63	6.28	0.4892597695390782	0.4892597695390782	11.26	0.0	304.0	292.48	617.63	571.64	0	1
PROTOTYPE	009721	04/15/18	22:08:54	0.4892597695390782	0.4892597695390782	11.28	0.0	4.207634018036073	4.1929562249499	34.79	5.33	0.4892597695390782	0.4892597695390782	11.28	0.0	300.0	293.61	621.88	575.89	0	1
PROTOTYPE	009722	04/15/18	22:08:55	0.4892597695390782	0.4892597695390782	11.32	0.0	4.207634018036073	4.195891783567134	34.11	4.53	0.4892597695390782	0.4892597695390782	11.32	0.0	278.0	291.27	778.71	264.51	0	1
PROTOTYPE	009723	04/15/18	22:08:57	0.4892597695390782	0.4892597695390782	11.29	0.0	4.1097820641282565	4.18219251002004	44.39	-11.15	0.4892597695390782	0.4892597695390782	11.29	0.0	302.0	292.88	933.87	419.83	0	1
PROTOTYPE	009724	04/15/18	22:08:58	0.4892597695390782	0.4892597695390782	11.28	0.0	4.207634018036073	4.1861065881763535	45.9	-9.47	0.4892597695390782	0.4892597695390782	11.28	0.0	298.0	293.64	1005.71	491.86	0	1
PROTOTYPE	009725	04/15/18	22:09:00	0.4892597695390782	0.4892597695390782	11.25	0.0	4.207634018036073	4.190020666332665	47.12	-8.05	0.4892597695390782	0.4892597695390782	11.25	0.0	301.0	294.75	1036.92	523.08	0	1
PROTOTYPE	009726	04/15/18	22:09:01	0.4892597695390782	0.4892597695390782	11.22	0.0	4.207634018036073	4.191977705410823	36.71	8.16	0.4892597695390782	0.4892597695390782	11.22	0.0	300.0	295.54	1092.91	624.62	0	1
PROTOTYPE	009727	04/15/18	22:09:02	0.4892597695390782	0.4892597695390782	11.25	0.0	4.1097820641282565	4.180235470941884	45.59	-8.07	0.4892597695390782	0.4892597695390782	11.25	0.0	288.0	294.41	1090.29	395.92	0	1
PROTOTYPE	009728	04/15/18	22:09:04	0.4892597695390782	0.4892597695390782	11.26	0.0	4.1097820641282565	4.169471756012024	53.08	-21.86	0.4892597695390782	0.4892597695390782	11.26	0.0	288.0	293.44	983.08	96.54	0	1
PROTOTYPE	009729	04/15/18	22:09:05	0.4892597695390782	0.4892597695390782	11.23	0.0	4.1097820641282565	4.160665080160321	59.37	-33.58	0.4892597695390782	0.4892597695390782	11.23	0.0	290.0	292.93	921.95	-67.94	0	1
PROTOTYPE	009730	04/15/18	22:09:07	0.4892597695390782	0.4892597695390782	11.18	0.0	4.1097820641282565	4.152836923847695	64.63	-43.54	0.4892597695390782	0.4892597695390782	11.18	0.0	291.0	292.64	716.79	137.25	0	1
PROTOTYPE	009731	04/15/18	22:09:08	0.4892597695390782	0.4892597695390782	11.18	0.0	4.1097820641282565	4.145987287074148	58.17	-37.01	0.4892597695390782	0.4892597695390782	11.18	0.0	295.0	292.99	591.22	11.66	0	1
PROTOTYPE	009732	04/15/18	22:09:09	0.4892597695390782	0.4892597695390782	11.18	0.0	4.207634018036073	4.155772482464929	63.58	-31.46	0.4892597695390782	0.4892597695390782	11.18	0.0	282.0	291.34	679.26	-230.09	0	1
PROTOTYPE	009733	04/15/18	22:09:11	0.4892597695390782	0.4892597695390782	11.18	0.0	4.207634018036073	4.163600638777555	68.13	-26.74	0.4892597695390782	0.4892597695390782	11.18	0.0	301.0	292.79	713.77	-195.58	0	1
PROTOTYPE	009734	04/15/18	22:09:12	0.4892597695390782	0.4892597695390782	11.2	0.0	4.1097820641282565	4.155772482464929	73.36	-37.73	0.4892597695390782	0.4892597695390782	11.2	0.0	291.0	292.52	661.9	-301.24	0	1
PROTOTYPE	009735	04/15/18	22:09:14	0.4892597695390782	0.4892597695390782	11.18	0.0	4.1097820641282565	4.1489228456913825	67.76	-32.07	0.4892597695390782	0.4892597695390782	11.18	0.0	297.0	293.2	616.01	-121.05	0	1
PROTOTYPE	009736	04/15/18	22:09:15	0.4892597695390782	0.4892597695390782	11.19	0.0	4.207634018036073	4.157729521543087	66.1	-12.26	0.4892597695390782	0.4892597695390782	11.19	0.0	287.0	292.27	612.86	-117.9	0	1
PROTOTYPE	009737	04/15/18	22:09:16	0.4892597695390782	0.4892597695390782	11.22	0.0	4.207634018036073	4.164579158316633	64.7	4.58	0.4892597695390782	0.4892597695390782	11.22	0.0	300.0	293.43	677.19	49.79	0	1
PROTOTYPE	009738	04/15/18	22:09:18	0.4892597695390782	0.4892597695390782	11.22	0.0	4.207634018036073	4.171428795090181	63.5	18.89	0.4892597695390782	0.4892597695390782	11.22	0.0	288.0	292.61	729.64	-2.68	0	1
PROTOTYPE	009739	04/15/18	22:09:19	0.4892597695390782	0.4892597695390782	11.25	0.0	4.207634018036073	4.176321392785571	62.5	31.06	0.4892597695390782	0.4892597695390782	11.25	0.0	298.0	293.42	775.02	42.72	0	1
PROTOTYPE	009740	04/15/18	22:09:21	0.4892597695390782	0.4892597695390782	11.27	0.0	4.207634018036073	4.181213990480962	57.95	26.4	0.4892597695390782	0.4892597695390782	11.27	0.0	288.0	292.61	691.44	126.31	0	1
PROTOTYPE	009741	04/15/18	22:09:22	0.4892597695390782	0.4892597695390782	11.28	0.0	4.207634018036073	4.185128068637274	54.1	22.44	0.4892597695390782	0.4892597695390782	11.28	0.0	288.0	291.92	615.71	-87.63	0	1
PROTOTYPE	009742	04/15/18	22:09:24	0.4892597695390782	0.4892597695390782	11.27	0.0	4.207634018036073	4.189042146793588	49.46	34.07	0.4892597695390782	0.4892597695390782	11.27	0.0	291.0	291.78	602.6	-74.49	0	1
PROTOTYPE	009743	04/15/18	22:09:25	0.4892597695390782	0.4892597695390782	11.27	0.0	4.207634018036073	4.191977705410823	45.57	43.96	0.4892597695390782	0.4892597695390782	11.27	0.0	297.0	292.56	613.77	-63.31	0	1
PROTOTYPE	009744	04/15/18	22:09:26	0.4892597695390782	0.4892597695390782	11.28	0.0	4.207634018036073	4.193934744488978	39.24	37.37	0.4892597695390782	0.4892597695390782	11.28	0.0	295.0	292.93	557.44	66.18	0	1
PROTOTYPE	009745	04/15/18	22:09:28	0.4892597695390782	0.4892597695390782	11.26	0.0	4.207634018036073	4.195891783567134	33.93	31.76	0.4892597695390782	0.4892597695390782	11.26	0.0	297.0	293.54	502.52	11.26	0	1
PROTOTYPE	009746	04/15/18	22:09:29	0.4892597695390782	0.4892597695390782	11.27	0.0	4.207634018036073	4.197848822645291	29.51	27.0	0.4892597695390782	0.4892597695390782	11.27	0.0	286.0	292.41	534.2	-20.43	0	1
PROTOTYPE	009747	04/15/18	22:09:31	0.4892597695390782	0.4892597695390782	11.27	0.0	4.207634018036073	4.1988273421843685	25.84	22.95	0.4892597695390782	0.4892597695390782	11.27	0.0	294.0	292.65	477.3	-77.37	0	1
PROTOTYPE	009748	04/15/18	22:09:32	0.4892597695390782	0.4892597695390782	11.28	0.0	4.1097820641282565	4.1861065881763535	34.69	4.51	0.4892597695390782	0.4892597695390782	11.28	0.0	295.0	293.0	431.31	39.24	0	1
PROTOTYPE	009749	04/15/18	22:09:33	0.4892597695390782	0.4892597695390782	11.28	0.0	4.207634018036073	4.189042146793588	34.06	3.83	0.4892597695390782	0.4892597695390782	11.28	0.0	293.0	293.0	363.59	108.35	0	1
PROTOTYPE	009750	04/15/18	22:09:35	0.4892597695390782	0.4892597695390782	11.29	0.0	4.207634018036073	4.191977705410823	33.54	3.26	0.4892597695390782	0.4892597695390782	11.29	0.0	270.0	289.55	694.77	-222.9	0	1
PROTOTYPE	009751	04/15/18	22:09:36	0.4892597695390782	0.4892597695390782	11.31	0.0	4.1097820641282565	4.179256951402805	42.98	-12.23	0.4892597695390782	0.4892597695390782	11.31	0.0	286.0	289.02	669.71	-354.47	0	1
PROTOTYPE	009752	04/15/18	22:09:38	0.4892597695390782	0.4892597695390782	11.29	0.0	4.207634018036073	4.184149549098196	44.65	-10.4	0.4892597695390782	0.4892597695390782	11.29	0.0	293.0	289.61	692.87	-331.3	0	1
PROTOTYPE	009753	04/15/18	22:09:39	0.4892597695390782	0.4892597695390782	11.28	0.0	4.207634018036073	4.187085107715431	46.04	-8.84	0.4892597695390782	0.4892597695390782	11.28	0.0	285.0	288.92	701.0	-461.6	0	1
PROTOTYPE	009754	04/15/18	22:09:40	0.4892597695390782	0.4892597695390782	11.29	0.0	4.207634018036073	4.190020666332665	47.19	-7.51	0.4892597695390782	0.4892597695390782	11.29	0.0	301.0	290.73	769.08	-167.36	0	1
PROTOTYPE	009755	04/15/18	22:09:42	0.4892597695390782	0.4892597695390782	11.27	0.0	4.1097820641282565	4.178278431863728	57.55	-21.39	0.4892597695390782	0.4892597695390782	11.27	0.0	285.0	289.87	831.18	-277.26	0	1
PROTOTYPE	009756	04/15/18	22:09:43	0.4892597695390782	0.4892597695390782	11.26	0.0	4.207634018036073	4.1831710295591185	48.47	-3.18	0.4892597695390782	0.4892597695390782	11.26	0.0	266.0	286.29	1153.96	-670.67	0	1
PROTOTYPE	009757	04/15/18	22:09:45	0.4892597695390782	0.4892597695390782	11.26	0.0	4.207634018036073	4.1861065881763535	48.92	-2.7	0.4892597695390782	0.4892597695390782	11.26	0.0	287.0	286.4	1163.26	-660.07	0	1
PROTOTYPE	009758	04/15/18	22:09:46	0.4892597695390782	0.4892597695390782	11.25	0.0	4.207634018036073	4.190020666332665	49.28	-2.3	0.4892597695390782	0.4892597695390782	11.25	0.0	300.0	288.44	1022.28	-111.06	0	1
PROTOTYPE	009759	04/15/18	22:09:47	0.4892597695390782	0.4892597695390782	11.26	0.0	4.207634018036073	4.191977705410823	39.73	13.05	0.4892597695390782	0.4892597695390782	11.26	0.0	290.0	288.67	992.47	-34.4	0	1
PROTOTYPE	009760	04/15/18	22:09:49	0.4892597695390782	0.4892597695390782	11.26	0.0	4.207634018036073	4.194913264028056	37.94	11.09	0.4892597695390782	0.4892597695390782	11.26	0.0	300.0	290.37	1102.62	75.76	0	1
PROTOTYPE	009761	04/15/18	22:09:50	0.4892597695390782	0.4892597695390782	11.28	0.0	4.207634018036073	4.196870303106213	36.47	9.43	0.4892597695390782	0.4892597695390782	11.28	0.0	290.0	290.32	1039.15	139.4	0	1
PROTOTYPE	009762	04/15/18	22:09:52	0.4892597695390782	0.4892597695390782	11.25	0.0	4.207634018036073	4.197848822645291	35.24	8.01	0.4892597695390782	0.4892597695390782	11.25	0.0	305.0	292.52	1078.24	178.49	0	1
PROTOTYPE	009763	04/15/18	22:09:53	0.4892597695390782	0.4892597695390782	11.26	0.0	4.207634018036073	4.199805861723447	24.82	21.81	0.4892597695390782	0.4892597695390782	11.26	0.0	298.0	293.34	1074.44	346.71	0	1
PROTOTYPE	009764	04/15/18	22:09:55	0.4892597695390782	0.4892597695390782	11.28	0.0	4.207634018036073	4.200784381262525	21.99	18.54	0.4892597695390782	0.4892597695390782	11.28	0.0	292.0	293.14	736.5	684.71	0	1
PROTOTYPE	009765	04/15/18	22:09:56	0.4892597695390782	0.4892597695390782	11.28	0.0	4.207634018036073	4.2017629008016035	19.67	15.76	0.4892597695390782	0.4892597695390782	11.28	0.0	292.0	292.97	742.95	657.0	0	1
PROTOTYPE	009766	04/15/18	22:09:57	0.4892597695390782	0.4892597695390782	11.28	0.0	4.207634018036073	4.202741420340682	17.79	13.39	0.4892597695390782	0.4892597695390782	11.28	0.0	283.0	291.47	688.47	303.45	0	1
