Dev_id	Index	Date	Time	Sensor1	Sensor1_Filter	Sensor1_LL	Sensor1_Diff	Sensor2	Sensor2_Filter	Sensor2_LL	Sensor2_Diff	Sensor3	Sensor3_Filter	Sensor3_LL	Sensor3_Diff	Sensor4	Sensor4_Filter	Sensor4_LL	Sensor4_Diff	Heater_Status	FSM_Status
PROTOTYPE	000167	04/15/18	18:24:27	0.4892597695390782	0.4892597695390782	11.21	-0.0	4.207634018036073	4.187085107715431	46.76	-5.4	0.4892597695390782	0.4892597695390782	11.21	-0.07	288.0	290.1	663.17	178.28	0	1
PROTOTYPE	000168	04/15/18	18:24:28	0.4892597695390782	0.4892597695390782	11.2	-0.0	4.207634018036073	4.190020666332665	47.48	-4.59	0.4892597695390782	0.4892597695390782	11.2	-0.06	286.0	289.48	519.39	-88.47	0	1
PROTOTYPE	000169	04/15/18	18:24:29	0.4892597695390782	0.4892597695390782	11.23	-0.0	4.1097820641282565	4.178278431863728	57.36	-18.9	0.4892597695390782	0.4892597695390782	11.23	-0.05	281.0	288.21	640.96	-210.2	0	1
PROTOTYPE	000170	04/15/18	18:24:31	0.4892597695390782	0.4892597695390782	11.24	-0.0	4.207634018036073	4.18219251002004	59.92	-16.06	0.4892597695390782	0.4892597695390782	11.24	-0.04	288.0	288.18	444.72	-13.67	0	1
PROTOTYPE	000171	04/15/18	18:24:32	0.4892597695390782	0.4892597695390782	11.23	-0.0	4.207634018036073	4.1861065881763535	50.45	1.35	0.4892597695390782	0.4892597695390782	11.23	-0.04	296.0	289.35	506.76	48.38	0	1
PROTOTYPE	000172	04/15/18	18:24:34	0.4892597695390782	0.4892597695390782	11.23	-0.0	4.207634018036073	4.189042146793588	42.45	16.14	0.4892597695390782	0.4892597695390782	11.23	-0.03	275.0	287.2	600.08	-288.87	0	1
PROTOTYPE	000173	04/15/18	18:24:35	0.4892597695390782	0.4892597695390782	11.22	-0.0	4.207634018036073	4.191977705410823	40.17	13.72	0.4892597695390782	0.4892597695390782	11.22	-0.03	281.0	286.27	664.38	-410.54	0	1
PROTOTYPE	000174	04/15/18	18:24:36	0.4892597695390782	0.4892597695390782	11.21	-0.0	4.1097820641282565	4.179256951402805	48.2	-3.34	0.4892597695390782	0.4892597695390782	11.21	-0.02	293.0	287.28	755.86	-318.96	0	1
PROTOTYPE	000175	04/15/18	18:24:38	0.4892597695390782	0.4892597695390782	11.21	-0.0	4.1097820641282565	4.169471756012024	54.98	-17.84	0.4892597695390782	0.4892597695390782	11.21	-0.02	296.0	288.59	849.62	-151.12	0	1
PROTOTYPE	000176	04/15/18	18:24:39	0.4892597695390782	0.4892597695390782	11.23	-0.0	4.1097820641282565	4.160665080160321	60.71	-30.16	0.4892597695390782	0.4892597695390782	11.23	-0.02	291.0	288.95	824.34	-53.45	0	1
PROTOTYPE	000177	04/15/18	18:24:41	0.4892597695390782	0.4892597695390782	11.23	-0.0	4.207634018036073	4.1675147169338675	55.75	-10.64	0.4892597695390782	0.4892597695390782	11.23	-0.01	285.0	288.36	756.33	14.57	0	1
PROTOTYPE	000178	04/15/18	18:24:42	0.4892597695390782	0.4892597695390782	11.22	-0.0	4.207634018036073	4.173385834168336	57.29	-9.04	0.4892597695390782	0.4892597695390782	11.22	-0.01	285.0	287.85	803.24	-32.62	0	1
PROTOTYPE	000179	04/15/18	18:24:43	0.4892597695390782	0.4892597695390782	11.25	-0.0	4.207634018036073	4.178278431863728	58.59	-7.68	0.4892597695390782	0.4892597695390782	11.25	-0.01	281.0	286.83	788.74	-252.72	0	1
PROTOTYPE	000180	04/15/18	18:24:45	0.4892597695390782	0.4892597695390782	11.32	-0.0	4.207634018036073	4.1831710295591185	59.69	-6.53	0.4892597695390782	0.4892597695390782	11.32	-0.01	289.0	287.15	606.1	-4.82	0	1
PROTOTYPE	000181	04/15/18	18:24:46	0.4892597695390782	0.4892597695390782	11.34	-0.0	4.207634018036073	4.187085107715431	60.6	-5.55	0.4892597695390782	0.4892597695390782	11.34	-0.01	290.0	287.58	555.84	130.91	0	1
PROTOTYPE	000182	04/15/18	18:24:48	0.4892597695390782	0.4892597695390782	11.38	-0.0	4.207634018036073	4.190020666332665	51.43	10.28	0.4892597695390782	0.4892597695390782	11.38	-0.01	294.0	288.54	551.21	126.27	0	1
PROTOTYPE	000183	04/15/18	18:24:49	0.4892597695390782	0.4892597695390782	11.38	-0.0	4.1097820641282565	4.177299912324649	52.96	8.74	0.4892597695390782	0.4892597695390782	11.38	-0.01	265.0	285.01	773.52	-357.67	0	1
PROTOTYPE	000184	04/15/18	18:24:51	0.4892597695390782	0.4892597695390782	11.37	-0.0	4.1097820641282565	4.1675147169338675	54.26	7.43	0.4892597695390782	0.4892597695390782	11.37	-0.0	299.0	287.11	947.15	-184.02	0	1
PROTOTYPE	000185	04/15/18	18:24:52	0.4892597695390782	0.4892597695390782	11.35	-0.0	4.207634018036073	4.173385834168336	53.17	6.31	0.4892597695390782	0.4892597695390782	11.35	-0.0	272.0	284.84	1114.53	-351.42	0	1
PROTOTYPE	000186	04/15/18	18:24:53	0.4892597695390782	0.4892597695390782	11.35	-0.0	4.207634018036073	4.178278431863728	52.25	5.37	0.4892597695390782	0.4892597695390782	11.35	-0.0	292.0	285.92	1171.53	-193.7	0	1
PROTOTYPE	000187	04/15/18	18:24:55	0.4892597695390782	0.4892597695390782	11.34	-0.0	4.1097820641282565	4.168493236472946	57.47	-10.44	0.4892597695390782	0.4892597695390782	11.34	-0.0	290.0	286.53	1129.99	-29.65	0	1
PROTOTYPE	000188	04/15/18	18:24:56	0.4892597695390782	0.4892597695390782	11.28	-0.0	4.1097820641282565	4.1596865606212425	61.88	-23.87	0.4892597695390782	0.4892597695390782	11.28	-0.0	284.0	286.15	1135.29	-100.2	0	1
PROTOTYPE	000189	04/15/18	18:24:58	0.4892597695390782	0.4892597695390782	11.25	-0.0	4.1097820641282565	4.1518584043086175	65.59	-35.29	0.4892597695390782	0.4892597695390782	11.25	-0.0	289.0	286.58	1135.32	-100.17	0	1
PROTOTYPE	000190	04/15/18	18:24:59	0.4892597695390782	0.4892597695390782	11.22	-0.0	4.207634018036073	4.160665080160321	70.69	-30.0	0.4892597695390782	0.4892597695390782	11.22	-0.0	293.0	287.54	1135.35	-100.15	0	1
PROTOTYPE	000191	04/15/18	18:25:00	0.4892597695390782	0.4892597695390782	11.19	-0.0	4.207634018036073	4.1675147169338675	65.72	-10.5	0.4892597695390782	0.4892597695390782	11.19	-0.0	301.0	289.56	984.11	454.88	0	1
PROTOTYPE	000192	04/15/18	18:25:02	0.4892597695390782	0.4892597695390782	11.2	-0.0	4.1097820641282565	4.158708041082164	64.16	-8.92	0.4892597695390782	0.4892597695390782	11.2	-0.0	296.0	290.53	870.89	341.64	0	1
PROTOTYPE	000193	04/15/18	18:25:03	0.4892597695390782	0.4892597695390782	11.19	-0.0	4.1097820641282565	4.1518584043086175	65.51	-22.59	0.4892597695390782	0.4892597695390782	11.19	-0.0	290.0	290.45	652.25	560.4	0	1
PROTOTYPE	000194	04/15/18	18:25:05	0.4892597695390782	0.4892597695390782	11.2	-0.0	4.1097820641282565	4.14500876753507	66.66	-34.2	0.4892597695390782	0.4892597695390782	11.2	-0.0	304.0	292.48	748.19	656.34	0	1
PROTOTYPE	000195	04/15/18	18:25:06	0.4892597695390782	0.4892597695390782	11.21	-0.0	4.1097820641282565	4.140116169839679	61.62	-29.07	0.4892597695390782	0.4892597695390782	11.21	-0.0	296.0	293.01	739.74	647.89	0	1
PROTOTYPE	000196	04/15/18	18:25:07	0.4892597695390782	0.4892597695390782	11.2	-0.0	4.207634018036073	4.149901365230461	63.0	-9.71	0.4892597695390782	0.4892597695390782	11.2	-0.0	285.0	291.81	821.9	565.7	0	1
PROTOTYPE	000197	04/15/18	18:25:09	0.4892597695390782	0.4892597695390782	11.21	-0.0	4.1097820641282565	4.1440302479959925	61.58	-8.25	0.4892597695390782	0.4892597695390782	11.21	-0.0	294.0	292.14	812.06	555.85	0	1
PROTOTYPE	000198	04/15/18	18:25:10	0.4892597695390782	0.4892597695390782	11.21	-0.0	4.1097820641282565	4.139137650300601	58.38	-22.01	0.4892597695390782	0.4892597695390782	11.21	-0.0	279.0	290.17	912.74	262.47	0	1
PROTOTYPE	000199	04/15/18	18:25:12	0.4892597695390782	0.4892597695390782	11.22	-0.0	4.1097820641282565	4.13424505260521	55.69	-33.71	0.4892597695390782	0.4892597695390782	11.22	-0.0	293.0	290.59	753.39	103.1	0	1
PROTOTYPE	000200	04/15/18	18:25:13	0.4892597695390782	0.4892597695390782	11.23	-0.0	4.1097820641282565	4.130330974448898	50.78	-28.65	0.4892597695390782	0.4892597695390782	11.23	-0.0	286.0	289.9	725.64	-62.36	0	1
PROTOTYPE	000201	04/15/18	18:25:14	0.4892597695390782	0.4892597695390782	11.24	-0.0	4.207634018036073	4.142073208917836	54.99	-9.36	0.4892597695390782	0.4892597695390782	11.24	-0.0	290.0	289.92	719.67	-53.01	0	1
PROTOTYPE	000202	04/15/18	18:25:16	0.4892597695390782	0.4892597695390782	11.23	-0.0	4.1097820641282565	4.137180611222445	53.63	-7.95	0.4892597695390782	0.4892597695390782	11.23	-0.0	282.0	288.73	635.12	-375.06	0	1
PROTOTYPE	000203	04/15/18	18:25:17	0.4892597695390782	0.4892597695390782	11.21	-0.0	4.1097820641282565	4.1332665330661325	52.48	-6.76	0.4892597695390782	0.4892597695390782	11.21	-0.0	293.0	289.37	646.38	-363.8	0	1
PROTOTYPE	000204	04/15/18	18:25:19	0.4892597695390782	0.4892597695390782	11.21	-0.0	4.1097820641282565	4.12935245490982	45.87	-20.75	0.4892597695390782	0.4892597695390782	11.21	-0.0	296.0	290.36	625.72	-144.23	0	1
PROTOTYPE	000205	04/15/18	18:25:20	0.4892597695390782	0.4892597695390782	11.2	-0.0	4.1097820641282565	4.126416896292586	42.9	-17.63	0.4892597695390782	0.4892597695390782	11.2	-0.0	297.0	291.36	692.33	-77.6	0	1
PROTOTYPE	000206	04/15/18	18:25:21	0.4892597695390782	0.4892597695390782	11.21	-0.0	4.1097820641282565	4.124459857214429	40.43	-14.99	0.4892597695390782	0.4892597695390782	11.21	-0.0	274.0	288.76	755.69	-140.96	0	1
PROTOTYPE	000207	04/15/18	18:25:23	0.4892597695390782	0.4892597695390782	11.21	-0.0	4.207634018036073	4.137180611222445	48.61	2.26	0.4892597695390782	0.4892597695390782	11.21	-0.0	291.0	289.09	746.84	-149.81	0	1
PROTOTYPE	000208	04/15/18	18:25:24	0.4892597695390782	0.4892597695390782	11.21	-0.0	4.207634018036073	4.146965806613227	55.52	16.92	0.4892597695390782	0.4892597695390782	11.21	-0.0	299.0	290.58	826.59	67.66	0	1
PROTOTYPE	000209	04/15/18	18:25:26	0.4892597695390782	0.4892597695390782	11.22	-0.0	4.1097820641282565	4.142073208917836	49.6	-0.62	0.4892597695390782	0.4892597695390782	11.22	-0.0	299.0	291.84	950.89	192.51	0	1
PROTOTYPE	000210	04/15/18	18:25:27	0.4892597695390782	0.4892597695390782	11.25	-0.0	4.1097820641282565	4.137180611222445	49.52	-0.53	0.4892597695390782	0.4892597695390782	11.25	-0.0	298.0	292.77	924.52	403.63	0	1
PROTOTYPE	000211	04/15/18	18:25:29	0.4892597695390782	0.4892597695390782	11.25	-0.0	4.1097820641282565	4.1332665330661325	49.44	-0.45	0.4892597695390782	0.4892597695390782	11.25	-0.0	290.0	292.35	901.94	298.09	0	1
PROTOTYPE	000212	04/15/18	18:25:30	0.4892597695390782	0.4892597695390782	11.3	-0.0	4.1097820641282565	4.12935245490982	49.4	-0.38	0.4892597695390782	0.4892597695390782	11.3	-0.0	292.0	292.3	807.93	193.38	0	1
PROTOTYPE	000213	04/15/18	18:25:31	0.4892597695390782	0.4892597695390782	11.31	-0.0	4.207634018036073	4.141094689378758	58.11	14.68	0.4892597695390782	0.4892597695390782	11.31	-0.0	286.0	291.35	802.87	-0.63	0	1
PROTOTYPE	000214	04/15/18	18:25:33	0.4892597695390782	0.4892597695390782	11.3	-0.0	4.1097820641282565	4.1362020916833675	60.15	12.48	0.4892597695390782	0.4892597695390782	11.3	-0.0	296.0	292.05	612.18	329.46	0	1
PROTOTYPE	000215	04/15/18	18:25:34	0.4892597695390782	0.4892597695390782	11.29	-0.0	4.1097820641282565	4.132288013527054	51.6	-4.4	0.4892597695390782	0.4892597695390782	11.29	-0.0	289.0	291.59	624.27	250.04	0	1
PROTOTYPE	000216	04/15/18	18:25:36	0.4892597695390782	0.4892597695390782	11.26	-0.0	4.1097820641282565	4.12935245490982	44.38	-18.74	0.4892597695390782	0.4892597695390782	11.26	-0.0	291.0	291.5	484.65	92.54	0	1
PROTOTYPE	000217	04/15/18	18:25:37	0.4892597695390782	0.4892597695390782	11.26	-0.0	4.1097820641282565	4.126416896292586	41.72	-15.93	0.4892597695390782	0.4892597695390782	11.26	-0.0	289.0	291.13	395.9	-71.34	0	1
PROTOTYPE	000218	04/15/18	18:25:38	0.4892597695390782	0.4892597695390782	11.23	-0.0	4.1097820641282565	4.123481337675351	39.49	-13.54	0.4892597695390782	0.4892597695390782	11.23	-0.0	292.0	291.26	316.66	-150.64	0	1
PROTOTYPE	000219	04/15/18	18:25:40	0.4892597695390782	0.4892597695390782	11.21	-0.0	4.1097820641282565	4.121524298597194	37.64	-11.51	0.4892597695390782	0.4892597695390782	11.21	-0.0	290.0	291.07	294.09	-128.05	0	1
PROTOTYPE	000220	04/15/18	18:25:41	0.4892597695390782	0.4892597695390782	11.16	-0.0	4.1097820641282565	4.119567259519038	36.1	-9.78	0.4892597695390782	0.4892597695390782	11.16	-0.0	295.0	291.66	347.6	-63.84	0	1
PROTOTYPE	000221	04/15/18	18:25:42	0.4892597695390782	0.4892597695390782	11.15	0.0	4.1097820641282565	4.11858873997996	26.11	-23.31	0.4892597695390782	0.4892597695390782	11.15	-0.0	286.0	290.81	338.03	-54.26	0	1
PROTOTYPE	000222	04/15/18	18:25:44	0.4892597695390782	0.4892597695390782	11.14	0.0	4.1097820641282565	4.116631700901803	23.01	-19.82	0.4892597695390782	0.4892597695390782	11.14	-0.0	290.0	290.69	280.56	-136.12	0	1
PROTOTYPE	000223	04/15/18	18:25:45	0.4892597695390782	0.4892597695390782	11.14	0.0	4.1097820641282565	4.115653181362726	20.48	-16.84	0.4892597695390782	0.4892597695390782	11.14	-0.0	301.0	292.24	389.45	64.3	0	1
PROTOTYPE	000224	04/15/18	18:25:47	0.4892597695390782	0.4892597695390782	11.14	0.0	4.1097820641282565	4.114674661823647	18.42	-14.32	0.4892597695390782	0.4892597695390782	11.14	-0.0	291.0	292.05	399.04	54.65	0	1
PROTOTYPE	000225	04/15/18	18:25:48	0.4892597695390782	0.4892597695390782	11.13	0.0	4.1097820641282565	4.114674661823647	16.76	-12.17	0.4892597695390782	0.4892597695390782	11.13	-0.0	295.0	292.49	405.72	136.45	0	1
PROTOTYPE	000226	04/15/18	18:25:49	0.4892597695390782	0.4892597695390782	11.16	0.0	4.1097820641282565	4.113696142284569	15.47	-10.34	0.4892597695390782	0.4892597695390782	11.16	-0.0	299.0	293.47	490.19	220.99	0	1
PROTOTYPE	000227	04/15/18	18:25:51	0.4892597695390782	0.4892597695390782	11.19	0.0	4.1097820641282565	4.112717622745491	14.45	-8.79	0.4892597695390782	0.4892597695390782	11.19	-0.0	291.0	293.1	508.31	202.84	0	1
PROTOTYPE	000228	04/15/18	18:25:52	0.4892597695390782	0.4892597695390782	11.19	0.0	4.1097820641282565	4.112717622745491	13.65	-7.47	0.4892597695390782	0.4892597695390782	11.19	-0.0	293.0	293.08	451.38	142.41	0	1
PROTOTYPE	000229	04/15/18	18:25:54	0.4892597695390782	0.4892597695390782	11.19	0.0	4.1097820641282565	4.111739103206413	13.02	-6.35	0.4892597695390782	0.4892597695390782	11.19	-0.0	285.0	291.87	487.74	106.05	0	1
PROTOTYPE	000230	04/15/18	18:25:55	0.4892597695390782	0.4892597695390782	11.2	0.0	4.1097820641282565	4.111739103206413	12.56	-5.4	0.4892597695390782	0.4892597695390782	11.2	-0.0	297.0	292.64	552.44	195.14	0	1
PROTOTYPE	000231	04/15/18	18:25:57	0.4892597695390782	0.4892597695390782	11.23	0.0	4.1097820641282565	4.111739103206413	12.23	-4.59	0.4892597695390782	0.4892597695390782	11.23	-0.0	286.0	291.64	497.39	-59.13	0	1
PROTOTYPE	000232	04/15/18	18:25:58	0.4892597695390782	0.4892597695390782	11.26	0.0	4.1097820641282565	4.110760583667334	11.99	-3.9	0.4892597695390782	0.4892597695390782	11.26	-0.0	289.0	291.25	518.49	-80.26	0	1
PROTOTYPE	000233	04/15/18	18:25:59	0.4892597695390782	0.4892597695390782	11.28	0.0	4.1097820641282565	4.110760583667334	11.81	-3.32	0.4892597695390782	0.4892597695390782	11.28	-0.0	291.0	291.21	478.21	-128.22	0	1
PROTOTYPE	000234	04/15/18	18:26:01	0.4892597695390782	0.4892597695390782	11.26	0.0	4.1097820641282565	4.110760583667334	11.65	-2.82	0.4892597695390782	0.4892597695390782	11.26	-0.0	293.0	291.48	407.47	-198.99	0	1
PROTOTYPE	000235	04/15/18	18:26:02	0.4892597695390782	0.4892597695390782	11.24	0.0	4.1097820641282565	4.110760583667334	11.52	-2.4	0.4892597695390782	0.4892597695390782	11.24	-0.0	290.0	291.26	392.63	-184.14	0	1
PROTOTYPE	000236	04/15/18	18:26:04	0.4892597695390782	0.4892597695390782	11.24	0.0	4.1097820641282565	4.110760583667334	11.44	-2.04	0.4892597695390782	0.4892597695390782	11.24	-0.0	299.0	292.42	506.76	-66.52	0	1
PROTOTYPE	000237	04/15/18	18:26:05	0.4892597695390782	0.4892597695390782	11.26	0.0	4.1097820641282565	4.110760583667334	11.41	-1.73	0.4892597695390782	0.4892597695390782	11.26	-0.0	297.0	293.11	454.23	123.46	0	1
PROTOTYPE	000238	04/15/18	18:26:06	0.4892597695390782	0.4892597695390782	11.26	0.0	4.1097820641282565	4.110760583667334	11.37	-1.47	0.4892597695390782	0.4892597695390782	11.26	-0.0	291.0	292.79	408.9	14.94	0	1
PROTOTYPE	000239	04/15/18	18:26:08	0.4892597695390782	0.4892597695390782	11.23	0.0	4.1097820641282565	4.1097820641282565	11.31	-1.25	0.4892597695390782	0.4892597695390782	11.23	-0.0	280.0	290.87	501.14	-77.3	0	1
PROTOTYPE	000240	04/15/18	18:26:09	0.4892597695390782	0.4892597695390782	11.24	0.0	4.1097820641282565	4.1097820641282565	11.29	-1.06	0.4892597695390782	0.4892597695390782	11.24	-0.0	290.0	290.74	474.59	-50.71	0	1
PROTOTYPE	000241	04/15/18	18:26:11	0.4892597695390782	0.4892597695390782	11.21	0.0	4.1097820641282565	4.1097820641282565	11.25	-0.9	0.4892597695390782	0.4892597695390782	11.21	-0.0	287.0	290.18	526.74	-103.1	0	1
PROTOTYPE	000242	04/15/18	18:26:12	0.4892597695390782	0.4892597695390782	11.2	0.0	4.1097820641282565	4.1097820641282565	11.23	-0.77	0.4892597695390782	0.4892597695390782	11.2	-0.0	284.0	289.25	592.57	-222.63	0	1
PROTOTYPE	000243	04/15/18	18:26:13	0.4892597695390782	0.4892597695390782	11.22	0.0	4.1097820641282565	4.1097820641282565	11.24	-0.65	0.4892597695390782	0.4892597695390782	11.22	-0.0	290.0	289.36	581.64	-189.24	0	1
PROTOTYPE	000244	04/15/18	18:26:15	0.4892597695390782	0.4892597695390782	11.23	0.0	4.1097820641282565	4.1097820641282565	11.24	-0.55	0.4892597695390782	0.4892597695390782	11.23	-0.0	285.0	288.71	530.98	-370.85	0	1
PROTOTYPE	000245	04/15/18	18:26:16	0.4892597695390782	0.4892597695390782	11.23	0.0	4.1097820641282565	4.1097820641282565	11.24	-0.47	0.4892597695390782	0.4892597695390782	11.23	-0.0	294.0	289.5	541.6	-360.23	0	1
PROTOTYPE	000246	04/15/18	18:26:18	0.4892597695390782	0.4892597695390782	11.23	0.0	4.1097820641282565	4.1097820641282565	11.24	-0.4	0.4892597695390782	0.4892597695390782	11.23	-0.0	291.0	289.73	532.47	-306.19	0	1
PROTOTYPE	000247	04/15/18	18:26:19	0.4892597695390782	0.4892597695390782	11.26	0.0	4.1097820641282565	4.1097820641282565	11.26	-0.34	0.4892597695390782	0.4892597695390782	11.26	-0.0	295.0	290.52	419.71	-35.26	0	1
PROTOTYPE	000248	04/15/18	18:26:20	0.4892597695390782	0.4892597695390782	11.22	0.0	4.1097820641282565	4.1097820641282565	11.22	-0.29	0.4892597695390782	0.4892597695390782	11.22	-0.0	283.0	289.39	519.35	-134.97	0	1
PROTOTYPE	000249	04/15/18	18:26:22	0.4892597695390782	0.4892597695390782	11.22	0.0	4.1097820641282565	4.1097820641282565	11.22	-0.25	0.4892597695390782	0.4892597695390782	11.22	-0.0	295.0	290.23	547.37	5.27	0	1
PROTOTYPE	000250	04/15/18	18:26:23	0.4892597695390782	0.4892597695390782	11.23	0.0	4.1097820641282565	4.1097820641282565	11.23	-0.21	0.4892597695390782	0.4892597695390782	11.23	-0.0	303.0	292.15	646.19	289.48	0	1
PROTOTYPE	000251	04/15/18	18:26:25	0.4892597695390782	0.4892597695390782	11.22	0.0	4.1097820641282565	4.1097820641282565	11.22	-0.18	0.4892597695390782	0.4892597695390782	11.22	-0.0	293.0	292.28	647.75	291.06	0	1
PROTOTYPE	000252	04/15/18	18:26:26	0.4892597695390782	0.4892597695390782	11.21	0.0	4.1097820641282565	4.1097820641282565	11.21	-0.15	0.4892597695390782	0.4892597695390782	11.21	-0.0	289.0	291.78	631.42	307.4	0	1
PROTOTYPE	000253	04/15/18	18:26:27	0.4892597695390782	0.4892597695390782	11.2	0.0	4.1097820641282565	4.1097820641282565	11.2	-0.13	0.4892597695390782	0.4892597695390782	11.2	-0.0	294.0	292.12	585.32	261.29	0	1
PROTOTYPE	000254	04/15/18	18:26:29	0.4892597695390782	0.4892597695390782	11.2	0.0	4.1097820641282565	4.1097820641282565	11.2	-0.11	0.4892597695390782	0.4892597695390782	11.2	-0.0	287.0	291.35	639.59	162.1	0	1
PROTOTYPE	000255	04/15/18	18:26:30	0.4892597695390782	0.4892597695390782	11.19	0.0	4.1097820641282565	4.1097820641282565	11.19	-0.09	0.4892597695390782	0.4892597695390782	11.19	-0.0	291.0	291.3	565.92	77.78	0	1
PROTOTYPE	000256	04/15/18	18:26:32	0.4892597695390782	0.4892597695390782	11.2	0.0	4.1097820641282565	4.1097820641282565	11.2	-0.08	0.4892597695390782	0.4892597695390782	11.2	-0.0	292.0	291.4	463.77	201.11	0	1
PROTOTYPE	000257	04/15/18	18:26:33	0.4892597695390782	0.4892597695390782	11.21	0.0	4.1097820641282565	4.1097820641282565	11.21	-0.07	0.4892597695390782	0.4892597695390782	11.21	-0.0	296.0	292.09	448.61	185.95	0	1
PROTOTYPE	000258	04/15/18	18:26:34	0.4892597695390782	0.4892597695390782	11.23	0.0	4.1097820641282565	4.1097820641282565	11.23	-0.06	0.4892597695390782	0.4892597695390782	11.23	-0.0	290.0	291.78	288.5	-36.94	0	1
PROTOTYPE	000259	04/15/18	18:26:36	0.4892597695390782	0.4892597695390782	11.22	0.0	4.1097820641282565	4.1097820641282565	11.22	-0.05	0.4892597695390782	0.4892597695390782	11.22	-0.0	291.0	291.66	287.39	-61.4	0	1
PROTOTYPE	000260	04/15/18	18:26:37	0.4892597695390782	0.4892597695390782	11.22	0.0	4.1097820641282565	4.1097820641282565	11.22	-0.04	0.4892597695390782	0.4892597695390782	11.22	-0.0	303.0	293.36	408.32	157.81	0	1
PROTOTYPE	000261	04/15/18	18:26:39	0.4892597695390782	0.4892597695390782	11.22	0.0	4.1097820641282565	4.1097820641282565	11.22	-0.04	0.4892597695390782	0.4892597695390782	11.22	-0.0	293.0	293.31	380.66	119.14	0	1
PROTOTYPE	000262	04/15/18	18:26:40	0.4892597695390782	0.4892597695390782	11.21	0.0	4.1097820641282565	4.1097820641282565	11.21	-0.03	0.4892597695390782	0.4892597695390782	11.21	-0.0	294.0	293.41	314.38	206.27	0	1
PROTOTYPE	000263	04/15/18	18:26:41	0.4892597695390782	0.4892597695390782	11.19	0.0	4.1097820641282565	4.1097820641282565	11.19	-0.03	0.4892597695390782	0.4892597695390782	11.19	-0.0	304.0	295.0	467.79	370.33	0	1
PROTOTYPE	000264	04/15/18	18:26:43	0.4892597695390782	0.4892597695390782	11.18	0.0	4.1097820641282565	4.1097820641282565	11.18	-0.02	0.4892597695390782	0.4892597695390782	11.18	-0.0	288.0	293.95	562.15	254.78	0	1
PROTOTYPE	000265	04/15/18	18:26:44	0.4892597695390782	0.4892597695390782	11.17	0.0	4.1097820641282565	4.1097820641282565	11.17	-0.02	0.4892597695390782	0.4892597695390782	11.17	-0.0	286.0	292.76	612.43	66.56	0	1
PROTOTYPE	000266	04/15/18	18:26:46	0.4892597695390782	0.4892597695390782	11.14	0.0	4.1097820641282565	4.1097820641282565	11.14	-0.02	0.4892597695390782	0.4892597695390782	11.14	-0.0	296.0	293.24	629.68	146.58	0	1
PROTOTYPE	000267	04/15/18	18:26:47	0.4892597695390782	0.4892597695390782	11.18	0.0	4.1097820641282565	4.1097820641282565	11.18	-0.01	0.4892597695390782	0.4892597695390782	11.18	-0.0	288.0	292.46	696.6	79.59	0	1
PROTOTYPE	000268	04/15/18	18:26:48	0.4892597695390782	0.4892597695390782	11.2	0.0	4.1097820641282565	4.1097820641282565	11.2	-0.01	0.4892597695390782	0.4892597695390782	11.2	-0.0	293.0	292.54	534.77	-82.35	0	1
PROTOTYPE	000269	04/15/18	18:26:50	0.4892597695390782	0.4892597695390782	11.21	0.0	4.1097820641282565	4.1097820641282565	11.21	-0.01	0.4892597695390782	0.4892597695390782	11.21	-0.0	287.0	291.71	612.25	-160.0	0	1
PROTOTYPE	000270	04/15/18	18:26:51	0.4892597695390782	0.4892597695390782	11.24	0.0	4.1097820641282565	4.1097820641282565	11.24	-0.01	0.4892597695390782	0.4892597695390782	11.24	-0.0	295.0	292.2	651.18	-121.0	0	1
PROTOTYPE	000271	04/15/18	18:26:53	0.4892597695390782	0.4892597695390782	11.25	0.0	4.1097820641282565	4.1097820641282565	11.25	-0.01	0.4892597695390782	0.4892597695390782	11.25	-0.0	291.0	292.02	510.43	-297.85	0	1
PROTOTYPE	000272	04/15/18	18:26:54	0.4892597695390782	0.4892597695390782	11.27	0.0	4.1097820641282565	4.1097820641282565	11.27	-0.01	0.4892597695390782	0.4892597695390782	11.27	-0.0	292.0	292.02	406.87	-193.17	0	1
PROTOTYPE	000273	04/15/18	18:26:55	0.4892597695390782	0.4892597695390782	11.28	0.0	4.1097820641282565	4.1097820641282565	11.28	-0.0	0.4892597695390782	0.4892597695390782	11.28	-0.0	299.0	293.07	392.35	30.81	0	1
PROTOTYPE	000274	04/15/18	18:26:57	0.4892597695390782	0.4892597695390782	11.28	0.0	4.1097820641282565	4.1097820641282565	11.28	-0.0	0.4892597695390782	0.4892597695390782	11.28	-0.0	287.0	292.16	434.68	-108.82	0	1
PROTOTYPE	000275	04/15/18	18:26:58	0.4892597695390782	0.4892597695390782	11.24	0.0	4.1097820641282565	4.1097820641282565	11.24	-0.0	0.4892597695390782	0.4892597695390782	11.24	-0.0	291.0	291.98	373.4	-47.49	0	1
PROTOTYPE	000276	04/15/18	18:27:00	0.4892597695390782	0.4892597695390782	11.23	0.0	4.1097820641282565	4.1097820641282565	11.23	-0.0	0.4892597695390782	0.4892597695390782	11.23	-0.0	280.0	290.18	544.88	-235.37	0	1
PROTOTYPE	000277	04/15/18	18:27:01	0.4892597695390782	0.4892597695390782	11.23	0.0	4.1097820641282565	4.1097820641282565	11.23	-0.0	0.4892597695390782	0.4892597695390782	11.23	-0.0	297.0	291.21	564.02	-50.06	0	1
PROTOTYPE	000278	04/15/18	18:27:02	0.4892597695390782	0.4892597695390782	11.22	0.0	4.1097820641282565	4.1097820641282565	11.22	-0.0	0.4892597695390782	0.4892597695390782	11.22	-0.0	295.0	291.78	571.53	-42.55	0	1
PROTOTYPE	000279	04/15/18	18:27:04	0.4892597695390782	0.4892597695390782	11.22	0.0	4.1097820641282565	4.1097820641282565	11.22	-0.0	0.4892597695390782	0.4892597695390782	11.22	-0.0	278.0	289.71	760.1	-231.17	0	1
PROTOTYPE	000280	04/15/18	18:27:05	0.4892597695390782	0.4892597695390782	11.21	0.0	4.1097820641282565	4.1097820641282565	11.21	-0.0	0.4892597695390782	0.4892597695390782	11.21	-0.0	289.0	289.6	769.39	-241.5	0	1
PROTOTYPE	000281	04/15/18	18:27:07	0.4892597695390782	0.4892597695390782	11.2	0.0	4.1097820641282565	4.1097820641282565	11.2	-0.0	0.4892597695390782	0.4892597695390782	11.2	-0.0	278.0	287.86	838.71	-520.27	0	1
PROTOTYPE	000282	04/15/18	18:27:08	0.4892597695390782	0.4892597695390782	11.22	0.0	4.1097820641282565	4.1097820641282565	11.22	-0.0	0.4892597695390782	0.4892597695390782	11.22	-0.0	287.0	287.73	760.73	-442.23	0	1
PROTOTYPE	000283	04/15/18	18:27:10	0.4892597695390782	0.4892597695390782	11.25	0.0	4.1097820641282565	4.1097820641282565	11.25	-0.0	0.4892597695390782	0.4892597695390782	11.25	-0.0	294.0	288.67	837.35	-330.9	0	1
PROTOTYPE	000284	04/15/18	18:27:11	0.4892597695390782	0.4892597695390782	11.26	0.0	4.1097820641282565	4.1097820641282565	11.26	-0.0	0.4892597695390782	0.4892597695390782	11.26	-0.0	284.0	287.97	727.73	-221.26	0	1
PROTOTYPE	000285	04/15/18	18:27:12	0.4892597695390782	0.4892597695390782	11.25	0.0	4.1097820641282565	4.1097820641282565	11.25	-0.0	0.4892597695390782	0.4892597695390782	11.25	-0.0	299.0	289.63	790.91	-158.07	0	1
PROTOTYPE	000286	04/15/18	18:27:14	0.4892597695390782	0.4892597695390782	11.24	0.0	4.1097820641282565	4.1097820641282565	11.24	-0.0	0.4892597695390782	0.4892597695390782	11.24	-0.0	290.0	289.68	739.78	-209.36	0	1
PROTOTYPE	000287	04/15/18	18:27:15	0.4892597695390782	0.4892597695390782	11.26	0.0	4.207634018036073	4.124459857214429	24.9	15.0	0.4892597695390782	0.4892597695390782	11.26	-0.0	287.0	289.28	573.39	-42.96	0	1
PROTOTYPE	000288	04/15/18	18:27:17	0.4892597695390782	0.4892597695390782	11.25	0.0	4.1097820641282565	4.122502818136272	26.15	12.75	0.4892597695390782	0.4892597695390782	11.25	-0.0	287.0	288.94	596.89	-66.51	0	1
PROTOTYPE	000289	04/15/18	18:27:18	0.4892597695390782	0.4892597695390782	11.26	0.0	4.1097820641282565	4.120545779058117	27.13	10.84	0.4892597695390782	0.4892597695390782	11.26	-0.0	299.0	290.45	573.77	258.46	0	1
PROTOTYPE	000290	04/15/18	18:27:19	0.4892597695390782	0.4892597695390782	11.24	0.0	4.207634018036073	4.1332665330661325	39.16	24.21	0.4892597695390782	0.4892597695390782	11.24	-0.0	280.0	288.88	717.47	114.69	0	1
PROTOTYPE	000291	04/15/18	18:27:21	0.4892597695390782	0.4892597695390782	11.21	0.0	4.1097820641282565	4.130330974448898	41.63	20.58	0.4892597695390782	0.4892597695390782	11.21	-0.0	298.0	290.25	760.26	157.49	0	1
PROTOTYPE	000292	04/15/18	18:27:22	0.4892597695390782	0.4892597695390782	11.19	0.0	4.207634018036073	4.141094689378758	52.21	32.49	0.4892597695390782	0.4892597695390782	11.19	-0.0	287.0	289.76	738.89	178.87	0	1
PROTOTYPE	000293	04/15/18	18:27:24	0.4892597695390782	0.4892597695390782	11.18	0.0	4.1097820641282565	4.137180611222445	55.88	27.62	0.4892597695390782	0.4892597695390782	11.18	-0.0	300.0	291.3	727.06	167.04	0	1
PROTOTYPE	000294	04/15/18	18:27:25	0.4892597695390782	0.4892597695390782	11.18	0.0	4.1097820641282565	4.132288013527054	58.85	23.48	0.4892597695390782	0.4892597695390782	11.18	-0.0	286.0	290.5	800.75	81.98	0	1
PROTOTYPE	000295	04/15/18	18:27:26	0.4892597695390782	0.4892597695390782	11.17	0.0	4.1097820641282565	4.12935245490982	47.58	4.95	0.4892597695390782	0.4892597695390782	11.17	-0.0	295.0	291.18	827.96	189.68	0	1
PROTOTYPE	000296	04/15/18	18:27:28	0.4892597695390782	0.4892597695390782	11.17	0.0	4.207634018036073	4.141094689378758	57.02	19.21	0.4892597695390782	0.4892597695390782	11.17	-0.0	297.0	292.05	881.09	311.23	0	1
PROTOTYPE	000297	04/15/18	18:27:29	0.4892597695390782	0.4892597695390782	11.17	0.0	4.1097820641282565	4.1362020916833675	59.65	16.33	0.4892597695390782	0.4892597695390782	11.17	-0.0	290.0	291.74	760.94	129.55	0	1
PROTOTYPE	000298	04/15/18	18:27:31	0.4892597695390782	0.4892597695390782	11.17	0.0	4.1097820641282565	4.132288013527054	50.51	-1.12	0.4892597695390782	0.4892597695390782	11.17	-0.0	286.0	290.88	690.38	200.11	0	1
PROTOTYPE	000299	04/15/18	18:27:32	0.4892597695390782	0.4892597695390782	11.17	0.0	4.1097820641282565	4.12935245490982	50.35	-0.95	0.4892597695390782	0.4892597695390782	11.17	-0.0	300.0	292.25	690.36	200.1	0	1
PROTOTYPE	000300	04/15/18	18:27:33	0.4892597695390782	0.4892597695390782	11.18	0.0	4.1097820641282565	4.126416896292586	41.62	-15.81	0.4892597695390782	0.4892597695390782	11.18	-0.0	277.0	289.96	870.36	20.08	0	1
PROTOTYPE	000301	04/15/18	18:27:35	0.4892597695390782	0.4892597695390782	11.2	0.0	4.207634018036073	4.138159130761523	49.12	1.56	0.4892597695390782	0.4892597695390782	11.2	-0.0	285.0	289.22	791.21	-207.93	0	1
PROTOTYPE	000302	04/15/18	18:27:36	0.4892597695390782	0.4892597695390782	11.2	0.0	4.1097820641282565	4.13424505260521	49.35	1.33	0.4892597695390782	0.4892597695390782	11.2	-0.0	294.0	289.93	783.5	-56.74	0	1
PROTOTYPE	000303	04/15/18	18:27:38	0.4892597695390782	0.4892597695390782	11.18	0.0	4.1097820641282565	4.130330974448898	49.53	1.13	0.4892597695390782	0.4892597695390782	11.18	-0.0	289.0	289.79	730.11	-138.23	0	1
PROTOTYPE	000304	04/15/18	18:27:39	0.4892597695390782	0.4892597695390782	11.19	0.0	4.1097820641282565	4.127395415831663	40.9	-14.04	0.4892597695390782	0.4892597695390782	11.19	-0.0	294.0	290.43	705.85	-162.49	0	1
PROTOTYPE	000305	04/15/18	18:27:40	0.4892597695390782	0.4892597695390782	11.2	0.0	4.1097820641282565	4.124459857214429	38.94	-11.93	0.4892597695390782	0.4892597695390782	11.2	-0.0	287.0	289.91	726.46	-183.12	0	1
PROTOTYPE	000306	04/15/18	18:27:42	0.4892597695390782	0.4892597695390782	11.21	0.0	4.207634018036073	4.137180611222445	47.43	4.86	0.4892597695390782	0.4892597695390782	11.21	-0.0	302.0	291.72	821.64	84.35	0	1
PROTOTYPE	000307	04/15/18	18:27:43	0.4892597695390782	0.4892597695390782	11.29	0.0	4.1097820641282565	4.1332665330661325	48.14	4.13	0.4892597695390782	0.4892597695390782	11.29	-0.0	290.0	291.47	710.77	-78.3	0	1
PROTOTYPE	000308	04/15/18	18:27:45	0.4892597695390782	0.4892597695390782	11.28	0.0	4.1097820641282565	4.12935245490982	48.7	3.51	0.4892597695390782	0.4892597695390782	11.28	-0.0	284.0	290.35	594.03	38.44	0	1
PROTOTYPE	000309	04/15/18	18:27:46	0.4892597695390782	0.4892597695390782	11.27	0.0	4.1097820641282565	4.126416896292586	39.46	-12.02	0.4892597695390782	0.4892597695390782	11.27	-0.0	288.0	289.99	554.81	77.67	0	1
PROTOTYPE	000310	04/15/18	18:27:47	0.4892597695390782	0.4892597695390782	11.29	0.0	4.1097820641282565	4.124459857214429	37.81	-10.22	0.4892597695390782	0.4892597695390782	11.29	-0.0	277.0	288.05	677.98	-188.98	0	1
PROTOTYPE	000311	04/15/18	18:27:49	0.4892597695390782	0.4892597695390782	11.31	0.0	4.1097820641282565	4.121524298597194	36.44	-8.68	0.39140781563126253	0.4745819764529058	24.96	-15.0	288.0	288.04	665.45	-175.63	0	1
PROTOTYPE	000312	04/15/18	18:27:50	0.4892597695390782	0.4892597695390782	11.33	0.0	4.1097820641282565	4.120545779058117	35.32	-7.38	0.4892597695390782	0.4765390155310621	26.22	-12.75	294.0	288.93	691.79	-149.29	0	1
PROTOTYPE	000313	04/15/18	18:27:52	0.4892597695390782	0.4892597695390782	11.32	0.0	4.1097820641282565	4.11858873997996	34.39	-6.27	0.4892597695390782	0.47849605460921835	27.18	-10.84	295.0	289.84	731.41	-6.89	0	1
PROTOTYPE	000314	04/15/18	18:27:53	0.4892597695390782	0.4892597695390782	11.31	0.0	4.1097820641282565	4.1176102204408815	23.54	-20.33	0.4892597695390782	0.48045309368737477	27.92	-9.21	292.0	290.17	582.47	-155.86	0	1
PROTOTYPE	000315	04/15/18	18:27:54	0.4892597695390782	0.4892597695390782	11.26	0.0	4.1097820641282565	4.115653181362726	20.92	-17.28	0.4892597695390782	0.48143161322645295	28.43	-7.83	288.0	289.84	589.08	-162.48	0	1
PROTOTYPE	000316	04/15/18	18:27:56	0.4892597695390782	0.4892597695390782	11.26	0.0	4.1097820641282565	4.115653181362726	18.79	-14.69	0.4892597695390782	0.482410132765531	28.86	-6.66	293.0	290.32	524.48	-3.11	0	1
PROTOTYPE	000317	04/15/18	18:27:57	0.4892597695390782	0.4892597695390782	11.31	0.0	4.1097820641282565	4.114674661823647	17.12	-12.49	0.4892597695390782	0.48338865230460926	29.22	-5.66	298.0	291.47	604.54	147.36	0	1
PROTOTYPE	000318	04/15/18	18:27:59	0.4892597695390782	0.4892597695390782	11.28	0.0	4.1097820641282565	4.113696142284569	15.74	-10.61	0.4892597695390782	0.48436717184368744	29.43	-4.81	283.0	290.2	536.64	215.25	0	1
PROTOTYPE	000319	04/15/18	18:28:00	0.4892597695390782	0.4892597695390782	11.27	0.0	4.1097820641282565	4.112717622745491	14.66	-9.02	0.4892597695390782	0.4853456913827655	15.94	10.91	296.0	291.07	622.12	302.97	0	1
PROTOTYPE	000320	04/15/18	18:28:01	0.4892597695390782	0.4892597695390782	11.24	0.0	4.1097820641282565	4.112717622745491	13.8	-7.67	0.4892597695390782	0.4863242109218437	14.8	9.28	276.0	288.81	758.71	-12.48	0	1
PROTOTYPE	000321	04/15/18	18:28:03	0.4892597695390782	0.4892597695390782	11.23	0.0	4.1097820641282565	4.111739103206413	13.14	-6.52	0.4892597695390782	0.4863242109218437	13.91	7.88	291.0	289.14	700.6	-70.61	0	1
PROTOTYPE	000322	04/15/18	18:28:04	0.4892597695390782	0.4892597695390782	11.25	0.0	4.1097820641282565	4.111739103206413	12.66	-5.54	0.4892597695390782	0.4863242109218437	13.25	6.7	290.0	289.27	681.24	-90.02	0	1
PROTOTYPE	000323	04/15/18	18:28:06	0.4892597695390782	0.4892597695390782	11.23	0.0	4.1097820641282565	4.111739103206413	12.28	-4.71	0.4892597695390782	0.48730273046092193	12.72	5.7	293.0	289.83	704.74	-1.51	0	1
PROTOTYPE	000324	04/15/18	18:28:07	0.4892597695390782	0.4892597695390782	11.24	0.0	4.1097820641282565	4.110760583667334	12.01	-4.0	0.4892597695390782	0.48730273046092193	12.34	4.84	283.0	288.8	759.74	-151.29	0	1
PROTOTYPE	000325	04/15/18	18:28:08	0.4892597695390782	0.4892597695390782	11.18	0.0	4.1097820641282565	4.110760583667334	11.74	-3.4	0.4892597695390782	0.48730273046092193	11.99	4.12	273.0	286.43	881.5	-503.59	0	1
PROTOTYPE	000326	04/15/18	18:28:10	0.4892597695390782	0.4892597695390782	11.18	0.0	4.1097820641282565	4.110760583667334	11.59	-2.89	0.4892597695390782	0.48828125	11.78	3.5	296.0	287.87	898.0	-233.05	0	1
PROTOTYPE	000327	04/15/18	18:28:11	0.4892597695390782	0.4892597695390782	11.17	0.0	4.1097820641282565	4.110760583667334	11.47	-2.46	0.4892597695390782	0.48828125	11.6	2.97	282.0	286.99	898.98	-408.1	0	1
PROTOTYPE	000328	04/15/18	18:28:13	0.4892597695390782	0.4892597695390782	11.17	0.0	4.1097820641282565	4.110760583667334	11.39	-2.09	0.4892597695390782	0.48828125	11.49	2.53	297.0	288.49	823.15	-31.88	0	1
PROTOTYPE	000329	04/15/18	18:28:14	0.4892597695390782	0.4892597695390782	11.17	0.0	4.1097820641282565	4.110760583667334	11.33	-1.78	0.4892597695390782	0.48828125	11.4	2.15	280.0	287.22	917.58	-192.1	0	1
PROTOTYPE	000330	04/15/18	18:28:15	0.4892597695390782	0.4892597695390782	11.15	0.0	4.1097820641282565	4.110760583667334	11.26	-1.51	0.4892597695390782	0.48828125	11.32	1.83	292.0	287.93	976.33	-133.28	0	1
PROTOTYPE	000331	04/15/18	18:28:17	0.4892597695390782	0.4892597695390782	11.14	0.0	4.1097820641282565	4.1097820641282565	11.22	-1.28	0.4892597695390782	0.48828125	11.26	1.55	290.0	288.24	951.34	-158.29	0	1
PROTOTYPE	000332	04/15/18	18:28:18	0.4892597695390782	0.4892597695390782	11.14	0.0	4.1097820641282565	4.1097820641282565	11.2	-1.09	0.4892597695390782	0.4892597695390782	11.23	1.32	290.0	288.51	875.32	-29.55	0	1
PROTOTYPE	000333	04/15/18	18:28:20	0.4892597695390782	0.4892597695390782	11.16	0.0	4.1097820641282565	4.1097820641282565	11.2	-0.93	0.4892597695390782	0.4892597695390782	11.22	1.12	296.0	289.63	750.69	319.88	0	1
PROTOTYPE	000334	04/15/18	18:28:21	0.4892597695390782	0.4892597695390782	11.15	0.0	4.1097820641282565	4.1097820641282565	11.18	-0.79	0.4892597695390782	0.4892597695390782	11.19	0.95	286.0	289.09	661.64	121.9	0	1
PROTOTYPE	000335	04/15/18	18:28:22	0.4892597695390782	0.4892597695390782	11.15	0.0	4.1097820641282565	4.1097820641282565	11.17	-0.67	0.4892597695390782	0.4892597695390782	11.18	0.81	296.0	290.12	677.34	313.62	0	1
PROTOTYPE	000336	04/15/18	18:28:24	0.4892597695390782	0.4892597695390782	11.15	0.0	4.1097820641282565	4.1097820641282565	11.16	-0.57	0.4892597695390782	0.4892597695390782	11.17	0.69	294.0	290.7	585.31	221.57	0	1
PROTOTYPE	000337	04/15/18	18:28:25	0.4892597695390782	0.4892597695390782	11.18	0.0	4.1097820641282565	4.1097820641282565	11.19	-0.48	0.4892597695390782	0.4892597695390782	11.2	0.59	284.0	289.7	558.55	248.34	0	1
PROTOTYPE	000338	04/15/18	18:28:27	0.4892597695390782	0.4892597695390782	11.21	0.0	4.1097820641282565	4.1097820641282565	11.22	-0.41	0.4892597695390782	0.4892597695390782	11.22	0.5	290.0	289.74	491.5	181.09	0	1
PROTOTYPE	000339	04/15/18	18:28:28	0.4892597695390782	0.4892597695390782	11.21	0.0	4.1097820641282565	4.1097820641282565	11.21	-0.35	0.4892597695390782	0.4892597695390782	11.22	0.42	280.0	288.28	606.64	3.92	0	1
PROTOTYPE	000340	04/15/18	18:28:29	0.4892597695390782	0.4892597695390782	11.23	0.0	4.1097820641282565	4.1097820641282565	11.23	-0.3	0.4892597695390782	0.4892597695390782	11.23	0.36	297.0	289.59	711.02	108.34	0	1
PROTOTYPE	000341	04/15/18	18:28:31	0.4892597695390782	0.4892597695390782	11.24	0.0	4.1097820641282565	4.1097820641282565	11.24	-0.25	0.4892597695390782	0.4892597695390782	11.24	0.31	298.0	290.85	724.77	122.09	0	1
PROTOTYPE	000342	04/15/18	18:28:32	0.4892597695390782	0.4892597695390782	11.25	0.0	4.1097820641282565	4.1097820641282565	11.25	-0.21	0.4892597695390782	0.4892597695390782	11.25	0.26	297.0	291.77	762.53	268.77	0	1
PROTOTYPE	000343	04/15/18	18:28:34	0.4892597695390782	0.4892597695390782	11.26	0.0	4.1097820641282565	4.1097820641282565	11.26	-0.18	0.4892597695390782	0.4892597695390782	11.26	0.22	274.0	289.11	925.42	-101.54	0	1
PROTOTYPE	000344	04/15/18	18:28:35	0.4892597695390782	0.4892597695390782	11.29	0.0	4.1097820641282565	4.1097820641282565	11.29	-0.16	0.4892597695390782	0.4892597695390782	11.29	0.19	296.0	290.14	970.65	-56.31	0	1
PROTOTYPE	000345	04/15/18	18:28:36	0.4892597695390782	0.4892597695390782	11.26	0.0	4.1097820641282565	4.1097820641282565	11.26	-0.13	0.4892597695390782	0.4892597695390782	11.26	0.16	278.0	288.32	1052.2	-137.87	0	1
PROTOTYPE	000346	04/15/18	18:28:38	0.4892597695390782	0.4892597695390782	11.25	0.0	4.1097820641282565	4.1097820641282565	11.25	-0.11	0.4892597695390782	0.4892597695390782	11.25	0.14	287.0	288.12	1067.32	-162.19	0	1
PROTOTYPE	000347	04/15/18	18:28:39	0.4892597695390782	0.4892597695390782	11.27	0.0	4.1097820641282565	4.1097820641282565	11.27	-0.1	0.4892597695390782	0.4892597695390782	11.27	0.12	286.0	287.8	953.02	-47.86	0	1
PROTOTYPE	000348	04/15/18	18:28:41	0.4892597695390782	0.4892597695390782	11.25	0.0	4.1097820641282565	4.1097820641282565	11.25	-0.08	0.4892597695390782	0.4892597695390782	11.25	0.1	297.0	289.18	960.2	-40.68	0	1
PROTOTYPE	000349	04/15/18	18:28:42	0.4892597695390782	0.4892597695390782	11.22	0.0	4.1097820641282565	4.1097820641282565	11.22	-0.07	0.4892597695390782	0.4892597695390782	11.22	0.08	289.0	289.16	837.12	-169.58	0	1
PROTOTYPE	000350	04/15/18	18:28:44	0.4892597695390782	0.4892597695390782	11.28	0.0	4.1097820641282565	4.1097820641282565	11.28	-0.06	0.4892597695390782	0.4892597695390782	11.28	0.07	287.0	288.83	777.26	-294.14	0	1
PROTOTYPE	000351	04/15/18	18:28:45	0.4892597695390782	0.4892597695390782	11.28	0.0	4.1097820641282565	4.1097820641282565	11.28	-0.05	0.4892597695390782	0.4892597695390782	11.28	0.06	289.0	288.86	513.52	-25.02	0	1
PROTOTYPE	000352	04/15/18	18:28:46	0.4892597695390782	0.4892597695390782	11.27	0.0	4.1097820641282565	4.1097820641282565	11.27	-0.04	0.4892597695390782	0.4892597695390782	11.27	0.05	300.0	290.53	577.27	38.73	0	1
PROTOTYPE	000353	04/15/18	18:28:48	0.4892597695390782	0.4892597695390782	11.28	0.0	4.1097820641282565	4.1097820641282565	11.28	-0.04	0.4892597695390782	0.4892597695390782	11.28	0.04	294.0	291.05	447.23	272.92	0	1
PROTOTYPE	000354	04/15/18	18:28:49	0.4892597695390782	0.4892597695390782	11.3	0.0	4.1097820641282565	4.1097820641282565	11.3	-0.03	0.4892597695390782	0.4892597695390782	11.3	0.04	291.0	291.04	428.98	291.98	0	1
PROTOTYPE	000355	04/15/18	18:28:51	0.4892597695390782	0.4892597695390782	11.3	0.0	4.1097820641282565	4.1097820641282565	11.3	-0.03	0.4892597695390782	0.4892597695390782	11.3	0.03	288.0	290.59	442.77	278.19	0	1
PROTOTYPE	000356	04/15/18	18:28:52	0.4892597695390782	0.4892597695390782	11.29	0.0	4.1097820641282565	4.1097820641282565	11.29	-0.02	0.4892597695390782	0.4892597695390782	11.29	0.03	276.0	288.4	523.62	-78.54	0	1
PROTOTYPE	000357	04/15/18	18:28:53	0.4892597695390782	0.4892597695390782	11.31	0.0	4.1097820641282565	4.1097820641282565	11.31	-0.02	0.4892597695390782	0.4892597695390782	11.31	0.02	296.0	289.54	634.57	38.24	0	1
PROTOTYPE	000358	04/15/18	18:28:55	0.4892597695390782	0.4892597695390782	11.27	0.0	4.1097820641282565	4.1097820641282565	11.27	-0.02	0.4892597695390782	0.4892597695390782	11.27	0.02	300.0	291.11	759.13	227.5	0	1
PROTOTYPE	000359	04/15/18	18:28:56	0.4892597695390782	0.4892597695390782	11.26	0.0	4.1097820641282565	4.1097820641282565	11.26	-0.01	0.4892597695390782	0.4892597695390782	11.26	0.02	298.0	292.14	859.65	328.38	0	1
PROTOTYPE	000360	04/15/18	18:28:58	0.4892597695390782	0.4892597695390782	11.25	0.0	4.1097820641282565	4.1097820641282565	11.25	-0.01	0.4892597695390782	0.4892597695390782	11.25	0.01	285.0	291.07	799.64	54.12	0	1
PROTOTYPE	000361	04/15/18	18:28:59	0.4892597695390782	0.4892597695390782	11.24	0.0	4.1097820641282565	4.1097820641282565	11.24	-0.01	0.4892597695390782	0.4892597695390782	11.24	0.01	290.0	290.91	763.67	-14.0	0	1
PROTOTYPE	000362	04/15/18	18:29:00	0.4892597695390782	0.4892597695390782	11.2	0.0	4.1097820641282565	4.1097820641282565	11.2	-0.01	0.4892597695390782	0.4892597695390782	11.2	0.01	289.0	290.62	790.74	-41.9	0	1
PROTOTYPE	000363	04/15/18	18:29:02	0.4892597695390782	0.4892597695390782	11.19	0.0	4.1097820641282565	4.1097820641282565	11.19	-0.01	0.4892597695390782	0.4892597695390782	11.19	0.01	287.0	290.08	799.45	-50.61	0	1
PROTOTYPE	000364	04/15/18	18:29:03	0.4892597695390782	0.4892597695390782	11.2	0.0	4.1097820641282565	4.1097820641282565	11.2	-0.01	0.4892597695390782	0.4892597695390782	11.2	0.01	303.0	292.02	774.46	361.98	0	1
PROTOTYPE	000365	04/15/18	18:29:05	0.4892597695390782	0.4892597695390782	11.18	0.0	4.1097820641282565	4.1097820641282565	11.18	-0.01	0.4892597695390782	0.4892597695390782	11.18	0.01	279.0	290.07	855.7	52.68	0	1
PROTOTYPE	000366	04/15/18	18:29:06	0.4892597695390782	0.4892597695390782	11.15	0.0	4.1097820641282565	4.1097820641282565	11.15	-0.0	0.4892597695390782	0.4892597695390782	11.15	0.01	288.0	289.76	729.77	-135.22	0	1
