Dev_id	Index	Date	Time	Sensor1	Sensor1_Filter	Sensor1_LL	Sensor1_Diff	Sensor2	Sensor2_Filter	Sensor2_LL	Sensor2_Diff	Sensor3	Sensor3_Filter	Sensor3_LL	Sensor3_Diff	Sensor4	Sensor4_Filter	Sensor4_LL	Sensor4_Diff	Heater_Status	FSM_Status
PROTOTYPE	017167	04/16/18	01:03:40	0.4892597695390782	0.4892597695390782	11.29	0.0	3.424818386773547	3.462980648797595	64.8	0.33	0.4892597695390782	0.4892597695390782	11.29	0.0	289.0	291.57	660.89	36.15	0	1
PROTOTYPE	017168	04/16/18	01:03:41	0.4892597695390782	0.4892597695390782	11.28	0.0	3.424818386773547	3.457109531563126	61.53	-14.72	0.4892597695390782	0.4892597695390782	11.28	0.0	302.0	293.14	739.08	270.73	0	1
PROTOTYPE	017169	04/16/18	01:03:43	0.4892597695390782	0.4892597695390782	11.28	0.0	3.424818386773547	3.4522169338677355	59.38	-12.51	0.4892597695390782	0.4892597695390782	11.28	0.0	292.0	292.97	657.66	155.12	0	1
PROTOTYPE	017170	04/16/18	01:03:44	0.4892597695390782	0.4892597695390782	11.29	0.0	3.424818386773547	3.448302855711423	54.84	-25.64	0.4892597695390782	0.4892597695390782	11.29	0.0	286.0	291.92	665.92	146.85	0	1
PROTOTYPE	017171	04/16/18	01:03:45	0.4892597695390782	0.4892597695390782	11.28	0.0	3.424818386773547	3.4443887775551105	51.01	-36.79	0.4892597695390782	0.4892597695390782	11.28	0.0	294.0	292.23	553.92	34.83	0	1
PROTOTYPE	017172	04/16/18	01:03:47	0.4892597695390782	0.4892597695390782	11.28	0.0	3.424818386773547	3.441453218937876	47.81	-46.27	0.4892597695390782	0.4892597695390782	11.28	0.0	285.0	291.15	555.71	-180.4	0	1
PROTOTYPE	017173	04/16/18	01:03:48	0.4892597695390782	0.4892597695390782	11.28	0.0	3.522670340681363	3.4541739729458913	50.64	-24.33	0.4892597695390782	0.4892597695390782	11.28	0.0	292.0	291.28	494.25	-93.34	0	1
PROTOTYPE	017174	04/16/18	01:03:50	0.4892597695390782	0.4892597695390782	11.28	0.0	3.424818386773547	3.449281375250501	47.09	-20.68	0.4892597695390782	0.4892597695390782	11.28	0.0	296.0	291.99	546.92	-4.34	0	1
PROTOTYPE	017175	04/16/18	01:03:51	0.4892597695390782	0.4892597695390782	11.24	0.0	3.424818386773547	3.4453672970941884	44.09	-17.58	0.4892597695390782	0.4892597695390782	11.24	0.0	294.0	292.29	531.73	71.31	0	1
PROTOTYPE	017176	04/16/18	01:03:52	0.4892597695390782	0.4892597695390782	11.25	0.0	3.522670340681363	3.457109531563126	49.93	0.06	0.4892597695390782	0.4892597695390782	11.25	0.0	291.0	292.09	394.69	-104.38	0	1
PROTOTYPE	017177	04/16/18	01:03:54	0.4892597695390782	0.4892597695390782	11.25	0.0	3.424818386773547	3.4522169338677355	49.93	0.05	0.4892597695390782	0.4892597695390782	11.25	0.0	287.0	291.33	453.99	-163.73	0	1
PROTOTYPE	017178	04/16/18	01:03:55	0.4892597695390782	0.4892597695390782	11.24	0.0	3.424818386773547	3.448302855711423	49.94	0.04	0.4892597695390782	0.4892597695390782	11.24	0.0	290.0	291.13	369.47	-79.17	0	1
PROTOTYPE	017179	04/16/18	01:03:57	0.4892597695390782	0.4892597695390782	11.25	0.0	3.424818386773547	3.4443887775551105	49.95	0.04	0.4892597695390782	0.4892597695390782	11.25	0.0	293.0	291.41	366.35	-82.29	0	1
PROTOTYPE	017180	04/16/18	01:03:58	0.4892597695390782	0.4892597695390782	11.23	0.0	3.424818386773547	3.441453218937876	49.94	0.03	0.4892597695390782	0.4892597695390782	11.23	0.0	291.0	291.35	264.15	20.05	0	1
PROTOTYPE	017181	04/16/18	01:03:59	0.4892597695390782	0.4892597695390782	11.23	0.0	3.424818386773547	3.4394961798597192	40.42	-14.97	0.4892597695390782	0.4892597695390782	11.23	0.0	296.0	292.05	321.08	77.04	0	1
PROTOTYPE	017182	04/16/18	01:04:01	0.4892597695390782	0.4892597695390782	11.24	0.0	3.424818386773547	3.4375391407815634	38.37	-12.73	0.4892597695390782	0.4892597695390782	11.24	0.0	298.0	292.94	339.52	95.49	0	1
PROTOTYPE	017183	04/16/18	01:04:02	0.4892597695390782	0.4892597695390782	11.23	0.0	3.522670340681363	3.4502598947895793	47.52	4.18	0.4892597695390782	0.4892597695390782	11.23	0.0	287.0	292.05	398.37	-23.84	0	1
PROTOTYPE	017184	04/16/18	01:04:04	0.4892597695390782	0.4892597695390782	11.22	0.0	3.424818386773547	3.4463458166332663	39.76	-11.45	0.4892597695390782	0.4892597695390782	11.22	0.0	273.0	289.19	664.75	-290.26	0	1
PROTOTYPE	017185	04/16/18	01:04:05	0.4892597695390782	0.4892597695390782	11.21	0.0	3.424818386773547	3.4434102580160317	38.13	-9.73	0.4892597695390782	0.4892597695390782	11.21	0.0	284.0	288.41	666.21	-291.72	0	1
PROTOTYPE	017186	04/16/18	01:04:06	0.4892597695390782	0.4892597695390782	11.22	0.0	3.424818386773547	3.440474699398797	36.79	-8.27	0.4892597695390782	0.4892597695390782	11.22	0.0	287.0	288.2	667.45	-292.96	0	1
PROTOTYPE	017187	04/16/18	01:04:08	0.4892597695390782	0.4892597695390782	11.23	0.0	3.424818386773547	3.4375391407815634	35.67	-7.03	0.4892597695390782	0.4892597695390782	11.23	0.0	284.0	287.57	702.4	-384.02	0	1
PROTOTYPE	017188	04/16/18	01:04:09	0.4892597695390782	0.4892597695390782	11.24	0.0	3.522670340681363	3.4502598947895793	45.37	9.02	0.4892597695390782	0.4892597695390782	11.24	0.0	295.0	288.69	807.53	-266.42	0	1
PROTOTYPE	017189	04/16/18	01:04:11	0.4892597695390782	0.4892597695390782	11.23	0.0	3.424818386773547	3.4463458166332663	46.61	7.67	0.4892597695390782	0.4892597695390782	11.23	0.0	288.0	288.58	748.13	-346.45	0	1
PROTOTYPE	017190	04/16/18	01:04:12	0.4892597695390782	0.4892597695390782	11.2	0.0	3.424818386773547	3.4434102580160317	47.62	6.52	0.4892597695390782	0.4892597695390782	11.2	0.0	295.0	289.55	755.09	-339.49	0	1
PROTOTYPE	017191	04/16/18	01:04:13	0.4892597695390782	0.4892597695390782	11.21	0.0	3.424818386773547	3.440474699398797	37.61	-9.46	0.4892597695390782	0.4892597695390782	11.21	0.0	294.0	290.21	732.82	-183.56	0	1
PROTOTYPE	017192	04/16/18	01:04:15	0.4892597695390782	0.4892597695390782	11.22	0.0	3.424818386773547	3.4385176603206413	36.33	-8.04	0.4892597695390782	0.4892597695390782	11.22	0.0	291.0	290.33	458.97	113.97	0	1
PROTOTYPE	017193	04/16/18	01:04:16	0.4892597695390782	0.4892597695390782	11.23	0.0	3.424818386773547	3.4365606212424846	35.27	-6.83	0.4892597695390782	0.4892597695390782	11.23	0.0	290.0	290.28	386.25	186.88	0	1
PROTOTYPE	017194	04/16/18	01:04:18	0.4892597695390782	0.4892597695390782	11.23	0.0	3.522670340681363	3.449281375250501	45.47	9.19	0.4892597695390782	0.4892597695390782	11.23	0.0	277.0	288.29	564.24	8.84	0	1
PROTOTYPE	017195	04/16/18	01:04:19	0.4892597695390782	0.4892597695390782	11.21	0.0	3.424818386773547	3.4453672970941884	46.71	7.81	0.4892597695390782	0.4892597695390782	11.21	0.0	287.0	288.1	520.6	52.52	0	1
PROTOTYPE	017196	04/16/18	01:04:20	0.4892597695390782	0.4892597695390782	11.22	0.0	3.522670340681363	3.457109531563126	45.54	6.64	0.4892597695390782	0.4892597695390782	11.22	0.0	295.0	289.13	512.72	44.64	0	1
PROTOTYPE	017197	04/16/18	01:04:22	0.4892597695390782	0.4892597695390782	11.24	0.0	3.424818386773547	3.4522169338677355	46.5	5.64	0.4892597695390782	0.4892597695390782	11.24	0.0	298.0	290.46	635.39	187.94	0	1
PROTOTYPE	017198	04/16/18	01:04:23	0.4892597695390782	0.4892597695390782	11.25	0.0	3.424818386773547	3.448302855711423	47.3	4.8	0.4892597695390782	0.4892597695390782	11.25	0.0	296.0	291.29	622.2	174.75	0	1
PROTOTYPE	017199	04/16/18	01:04:25	0.4892597695390782	0.4892597695390782	11.27	0.0	3.522670340681363	3.4590665706412826	55.62	19.08	0.4892597695390782	0.4892597695390782	11.27	0.0	291.0	291.25	559.97	103.54	0	1
PROTOTYPE	017200	04/16/18	01:04:26	0.4892597695390782	0.4892597695390782	11.26	0.0	3.424818386773547	3.4541739729458913	58.29	16.22	0.4892597695390782	0.4892597695390782	11.26	0.0	281.0	289.71	701.82	-61.99	0	1
PROTOTYPE	017201	04/16/18	01:04:27	0.4892597695390782	0.4892597695390782	11.27	0.0	3.522670340681363	3.4639591683366735	66.39	28.78	0.4892597695390782	0.4892597695390782	11.27	0.0	291.0	289.9	716.04	-37.69	0	1
PROTOTYPE	017202	04/16/18	01:04:29	0.4892597695390782	0.4892597695390782	11.26	0.0	3.522670340681363	3.4727658441883773	62.1	24.47	0.4892597695390782	0.4892597695390782	11.26	0.0	292.0	290.22	548.27	192.96	0	1
PROTOTYPE	017203	04/16/18	01:04:30	0.4892597695390782	0.4892597695390782	11.26	0.0	3.522670340681363	3.4805940005010023	65.82	35.8	0.4892597695390782	0.4892597695390782	11.26	0.0	294.0	290.79	585.61	269.02	0	1
PROTOTYPE	017204	04/16/18	01:04:32	0.4892597695390782	0.4892597695390782	11.26	0.0	3.522670340681363	3.4864651177354715	60.52	30.43	0.4892597695390782	0.4892597695390782	11.26	0.0	296.0	291.57	560.26	243.66	0	1
PROTOTYPE	017205	04/16/18	01:04:33	0.4892597695390782	0.4892597695390782	11.28	0.0	3.522670340681363	3.49233623496994	61.04	40.86	0.4892597695390782	0.4892597695390782	11.28	0.0	301.0	292.98	568.71	252.11	0	1
PROTOTYPE	017206	04/16/18	01:04:35	0.4892597695390782	0.4892597695390782	11.3	0.0	3.522670340681363	3.497228832665331	61.47	49.73	0.4892597695390782	0.4892597695390782	11.3	0.0	297.0	293.59	545.9	229.3	0	1
PROTOTYPE	017207	04/16/18	01:04:36	0.4892597695390782	0.4892597695390782	11.29	0.0	3.522670340681363	3.5011429108216436	54.16	42.27	0.4892597695390782	0.4892597695390782	11.29	0.0	292.0	293.35	565.11	209.9	0	1
PROTOTYPE	017208	04/16/18	01:04:37	0.4892597695390782	0.4892597695390782	11.31	0.0	3.424818386773547	3.4894006763527052	60.41	35.93	0.4892597695390782	0.4892597695390782	11.31	0.0	293.0	293.3	416.78	358.42	0	1
PROTOTYPE	017209	04/16/18	01:04:39	0.4892597695390782	0.4892597695390782	11.33	0.0	3.522670340681363	3.4942932740480965	55.12	30.54	0.4892597695390782	0.4892597695390782	11.33	0.0	296.0	293.7	437.99	379.65	0	1
PROTOTYPE	017210	04/16/18	01:04:40	0.4892597695390782	0.4892597695390782	11.33	0.0	3.522670340681363	3.498207352204409	50.65	25.96	0.4892597695390782	0.4892597695390782	11.33	0.0	292.0	293.45	432.09	322.71	0	1
PROTOTYPE	017211	04/16/18	01:04:42	0.4892597695390782	0.4892597695390782	11.34	0.0	3.522670340681363	3.502121430360721	46.89	22.07	0.4892597695390782	0.4892597695390782	11.34	0.0	286.0	292.33	487.06	154.3	0	1
PROTOTYPE	017212	04/16/18	01:04:43	0.4892597695390782	0.4892597695390782	11.34	0.0	3.522670340681363	3.5050569889779557	43.73	18.76	0.4892597695390782	0.4892597695390782	11.34	0.0	290.0	291.98	443.8	41.16	0	1
PROTOTYPE	017213	04/16/18	01:04:44	0.4892597695390782	0.4892597695390782	11.31	0.0	3.522670340681363	3.5079925475951903	41.08	15.94	0.4892597695390782	0.4892597695390782	11.31	0.0	296.0	292.58	362.64	-40.02	0	1
PROTOTYPE	017214	04/16/18	01:04:46	0.4892597695390782	0.4892597695390782	11.31	0.0	3.522670340681363	3.5099495866733466	38.88	13.55	0.4892597695390782	0.4892597695390782	11.31	0.0	289.0	292.05	356.12	-154.02	0	1
PROTOTYPE	017215	04/16/18	01:04:47	0.4892597695390782	0.4892597695390782	11.31	0.0	3.424818386773547	3.497228832665331	47.83	-3.48	0.4892597695390782	0.4892597695390782	11.31	0.0	305.0	293.99	526.62	64.09	0	1
PROTOTYPE	017216	04/16/18	01:04:49	0.4892597695390782	0.4892597695390782	11.3	0.0	3.522670340681363	3.5011429108216436	40.24	12.04	0.4892597695390782	0.4892597695390782	11.3	0.0	287.0	292.94	626.06	-35.53	0	1
PROTOTYPE	017217	04/16/18	01:04:50	0.4892597695390782	0.4892597695390782	11.3	0.0	3.522670340681363	3.5040784694388782	38.54	10.24	0.4892597695390782	0.4892597695390782	11.3	0.0	304.0	294.6	751.37	89.8	0	1
PROTOTYPE	017218	04/16/18	01:04:52	0.4892597695390782	0.4892597695390782	11.3	0.0	3.522670340681363	3.5070140280561124	37.11	8.7	0.4892597695390782	0.4892597695390782	11.3	0.0	287.0	293.46	839.81	1.33	0	1
PROTOTYPE	017219	04/16/18	01:04:53	0.4892597695390782	0.4892597695390782	11.31	0.0	3.424818386773547	3.4942932740480965	45.85	-7.61	0.4892597695390782	0.4892597695390782	11.31	0.0	284.0	292.04	870.01	-28.87	0	1
PROTOTYPE	017220	04/16/18	01:04:54	0.4892597695390782	0.4892597695390782	11.3	0.0	3.522670340681363	3.4991858717434865	46.91	-6.46	0.4892597695390782	0.4892597695390782	11.3	0.0	298.0	292.93	924.44	95.46	0	1
PROTOTYPE	017221	04/16/18	01:04:56	0.4892597695390782	0.4892597695390782	11.3	0.0	3.522670340681363	3.502121430360721	47.8	-5.49	0.4892597695390782	0.4892597695390782	11.3	0.0	295.0	293.24	895.14	66.14	0	1
PROTOTYPE	017222	04/16/18	01:04:57	0.4892597695390782	0.4892597695390782	11.28	0.0	3.522670340681363	3.5050569889779557	48.51	-4.67	0.4892597695390782	0.4892597695390782	11.28	0.0	286.0	292.16	950.05	11.22	0	1
PROTOTYPE	017223	04/16/18	01:04:59	0.4892597695390782	0.4892597695390782	11.27	0.0	3.522670340681363	3.5079925475951903	38.34	11.03	0.4892597695390782	0.4892597695390782	11.27	0.0	291.0	291.98	773.15	-200.46	0	1
PROTOTYPE	017224	04/16/18	01:05:00	0.4892597695390782	0.4892597695390782	11.27	0.0	3.424818386773547	3.4952717935871744	47.05	-5.62	0.4892597695390782	0.4892597695390782	11.27	0.0	287.0	291.24	743.08	-170.39	0	1
PROTOTYPE	017225	04/16/18	01:05:01	0.4892597695390782	0.4892597695390782	11.24	0.0	3.522670340681363	3.4991858717434865	47.83	-4.78	0.4892597695390782	0.4892597695390782	11.24	0.0	287.0	290.6	640.74	-399.83	0	1
PROTOTYPE	017226	04/16/18	01:05:03	0.4892597695390782	0.4892597695390782	11.25	0.0	3.522670340681363	3.5030999498997994	48.49	-4.06	0.4892597695390782	0.4892597695390782	11.25	0.0	284.0	289.61	625.77	-384.86	0	1
PROTOTYPE	017227	04/16/18	01:05:04	0.4892597695390782	0.4892597695390782	11.23	0.0	3.522670340681363	3.506035508517034	39.11	11.55	0.4892597695390782	0.4892597695390782	11.23	0.0	295.0	290.42	564.72	-162.13	0	1
PROTOTYPE	017228	04/16/18	01:05:06	0.4892597695390782	0.4892597695390782	11.22	0.0	3.522670340681363	3.5089710671342687	37.5	9.81	0.4892597695390782	0.4892597695390782	11.22	0.0	294.0	290.96	529.05	-197.81	0	1
PROTOTYPE	017229	04/16/18	01:05:07	0.4892597695390782	0.4892597695390782	11.23	0.0	3.522670340681363	3.510928106212425	36.19	8.34	0.4892597695390782	0.4892597695390782	11.23	0.0	296.0	291.71	573.7	-153.14	0	1
PROTOTYPE	017230	04/16/18	01:05:08	0.4892597695390782	0.4892597695390782	11.23	0.0	3.522670340681363	3.5128851452905807	35.11	7.09	0.4892597695390782	0.4892597695390782	11.23	0.0	284.0	290.56	580.73	-160.17	0	1
PROTOTYPE	017231	04/16/18	01:05:10	0.4892597695390782	0.4892597695390782	11.25	0.0	3.522670340681363	3.513863664829659	34.25	6.03	0.4892597695390782	0.4892597695390782	11.25	0.0	288.0	290.17	601.67	-181.14	0	1
PROTOTYPE	017232	04/16/18	01:05:11	0.5871117234468938	0.5039375626252506	24.9	15.0	3.522670340681363	3.514842184368738	23.35	20.12	0.4892597695390782	0.4892597695390782	11.26	0.0	294.0	290.75	584.33	-48.97	0	1
PROTOTYPE	017233	04/16/18	01:05:13	0.4892597695390782	0.5019805235470942	26.15	12.75	3.522670340681363	3.5167992234468937	20.77	17.1	0.4892597695390782	0.4892597695390782	11.26	0.0	291.0	290.78	524.82	18.37	0	1
PROTOTYPE	017234	04/16/18	01:05:14	0.4892597695390782	0.5000234844689379	27.13	10.84	3.522670340681363	3.5177777429859725	18.69	14.54	0.4892597695390782	0.4892597695390782	11.28	0.0	294.0	291.27	474.05	165.62	0	1
PROTOTYPE	017235	04/16/18	01:05:15	0.4892597695390782	0.4980664453907815	27.88	9.21	3.522670340681363	3.5177777429859725	17.01	12.36	0.4892597695390782	0.4892597695390782	11.28	0.0	298.0	292.28	494.2	185.78	0	1
PROTOTYPE	017236	04/16/18	01:05:17	0.4892597695390782	0.4970879258517034	28.46	7.83	3.522670340681363	3.51875626252505	15.68	10.5	0.4892597695390782	0.4892597695390782	11.3	0.0	291.0	292.09	459.68	112.91	0	1
PROTOTYPE	017237	04/16/18	01:05:18	0.4892597695390782	0.49610940631262535	28.89	6.66	3.522670340681363	3.5197347820641283	14.62	8.93	0.4892597695390782	0.4892597695390782	11.3	0.0	285.0	291.02	490.3	-69.03	0	1
PROTOTYPE	017238	04/16/18	01:05:20	0.4892597695390782	0.49513088677354705	29.21	5.66	3.522670340681363	3.5197347820641283	13.81	7.59	0.4892597695390782	0.4892597695390782	11.31	0.0	288.0	290.57	419.96	1.33	0	1
PROTOTYPE	017239	04/16/18	01:05:21	0.4892597695390782	0.4941523672344689	29.45	4.81	3.522670340681363	3.520713301603206	13.18	6.45	0.4892597695390782	0.4892597695390782	11.31	0.0	286.0	289.88	450.15	-28.87	0	1
PROTOTYPE	017240	04/16/18	01:05:23	0.4892597695390782	0.49317384769539074	15.97	-10.91	3.522670340681363	3.520713301603206	12.7	5.48	0.4892597695390782	0.4892597695390782	11.31	0.0	300.0	291.4	544.47	65.46	0	1
PROTOTYPE	017241	04/16/18	01:05:24	0.4892597695390782	0.4921953281563127	14.85	-9.28	3.522670340681363	3.520713301603206	12.33	4.66	0.4892597695390782	0.4892597695390782	11.31	0.0	288.0	290.89	591.45	10.64	0	1
PROTOTYPE	017242	04/16/18	01:05:25	0.4892597695390782	0.4921953281563127	13.98	-7.88	3.522670340681363	3.5216918211422845	12.05	3.96	0.4892597695390782	0.4892597695390782	11.3	0.0	296.0	291.66	619.85	39.04	0	1
PROTOTYPE	017243	04/16/18	01:05:27	0.4892597695390782	0.4921953281563127	13.32	-6.7	3.522670340681363	3.5216918211422845	11.87	3.37	0.4892597695390782	0.4892597695390782	11.32	0.0	300.0	292.91	643.99	63.19	0	1
PROTOTYPE	017244	04/16/18	01:05:28	0.4892597695390782	0.4912168086172345	12.8	-5.7	3.522670340681363	3.5216918211422845	11.72	2.86	0.4892597695390782	0.4892597695390782	11.32	0.0	296.0	293.37	671.17	128.71	0	1
PROTOTYPE	017245	04/16/18	01:05:30	0.4892597695390782	0.4912168086172345	12.41	-4.84	3.522670340681363	3.5216918211422845	11.6	2.43	0.4892597695390782	0.4892597695390782	11.31	0.0	288.0	292.57	645.48	154.4	0	1
PROTOTYPE	017246	04/16/18	01:05:31	0.4892597695390782	0.4912168086172345	12.1	-4.12	3.522670340681363	3.5216918211422845	11.51	2.07	0.4892597695390782	0.4892597695390782	11.3	0.0	297.0	293.23	666.64	266.24	0	1
PROTOTYPE	017247	04/16/18	01:05:32	0.4892597695390782	0.49023828907815625	11.94	-3.5	3.522670340681363	3.5216918211422845	11.5	1.76	0.4892597695390782	0.4892597695390782	11.35	0.0	299.0	294.1	684.63	421.31	0	1
PROTOTYPE	017248	04/16/18	01:05:34	0.4892597695390782	0.49023828907815625	11.75	-2.97	3.522670340681363	3.5216918211422845	11.43	1.49	0.4892597695390782	0.4892597695390782	11.32	0.0	287.0	293.03	639.34	163.11	0	1
PROTOTYPE	017249	04/16/18	01:05:35	0.4892597695390782	0.49023828907815625	11.63	-2.53	3.522670340681363	3.522670340681363	11.4	1.27	0.4892597695390782	0.4892597695390782	11.32	0.0	299.0	293.93	677.83	303.64	0	1
PROTOTYPE	017250	04/16/18	01:05:37	0.4892597695390782	0.49023828907815625	11.54	-2.15	3.522670340681363	3.522670340681363	11.37	1.08	0.4892597695390782	0.4892597695390782	11.31	0.0	284.0	292.44	750.1	78.1	0	1
PROTOTYPE	017251	04/16/18	01:05:38	0.4892597695390782	0.49023828907815625	11.46	-1.83	3.424818386773547	3.5079925475951903	24.93	-14.08	0.4892597695390782	0.4892597695390782	11.3	0.0	284.0	291.17	751.53	-173.62	0	1
PROTOTYPE	017252	04/16/18	01:05:40	0.4892597695390782	0.49023828907815625	11.42	-1.55	3.522670340681363	3.5099495866733466	26.21	-11.97	0.4892597695390782	0.4892597695390782	11.3	0.0	291.0	291.15	708.09	-222.57	0	1
PROTOTYPE	017253	04/16/18	01:05:41	0.4892597695390782	0.4892597695390782	11.41	-1.32	3.522670340681363	3.5119066257515033	27.22	-10.17	0.4892597695390782	0.4892597695390782	11.33	0.0	287.0	290.52	689.71	-204.19	0	1
PROTOTYPE	017254	04/16/18	01:05:42	0.4892597695390782	0.4892597695390782	11.39	-1.12	3.522670340681363	3.513863664829659	27.99	-8.65	0.4892597695390782	0.4892597695390782	11.33	0.0	295.0	291.2	690.34	-203.56	0	1
PROTOTYPE	017255	04/16/18	01:05:44	0.4892597695390782	0.4892597695390782	11.29	-0.95	3.424818386773547	3.5001643912825657	40.17	-22.35	0.4892597695390782	0.4892597695390782	11.25	0.0	291.0	291.17	607.05	-293.03	0	1
PROTOTYPE	017256	04/16/18	01:05:45	0.4892597695390782	0.4892597695390782	11.29	-0.81	3.522670340681363	3.5030999498997994	42.5	-19.0	0.4892597695390782	0.4892597695390782	11.26	0.0	293.0	291.44	528.13	-159.07	0	1
PROTOTYPE	017257	04/16/18	01:05:47	0.4892597695390782	0.4892597695390782	11.3	-0.69	3.522670340681363	3.506035508517034	44.36	-16.15	0.4892597695390782	0.4892597695390782	11.28	0.0	295.0	291.98	492.0	-195.21	0	1
PROTOTYPE	017258	04/16/18	01:05:48	0.4892597695390782	0.4892597695390782	11.3	-0.59	3.522670340681363	3.5089710671342687	45.81	-13.73	0.4892597695390782	0.4892597695390782	11.28	0.0	293.0	292.13	358.51	-30.93	0	1
PROTOTYPE	017259	04/16/18	01:05:49	0.4892597695390782	0.4892597695390782	11.3	-0.5	3.522670340681363	3.510928106212425	33.36	3.33	0.4892597695390782	0.4892597695390782	11.29	0.0	293.0	292.26	245.07	108.71	0	1
PROTOTYPE	017260	04/16/18	01:05:51	0.4892597695390782	0.4892597695390782	11.27	-0.42	3.522670340681363	3.5128851452905807	32.93	2.83	0.4892597695390782	0.4892597695390782	11.26	0.0	283.0	290.87	381.02	-27.6	0	1
PROTOTYPE	017261	04/16/18	01:05:52	0.4892597695390782	0.4892597695390782	11.23	-0.36	3.522670340681363	3.513863664829659	32.58	2.41	0.4892597695390782	0.4892597695390782	11.23	0.0	285.0	289.99	406.88	-53.46	0	1
PROTOTYPE	017262	04/16/18	01:05:54	0.4892597695390782	0.4892597695390782	11.24	-0.31	3.522670340681363	3.5158207039078153	32.32	2.05	0.4892597695390782	0.4892597695390782	11.24	0.0	290.0	289.99	341.15	-120.44	0	1
PROTOTYPE	017263	04/16/18	01:05:55	0.4892597695390782	0.4892597695390782	11.26	-0.26	3.522670340681363	3.5167992234468937	20.46	16.74	0.4892597695390782	0.4892597695390782	11.26	0.0	296.0	290.89	428.04	-27.37	0	1
PROTOTYPE	017264	04/16/18	01:05:56	0.4892597695390782	0.4892597695390782	11.28	-0.22	3.522670340681363	3.5177777429859725	18.44	14.23	0.4892597695390782	0.4892597695390782	11.28	0.0	281.0	289.41	548.9	-203.27	0	1
PROTOTYPE	017265	04/16/18	01:05:58	0.4892597695390782	0.4892597695390782	11.28	-0.19	3.522670340681363	3.5177777429859725	16.81	12.09	0.4892597695390782	0.4892597695390782	11.28	0.0	295.0	290.25	579.38	-172.78	0	1
PROTOTYPE	017266	04/16/18	01:05:59	0.4892597695390782	0.4892597695390782	11.28	-0.16	3.522670340681363	3.51875626252505	15.51	10.28	0.4892597695390782	0.4892597695390782	11.28	0.0	299.0	291.56	695.24	-56.86	0	1
PROTOTYPE	017267	04/16/18	01:06:01	0.4892597695390782	0.4892597695390782	11.29	-0.14	3.522670340681363	3.5197347820641283	14.5	8.74	0.4892597695390782	0.4892597695390782	11.29	0.0	293.0	291.78	703.74	-48.33	0	1
PROTOTYPE	017268	04/16/18	01:06:02	0.4892597695390782	0.4892597695390782	11.31	-0.12	3.522670340681363	3.5197347820641283	13.72	7.43	0.4892597695390782	0.4892597695390782	11.31	0.0	285.0	290.76	666.5	-11.08	0	1
PROTOTYPE	017269	04/16/18	01:06:04	0.4892597695390782	0.4892597695390782	11.33	-0.1	3.522670340681363	3.520713301603206	13.12	6.31	0.4892597695390782	0.4892597695390782	11.33	0.0	302.0	292.45	747.03	245.58	0	1
PROTOTYPE	017270	04/16/18	01:06:05	0.4892597695390782	0.4892597695390782	11.33	-0.08	3.522670340681363	3.520713301603206	12.66	5.37	0.4892597695390782	0.4892597695390782	11.33	0.0	289.0	291.93	797.32	193.74	0	1
PROTOTYPE	017271	04/16/18	01:06:06	0.4892597695390782	0.4892597695390782	11.32	-0.07	3.522670340681363	3.520713301603206	12.3	4.56	0.4892597695390782	0.4892597695390782	11.32	0.0	287.0	291.19	781.13	29.68	0	1
PROTOTYPE	017272	04/16/18	01:06:08	0.4892597695390782	0.4892597695390782	11.31	-0.06	3.522670340681363	3.5216918211422845	12.03	3.88	0.4892597695390782	0.4892597695390782	11.31	0.0	297.0	292.06	719.9	265.23	0	1
PROTOTYPE	017273	04/16/18	01:06:09	0.4892597695390782	0.4892597695390782	11.29	-0.05	3.522670340681363	3.5216918211422845	11.81	3.3	0.4892597695390782	0.4892597695390782	11.29	0.0	291.0	291.9	652.0	165.45	0	1
PROTOTYPE	017274	04/16/18	01:06:11	0.4892597695390782	0.4892597695390782	11.29	-0.04	3.522670340681363	3.5216918211422845	11.67	2.8	0.4892597695390782	0.4892597695390782	11.29	0.0	286.0	291.02	609.25	-54.37	0	1
PROTOTYPE	017275	04/16/18	01:06:12	0.4892597695390782	0.4892597695390782	11.26	-0.04	3.522670340681363	3.5216918211422845	11.54	2.38	0.4892597695390782	0.4892597695390782	11.26	0.0	292.0	291.16	602.42	-61.22	0	1
PROTOTYPE	017276	04/16/18	01:06:13	0.4892597695390782	0.4892597695390782	11.29	-0.03	3.522670340681363	3.5216918211422845	11.49	2.02	0.4892597695390782	0.4892597695390782	11.29	0.0	283.0	289.94	623.24	-82.03	0	1
PROTOTYPE	017277	04/16/18	01:06:15	0.4892597695390782	0.4892597695390782	11.31	-0.03	3.522670340681363	3.5216918211422845	11.46	1.72	0.4892597695390782	0.4892597695390782	11.31	0.0	290.0	289.95	456.33	-249.73	0	1
PROTOTYPE	017278	04/16/18	01:06:16	0.4892597695390782	0.4892597695390782	11.31	-0.02	3.522670340681363	3.5216918211422845	11.41	1.46	0.4892597695390782	0.4892597695390782	11.31	0.0	294.0	290.56	465.41	-137.27	0	1
PROTOTYPE	017279	04/16/18	01:06:18	0.4892597695390782	0.4892597695390782	11.33	-0.02	3.522670340681363	3.522670340681363	11.41	1.24	0.4892597695390782	0.4892597695390782	11.33	0.0	272.0	287.77	669.81	-341.68	0	1
PROTOTYPE	017280	04/16/18	01:06:19	0.4892597695390782	0.4892597695390782	11.32	-0.02	3.522670340681363	3.522670340681363	11.37	1.06	0.4892597695390782	0.4892597695390782	11.32	0.0	275.0	285.86	774.25	-620.43	0	1
PROTOTYPE	017281	04/16/18	01:06:20	0.4892597695390782	0.4892597695390782	11.32	-0.01	3.522670340681363	3.522670340681363	11.36	0.9	0.4892597695390782	0.4892597695390782	11.32	0.0	288.0	286.18	790.44	-572.36	0	1
PROTOTYPE	017282	04/16/18	01:06:22	0.4892597695390782	0.4892597695390782	11.32	-0.01	3.522670340681363	3.522670340681363	11.35	0.76	0.4892597695390782	0.4892597695390782	11.32	0.0	293.0	287.2	804.23	-381.51	0	1
PROTOTYPE	017283	04/16/18	01:06:23	0.4892597695390782	0.4892597695390782	11.32	-0.01	3.522670340681363	3.522670340681363	11.34	0.65	0.4892597695390782	0.4892597695390782	11.32	0.0	291.0	287.77	846.41	-339.28	0	1
PROTOTYPE	017284	04/16/18	01:06:25	0.4892597695390782	0.4892597695390782	11.3	-0.01	3.522670340681363	3.522670340681363	11.31	0.55	0.4892597695390782	0.4892597695390782	11.3	0.0	298.0	289.31	877.37	-63.39	0	1
PROTOTYPE	017285	04/16/18	01:06:26	0.4892597695390782	0.4892597695390782	11.29	-0.01	3.522670340681363	3.522670340681363	11.3	0.47	0.4892597695390782	0.4892597695390782	11.29	0.0	289.0	289.26	880.47	-68.88	0	1
PROTOTYPE	017286	04/16/18	01:06:28	0.4892597695390782	0.4892597695390782	11.29	-0.01	3.522670340681363	3.522670340681363	11.3	0.4	0.4892597695390782	0.4892597695390782	11.29	0.0	280.0	287.87	958.59	-268.55	0	1
PROTOTYPE	017287	04/16/18	01:06:29	0.4892597695390782	0.4892597695390782	11.3	-0.01	3.522670340681363	3.522670340681363	11.3	0.34	0.4892597695390782	0.4892597695390782	11.3	0.0	285.0	287.44	723.33	-33.27	0	1
PROTOTYPE	017288	04/16/18	01:06:30	0.4892597695390782	0.4892597695390782	11.31	-0.0	3.522670340681363	3.522670340681363	11.31	0.29	0.4892597695390782	0.4892597695390782	11.31	0.0	290.0	287.82	570.15	196.72	0	1
PROTOTYPE	017289	04/16/18	01:06:32	0.4892597695390782	0.4892597695390782	11.31	-0.0	3.522670340681363	3.522670340681363	11.31	0.24	0.4892597695390782	0.4892597695390782	11.31	0.0	293.0	288.6	615.63	242.21	0	1
PROTOTYPE	017290	04/16/18	01:06:33	0.4892597695390782	0.4892597695390782	11.31	-0.0	3.522670340681363	3.522670340681363	11.31	0.21	0.4892597695390782	0.4892597695390782	11.31	0.0	296.0	289.71	624.3	250.88	0	1
PROTOTYPE	017291	04/16/18	01:06:35	0.4892597695390782	0.4892597695390782	11.33	-0.0	3.522670340681363	3.522670340681363	11.33	0.18	0.4892597695390782	0.4892597695390782	11.33	0.0	292.0	290.05	601.67	228.25	0	1
PROTOTYPE	017292	04/16/18	01:06:36	0.4892597695390782	0.4892597695390782	11.32	-0.0	3.522670340681363	3.522670340681363	11.32	0.15	0.4892597695390782	0.4892597695390782	11.32	0.0	287.0	289.6	494.07	29.01	0	1
PROTOTYPE	017293	04/16/18	01:06:37	0.4892597695390782	0.4892597695390782	11.3	-0.0	3.522670340681363	3.522670340681363	11.3	0.13	0.4892597695390782	0.4892597695390782	11.3	0.0	284.0	288.76	573.22	-50.34	0	1
PROTOTYPE	017294	04/16/18	01:06:39	0.4892597695390782	0.4892597695390782	11.3	-0.0	3.522670340681363	3.522670340681363	11.3	0.11	0.4892597695390782	0.4892597695390782	11.3	0.0	295.0	289.69	527.97	182.21	0	1
PROTOTYPE	017295	04/16/18	01:06:40	0.4892597695390782	0.4892597695390782	11.3	-0.0	3.522670340681363	3.522670340681363	11.3	0.09	0.4892597695390782	0.4892597695390782	11.3	0.0	289.0	289.59	495.38	214.88	0	1
PROTOTYPE	017296	04/16/18	01:06:42	0.4892597695390782	0.4892597695390782	11.31	-0.0	3.522670340681363	3.522670340681363	11.31	0.08	0.4892597695390782	0.4892597695390782	11.31	0.0	285.0	288.9	525.81	107.65	0	1
PROTOTYPE	017297	04/16/18	01:06:43	0.4892597695390782	0.4892597695390782	11.36	-0.0	3.522670340681363	3.522670340681363	11.36	0.07	0.4892597695390782	0.4892597695390782	11.36	0.0	295.0	289.82	539.66	121.5	0	1
PROTOTYPE	017298	04/16/18	01:06:45	0.4892597695390782	0.4892597695390782	11.36	-0.0	3.522670340681363	3.522670340681363	11.36	0.06	0.4892597695390782	0.4892597695390782	11.36	0.0	290.0	289.84	431.76	13.28	0	1
PROTOTYPE	017299	04/16/18	01:06:46	0.4892597695390782	0.4892597695390782	11.34	-0.0	3.522670340681363	3.522670340681363	11.34	0.05	0.4892597695390782	0.4892597695390782	11.34	0.0	297.0	290.92	504.75	86.28	0	1
PROTOTYPE	017300	04/16/18	01:06:47	0.4892597695390782	0.4892597695390782	11.35	-0.0	3.522670340681363	3.522670340681363	11.35	0.04	0.4892597695390782	0.4892597695390782	11.35	0.0	295.0	291.53	520.19	193.34	0	1
PROTOTYPE	017301	04/16/18	01:06:49	0.4892597695390782	0.4892597695390782	11.34	-0.0	3.522670340681363	3.522670340681363	11.34	0.03	0.4892597695390782	0.4892597695390782	11.34	0.0	295.0	292.05	488.32	329.34	0	1
PROTOTYPE	017302	04/16/18	01:06:50	0.4892597695390782	0.4892597695390782	11.36	-0.0	3.522670340681363	3.522670340681363	11.36	0.03	0.4892597695390782	0.4892597695390782	11.36	0.0	296.0	292.64	453.92	294.94	0	1
PROTOTYPE	017303	04/16/18	01:06:52	0.4892597695390782	0.4892597695390782	11.33	-0.0	3.522670340681363	3.522670340681363	11.33	0.03	0.4892597695390782	0.4892597695390782	11.33	0.0	292.0	292.55	453.17	295.7	0	1
PROTOTYPE	017304	04/16/18	01:06:53	0.4892597695390782	0.4892597695390782	11.33	-0.0	3.522670340681363	3.522670340681363	11.33	0.02	0.4892597695390782	0.4892597695390782	11.33	0.0	293.0	292.61	391.28	371.34	0	1
PROTOTYPE	017305	04/16/18	01:06:54	0.4892597695390782	0.4892597695390782	11.28	-0.0	3.522670340681363	3.522670340681363	11.28	0.02	0.4892597695390782	0.4892597695390782	11.28	0.0	291.0	292.37	324.03	255.64	0	1
PROTOTYPE	017306	04/16/18	01:06:56	0.4892597695390782	0.4892597695390782	11.28	-0.0	3.522670340681363	3.522670340681363	11.28	0.02	0.4892597695390782	0.4892597695390782	11.28	0.0	299.0	293.37	420.35	352.3	0	1
PROTOTYPE	017307	04/16/18	01:06:57	0.4892597695390782	0.4892597695390782	11.3	-0.0	3.522670340681363	3.522670340681363	11.3	0.01	0.4892597695390782	0.4892597695390782	11.3	0.0	291.0	293.01	348.51	209.45	0	1
PROTOTYPE	017308	04/16/18	01:06:59	0.4892597695390782	0.4892597695390782	11.29	-0.0	3.522670340681363	3.522670340681363	11.29	0.01	0.4892597695390782	0.4892597695390782	11.29	0.0	287.0	292.11	377.43	58.03	0	1
PROTOTYPE	017309	04/16/18	01:07:00	0.4892597695390782	0.4892597695390782	11.31	-0.0	3.522670340681363	3.522670340681363	11.31	0.01	0.4892597695390782	0.4892597695390782	11.31	0.0	294.0	292.39	353.74	34.33	0	1
PROTOTYPE	017310	04/16/18	01:07:01	0.4892597695390782	0.4892597695390782	11.28	-0.0	3.522670340681363	3.522670340681363	11.28	0.01	0.4892597695390782	0.4892597695390782	11.28	0.0	287.0	291.58	375.38	-105.82	0	1
PROTOTYPE	017311	04/16/18	01:07:03	0.4892597695390782	0.4892597695390782	11.29	-0.0	3.522670340681363	3.522670340681363	11.29	0.01	0.4892597695390782	0.4892597695390782	11.29	0.0	292.0	291.65	372.04	-89.95	0	1
PROTOTYPE	017312	04/16/18	01:07:04	0.4892597695390782	0.4892597695390782	11.28	-0.0	3.522670340681363	3.522670340681363	11.28	0.01	0.4892597695390782	0.4892597695390782	11.28	0.0	287.0	290.95	434.79	-166.46	0	1
PROTOTYPE	017313	04/16/18	01:07:06	0.4892597695390782	0.4892597695390782	11.33	-0.0	3.522670340681363	3.522670340681363	11.33	0.0	0.4892597695390782	0.4892597695390782	11.33	0.0	292.0	291.11	426.36	-126.49	0	1
PROTOTYPE	017314	04/16/18	01:07:07	0.4892597695390782	0.4892597695390782	11.32	-0.0	3.522670340681363	3.522670340681363	11.32	0.0	0.4892597695390782	0.4892597695390782	11.32	0.0	290.0	290.94	343.6	-242.51	0	1
PROTOTYPE	017315	04/16/18	01:07:09	0.4892597695390782	0.4892597695390782	11.3	-0.0	3.522670340681363	3.522670340681363	11.3	0.0	0.4892597695390782	0.4892597695390782	11.3	0.0	284.0	289.9	412.2	-311.14	0	1
PROTOTYPE	017316	04/16/18	01:07:10	0.4892597695390782	0.4892597695390782	11.31	-0.0	3.522670340681363	3.522670340681363	11.31	0.0	0.4892597695390782	0.4892597695390782	11.31	0.0	300.0	291.41	473.53	-69.47	0	1
PROTOTYPE	017317	04/16/18	01:07:11	0.4892597695390782	0.4892597695390782	11.29	-0.0	3.522670340681363	3.522670340681363	11.29	0.0	0.4892597695390782	0.4892597695390782	11.29	0.0	284.0	290.3	556.37	-209.05	0	1
PROTOTYPE	017318	04/16/18	01:07:13	0.4892597695390782	0.4892597695390782	11.3	-0.0	3.522670340681363	3.522670340681363	11.3	0.0	0.4892597695390782	0.4892597695390782	11.3	0.0	287.0	289.81	525.02	-177.69	0	1
PROTOTYPE	017319	04/16/18	01:07:14	0.4892597695390782	0.4892597695390782	11.29	-0.0	3.522670340681363	3.522670340681363	11.29	0.0	0.4892597695390782	0.4892597695390782	11.29	0.0	297.0	290.89	626.53	-76.04	0	1
PROTOTYPE	017320	04/16/18	01:07:16	0.4892597695390782	0.4892597695390782	11.27	-0.0	3.522670340681363	3.522670340681363	11.27	0.0	0.4892597695390782	0.4892597695390782	11.27	0.0	294.0	291.35	603.54	40.37	0	1
PROTOTYPE	017321	04/16/18	01:07:17	0.4892597695390782	0.4892597695390782	11.21	-0.0	3.522670340681363	3.522670340681363	11.21	0.0	0.4892597695390782	0.4892597695390782	11.21	0.0	298.0	292.35	687.43	124.31	0	1
PROTOTYPE	017322	04/16/18	01:07:18	0.4892597695390782	0.4892597695390782	11.21	-0.0	3.522670340681363	3.522670340681363	11.21	0.0	0.4892597695390782	0.4892597695390782	11.21	0.0	285.0	291.25	781.03	30.67	0	1
PROTOTYPE	017323	04/16/18	01:07:20	0.4892597695390782	0.4892597695390782	11.22	-0.0	3.522670340681363	3.522670340681363	11.22	0.0	0.4892597695390782	0.4892597695390782	11.22	0.0	286.0	290.46	755.63	56.07	0	1
PROTOTYPE	017324	04/16/18	01:07:21	0.4892597695390782	0.4892597695390782	11.2	-0.0	3.522670340681363	3.522670340681363	11.2	0.0	0.4892597695390782	0.4892597695390782	11.2	0.0	286.0	289.79	671.05	-162.34	0	1
PROTOTYPE	017325	04/16/18	01:07:23	0.4892597695390782	0.4892597695390782	11.19	-0.0	3.522670340681363	3.522670340681363	11.19	0.0	0.4892597695390782	0.4892597695390782	11.19	0.0	291.0	289.97	577.99	-32.99	0	1
PROTOTYPE	017326	04/16/18	01:07:24	0.4892597695390782	0.4892597695390782	11.17	-0.0	3.522670340681363	3.522670340681363	11.17	0.0	0.4892597695390782	0.4892597695390782	11.17	0.0	293.0	290.43	573.86	61.96	0	1
PROTOTYPE	017327	04/16/18	01:07:25	0.4892597695390782	0.4892597695390782	11.19	-0.0	3.522670340681363	3.522670340681363	11.19	0.0	0.4892597695390782	0.4892597695390782	11.19	0.0	287.0	289.91	517.39	-97.34	0	1
PROTOTYPE	017328	04/16/18	01:07:27	0.4892597695390782	0.4892597695390782	11.22	-0.0	3.522670340681363	3.522670340681363	11.22	0.0	0.4892597695390782	0.4892597695390782	11.22	0.0	295.0	290.68	546.98	-67.74	0	1
PROTOTYPE	017329	04/16/18	01:07:28	0.4892597695390782	0.4892597695390782	11.23	-0.0	3.522670340681363	3.522670340681363	11.23	0.0	0.4892597695390782	0.4892597695390782	11.23	0.0	293.0	291.02	482.16	-132.58	0	1
PROTOTYPE	017330	04/16/18	01:07:30	0.4892597695390782	0.4892597695390782	11.22	-0.0	3.522670340681363	3.522670340681363	11.22	0.0	0.4892597695390782	0.4892597695390782	11.22	0.0	296.0	291.77	446.54	52.31	0	1
PROTOTYPE	017331	04/16/18	01:07:31	0.4892597695390782	0.4892597695390782	11.2	-0.0	3.522670340681363	3.522670340681363	11.2	0.0	0.4892597695390782	0.4892597695390782	11.2	0.0	291.0	291.66	379.46	119.46	0	1
PROTOTYPE	017332	04/16/18	01:07:32	0.4892597695390782	0.4892597695390782	11.21	-0.0	3.522670340681363	3.522670340681363	11.21	0.0	0.4892597695390782	0.4892597695390782	11.21	0.0	302.0	293.21	467.71	341.54	0	1
PROTOTYPE	017333	04/16/18	01:07:34	0.4892597695390782	0.4892597695390782	11.21	-0.0	3.522670340681363	3.522670340681363	11.21	0.0	0.4892597695390782	0.4892597695390782	11.21	0.0	283.0	291.68	602.64	170.31	0	1
PROTOTYPE	017334	04/16/18	01:07:35	0.4892597695390782	0.4892597695390782	11.24	-0.0	3.522670340681363	3.522670340681363	11.24	0.0	0.4892597695390782	0.4892597695390782	11.24	0.0	285.0	290.67	657.36	24.77	0	1
PROTOTYPE	017335	04/16/18	01:07:37	0.4892597695390782	0.4892597695390782	11.21	-0.0	3.522670340681363	3.522670340681363	11.21	0.0	0.4892597695390782	0.4892597695390782	11.21	0.0	291.0	290.72	611.02	81.05	0	1
PROTOTYPE	017336	04/16/18	01:07:38	0.4892597695390782	0.4892597695390782	11.2	-0.0	3.522670340681363	3.522670340681363	11.2	0.0	0.4892597695390782	0.4892597695390782	11.2	0.0	299.0	291.96	658.85	128.89	0	1
PROTOTYPE	017337	04/16/18	01:07:39	0.4892597695390782	0.4892597695390782	11.22	-0.0	3.522670340681363	3.522670340681363	11.22	0.0	0.4892597695390782	0.4892597695390782	11.22	0.0	280.0	290.17	803.44	-85.44	0	1
PROTOTYPE	017338	04/16/18	01:07:41	0.4892597695390782	0.4892597695390782	11.23	-0.0	3.522670340681363	3.522670340681363	11.23	0.0	0.4892597695390782	0.4892597695390782	11.23	0.0	294.0	290.74	786.26	-102.62	0	1
PROTOTYPE	017339	04/16/18	01:07:42	0.4892597695390782	0.4892597695390782	11.24	-0.0	3.522670340681363	3.522670340681363	11.24	0.0	0.4892597695390782	0.4892597695390782	11.24	0.0	288.0	290.33	815.81	-132.23	0	1
PROTOTYPE	017340	04/16/18	01:07:44	0.4892597695390782	0.4892597695390782	11.23	-0.0	3.522670340681363	3.522670340681363	11.23	0.0	0.4892597695390782	0.4892597695390782	11.23	0.0	297.0	291.33	760.65	-187.4	0	1
PROTOTYPE	017341	04/16/18	01:07:45	0.4892597695390782	0.4892597695390782	11.25	-0.0	3.522670340681363	3.522670340681363	11.25	0.0	0.4892597695390782	0.4892597695390782	11.25	0.0	294.0	291.73	647.57	5.71	0	1
PROTOTYPE	017342	04/16/18	01:07:46	0.4892597695390782	0.4892597695390782	11.23	-0.0	3.522670340681363	3.522670340681363	11.23	0.0	0.4892597695390782	0.4892597695390782	11.23	0.0	292.0	291.77	551.66	109.86	0	1
PROTOTYPE	017343	04/16/18	01:07:48	0.4892597695390782	0.4892597695390782	11.25	-0.0	3.522670340681363	3.522670340681363	11.25	0.0	0.4892597695390782	0.4892597695390782	11.25	0.0	294.0	292.11	580.02	138.38	0	1
PROTOTYPE	017344	04/16/18	01:07:49	0.4892597695390782	0.4892597695390782	11.26	-0.0	3.522670340681363	3.522670340681363	11.26	0.0	0.4892597695390782	0.4892597695390782	11.26	0.0	288.0	291.49	517.48	-47.38	0	1
PROTOTYPE	017345	04/16/18	01:07:51	0.4892597695390782	0.4892597695390782	11.24	-0.0	3.522670340681363	3.522670340681363	11.24	0.0	0.4892597695390782	0.4892597695390782	11.24	0.0	286.0	290.67	420.38	49.73	0	1
PROTOTYPE	017346	04/16/18	01:07:52	0.4892597695390782	0.4892597695390782	11.25	-0.0	3.522670340681363	3.522670340681363	11.25	0.0	0.4892597695390782	0.4892597695390782	11.25	0.0	296.0	291.47	442.92	72.27	0	1
PROTOTYPE	017347	04/16/18	01:07:54	0.4892597695390782	0.4892597695390782	11.26	-0.0	3.522670340681363	3.522670340681363	11.26	0.0	0.4892597695390782	0.4892597695390782	11.26	0.0	296.0	292.15	469.73	181.43	0	1
PROTOTYPE	017348	04/16/18	01:07:55	0.4892597695390782	0.4892597695390782	11.28	-0.0	3.522670340681363	3.522670340681363	11.28	0.0	0.4892597695390782	0.4892597695390782	11.28	0.0	304.0	293.93	547.51	259.21	0	1
PROTOTYPE	017349	04/16/18	01:07:56	0.4892597695390782	0.4892597695390782	11.27	-0.0	3.522670340681363	3.522670340681363	11.27	0.0	0.4892597695390782	0.4892597695390782	11.27	0.0	281.0	291.99	701.36	25.33	0	1
PROTOTYPE	017350	04/16/18	01:07:58	0.4892597695390782	0.4892597695390782	11.28	-0.0	3.522670340681363	3.522670340681363	11.28	0.0	0.4892597695390782	0.4892597695390782	11.28	0.0	286.0	291.09	786.93	-68.47	0	1
PROTOTYPE	017351	04/16/18	01:07:59	0.4892597695390782	0.4892597695390782	11.27	-0.0	3.522670340681363	3.522670340681363	11.27	0.0	0.4892597695390782	0.4892597695390782	11.27	0.0	295.0	291.68	812.18	-43.2	0	1
PROTOTYPE	017352	04/16/18	01:08:01	0.4892597695390782	0.4892597695390782	11.27	-0.0	3.522670340681363	3.522670340681363	11.27	0.0	0.4892597695390782	0.4892597695390782	11.27	0.0	284.0	290.52	865.7	-96.72	0	1
PROTOTYPE	017353	04/16/18	01:08:02	0.4892597695390782	0.4892597695390782	11.28	-0.0	3.522670340681363	3.522670340681363	11.28	0.0	0.4892597695390782	0.4892597695390782	11.28	0.0	281.0	289.1	926.18	-157.21	0	1
PROTOTYPE	017354	04/16/18	01:08:03	0.4892597695390782	0.4892597695390782	11.27	-0.0	3.522670340681363	3.522670340681363	11.27	0.0	0.4892597695390782	0.4892597695390782	11.27	0.0	290.0	289.23	859.83	-223.63	0	1
PROTOTYPE	017355	04/16/18	01:08:05	0.4892597695390782	0.4892597695390782	11.25	-0.0	3.522670340681363	3.522670340681363	11.25	0.0	0.4892597695390782	0.4892597695390782	11.25	0.0	289.0	289.2	795.55	-295.08	0	1
PROTOTYPE	017356	04/16/18	01:08:06	0.4892597695390782	0.4892597695390782	11.24	-0.0	3.522670340681363	3.522670340681363	11.24	0.0	0.4892597695390782	0.4892597695390782	11.24	0.0	294.0	289.92	689.82	-400.82	0	1
PROTOTYPE	017357	04/16/18	01:08:08	0.4892597695390782	0.4892597695390782	11.27	-0.0	3.522670340681363	3.522670340681363	11.27	0.0	0.4892597695390782	0.4892597695390782	11.27	0.0	290.0	289.93	497.84	-205.7	0	1
PROTOTYPE	017358	04/16/18	01:08:09	0.4892597695390782	0.4892597695390782	11.27	-0.0	3.522670340681363	3.522670340681363	11.27	0.0	0.4892597695390782	0.4892597695390782	11.27	0.0	287.0	289.49	452.0	-159.84	0	1
PROTOTYPE	017359	04/16/18	01:08:10	0.4892597695390782	0.4892597695390782	11.28	-0.0	3.522670340681363	3.522670340681363	11.28	0.0	0.4892597695390782	0.4892597695390782	11.28	0.0	282.0	288.37	505.66	-330.87	0	1
PROTOTYPE	017360	04/16/18	01:08:12	0.4892597695390782	0.4892597695390782	11.25	-0.0	3.522670340681363	3.522670340681363	11.25	0.0	0.4892597695390782	0.4892597695390782	11.25	0.0	298.0	289.81	535.04	-71.24	0	1
PROTOTYPE	017361	04/16/18	01:08:13	0.4892597695390782	0.4892597695390782	11.24	-0.0	3.522670340681363	3.522670340681363	11.24	0.0	0.4892597695390782	0.4892597695390782	11.24	0.0	292.0	290.14	425.03	104.45	0	1
PROTOTYPE	017362	04/16/18	01:08:15	0.4892597695390782	0.4892597695390782	11.27	-0.0	3.522670340681363	3.522670340681363	11.27	0.0	0.4892597695390782	0.4892597695390782	11.27	0.0	290.0	290.12	413.93	88.78	0	1
PROTOTYPE	017363	04/16/18	01:08:16	0.4892597695390782	0.4892597695390782	11.3	-0.0	3.522670340681363	3.522670340681363	11.3	0.0	0.4892597695390782	0.4892597695390782	11.3	0.0	281.0	288.75	546.98	-44.54	0	1
PROTOTYPE	017364	04/16/18	01:08:17	0.4892597695390782	0.4892597695390782	11.3	-0.0	3.522670340681363	3.522670340681363	11.3	0.0	0.4892597695390782	0.4892597695390782	11.3	0.0	299.0	290.29	628.66	37.14	0	1
PROTOTYPE	017365	04/16/18	01:08:19	0.4892597695390782	0.4892597695390782	11.27	-0.0	3.522670340681363	3.522670340681363	11.27	0.0	0.4892597695390782	0.4892597695390782	11.27	0.0	286.0	289.65	691.1	-28.43	0	1
PROTOTYPE	017366	04/16/18	01:08:20	0.4892597695390782	0.4892597695390782	11.27	-0.0	3.522670340681363	3.522670340681363	11.27	0.0	0.4892597695390782	0.4892597695390782	11.27	0.0	293.0	290.15	697.48	65.84	0	1
