Dev_id	Index	Date	Time	Sensor1	Sensor1_Filter	Sensor1_LL	Sensor1_Diff	Sensor2	Sensor2_Filter	Sensor2_LL	Sensor2_Diff	Sensor3	Sensor3_Filter	Sensor3_LL	Sensor3_Diff	Sensor4	Sensor4_Filter	Sensor4_LL	Sensor4_Diff	Heater_Status	FSM_Status
PROTOTYPE	015567	04/16/18	00:26:07	0.4892597695390782	0.4892597695390782	11.28	0.0	3.718374248496994	3.718374248496994	11.32	-0.95	0.4892597695390782	0.4892597695390782	11.28	0.0	289.0	290.67	670.42	-294.01	0	1
PROTOTYPE	015568	04/16/18	00:26:08	0.4892597695390782	0.4892597695390782	11.29	0.0	3.718374248496994	3.718374248496994	11.32	-0.81	0.4892597695390782	0.4892597695390782	11.29	0.0	286.0	289.97	506.33	-129.91	0	1
PROTOTYPE	015569	04/16/18	00:26:09	0.4892597695390782	0.4892597695390782	11.3	0.0	3.718374248496994	3.718374248496994	11.32	-0.69	0.4892597695390782	0.4892597695390782	11.3	0.0	296.0	290.88	480.81	-155.42	0	1
PROTOTYPE	015570	04/16/18	00:26:11	0.4892597695390782	0.4892597695390782	11.29	0.0	3.718374248496994	3.718374248496994	11.31	-0.59	0.4892597695390782	0.4892597695390782	11.29	0.0	304.0	292.85	626.17	92.89	0	1
PROTOTYPE	015571	04/16/18	00:26:12	0.4892597695390782	0.4892597695390782	11.27	0.0	3.718374248496994	3.718374248496994	11.28	-0.5	0.4892597695390782	0.4892597695390782	11.27	0.0	293.0	292.87	555.11	168.96	0	1
PROTOTYPE	015572	04/16/18	00:26:14	0.4892597695390782	0.4892597695390782	11.29	0.0	3.718374248496994	3.718374248496994	11.3	-0.42	0.4892597695390782	0.4892597695390782	11.29	0.0	295.0	293.19	494.41	293.61	0	1
PROTOTYPE	015573	04/16/18	00:26:15	0.4892597695390782	0.4892597695390782	11.3	0.0	3.718374248496994	3.718374248496994	11.3	-0.36	0.4892597695390782	0.4892597695390782	11.3	0.0	288.0	292.41	501.03	144.57	0	1
PROTOTYPE	015574	04/16/18	00:26:16	0.4892597695390782	0.4892597695390782	11.29	0.0	3.718374248496994	3.718374248496994	11.29	-0.31	0.4892597695390782	0.4892597695390782	11.29	0.0	289.0	291.9	550.69	92.89	0	1
PROTOTYPE	015575	04/16/18	00:26:18	0.4892597695390782	0.4892597695390782	11.28	0.0	3.718374248496994	3.718374248496994	11.28	-0.26	0.4892597695390782	0.4892597695390782	11.28	0.0	275.0	289.36	774.59	-131.05	0	1
PROTOTYPE	015576	04/16/18	00:26:19	0.4892597695390782	0.4892597695390782	11.29	0.0	3.718374248496994	3.718374248496994	11.29	-0.22	0.4892597695390782	0.4892597695390782	11.29	0.0	297.0	290.51	819.01	53.61	0	1
PROTOTYPE	015577	04/16/18	00:26:21	0.4892597695390782	0.4892597695390782	11.3	0.0	3.718374248496994	3.718374248496994	11.3	-0.19	0.4892597695390782	0.4892597695390782	11.3	0.0	282.0	289.23	856.25	-164.43	0	1
PROTOTYPE	015578	04/16/18	00:26:22	0.4892597695390782	0.4892597695390782	11.32	0.0	3.718374248496994	3.718374248496994	11.32	-0.16	0.4892597695390782	0.4892597695390782	11.32	0.0	293.0	289.8	715.92	-304.77	0	1
PROTOTYPE	015579	04/16/18	00:26:24	0.4892597695390782	0.4892597695390782	11.32	0.0	3.718374248496994	3.718374248496994	11.32	-0.14	0.4892597695390782	0.4892597695390782	11.32	0.0	279.0	288.18	875.19	-469.05	0	1
PROTOTYPE	015580	04/16/18	00:26:25	0.4892597695390782	0.4892597695390782	11.3	0.0	3.718374248496994	3.718374248496994	11.3	-0.12	0.4892597695390782	0.4892597695390782	11.3	0.0	298.0	289.65	990.53	-353.69	0	1
PROTOTYPE	015581	04/16/18	00:26:26	0.4892597695390782	0.4892597695390782	11.29	0.0	3.718374248496994	3.718374248496994	11.29	-0.1	0.4892597695390782	0.4892597695390782	11.29	0.0	288.0	289.4	937.5	-300.64	0	1
PROTOTYPE	015582	04/16/18	00:26:28	0.4892597695390782	0.4892597695390782	11.29	0.0	3.718374248496994	3.718374248496994	11.29	-0.08	0.4892597695390782	0.4892597695390782	11.29	0.0	295.0	290.24	970.28	-165.54	0	1
PROTOTYPE	015583	04/16/18	00:26:29	0.4892597695390782	0.4892597695390782	11.29	0.0	3.718374248496994	3.718374248496994	11.29	-0.07	0.4892597695390782	0.4892597695390782	11.29	0.0	291.0	290.36	728.24	99.29	0	1
PROTOTYPE	015584	04/16/18	00:26:31	0.4892597695390782	0.4892597695390782	11.26	0.0	3.718374248496994	3.718374248496994	11.26	-0.06	0.4892597695390782	0.4892597695390782	11.26	0.0	298.0	291.5	728.34	99.39	0	1
PROTOTYPE	015585	04/16/18	00:26:32	0.4892597695390782	0.4892597695390782	11.25	0.0	3.718374248496994	3.718374248496994	11.25	-0.05	0.4892597695390782	0.4892597695390782	11.25	0.0	304.0	293.38	788.15	414.49	0	1
PROTOTYPE	015586	04/16/18	00:26:33	0.4892597695390782	0.4892597695390782	11.23	0.0	3.718374248496994	3.718374248496994	11.23	-0.04	0.4892597695390782	0.4892597695390782	11.23	0.0	290.0	292.87	782.31	307.31	0	1
PROTOTYPE	015587	04/16/18	00:26:35	0.4892597695390782	0.4892597695390782	11.22	0.0	3.718374248496994	3.718374248496994	11.22	-0.04	0.4892597695390782	0.4892597695390782	11.22	0.0	288.0	292.14	693.42	396.22	0	1
PROTOTYPE	015588	04/16/18	00:26:36	0.4892597695390782	0.4892597695390782	11.24	0.0	3.718374248496994	3.718374248496994	11.24	-0.03	0.4892597695390782	0.4892597695390782	11.24	0.0	301.0	293.47	678.99	381.78	0	1
PROTOTYPE	015589	04/16/18	00:26:38	0.4892597695390782	0.4892597695390782	11.26	0.0	3.718374248496994	3.718374248496994	11.26	-0.03	0.4892597695390782	0.4892597695390782	11.26	0.0	286.0	292.35	766.22	294.52	0	1
PROTOTYPE	015590	04/16/18	00:26:39	0.4892597695390782	0.4892597695390782	11.25	0.0	3.718374248496994	3.718374248496994	11.25	-0.02	0.4892597695390782	0.4892597695390782	11.25	0.0	300.0	293.5	797.04	325.34	0	1
PROTOTYPE	015591	04/16/18	00:26:40	0.4892597695390782	0.4892597695390782	11.24	0.0	3.718374248496994	3.718374248496994	11.24	-0.02	0.4892597695390782	0.4892597695390782	11.24	0.0	306.0	295.37	973.16	501.54	0	1
PROTOTYPE	015592	04/16/18	00:26:42	0.4892597695390782	0.4892597695390782	11.27	0.0	3.718374248496994	3.718374248496994	11.27	-0.02	0.4892597695390782	0.4892597695390782	11.27	0.0	286.0	293.97	999.09	246.31	0	1
PROTOTYPE	015593	04/16/18	00:26:43	0.4892597695390782	0.4892597695390782	11.28	0.0	3.718374248496994	3.718374248496994	11.28	-0.01	0.4892597695390782	0.4892597695390782	11.28	0.0	273.0	290.82	1126.13	-255.64	0	1
PROTOTYPE	015594	04/16/18	00:26:45	0.4892597695390782	0.4892597695390782	11.28	0.0	3.718374248496994	3.718374248496994	11.28	-0.01	0.4892597695390782	0.4892597695390782	11.28	0.0	290.0	290.7	1087.85	-217.29	0	1
PROTOTYPE	015595	04/16/18	00:26:46	0.4892597695390782	0.4892597695390782	11.29	0.0	3.718374248496994	3.718374248496994	11.29	-0.01	0.4892597695390782	0.4892597695390782	11.29	0.0	293.0	291.04	1049.32	-109.7	0	1
PROTOTYPE	015596	04/16/18	00:26:47	0.4892597695390782	0.4892597695390782	11.28	0.0	3.718374248496994	3.718374248496994	11.28	-0.01	0.4892597695390782	0.4892597695390782	11.28	0.0	293.0	291.34	945.8	-213.24	0	1
PROTOTYPE	015597	04/16/18	00:26:49	0.4892597695390782	0.4892597695390782	11.28	0.0	3.718374248496994	3.718374248496994	11.28	-0.01	0.4892597695390782	0.4892597695390782	11.28	0.0	291.0	291.29	839.01	-106.26	0	1
PROTOTYPE	015598	04/16/18	00:26:50	0.4892597695390782	0.4892597695390782	11.29	0.0	3.718374248496994	3.718374248496994	11.29	-0.01	0.4892597695390782	0.4892597695390782	11.29	0.0	289.0	290.94	758.56	-255.32	0	1
PROTOTYPE	015599	04/16/18	00:26:52	0.4892597695390782	0.4892597695390782	11.3	0.0	3.718374248496994	3.718374248496994	11.3	-0.01	0.4892597695390782	0.4892597695390782	11.3	0.0	294.0	291.4	616.87	-397.02	0	1
PROTOTYPE	015600	04/16/18	00:26:53	0.4892597695390782	0.4892597695390782	11.27	0.0	3.718374248496994	3.718374248496994	11.27	-0.0	0.4892597695390782	0.4892597695390782	11.27	0.0	295.0	291.94	530.27	-202.47	0	1
PROTOTYPE	015601	04/16/18	00:26:55	0.4892597695390782	0.4892597695390782	11.26	0.0	3.718374248496994	3.718374248496994	11.26	-0.0	0.4892597695390782	0.4892597695390782	11.26	0.0	301.0	293.3	351.66	247.9	0	1
PROTOTYPE	015602	04/16/18	00:26:56	0.4892597695390782	0.4892597695390782	11.28	0.0	3.718374248496994	3.718374248496994	11.28	-0.0	0.4892597695390782	0.4892597695390782	11.28	0.0	284.0	291.91	478.77	120.72	0	1
PROTOTYPE	015603	04/16/18	00:26:57	0.4892597695390782	0.4892597695390782	11.28	0.0	3.718374248496994	3.718374248496994	11.28	-0.0	0.4892597695390782	0.4892597695390782	11.28	0.0	291.0	291.77	457.86	72.61	0	1
PROTOTYPE	015604	04/16/18	00:26:59	0.4892597695390782	0.4892597695390782	11.29	0.0	3.718374248496994	3.718374248496994	11.29	-0.0	0.4892597695390782	0.4892597695390782	11.29	0.0	295.0	292.25	476.96	91.72	0	1
PROTOTYPE	015605	04/16/18	00:27:00	0.4892597695390782	0.4892597695390782	11.27	0.0	3.718374248496994	3.718374248496994	11.27	-0.0	0.4892597695390782	0.4892597695390782	11.27	0.0	294.0	292.52	497.94	122.96	0	1
PROTOTYPE	015606	04/16/18	00:27:02	0.4892597695390782	0.4892597695390782	11.28	0.0	3.718374248496994	3.718374248496994	11.28	-0.0	0.4892597695390782	0.4892597695390782	11.28	0.0	289.0	291.99	516.37	104.52	0	1
PROTOTYPE	015607	04/16/18	00:27:03	0.4892597695390782	0.4892597695390782	11.29	0.0	3.718374248496994	3.718374248496994	11.29	-0.0	0.4892597695390782	0.4892597695390782	11.29	0.0	291.0	291.84	485.4	43.84	0	1
PROTOTYPE	015608	04/16/18	00:27:04	0.4892597695390782	0.4892597695390782	11.29	0.0	3.718374248496994	3.718374248496994	11.29	-0.0	0.4892597695390782	0.4892597695390782	11.29	0.0	288.0	291.26	489.03	-67.74	0	1
PROTOTYPE	015609	04/16/18	00:27:06	0.4892597695390782	0.4892597695390782	11.31	0.0	3.8162262024048097	3.733052041583166	24.95	15.0	0.4892597695390782	0.4892597695390782	11.31	0.0	294.0	291.67	394.21	-162.58	0	1
PROTOTYPE	015610	04/16/18	00:27:07	0.4892597695390782	0.4892597695390782	11.29	0.0	3.718374248496994	3.7310950025050107	26.17	12.75	0.4892597695390782	0.4892597695390782	11.29	0.0	292.0	291.72	259.77	-18.19	0	1
PROTOTYPE	015611	04/16/18	00:27:09	0.4892597695390782	0.4892597695390782	11.31	0.0	3.8162262024048097	3.7438157565130257	37.94	25.84	0.4892597695390782	0.4892597695390782	11.31	0.0	280.0	289.96	421.98	-180.46	0	1
PROTOTYPE	015612	04/16/18	00:27:10	0.4892597695390782	0.4892597695390782	11.29	0.0	3.718374248496994	3.739901678356713	40.64	21.96	0.4892597695390782	0.4892597695390782	11.29	0.0	297.0	291.02	479.03	-123.39	0	1
PROTOTYPE	015613	04/16/18	00:27:11	0.4892597695390782	0.4892597695390782	11.3	0.0	3.8162262024048097	3.7516439128256516	51.03	33.67	0.4892597695390782	0.4892597695390782	11.3	0.0	297.0	291.92	542.52	-59.88	0	1
PROTOTYPE	015614	04/16/18	00:27:13	0.4892597695390782	0.4892597695390782	11.29	0.0	3.718374248496994	3.7467513151302603	54.86	28.62	0.4892597695390782	0.4892597695390782	11.29	0.0	296.0	292.53	551.02	54.1	0	1
PROTOTYPE	015615	04/16/18	00:27:14	0.4892597695390782	0.4892597695390782	11.28	0.0	3.718374248496994	3.74185871743487	57.96	24.32	0.4892597695390782	0.4892597695390782	11.28	0.0	294.0	292.75	558.22	90.98	0	1
PROTOTYPE	015616	04/16/18	00:27:16	0.4892597695390782	0.4892597695390782	11.28	0.0	3.718374248496994	3.7389231588176353	60.46	20.68	0.4892597695390782	0.4892597695390782	11.28	0.0	281.0	290.99	676.86	-27.66	0	1
PROTOTYPE	015617	04/16/18	00:27:17	0.4892597695390782	0.4892597695390782	11.26	0.0	3.718374248496994	3.7359876002004007	48.8	2.57	0.4892597695390782	0.4892597695390782	11.26	0.0	291.0	290.99	637.22	-68.51	0	1
PROTOTYPE	015618	04/16/18	00:27:19	0.4892597695390782	0.4892597695390782	11.28	0.0	3.718374248496994	3.733052041583166	49.15	2.19	0.4892597695390782	0.4892597695390782	11.28	0.0	293.0	291.29	662.33	-43.24	0	1
PROTOTYPE	015619	04/16/18	00:27:20	0.4892597695390782	0.4892597695390782	11.26	0.0	3.718374248496994	3.7310950025050107	38.62	-13.14	0.4892597695390782	0.4892597695390782	11.26	0.0	298.0	292.3	587.12	233.25	0	1
PROTOTYPE	015620	04/16/18	00:27:21	0.4892597695390782	0.4892597695390782	11.25	0.0	3.718374248496994	3.7291379634268536	36.86	-11.17	0.4892597695390782	0.4892597695390782	11.25	0.0	286.0	291.35	576.06	33.26	0	1
PROTOTYPE	015621	04/16/18	00:27:23	0.4892597695390782	0.4892597695390782	11.25	0.0	3.718374248496994	3.7271809243486977	27.22	-24.49	0.4892597695390782	0.4892597695390782	11.25	0.0	294.0	291.75	526.08	-16.73	0	1
PROTOTYPE	015622	04/16/18	00:27:24	0.4892597695390782	0.4892597695390782	11.26	0.0	3.718374248496994	3.726202404809619	23.95	-20.82	0.4892597695390782	0.4892597695390782	11.26	0.0	280.0	289.99	641.08	-254.22	0	1
PROTOTYPE	015623	04/16/18	00:27:26	0.4892597695390782	0.4892597695390782	11.25	0.0	3.718374248496994	3.7252238852705415	21.26	-17.7	0.4892597695390782	0.4892597695390782	11.25	0.0	294.0	290.59	679.18	-216.09	0	1
PROTOTYPE	015624	04/16/18	00:27:27	0.4892597695390782	0.4892597695390782	11.27	0.0	3.718374248496994	3.724245365731463	19.08	-15.04	0.4892597695390782	0.4892597695390782	11.27	0.0	290.0	290.5	511.87	-48.67	0	1
PROTOTYPE	015625	04/16/18	00:27:28	0.4892597695390782	0.4892597695390782	11.25	0.0	3.718374248496994	3.7232668461923843	17.3	-12.79	0.4892597695390782	0.4892597695390782	11.25	0.0	294.0	291.03	562.96	3.63	0	1
PROTOTYPE	015626	04/16/18	00:27:30	0.4892597695390782	0.4892597695390782	11.23	0.0	3.718374248496994	3.722288326653307	15.88	-10.87	0.4892597695390782	0.4892597695390782	11.23	0.0	293.0	291.32	562.41	3.08	0	1
PROTOTYPE	015627	04/16/18	00:27:31	0.4892597695390782	0.4892597695390782	11.24	0.0	3.718374248496994	3.7213098071142285	14.78	-9.24	0.4892597695390782	0.4892597695390782	11.24	0.0	276.0	289.02	691.6	-327.38	0	1
PROTOTYPE	015628	04/16/18	00:27:33	0.4892597695390782	0.4892597695390782	11.24	0.0	3.718374248496994	3.7213098071142285	13.9	-7.85	0.4892597695390782	0.4892597695390782	11.24	0.0	288.0	288.87	612.55	-248.27	0	1
PROTOTYPE	015629	04/16/18	00:27:34	0.4892597695390782	0.4892597695390782	11.23	0.0	3.718374248496994	3.7203312875751506	13.22	-6.67	0.4892597695390782	0.4892597695390782	11.23	0.0	283.0	287.99	660.88	-376.03	0	1
PROTOTYPE	015630	04/16/18	00:27:35	0.4892597695390782	0.4892597695390782	11.23	0.0	3.718374248496994	3.7203312875751506	12.71	-5.67	0.4892597695390782	0.4892597695390782	11.23	0.0	298.0	289.49	634.79	-49.63	0	1
PROTOTYPE	015631	04/16/18	00:27:37	0.4892597695390782	0.4892597695390782	11.23	0.0	3.718374248496994	3.7203312875751506	12.32	-4.82	0.4892597695390782	0.4892597695390782	11.23	0.0	298.0	290.77	702.22	17.82	0	1
PROTOTYPE	015632	04/16/18	00:27:38	0.4892597695390782	0.4892597695390782	11.23	0.0	3.718374248496994	3.7203312875751506	12.04	-4.1	0.4892597695390782	0.4892597695390782	11.23	0.0	292.0	290.95	711.81	45.14	0	1
PROTOTYPE	015633	04/16/18	00:27:40	0.4892597695390782	0.4892597695390782	11.24	0.0	3.718374248496994	3.7193527680360723	11.83	-3.48	0.4892597695390782	0.4892597695390782	11.24	0.0	285.0	290.06	748.6	-96.63	0	1
PROTOTYPE	015634	04/16/18	00:27:41	0.4892597695390782	0.4892597695390782	11.24	0.0	3.718374248496994	3.7193527680360723	11.67	-2.96	0.4892597695390782	0.4892597695390782	11.24	0.0	293.0	290.5	763.08	-82.13	0	1
PROTOTYPE	015635	04/16/18	00:27:42	0.4892597695390782	0.4892597695390782	11.25	0.0	3.718374248496994	3.7193527680360723	11.56	-2.52	0.4892597695390782	0.4892597695390782	11.25	0.0	293.0	290.88	570.77	185.19	0	1
PROTOTYPE	015636	04/16/18	00:27:44	0.4892597695390782	0.4892597695390782	11.26	0.0	3.718374248496994	3.7193527680360723	11.49	-2.14	0.4892597695390782	0.4892597695390782	11.26	0.0	278.0	288.94	748.49	7.41	0	1
PROTOTYPE	015637	04/16/18	00:27:45	0.4892597695390782	0.4892597695390782	11.27	0.0	3.718374248496994	3.7193527680360723	11.43	-1.82	0.4892597695390782	0.4892597695390782	11.27	0.0	293.0	289.55	721.28	156.3	0	1
PROTOTYPE	015638	04/16/18	00:27:47	0.4892597695390782	0.4892597695390782	11.28	0.0	3.718374248496994	3.7193527680360723	11.4	-1.55	0.4892597695390782	0.4892597695390782	11.28	0.0	295.0	290.37	652.84	87.85	0	1
PROTOTYPE	015639	04/16/18	00:27:48	0.4892597695390782	0.4892597695390782	11.29	0.0	3.718374248496994	3.718374248496994	11.37	-1.31	0.4892597695390782	0.4892597695390782	11.29	0.0	292.0	290.61	549.7	-15.32	0	1
PROTOTYPE	015640	04/16/18	00:27:49	0.4892597695390782	0.4892597695390782	11.27	0.0	3.718374248496994	3.718374248496994	11.33	-1.12	0.4892597695390782	0.4892597695390782	11.27	0.0	292.0	290.82	551.99	-13.03	0	1
PROTOTYPE	015641	04/16/18	00:27:51	0.4892597695390782	0.4892597695390782	11.27	0.0	3.718374248496994	3.718374248496994	11.31	-0.95	0.4892597695390782	0.4892597695390782	11.27	0.0	298.0	291.9	570.37	183.93	0	1
PROTOTYPE	015642	04/16/18	00:27:52	0.4892597695390782	0.4892597695390782	11.3	0.0	3.718374248496994	3.718374248496994	11.33	-0.81	0.4892597695390782	0.4892597695390782	11.3	0.0	297.0	292.66	602.77	216.34	0	1
PROTOTYPE	015643	04/16/18	00:27:54	0.4892597695390782	0.4892597695390782	11.28	0.0	3.718374248496994	3.718374248496994	11.3	-0.69	0.4892597695390782	0.4892597695390782	11.28	0.0	292.0	292.56	575.31	168.89	0	1
PROTOTYPE	015644	04/16/18	00:27:55	0.4892597695390782	0.4892597695390782	11.28	0.0	3.718374248496994	3.718374248496994	11.3	-0.58	0.4892597695390782	0.4892597695390782	11.28	0.0	279.0	290.53	585.65	158.55	0	1
PROTOTYPE	015645	04/16/18	00:27:56	0.4892597695390782	0.4892597695390782	11.26	0.0	3.6205222945891786	3.703696455410822	24.98	-15.5	0.4892597695390782	0.4892597695390782	11.26	0.0	294.0	291.05	576.86	149.77	0	1
PROTOTYPE	015646	04/16/18	00:27:58	0.4892597695390782	0.4892597695390782	11.25	0.0	3.718374248496994	3.705653494488978	26.18	-13.17	0.4892597695390782	0.4892597695390782	11.25	0.0	300.0	292.39	629.39	202.31	0	1
PROTOTYPE	015647	04/16/18	00:27:59	0.4892597695390782	0.4892597695390782	11.25	0.0	3.718374248496994	3.7076105335671343	27.13	-11.2	0.4892597695390782	0.4892597695390782	11.25	0.0	295.0	292.78	644.03	216.96	0	1
PROTOTYPE	015648	04/16/18	00:28:01	0.4892597695390782	0.4892597695390782	11.25	0.0	3.718374248496994	3.70956757264529	27.86	-9.52	0.4892597695390782	0.4892597695390782	11.25	0.0	299.0	293.72	716.45	289.42	0	1
PROTOTYPE	015649	04/16/18	00:28:02	0.4892597695390782	0.4892597695390782	11.25	0.0	3.718374248496994	3.710546092184369	28.41	-8.09	0.4892597695390782	0.4892597695390782	11.25	0.0	304.0	295.26	763.04	336.0	0	1
PROTOTYPE	015650	04/16/18	00:28:04	0.4892597695390782	0.4892597695390782	11.22	0.0	3.718374248496994	3.711524611723447	28.8	-6.88	0.4892597695390782	0.4892597695390782	11.22	0.0	282.0	293.27	885.39	60.6	0	1
PROTOTYPE	015651	04/16/18	00:28:05	0.4892597695390782	0.4892597695390782	11.23	0.0	3.718374248496994	3.7125031312625247	29.12	-5.84	0.4892597695390782	0.4892597695390782	11.23	0.0	268.0	289.48	1254.39	-308.49	0	1
PROTOTYPE	015652	04/16/18	00:28:06	0.4892597695390782	0.4892597695390782	11.23	0.0	3.718374248496994	3.7134816508016035	29.35	-4.97	0.4892597695390782	0.4892597695390782	11.23	0.0	290.0	289.56	1058.85	-97.21	0	1
PROTOTYPE	015653	04/16/18	00:28:08	0.4892597695390782	0.4892597695390782	11.25	0.0	3.718374248496994	3.7144601703406814	15.83	10.78	0.4892597695390782	0.4892597695390782	11.25	0.0	289.0	289.47	1015.26	-157.63	0	1
PROTOTYPE	015654	04/16/18	00:28:09	0.4892597695390782	0.4892597695390782	11.24	0.0	3.718374248496994	3.7154386898797593	14.72	9.16	0.4892597695390782	0.4892597695390782	11.24	0.0	295.0	290.3	963.91	-208.99	0	1
PROTOTYPE	015655	04/16/18	00:28:11	0.4892597695390782	0.4892597695390782	11.26	0.0	3.718374248496994	3.7154386898797593	13.89	7.79	0.4892597695390782	0.4892597695390782	11.26	0.0	296.0	291.16	1010.24	-162.64	0	1
PROTOTYPE	015656	04/16/18	00:28:12	0.4892597695390782	0.4892597695390782	11.25	0.0	3.718374248496994	3.7164172094188377	13.21	6.62	0.4892597695390782	0.4892597695390782	11.25	0.0	303.0	292.93	1094.63	-78.24	0	1
PROTOTYPE	015657	04/16/18	00:28:13	0.4892597695390782	0.4892597695390782	11.28	0.0	3.718374248496994	3.7164172094188377	12.74	5.63	0.4892597695390782	0.4892597695390782	11.28	0.0	299.0	293.84	1031.37	-141.51	0	1
PROTOTYPE	015658	04/16/18	00:28:15	0.4892597695390782	0.4892597695390782	11.32	0.0	3.718374248496994	3.7164172094188377	12.39	4.78	0.4892597695390782	0.4892597695390782	11.32	0.0	291.0	293.42	875.17	14.72	0	1
PROTOTYPE	015659	04/16/18	00:28:16	0.4892597695390782	0.4892597695390782	11.32	0.0	3.718374248496994	3.7164172094188377	12.11	4.06	0.4892597695390782	0.4892597695390782	11.32	0.0	291.0	293.05	532.4	357.51	0	1
PROTOTYPE	015660	04/16/18	00:28:18	0.4892597695390782	0.4892597695390782	11.33	0.0	3.718374248496994	3.717395728957916	11.91	3.46	0.4892597695390782	0.4892597695390782	11.33	0.0	286.0	292.0	630.3	243.88	0	1
PROTOTYPE	015661	04/16/18	00:28:19	0.4892597695390782	0.4892597695390782	11.32	0.0	3.718374248496994	3.717395728957916	11.74	2.94	0.4892597695390782	0.4892597695390782	11.32	0.0	286.0	291.1	711.77	162.3	0	1
PROTOTYPE	015662	04/16/18	00:28:20	0.4892597695390782	0.4892597695390782	11.34	0.0	3.718374248496994	3.717395728957916	11.64	2.5	0.4892597695390782	0.4892597695390782	11.34	0.0	282.0	289.73	765.33	-57.04	0	1
PROTOTYPE	015663	04/16/18	00:28:22	0.4892597695390782	0.4892597695390782	11.32	0.0	3.718374248496994	3.717395728957916	11.54	2.12	0.4892597695390782	0.4892597695390782	11.32	0.0	291.0	289.92	698.93	-123.49	0	1
PROTOTYPE	015664	04/16/18	00:28:23	0.4892597695390782	0.4892597695390782	11.33	0.0	3.718374248496994	3.717395728957916	11.49	1.8	0.4892597695390782	0.4892597695390782	11.33	0.0	296.0	290.83	612.46	-209.96	0	1
PROTOTYPE	015665	04/16/18	00:28:25	0.4892597695390782	0.4892597695390782	11.3	0.0	3.718374248496994	3.717395728957916	11.41	1.53	0.4892597695390782	0.4892597695390782	11.3	0.0	303.0	292.66	703.94	-118.47	0	1
PROTOTYPE	015666	04/16/18	00:28:26	0.4892597695390782	0.4892597695390782	11.27	0.0	3.718374248496994	3.718374248496994	11.35	1.3	0.4892597695390782	0.4892597695390782	11.27	0.0	288.0	291.96	731.16	-145.7	0	1
PROTOTYPE	015667	04/16/18	00:28:28	0.4892597695390782	0.4892597695390782	11.27	0.0	3.6205222945891786	3.703696455410822	24.91	-13.89	0.4892597695390782	0.4892597695390782	11.27	0.0	282.0	290.47	844.29	-258.84	0	1
PROTOTYPE	015668	04/16/18	00:28:29	0.4892597695390782	0.4892597695390782	11.26	0.0	3.6205222945891786	3.6909757014028055	36.25	-26.81	0.4892597695390782	0.4892597695390782	11.26	0.0	281.0	289.05	880.46	-295.02	0	1
PROTOTYPE	015669	04/16/18	00:28:30	0.4892597695390782	0.4892597695390782	11.26	0.0	3.718374248496994	3.694889779559118	39.27	-22.79	0.4892597695390782	0.4892597695390782	11.26	0.0	287.0	288.74	821.23	-235.76	0	1
PROTOTYPE	015670	04/16/18	00:28:32	0.4892597695390782	0.4892597695390782	11.26	0.0	3.718374248496994	3.6988038577154305	41.7	-19.37	0.4892597695390782	0.4892597695390782	11.26	0.0	291.0	289.08	718.71	-65.4	0	1
PROTOTYPE	015671	04/16/18	00:28:33	0.4892597695390782	0.4892597695390782	11.24	0.0	3.718374248496994	3.701739416332665	43.63	-16.46	0.4892597695390782	0.4892597695390782	11.24	0.0	293.0	289.67	758.48	-25.59	0	1
PROTOTYPE	015672	04/16/18	00:28:35	0.4892597695390782	0.4892597695390782	11.26	0.0	3.718374248496994	3.703696455410822	45.17	-13.99	0.4892597695390782	0.4892597695390782	11.26	0.0	297.0	290.77	777.32	-6.75	0	1
PROTOTYPE	015673	04/16/18	00:28:36	0.4892597695390782	0.4892597695390782	11.25	0.0	3.718374248496994	3.7066320140280564	46.37	-11.9	0.4892597695390782	0.4892597695390782	11.25	0.0	298.0	291.85	703.33	-80.74	0	1
PROTOTYPE	015674	04/16/18	00:28:37	0.4892597695390782	0.4892597695390782	11.23	0.0	3.718374248496994	3.7076105335671343	47.29	-10.11	0.4892597695390782	0.4892597695390782	11.23	0.0	293.0	292.02	650.71	6.37	0	1
PROTOTYPE	015675	04/16/18	00:28:39	0.4892597695390782	0.4892597695390782	11.24	0.0	3.6205222945891786	3.694889779559118	45.78	-8.59	0.4892597695390782	0.4892597695390782	11.24	0.0	290.0	291.72	531.7	125.42	0	1
PROTOTYPE	015676	04/16/18	00:28:40	0.4892597695390782	0.4892597695390782	11.24	0.0	3.718374248496994	3.6988038577154305	36.88	7.69	0.4892597695390782	0.4892597695390782	11.24	0.0	278.0	289.66	595.51	61.6	0	1
PROTOTYPE	015677	04/16/18	00:28:42	0.4892597695390782	0.4892597695390782	11.25	0.0	3.718374248496994	3.701739416332665	35.81	6.54	0.4892597695390782	0.4892597695390782	11.25	0.0	282.0	288.51	679.72	-22.64	0	1
PROTOTYPE	015678	04/16/18	00:28:43	0.4892597695390782	0.4892597695390782	11.23	0.0	3.718374248496994	3.703696455410822	34.91	5.56	0.4892597695390782	0.4892597695390782	11.23	0.0	295.0	289.49	743.1	40.76	0	1
PROTOTYPE	015679	04/16/18	00:28:44	0.4892597695390782	0.4892597695390782	11.26	0.0	3.718374248496994	3.705653494488978	34.19	4.73	0.4892597695390782	0.4892597695390782	11.26	0.0	292.0	289.86	722.0	19.64	0	1
PROTOTYPE	015680	04/16/18	00:28:46	0.4892597695390782	0.4892597695390782	11.28	0.0	3.6205222945891786	3.692932740480962	44.44	-10.98	0.4892597695390782	0.4892597695390782	11.28	0.0	289.0	289.73	625.01	-103.3	0	1
PROTOTYPE	015681	04/16/18	00:28:47	0.4892597695390782	0.4892597695390782	11.31	0.0	3.6205222945891786	3.6821690255511026	53.08	-24.34	0.4892597695390782	0.4892597695390782	11.31	0.0	286.0	289.17	572.53	-267.81	0	1
PROTOTYPE	015682	04/16/18	00:28:49	0.4892597695390782	0.4892597695390782	11.32	0.0	3.718374248496994	3.688040142785571	56.44	-20.69	0.4892597695390782	0.4892597695390782	11.32	0.0	288.0	289.0	572.91	-302.64	0	1
PROTOTYPE	015683	04/16/18	00:28:50	0.4892597695390782	0.4892597695390782	11.3	0.0	3.718374248496994	3.6919542209418834	47.85	-2.58	0.4892597695390782	0.4892597695390782	11.3	0.0	280.0	287.65	677.48	-407.24	0	1
PROTOTYPE	015684	04/16/18	00:28:51	0.4892597695390782	0.4892597695390782	11.31	0.0	3.6205222945891786	3.681190506012024	55.09	-17.2	0.4892597695390782	0.4892597695390782	11.31	0.0	294.0	288.6	566.97	-106.15	0	1
PROTOTYPE	015685	04/16/18	00:28:53	0.4892597695390782	0.4892597695390782	11.32	0.0	3.6205222945891786	3.672383830160321	61.19	-29.62	0.4892597695390782	0.4892597695390782	11.32	0.0	288.0	288.51	461.15	-0.23	0	1
PROTOTYPE	015686	04/16/18	00:28:54	0.4892597695390782	0.4892597695390782	11.33	0.0	3.718374248496994	3.679233466933868	65.42	-25.17	0.4892597695390782	0.4892597695390782	11.33	0.0	296.0	289.63	476.18	14.8	0	1
PROTOTYPE	015687	04/16/18	00:28:56	0.4892597695390782	0.4892597695390782	11.32	0.0	3.718374248496994	3.6851045841683363	68.94	-21.4	0.4892597695390782	0.4892597695390782	11.32	0.0	291.0	289.84	458.98	-2.42	0	1
PROTOTYPE	015688	04/16/18	00:28:57	0.4892597695390782	0.4892597695390782	11.31	0.0	3.718374248496994	3.6899971818637276	61.03	-3.19	0.4892597695390782	0.4892597695390782	11.31	0.0	293.0	290.31	493.39	57.95	0	1
PROTOTYPE	015689	04/16/18	00:28:59	0.4892597695390782	0.4892597695390782	11.29	0.0	3.6205222945891786	3.679233466933868	60.55	-2.71	0.4892597695390782	0.4892597695390782	11.29	0.0	294.0	290.87	492.69	169.25	0	1
PROTOTYPE	015690	04/16/18	00:29:00	0.4892597695390782	0.4892597695390782	11.29	0.0	3.718374248496994	3.6851045841683363	60.94	-2.3	0.4892597695390782	0.4892597695390782	11.29	0.0	301.0	292.39	627.05	338.87	0	1
PROTOTYPE	015691	04/16/18	00:29:01	0.4892597695390782	0.4892597695390782	11.31	0.0	3.718374248496994	3.6899971818637276	61.28	-1.96	0.4892597695390782	0.4892597695390782	11.31	0.0	291.0	292.18	512.92	453.04	0	1
PROTOTYPE	015692	04/16/18	00:29:03	0.4892597695390782	0.4892597695390782	11.29	0.0	3.718374248496994	3.694889779559118	54.68	13.34	0.4892597695390782	0.4892597695390782	11.29	0.0	299.0	293.2	519.96	460.08	0	1
PROTOTYPE	015693	04/16/18	00:29:04	0.4892597695390782	0.4892597695390782	11.28	0.0	3.718374248496994	3.6978253381763526	49.12	26.34	0.4892597695390782	0.4892597695390782	11.28	0.0	302.0	294.52	642.82	601.07	0	1
PROTOTYPE	015694	04/16/18	00:29:06	0.4892597695390782	0.4892597695390782	11.26	0.0	3.718374248496994	3.700760896793587	45.33	22.39	0.4892597695390782	0.4892597695390782	11.26	0.0	299.0	295.19	597.67	555.91	0	1
PROTOTYPE	015695	04/16/18	00:29:07	0.4892597695390782	0.4892597695390782	11.25	0.0	3.718374248496994	3.703696455410822	42.16	19.03	0.4892597695390782	0.4892597695390782	11.25	0.0	300.0	295.91	649.25	607.52	0	1
PROTOTYPE	015696	04/16/18	00:29:08	0.4892597695390782	0.4892597695390782	11.21	0.0	3.718374248496994	3.705653494488978	39.5	16.17	0.4892597695390782	0.4892597695390782	11.21	0.0	298.0	296.23	633.13	591.39	0	1
PROTOTYPE	015697	04/16/18	00:29:10	0.4892597695390782	0.4892597695390782	11.21	0.0	3.718374248496994	3.7076105335671343	31.1	28.75	0.4892597695390782	0.4892597695390782	11.21	0.0	289.0	295.14	686.22	427.68	0	1
PROTOTYPE	015698	04/16/18	00:29:11	0.4892597695390782	0.4892597695390782	11.22	0.0	3.718374248496994	3.70956757264529	27.15	24.44	0.4892597695390782	0.4892597695390782	11.22	0.0	305.0	296.62	682.07	423.53	0	1
PROTOTYPE	015699	04/16/18	00:29:13	0.4892597695390782	0.4892597695390782	11.19	0.0	3.718374248496994	3.710546092184369	23.87	20.77	0.4892597695390782	0.4892597695390782	11.19	0.0	285.0	294.88	835.56	270.0	0	1
PROTOTYPE	015700	04/16/18	00:29:14	0.4892597695390782	0.4892597695390782	11.2	0.0	3.718374248496994	3.711524611723447	21.19	17.65	0.4892597695390782	0.4892597695390782	11.2	0.0	292.0	294.45	776.42	124.5	0	1
PROTOTYPE	015701	04/16/18	00:29:15	0.4892597695390782	0.4892597695390782	11.2	0.0	3.718374248496994	3.7125031312625247	19.01	15.01	0.4892597695390782	0.4892597695390782	11.2	0.0	297.0	294.83	682.76	30.83	0	1
PROTOTYPE	015702	04/16/18	00:29:17	0.4892597695390782	0.4892597695390782	11.23	0.0	3.718374248496994	3.7134816508016035	17.27	12.76	0.4892597695390782	0.4892597695390782	11.23	0.0	282.0	292.91	808.01	-228.8	0	1
PROTOTYPE	015703	04/16/18	00:29:18	0.4892597695390782	0.4892597695390782	11.23	0.0	3.718374248496994	3.7144601703406814	15.87	10.84	0.4892597695390782	0.4892597695390782	11.23	0.0	276.0	290.37	989.48	-554.48	0	1
PROTOTYPE	015704	04/16/18	00:29:20	0.4892597695390782	0.4892597695390782	11.26	0.0	3.718374248496994	3.7154386898797593	14.78	9.22	0.4892597695390782	0.4892597695390782	11.26	0.0	281.0	288.96	1098.71	-726.31	0	1
PROTOTYPE	015705	04/16/18	00:29:21	0.4892597695390782	0.4892597695390782	11.26	0.0	3.718374248496994	3.7154386898797593	13.91	7.83	0.4892597695390782	0.4892597695390782	11.26	0.0	293.0	289.57	1050.85	-557.36	0	1
PROTOTYPE	015706	04/16/18	00:29:22	0.4892597695390782	0.4892597695390782	11.24	0.0	3.718374248496994	3.7164172094188377	13.23	6.66	0.4892597695390782	0.4892597695390782	11.24	0.0	290.0	289.63	909.59	-698.76	0	1
PROTOTYPE	015707	04/16/18	00:29:24	0.4892597695390782	0.4892597695390782	11.29	0.0	3.718374248496994	3.7164172094188377	12.76	5.66	0.4892597695390782	0.4892597695390782	11.29	0.0	298.0	290.89	860.77	-398.94	0	1
PROTOTYPE	015708	04/16/18	00:29:25	0.4892597695390782	0.4892597695390782	11.29	0.0	3.718374248496994	3.7164172094188377	12.37	4.81	0.4892597695390782	0.4892597695390782	11.29	0.0	292.0	291.06	834.29	-339.1	0	1
PROTOTYPE	015709	04/16/18	00:29:27	0.4892597695390782	0.4892597695390782	11.27	0.0	3.718374248496994	3.7164172094188377	12.07	4.09	0.4892597695390782	0.4892597695390782	11.27	0.0	285.0	290.15	886.81	-468.24	0	1
PROTOTYPE	015710	04/16/18	00:29:28	0.4892597695390782	0.4892597695390782	11.26	0.0	3.718374248496994	3.717395728957916	11.84	3.48	0.4892597695390782	0.4892597695390782	11.26	0.0	292.0	290.43	722.19	-248.0	0	1
PROTOTYPE	015711	04/16/18	00:29:29	0.4892597695390782	0.4892597695390782	11.27	0.0	3.718374248496994	3.717395728957916	11.7	2.95	0.4892597695390782	0.4892597695390782	11.27	0.0	283.0	289.31	579.99	-105.8	0	1
PROTOTYPE	015712	04/16/18	00:29:31	0.4892597695390782	0.4892597695390782	11.26	0.0	3.718374248496994	3.717395728957916	11.57	2.51	0.4892597695390782	0.4892597695390782	11.26	0.0	281.0	288.06	564.12	-89.93	0	1
PROTOTYPE	015713	04/16/18	00:29:32	0.4892597695390782	0.4892597695390782	11.25	0.0	3.718374248496994	3.717395728957916	11.47	2.13	0.4892597695390782	0.4892597695390782	11.25	0.0	286.0	287.75	534.57	-181.44	0	1
PROTOTYPE	015714	04/16/18	00:29:34	0.4892597695390782	0.4892597695390782	11.26	0.0	3.718374248496994	3.717395728957916	11.42	1.81	0.4892597695390782	0.4892597695390782	11.26	0.0	294.0	288.69	621.65	-94.22	0	1
PROTOTYPE	015715	04/16/18	00:29:35	0.4892597695390782	0.4892597695390782	11.23	0.0	3.718374248496994	3.717395728957916	11.35	1.54	0.4892597695390782	0.4892597695390782	11.23	0.0	290.0	288.89	515.82	-200.09	0	1
PROTOTYPE	015716	04/16/18	00:29:37	0.4892597695390782	0.4892597695390782	11.25	0.0	3.718374248496994	3.718374248496994	11.33	1.31	0.4892597695390782	0.4892597695390782	11.25	0.0	290.0	289.05	515.84	-200.08	0	1
PROTOTYPE	015717	04/16/18	00:29:38	0.4892597695390782	0.4892597695390782	11.3	0.0	3.718374248496994	3.718374248496994	11.36	1.11	0.4892597695390782	0.4892597695390782	11.3	0.0	291.0	289.35	454.21	-80.07	0	1
PROTOTYPE	015718	04/16/18	00:29:39	0.4892597695390782	0.4892597695390782	11.29	0.0	3.718374248496994	3.718374248496994	11.33	0.95	0.4892597695390782	0.4892597695390782	11.29	0.0	294.0	290.04	496.2	-38.06	0	1
PROTOTYPE	015719	04/16/18	00:29:41	0.4892597695390782	0.4892597695390782	11.3	0.0	3.718374248496994	3.718374248496994	11.33	0.81	0.4892597695390782	0.4892597695390782	11.3	0.0	280.0	288.54	535.49	-77.35	0	1
PROTOTYPE	015720	04/16/18	00:29:42	0.4892597695390782	0.4892597695390782	11.31	0.0	3.718374248496994	3.718374248496994	11.33	0.68	0.4892597695390782	0.4892597695390782	11.31	0.0	291.0	288.91	447.77	84.25	0	1
PROTOTYPE	015721	04/16/18	00:29:44	0.4892597695390782	0.4892597695390782	11.31	0.0	3.718374248496994	3.718374248496994	11.32	0.58	0.4892597695390782	0.4892597695390782	11.31	0.0	287.0	288.62	445.41	86.62	0	1
PROTOTYPE	015722	04/16/18	00:29:45	0.4892597695390782	0.4892597695390782	11.31	0.0	3.718374248496994	3.718374248496994	11.32	0.49	0.4892597695390782	0.4892597695390782	11.31	0.0	296.0	289.73	462.41	103.62	0	1
PROTOTYPE	015723	04/16/18	00:29:46	0.4892597695390782	0.4892597695390782	11.31	0.0	3.718374248496994	3.718374248496994	11.32	0.42	0.4892597695390782	0.4892597695390782	11.31	0.0	297.0	290.82	551.83	193.08	0	1
PROTOTYPE	015724	04/16/18	00:29:48	0.4892597695390782	0.4892597695390782	11.32	0.0	3.718374248496994	3.718374248496994	11.32	0.36	0.4892597695390782	0.4892597695390782	11.32	0.0	286.0	290.1	607.38	104.12	0	1
PROTOTYPE	015725	04/16/18	00:29:49	0.4892597695390782	0.4892597695390782	11.29	0.0	3.718374248496994	3.718374248496994	11.29	0.3	0.4892597695390782	0.4892597695390782	11.29	0.0	284.0	289.18	669.62	-16.5	0	1
PROTOTYPE	015726	04/16/18	00:29:51	0.4892597695390782	0.4892597695390782	11.29	0.0	3.718374248496994	3.718374248496994	11.29	0.26	0.4892597695390782	0.4892597695390782	11.29	0.0	292.0	289.6	642.1	-44.02	0	1
PROTOTYPE	015727	04/16/18	00:29:52	0.4892597695390782	0.4892597695390782	11.28	0.0	3.718374248496994	3.718374248496994	11.28	0.22	0.4892597695390782	0.4892597695390782	11.28	0.0	287.0	289.21	530.52	67.58	0	1
PROTOTYPE	015728	04/16/18	00:29:53	0.4892597695390782	0.4892597695390782	11.26	0.0	3.718374248496994	3.718374248496994	11.26	0.19	0.4892597695390782	0.4892597695390782	11.26	0.0	303.0	291.28	700.36	237.44	0	1
PROTOTYPE	015729	04/16/18	00:29:55	0.4892597695390782	0.4892597695390782	11.28	0.0	3.718374248496994	3.718374248496994	11.28	0.16	0.4892597695390782	0.4892597695390782	11.28	0.0	294.0	291.69	712.52	306.83	0	1
PROTOTYPE	015730	04/16/18	00:29:56	0.4892597695390782	0.4892597695390782	11.28	0.0	3.718374248496994	3.718374248496994	11.28	0.13	0.4892597695390782	0.4892597695390782	11.28	0.0	291.0	291.59	612.26	185.8	0	1
PROTOTYPE	015731	04/16/18	00:29:58	0.4892597695390782	0.4892597695390782	11.27	0.0	3.718374248496994	3.718374248496994	11.27	0.11	0.4892597695390782	0.4892597695390782	11.27	0.0	291.0	291.5	512.07	67.93	0	1
PROTOTYPE	015732	04/16/18	00:29:59	0.4892597695390782	0.4892597695390782	11.28	0.0	3.718374248496994	3.718374248496994	11.28	0.1	0.4892597695390782	0.4892597695390782	11.28	0.0	287.0	290.82	507.26	72.74	0	1
PROTOTYPE	015733	04/16/18	00:30:01	0.4892597695390782	0.4892597695390782	11.26	0.0	3.718374248496994	3.718374248496994	11.26	0.08	0.4892597695390782	0.4892597695390782	11.26	0.0	286.0	290.1	488.18	91.83	0	1
PROTOTYPE	015734	04/16/18	00:30:02	0.4892597695390782	0.4892597695390782	11.28	0.0	3.718374248496994	3.718374248496994	11.28	0.07	0.4892597695390782	0.4892597695390782	11.28	0.0	286.0	289.48	507.39	-11.94	0	1
PROTOTYPE	015735	04/16/18	00:30:03	0.4892597695390782	0.4892597695390782	11.28	0.0	3.718374248496994	3.718374248496994	11.28	0.06	0.4892597695390782	0.4892597695390782	11.28	0.0	292.0	289.86	506.05	64.85	0	1
PROTOTYPE	015736	04/16/18	00:30:05	0.4892597695390782	0.4892597695390782	11.28	0.0	3.718374248496994	3.718374248496994	11.28	0.05	0.4892597695390782	0.4892597695390782	11.28	0.0	290.0	289.88	301.75	-139.88	0	1
PROTOTYPE	015737	04/16/18	00:30:06	0.4892597695390782	0.4892597695390782	11.3	0.0	3.718374248496994	3.718374248496994	11.3	0.04	0.4892597695390782	0.4892597695390782	11.3	0.0	290.0	289.9	263.22	-178.9	0	1
PROTOTYPE	015738	04/16/18	00:30:08	0.4892597695390782	0.4892597695390782	11.29	0.0	3.718374248496994	3.718374248496994	11.29	0.04	0.4892597695390782	0.4892597695390782	11.29	0.0	275.0	287.67	476.29	-392.06	0	1
PROTOTYPE	015739	04/16/18	00:30:09	0.4892597695390782	0.4892597695390782	11.3	0.0	3.718374248496994	3.718374248496994	11.3	0.03	0.4892597695390782	0.4892597695390782	11.3	0.0	289.0	287.87	487.46	-363.25	0	1
PROTOTYPE	015740	04/16/18	00:30:10	0.4892597695390782	0.4892597695390782	11.26	0.0	3.718374248496994	3.718374248496994	11.26	0.03	0.4892597695390782	0.4892597695390782	11.26	0.0	279.0	286.54	552.97	-428.77	0	1
PROTOTYPE	015741	04/16/18	00:30:12	0.4892597695390782	0.4892597695390782	11.28	0.0	3.718374248496994	3.718374248496994	11.28	0.02	0.4892597695390782	0.4892597695390782	11.28	0.0	287.0	286.61	487.71	-349.45	0	1
PROTOTYPE	015742	04/16/18	00:30:13	0.4892597695390782	0.4892597695390782	11.26	0.0	3.718374248496994	3.718374248496994	11.26	0.02	0.4892597695390782	0.4892597695390782	11.26	0.0	283.0	286.06	480.29	-342.03	0	1
PROTOTYPE	015743	04/16/18	00:30:15	0.4892597695390782	0.4892597695390782	11.24	0.0	3.718374248496994	3.718374248496994	11.24	0.02	0.4892597695390782	0.4892597695390782	11.24	0.0	285.0	285.9	458.57	-395.73	0	1
PROTOTYPE	015744	04/16/18	00:30:16	0.4892597695390782	0.4892597695390782	11.24	0.0	3.718374248496994	3.718374248496994	11.24	0.01	0.4892597695390782	0.4892597695390782	11.24	0.0	298.0	287.72	637.5	-216.37	0	1
PROTOTYPE	015745	04/16/18	00:30:17	0.4892597695390782	0.4892597695390782	11.23	0.0	3.718374248496994	3.718374248496994	11.23	0.01	0.4892597695390782	0.4892597695390782	11.23	0.0	300.0	289.56	819.45	-33.91	0	1
PROTOTYPE	015746	04/16/18	00:30:19	0.4892597695390782	0.4892597695390782	11.23	0.0	3.718374248496994	3.718374248496994	11.23	0.01	0.4892597695390782	0.4892597695390782	11.23	0.0	298.0	290.83	722.53	316.17	0	1
PROTOTYPE	015747	04/16/18	00:30:20	0.4892597695390782	0.4892597695390782	11.24	0.0	3.718374248496994	3.718374248496994	11.24	0.01	0.4892597695390782	0.4892597695390782	11.24	0.0	288.0	290.4	744.89	253.75	0	1
PROTOTYPE	015748	04/16/18	00:30:22	0.4892597695390782	0.4892597695390782	11.23	0.0	3.718374248496994	3.718374248496994	11.23	0.01	0.4892597695390782	0.4892597695390782	11.23	0.0	279.0	288.69	782.95	215.69	0	1
PROTOTYPE	015749	04/16/18	00:30:23	0.4892597695390782	0.4892597695390782	11.21	0.0	3.718374248496994	3.718374248496994	11.21	0.01	0.4892597695390782	0.4892597695390782	11.21	0.0	294.0	289.49	855.47	288.33	0	1
PROTOTYPE	015750	04/16/18	00:30:24	0.4892597695390782	0.4892597695390782	11.22	0.0	3.718374248496994	3.718374248496994	11.22	0.01	0.4892597695390782	0.4892597695390782	11.22	0.0	288.0	289.27	823.75	320.08	0	1
PROTOTYPE	015751	04/16/18	00:30:26	0.4892597695390782	0.4892597695390782	11.24	0.0	3.718374248496994	3.718374248496994	11.24	0.0	0.4892597695390782	0.4892597695390782	11.24	0.0	283.0	288.33	901.71	242.07	0	1
PROTOTYPE	015752	04/16/18	00:30:27	0.4892597695390782	0.4892597695390782	11.25	0.0	3.718374248496994	3.718374248496994	11.25	0.0	0.4892597695390782	0.4892597695390782	11.25	0.0	290.0	288.58	745.43	85.76	0	1
PROTOTYPE	015753	04/16/18	00:30:29	0.4892597695390782	0.4892597695390782	11.23	0.0	3.718374248496994	3.718374248496994	11.23	0.0	0.4892597695390782	0.4892597695390782	11.23	0.0	286.0	288.19	599.89	-137.1	0	1
PROTOTYPE	015754	04/16/18	00:30:30	0.4892597695390782	0.4892597695390782	11.27	0.0	3.718374248496994	3.718374248496994	11.27	0.0	0.4892597695390782	0.4892597695390782	11.27	0.0	300.0	289.96	650.46	-86.54	0	1
PROTOTYPE	015755	04/16/18	00:30:32	0.4892597695390782	0.4892597695390782	11.26	0.0	3.718374248496994	3.718374248496994	11.26	0.0	0.4892597695390782	0.4892597695390782	11.26	0.0	304.0	292.07	818.6	166.44	0	1
PROTOTYPE	015756	04/16/18	00:30:33	0.4892597695390782	0.4892597695390782	11.26	0.0	3.718374248496994	3.718374248496994	11.26	0.0	0.4892597695390782	0.4892597695390782	11.26	0.0	294.0	292.36	676.58	366.48	0	1
PROTOTYPE	015757	04/16/18	00:30:34	0.4892597695390782	0.4892597695390782	11.29	0.0	3.718374248496994	3.718374248496994	11.29	0.0	0.4892597695390782	0.4892597695390782	11.29	0.0	299.0	293.35	696.6	386.5	0	1
PROTOTYPE	015758	04/16/18	00:30:36	0.4892597695390782	0.4892597695390782	11.29	0.0	3.718374248496994	3.718374248496994	11.29	0.0	0.4892597695390782	0.4892597695390782	11.29	0.0	289.0	292.7	739.55	343.53	0	1
PROTOTYPE	015759	04/16/18	00:30:37	0.4892597695390782	0.4892597695390782	11.28	0.0	3.718374248496994	3.718374248496994	11.28	0.0	0.4892597695390782	0.4892597695390782	11.28	0.0	284.0	291.4	776.07	307.0	0	1
PROTOTYPE	015760	04/16/18	00:30:39	0.4892597695390782	0.4892597695390782	11.27	0.0	3.718374248496994	3.718374248496994	11.27	0.0	0.4892597695390782	0.4892597695390782	11.27	0.0	300.0	292.69	879.99	410.95	0	1
PROTOTYPE	015761	04/16/18	00:30:40	0.4892597695390782	0.4892597695390782	11.29	0.0	3.718374248496994	3.718374248496994	11.29	0.0	0.4892597695390782	0.4892597695390782	11.29	0.0	288.0	291.98	911.62	379.31	0	1
PROTOTYPE	015762	04/16/18	00:30:41	0.4892597695390782	0.4892597695390782	11.26	0.0	3.718374248496994	3.718374248496994	11.26	0.0	0.4892597695390782	0.4892597695390782	11.26	0.0	287.0	291.24	809.23	127.41	0	1
PROTOTYPE	015763	04/16/18	00:30:43	0.4892597695390782	0.4892597695390782	11.26	0.0	3.718374248496994	3.718374248496994	11.26	0.0	0.4892597695390782	0.4892597695390782	11.26	0.0	284.0	290.15	707.2	-191.7	0	1
PROTOTYPE	015764	04/16/18	00:30:44	0.4892597695390782	0.4892597695390782	11.27	0.0	3.718374248496994	3.718374248496994	11.27	0.0	0.4892597695390782	0.4892597695390782	11.27	0.0	283.0	289.08	785.45	-327.95	0	1
PROTOTYPE	015765	04/16/18	00:30:46	0.4892597695390782	0.4892597695390782	11.24	0.0	3.718374248496994	3.718374248496994	11.24	0.0	0.4892597695390782	0.4892597695390782	11.24	0.0	292.0	289.52	729.65	-383.75	0	1
PROTOTYPE	015766	04/16/18	00:30:47	0.4892597695390782	0.4892597695390782	11.22	0.0	3.718374248496994	3.718374248496994	11.22	0.0	0.4892597695390782	0.4892597695390782	11.22	0.0	292.0	289.89	701.61	-281.19	0	1
