Dev_id	Index	Date	Time	Sensor1	Sensor1_Filter	Sensor1_LL	Sensor1_Diff	Sensor2	Sensor2_Filter	Sensor2_LL	Sensor2_Diff	Sensor3	Sensor3_Filter	Sensor3_LL	Sensor3_Diff	Sensor4	Sensor4_Filter	Sensor4_LL	Sensor4_Diff	Heater_Status	FSM_Status
PROTOTYPE	011167	04/15/18	22:42:50	0.4892597695390782	0.4892597695390782	11.28	0.0	4.01193011022044	4.010951590681363	11.39	1.48	0.4892597695390782	0.4892597695390782	11.28	0.0	293.0	288.35	934.38	-237.61	0	1
PROTOTYPE	011168	04/15/18	22:42:52	0.4892597695390782	0.4892597695390782	11.28	0.0	4.01193011022044	4.01193011022044	11.36	1.26	0.4892597695390782	0.4892597695390782	11.28	0.0	290.0	288.6	948.11	-201.97	0	1
PROTOTYPE	011169	04/15/18	22:42:53	0.4892597695390782	0.4892597695390782	11.28	0.0	4.01193011022044	4.01193011022044	11.34	1.07	0.4892597695390782	0.4892597695390782	11.28	0.0	298.0	290.01	914.82	113.33	0	1
PROTOTYPE	011170	04/15/18	22:42:54	0.4892597695390782	0.4892597695390782	11.27	0.0	4.01193011022044	4.01193011022044	11.31	0.91	0.4892597695390782	0.4892597695390782	11.27	0.0	298.0	291.21	991.51	276.33	0	1
PROTOTYPE	011171	04/15/18	22:42:56	0.4892597695390782	0.4892597695390782	11.28	0.0	4.01193011022044	4.01193011022044	11.31	0.78	0.4892597695390782	0.4892597695390782	11.28	0.0	296.0	291.93	891.72	519.88	0	1
PROTOTYPE	011172	04/15/18	22:42:57	0.4892597695390782	0.4892597695390782	11.28	0.0	4.01193011022044	4.01193011022044	11.3	0.66	0.4892597695390782	0.4892597695390782	11.28	0.0	296.0	292.54	873.74	501.9	0	1
PROTOTYPE	011173	04/15/18	22:42:59	0.4892597695390782	0.4892597695390782	11.27	0.0	4.01193011022044	4.01193011022044	11.28	0.56	0.4892597695390782	0.4892597695390782	11.27	0.0	286.0	291.56	784.6	216.61	0	1
PROTOTYPE	011174	04/15/18	22:43:00	0.4892597695390782	0.4892597695390782	11.28	0.0	4.01193011022044	4.01193011022044	11.29	0.48	0.4892597695390782	0.4892597695390782	11.28	0.0	290.0	291.32	622.13	379.12	0	1
PROTOTYPE	011175	04/15/18	22:43:02	0.4892597695390782	0.4892597695390782	11.28	0.0	4.01193011022044	4.01193011022044	11.29	0.4	0.4892597695390782	0.4892597695390782	11.28	0.0	293.0	291.58	565.29	322.25	0	1
PROTOTYPE	011176	04/15/18	22:43:03	0.4892597695390782	0.4892597695390782	11.28	0.0	4.01193011022044	4.01193011022044	11.28	0.34	0.4892597695390782	0.4892597695390782	11.28	0.0	294.0	291.94	576.94	333.91	0	1
PROTOTYPE	011177	04/15/18	22:43:04	0.4892597695390782	0.4892597695390782	11.27	0.0	4.01193011022044	4.01193011022044	11.27	0.29	0.4892597695390782	0.4892597695390782	11.27	0.0	296.0	292.55	496.86	253.83	0	1
PROTOTYPE	011178	04/15/18	22:43:06	0.4892597695390782	0.4892597695390782	11.28	0.0	4.01193011022044	4.01193011022044	11.28	0.25	0.4892597695390782	0.4892597695390782	11.28	0.0	289.0	292.02	430.24	80.75	0	1
PROTOTYPE	011179	04/15/18	22:43:07	0.4892597695390782	0.4892597695390782	11.29	0.0	4.01193011022044	4.01193011022044	11.29	0.21	0.4892597695390782	0.4892597695390782	11.29	0.0	287.0	291.26	433.6	-66.36	0	1
PROTOTYPE	011180	04/15/18	22:43:09	0.4892597695390782	0.4892597695390782	11.29	0.0	4.01193011022044	4.01193011022044	11.29	0.18	0.4892597695390782	0.4892597695390782	11.29	0.0	283.0	290.02	496.45	-251.41	0	1
PROTOTYPE	011181	04/15/18	22:43:10	0.4892597695390782	0.4892597695390782	11.27	0.0	4.01193011022044	4.01193011022044	11.27	0.15	0.4892597695390782	0.4892597695390782	11.27	0.0	291.0	290.17	413.08	-138.69	0	1
PROTOTYPE	011182	04/15/18	22:43:11	0.4892597695390782	0.4892597695390782	11.26	0.0	4.01193011022044	4.01193011022044	11.26	0.13	0.4892597695390782	0.4892597695390782	11.26	0.0	289.0	289.99	407.29	-132.89	0	1
PROTOTYPE	011183	04/15/18	22:43:13	0.4892597695390782	0.4892597695390782	11.25	0.0	4.01193011022044	4.01193011022044	11.25	0.11	0.4892597695390782	0.4892597695390782	11.25	0.0	296.0	290.9	472.19	-67.96	0	1
PROTOTYPE	011184	04/15/18	22:43:14	0.5871117234468938	0.5039375626252506	24.9	15.0	4.01193011022044	4.01193011022044	11.24	0.09	0.4892597695390782	0.4892597695390782	11.24	0.0	284.0	289.86	539.23	-207.76	0	1
PROTOTYPE	011185	04/15/18	22:43:16	0.4892597695390782	0.5019805235470942	26.15	12.75	4.1097820641282565	4.026607903306613	24.9	15.08	0.4892597695390782	0.4892597695390782	11.25	0.0	294.0	290.48	540.4	-206.6	0	1
PROTOTYPE	011186	04/15/18	22:43:17	0.4892597695390782	0.5000234844689379	27.12	10.84	4.01193011022044	4.024650864228458	26.14	12.82	0.4892597695390782	0.4892597695390782	11.25	0.0	281.0	289.06	629.4	-295.61	0	1
PROTOTYPE	011187	04/15/18	22:43:18	0.4892597695390782	0.4980664453907815	27.87	9.21	4.01193011022044	4.0226938251503	27.11	10.9	0.4892597695390782	0.4892597695390782	11.26	0.0	292.0	289.5	598.27	-176.27	0	1
PROTOTYPE	011188	04/15/18	22:43:20	0.4892597695390782	0.4970879258517034	28.44	7.83	4.01193011022044	4.020736786072145	27.86	9.26	0.4892597695390782	0.4892597695390782	11.27	0.0	292.0	289.88	511.83	-14.83	0	1
PROTOTYPE	011189	04/15/18	22:43:21	0.4892597695390782	0.49610940631262535	28.89	6.66	4.01193011022044	4.019758266533066	28.44	7.87	0.4892597695390782	0.4892597695390782	11.29	0.0	296.0	290.79	589.0	62.4	0	1
PROTOTYPE	011190	04/15/18	22:43:23	0.4892597695390782	0.49513088677354705	29.21	5.66	4.01193011022044	4.018779746993989	28.87	6.69	0.4892597695390782	0.4892597695390782	11.3	0.0	293.0	291.13	604.5	113.04	0	1
PROTOTYPE	011191	04/15/18	22:43:24	0.4892597695390782	0.4941523672344689	29.45	4.81	4.1097820641282565	4.032479020541082	41.54	20.69	0.4892597695390782	0.4892597695390782	11.3	0.0	290.0	290.96	531.35	6.08	0	1
PROTOTYPE	011192	04/15/18	22:43:25	0.4892597695390782	0.49317384769539074	15.97	-10.91	4.1097820641282565	4.04422125501002	52.12	32.58	0.4892597695390782	0.4892597695390782	11.31	0.0	294.0	291.41	473.58	155.17	0	1
PROTOTYPE	011193	04/15/18	22:43:27	0.4892597695390782	0.4921953281563127	14.84	-9.28	4.1097820641282565	4.054006450400801	47.26	27.7	0.4892597695390782	0.4892597695390782	11.29	0.0	287.0	290.75	477.69	26.89	0	1
PROTOTYPE	011194	04/15/18	22:43:28	0.4892597695390782	0.4921953281563127	13.94	-7.88	4.01193011022044	4.047156813627255	51.16	23.54	0.4892597695390782	0.4892597695390782	11.27	0.0	291.0	290.79	339.44	172.86	0	1
PROTOTYPE	011195	04/15/18	22:43:30	0.4892597695390782	0.4921953281563127	13.26	-6.7	4.1097820641282565	4.0569420090180355	58.45	35.01	0.4892597695390782	0.4892597695390782	11.26	0.0	298.0	291.87	403.5	236.93	0	1
PROTOTYPE	011196	04/15/18	22:43:31	0.4892597695390782	0.4912168086172345	12.74	-5.7	4.01193011022044	4.050092372244489	63.31	29.76	0.4892597695390782	0.4892597695390782	11.25	0.0	297.0	292.64	442.94	276.39	0	1
PROTOTYPE	011197	04/15/18	22:43:33	0.4892597695390782	0.4912168086172345	12.36	-4.84	4.1097820641282565	4.058899048096192	70.61	40.3	0.4892597695390782	0.4892597695390782	11.26	0.0	287.0	291.79	435.67	99.93	0	1
PROTOTYPE	011198	04/15/18	22:43:34	0.4892597695390782	0.4912168086172345	12.08	-4.12	4.1097820641282565	4.066727204408818	76.68	49.25	0.4892597695390782	0.4892597695390782	11.27	0.0	289.0	291.37	444.49	24.94	0	1
PROTOTYPE	011199	04/15/18	22:43:35	0.4892597695390782	0.49023828907815625	11.85	-3.5	4.1097820641282565	4.073576841182365	69.37	41.86	0.4892597695390782	0.4892597695390782	11.26	0.0	293.0	291.62	451.97	66.2	0	1
PROTOTYPE	011200	04/15/18	22:43:37	0.4892597695390782	0.49023828907815625	11.69	-2.97	4.1097820641282565	4.078469438877756	63.18	35.58	0.4892597695390782	0.4892597695390782	11.26	0.0	284.0	290.48	520.58	-93.73	0	1
PROTOTYPE	011201	04/15/18	22:43:38	0.4892597695390782	0.49023828907815625	11.59	-2.53	4.1097820641282565	4.083362036573146	57.96	30.25	0.4892597695390782	0.4892597695390782	11.28	0.0	277.0	288.45	656.51	-229.67	0	1
PROTOTYPE	011202	04/15/18	22:43:40	0.4892597695390782	0.49023828907815625	11.53	-2.15	4.1097820641282565	4.08727611472946	55.71	40.71	0.4892597695390782	0.4892597695390782	11.3	0.0	304.0	290.79	885.72	-0.22	0	1
PROTOTYPE	011203	04/15/18	22:43:41	0.4892597695390782	0.49023828907815625	11.47	-1.83	4.01193011022044	4.075533880260521	57.68	19.6	0.4892597695390782	0.4892597695390782	11.31	0.0	288.0	290.37	819.35	-150.19	0	1
PROTOTYPE	011204	04/15/18	22:43:42	0.4892597695390782	0.49023828907815625	11.44	-1.55	4.1097820641282565	4.081404997494991	56.04	31.66	0.4892597695390782	0.4892597695390782	11.32	0.0	297.0	291.36	841.87	-127.66	0	1
PROTOTYPE	011205	04/15/18	22:43:44	0.4892597695390782	0.4892597695390782	11.39	-1.32	4.01193011022044	4.070641282565131	57.46	11.91	0.4892597695390782	0.4892597695390782	11.31	0.0	283.0	290.11	882.72	-168.51	0	1
PROTOTYPE	011206	04/15/18	22:43:45	0.4892597695390782	0.4892597695390782	11.34	-1.12	4.01193011022044	4.061834606713426	58.65	-4.87	0.4892597695390782	0.4892597695390782	11.28	0.0	297.0	291.14	944.17	-23.23	0	1
PROTOTYPE	011207	04/15/18	22:43:47	0.4892597695390782	0.4892597695390782	11.33	-0.95	4.1097820641282565	4.068684243486974	59.37	-4.14	0.4892597695390782	0.4892597695390782	11.29	0.0	293.0	291.42	947.65	-19.75	0	1
PROTOTYPE	011208	04/15/18	22:43:48	0.4892597695390782	0.4892597695390782	11.32	-0.81	4.1097820641282565	4.075533880260521	59.98	-3.52	0.4892597695390782	0.4892597695390782	11.29	0.0	299.0	292.56	947.06	208.21	0	1
PROTOTYPE	011209	04/15/18	22:43:49	0.4892597695390782	0.4892597695390782	11.28	-0.69	4.1097820641282565	4.080426477955912	60.48	-2.99	0.4892597695390782	0.4892597695390782	11.26	0.0	295.0	292.92	781.58	446.98	0	1
PROTOTYPE	011210	04/15/18	22:43:51	0.4892597695390782	0.4892597695390782	11.27	-0.59	4.01193011022044	4.069662763026053	66.76	-17.54	0.4892597695390782	0.4892597695390782	11.25	0.0	282.0	291.29	712.26	49.93	0	1
PROTOTYPE	011211	04/15/18	22:43:52	0.4892597695390782	0.4892597695390782	11.26	-0.5	4.1097820641282565	4.076512399799599	61.37	0.09	0.4892597695390782	0.4892597695390782	11.25	0.0	303.0	293.04	846.17	267.44	0	1
PROTOTYPE	011212	04/15/18	22:43:54	0.4892597695390782	0.4892597695390782	11.24	-0.42	4.1097820641282565	4.081404997494991	61.35	0.07	0.4892597695390782	0.4892597695390782	11.23	0.0	301.0	294.24	866.05	287.33	0	1
PROTOTYPE	011213	04/15/18	22:43:55	0.4892597695390782	0.4892597695390782	11.23	-0.36	4.01193011022044	4.070641282565131	61.37	0.06	0.4892597695390782	0.4892597695390782	11.23	0.0	280.0	292.1	954.15	199.23	0	1
PROTOTYPE	011214	04/15/18	22:43:56	0.4892597695390782	0.4892597695390782	11.23	-0.31	4.1097820641282565	4.076512399799599	58.4	15.05	0.4892597695390782	0.4892597695390782	11.23	0.0	289.0	291.64	897.3	49.34	0	1
PROTOTYPE	011215	04/15/18	22:43:58	0.4892597695390782	0.4892597695390782	11.22	-0.26	4.1097820641282565	4.081404997494991	56.2	12.8	0.4892597695390782	0.4892597695390782	11.22	0.0	294.0	291.99	904.89	56.94	0	1
PROTOTYPE	011216	04/15/18	22:43:59	0.4892597695390782	0.4892597695390782	11.2	-0.22	4.1097820641282565	4.085319075651303	54.34	10.88	0.4892597695390782	0.4892597695390782	11.2	0.0	304.0	293.79	971.34	123.4	0	1
PROTOTYPE	011217	04/15/18	22:44:01	0.4892597695390782	0.4892597695390782	11.21	-0.19	4.1097820641282565	4.089233153807615	52.79	9.24	0.4892597695390782	0.4892597695390782	11.21	0.0	295.0	293.97	952.86	104.89	0	1
PROTOTYPE	011218	04/15/18	22:44:02	0.4892597695390782	0.4892597695390782	11.2	-0.16	4.1097820641282565	4.09216871242485	45.63	22.86	0.4892597695390782	0.4892597695390782	11.2	0.0	289.0	293.23	863.6	194.16	0	1
PROTOTYPE	011219	04/15/18	22:44:03	0.4892597695390782	0.4892597695390782	11.18	-0.14	4.1097820641282565	4.095104271042084	42.38	19.43	0.4892597695390782	0.4892597695390782	11.18	0.0	274.0	290.34	976.29	-269.97	0	1
PROTOTYPE	011220	04/15/18	22:44:05	0.4892597695390782	0.4892597695390782	11.17	-0.12	4.1097820641282565	4.097061310120241	39.67	16.51	0.4892597695390782	0.4892597695390782	11.17	0.0	288.0	289.99	892.09	-424.47	0	1
PROTOTYPE	011221	04/15/18	22:44:06	0.5871117234468938	0.5039375626252506	24.82	14.9	4.1097820641282565	4.0990183491983965	31.35	29.04	0.4892597695390782	0.4892597695390782	11.15	0.0	282.0	288.79	798.42	-330.8	0	1
PROTOTYPE	011222	04/15/18	22:44:08	0.4892597695390782	0.5019805235470942	26.08	12.67	4.1097820641282565	4.100975388276552	27.35	24.68	0.4892597695390782	0.4892597695390782	11.16	0.0	288.0	288.67	763.87	-296.18	0	1
PROTOTYPE	011223	04/15/18	22:44:09	0.4892597695390782	0.5000234844689379	27.05	10.77	4.1097820641282565	4.101953907815631	24.04	20.98	0.4892597695390782	0.4892597695390782	11.15	0.0	279.0	287.22	873.49	-476.75	0	1
PROTOTYPE	011224	04/15/18	22:44:10	0.4892597695390782	0.4980664453907815	27.8	9.15	4.1097820641282565	4.10293242735471	21.31	17.83	0.4892597695390782	0.4892597695390782	11.15	0.0	291.0	287.79	750.01	-600.24	0	1
PROTOTYPE	011225	04/15/18	22:44:12	0.4892597695390782	0.4970879258517034	28.38	7.78	4.1097820641282565	4.103910946893787	19.12	15.16	0.4892597695390782	0.4892597695390782	11.17	0.0	296.0	289.02	855.0	-495.2	0	1
PROTOTYPE	011226	04/15/18	22:44:13	0.4892597695390782	0.49610940631262535	28.81	6.61	4.1097820641282565	4.104889466432866	17.33	12.88	0.4892597695390782	0.4892597695390782	11.17	0.0	297.0	290.22	900.09	-300.92	0	1
PROTOTYPE	011227	04/15/18	22:44:15	0.4892597695390782	0.49513088677354705	29.16	5.62	4.1097820641282565	4.105867985971944	15.92	10.95	0.4892597695390782	0.4892597695390782	11.2	0.0	287.0	289.74	659.97	-60.79	0	1
PROTOTYPE	011228	04/15/18	22:44:16	0.4892597695390782	0.4941523672344689	29.41	4.78	4.01193011022044	4.09216871242485	27.73	-5.69	0.4892597695390782	0.4892597695390782	11.21	0.0	287.0	289.32	665.85	-66.67	0	1
PROTOTYPE	011229	04/15/18	22:44:17	0.4892597695390782	0.49317384769539074	15.94	-10.94	4.01193011022044	4.079447958416834	37.66	-19.84	0.4892597695390782	0.4892597695390782	11.24	0.0	290.0	289.43	556.19	63.33	0	1
PROTOTYPE	011230	04/15/18	22:44:19	0.4892597695390782	0.4921953281563127	14.83	-9.3	4.01193011022044	4.069662763026053	46.0	-31.86	0.4892597695390782	0.4892597695390782	11.25	0.0	299.0	290.86	687.83	218.83	0	1
PROTOTYPE	011231	04/15/18	22:44:20	0.4892597695390782	0.4921953281563127	13.99	-7.9	4.01193011022044	4.060856087174349	52.99	-42.08	0.4892597695390782	0.4892597695390782	11.3	0.0	297.0	291.78	634.79	456.01	0	1
PROTOTYPE	011232	04/15/18	22:44:22	0.4892597695390782	0.4921953281563127	13.32	-6.72	4.1097820641282565	4.068684243486974	58.79	-35.77	0.4892597695390782	0.4892597695390782	11.31	0.0	296.0	292.42	641.39	462.61	0	1
PROTOTYPE	011233	04/15/18	22:44:23	0.4892597695390782	0.4912168086172345	12.79	-5.71	4.01193011022044	4.0598775676352705	65.79	-45.4	0.4892597695390782	0.4892597695390782	11.29	0.0	286.0	291.45	614.47	243.22	0	1
PROTOTYPE	011234	04/15/18	22:44:25	0.4892597695390782	0.4912168086172345	12.41	-4.85	4.01193011022044	4.053027930861724	71.63	-53.59	0.4892597695390782	0.4892597695390782	11.31	0.0	294.0	291.84	533.0	161.73	0	1
PROTOTYPE	011235	04/15/18	22:44:26	0.4892597695390782	0.4912168086172345	12.12	-4.13	4.01193011022044	4.046178294088176	76.44	-60.55	0.4892597695390782	0.4892597695390782	11.31	0.0	291.0	291.71	497.32	197.47	0	1
PROTOTYPE	011236	04/15/18	22:44:27	0.4892597695390782	0.49023828907815625	11.92	-3.51	4.01193011022044	4.0412856963927855	67.47	-51.47	0.4892597695390782	0.4892597695390782	11.33	0.0	286.0	290.85	541.93	152.85	0	1
PROTOTYPE	011237	04/15/18	22:44:29	0.4892597695390782	0.49023828907815625	11.76	-2.98	4.1097820641282565	4.0520494113226455	65.75	-28.75	0.4892597695390782	0.4892597695390782	11.33	0.0	299.0	292.08	653.91	264.92	0	1
PROTOTYPE	011238	04/15/18	22:44:30	0.4892597695390782	0.49023828907815625	11.67	-2.53	4.1097820641282565	4.0598775676352705	64.3	-9.44	0.4892597695390782	0.4892597695390782	11.36	0.0	283.0	290.71	646.43	-14.81	0	1
PROTOTYPE	011239	04/15/18	22:44:32	0.4892597695390782	0.49023828907815625	11.56	-2.15	4.1097820641282565	4.0677057239478955	63.06	6.98	0.4892597695390782	0.4892597695390782	11.33	0.0	292.0	290.91	573.7	-87.59	0	1
PROTOTYPE	011240	04/15/18	22:44:33	0.4892597695390782	0.49023828907815625	11.5	-1.83	4.1097820641282565	4.073576841182365	62.04	5.93	0.4892597695390782	0.4892597695390782	11.34	0.0	286.0	290.17	584.04	-224.45	0	1
PROTOTYPE	011241	04/15/18	22:44:34	0.4892597695390782	0.49023828907815625	11.46	-1.56	4.01193011022044	4.064770165330661	62.92	5.04	0.4892597695390782	0.4892597695390782	11.34	0.0	294.0	290.75	545.25	-70.79	0	1
PROTOTYPE	011242	04/15/18	22:44:36	0.4892597695390782	0.4892597695390782	11.42	-1.32	4.1097820641282565	4.071619802104208	62.49	19.29	0.4892597695390782	0.4892597695390782	11.34	0.0	295.0	291.38	570.86	-45.17	0	1
PROTOTYPE	011243	04/15/18	22:44:37	0.4892597695390782	0.4892597695390782	11.38	-1.12	4.1097820641282565	4.077490919338677	62.13	31.39	0.4892597695390782	0.4892597695390782	11.32	0.0	290.0	291.18	579.05	-53.39	0	1
PROTOTYPE	011244	04/15/18	22:44:39	0.4892597695390782	0.4892597695390782	11.36	-0.96	4.1097820641282565	4.082383517034068	61.83	41.68	0.4892597695390782	0.4892597695390782	11.32	0.0	293.0	291.45	520.79	59.62	0	1
PROTOTYPE	011245	04/15/18	22:44:40	0.4892597695390782	0.4892597695390782	11.33	-0.81	4.01193011022044	4.071619802104208	62.09	20.43	0.4892597695390782	0.4892597695390782	11.3	0.0	298.0	292.43	496.85	35.67	0	1
PROTOTYPE	011246	04/15/18	22:44:42	0.4892597695390782	0.4892597695390782	11.28	-0.69	4.01193011022044	4.062813126252505	62.31	2.37	0.4892597695390782	0.4892597695390782	11.26	0.0	292.0	292.37	367.34	165.32	0	1
PROTOTYPE	011247	04/15/18	22:44:43	0.4892597695390782	0.4892597695390782	11.27	-0.59	4.01193011022044	4.05498496993988	62.49	-12.99	0.4892597695390782	0.4892597695390782	11.25	0.0	291.0	292.16	368.56	125.52	0	1
PROTOTYPE	011248	04/15/18	22:44:44	0.4892597695390782	0.4892597695390782	11.26	-0.5	4.1097820641282565	4.062813126252505	64.41	-11.04	0.4892597695390782	0.4892597695390782	11.25	0.0	303.0	293.79	457.51	361.7	0	1
PROTOTYPE	011249	04/15/18	22:44:46	0.4892597695390782	0.4892597695390782	11.28	-0.42	4.1097820641282565	4.070641282565131	62.06	5.62	0.4892597695390782	0.4892597695390782	11.27	0.0	292.0	293.52	426.92	277.44	0	1
PROTOTYPE	011250	04/15/18	22:44:47	0.4892597695390782	0.4892597695390782	11.28	-0.36	4.1097820641282565	4.076512399799599	61.24	4.77	0.4892597695390782	0.4892597695390782	11.28	0.0	294.0	293.59	370.42	220.83	0	1
PROTOTYPE	011251	04/15/18	22:44:49	0.4892597695390782	0.4892597695390782	11.29	-0.31	4.1097820641282565	4.081404997494991	60.54	4.06	0.4892597695390782	0.4892597695390782	11.29	0.0	292.0	293.35	373.54	217.7	0	1
PROTOTYPE	011252	04/15/18	22:44:50	0.4892597695390782	0.4892597695390782	11.28	-0.26	4.1097820641282565	4.085319075651303	59.96	3.45	0.4892597695390782	0.4892597695390782	11.28	0.0	299.0	294.2	430.86	275.05	0	1
PROTOTYPE	011253	04/15/18	22:44:51	0.4892597695390782	0.4892597695390782	11.3	-0.22	4.01193011022044	4.074555360721443	60.47	2.93	0.4892597695390782	0.4892597695390782	11.3	0.0	293.0	294.02	350.65	158.79	0	1
PROTOTYPE	011254	04/15/18	22:44:53	0.4892597695390782	0.4892597695390782	11.3	-0.19	4.01193011022044	4.064770165330661	60.91	2.49	0.4892597695390782	0.4892597695390782	11.3	0.0	287.0	292.97	449.33	59.97	0	1
PROTOTYPE	011255	04/15/18	22:44:54	0.4892597695390782	0.4892597695390782	11.3	-0.16	4.1097820641282565	4.071619802104208	60.01	17.12	0.4892597695390782	0.4892597695390782	11.3	0.0	298.0	293.72	504.28	155.98	0	1
PROTOTYPE	011256	04/15/18	22:44:56	0.4892597695390782	0.4892597695390782	11.29	-0.14	4.1097820641282565	4.077490919338677	57.49	14.55	0.4892597695390782	0.4892597695390782	11.29	0.0	289.0	293.01	412.55	-77.42	0	1
PROTOTYPE	011257	04/15/18	22:44:57	0.4892597695390782	0.4892597695390782	11.29	-0.12	4.1097820641282565	4.082383517034068	55.36	12.37	0.4892597695390782	0.4892597695390782	11.29	0.0	294.0	293.16	400.56	-35.81	0	1
PROTOTYPE	011258	04/15/18	22:44:58	0.4892597695390782	0.4892597695390782	11.29	-0.1	4.01193011022044	4.071619802104208	60.02	-4.49	0.4892597695390782	0.4892597695390782	11.29	0.0	289.0	292.54	455.66	-105.44	0	1
PROTOTYPE	011259	04/15/18	22:45:00	0.4892597695390782	0.4892597695390782	11.28	-0.08	4.01193011022044	4.062813126252505	63.96	-18.81	0.4892597695390782	0.4892597695390782	11.28	0.0	292.0	292.46	439.92	-89.62	0	1
PROTOTYPE	011260	04/15/18	22:45:01	0.4892597695390782	0.4892597695390782	11.27	-0.07	4.01193011022044	4.05498496993988	67.27	-30.99	0.4892597695390782	0.4892597695390782	11.27	0.0	291.0	292.24	377.1	-196.18	0	1
PROTOTYPE	011261	04/15/18	22:45:03	0.4892597695390782	0.4892597695390782	11.24	-0.06	4.01193011022044	4.049113852705411	62.68	-26.34	0.4892597695390782	0.4892597695390782	11.24	0.0	308.0	294.6	595.47	58.25	0	1
PROTOTYPE	011262	04/15/18	22:45:04	0.4892597695390782	0.4892597695390782	11.23	-0.05	4.01193011022044	4.043242735470942	58.8	-22.39	0.4892597695390782	0.4892597695390782	11.23	0.0	288.0	293.61	589.21	64.51	0	1
PROTOTYPE	011263	04/15/18	22:45:05	0.4892597695390782	0.4892597695390782	11.24	-0.04	4.01193011022044	4.038350137775551	56.79	-34.03	0.4892597695390782	0.4892597695390782	11.24	0.0	294.0	293.67	519.69	-5.17	0	1
PROTOTYPE	011264	04/15/18	22:45:07	0.4892597695390782	0.4892597695390782	11.27	-0.04	4.01193011022044	4.034436059619238	55.12	-43.93	0.4892597695390782	0.4892597695390782	11.27	0.0	291.0	293.27	488.93	25.61	0	1
PROTOTYPE	011265	04/15/18	22:45:08	0.4892597695390782	0.4892597695390782	11.26	-0.03	4.01193011022044	4.031500501002005	53.7	-52.34	0.4892597695390782	0.4892597695390782	11.26	0.0	290.0	292.78	523.13	-38.23	0	1
PROTOTYPE	011266	04/15/18	22:45:10	0.4892597695390782	0.4892597695390782	11.24	-0.03	4.01193011022044	4.02856494238477	46.07	-44.49	0.4892597695390782	0.4892597695390782	11.24	0.0	289.0	292.21	517.4	-32.5	0	1
PROTOTYPE	011267	04/15/18	22:45:11	0.4892597695390782	0.4892597695390782	11.26	-0.02	4.01193011022044	4.025629383767535	39.67	-37.81	0.4892597695390782	0.4892597695390782	11.26	0.0	289.0	291.73	557.42	-72.62	0	1
PROTOTYPE	011268	04/15/18	22:45:13	0.4892597695390782	0.4892597695390782	11.28	-0.02	4.01193011022044	4.023672344689379	34.3	-32.14	0.4892597695390782	0.4892597695390782	11.28	0.0	298.0	292.67	629.58	43.27	0	1
PROTOTYPE	011269	04/15/18	22:45:14	0.4892597695390782	0.4892597695390782	11.3	-0.02	4.01193011022044	4.021715305611223	29.82	-27.32	0.4892597695390782	0.4892597695390782	11.3	0.0	292.0	292.57	403.31	-203.22	0	1
PROTOTYPE	011270	04/15/18	22:45:15	0.4892597695390782	0.4892597695390782	11.32	-0.01	4.01193011022044	4.020736786072145	26.11	-23.22	0.4892597695390782	0.4892597695390782	11.32	0.0	303.0	294.13	460.71	52.26	0	1
PROTOTYPE	011271	04/15/18	22:45:17	0.4892597695390782	0.4892597695390782	11.32	-0.01	4.01193011022044	4.018779746993989	23.04	-19.74	0.4892597695390782	0.4892597695390782	11.32	0.0	290.0	293.51	516.77	-15.58	0	1
PROTOTYPE	011272	04/15/18	22:45:18	0.4892597695390782	0.4892597695390782	11.33	-0.01	4.01193011022044	4.0178012274549095	20.54	-16.78	0.4892597695390782	0.4892597695390782	11.33	0.0	267.0	289.54	874.41	-373.24	0	1
PROTOTYPE	011273	04/15/18	22:45:20	0.4892597695390782	0.4892597695390782	11.35	-0.01	4.1097820641282565	4.031500501002005	30.94	0.74	0.4892597695390782	0.4892597695390782	11.35	0.0	293.0	290.06	877.3	-272.25	0	1
PROTOTYPE	011274	04/15/18	22:45:21	0.4892597695390782	0.4892597695390782	11.36	-0.01	4.01193011022044	4.02856494238477	31.04	0.63	0.4892597695390782	0.4892597695390782	11.36	0.0	303.0	292.0	1014.75	-21.42	0	1
PROTOTYPE	011275	04/15/18	22:45:22	0.4892597695390782	0.4892597695390782	11.36	-0.01	4.01193011022044	4.026607903306613	31.12	0.53	0.4892597695390782	0.4892597695390782	11.36	0.0	301.0	293.35	1101.57	161.8	0	1
PROTOTYPE	011276	04/15/18	22:45:24	0.4892597695390782	0.4892597695390782	11.36	-0.01	4.01193011022044	4.023672344689379	31.19	0.45	0.4892597695390782	0.4892597695390782	11.36	0.0	295.0	293.6	1032.33	92.53	0	1
PROTOTYPE	011277	04/15/18	22:45:25	0.4892597695390782	0.4892597695390782	11.36	-0.0	4.1097820641282565	4.037371618236473	42.1	15.39	0.4892597695390782	0.4892597695390782	11.36	0.0	281.0	291.71	1211.12	-86.35	0	1
PROTOTYPE	011278	04/15/18	22:45:27	0.4892597695390782	0.4892597695390782	11.36	-0.0	4.01193011022044	4.03345754008016	44.11	13.08	0.4892597695390782	0.4892597695390782	11.36	0.0	299.0	292.8	1164.07	-133.4	0	1
PROTOTYPE	011279	04/15/18	22:45:28	0.4892597695390782	0.4892597695390782	11.35	-0.0	4.01193011022044	4.030521981462926	45.74	11.12	0.4892597695390782	0.4892597695390782	11.35	0.0	289.0	292.23	1159.07	-128.39	0	1
PROTOTYPE	011280	04/15/18	22:45:30	0.4892597695390782	0.4892597695390782	11.33	-0.0	4.01193011022044	4.027586422845691	47.04	9.45	0.4892597695390782	0.4892597695390782	11.33	0.0	297.0	292.95	832.9	340.87	0	1
PROTOTYPE	011281	04/15/18	22:45:31	0.4892597695390782	0.4892597695390782	11.32	-0.0	4.01193011022044	4.024650864228458	35.67	-6.97	0.4892597695390782	0.4892597695390782	11.32	0.0	299.0	293.85	871.76	379.74	0	1
PROTOTYPE	011282	04/15/18	22:45:32	0.4892597695390782	0.4892597695390782	11.31	-0.0	4.01193011022044	4.0226938251503	34.75	-5.92	0.4892597695390782	0.4892597695390782	11.31	0.0	300.0	294.78	769.8	277.78	0	1
PROTOTYPE	011283	04/15/18	22:45:34	0.4892597695390782	0.4892597695390782	11.29	-0.0	4.01193011022044	4.021715305611223	34.0	-5.03	0.4892597695390782	0.4892597695390782	11.29	0.0	281.0	292.71	841.42	-63.89	0	1
PROTOTYPE	011284	04/15/18	22:45:35	0.4892597695390782	0.4892597695390782	11.27	-0.0	4.01193011022044	4.019758266533066	33.39	-4.28	0.4892597695390782	0.4892597695390782	11.27	0.0	292.0	292.6	827.34	-99.31	0	1
PROTOTYPE	011285	04/15/18	22:45:37	0.4892597695390782	0.4892597695390782	11.26	-0.0	4.01193011022044	4.018779746993989	22.06	-18.64	0.4892597695390782	0.4892597695390782	11.26	0.0	279.0	290.56	842.44	-114.41	0	1
PROTOTYPE	011286	04/15/18	22:45:38	0.4892597695390782	0.4892597695390782	11.24	-0.0	4.01193011022044	4.0178012274549095	19.7	-15.84	0.4892597695390782	0.4892597695390782	11.24	0.0	293.0	290.93	769.62	-187.25	0	1
PROTOTYPE	011287	04/15/18	22:45:39	0.4892597695390782	0.4892597695390782	11.24	-0.0	4.01193011022044	4.016822707915831	17.81	-13.47	0.4892597695390782	0.4892597695390782	11.24	0.0	295.0	291.54	773.68	-69.16	0	1
PROTOTYPE	011288	04/15/18	22:45:41	0.4892597695390782	0.4892597695390782	11.24	-0.0	4.01193011022044	4.015844188376754	16.3	-11.45	0.4892597695390782	0.4892597695390782	11.24	0.0	288.0	291.01	755.23	-193.79	0	1
PROTOTYPE	011289	04/15/18	22:45:42	0.4892597695390782	0.4892597695390782	11.23	-0.0	4.01193011022044	4.015844188376754	15.1	-9.73	0.4892597695390782	0.4892597695390782	11.23	0.0	290.0	290.86	679.6	-299.72	0	1
PROTOTYPE	011290	04/15/18	22:45:44	0.4892597695390782	0.4892597695390782	11.21	-0.0	4.01193011022044	4.014865668837675	14.13	-8.27	0.4892597695390782	0.4892597695390782	11.21	0.0	291.0	290.88	589.96	-389.76	0	1
PROTOTYPE	011291	04/15/18	22:45:45	0.4892597695390782	0.4892597695390782	11.2	-0.0	4.01193011022044	4.014865668837675	13.39	-7.03	0.4892597695390782	0.4892597695390782	11.2	0.0	283.0	289.7	501.5	-301.3	0	1
PROTOTYPE	011292	04/15/18	22:45:46	0.4892597695390782	0.4892597695390782	11.19	-0.0	4.01193011022044	4.013887149298598	12.82	-5.97	0.4892597695390782	0.4892597695390782	11.19	0.0	296.0	290.64	585.32	-196.1	0	1
PROTOTYPE	011293	04/15/18	22:45:48	0.4892597695390782	0.4892597695390782	11.18	-0.0	4.01193011022044	4.013887149298598	12.39	-5.08	0.4892597695390782	0.4892597695390782	11.18	0.0	294.0	291.15	431.65	58.31	0	1
PROTOTYPE	011294	04/15/18	22:45:49	0.4892597695390782	0.4892597695390782	11.2	-0.0	4.01193011022044	4.013887149298598	12.09	-4.32	0.4892597695390782	0.4892597695390782	11.2	0.0	284.0	290.07	502.27	-85.43	0	1
PROTOTYPE	011295	04/15/18	22:45:51	0.4892597695390782	0.4892597695390782	11.2	-0.0	4.01193011022044	4.01290862975952	11.85	-3.67	0.4892597695390782	0.4892597695390782	11.2	0.0	289.0	289.91	457.34	-162.62	0	1
PROTOTYPE	011296	04/15/18	22:45:52	0.4892597695390782	0.4892597695390782	11.17	-0.0	4.1097820641282565	4.027586422845691	25.1	11.88	0.4892597695390782	0.4892597695390782	11.17	0.0	297.0	290.98	510.55	-3.23	0	1
PROTOTYPE	011297	04/15/18	22:45:53	0.4892597695390782	0.4892597695390782	11.17	-0.0	4.1097820641282565	4.040307176853707	36.2	25.1	0.4892597695390782	0.4892597695390782	11.17	0.0	284.0	289.93	600.01	-92.74	0	1
PROTOTYPE	011298	04/15/18	22:45:55	0.4892597695390782	0.4892597695390782	11.19	-0.0	4.1097820641282565	4.050092372244489	45.5	36.33	0.4892597695390782	0.4892597695390782	11.19	0.0	294.0	290.54	658.54	-33.83	0	1
PROTOTYPE	011299	04/15/18	22:45:56	0.4892597695390782	0.4892597695390782	11.2	-0.0	4.01193011022044	4.045199774549098	50.11	30.88	0.4892597695390782	0.4892597695390782	11.2	0.0	283.0	289.41	653.46	-28.76	0	1
PROTOTYPE	011300	04/15/18	22:45:58	0.4892597695390782	0.4892597695390782	11.2	-0.0	4.01193011022044	4.039328657314629	53.88	26.25	0.4892597695390782	0.4892597695390782	11.2	0.0	276.0	287.4	760.04	-324.44	0	1
PROTOTYPE	011301	04/15/18	22:45:59	0.4892597695390782	0.4892597695390782	11.2	-0.0	4.01193011022044	4.035414579158317	56.94	22.31	0.4892597695390782	0.4892597695390782	11.2	0.0	288.0	287.49	718.8	-365.78	0	1
PROTOTYPE	011302	04/15/18	22:46:00	0.4892597695390782	0.4892597695390782	11.2	-0.0	4.01193011022044	4.032479020541082	59.4	18.97	0.4892597695390782	0.4892597695390782	11.2	0.0	293.0	288.31	694.29	-175.91	0	1
PROTOTYPE	011303	04/15/18	22:46:02	0.4892597695390782	0.4892597695390782	11.2	-0.0	4.01193011022044	4.02856494238477	61.37	16.12	0.4892597695390782	0.4892597695390782	11.2	0.0	293.0	289.02	748.41	-89.52	0	1
PROTOTYPE	011304	04/15/18	22:46:03	0.4892597695390782	0.4892597695390782	11.21	-0.0	4.1097820641282565	4.0412856963927855	58.96	13.7	0.4892597695390782	0.4892597695390782	11.21	0.0	290.0	289.16	656.9	-181.09	0	1
PROTOTYPE	011305	04/15/18	22:46:05	0.4892597695390782	0.4892597695390782	11.21	-0.0	4.1097820641282565	4.051070891783566	56.92	11.65	0.4892597695390782	0.4892597695390782	11.21	0.0	291.0	289.44	579.81	-48.93	0	1
PROTOTYPE	011306	04/15/18	22:46:06	0.4892597695390782	0.4892597695390782	11.23	-0.0	4.01193011022044	4.045199774549098	52.37	-5.1	0.4892597695390782	0.4892597695390782	11.23	0.0	287.0	289.07	555.37	-146.59	0	1
PROTOTYPE	011307	04/15/18	22:46:07	0.4892597695390782	0.4892597695390782	11.23	-0.0	4.1097820641282565	4.05498496993988	56.24	10.67	0.4892597695390782	0.4892597695390782	11.23	0.0	292.0	289.51	486.17	10.4	0	1
PROTOTYPE	011308	04/15/18	22:46:09	0.4892597695390782	0.4892597695390782	11.25	-0.0	4.01193011022044	4.049113852705411	57.8	9.07	0.4892597695390782	0.4892597695390782	11.25	0.0	297.0	290.64	397.34	323.84	0	1
PROTOTYPE	011309	04/15/18	22:46:10	0.4892597695390782	0.4892597695390782	11.26	-0.0	4.01193011022044	4.043242735470942	59.11	7.71	0.4892597695390782	0.4892597695390782	11.26	0.0	288.0	290.24	427.77	275.26	0	1
PROTOTYPE	011310	04/15/18	22:46:12	0.4892597695390782	0.4892597695390782	11.27	-0.0	4.01193011022044	4.038350137775551	60.21	6.55	0.4892597695390782	0.4892597695390782	11.27	0.0	305.0	292.45	566.47	413.97	0	1
PROTOTYPE	011311	04/15/18	22:46:13	0.4892597695390782	0.4892597695390782	11.27	-0.0	4.01193011022044	4.034436059619238	61.12	5.57	0.4892597695390782	0.4892597695390782	11.27	0.0	279.0	290.44	698.0	141.88	0	1
PROTOTYPE	011312	04/15/18	22:46:14	0.4892597695390782	0.4892597695390782	11.26	-0.0	4.1097820641282565	4.046178294088176	60.29	4.73	0.4892597695390782	0.4892597695390782	11.26	0.0	286.0	289.77	749.76	60.6	0	1
PROTOTYPE	011313	04/15/18	22:46:16	0.4892597695390782	0.4892597695390782	11.25	-0.0	4.01193011022044	4.040307176853707	55.05	-10.98	0.4892597695390782	0.4892597695390782	11.25	0.0	290.0	289.81	725.91	36.51	0	1
PROTOTYPE	011314	04/15/18	22:46:17	0.4892597695390782	0.4892597695390782	11.26	-0.0	4.01193011022044	4.036393098697395	53.47	-9.33	0.4892597695390782	0.4892597695390782	11.26	0.0	279.0	288.18	851.36	-88.97	0	1
PROTOTYPE	011315	04/15/18	22:46:19	0.4892597695390782	0.4892597695390782	11.26	-0.0	4.1097820641282565	4.047156813627255	54.86	-7.93	0.4892597695390782	0.4892597695390782	11.26	0.0	302.0	290.26	1014.69	74.38	0	1
PROTOTYPE	011316	04/15/18	22:46:20	0.4892597695390782	0.4892597695390782	11.26	-0.0	4.1097820641282565	4.0569420090180355	57.75	8.26	0.4892597695390782	0.4892597695390782	11.26	0.0	289.0	290.07	921.28	-56.78	0	1
PROTOTYPE	011317	04/15/18	22:46:22	0.4892597695390782	0.4892597695390782	11.28	-0.0	4.1097820641282565	4.064770165330661	60.19	22.02	0.4892597695390782	0.4892597695390782	11.28	0.0	289.0	289.91	897.8	-33.26	0	1
PROTOTYPE	011318	04/15/18	22:46:23	0.4892597695390782	0.4892597695390782	11.28	-0.0	4.01193011022044	4.0569420090180355	63.41	18.72	0.4892597695390782	0.4892597695390782	11.28	0.0	296.0	290.82	767.8	-163.27	0	1
PROTOTYPE	011319	04/15/18	22:46:24	0.4892597695390782	0.4892597695390782	11.28	-0.0	4.01193011022044	4.050092372244489	66.13	15.91	0.4892597695390782	0.4892597695390782	11.28	0.0	292.0	291.0	583.7	56.22	0	1
PROTOTYPE	011320	04/15/18	22:46:26	0.4892597695390782	0.4892597695390782	11.28	-0.0	4.1097820641282565	4.058899048096192	63.76	13.52	0.4892597695390782	0.4892597695390782	11.28	0.0	290.0	290.85	532.19	107.78	0	1
PROTOTYPE	011321	04/15/18	22:46:27	0.4892597695390782	0.4892597695390782	11.29	-0.0	4.1097820641282565	4.066727204408818	66.29	26.49	0.4892597695390782	0.4892597695390782	11.29	0.0	293.0	291.17	560.78	136.62	0	1
PROTOTYPE	011322	04/15/18	22:46:29	0.4892597695390782	0.4892597695390782	11.26	-0.0	4.1097820641282565	4.073576841182365	68.42	37.52	0.4892597695390782	0.4892597695390782	11.26	0.0	291.0	291.15	401.62	296.12	0	1
PROTOTYPE	011323	04/15/18	22:46:30	0.4892597695390782	0.4892597695390782	11.27	-0.0	4.1097820641282565	4.078469438877756	62.87	31.89	0.4892597695390782	0.4892597695390782	11.27	0.0	291.0	291.12	196.98	86.71	0	1
PROTOTYPE	011324	04/15/18	22:46:31	0.4892597695390782	0.4892597695390782	11.27	-0.0	4.1097820641282565	4.083362036573146	58.19	27.11	0.4892597695390782	0.4892597695390782	11.27	0.0	297.0	292.01	266.23	193.7	0	1
PROTOTYPE	011325	04/15/18	22:46:33	0.4892597695390782	0.4892597695390782	11.24	-0.0	4.1097820641282565	4.08727611472946	54.23	23.04	0.4892597695390782	0.4892597695390782	11.24	0.0	297.0	292.75	325.08	284.64	0	1
PROTOTYPE	011326	04/15/18	22:46:34	0.4892597695390782	0.4892597695390782	11.21	-0.0	4.01193011022044	4.075533880260521	57.65	19.59	0.4892597695390782	0.4892597695390782	11.21	0.0	293.0	292.79	237.62	196.95	0	1
PROTOTYPE	011327	04/15/18	22:46:36	0.4892597695390782	0.4892597695390782	11.23	-0.0	4.1097820641282565	4.081404997494991	56.01	31.65	0.4892597695390782	0.4892597695390782	11.23	0.0	289.0	292.22	276.78	122.41	0	1
PROTOTYPE	011328	04/15/18	22:46:37	0.4892597695390782	0.4892597695390782	11.25	-0.0	4.1097820641282565	4.085319075651303	51.37	26.9	0.4892597695390782	0.4892597695390782	11.25	0.0	303.0	293.84	423.41	299.05	0	1
PROTOTYPE	011329	04/15/18	22:46:38	0.4892597695390782	0.4892597695390782	11.26	-0.0	4.1097820641282565	4.089233153807615	47.47	22.87	0.4892597695390782	0.4892597695390782	11.26	0.0	287.0	292.81	493.71	164.19	0	1
PROTOTYPE	011330	04/15/18	22:46:40	0.4892597695390782	0.4892597695390782	11.26	-0.0	4.1097820641282565	4.09216871242485	44.19	19.44	0.4892597695390782	0.4892597695390782	11.26	0.0	290.0	292.39	533.0	124.56	0	1
PROTOTYPE	011331	04/15/18	22:46:41	0.4892597695390782	0.4892597695390782	11.26	-0.0	4.1097820641282565	4.095104271042084	41.45	16.52	0.4892597695390782	0.4892597695390782	11.26	0.0	297.0	293.08	599.54	195.88	0	1
PROTOTYPE	011332	04/15/18	22:46:43	0.4892597695390782	0.4892597695390782	11.25	-0.0	4.1097820641282565	4.097061310120241	39.16	14.04	0.4892597695390782	0.4892597695390782	11.25	0.0	293.0	293.07	513.26	106.49	0	1
PROTOTYPE	011333	04/15/18	22:46:44	0.4892597695390782	0.4892597695390782	11.26	-0.0	4.1097820641282565	4.0990183491983965	37.27	11.94	0.4892597695390782	0.4892597695390782	11.26	0.0	296.0	293.51	482.3	75.52	0	1
PROTOTYPE	011334	04/15/18	22:46:45	0.4892597695390782	0.4892597695390782	11.28	-0.0	4.1097820641282565	4.100975388276552	27.82	25.15	0.4892597695390782	0.4892597695390782	11.28	0.0	287.0	292.53	576.02	-25.81	0	1
PROTOTYPE	011335	04/15/18	22:46:47	0.4892597695390782	0.4892597695390782	11.26	-0.0	4.1097820641282565	4.101953907815631	24.43	21.37	0.4892597695390782	0.4892597695390782	11.26	0.0	294.0	292.75	541.17	53.06	0	1
PROTOTYPE	011336	04/15/18	22:46:48	0.4892597695390782	0.4892597695390782	11.24	-0.0	4.1097820641282565	4.10293242735471	21.64	18.17	0.4892597695390782	0.4892597695390782	11.24	0.0	298.0	293.54	458.22	-29.9	0	1
PROTOTYPE	011337	04/15/18	22:46:50	0.4892597695390782	0.4892597695390782	11.24	-0.0	4.1097820641282565	4.103910946893787	19.39	15.44	0.4892597695390782	0.4892597695390782	11.24	0.0	296.0	293.91	392.55	109.59	0	1
PROTOTYPE	011338	04/15/18	22:46:51	0.4892597695390782	0.4892597695390782	11.25	-0.0	4.1097820641282565	4.104889466432866	17.56	13.13	0.4892597695390782	0.4892597695390782	11.25	0.0	281.0	291.97	543.97	-41.85	0	1
PROTOTYPE	011339	04/15/18	22:46:52	0.4892597695390782	0.4892597695390782	11.24	-0.0	4.1097820641282565	4.105867985971944	16.1	11.16	0.4892597695390782	0.4892597695390782	11.24	0.0	294.0	292.28	505.26	-80.57	0	1
PROTOTYPE	011340	04/15/18	22:46:54	0.4892597695390782	0.4892597695390782	11.23	-0.0	4.1097820641282565	4.105867985971944	14.93	9.48	0.4892597695390782	0.4892597695390782	11.23	0.0	284.0	291.04	627.55	-203.49	0	1
PROTOTYPE	011341	04/15/18	22:46:55	0.4892597695390782	0.4892597695390782	11.24	-0.0	4.1097820641282565	4.1068465055110215	14.03	8.06	0.4892597695390782	0.4892597695390782	11.24	0.0	293.0	291.33	613.09	-217.96	0	1
PROTOTYPE	011342	04/15/18	22:46:57	0.4892597695390782	0.4892597695390782	11.24	-0.0	4.1097820641282565	4.1068465055110215	13.33	6.85	0.4892597695390782	0.4892597695390782	11.24	0.0	290.0	291.13	535.43	-140.27	0	1
PROTOTYPE	011343	04/15/18	22:46:58	0.4892597695390782	0.4892597695390782	11.25	-0.0	4.1097820641282565	4.1078250250501	12.81	5.82	0.4892597695390782	0.4892597695390782	11.25	0.0	284.0	290.06	620.35	-269.23	0	1
PROTOTYPE	011344	04/15/18	22:47:00	0.4892597695390782	0.4892597695390782	11.27	-0.0	4.1097820641282565	4.1078250250501	12.42	4.95	0.4892597695390782	0.4892597695390782	11.27	0.0	292.0	290.35	570.76	-318.84	0	1
PROTOTYPE	011345	04/15/18	22:47:01	0.4892597695390782	0.4892597695390782	11.26	-0.0	4.1097820641282565	4.1078250250501	12.1	4.21	0.4892597695390782	0.4892597695390782	11.26	0.0	289.0	290.15	554.16	-376.02	0	1
PROTOTYPE	011346	04/15/18	22:47:02	0.4892597695390782	0.4892597695390782	11.24	-0.0	4.1097820641282565	4.108803544589179	11.86	3.58	0.4892597695390782	0.4892597695390782	11.24	0.0	301.0	291.78	523.29	-19.62	0	1
PROTOTYPE	011347	04/15/18	22:47:04	0.4892597695390782	0.4892597695390782	11.23	-0.0	4.1097820641282565	4.108803544589179	11.68	3.04	0.4892597695390782	0.4892597695390782	11.23	0.0	292.0	291.81	496.48	-46.67	0	1
PROTOTYPE	011348	04/15/18	22:47:05	0.4892597695390782	0.4892597695390782	11.25	-0.0	4.1097820641282565	4.108803544589179	11.58	2.58	0.4892597695390782	0.4892597695390782	11.25	0.0	291.0	291.69	384.55	65.33	0	1
PROTOTYPE	011349	04/15/18	22:47:07	0.4892597695390782	0.4892597695390782	11.24	-0.0	4.1097820641282565	4.108803544589179	11.48	2.2	0.4892597695390782	0.4892597695390782	11.24	0.0	294.0	292.04	389.74	70.53	0	1
PROTOTYPE	011350	04/15/18	22:47:08	0.4892597695390782	0.4892597695390782	11.24	-0.0	4.1097820641282565	4.108803544589179	11.41	1.87	0.4892597695390782	0.4892597695390782	11.24	0.0	306.0	294.13	579.22	299.95	0	1
PROTOTYPE	011351	04/15/18	22:47:09	0.4892597695390782	0.4892597695390782	11.24	-0.0	4.1097820641282565	4.108803544589179	11.36	1.59	0.4892597695390782	0.4892597695390782	11.24	0.0	294.0	294.11	474.66	404.96	0	1
PROTOTYPE	011352	04/15/18	22:47:11	0.4892597695390782	0.4892597695390782	11.22	-0.0	4.1097820641282565	4.108803544589179	11.31	1.35	0.4892597695390782	0.4892597695390782	11.22	0.0	296.0	294.39	473.91	404.21	0	1
PROTOTYPE	011353	04/15/18	22:47:12	0.4892597695390782	0.4892597695390782	11.2	-0.0	4.1097820641282565	4.1097820641282565	11.26	1.15	0.4892597695390782	0.4892597695390782	11.2	0.0	285.0	292.98	594.5	283.58	0	1
PROTOTYPE	011354	04/15/18	22:47:14	0.4892597695390782	0.4892597695390782	11.22	-0.0	4.1097820641282565	4.1097820641282565	11.27	0.97	0.4892597695390782	0.4892597695390782	11.22	0.0	278.0	290.74	656.51	-103.96	0	1
PROTOTYPE	011355	04/15/18	22:47:15	0.4892597695390782	0.4892597695390782	11.23	-0.0	4.1097820641282565	4.1097820641282565	11.26	0.83	0.4892597695390782	0.4892597695390782	11.23	0.0	300.0	292.13	791.83	31.64	0	1
PROTOTYPE	011356	04/15/18	22:47:16	0.4892597695390782	0.4892597695390782	11.21	-0.0	4.1097820641282565	4.1097820641282565	11.23	0.7	0.4892597695390782	0.4892597695390782	11.21	0.0	293.0	292.26	792.78	56.89	0	1
PROTOTYPE	011357	04/15/18	22:47:18	0.4892597695390782	0.4892597695390782	11.2	-0.0	4.1097820641282565	4.1097820641282565	11.22	0.6	0.4892597695390782	0.4892597695390782	11.2	0.0	295.0	292.67	799.24	63.36	0	1
PROTOTYPE	011358	04/15/18	22:47:19	0.4892597695390782	0.4892597695390782	11.19	-0.0	4.1097820641282565	4.1097820641282565	11.2	0.51	0.4892597695390782	0.4892597695390782	11.19	0.0	282.0	291.07	749.8	-306.15	0	1
PROTOTYPE	011359	04/15/18	22:47:21	0.4892597695390782	0.4892597695390782	11.19	-0.0	4.1097820641282565	4.1097820641282565	11.2	0.43	0.4892597695390782	0.4892597695390782	11.19	0.0	300.0	292.41	881.37	-170.22	0	1
PROTOTYPE	011360	04/15/18	22:47:22	0.4892597695390782	0.4892597695390782	11.22	-0.0	4.1097820641282565	4.1097820641282565	11.22	0.37	0.4892597695390782	0.4892597695390782	11.22	0.0	299.0	293.4	951.88	-99.69	0	1
PROTOTYPE	011361	04/15/18	22:47:23	0.4892597695390782	0.4892597695390782	11.22	-0.0	4.1097820641282565	4.1097820641282565	11.22	0.31	0.4892597695390782	0.4892597695390782	11.22	0.0	299.0	294.24	895.02	125.26	0	1
PROTOTYPE	011362	04/15/18	22:47:25	0.4892597695390782	0.4892597695390782	11.23	-0.0	4.1097820641282565	4.1097820641282565	11.23	0.27	0.4892597695390782	0.4892597695390782	11.23	0.0	291.0	293.75	718.83	301.47	0	1
PROTOTYPE	011363	04/15/18	22:47:26	0.4892597695390782	0.4892597695390782	11.23	-0.0	4.1097820641282565	4.1097820641282565	11.23	0.23	0.4892597695390782	0.4892597695390782	11.23	0.0	301.0	294.84	688.61	271.25	0	1
PROTOTYPE	011364	04/15/18	22:47:28	0.4892597695390782	0.4892597695390782	11.25	-0.0	4.1097820641282565	4.1097820641282565	11.25	0.19	0.4892597695390782	0.4892597695390782	11.25	0.0	301.0	295.76	767.86	350.56	0	1
PROTOTYPE	011365	04/15/18	22:47:29	0.4892597695390782	0.4892597695390782	11.28	-0.0	4.1097820641282565	4.1097820641282565	11.28	0.16	0.4892597695390782	0.4892597695390782	11.28	0.0	285.0	294.15	888.15	147.98	0	1
PROTOTYPE	011366	04/15/18	22:47:30	0.4892597695390782	0.4892597695390782	11.3	-0.0	4.1097820641282565	4.1097820641282565	11.3	0.14	0.4892597695390782	0.4892597695390782	11.3	0.0	292.0	293.83	760.38	275.78	0	1
