Dev_id	Index	Date	Time	Sensor1	Sensor1_Filter	Sensor1_LL	Sensor1_Diff	Sensor2	Sensor2_Filter	Sensor2_LL	Sensor2_Diff	Sensor3	Sensor3_Filter	Sensor3_LL	Sensor3_Diff	Sensor4	Sensor4_Filter	Sensor4_LL	Sensor4_Diff	Heater_Status	FSM_Status
PROTOTYPE	011767	04/15/18	22:56:55	0.4892597695390782	0.4892597695390782	11.25	-0.36	4.1097820641282565	4.122502818136272	26.15	12.88	0.4892597695390782	0.4892597695390782	11.25	0.12	298.0	291.7	663.68	171.74	0	1
PROTOTYPE	011768	04/15/18	22:56:57	0.4892597695390782	0.4892597695390782	11.26	-0.31	4.1097820641282565	4.120545779058117	27.12	10.95	0.4892597695390782	0.4892597695390782	11.26	0.1	295.0	292.2	608.45	325.98	0	1
PROTOTYPE	011769	04/15/18	22:56:58	0.4892597695390782	0.4892597695390782	11.25	-0.26	4.1097820641282565	4.11858873997996	27.85	9.3	0.4892597695390782	0.4892597695390782	11.25	0.08	292.0	292.17	550.71	262.08	0	1
PROTOTYPE	011770	04/15/18	22:56:59	0.4892597695390782	0.4892597695390782	11.29	-0.22	4.1097820641282565	4.1176102204408815	28.45	7.91	0.4892597695390782	0.4892597695390782	11.29	0.07	291.0	291.99	545.04	267.77	0	1
PROTOTYPE	011771	04/15/18	22:57:01	0.4892597695390782	0.4892597695390782	11.28	-0.19	4.1097820641282565	4.116631700901803	28.86	6.72	0.4892597695390782	0.4892597695390782	11.28	0.06	289.0	291.54	534.6	167.61	0	1
PROTOTYPE	011772	04/15/18	22:57:02	0.4892597695390782	0.4892597695390782	11.28	-0.16	4.1097820641282565	4.115653181362726	29.18	5.71	0.4892597695390782	0.4892597695390782	11.28	0.05	304.0	293.41	603.47	472.46	0	1
PROTOTYPE	011773	04/15/18	22:57:04	0.4892597695390782	0.4892597695390782	11.26	-0.14	4.1097820641282565	4.114674661823647	29.4	4.86	0.4892597695390782	0.4892597695390782	11.26	0.04	287.0	292.45	604.93	281.59	0	1
PROTOTYPE	011774	04/15/18	22:57:05	0.4892597695390782	0.4892597695390782	11.25	-0.12	4.1097820641282565	4.113696142284569	15.89	-10.87	0.4892597695390782	0.4892597695390782	11.25	0.04	290.0	292.08	546.19	149.36	0	1
PROTOTYPE	011775	04/15/18	22:57:06	0.4892597695390782	0.4892597695390782	11.23	-0.1	4.1097820641282565	4.112717622745491	14.77	-9.24	0.4892597695390782	0.4892597695390782	11.23	0.03	300.0	293.27	553.78	156.95	0	1
PROTOTYPE	011776	04/15/18	22:57:08	0.4892597695390782	0.4892597695390782	11.23	-0.08	4.1097820641282565	4.112717622745491	13.9	-7.85	0.4892597695390782	0.4892597695390782	11.23	0.03	299.0	294.13	590.23	193.41	0	1
PROTOTYPE	011777	04/15/18	22:57:09	0.4892597695390782	0.4892597695390782	11.24	-0.07	4.1097820641282565	4.112717622745491	13.23	-6.68	0.4892597695390782	0.4892597695390782	11.24	0.02	281.0	292.16	783.93	-0.6	0	1
PROTOTYPE	011778	04/15/18	22:57:11	0.4892597695390782	0.4892597695390782	11.21	-0.06	4.1097820641282565	4.111739103206413	12.7	-5.68	0.4892597695390782	0.4892597695390782	11.21	0.02	289.0	291.69	813.8	-30.51	0	1
PROTOTYPE	011779	04/15/18	22:57:12	0.4892597695390782	0.4892597695390782	11.21	-0.05	4.1097820641282565	4.111739103206413	12.31	-4.82	0.4892597695390782	0.4892597695390782	11.21	0.02	301.0	293.08	908.64	154.07	0	1
PROTOTYPE	011780	04/15/18	22:57:13	0.4892597695390782	0.4892597695390782	11.21	-0.04	4.1097820641282565	4.111739103206413	12.02	-4.1	0.4892597695390782	0.4892597695390782	11.21	0.01	289.0	292.47	783.03	-94.04	0	1
PROTOTYPE	011781	04/15/18	22:57:15	0.4892597695390782	0.4892597695390782	11.22	-0.04	4.1097820641282565	4.110760583667334	11.81	-3.49	0.4892597695390782	0.4892597695390782	11.22	0.01	285.0	291.35	798.92	-109.94	0	1
PROTOTYPE	011782	04/15/18	22:57:16	0.4892597695390782	0.4892597695390782	11.21	-0.03	4.1097820641282565	4.110760583667334	11.64	-2.96	0.4892597695390782	0.4892597695390782	11.21	0.01	278.0	289.35	962.41	-273.45	0	1
PROTOTYPE	011783	04/15/18	22:57:18	0.4892597695390782	0.4892597695390782	11.22	-0.03	4.1097820641282565	4.110760583667334	11.53	-2.52	0.4892597695390782	0.4892597695390782	11.22	0.01	297.0	290.5	958.43	-277.43	0	1
PROTOTYPE	011784	04/15/18	22:57:19	0.4892597695390782	0.4892597695390782	11.21	-0.02	4.1097820641282565	4.110760583667334	11.44	-2.14	0.4892597695390782	0.4892597695390782	11.21	0.01	286.0	289.82	939.9	-430.82	0	1
PROTOTYPE	011785	04/15/18	22:57:20	0.4892597695390782	0.4892597695390782	11.22	-0.02	4.1097820641282565	4.110760583667334	11.38	-1.82	0.4892597695390782	0.4892597695390782	11.22	0.01	302.0	291.65	925.65	-51.19	0	1
PROTOTYPE	011786	04/15/18	22:57:22	0.4892597695390782	0.4892597695390782	11.23	-0.02	4.1097820641282565	4.110760583667334	11.35	-1.55	0.4892597695390782	0.4892597695390782	11.23	0.01	287.0	290.95	947.96	-73.51	0	1
PROTOTYPE	011787	04/15/18	22:57:23	0.4892597695390782	0.4892597695390782	11.24	-0.01	4.1097820641282565	4.1097820641282565	11.32	-1.31	0.4892597695390782	0.4892597695390782	11.24	0.0	302.0	292.61	973.99	-47.49	0	1
PROTOTYPE	011788	04/15/18	22:57:25	0.4892597695390782	0.4892597695390782	11.23	-0.01	4.1097820641282565	4.1097820641282565	11.29	-1.12	0.4892597695390782	0.4892597695390782	11.23	0.0	285.0	291.47	1026.86	-100.36	0	1
PROTOTYPE	011789	04/15/18	22:57:26	0.4892597695390782	0.4892597695390782	11.23	-0.01	4.1097820641282565	4.1097820641282565	11.27	-0.95	0.4892597695390782	0.4892597695390782	11.23	0.0	298.0	292.45	1012.8	109.69	0	1
PROTOTYPE	011790	04/15/18	22:57:27	0.4892597695390782	0.4892597695390782	11.24	-0.01	4.1097820641282565	4.1097820641282565	11.27	-0.81	0.4892597695390782	0.4892597695390782	11.24	0.0	282.0	290.88	969.26	153.24	0	1
PROTOTYPE	011791	04/15/18	22:57:29	0.4892597695390782	0.4892597695390782	11.22	-0.01	4.1097820641282565	4.1097820641282565	11.24	-0.69	0.4892597695390782	0.4892597695390782	11.22	0.0	293.0	291.2	886.29	70.25	0	1
PROTOTYPE	011792	04/15/18	22:57:30	0.4892597695390782	0.4892597695390782	11.22	-0.01	4.1097820641282565	4.1097820641282565	11.24	-0.58	0.4892597695390782	0.4892597695390782	11.22	0.0	300.0	292.52	950.89	269.71	0	1
PROTOTYPE	011793	04/15/18	22:57:32	0.4892597695390782	0.4892597695390782	11.22	-0.01	4.1097820641282565	4.1097820641282565	11.23	-0.5	0.4892597695390782	0.4892597695390782	11.22	0.0	284.0	291.24	895.98	-40.74	0	1
PROTOTYPE	011794	04/15/18	22:57:33	0.4892597695390782	0.4892597695390782	11.21	-0.0	4.1097820641282565	4.1097820641282565	11.22	-0.42	0.4892597695390782	0.4892597695390782	11.21	0.0	277.0	289.1	1039.86	-184.63	0	1
PROTOTYPE	011795	04/15/18	22:57:34	0.4892597695390782	0.4892597695390782	11.21	-0.0	4.1097820641282565	4.1097820641282565	11.21	-0.36	0.4892597695390782	0.4892597695390782	11.21	0.0	291.0	289.39	902.58	-321.94	0	1
PROTOTYPE	011796	04/15/18	22:57:36	0.4892597695390782	0.4892597695390782	11.24	-0.0	4.1097820641282565	4.1097820641282565	11.24	-0.3	0.4892597695390782	0.4892597695390782	11.24	0.0	299.0	290.83	932.63	-63.65	0	1
PROTOTYPE	011797	04/15/18	22:57:37	0.4892597695390782	0.4892597695390782	11.26	-0.0	4.1097820641282565	4.1097820641282565	11.26	-0.26	0.4892597695390782	0.4892597695390782	11.26	0.0	281.0	289.36	982.08	-309.1	0	1
PROTOTYPE	011798	04/15/18	22:57:39	0.4892597695390782	0.4892597695390782	11.27	-0.0	4.1097820641282565	4.1097820641282565	11.27	-0.22	0.4892597695390782	0.4892597695390782	11.27	0.0	302.0	291.25	1015.04	37.27	0	1
PROTOTYPE	011799	04/15/18	22:57:40	0.4892597695390782	0.4892597695390782	11.28	-0.0	4.1097820641282565	4.1097820641282565	11.28	-0.19	0.4892597695390782	0.4892597695390782	11.28	0.0	301.0	292.71	1129.43	151.68	0	1
PROTOTYPE	011800	04/15/18	22:57:42	0.4892597695390782	0.4892597695390782	11.31	-0.0	4.1097820641282565	4.1097820641282565	11.31	-0.16	0.4892597695390782	0.4892597695390782	11.31	0.0	287.0	291.86	1083.12	-66.08	0	1
PROTOTYPE	011801	04/15/18	22:57:43	0.4892597695390782	0.4892597695390782	11.31	-0.0	4.1097820641282565	4.1097820641282565	11.31	-0.14	0.4892597695390782	0.4892597695390782	11.31	0.0	289.0	291.43	998.22	18.84	0	1
PROTOTYPE	011802	04/15/18	22:57:44	0.4892597695390782	0.4892597695390782	11.31	-0.0	4.1097820641282565	4.1097820641282565	11.31	-0.11	0.4892597695390782	0.4892597695390782	11.31	0.0	296.0	292.11	853.19	301.01	0	1
PROTOTYPE	011803	04/15/18	22:57:46	0.4892597695390782	0.4892597695390782	11.31	-0.0	4.1097820641282565	4.1097820641282565	11.31	-0.1	0.4892597695390782	0.4892597695390782	11.31	0.0	292.0	292.1	826.95	270.86	0	1
PROTOTYPE	011804	04/15/18	22:57:47	0.4892597695390782	0.4892597695390782	11.31	-0.0	4.1097820641282565	4.1097820641282565	11.31	-0.08	0.4892597695390782	0.4892597695390782	11.31	0.0	291.0	291.93	699.29	110.23	0	1
PROTOTYPE	011805	04/15/18	22:57:49	0.4892597695390782	0.4892597695390782	11.28	-0.0	4.1097820641282565	4.1097820641282565	11.28	-0.07	0.4892597695390782	0.4892597695390782	11.28	0.0	274.0	289.24	820.82	-11.3	0	1
PROTOTYPE	011806	04/15/18	22:57:50	0.4892597695390782	0.4892597695390782	11.27	-0.0	4.1097820641282565	4.1097820641282565	11.27	-0.06	0.4892597695390782	0.4892597695390782	11.27	0.0	299.0	290.71	777.52	-54.61	0	1
PROTOTYPE	011807	04/15/18	22:57:51	0.4892597695390782	0.4892597695390782	11.29	-0.0	4.1097820641282565	4.1097820641282565	11.29	-0.05	0.4892597695390782	0.4892597695390782	11.29	0.0	301.0	292.25	785.71	-46.42	0	1
PROTOTYPE	011808	04/15/18	22:57:53	0.4892597695390782	0.4892597695390782	11.28	-0.0	4.1097820641282565	4.1097820641282565	11.28	-0.04	0.4892597695390782	0.4892597695390782	11.28	0.0	286.0	291.31	793.75	-54.45	0	1
PROTOTYPE	011809	04/15/18	22:57:54	0.4892597695390782	0.4892597695390782	11.27	-0.0	4.1097820641282565	4.1097820641282565	11.27	-0.04	0.4892597695390782	0.4892597695390782	11.27	0.0	298.0	292.32	851.18	88.71	0	1
PROTOTYPE	011810	04/15/18	22:57:56	0.5871117234468938	0.5039375626252506	24.93	15.0	4.1097820641282565	4.1097820641282565	11.28	-0.03	0.4892597695390782	0.4892597695390782	11.28	0.0	294.0	292.57	807.9	45.41	0	1
PROTOTYPE	011811	04/15/18	22:57:57	0.4892597695390782	0.5019805235470942	26.17	12.75	4.1097820641282565	4.1097820641282565	11.27	-0.03	0.4892597695390782	0.4892597695390782	11.27	0.0	286.0	291.58	904.21	-51.4	0	1
PROTOTYPE	011812	04/15/18	22:57:58	0.4892597695390782	0.5000234844689379	27.13	10.84	4.1097820641282565	4.1097820641282565	11.26	-0.02	0.4892597695390782	0.4892597695390782	11.26	0.0	282.0	290.15	1031.45	-178.69	0	1
PROTOTYPE	011813	04/15/18	22:58:00	0.4892597695390782	0.4980664453907815	27.89	9.21	4.1097820641282565	4.1097820641282565	11.29	-0.02	0.4892597695390782	0.4892597695390782	11.29	0.0	286.0	289.52	824.66	28.11	0	1
PROTOTYPE	011814	04/15/18	22:58:01	0.4892597695390782	0.4970879258517034	28.45	7.83	4.1097820641282565	4.1097820641282565	11.28	-0.02	0.4892597695390782	0.4892597695390782	11.28	0.0	292.0	289.9	715.46	-81.11	0	1
PROTOTYPE	011815	04/15/18	22:58:03	0.4892597695390782	0.49610940631262535	28.86	6.66	4.1097820641282565	4.1097820641282565	11.26	-0.01	0.4892597695390782	0.4892597695390782	11.26	0.0	299.0	291.26	697.63	-98.94	0	1
PROTOTYPE	011816	04/15/18	22:58:04	0.4892597695390782	0.49513088677354705	29.19	5.66	4.1097820641282565	4.1097820641282565	11.28	-0.01	0.4892597695390782	0.4892597695390782	11.28	0.0	284.0	290.17	712.78	-114.1	0	1
PROTOTYPE	011817	04/15/18	22:58:06	0.4892597695390782	0.4941523672344689	29.44	4.81	4.1097820641282565	4.1097820641282565	11.29	-0.01	0.4892597695390782	0.4892597695390782	11.29	0.0	291.0	290.3	624.97	-201.98	0	1
PROTOTYPE	011818	04/15/18	22:58:07	0.4892597695390782	0.49317384769539074	15.96	-10.91	4.1097820641282565	4.1097820641282565	11.29	-0.01	0.4892597695390782	0.4892597695390782	11.29	0.0	295.0	291.0	670.24	-156.69	0	1
PROTOTYPE	011819	04/15/18	22:58:08	0.4892597695390782	0.4921953281563127	14.84	-9.28	4.1097820641282565	4.1097820641282565	11.29	-0.01	0.4892597695390782	0.4892597695390782	11.29	0.0	279.0	289.2	751.73	-238.18	0	1
PROTOTYPE	011820	04/15/18	22:58:10	0.4892597695390782	0.4921953281563127	13.95	-7.88	4.1097820641282565	4.1097820641282565	11.27	-0.01	0.4892597695390782	0.4892597695390782	11.27	0.0	293.0	289.77	664.97	-37.46	0	1
PROTOTYPE	011821	04/15/18	22:58:11	0.4892597695390782	0.4921953281563127	13.26	-6.7	4.1097820641282565	4.1097820641282565	11.25	-0.01	0.4892597695390782	0.4892597695390782	11.25	0.0	290.0	289.81	606.48	28.16	0	1
PROTOTYPE	011822	04/15/18	22:58:13	0.4892597695390782	0.4912168086172345	12.77	-5.7	4.1097820641282565	4.1097820641282565	11.28	-0.0	0.4892597695390782	0.4892597695390782	11.28	0.0	293.0	290.28	617.25	38.94	0	1
PROTOTYPE	011823	04/15/18	22:58:14	0.4892597695390782	0.4912168086172345	12.4	-4.84	4.1097820641282565	4.1097820641282565	11.3	-0.0	0.4892597695390782	0.4892597695390782	11.3	0.0	292.0	290.54	506.44	-71.9	0	1
PROTOTYPE	011824	04/15/18	22:58:15	0.4892597695390782	0.4912168086172345	12.08	-4.12	4.1097820641282565	4.1097820641282565	11.27	-0.0	0.4892597695390782	0.4892597695390782	11.27	0.0	297.0	291.51	494.4	133.88	0	1
PROTOTYPE	011825	04/15/18	22:58:17	0.4892597695390782	0.49023828907815625	11.84	-3.5	4.1097820641282565	4.1097820641282565	11.25	-0.0	0.4892597695390782	0.4892597695390782	11.25	0.0	285.0	290.53	579.57	23.8	0	1
PROTOTYPE	011826	04/15/18	22:58:18	0.4892597695390782	0.49023828907815625	11.67	-2.97	4.1097820641282565	4.1097820641282565	11.24	-0.0	0.4892597695390782	0.4892597695390782	11.24	0.0	286.0	289.85	577.02	-114.77	0	1
PROTOTYPE	011827	04/15/18	22:58:20	0.4892597695390782	0.49023828907815625	11.6	-2.53	4.1097820641282565	4.1097820641282565	11.29	-0.0	0.4892597695390782	0.4892597695390782	11.29	0.0	288.0	289.58	424.84	37.45	0	1
PROTOTYPE	011828	04/15/18	22:58:21	0.4892597695390782	0.49023828907815625	11.52	-2.15	4.1097820641282565	4.1097820641282565	11.29	-0.0	0.4892597695390782	0.4892597695390782	11.29	0.0	299.0	290.99	509.21	121.83	0	1
PROTOTYPE	011829	04/15/18	22:58:22	0.4892597695390782	0.49023828907815625	11.44	-1.83	4.1097820641282565	4.1097820641282565	11.28	-0.0	0.4892597695390782	0.4892597695390782	11.28	0.0	282.0	289.64	640.35	-16.45	0	1
PROTOTYPE	011830	04/15/18	22:58:24	0.4892597695390782	0.49023828907815625	11.38	-1.55	4.1097820641282565	4.1097820641282565	11.26	-0.0	0.4892597695390782	0.4892597695390782	11.26	0.0	284.0	288.79	677.04	-148.98	0	1
PROTOTYPE	011831	04/15/18	22:58:25	0.4892597695390782	0.4892597695390782	11.33	-1.32	4.1097820641282565	4.1097820641282565	11.24	-0.0	0.4892597695390782	0.4892597695390782	11.24	0.0	288.0	288.68	663.28	-186.63	0	1
PROTOTYPE	011832	04/15/18	22:58:27	0.4892597695390782	0.4892597695390782	11.32	-1.12	4.1097820641282565	4.1097820641282565	11.26	-0.0	0.4892597695390782	0.4892597695390782	11.26	0.0	300.0	290.37	736.27	-113.64	0	1
PROTOTYPE	011833	04/15/18	22:58:28	0.4892597695390782	0.4892597695390782	11.32	-0.95	4.1097820641282565	4.1097820641282565	11.28	-0.0	0.4892597695390782	0.4892597695390782	11.28	0.0	294.0	290.92	693.0	38.41	0	1
PROTOTYPE	011834	04/15/18	22:58:29	0.4892597695390782	0.4892597695390782	11.33	-0.81	4.1097820641282565	4.1097820641282565	11.3	-0.0	0.4892597695390782	0.4892597695390782	11.3	0.0	287.0	290.33	683.76	47.65	0	1
PROTOTYPE	011835	04/15/18	22:58:31	0.4892597695390782	0.4892597695390782	11.29	-0.69	4.1097820641282565	4.1097820641282565	11.27	-0.0	0.4892597695390782	0.4892597695390782	11.27	0.0	300.0	291.78	800.97	220.5	0	1
PROTOTYPE	011836	04/15/18	22:58:32	0.4892597695390782	0.4892597695390782	11.3	-0.59	4.1097820641282565	4.1097820641282565	11.28	-0.0	0.4892597695390782	0.4892597695390782	11.28	0.0	284.0	290.61	776.32	-37.57	0	1
PROTOTYPE	011837	04/15/18	22:58:34	0.4892597695390782	0.4892597695390782	11.31	-0.5	4.1097820641282565	4.1097820641282565	11.3	-0.0	0.4892597695390782	0.4892597695390782	11.3	0.0	287.0	290.07	695.69	43.06	0	1
PROTOTYPE	011838	04/15/18	22:58:35	0.4892597695390782	0.4892597695390782	11.32	-0.42	4.1097820641282565	4.1097820641282565	11.31	-0.0	0.4892597695390782	0.4892597695390782	11.31	0.0	293.0	290.51	655.01	171.6	0	1
PROTOTYPE	011839	04/15/18	22:58:37	0.4892597695390782	0.4892597695390782	11.31	-0.36	4.1097820641282565	4.1097820641282565	11.31	-0.0	0.4892597695390782	0.4892597695390782	11.31	0.0	282.0	289.23	770.68	55.86	0	1
PROTOTYPE	011840	04/15/18	22:58:38	0.4892597695390782	0.4892597695390782	11.31	-0.31	4.1097820641282565	4.1097820641282565	11.31	-0.0	0.4892597695390782	0.4892597695390782	11.31	0.0	293.0	289.8	657.31	-57.52	0	1
PROTOTYPE	011841	04/15/18	22:58:39	0.4892597695390782	0.4892597695390782	11.34	-0.26	4.1097820641282565	4.1097820641282565	11.34	-0.0	0.4892597695390782	0.4892597695390782	11.34	0.0	285.0	289.08	674.91	-183.89	0	1
PROTOTYPE	011842	04/15/18	22:58:41	0.4892597695390782	0.4892597695390782	11.32	-0.22	4.1097820641282565	4.1097820641282565	11.32	-0.0	0.4892597695390782	0.4892597695390782	11.32	0.0	302.0	291.02	809.94	68.69	0	1
PROTOTYPE	011843	04/15/18	22:58:42	0.4892597695390782	0.4892597695390782	11.3	-0.19	4.1097820641282565	4.1097820641282565	11.3	-0.0	0.4892597695390782	0.4892597695390782	11.3	0.0	287.0	290.41	725.16	-136.61	0	1
PROTOTYPE	011844	04/15/18	22:58:44	0.4892597695390782	0.4892597695390782	11.3	-0.16	4.207634018036073	4.124459857214429	24.96	15.0	0.4892597695390782	0.4892597695390782	11.3	0.0	303.0	292.3	797.23	168.88	0	1
PROTOTYPE	011845	04/15/18	22:58:45	0.4892597695390782	0.4892597695390782	11.29	-0.14	4.1097820641282565	4.122502818136272	26.2	12.75	0.4892597695390782	0.4892597695390782	11.29	0.0	295.0	292.71	783.49	263.55	0	1
PROTOTYPE	011846	04/15/18	22:58:46	0.4892597695390782	0.4892597695390782	11.29	-0.12	4.207634018036073	4.135223572144289	37.95	25.84	0.4892597695390782	0.4892597695390782	11.29	0.0	294.0	292.9	758.98	239.02	0	1
PROTOTYPE	011847	04/15/18	22:58:48	0.4892597695390782	0.4892597695390782	11.29	-0.1	4.1097820641282565	4.131309493987976	40.67	21.96	0.4892597695390782	0.4892597695390782	11.29	0.0	295.0	293.22	662.83	398.16	0	1
PROTOTYPE	011848	04/15/18	22:58:49	0.4892597695390782	0.4892597695390782	11.28	-0.08	4.207634018036073	4.143051728456914	51.04	33.67	0.4892597695390782	0.4892597695390782	11.28	0.0	292.0	293.03	624.62	323.44	0	1
PROTOTYPE	011849	04/15/18	22:58:51	0.4892597695390782	0.4892597695390782	11.26	-0.07	4.1097820641282565	4.138159130761523	54.84	28.62	0.4892597695390782	0.4892597695390782	11.26	0.0	282.0	291.38	718.12	229.92	0	1
PROTOTYPE	011850	04/15/18	22:58:52	0.4892597695390782	0.4892597695390782	11.26	-0.06	4.1097820641282565	4.1332665330661325	57.96	24.32	0.4892597695390782	0.4892597695390782	11.26	0.0	282.0	289.97	664.99	-104.56	0	1
PROTOTYPE	011851	04/15/18	22:58:53	0.4892597695390782	0.4892597695390782	11.28	-0.05	4.1097820641282565	4.130330974448898	60.47	20.68	0.4892597695390782	0.4892597695390782	11.28	0.0	293.0	290.43	650.16	1.12	0	1
PROTOTYPE	011852	04/15/18	22:58:55	0.4892597695390782	0.4892597695390782	11.29	-0.04	4.1097820641282565	4.127395415831663	48.82	2.57	0.4892597695390782	0.4892597695390782	11.29	0.0	288.0	290.06	497.8	-224.05	0	1
PROTOTYPE	011853	04/15/18	22:58:56	0.4892597695390782	0.4892597695390782	11.28	-0.04	4.1097820641282565	4.124459857214429	49.14	2.19	0.4892597695390782	0.4892597695390782	11.28	0.0	297.0	291.1	561.39	-160.44	0	1
PROTOTYPE	011854	04/15/18	22:58:58	0.4892597695390782	0.4892597695390782	11.26	-0.03	4.1097820641282565	4.122502818136272	38.62	-13.14	0.4892597695390782	0.4892597695390782	11.26	0.0	296.0	291.84	615.42	-106.37	0	1
PROTOTYPE	011855	04/15/18	22:58:59	0.4892597695390782	0.4892597695390782	11.28	-0.03	4.1097820641282565	4.120545779058117	36.87	-11.17	0.4892597695390782	0.4892597695390782	11.28	0.0	296.0	292.46	646.36	-75.42	0	1
PROTOTYPE	011856	04/15/18	22:59:01	0.4892597695390782	0.4892597695390782	11.27	-0.02	4.1097820641282565	4.11858873997996	27.22	-24.49	0.4892597695390782	0.4892597695390782	11.27	0.0	295.0	292.84	666.16	-19.11	0	1
PROTOTYPE	011857	04/15/18	22:59:02	0.4892597695390782	0.4892597695390782	11.26	-0.02	4.1097820641282565	4.1176102204408815	23.95	-20.82	0.4892597695390782	0.4892597695390782	11.26	0.0	290.0	292.42	543.31	103.76	0	1
PROTOTYPE	011858	04/15/18	22:59:03	0.4892597695390782	0.4892597695390782	11.26	-0.02	4.1097820641282565	4.116631700901803	21.26	-17.7	0.4892597695390782	0.4892597695390782	11.26	0.0	298.0	293.25	486.4	328.2	0	1
PROTOTYPE	011859	04/15/18	22:59:05	0.4892597695390782	0.4892597695390782	11.24	-0.01	4.1097820641282565	4.115653181362726	19.06	-15.04	0.4892597695390782	0.4892597695390782	11.24	0.0	299.0	294.12	527.16	368.97	0	1
PROTOTYPE	011860	04/15/18	22:59:06	0.4892597695390782	0.4892597695390782	11.23	-0.01	4.1097820641282565	4.114674661823647	17.29	-12.79	0.4892597695390782	0.4892597695390782	11.23	0.0	292.0	293.8	522.51	373.62	0	1
PROTOTYPE	011861	04/15/18	22:59:08	0.4892597695390782	0.4892597695390782	11.25	-0.01	4.1097820641282565	4.113696142284569	15.9	-10.87	0.4892597695390782	0.4892597695390782	11.25	0.0	276.0	291.13	685.41	2.58	0	1
PROTOTYPE	011862	04/15/18	22:59:09	0.4892597695390782	0.4892597695390782	11.26	-0.01	4.1097820641282565	4.112717622745491	14.79	-9.24	0.4892597695390782	0.4892597695390782	11.26	0.0	288.0	290.66	658.88	-117.81	0	1
PROTOTYPE	011863	04/15/18	22:59:10	0.4892597695390782	0.4892597695390782	11.24	-0.01	4.1097820641282565	4.112717622745491	13.91	-7.85	0.4892597695390782	0.4892597695390782	11.24	0.0	293.0	291.01	631.57	-145.14	0	1
PROTOTYPE	011864	04/15/18	22:59:12	0.4892597695390782	0.4892597695390782	11.23	-0.01	4.1097820641282565	4.111739103206413	13.22	-6.67	0.4892597695390782	0.4892597695390782	11.23	0.0	296.0	291.76	668.33	-108.37	0	1
PROTOTYPE	011865	04/15/18	22:59:13	0.4892597695390782	0.4892597695390782	11.21	-0.01	4.1097820641282565	4.111739103206413	12.69	-5.67	0.4892597695390782	0.4892597695390782	11.21	0.0	295.0	292.24	674.3	-17.11	0	1
PROTOTYPE	011866	04/15/18	22:59:15	0.4892597695390782	0.4892597695390782	11.22	-0.0	4.1097820641282565	4.111739103206413	12.32	-4.82	0.4892597695390782	0.4892597695390782	11.22	0.0	297.0	292.96	661.87	-29.54	0	1
PROTOTYPE	011867	04/15/18	22:59:16	0.4892597695390782	0.4892597695390782	11.24	-0.0	4.1097820641282565	4.111739103206413	12.04	-4.1	0.4892597695390782	0.4892597695390782	11.24	0.0	293.0	292.96	577.22	-115.11	0	1
PROTOTYPE	011868	04/15/18	22:59:17	0.4892597695390782	0.4892597695390782	11.24	-0.0	4.1097820641282565	4.110760583667334	11.83	-3.48	0.4892597695390782	0.4892597695390782	11.24	0.0	288.0	292.22	619.93	-157.85	0	1
PROTOTYPE	011869	04/15/18	22:59:19	0.4892597695390782	0.4892597695390782	11.23	-0.0	4.1097820641282565	4.110760583667334	11.66	-2.96	0.4892597695390782	0.4892597695390782	11.23	0.0	290.0	291.89	386.28	75.83	0	1
PROTOTYPE	011870	04/15/18	22:59:20	0.4892597695390782	0.4892597695390782	11.23	-0.0	4.1097820641282565	4.110760583667334	11.54	-2.52	0.4892597695390782	0.4892597695390782	11.23	0.0	293.0	292.05	356.09	139.46	0	1
PROTOTYPE	011871	04/15/18	22:59:22	0.4892597695390782	0.4892597695390782	11.23	-0.0	4.1097820641282565	4.110760583667334	11.46	-2.14	0.4892597695390782	0.4892597695390782	11.23	0.0	288.0	291.45	381.77	43.54	0	1
PROTOTYPE	011872	04/15/18	22:59:23	0.4892597695390782	0.4892597695390782	11.23	-0.0	4.1097820641282565	4.110760583667334	11.39	-1.82	0.4892597695390782	0.4892597695390782	11.23	0.0	284.0	290.33	418.61	-142.99	0	1
PROTOTYPE	011873	04/15/18	22:59:24	0.4892597695390782	0.4892597695390782	11.26	-0.0	4.1097820641282565	4.110760583667334	11.38	-1.55	0.4892597695390782	0.4892597695390782	11.26	0.0	289.0	290.13	389.96	-211.54	0	1
PROTOTYPE	011874	04/15/18	22:59:26	0.4892597695390782	0.4892597695390782	11.26	-0.0	4.1097820641282565	4.1097820641282565	11.34	-1.31	0.4892597695390782	0.4892597695390782	11.26	0.0	294.0	290.71	376.69	-224.81	0	1
PROTOTYPE	011875	04/15/18	22:59:27	0.4892597695390782	0.4892597695390782	11.28	-0.0	4.1097820641282565	4.1097820641282565	11.34	-1.12	0.4892597695390782	0.4892597695390782	11.28	0.0	283.0	289.55	490.8	-341.09	0	1
PROTOTYPE	011876	04/15/18	22:59:29	0.4892597695390782	0.4892597695390782	11.29	-0.0	4.1097820641282565	4.1097820641282565	11.33	-0.95	0.4892597695390782	0.4892597695390782	11.29	0.0	286.0	289.02	469.64	-319.93	0	1
PROTOTYPE	011877	04/15/18	22:59:30	0.4892597695390782	0.4892597695390782	11.27	-0.0	4.1097820641282565	4.1097820641282565	11.3	-0.81	0.4892597695390782	0.4892597695390782	11.27	0.0	278.0	287.37	601.63	-451.94	0	1
PROTOTYPE	011878	04/15/18	22:59:32	0.4892597695390782	0.4892597695390782	11.29	-0.0	4.1097820641282565	4.1097820641282565	11.31	-0.69	0.4892597695390782	0.4892597695390782	11.29	0.0	301.0	289.41	789.37	-264.15	0	1
PROTOTYPE	011879	04/15/18	22:59:33	0.4892597695390782	0.4892597695390782	11.29	-0.0	4.1097820641282565	4.1097820641282565	11.31	-0.58	0.4892597695390782	0.4892597695390782	11.29	0.0	282.0	288.3	839.74	-314.53	0	1
PROTOTYPE	011880	04/15/18	22:59:34	0.4892597695390782	0.4892597695390782	11.31	-0.0	4.207634018036073	4.124459857214429	24.94	14.5	0.4892597695390782	0.4892597695390782	11.31	0.0	291.0	288.71	768.56	-162.35	0	1
PROTOTYPE	011881	04/15/18	22:59:36	0.4892597695390782	0.4892597695390782	11.29	-0.0	4.207634018036073	4.137180611222445	36.32	27.33	0.4892597695390782	0.4892597695390782	11.29	0.0	293.0	289.35	813.01	-77.99	0	1
PROTOTYPE	011882	04/15/18	22:59:37	0.4892597695390782	0.4892597695390782	11.27	-0.0	4.1097820641282565	4.1332665330661325	39.31	23.23	0.4892597695390782	0.4892597695390782	11.27	0.0	290.0	289.45	764.79	-126.3	0	1
PROTOTYPE	011883	04/15/18	22:59:39	0.4892597695390782	0.4892597695390782	11.24	-0.0	4.1097820641282565	4.12935245490982	41.7	19.75	0.4892597695390782	0.4892597695390782	11.24	0.0	289.0	289.38	655.98	-17.35	0	1
PROTOTYPE	011884	04/15/18	22:59:40	0.4892597695390782	0.4892597695390782	11.23	-0.0	4.1097820641282565	4.126416896292586	43.62	16.78	0.4892597695390782	0.4892597695390782	11.23	0.0	305.0	291.72	836.96	270.25	0	1
PROTOTYPE	011885	04/15/18	22:59:41	0.4892597695390782	0.4892597695390782	11.25	-0.0	4.1097820641282565	4.124459857214429	45.16	14.27	0.4892597695390782	0.4892597695390782	11.25	0.0	282.0	290.26	817.5	289.71	0	1
PROTOTYPE	011886	04/15/18	22:59:43	0.4892597695390782	0.4892597695390782	11.23	-0.0	4.1097820641282565	4.121524298597194	46.33	12.13	0.4892597695390782	0.4892597695390782	11.23	0.0	293.0	290.67	654.06	126.26	0	1
PROTOTYPE	011887	04/15/18	22:59:44	0.4892597695390782	0.4892597695390782	11.22	-0.0	4.1097820641282565	4.120545779058117	47.25	10.31	0.4892597695390782	0.4892597695390782	11.22	0.0	279.0	288.92	718.0	62.32	0	1
PROTOTYPE	011888	04/15/18	22:59:46	0.4892597695390782	0.4892597695390782	11.23	-0.0	4.1097820641282565	4.11858873997996	34.34	-6.24	0.4892597695390782	0.4892597695390782	11.23	0.0	297.0	290.14	798.64	142.97	0	1
PROTOTYPE	011889	04/15/18	22:59:47	0.4892597695390782	0.4892597695390782	11.23	-0.0	4.1097820641282565	4.1176102204408815	23.49	-20.3	0.4892597695390782	0.4892597695390782	11.23	0.0	284.0	289.21	826.24	-13.48	0	1
PROTOTYPE	011890	04/15/18	22:59:48	0.4892597695390782	0.4892597695390782	11.24	-0.0	4.1097820641282565	4.115653181362726	20.88	-17.26	0.4892597695390782	0.4892597695390782	11.24	0.0	296.0	290.23	918.17	78.55	0	1
PROTOTYPE	011891	04/15/18	22:59:50	0.4892597695390782	0.4892597695390782	11.24	-0.0	4.1097820641282565	4.114674661823647	18.76	-14.67	0.4892597695390782	0.4892597695390782	11.24	0.0	296.0	291.1	997.84	171.76	0	1
PROTOTYPE	011892	04/15/18	22:59:51	0.4892597695390782	0.4892597695390782	11.25	-0.0	4.1097820641282565	4.114674661823647	17.07	-12.47	0.4892597695390782	0.4892597695390782	11.25	0.0	288.0	290.63	810.02	-109.0	0	1
PROTOTYPE	011893	04/15/18	22:59:53	0.4892597695390782	0.4892597695390782	11.26	-0.0	4.1097820641282565	4.113696142284569	15.72	-10.6	0.4892597695390782	0.4892597695390782	11.26	0.0	293.0	290.99	699.7	72.35	0	1
PROTOTYPE	011894	04/15/18	22:59:54	0.4892597695390782	0.4892597695390782	11.26	-0.0	4.1097820641282565	4.112717622745491	14.64	-9.01	0.4892597695390782	0.4892597695390782	11.26	0.0	300.0	292.34	793.83	166.5	0	1
PROTOTYPE	011895	04/15/18	22:59:55	0.4892597695390782	0.4892597695390782	11.26	-0.0	4.1097820641282565	4.112717622745491	13.8	-7.66	0.4892597695390782	0.4892597695390782	11.26	0.0	294.0	292.59	643.64	366.52	0	1
PROTOTYPE	011896	04/15/18	22:59:57	0.4892597695390782	0.4892597695390782	11.26	-0.0	4.1097820641282565	4.111739103206413	13.16	-6.51	0.4892597695390782	0.4892597695390782	11.26	0.0	279.0	290.55	726.33	41.54	0	1
PROTOTYPE	011897	04/15/18	22:59:58	0.4892597695390782	0.4892597695390782	11.25	-0.0	4.1097820641282565	4.111739103206413	12.66	-5.53	0.4892597695390782	0.4892597695390782	11.25	0.0	289.0	290.32	657.59	110.31	0	1
PROTOTYPE	011898	04/15/18	23:00:00	0.4892597695390782	0.4892597695390782	11.24	-0.0	4.1097820641282565	4.111739103206413	12.28	-4.7	0.4892597695390782	0.4892597695390782	11.24	0.0	288.0	289.97	590.6	-26.23	0	1
PROTOTYPE	011899	04/15/18	23:00:01	0.4892597695390782	0.4892597695390782	11.25	-0.0	4.1097820641282565	4.110760583667334	12.01	-4.0	0.4892597695390782	0.4892597695390782	11.25	0.0	285.0	289.22	578.65	-187.3	0	1
PROTOTYPE	011900	04/15/18	23:00:02	0.4892597695390782	0.4892597695390782	11.24	-0.0	4.1097820641282565	4.110760583667334	11.8	-3.4	0.4892597695390782	0.4892597695390782	11.24	0.0	289.0	289.19	535.81	-144.2	0	1
PROTOTYPE	011901	04/15/18	23:00:04	0.4892597695390782	0.4892597695390782	11.21	-0.0	4.1097820641282565	4.110760583667334	11.62	-2.89	0.4892597695390782	0.4892597695390782	11.21	0.0	302.0	291.11	692.42	12.43	0	1
PROTOTYPE	011902	04/15/18	23:00:05	0.4892597695390782	0.4892597695390782	11.2	-0.0	4.1097820641282565	4.110760583667334	11.5	-2.45	0.4892597695390782	0.4892597695390782	11.2	0.0	297.0	292.0	645.56	-34.44	0	1
PROTOTYPE	011903	04/15/18	23:00:07	0.4892597695390782	0.4892597695390782	11.2	-0.0	4.1097820641282565	4.110760583667334	11.41	-2.09	0.4892597695390782	0.4892597695390782	11.2	0.0	297.0	292.75	695.7	15.73	0	1
PROTOTYPE	011904	04/15/18	23:00:08	0.4892597695390782	0.4892597695390782	11.17	-0.0	4.1097820641282565	4.110760583667334	11.33	-1.77	0.4892597695390782	0.4892597695390782	11.17	0.0	292.0	292.63	503.14	208.37	0	1
PROTOTYPE	011905	04/15/18	23:00:09	0.4892597695390782	0.4892597695390782	11.18	-0.0	4.1097820641282565	4.110760583667334	11.29	-1.51	0.4892597695390782	0.4892597695390782	11.18	0.0	289.0	292.09	534.37	177.11	0	1
PROTOTYPE	011906	04/15/18	23:00:11	0.4892597695390782	0.4892597695390782	11.2	-0.0	4.1097820641282565	4.1097820641282565	11.28	-1.28	0.4892597695390782	0.4892597695390782	11.2	0.0	296.0	292.68	558.25	270.55	0	1
PROTOTYPE	011907	04/15/18	23:00:12	0.4892597695390782	0.4892597695390782	11.2	-0.0	4.1097820641282565	4.1097820641282565	11.26	-1.09	0.4892597695390782	0.4892597695390782	11.2	0.0	292.0	292.57	493.92	334.96	0	1
PROTOTYPE	011908	04/15/18	23:00:14	0.4892597695390782	0.4892597695390782	11.2	-0.0	4.1097820641282565	4.1097820641282565	11.24	-0.93	0.4892597695390782	0.4892597695390782	11.2	0.0	296.0	293.09	541.67	389.72	0	1
PROTOTYPE	011909	04/15/18	23:00:15	0.4892597695390782	0.4892597695390782	11.21	-0.0	4.1097820641282565	4.1097820641282565	11.24	-0.79	0.4892597695390782	0.4892597695390782	11.21	0.0	290.0	292.62	395.88	151.26	0	1
PROTOTYPE	011910	04/15/18	23:00:16	0.4892597695390782	0.4892597695390782	11.22	-0.0	4.207634018036073	4.124459857214429	24.86	14.33	0.4892597695390782	0.4892597695390782	11.22	0.0	289.0	292.08	361.95	8.57	0	1
PROTOTYPE	011911	04/15/18	23:00:18	0.4892597695390782	0.4892597695390782	11.23	-0.0	4.207634018036073	4.137180611222445	36.25	27.18	0.4892597695390782	0.4892597695390782	11.23	0.0	290.0	291.77	318.12	-97.71	0	1
PROTOTYPE	011912	04/15/18	23:00:19	0.4892597695390782	0.4892597695390782	11.25	-0.0	4.207634018036073	4.147944326152305	45.75	38.1	0.4892597695390782	0.4892597695390782	11.25	0.0	290.0	291.5	333.41	-113.06	0	1
PROTOTYPE	011913	04/15/18	23:00:21	0.4892597695390782	0.4892597695390782	11.25	-0.0	4.207634018036073	4.1567510020040075	53.64	47.39	0.4892597695390782	0.4892597695390782	11.25	0.0	293.0	291.73	301.37	-36.1	0	1
PROTOTYPE	011914	04/15/18	23:00:22	0.4892597695390782	0.4892597695390782	11.25	-0.0	4.207634018036073	4.164579158316633	60.16	55.28	0.4892597695390782	0.4892597695390782	11.25	0.0	298.0	292.67	336.78	-0.68	0	1
PROTOTYPE	011915	04/15/18	23:00:23	0.4892597695390782	0.4892597695390782	11.23	-0.0	4.207634018036073	4.170450275551102	65.52	61.99	0.4892597695390782	0.4892597695390782	11.23	0.0	297.0	293.32	391.52	74.42	0	1
PROTOTYPE	011916	04/15/18	23:00:25	0.4892597695390782	0.4892597695390782	11.25	-0.0	4.207634018036073	4.176321392785571	69.93	67.69	0.4892597695390782	0.4892597695390782	11.25	0.0	298.0	294.02	410.35	93.26	0	1
PROTOTYPE	011917	04/15/18	23:00:26	0.4892597695390782	0.4892597695390782	11.26	-0.0	4.207634018036073	4.181213990480962	73.53	72.54	0.4892597695390782	0.4892597695390782	11.26	0.0	293.0	293.87	379.39	124.27	0	1
PROTOTYPE	011918	04/15/18	23:00:28	0.4892597695390782	0.4892597695390782	11.27	-0.0	4.207634018036073	4.185128068637274	62.82	61.66	0.4892597695390782	0.4892597695390782	11.27	0.0	292.0	293.59	353.04	150.63	0	1
PROTOTYPE	011919	04/15/18	23:00:29	0.4892597695390782	0.4892597695390782	11.27	-0.0	4.207634018036073	4.188063627254508	53.77	52.41	0.4892597695390782	0.4892597695390782	11.27	0.0	294.0	293.65	328.14	188.03	0	1
PROTOTYPE	011920	04/15/18	23:00:31	0.4892597695390782	0.4892597695390782	11.26	-0.0	4.207634018036073	4.1909991858717435	46.13	44.55	0.4892597695390782	0.4892597695390782	11.26	0.0	291.0	293.25	341.33	174.83	0	1
PROTOTYPE	011921	04/15/18	23:00:32	0.4892597695390782	0.4892597695390782	11.28	-0.0	4.305485971943888	4.20861253757515	54.4	52.86	0.4892597695390782	0.4892597695390782	11.28	0.0	296.0	293.66	360.09	193.6	0	1
PROTOTYPE	011922	04/15/18	23:00:33	0.4892597695390782	0.4892597695390782	11.26	-0.0	4.305485971943888	4.223290330661322	61.41	59.93	0.4892597695390782	0.4892597695390782	11.26	0.0	292.0	293.41	291.0	74.56	0	1
PROTOTYPE	011923	04/15/18	23:00:35	0.4892597695390782	0.4892597695390782	11.25	-0.0	4.305485971943888	4.23503256513026	67.35	65.94	0.4892597695390782	0.4892597695390782	11.25	0.0	293.0	293.35	232.39	3.38	0	1
PROTOTYPE	011924	04/15/18	23:00:36	0.4892597695390782	0.4892597695390782	11.23	-0.0	4.207634018036073	4.231118486973949	66.01	56.05	0.4892597695390782	0.4892597695390782	11.23	0.0	287.0	292.4	257.45	-162.13	0	1
PROTOTYPE	011925	04/15/18	23:00:38	0.4892597695390782	0.4892597695390782	11.23	-0.0	4.305485971943888	4.241882201903808	72.48	62.64	0.4892597695390782	0.4892597695390782	11.23	0.0	290.0	292.04	278.09	-182.81	0	1
PROTOTYPE	011926	04/15/18	23:00:39	0.4892597695390782	0.4892597695390782	11.21	-0.0	4.207634018036073	4.236989604208417	73.67	53.25	0.4892597695390782	0.4892597695390782	11.21	0.0	293.0	292.18	264.52	-140.39	0	1
PROTOTYPE	011927	04/15/18	23:00:40	0.4892597695390782	0.4892597695390782	11.2	-0.0	4.207634018036073	4.233075526052104	74.67	45.26	0.4892597695390782	0.4892597695390782	11.2	0.0	287.0	291.41	335.94	-224.33	0	1
PROTOTYPE	011928	04/15/18	23:00:42	0.4892597695390782	0.4892597695390782	11.19	-0.0	4.207634018036073	4.229161447895791	75.5	38.47	0.4892597695390782	0.4892597695390782	11.19	0.0	299.0	292.55	410.09	-70.68	0	1
PROTOTYPE	011929	04/15/18	23:00:43	0.4892597695390782	0.4892597695390782	11.16	-0.0	4.207634018036073	4.226225889278557	61.49	17.7	0.4892597695390782	0.4892597695390782	11.16	0.0	287.0	291.71	452.04	-195.08	0	1
PROTOTYPE	011930	04/15/18	23:00:44	0.4892597695390782	0.4892597695390782	11.17	-0.0	4.207634018036073	4.223290330661322	49.66	0.05	0.4892597695390782	0.4892597695390782	11.17	0.0	297.0	292.51	506.35	-90.82	0	1
PROTOTYPE	011931	04/15/18	23:00:46	0.4892597695390782	0.4892597695390782	11.17	-0.0	4.207634018036073	4.220354772044089	39.67	-14.96	0.4892597695390782	0.4892597695390782	11.17	0.0	296.0	293.03	552.4	-32.19	0	1
PROTOTYPE	011932	04/15/18	23:00:47	0.4892597695390782	0.4892597695390782	11.16	-0.0	4.207634018036073	4.218397732965931	37.64	-12.72	0.4892597695390782	0.4892597695390782	11.16	0.0	296.0	293.48	501.67	107.64	0	1
PROTOTYPE	011933	04/15/18	23:00:49	0.4892597695390782	0.4892597695390782	11.14	-0.0	4.207634018036073	4.2174192134268536	28.37	-25.81	0.4892597695390782	0.4892597695390782	11.14	0.0	293.0	293.4	472.92	136.49	0	1
PROTOTYPE	011934	04/15/18	23:00:50	0.4892597695390782	0.4892597695390782	11.15	-0.0	4.207634018036073	4.215462174348697	24.88	-21.94	0.4892597695390782	0.4892597695390782	11.15	0.0	291.0	293.04	494.54	86.02	0	1
PROTOTYPE	011935	04/15/18	23:00:51	0.4892597695390782	0.4892597695390782	11.16	-0.0	4.207634018036073	4.214483654809619	22.02	-18.65	0.4892597695390782	0.4892597695390782	11.16	0.0	290.0	292.59	462.45	118.11	0	1
PROTOTYPE	011936	04/15/18	23:00:53	0.4892597695390782	0.4892597695390782	11.16	-0.0	4.207634018036073	4.213505135270542	19.67	-15.85	0.4892597695390782	0.4892597695390782	11.16	0.0	302.0	294.0	489.73	145.4	0	1
PROTOTYPE	011937	04/15/18	23:00:54	0.4892597695390782	0.4892597695390782	11.16	-0.0	4.207634018036073	4.212526615731463	17.77	-13.47	0.4892597695390782	0.4892597695390782	11.16	0.0	283.0	292.35	571.54	63.59	0	1
PROTOTYPE	011938	04/15/18	23:00:56	0.4892597695390782	0.4892597695390782	11.17	-0.0	4.207634018036073	4.211548096192384	16.26	-11.45	0.4892597695390782	0.4892597695390782	11.17	0.0	291.0	292.15	512.51	-35.95	0	1
PROTOTYPE	011939	04/15/18	23:00:57	0.4892597695390782	0.4892597695390782	11.18	-0.0	4.207634018036073	4.211548096192384	15.06	-9.73	0.4892597695390782	0.4892597695390782	11.18	0.0	280.0	290.32	642.3	-270.56	0	1
PROTOTYPE	011940	04/15/18	23:00:58	0.4892597695390782	0.4892597695390782	11.18	-0.0	4.207634018036073	4.210569576653307	14.11	-8.27	0.4892597695390782	0.4892597695390782	11.18	0.0	293.0	290.73	637.89	-274.97	0	1
PROTOTYPE	011941	04/15/18	23:01:00	0.4892597695390782	0.4892597695390782	11.2	-0.0	4.207634018036073	4.210569576653307	13.4	-7.03	0.4892597695390782	0.4892597695390782	11.2	0.0	280.0	289.12	791.51	-428.73	0	1
PROTOTYPE	011942	04/15/18	23:01:01	0.4892597695390782	0.4892597695390782	11.2	-0.0	4.207634018036073	4.2095910571142285	12.84	-5.98	0.4892597695390782	0.4892597695390782	11.2	0.0	287.0	288.8	787.21	-424.42	0	1
PROTOTYPE	011943	04/15/18	23:01:03	0.4892597695390782	0.4892597695390782	11.21	-0.0	4.207634018036073	4.2095910571142285	12.42	-5.08	0.4892597695390782	0.4892597695390782	11.21	0.0	295.0	289.73	834.54	-285.76	0	1
PROTOTYPE	011944	04/15/18	23:01:04	0.4892597695390782	0.4892597695390782	11.22	-0.0	4.207634018036073	4.2095910571142285	12.11	-4.32	0.4892597695390782	0.4892597695390782	11.22	0.0	286.0	289.17	749.31	-482.89	0	1
PROTOTYPE	011945	04/15/18	23:01:06	0.4892597695390782	0.4892597695390782	11.25	-0.0	4.207634018036073	4.20861253757515	11.9	-3.67	0.4892597695390782	0.4892597695390782	11.25	0.0	279.0	287.64	736.87	-470.46	0	1
PROTOTYPE	011946	04/15/18	23:01:07	0.4892597695390782	0.4892597695390782	11.24	-0.0	4.207634018036073	4.20861253757515	11.72	-3.12	0.4892597695390782	0.4892597695390782	11.24	0.0	295.0	288.75	826.92	-339.89	0	1
PROTOTYPE	011947	04/15/18	23:01:08	0.4892597695390782	0.4892597695390782	11.26	-0.0	4.207634018036073	4.20861253757515	11.61	-2.65	0.4892597695390782	0.4892597695390782	11.26	0.0	301.0	290.59	828.5	26.09	0	1
PROTOTYPE	011948	04/15/18	23:01:10	0.4892597695390782	0.4892597695390782	11.26	-0.0	4.207634018036073	4.20861253757515	11.51	-2.25	0.4892597695390782	0.4892597695390782	11.26	0.0	298.0	291.7	899.57	97.18	0	1
PROTOTYPE	011949	04/15/18	23:01:11	0.4892597695390782	0.4892597695390782	11.24	-0.0	4.207634018036073	4.20861253757515	11.42	-1.92	0.4892597695390782	0.4892597695390782	11.24	0.0	293.0	291.89	758.25	277.6	0	1
PROTOTYPE	011950	04/15/18	23:01:13	0.4892597695390782	0.4892597695390782	11.26	-0.0	4.207634018036073	4.20861253757515	11.39	-1.63	0.4892597695390782	0.4892597695390782	11.26	0.0	292.0	291.91	728.61	310.96	0	1
PROTOTYPE	011951	04/15/18	23:01:14	0.4892597695390782	0.4892597695390782	11.27	-0.0	4.207634018036073	4.20861253757515	11.36	-1.38	0.4892597695390782	0.4892597695390782	11.27	0.0	290.0	291.62	664.26	189.32	0	1
PROTOTYPE	011952	04/15/18	23:01:15	0.4892597695390782	0.4892597695390782	11.28	-0.0	4.207634018036073	4.207634018036073	11.35	-1.18	0.4892597695390782	0.4892597695390782	11.28	0.0	293.0	291.83	629.01	265.92	0	1
PROTOTYPE	011953	04/15/18	23:01:17	0.4892597695390782	0.4892597695390782	11.26	-0.0	4.207634018036073	4.207634018036073	11.31	-1.0	0.4892597695390782	0.4892597695390782	11.26	0.0	294.0	292.16	509.04	451.03	0	1
PROTOTYPE	011954	04/15/18	23:01:18	0.4892597695390782	0.4892597695390782	11.26	-0.0	4.207634018036073	4.207634018036073	11.29	-0.85	0.4892597695390782	0.4892597695390782	11.26	0.0	299.0	293.18	501.38	443.38	0	1
PROTOTYPE	011955	04/15/18	23:01:20	0.4892597695390782	0.4892597695390782	11.27	-0.0	4.207634018036073	4.207634018036073	11.29	-0.72	0.4892597695390782	0.4892597695390782	11.27	0.0	292.0	293.0	335.38	241.87	0	1
PROTOTYPE	011956	04/15/18	23:01:21	0.4892597695390782	0.4892597695390782	11.28	-0.0	4.207634018036073	4.207634018036073	11.3	-0.61	0.4892597695390782	0.4892597695390782	11.28	0.0	288.0	292.25	299.24	55.59	0	1
PROTOTYPE	011957	04/15/18	23:01:22	0.4892597695390782	0.4892597695390782	11.31	-0.0	4.207634018036073	4.207634018036073	11.32	-0.52	0.4892597695390782	0.4892597695390782	11.31	0.0	301.0	293.57	410.86	167.25	0	1
PROTOTYPE	011958	04/15/18	23:01:24	0.4892597695390782	0.4892597695390782	11.28	-0.0	4.207634018036073	4.207634018036073	11.29	-0.44	0.4892597695390782	0.4892597695390782	11.28	0.0	287.0	292.58	507.21	67.16	0	1
PROTOTYPE	011959	04/15/18	23:01:25	0.4892597695390782	0.4892597695390782	11.28	-0.0	4.207634018036073	4.207634018036073	11.29	-0.38	0.4892597695390782	0.4892597695390782	11.28	0.0	292.0	292.49	487.37	87.09	0	1
PROTOTYPE	011960	04/15/18	23:01:27	0.4892597695390782	0.4892597695390782	11.29	-0.0	4.207634018036073	4.207634018036073	11.29	-0.32	0.4892597695390782	0.4892597695390782	11.29	0.0	284.0	291.22	594.08	-60.97	0	1
PROTOTYPE	011961	04/15/18	23:01:28	0.4892597695390782	0.4892597695390782	11.31	-0.0	4.207634018036073	4.207634018036073	11.31	-0.27	0.4892597695390782	0.4892597695390782	11.31	0.0	291.0	291.19	565.08	-96.83	0	1
PROTOTYPE	011962	04/15/18	23:01:30	0.4892597695390782	0.4892597695390782	11.34	-0.0	4.207634018036073	4.207634018036073	11.34	-0.23	0.4892597695390782	0.4892597695390782	11.34	0.0	295.0	291.76	519.61	-142.3	0	1
PROTOTYPE	011963	04/15/18	23:01:31	0.4892597695390782	0.4892597695390782	11.3	-0.0	4.207634018036073	4.207634018036073	11.3	-0.2	0.4892597695390782	0.4892597695390782	11.3	0.0	302.0	293.29	655.45	29.04	0	1
PROTOTYPE	011964	04/15/18	23:01:32	0.4892597695390782	0.4892597695390782	11.29	-0.0	4.207634018036073	4.207634018036073	11.29	-0.17	0.4892597695390782	0.4892597695390782	11.29	0.0	293.0	293.25	585.01	99.69	0	1
PROTOTYPE	011965	04/15/18	23:01:34	0.4892597695390782	0.4892597695390782	11.29	-0.0	4.207634018036073	4.207634018036073	11.29	-0.14	0.4892597695390782	0.4892597695390782	11.29	0.0	291.0	292.91	487.6	-65.27	0	1
PROTOTYPE	011966	04/15/18	23:01:35	0.4892597695390782	0.4892597695390782	11.3	-0.0	4.207634018036073	4.207634018036073	11.3	-0.12	0.4892597695390782	0.4892597695390782	11.3	0.0	288.0	292.18	462.81	-40.48	0	1
