Dev_id	Index	Date	Time	Sensor1	Sensor1_Filter	Sensor1_LL	Sensor1_Diff	Sensor2	Sensor2_Filter	Sensor2_LL	Sensor2_Diff	Sensor3	Sensor3_Filter	Sensor3_LL	Sensor3_Diff	Sensor4	Sensor4_Filter	Sensor4_LL	Sensor4_Diff	Heater_Status	FSM_Status
PROTOTYPE	001167	04/15/18	18:47:51	0.4892597695390782	0.4892597695390782	11.3	0.0	4.1097820641282565	4.108803544589179	11.89	3.5	0.4892597695390782	0.4892597695390782	11.3	0.0	290.0	289.87	624.15	214.9	0	1
PROTOTYPE	001168	04/15/18	18:47:53	0.4892597695390782	0.4892597695390782	11.3	0.0	4.1097820641282565	4.108803544589179	11.73	2.97	0.4892597695390782	0.4892597695390782	11.3	0.0	295.0	290.64	681.87	272.67	0	1
PROTOTYPE	001169	04/15/18	18:47:54	0.4892597695390782	0.4892597695390782	11.3	0.0	4.1097820641282565	4.108803544589179	11.61	2.53	0.4892597695390782	0.4892597695390782	11.3	0.0	296.0	291.45	658.5	456.77	0	1
PROTOTYPE	001170	04/15/18	18:47:56	0.4892597695390782	0.4892597695390782	11.28	0.0	4.1097820641282565	4.108803544589179	11.5	2.15	0.4892597695390782	0.4892597695390782	11.28	0.0	285.0	290.48	573.37	178.25	0	1
PROTOTYPE	001171	04/15/18	18:47:57	0.4892597695390782	0.4892597695390782	11.24	0.0	4.1097820641282565	4.108803544589179	11.4	1.83	0.4892597695390782	0.4892597695390782	11.24	0.0	280.0	288.91	630.11	121.52	0	1
PROTOTYPE	001172	04/15/18	18:47:58	0.4892597695390782	0.4892597695390782	11.24	0.0	4.1097820641282565	4.108803544589179	11.36	1.55	0.4892597695390782	0.4892597695390782	11.24	0.0	275.0	286.82	699.1	-226.71	0	1
PROTOTYPE	001173	04/15/18	18:48:00	0.4892597695390782	0.4892597695390782	11.24	0.0	4.1097820641282565	4.1097820641282565	11.33	1.32	0.4892597695390782	0.4892597695390782	11.24	0.0	298.0	288.5	793.1	-132.71	0	1
PROTOTYPE	001174	04/15/18	18:48:01	0.4892597695390782	0.4892597695390782	11.22	0.0	4.1097820641282565	4.1097820641282565	11.28	1.12	0.4892597695390782	0.4892597695390782	11.22	0.0	297.0	289.77	917.66	-7.8	0	1
PROTOTYPE	001175	04/15/18	18:48:03	0.4892597695390782	0.4892597695390782	11.2	0.0	4.1097820641282565	4.1097820641282565	11.24	0.95	0.4892597695390782	0.4892597695390782	11.2	0.0	300.0	291.31	1068.42	143.37	0	1
PROTOTYPE	001176	04/15/18	18:48:04	0.4892597695390782	0.4892597695390782	11.22	0.0	4.1097820641282565	4.1097820641282565	11.25	0.81	0.4892597695390782	0.4892597695390782	11.22	0.0	301.0	292.76	1136.91	211.86	0	1
PROTOTYPE	001177	04/15/18	18:48:06	0.4892597695390782	0.4892597695390782	11.26	0.0	4.1097820641282565	4.1097820641282565	11.28	0.69	0.4892597695390782	0.4892597695390782	11.26	0.0	291.0	292.5	1083.0	105.09	0	1
PROTOTYPE	001178	04/15/18	18:48:07	0.4892597695390782	0.4892597695390782	11.28	0.0	4.1097820641282565	4.1097820641282565	11.3	0.59	0.4892597695390782	0.4892597695390782	11.28	0.0	287.0	291.67	1068.76	119.32	0	1
PROTOTYPE	001179	04/15/18	18:48:08	0.4892597695390782	0.4892597695390782	11.27	0.0	4.1097820641282565	4.1097820641282565	11.28	0.5	0.4892597695390782	0.4892597695390782	11.27	0.0	282.0	290.22	1056.66	131.42	0	1
PROTOTYPE	001180	04/15/18	18:48:10	0.4892597695390782	0.4892597695390782	11.28	0.0	4.1097820641282565	4.1097820641282565	11.29	0.42	0.4892597695390782	0.4892597695390782	11.28	0.0	282.0	288.99	971.38	216.71	0	1
PROTOTYPE	001181	04/15/18	18:48:11	0.4892597695390782	0.4892597695390782	11.28	0.0	4.1097820641282565	4.1097820641282565	11.28	0.36	0.4892597695390782	0.4892597695390782	11.28	0.0	291.0	289.29	833.9	79.2	0	1
PROTOTYPE	001182	04/15/18	18:48:13	0.4892597695390782	0.4892597695390782	11.3	0.0	4.1097820641282565	4.1097820641282565	11.3	0.31	0.4892597695390782	0.4892597695390782	11.3	0.0	286.0	288.8	755.73	-97.68	0	1
PROTOTYPE	001183	04/15/18	18:48:14	0.4892597695390782	0.4892597695390782	11.3	0.0	4.1097820641282565	4.1097820641282565	11.3	0.26	0.4892597695390782	0.4892597695390782	11.3	0.0	286.0	288.38	644.3	-293.03	0	1
PROTOTYPE	001184	04/15/18	18:48:15	0.4892597695390782	0.4892597695390782	11.29	0.0	4.1097820641282565	4.1097820641282565	11.29	0.22	0.4892597695390782	0.4892597695390782	11.29	0.0	287.0	288.17	519.61	-459.07	0	1
PROTOTYPE	001185	04/15/18	18:48:17	0.4892597695390782	0.4892597695390782	11.25	0.0	4.1097820641282565	4.1097820641282565	11.25	0.19	0.4892597695390782	0.4892597695390782	11.25	0.0	281.0	287.09	600.72	-540.21	0	1
PROTOTYPE	001186	04/15/18	18:48:18	0.4892597695390782	0.4892597695390782	11.23	0.0	4.1097820641282565	4.1097820641282565	11.23	0.16	0.4892597695390782	0.4892597695390782	11.23	0.0	287.0	287.08	520.25	-459.18	0	1
PROTOTYPE	001187	04/15/18	18:48:20	0.4892597695390782	0.4892597695390782	11.25	0.0	4.1097820641282565	4.1097820641282565	11.25	0.14	0.4892597695390782	0.4892597695390782	11.25	0.0	295.0	288.27	493.95	-195.3	0	1
PROTOTYPE	001188	04/15/18	18:48:21	0.4892597695390782	0.4892597695390782	11.24	0.0	4.1097820641282565	4.1097820641282565	11.24	0.12	0.4892597695390782	0.4892597695390782	11.24	0.0	289.0	288.38	381.68	-61.01	0	1
PROTOTYPE	001189	04/15/18	18:48:22	0.4892597695390782	0.4892597695390782	11.26	0.0	4.1097820641282565	4.1097820641282565	11.26	0.1	0.4892597695390782	0.4892597695390782	11.26	0.0	284.0	287.72	417.16	-156.86	0	1
PROTOTYPE	001190	04/15/18	18:48:24	0.4892597695390782	0.4892597695390782	11.25	0.0	4.1097820641282565	4.1097820641282565	11.25	0.08	0.4892597695390782	0.4892597695390782	11.25	0.0	298.0	289.26	521.97	46.67	0	1
PROTOTYPE	001191	04/15/18	18:48:25	0.4892597695390782	0.4892597695390782	11.27	0.0	4.1097820641282565	4.1097820641282565	11.27	0.07	0.4892597695390782	0.4892597695390782	11.27	0.0	291.0	289.52	506.09	114.67	0	1
PROTOTYPE	001192	04/15/18	18:48:27	0.4892597695390782	0.4892597695390782	11.26	0.0	4.1097820641282565	4.1097820641282565	11.26	0.06	0.4892597695390782	0.4892597695390782	11.26	0.0	287.0	289.15	523.27	97.47	0	1
PROTOTYPE	001193	04/15/18	18:48:28	0.4892597695390782	0.4892597695390782	11.24	0.0	4.1097820641282565	4.1097820641282565	11.24	0.05	0.4892597695390782	0.4892597695390782	11.24	0.0	294.0	289.87	488.53	277.85	0	1
PROTOTYPE	001194	04/15/18	18:48:29	0.4892597695390782	0.4892597695390782	11.24	0.0	4.1097820641282565	4.1097820641282565	11.24	0.04	0.4892597695390782	0.4892597695390782	11.24	0.0	280.0	288.39	634.64	131.17	0	1
PROTOTYPE	001195	04/15/18	18:48:31	0.4892597695390782	0.4892597695390782	11.21	0.0	4.1097820641282565	4.1097820641282565	11.21	0.04	0.4892597695390782	0.4892597695390782	11.21	0.0	292.0	288.93	569.98	66.5	0	1
PROTOTYPE	001196	04/15/18	18:48:32	0.4892597695390782	0.4892597695390782	11.23	0.0	4.1097820641282565	4.1097820641282565	11.23	0.03	0.4892597695390782	0.4892597695390782	11.23	0.0	283.0	288.04	647.93	-33.48	0	1
PROTOTYPE	001197	04/15/18	18:48:34	0.4892597695390782	0.4892597695390782	11.21	0.0	4.1097820641282565	4.1097820641282565	11.21	0.03	0.4892597695390782	0.4892597695390782	11.21	0.0	284.0	287.44	642.91	-28.46	0	1
PROTOTYPE	001198	04/15/18	18:48:35	0.4892597695390782	0.4892597695390782	11.19	0.0	4.1097820641282565	4.1097820641282565	11.19	0.02	0.4892597695390782	0.4892597695390782	11.19	0.0	281.0	286.47	585.3	-279.19	0	1
PROTOTYPE	001199	04/15/18	18:48:36	0.4892597695390782	0.4892597695390782	11.18	0.0	4.1097820641282565	4.1097820641282565	11.18	0.02	0.4892597695390782	0.4892597695390782	11.18	0.0	284.0	286.1	596.31	-342.31	0	1
PROTOTYPE	001200	04/15/18	18:48:38	0.4892597695390782	0.4892597695390782	11.18	0.0	4.1097820641282565	4.1097820641282565	11.18	0.02	0.4892597695390782	0.4892597695390782	11.18	0.0	288.0	286.39	586.95	-275.96	0	1
PROTOTYPE	001201	04/15/18	18:48:39	0.4892597695390782	0.4892597695390782	11.18	0.0	4.1097820641282565	4.1097820641282565	11.18	0.01	0.4892597695390782	0.4892597695390782	11.18	0.0	296.0	287.83	658.33	-204.57	0	1
PROTOTYPE	001202	04/15/18	18:48:41	0.4892597695390782	0.4892597695390782	11.17	0.0	4.1097820641282565	4.1097820641282565	11.17	0.01	0.4892597695390782	0.4892597695390782	11.17	0.0	287.0	287.7	522.72	-68.88	0	1
PROTOTYPE	001203	04/15/18	18:48:42	0.4892597695390782	0.4892597695390782	11.17	0.0	4.1097820641282565	4.1097820641282565	11.17	0.01	0.4892597695390782	0.4892597695390782	11.17	0.0	298.0	289.25	623.04	31.45	0	1
PROTOTYPE	001204	04/15/18	18:48:43	0.4892597695390782	0.4892597695390782	11.14	0.0	4.1097820641282565	4.1097820641282565	11.14	0.01	0.4892597695390782	0.4892597695390782	11.14	0.0	294.0	289.96	605.32	191.73	0	1
PROTOTYPE	001205	04/15/18	18:48:45	0.4892597695390782	0.4892597695390782	11.15	0.0	4.1097820641282565	4.1097820641282565	11.15	0.01	0.4892597695390782	0.4892597695390782	11.15	0.0	298.0	291.17	665.24	372.97	0	1
PROTOTYPE	001206	04/15/18	18:48:46	0.4892597695390782	0.4892597695390782	11.18	0.0	4.1097820641282565	4.1097820641282565	11.18	0.01	0.4892597695390782	0.4892597695390782	11.18	0.0	298.0	292.19	671.19	572.03	0	1
PROTOTYPE	001207	04/15/18	18:48:48	0.4892597695390782	0.4892597695390782	11.2	0.0	4.1097820641282565	4.1097820641282565	11.2	0.01	0.4892597695390782	0.4892597695390782	11.2	0.0	296.0	292.76	691.23	666.22	0	1
PROTOTYPE	001208	04/15/18	18:48:49	0.4892597695390782	0.4892597695390782	11.19	0.0	4.1097820641282565	4.1097820641282565	11.19	0.0	0.4892597695390782	0.4892597695390782	11.19	0.0	294.0	292.95	681.31	656.29	0	1
PROTOTYPE	001209	04/15/18	18:48:50	0.4892597695390782	0.4892597695390782	11.2	0.0	4.1097820641282565	4.1097820641282565	11.2	0.0	0.4892597695390782	0.4892597695390782	11.2	0.0	289.0	292.36	596.34	452.85	0	1
PROTOTYPE	001210	04/15/18	18:48:52	0.4892597695390782	0.4892597695390782	11.22	0.0	4.1097820641282565	4.1097820641282565	11.22	0.0	0.4892597695390782	0.4892597695390782	11.22	0.0	296.0	292.9	638.52	519.92	0	1
PROTOTYPE	001211	04/15/18	18:48:53	0.4892597695390782	0.4892597695390782	11.24	0.0	4.1097820641282565	4.1097820641282565	11.24	0.0	0.4892597695390782	0.4892597695390782	11.24	0.0	294.0	293.07	500.58	381.93	0	1
PROTOTYPE	001212	04/15/18	18:48:55	0.4892597695390782	0.4892597695390782	11.25	0.0	4.1097820641282565	4.1097820641282565	11.25	0.0	0.4892597695390782	0.4892597695390782	11.25	0.0	288.0	292.31	505.31	234.64	0	1
PROTOTYPE	001213	04/15/18	18:48:56	0.4892597695390782	0.4892597695390782	11.25	0.0	4.1097820641282565	4.1097820641282565	11.25	0.0	0.4892597695390782	0.4892597695390782	11.25	0.0	286.0	291.36	479.34	19.45	0	1
PROTOTYPE	001214	04/15/18	18:48:57	0.4892597695390782	0.4892597695390782	11.23	0.0	4.1097820641282565	4.1097820641282565	11.23	0.0	0.4892597695390782	0.4892597695390782	11.23	0.0	295.0	291.91	431.43	-28.47	0	1
PROTOTYPE	001215	04/15/18	18:48:59	0.4892597695390782	0.4892597695390782	11.22	0.0	4.1097820641282565	4.1097820641282565	11.22	0.0	0.4892597695390782	0.4892597695390782	11.22	0.0	285.0	290.87	477.9	-189.2	0	1
PROTOTYPE	001216	04/15/18	18:49:00	0.4892597695390782	0.4892597695390782	11.23	0.0	4.1097820641282565	4.1097820641282565	11.23	0.0	0.4892597695390782	0.4892597695390782	11.23	0.0	288.0	290.44	502.38	-250.82	0	1
PROTOTYPE	001217	04/15/18	18:49:02	0.4892597695390782	0.4892597695390782	11.23	0.0	4.1097820641282565	4.1097820641282565	11.23	0.0	0.4892597695390782	0.4892597695390782	11.23	0.0	295.0	291.12	511.55	-123.2	0	1
PROTOTYPE	001218	04/15/18	18:49:03	0.4892597695390782	0.4892597695390782	11.22	0.0	4.1097820641282565	4.1097820641282565	11.22	0.0	0.4892597695390782	0.4892597695390782	11.22	0.0	292.0	291.26	470.08	-164.72	0	1
PROTOTYPE	001219	04/15/18	18:49:04	0.4892597695390782	0.4892597695390782	11.2	0.0	4.1097820641282565	4.1097820641282565	11.2	0.0	0.4892597695390782	0.4892597695390782	11.2	0.0	294.0	291.67	494.75	-140.01	0	1
PROTOTYPE	001220	04/15/18	18:49:06	0.4892597695390782	0.4892597695390782	11.2	0.0	4.1097820641282565	4.1097820641282565	11.2	0.0	0.4892597695390782	0.4892597695390782	11.2	0.0	298.0	292.62	513.73	30.99	0	1
PROTOTYPE	001221	04/15/18	18:49:07	0.4892597695390782	0.4892597695390782	11.18	0.0	4.1097820641282565	4.1097820641282565	11.18	0.0	0.4892597695390782	0.4892597695390782	11.18	0.0	299.0	293.57	514.86	221.34	0	1
PROTOTYPE	001222	04/15/18	18:49:09	0.4892597695390782	0.4892597695390782	11.18	0.0	4.1097820641282565	4.1097820641282565	11.18	0.0	0.4892597695390782	0.4892597695390782	11.18	0.0	295.0	293.79	481.69	188.14	0	1
PROTOTYPE	001223	04/15/18	18:49:10	0.4892597695390782	0.4892597695390782	11.16	0.0	4.1097820641282565	4.1097820641282565	11.16	0.0	0.4892597695390782	0.4892597695390782	11.16	0.0	299.0	294.57	456.26	369.92	0	1
PROTOTYPE	001224	04/15/18	18:49:11	0.4892597695390782	0.4892597695390782	11.15	0.0	4.1097820641282565	4.1097820641282565	11.15	0.0	0.4892597695390782	0.4892597695390782	11.15	0.0	286.0	293.28	541.73	284.43	0	1
PROTOTYPE	001225	04/15/18	18:49:13	0.4892597695390782	0.4892597695390782	11.14	0.0	4.1097820641282565	4.1097820641282565	11.14	0.0	0.4892597695390782	0.4892597695390782	11.14	0.0	295.0	293.54	499.09	241.77	0	1
PROTOTYPE	001226	04/15/18	18:49:14	0.4892597695390782	0.4892597695390782	11.14	0.0	4.1097820641282565	4.1097820641282565	11.14	0.0	0.4892597695390782	0.4892597695390782	11.14	0.0	292.0	293.31	509.05	205.5	0	1
PROTOTYPE	001227	04/15/18	18:49:16	0.4892597695390782	0.4892597695390782	11.17	0.0	4.1097820641282565	4.1097820641282565	11.17	0.0	0.4892597695390782	0.4892597695390782	11.17	0.0	291.0	292.96	502.55	129.68	0	1
PROTOTYPE	001228	04/15/18	18:49:17	0.4892597695390782	0.4892597695390782	11.18	0.0	4.1097820641282565	4.1097820641282565	11.18	0.0	0.4892597695390782	0.4892597695390782	11.18	0.0	291.0	292.67	437.05	5.23	0	1
PROTOTYPE	001229	04/15/18	18:49:18	0.4892597695390782	0.4892597695390782	11.2	0.0	4.1097820641282565	4.1097820641282565	11.2	0.0	0.4892597695390782	0.4892597695390782	11.2	0.0	283.0	291.22	486.34	-235.56	0	1
PROTOTYPE	001230	04/15/18	18:49:20	0.4892597695390782	0.4892597695390782	11.21	0.0	4.1097820641282565	4.1097820641282565	11.21	0.0	0.4892597695390782	0.4892597695390782	11.21	0.0	293.0	291.49	491.67	-230.22	0	1
PROTOTYPE	001231	04/15/18	18:49:21	0.4892597695390782	0.4892597695390782	11.24	0.0	4.1097820641282565	4.1097820641282565	11.24	0.0	0.4892597695390782	0.4892597695390782	11.24	0.0	294.0	291.86	451.22	-270.69	0	1
PROTOTYPE	001232	04/15/18	18:49:23	0.4892597695390782	0.4892597695390782	11.25	0.0	4.1097820641282565	4.1097820641282565	11.25	0.0	0.4892597695390782	0.4892597695390782	11.25	0.0	282.0	290.38	470.61	-290.09	0	1
PROTOTYPE	001233	04/15/18	18:49:24	0.4892597695390782	0.4892597695390782	11.26	0.0	4.1097820641282565	4.1097820641282565	11.26	0.0	0.4892597695390782	0.4892597695390782	11.26	0.0	291.0	290.48	454.19	-306.57	0	1
PROTOTYPE	001234	04/15/18	18:49:25	0.4892597695390782	0.4892597695390782	11.27	0.0	4.1097820641282565	4.1097820641282565	11.27	0.0	0.4892597695390782	0.4892597695390782	11.27	0.0	294.0	291.0	483.9	-230.59	0	1
PROTOTYPE	001235	04/15/18	18:49:27	0.4892597695390782	0.4892597695390782	11.25	0.0	4.1097820641282565	4.1097820641282565	11.25	0.0	0.4892597695390782	0.4892597695390782	11.25	0.0	299.0	292.2	569.15	-76.0	0	1
PROTOTYPE	001236	04/15/18	18:49:28	0.4892597695390782	0.4892597695390782	11.23	0.0	4.1097820641282565	4.1097820641282565	11.23	0.0	0.4892597695390782	0.4892597695390782	11.23	0.0	281.0	290.52	707.72	-214.6	0	1
PROTOTYPE	001237	04/15/18	18:49:30	0.4892597695390782	0.4892597695390782	11.24	0.0	4.1097820641282565	4.1097820641282565	11.24	0.0	0.4892597695390782	0.4892597695390782	11.24	0.0	292.0	290.74	584.86	-47.41	0	1
PROTOTYPE	001238	04/15/18	18:49:31	0.4892597695390782	0.4892597695390782	11.26	0.0	4.1097820641282565	4.1097820641282565	11.26	0.0	0.4892597695390782	0.4892597695390782	11.26	0.0	286.0	290.03	629.3	-145.3	0	1
PROTOTYPE	001239	04/15/18	18:49:32	0.4892597695390782	0.4892597695390782	11.23	0.0	4.1097820641282565	4.1097820641282565	11.23	0.0	0.4892597695390782	0.4892597695390782	11.23	0.0	295.0	290.78	666.08	-108.5	0	1
PROTOTYPE	001240	04/15/18	18:49:34	0.4892597695390782	0.4892597695390782	11.24	0.0	4.1097820641282565	4.1097820641282565	11.24	0.0	0.4892597695390782	0.4892597695390782	11.24	0.0	289.0	290.51	544.84	12.77	0	1
PROTOTYPE	001241	04/15/18	18:49:35	0.4892597695390782	0.4892597695390782	11.23	0.0	4.1097820641282565	4.1097820641282565	11.23	0.0	0.4892597695390782	0.4892597695390782	11.23	0.0	298.0	291.63	647.82	115.86	0	1
PROTOTYPE	001242	04/15/18	18:49:37	0.4892597695390782	0.4892597695390782	11.24	0.0	4.1097820641282565	4.1097820641282565	11.24	0.0	0.4892597695390782	0.4892597695390782	11.24	0.0	295.0	292.14	645.45	113.48	0	1
PROTOTYPE	001243	04/15/18	18:49:38	0.4892597695390782	0.4892597695390782	11.26	0.0	4.1097820641282565	4.1097820641282565	11.26	0.0	0.4892597695390782	0.4892597695390782	11.26	0.0	295.0	292.57	568.44	36.46	0	1
PROTOTYPE	001244	04/15/18	18:49:40	0.4892597695390782	0.4892597695390782	11.27	0.0	4.1097820641282565	4.1097820641282565	11.27	0.0	0.4892597695390782	0.4892597695390782	11.27	0.0	285.0	291.43	513.91	90.99	0	1
PROTOTYPE	001245	04/15/18	18:49:41	0.4892597695390782	0.4892597695390782	11.27	0.0	4.1097820641282565	4.1097820641282565	11.27	0.0	0.4892597695390782	0.4892597695390782	11.27	0.0	302.0	293.02	650.22	227.34	0	1
PROTOTYPE	001246	04/15/18	18:49:42	0.4892597695390782	0.4892597695390782	11.24	0.0	4.1097820641282565	4.1097820641282565	11.24	0.0	0.4892597695390782	0.4892597695390782	11.24	0.0	301.0	294.22	698.77	418.24	0	1
PROTOTYPE	001247	04/15/18	18:49:44	0.4892597695390782	0.4892597695390782	11.27	0.0	4.1097820641282565	4.1097820641282565	11.27	0.0	0.4892597695390782	0.4892597695390782	11.27	0.0	292.0	293.88	657.52	310.5	0	1
PROTOTYPE	001248	04/15/18	18:49:45	0.4892597695390782	0.4892597695390782	11.26	0.0	4.1097820641282565	4.1097820641282565	11.26	0.0	0.4892597695390782	0.4892597695390782	11.26	0.0	297.0	294.35	677.58	383.93	0	1
PROTOTYPE	001249	04/15/18	18:49:47	0.4892597695390782	0.4892597695390782	11.26	0.0	4.1097820641282565	4.1097820641282565	11.26	0.0	0.4892597695390782	0.4892597695390782	11.26	0.0	284.0	292.8	720.51	116.34	0	1
PROTOTYPE	001250	04/15/18	18:49:48	0.4892597695390782	0.4892597695390782	11.26	0.0	4.1097820641282565	4.1097820641282565	11.26	0.0	0.4892597695390782	0.4892597695390782	11.26	0.0	298.0	293.58	748.05	143.89	0	1
PROTOTYPE	001251	04/15/18	18:49:49	0.4892597695390782	0.4892597695390782	11.23	0.0	4.1097820641282565	4.1097820641282565	11.23	0.0	0.4892597695390782	0.4892597695390782	11.23	0.0	280.0	291.54	908.8	-102.7	0	1
PROTOTYPE	001252	04/15/18	18:49:51	0.4892597695390782	0.4892597695390782	11.23	0.0	4.1097820641282565	4.1097820641282565	11.23	0.0	0.4892597695390782	0.4892597695390782	11.23	0.0	288.0	291.01	848.41	-42.29	0	1
PROTOTYPE	001253	04/15/18	18:49:52	0.4892597695390782	0.4892597695390782	11.21	0.0	4.1097820641282565	4.1097820641282565	11.21	0.0	0.4892597695390782	0.4892597695390782	11.21	0.0	276.0	288.76	915.06	-425.95	0	1
PROTOTYPE	001254	04/15/18	18:49:54	0.4892597695390782	0.4892597695390782	11.21	0.0	4.1097820641282565	4.1097820641282565	11.21	0.0	0.4892597695390782	0.4892597695390782	11.21	0.0	296.0	289.85	903.96	-437.06	0	1
PROTOTYPE	001255	04/15/18	18:49:55	0.4892597695390782	0.4892597695390782	11.18	0.0	4.1097820641282565	4.1097820641282565	11.18	0.0	0.4892597695390782	0.4892597695390782	11.18	0.0	288.0	289.57	898.4	-431.5	0	1
PROTOTYPE	001256	04/15/18	18:49:56	0.4892597695390782	0.4892597695390782	11.18	0.0	4.1097820641282565	4.1097820641282565	11.18	0.0	0.4892597695390782	0.4892597695390782	11.18	0.0	301.0	291.28	1023.11	-306.77	0	1
PROTOTYPE	001257	04/15/18	18:49:58	0.4892597695390782	0.4892597695390782	11.2	0.0	4.1097820641282565	4.1097820641282565	11.2	0.0	0.4892597695390782	0.4892597695390782	11.2	0.0	288.0	290.79	917.11	-200.76	0	1
PROTOTYPE	001258	04/15/18	18:49:59	0.4892597695390782	0.4892597695390782	11.18	0.0	4.1097820641282565	4.1097820641282565	11.18	0.0	0.4892597695390782	0.4892597695390782	11.18	0.0	283.0	289.62	955.94	-395.64	0	1
PROTOTYPE	001259	04/15/18	18:50:01	0.4892597695390782	0.4892597695390782	11.18	0.0	4.1097820641282565	4.1097820641282565	11.18	0.0	0.4892597695390782	0.4892597695390782	11.18	0.0	288.0	289.38	776.62	-216.3	0	1
PROTOTYPE	001260	04/15/18	18:50:02	0.4892597695390782	0.4892597695390782	11.17	0.0	4.1097820641282565	4.1097820641282565	11.17	0.0	0.4892597695390782	0.4892597695390782	11.17	0.0	298.0	290.67	852.81	-33.85	0	1
PROTOTYPE	001261	04/15/18	18:50:03	0.4892597695390782	0.4892597695390782	11.19	0.0	4.1097820641282565	4.1097820641282565	11.19	0.0	0.4892597695390782	0.4892597695390782	11.19	0.0	290.0	290.57	637.82	181.23	0	1
PROTOTYPE	001262	04/15/18	18:50:05	0.4892597695390782	0.4892597695390782	11.2	0.0	4.1097820641282565	4.1097820641282565	11.2	0.0	0.4892597695390782	0.4892597695390782	11.2	0.0	292.0	290.79	550.68	94.04	0	1
PROTOTYPE	001263	04/15/18	18:50:06	0.4892597695390782	0.4892597695390782	11.21	0.0	4.1097820641282565	4.1097820641282565	11.21	0.0	0.4892597695390782	0.4892597695390782	11.21	0.0	292.0	290.97	541.24	139.94	0	1
PROTOTYPE	001264	04/15/18	18:50:08	0.4892597695390782	0.4892597695390782	11.2	0.0	4.1097820641282565	4.1097820641282565	11.2	0.0	0.4892597695390782	0.4892597695390782	11.2	0.0	290.0	290.82	384.34	-46.05	0	1
PROTOTYPE	001265	04/15/18	18:50:09	0.4892597695390782	0.4892597695390782	11.18	0.0	4.1097820641282565	4.1097820641282565	11.18	0.0	0.4892597695390782	0.4892597695390782	11.18	0.0	291.0	290.85	338.08	5.85	0	1
PROTOTYPE	001266	04/15/18	18:50:10	0.4892597695390782	0.4892597695390782	11.2	0.0	4.1097820641282565	4.1097820641282565	11.2	0.0	0.4892597695390782	0.4892597695390782	11.2	0.0	290.0	290.72	234.03	109.98	0	1
PROTOTYPE	001267	04/15/18	18:50:12	0.4892597695390782	0.4892597695390782	11.23	0.0	4.1097820641282565	4.1097820641282565	11.23	0.0	0.4892597695390782	0.4892597695390782	11.23	0.0	271.0	287.76	505.49	-161.52	0	1
PROTOTYPE	001268	04/15/18	18:50:13	0.4892597695390782	0.4892597695390782	11.25	0.0	4.1097820641282565	4.1097820641282565	11.25	0.0	0.4892597695390782	0.4892597695390782	11.25	0.0	298.0	289.3	529.71	-137.29	0	1
PROTOTYPE	001269	04/15/18	18:50:15	0.4892597695390782	0.4892597695390782	11.26	0.0	4.1097820641282565	4.1097820641282565	11.26	0.0	0.4892597695390782	0.4892597695390782	11.26	0.0	297.0	290.45	635.06	-11.7	0	1
PROTOTYPE	001270	04/15/18	18:50:16	0.4892597695390782	0.4892597695390782	11.26	0.0	4.1097820641282565	4.1097820641282565	11.26	0.0	0.4892597695390782	0.4892597695390782	11.26	0.0	286.0	289.79	680.41	-99.94	0	1
PROTOTYPE	001271	04/15/18	18:50:17	0.4892597695390782	0.4892597695390782	11.28	0.0	4.1097820641282565	4.1097820641282565	11.28	0.0	0.4892597695390782	0.4892597695390782	11.28	0.0	297.0	290.87	770.35	-9.95	0	1
PROTOTYPE	001272	04/15/18	18:50:19	0.4892597695390782	0.4892597695390782	11.3	0.0	4.1097820641282565	4.1097820641282565	11.3	0.0	0.4892597695390782	0.4892597695390782	11.3	0.0	294.0	291.34	802.77	51.54	0	1
PROTOTYPE	001273	04/15/18	18:50:20	0.4892597695390782	0.4892597695390782	11.31	0.0	4.1097820641282565	4.1097820641282565	11.31	0.0	0.4892597695390782	0.4892597695390782	11.31	0.0	299.0	292.49	914.71	163.81	0	1
PROTOTYPE	001274	04/15/18	18:50:22	0.4892597695390782	0.4892597695390782	11.28	0.0	4.1097820641282565	4.1097820641282565	11.28	0.0	0.4892597695390782	0.4892597695390782	11.28	0.0	285.0	291.36	1014.21	64.24	0	1
PROTOTYPE	001275	04/15/18	18:50:23	0.4892597695390782	0.4892597695390782	11.26	0.0	4.1097820641282565	4.1097820641282565	11.26	0.0	0.4892597695390782	0.4892597695390782	11.26	0.0	288.0	290.86	768.86	309.6	0	1
PROTOTYPE	001276	04/15/18	18:50:24	0.4892597695390782	0.4892597695390782	11.26	0.0	4.1097820641282565	4.1097820641282565	11.26	0.0	0.4892597695390782	0.4892597695390782	11.26	0.0	287.0	290.28	673.22	98.16	0	1
PROTOTYPE	001277	04/15/18	18:50:26	0.4892597695390782	0.4892597695390782	11.26	0.0	4.1097820641282565	4.1097820641282565	11.26	0.0	0.4892597695390782	0.4892597695390782	11.26	0.0	295.0	290.99	628.5	53.44	0	1
PROTOTYPE	001278	04/15/18	18:50:27	0.4892597695390782	0.4892597695390782	11.26	0.0	4.1097820641282565	4.1097820641282565	11.26	0.0	0.4892597695390782	0.4892597695390782	11.26	0.0	293.0	291.29	591.88	150.42	0	1
PROTOTYPE	001279	04/15/18	18:50:29	0.4892597695390782	0.4892597695390782	11.25	0.0	4.1097820641282565	4.1097820641282565	11.25	0.0	0.4892597695390782	0.4892597695390782	11.25	0.0	298.0	292.3	584.32	142.86	0	1
PROTOTYPE	001280	04/15/18	18:50:30	0.4892597695390782	0.4892597695390782	11.22	0.0	4.1097820641282565	4.1097820641282565	11.22	0.0	0.4892597695390782	0.4892597695390782	11.22	0.0	291.0	292.1	556.81	76.43	0	1
PROTOTYPE	001281	04/15/18	18:50:31	0.4892597695390782	0.4892597695390782	11.25	0.0	4.1097820641282565	4.1097820641282565	11.25	0.0	0.4892597695390782	0.4892597695390782	11.25	0.0	291.0	291.94	458.47	-55.03	0	1
PROTOTYPE	001282	04/15/18	18:50:33	0.4892597695390782	0.4892597695390782	11.28	0.0	4.1097820641282565	4.1097820641282565	11.28	0.0	0.4892597695390782	0.4892597695390782	11.28	0.0	283.0	290.6	480.21	-76.78	0	1
PROTOTYPE	001283	04/15/18	18:50:34	0.4892597695390782	0.4892597695390782	11.3	0.0	4.1097820641282565	4.1097820641282565	11.3	0.0	0.4892597695390782	0.4892597695390782	11.3	0.0	292.0	290.81	450.83	-5.26	0	1
PROTOTYPE	001284	04/15/18	18:50:36	0.4892597695390782	0.4892597695390782	11.31	0.0	4.1097820641282565	4.1097820641282565	11.31	0.0	0.4892597695390782	0.4892597695390782	11.31	0.0	286.0	290.09	465.04	-19.47	0	1
PROTOTYPE	001285	04/15/18	18:50:37	0.4892597695390782	0.4892597695390782	11.29	0.0	4.1097820641282565	4.1097820641282565	11.29	0.0	0.4892597695390782	0.4892597695390782	11.29	0.0	278.0	288.27	575.53	-271.55	0	1
PROTOTYPE	001286	04/15/18	18:50:39	0.4892597695390782	0.4892597695390782	11.3	0.0	4.1097820641282565	4.1097820641282565	11.3	0.0	0.4892597695390782	0.4892597695390782	11.3	0.0	296.0	289.43	661.24	-185.82	0	1
PROTOTYPE	001287	04/15/18	18:50:40	0.4892597695390782	0.4892597695390782	11.29	0.0	4.1097820641282565	4.1097820641282565	11.29	0.0	0.4892597695390782	0.4892597695390782	11.29	0.0	297.0	290.57	674.11	-172.95	0	1
PROTOTYPE	001288	04/15/18	18:50:41	0.4892597695390782	0.4892597695390782	11.31	0.0	4.1097820641282565	4.1097820641282565	11.31	0.0	0.4892597695390782	0.4892597695390782	11.31	0.0	285.0	289.73	738.13	-237.0	0	1
PROTOTYPE	001289	04/15/18	18:50:43	0.4892597695390782	0.4892597695390782	11.29	0.0	4.1097820641282565	4.1097820641282565	11.29	0.0	0.4892597695390782	0.4892597695390782	11.29	0.0	301.0	291.42	890.56	-51.45	0	1
PROTOTYPE	001290	04/15/18	18:50:44	0.4892597695390782	0.4892597695390782	11.26	0.0	4.207634018036073	4.124459857214429	24.93	15.0	0.4892597695390782	0.4892597695390782	11.26	0.0	294.0	291.81	795.19	121.26	0	1
PROTOTYPE	001291	04/15/18	18:50:46	0.4892597695390782	0.4892597695390782	11.24	0.0	4.1097820641282565	4.122502818136272	26.16	12.75	0.4892597695390782	0.4892597695390782	11.24	0.0	293.0	291.99	792.01	118.07	0	1
PROTOTYPE	001292	04/15/18	18:50:47	0.4892597695390782	0.4892597695390782	11.21	0.0	4.1097820641282565	4.120545779058117	27.1	10.84	0.4892597695390782	0.4892597695390782	11.21	0.0	288.0	291.39	779.72	130.36	0	1
PROTOTYPE	001293	04/15/18	18:50:48	0.4892597695390782	0.4892597695390782	11.2	0.0	4.207634018036073	4.1332665330661325	39.15	24.21	0.4892597695390782	0.4892597695390782	11.2	0.0	289.0	291.03	634.3	275.81	0	1
PROTOTYPE	001294	04/15/18	18:50:50	0.4892597695390782	0.4892597695390782	11.21	0.0	4.207634018036073	4.14500876753507	49.2	35.58	0.4892597695390782	0.4892597695390782	11.21	0.0	292.0	291.18	532.99	174.44	0	1
PROTOTYPE	001295	04/15/18	18:50:51	0.4892597695390782	0.4892597695390782	11.21	0.0	4.207634018036073	4.153815443386774	57.56	45.24	0.4892597695390782	0.4892597695390782	11.21	0.0	282.0	289.8	557.11	-76.73	0	1
PROTOTYPE	001296	04/15/18	18:50:53	0.4892597695390782	0.4892597695390782	11.21	0.0	4.1097820641282565	4.146965806613227	63.09	38.46	0.4892597695390782	0.4892597695390782	11.21	0.0	294.0	290.43	536.61	69.78	0	1
PROTOTYPE	001297	04/15/18	18:50:54	0.4892597695390782	0.4892597695390782	11.22	0.0	4.1097820641282565	4.142073208917836	67.62	32.69	0.4892597695390782	0.4892597695390782	11.22	0.0	288.0	290.07	404.06	-135.69	0	1
PROTOTYPE	001298	04/15/18	18:50:55	0.4892597695390782	0.4892597695390782	11.23	0.0	4.1097820641282565	4.137180611222445	57.65	12.78	0.4892597695390782	0.4892597695390782	11.23	0.0	298.0	291.26	484.4	-55.33	0	1
PROTOTYPE	001299	04/15/18	18:50:57	0.4892597695390782	0.4892597695390782	11.24	0.0	4.1097820641282565	4.1332665330661325	59.4	10.87	0.4892597695390782	0.4892597695390782	11.24	0.0	285.0	290.32	560.32	-167.03	0	1
PROTOTYPE	001300	04/15/18	18:50:58	0.4892597695390782	0.4892597695390782	11.25	0.0	4.1097820641282565	4.12935245490982	60.85	9.24	0.4892597695390782	0.4892597695390782	11.25	0.0	286.0	289.67	565.27	-171.98	0	1
PROTOTYPE	001301	04/15/18	18:51:00	0.4892597695390782	0.4892597695390782	11.26	0.0	4.1097820641282565	4.126416896292586	50.72	-7.15	0.4892597695390782	0.4892597695390782	11.26	0.0	300.0	291.22	684.36	18.82	0	1
PROTOTYPE	001302	04/15/18	18:51:01	0.4892597695390782	0.4892597695390782	11.23	0.0	4.1097820641282565	4.124459857214429	42.18	-21.08	0.4892597695390782	0.4892597695390782	11.23	0.0	285.0	290.29	763.05	-89.0	0	1
PROTOTYPE	001303	04/15/18	18:51:02	0.4892597695390782	0.4892597695390782	11.23	0.0	4.1097820641282565	4.121524298597194	35.0	-32.91	0.4892597695390782	0.4892597695390782	11.23	0.0	298.0	291.44	741.11	164.35	0	1
PROTOTYPE	001304	04/15/18	18:51:04	0.4892597695390782	0.4892597695390782	11.24	0.0	4.1097820641282565	4.119567259519038	30.4	-27.98	0.4892597695390782	0.4892597695390782	11.24	0.0	302.0	293.03	836.45	259.69	0	1
PROTOTYPE	001305	04/15/18	18:51:05	0.4892597695390782	0.4892597695390782	11.21	0.0	4.1097820641282565	4.11858873997996	26.56	-23.78	0.4892597695390782	0.4892597695390782	11.21	0.0	282.0	291.37	965.38	130.74	0	1
PROTOTYPE	001306	04/15/18	18:51:07	0.4892597695390782	0.4892597695390782	11.22	0.0	4.1097820641282565	4.1176102204408815	23.4	-20.21	0.4892597695390782	0.4892597695390782	11.22	0.0	285.0	290.42	941.96	-83.87	0	1
PROTOTYPE	001307	04/15/18	18:51:08	0.4892597695390782	0.4892597695390782	11.21	0.0	4.1097820641282565	4.115653181362726	20.8	-17.18	0.4892597695390782	0.4892597695390782	11.21	0.0	282.0	289.15	974.38	-116.29	0	1
PROTOTYPE	001308	04/15/18	18:51:09	0.4892597695390782	0.4892597695390782	11.22	0.0	4.1097820641282565	4.114674661823647	18.7	-14.6	0.4892597695390782	0.4892597695390782	11.22	0.0	293.0	289.73	967.3	6.15	0	1
PROTOTYPE	001309	04/15/18	18:51:11	0.4892597695390782	0.4892597695390782	11.24	0.0	4.1097820641282565	4.114674661823647	17.02	-12.41	0.4892597695390782	0.4892597695390782	11.24	0.0	291.0	289.92	831.43	-129.77	0	1
PROTOTYPE	001310	04/15/18	18:51:12	0.4892597695390782	0.4892597695390782	11.25	0.0	4.1097820641282565	4.113696142284569	15.67	-10.55	0.4892597695390782	0.4892597695390782	11.25	0.0	289.0	289.78	752.02	-50.3	0	1
PROTOTYPE	001311	04/15/18	18:51:14	0.4892597695390782	0.4892597695390782	11.26	0.0	4.1097820641282565	4.112717622745491	14.62	-8.97	0.4892597695390782	0.4892597695390782	11.26	0.0	304.0	291.92	849.56	47.24	0	1
PROTOTYPE	001312	04/15/18	18:51:15	0.4892597695390782	0.4892597695390782	11.27	0.0	4.1097820641282565	4.112717622745491	13.8	-7.62	0.4892597695390782	0.4892597695390782	11.27	0.0	280.0	290.13	869.95	-289.84	0	1
PROTOTYPE	001313	04/15/18	18:51:17	0.4892597695390782	0.4892597695390782	11.28	0.0	4.1097820641282565	4.111739103206413	13.17	-6.48	0.4892597695390782	0.4892597695390782	11.28	0.0	283.0	289.06	811.48	-231.37	0	1
PROTOTYPE	001314	04/15/18	18:51:18	0.4892597695390782	0.4892597695390782	11.27	0.0	4.1097820641282565	4.111739103206413	12.67	-5.51	0.4892597695390782	0.4892597695390782	11.27	0.0	287.0	288.75	746.79	-166.66	0	1
PROTOTYPE	001315	04/15/18	18:51:19	0.4892597695390782	0.4892597695390782	11.26	0.0	4.1097820641282565	4.111739103206413	12.29	-4.68	0.4892597695390782	0.4892597695390782	11.26	0.0	283.0	287.89	706.8	-126.66	0	1
PROTOTYPE	001316	04/15/18	18:51:21	0.4892597695390782	0.4892597695390782	11.26	0.0	4.1097820641282565	4.110760583667334	12.02	-3.98	0.4892597695390782	0.4892597695390782	11.26	0.0	286.0	287.6	677.45	-212.66	0	1
PROTOTYPE	001317	04/15/18	18:51:22	0.4892597695390782	0.4892597695390782	11.24	0.0	4.1097820641282565	4.110760583667334	11.79	-3.38	0.4892597695390782	0.4892597695390782	11.24	0.0	300.0	289.46	844.3	-45.76	0	1
PROTOTYPE	001318	04/15/18	18:51:24	0.4892597695390782	0.4892597695390782	11.25	0.0	4.1097820641282565	4.110760583667334	11.65	-2.88	0.4892597695390782	0.4892597695390782	11.25	0.0	276.0	287.44	1032.37	-233.9	0	1
PROTOTYPE	001319	04/15/18	18:51:25	0.4892597695390782	0.4892597695390782	11.26	0.0	4.1097820641282565	4.110760583667334	11.55	-2.44	0.4892597695390782	0.4892597695390782	11.26	0.0	282.0	286.63	900.79	-528.81	0	1
PROTOTYPE	001320	04/15/18	18:51:26	0.4892597695390782	0.4892597695390782	11.24	0.0	4.1097820641282565	4.110760583667334	11.45	-2.08	0.4892597695390782	0.4892597695390782	11.24	0.0	299.0	288.48	907.64	-164.49	0	1
PROTOTYPE	001321	04/15/18	18:51:28	0.4892597695390782	0.4892597695390782	11.26	0.0	4.1097820641282565	4.110760583667334	11.41	-1.77	0.4892597695390782	0.4892597695390782	11.26	0.0	286.0	288.11	837.98	-94.82	0	1
PROTOTYPE	001322	04/15/18	18:51:29	0.4892597695390782	0.4892597695390782	11.27	0.0	4.1097820641282565	4.110760583667334	11.38	-1.5	0.4892597695390782	0.4892597695390782	11.27	0.0	288.0	288.09	809.25	-65.6	0	1
PROTOTYPE	001323	04/15/18	18:51:31	0.4892597695390782	0.4892597695390782	11.28	0.0	4.1097820641282565	4.1097820641282565	11.36	-1.28	0.4892597695390782	0.4892597695390782	11.28	0.0	285.0	287.63	769.42	-25.76	0	1
PROTOTYPE	001324	04/15/18	18:51:32	0.4892597695390782	0.4892597695390782	11.28	0.0	4.1097820641282565	4.1097820641282565	11.34	-1.08	0.4892597695390782	0.4892597695390782	11.28	0.0	275.0	285.74	930.52	-186.89	0	1
PROTOTYPE	001325	04/15/18	18:51:33	0.4892597695390782	0.4892597695390782	11.29	0.0	4.1097820641282565	4.1097820641282565	11.33	-0.92	0.4892597695390782	0.4892597695390782	11.29	0.0	292.0	286.68	838.56	-278.86	0	1
PROTOTYPE	001326	04/15/18	18:51:35	0.4892597695390782	0.4892597695390782	11.28	0.0	4.1097820641282565	4.1097820641282565	11.31	-0.78	0.4892597695390782	0.4892597695390782	11.28	0.0	288.0	286.87	656.52	-57.03	0	1
PROTOTYPE	001327	04/15/18	18:51:36	0.4892597695390782	0.4892597695390782	11.27	0.0	4.1097820641282565	4.1097820641282565	11.29	-0.67	0.4892597695390782	0.4892597695390782	11.27	0.0	298.0	288.54	741.74	191.52	0	1
PROTOTYPE	001328	04/15/18	18:51:38	0.4892597695390782	0.4892597695390782	11.26	0.0	4.1097820641282565	4.1097820641282565	11.27	-0.57	0.4892597695390782	0.4892597695390782	11.26	0.0	296.0	289.66	668.01	117.8	0	1
PROTOTYPE	001329	04/15/18	18:51:39	0.4892597695390782	0.4892597695390782	11.23	0.0	4.1097820641282565	4.1097820641282565	11.24	-0.48	0.4892597695390782	0.4892597695390782	11.23	0.0	290.0	289.71	636.0	160.13	0	1
PROTOTYPE	001330	04/15/18	18:51:40	0.4892597695390782	0.4892597695390782	11.21	0.0	4.1097820641282565	4.1097820641282565	11.22	-0.41	0.4892597695390782	0.4892597695390782	11.21	0.0	292.0	290.06	668.16	196.11	0	1
PROTOTYPE	001331	04/15/18	18:51:42	0.4892597695390782	0.4892597695390782	11.23	0.0	4.1097820641282565	4.1097820641282565	11.23	-0.35	0.4892597695390782	0.4892597695390782	11.23	0.0	297.0	291.1	725.9	346.69	0	1
PROTOTYPE	001332	04/15/18	18:51:43	0.4892597695390782	0.4892597695390782	11.22	0.0	4.1097820641282565	4.1097820641282565	11.22	-0.3	0.4892597695390782	0.4892597695390782	11.22	0.0	285.0	290.18	627.91	444.69	0	1
PROTOTYPE	001333	04/15/18	18:51:45	0.4892597695390782	0.4892597695390782	11.21	0.0	4.1097820641282565	4.1097820641282565	11.21	-0.25	0.4892597695390782	0.4892597695390782	11.21	0.0	300.0	291.66	681.2	497.98	0	1
PROTOTYPE	001334	04/15/18	18:51:46	0.4892597695390782	0.4892597695390782	11.21	0.0	4.1097820641282565	4.1097820641282565	11.21	-0.21	0.4892597695390782	0.4892597695390782	11.21	0.0	290.0	291.41	686.15	453.29	0	1
PROTOTYPE	001335	04/15/18	18:51:47	0.4892597695390782	0.4892597695390782	11.2	0.0	4.1097820641282565	4.1097820641282565	11.2	-0.18	0.4892597695390782	0.4892597695390782	11.2	0.0	290.0	291.2	540.41	265.29	0	1
PROTOTYPE	001336	04/15/18	18:51:49	0.4892597695390782	0.4892597695390782	11.2	0.0	4.1097820641282565	4.1097820641282565	11.2	-0.15	0.4892597695390782	0.4892597695390782	11.2	0.0	284.0	290.12	536.49	45.5	0	1
PROTOTYPE	001337	04/15/18	18:51:50	0.4892597695390782	0.4892597695390782	11.24	0.0	4.1097820641282565	4.1097820641282565	11.24	-0.13	0.4892597695390782	0.4892597695390782	11.24	0.0	290.0	290.1	533.48	38.67	0	1
PROTOTYPE	001338	04/15/18	18:51:52	0.4892597695390782	0.4892597695390782	11.24	0.0	4.1097820641282565	4.1097820641282565	11.24	-0.11	0.4892597695390782	0.4892597695390782	11.24	0.0	293.0	290.53	542.67	47.87	0	1
PROTOTYPE	001339	04/15/18	18:51:53	0.4892597695390782	0.4892597695390782	11.22	0.0	4.1097820641282565	4.1097820641282565	11.22	-0.09	0.4892597695390782	0.4892597695390782	11.22	0.0	295.0	291.2	505.5	10.69	0	1
PROTOTYPE	001340	04/15/18	18:51:54	0.4892597695390782	0.4892597695390782	11.22	0.0	4.1097820641282565	4.1097820641282565	11.22	-0.08	0.4892597695390782	0.4892597695390782	11.22	0.0	290.0	291.02	432.14	84.09	0	1
PROTOTYPE	001341	04/15/18	18:51:56	0.4892597695390782	0.4892597695390782	11.21	0.0	4.1097820641282565	4.1097820641282565	11.21	-0.07	0.4892597695390782	0.4892597695390782	11.21	0.0	285.0	290.12	375.24	-153.52	0	1
PROTOTYPE	001342	04/15/18	18:51:57	0.4892597695390782	0.4892597695390782	11.22	0.0	4.1097820641282565	4.1097820641282565	11.22	-0.06	0.4892597695390782	0.4892597695390782	11.22	0.0	289.0	289.95	367.23	-145.5	0	1
PROTOTYPE	001343	04/15/18	18:51:59	0.4892597695390782	0.4892597695390782	11.22	0.0	4.1097820641282565	4.1097820641282565	11.22	-0.05	0.4892597695390782	0.4892597695390782	11.22	0.0	296.0	290.86	436.81	-33.67	0	1
PROTOTYPE	001344	04/15/18	18:52:00	0.4892597695390782	0.4892597695390782	11.23	0.0	4.1097820641282565	4.1097820641282565	11.23	-0.04	0.4892597695390782	0.4892597695390782	11.23	0.0	291.0	290.88	331.4	76.38	0	1
PROTOTYPE	001345	04/15/18	18:52:01	0.4892597695390782	0.4892597695390782	11.19	0.0	4.1097820641282565	4.1097820641282565	11.19	-0.04	0.4892597695390782	0.4892597695390782	11.19	0.0	293.0	291.2	360.97	109.92	0	1
PROTOTYPE	001346	04/15/18	18:52:03	0.4892597695390782	0.4892597695390782	11.2	0.0	4.1097820641282565	4.1097820641282565	11.2	-0.03	0.4892597695390782	0.4892597695390782	11.2	0.0	297.0	292.07	404.47	153.43	0	1
PROTOTYPE	001347	04/15/18	18:52:04	0.4892597695390782	0.4892597695390782	11.24	0.0	4.1097820641282565	4.1097820641282565	11.24	-0.03	0.4892597695390782	0.4892597695390782	11.24	0.0	295.0	292.51	381.46	130.42	0	1
PROTOTYPE	001348	04/15/18	18:52:06	0.4892597695390782	0.4892597695390782	11.24	0.0	4.1097820641282565	4.1097820641282565	11.24	-0.02	0.4892597695390782	0.4892597695390782	11.24	0.0	289.0	291.98	415.99	95.86	0	1
PROTOTYPE	001349	04/15/18	18:52:07	0.4892597695390782	0.4892597695390782	11.26	0.0	4.1097820641282565	4.1097820641282565	11.26	-0.02	0.4892597695390782	0.4892597695390782	11.26	0.0	290.0	291.68	355.39	156.48	0	1
PROTOTYPE	001350	04/15/18	18:52:09	0.4892597695390782	0.4892597695390782	11.24	0.0	4.1097820641282565	4.1097820641282565	11.24	-0.02	0.4892597695390782	0.4892597695390782	11.24	0.0	288.0	291.13	393.82	118.01	0	1
PROTOTYPE	001351	04/15/18	18:52:10	0.4892597695390782	0.4892597695390782	11.26	0.0	4.1097820641282565	4.1097820641282565	11.26	-0.01	0.4892597695390782	0.4892597695390782	11.26	0.0	294.0	291.56	346.13	70.31	0	1
PROTOTYPE	001352	04/15/18	18:52:11	0.4892597695390782	0.4892597695390782	11.26	0.0	4.1097820641282565	4.1097820641282565	11.26	-0.01	0.4892597695390782	0.4892597695390782	11.26	0.0	304.0	293.43	530.17	254.76	0	1
PROTOTYPE	001353	04/15/18	18:52:13	0.4892597695390782	0.4892597695390782	11.26	0.0	4.1097820641282565	4.1097820641282565	11.26	-0.01	0.4892597695390782	0.4892597695390782	11.26	0.0	295.0	293.66	521.97	246.55	0	1
PROTOTYPE	001354	04/15/18	18:52:14	0.4892597695390782	0.4892597695390782	11.25	0.0	4.1097820641282565	4.1097820641282565	11.25	-0.01	0.4892597695390782	0.4892597695390782	11.25	0.0	294.0	293.71	440.16	164.56	0	1
PROTOTYPE	001355	04/15/18	18:52:16	0.4892597695390782	0.4892597695390782	11.2	0.0	4.1097820641282565	4.1097820641282565	11.2	-0.01	0.4892597695390782	0.4892597695390782	11.2	0.0	294.0	293.76	400.67	124.88	0	1
PROTOTYPE	001356	04/15/18	18:52:17	0.4892597695390782	0.4892597695390782	11.18	0.0	4.1097820641282565	4.1097820641282565	11.18	-0.01	0.4892597695390782	0.4892597695390782	11.18	0.0	284.0	292.29	494.39	31.15	0	1
PROTOTYPE	001357	04/15/18	18:52:18	0.4892597695390782	0.4892597695390782	11.18	0.0	4.1097820641282565	4.1097820641282565	11.18	-0.01	0.4892597695390782	0.4892597695390782	11.18	0.0	288.0	291.65	529.05	-3.52	0	1
PROTOTYPE	001358	04/15/18	18:52:20	0.4892597695390782	0.4892597695390782	11.18	0.0	4.1097820641282565	4.1097820641282565	11.18	-0.0	0.4892597695390782	0.4892597695390782	11.18	0.0	286.0	290.8	558.51	-33.0	0	1
PROTOTYPE	001359	04/15/18	18:52:21	0.4892597695390782	0.4892597695390782	11.16	0.0	4.1097820641282565	4.1097820641282565	11.16	-0.0	0.4892597695390782	0.4892597695390782	11.16	0.0	288.0	290.38	557.52	-118.05	0	1
PROTOTYPE	001360	04/15/18	18:52:22	0.4892597695390782	0.4892597695390782	11.17	0.0	4.1097820641282565	4.1097820641282565	11.17	-0.0	0.4892597695390782	0.4892597695390782	11.17	0.0	279.0	288.67	541.68	-475.34	0	1
PROTOTYPE	001361	04/15/18	18:52:24	0.4892597695390782	0.4892597695390782	11.18	0.0	4.1097820641282565	4.1097820641282565	11.18	-0.0	0.4892597695390782	0.4892597695390782	11.18	0.0	303.0	290.82	732.95	-284.04	0	1
PROTOTYPE	001362	04/15/18	18:52:25	0.4892597695390782	0.4892597695390782	11.18	0.0	4.1097820641282565	4.1097820641282565	11.18	-0.0	0.4892597695390782	0.4892597695390782	11.18	0.0	273.0	288.15	995.07	-556.43	0	1
PROTOTYPE	001363	04/15/18	18:52:27	0.4892597695390782	0.4892597695390782	11.18	0.0	4.1097820641282565	4.1097820641282565	11.18	-0.0	0.4892597695390782	0.4892597695390782	11.18	0.0	295.0	289.18	1093.32	-457.97	0	1
PROTOTYPE	001364	04/15/18	18:52:28	0.4892597695390782	0.4892597695390782	11.19	0.0	4.1097820641282565	4.1097820641282565	11.19	-0.0	0.4892597695390782	0.4892597695390782	11.19	0.0	289.0	289.15	949.96	-314.27	0	1
PROTOTYPE	001365	04/15/18	18:52:29	0.4892597695390782	0.4892597695390782	11.19	0.0	4.1097820641282565	4.1097820641282565	11.19	-0.0	0.4892597695390782	0.4892597695390782	11.19	0.0	286.0	288.68	932.83	-297.13	0	1
PROTOTYPE	001366	04/15/18	18:52:31	0.4892597695390782	0.4892597695390782	11.2	0.0	4.1097820641282565	4.1097820641282565	11.2	-0.0	0.4892597695390782	0.4892597695390782	11.2	0.0	291.0	289.03	882.93	-177.56	0	1
