Dev_id	Index	Date	Time	Sensor1	Sensor1_Filter	Sensor1_LL	Sensor1_Diff	Sensor2	Sensor2_Filter	Sensor2_LL	Sensor2_Diff	Sensor3	Sensor3_Filter	Sensor3_LL	Sensor3_Diff	Sensor4	Sensor4_Filter	Sensor4_LL	Sensor4_Diff	Heater_Status	FSM_Status
PROTOTYPE	016967	04/16/18	00:58:58	0.4892597695390782	0.4892597695390782	11.25	-0.0	3.3269664328657313	3.3758924098196395	59.83	-24.56	0.4892597695390782	0.4892597695390782	11.25	0.0	286.0	289.89	573.98	170.01	0	1
PROTOTYPE	016968	04/16/18	00:59:00	0.4892597695390782	0.4892597695390782	11.23	-0.0	3.424818386773547	3.3837205661322645	63.39	-20.87	0.4892597695390782	0.4892597695390782	11.23	0.0	280.0	288.41	605.24	-95.49	0	1
PROTOTYPE	016969	04/16/18	00:59:01	0.4892597695390782	0.4892597695390782	11.23	-0.0	3.424818386773547	3.3895916833667337	66.38	-17.74	0.4892597695390782	0.4892597695390782	11.23	0.0	297.0	289.7	679.55	-21.17	0	1
PROTOTYPE	016970	04/16/18	00:59:02	0.4892597695390782	0.4892597695390782	11.22	-0.0	3.424818386773547	3.394484281062124	68.88	-15.08	0.4892597695390782	0.4892597695390782	11.22	0.0	297.0	290.79	682.73	-17.99	0	1
PROTOTYPE	016971	04/16/18	00:59:04	0.4892597695390782	0.4892597695390782	11.23	-0.0	3.424818386773547	3.399376878757515	60.91	2.18	0.4892597695390782	0.4892597695390782	11.23	0.0	296.0	291.57	686.25	134.71	0	1
PROTOTYPE	016972	04/16/18	00:59:05	0.4892597695390782	0.4892597695390782	11.23	-0.0	3.424818386773547	3.403290956913828	54.18	16.85	0.4892597695390782	0.4892597695390782	11.23	0.0	291.0	291.49	646.55	174.5	0	1
PROTOTYPE	016973	04/16/18	00:59:07	0.4892597695390782	0.4892597695390782	11.23	-0.0	3.424818386773547	3.4062265155310625	48.51	29.33	0.4892597695390782	0.4892597695390782	11.23	0.0	282.0	290.06	695.0	-61.67	0	1
PROTOTYPE	016974	04/16/18	00:59:08	0.4892597695390782	0.4892597695390782	11.23	-0.0	3.424818386773547	3.409162074148297	44.31	24.93	0.4892597695390782	0.4892597695390782	11.23	0.0	297.0	291.1	788.73	52.58	0	1
PROTOTYPE	016975	04/16/18	00:59:09	0.4892597695390782	0.4892597695390782	11.19	-0.0	3.424818386773547	3.411119113226453	38.09	36.19	0.4892597695390782	0.4892597695390782	11.19	0.0	290.0	290.94	736.66	104.69	0	1
PROTOTYPE	016976	04/16/18	00:59:11	0.4892597695390782	0.4892597695390782	11.18	-0.0	3.424818386773547	3.4130761523046096	32.96	30.76	0.4892597695390782	0.4892597695390782	11.18	0.0	289.0	290.65	617.39	223.99	0	1
PROTOTYPE	016977	04/16/18	00:59:12	0.4892597695390782	0.4892597695390782	11.16	-0.0	3.424818386773547	3.4150331913827654	28.68	26.15	0.4892597695390782	0.4892597695390782	11.16	0.0	281.0	289.2	633.24	-49.61	0	1
PROTOTYPE	016978	04/16/18	00:59:14	0.4892597695390782	0.4892597695390782	11.16	-0.0	3.424818386773547	3.416990230460922	25.14	22.22	0.4892597695390782	0.4892597695390782	11.16	0.0	293.0	289.77	580.69	-102.17	0	1
PROTOTYPE	016979	04/16/18	00:59:15	0.4892597695390782	0.4892597695390782	11.17	-0.0	3.424818386773547	3.41796875	22.23	18.89	0.4892597695390782	0.4892597695390782	11.17	0.0	296.0	290.71	596.01	-86.84	0	1
PROTOTYPE	016980	04/16/18	00:59:16	0.4892597695390782	0.4892597695390782	11.18	-0.0	3.424818386773547	3.4189472695390783	19.85	16.06	0.4892597695390782	0.4892597695390782	11.18	0.0	293.0	291.05	621.74	-43.82	0	1
PROTOTYPE	016981	04/16/18	00:59:18	0.4892597695390782	0.4892597695390782	11.17	-0.0	3.424818386773547	3.4199257890781567	17.92	13.65	0.4892597695390782	0.4892597695390782	11.17	0.0	287.0	290.44	540.18	37.76	0	1
PROTOTYPE	016982	04/16/18	00:59:19	0.4892597695390782	0.4892597695390782	11.18	-0.0	3.424818386773547	3.4209043086172346	16.38	11.6	0.4892597695390782	0.4892597695390782	11.18	0.0	304.0	292.48	639.51	137.09	0	1
PROTOTYPE	016983	04/16/18	00:59:21	0.4892597695390782	0.4892597695390782	11.22	-0.0	3.424818386773547	3.4209043086172346	15.18	9.86	0.4892597695390782	0.4892597695390782	11.22	0.0	294.0	292.7	645.79	176.53	0	1
PROTOTYPE	016984	04/16/18	00:59:22	0.4892597695390782	0.4892597695390782	11.23	-0.0	3.424818386773547	3.4218828281563125	14.22	8.38	0.4892597695390782	0.4892597695390782	11.23	0.0	299.0	293.65	711.12	300.05	0	1
PROTOTYPE	016985	04/16/18	00:59:23	0.4892597695390782	0.4892597695390782	11.28	-0.0	3.424818386773547	3.4218828281563125	13.52	7.12	0.4892597695390782	0.4892597695390782	11.28	0.0	287.0	292.65	666.13	345.04	0	1
PROTOTYPE	016986	04/16/18	00:59:25	0.4892597695390782	0.4892597695390782	11.31	-0.0	3.424818386773547	3.4228613476953904	12.98	6.06	0.4892597695390782	0.4892597695390782	11.31	0.0	286.0	291.65	708.91	188.29	0	1
PROTOTYPE	016987	04/16/18	00:59:26	0.4892597695390782	0.4892597695390782	11.3	-0.0	3.424818386773547	3.4228613476953904	12.53	5.15	0.4892597695390782	0.4892597695390782	11.3	0.0	296.0	292.31	680.67	160.04	0	1
PROTOTYPE	016988	04/16/18	00:59:28	0.4892597695390782	0.4892597695390782	11.3	-0.0	3.424818386773547	3.4228613476953904	12.21	4.38	0.4892597695390782	0.4892597695390782	11.3	0.0	297.0	293.01	716.65	196.04	0	1
PROTOTYPE	016989	04/16/18	00:59:29	0.4892597695390782	0.4892597695390782	11.33	-0.0	3.424818386773547	3.423839867234469	11.99	3.72	0.4892597695390782	0.4892597695390782	11.33	0.0	295.0	293.31	685.78	286.63	0	1
PROTOTYPE	016990	04/16/18	00:59:30	0.4892597695390782	0.4892597695390782	11.32	-0.0	3.424818386773547	3.423839867234469	11.8	3.16	0.4892597695390782	0.4892597695390782	11.32	0.0	297.0	293.86	537.79	138.64	0	1
PROTOTYPE	016991	04/16/18	00:59:32	0.4892597695390782	0.4892597695390782	11.3	-0.0	3.424818386773547	3.423839867234469	11.65	2.69	0.4892597695390782	0.4892597695390782	11.3	0.0	294.0	293.88	517.38	117.84	0	1
PROTOTYPE	016992	04/16/18	00:59:33	0.4892597695390782	0.4892597695390782	11.31	-0.0	3.424818386773547	3.423839867234469	11.56	2.28	0.4892597695390782	0.4892597695390782	11.31	0.0	297.0	294.35	469.72	70.16	0	1
PROTOTYPE	016993	04/16/18	00:59:35	0.4892597695390782	0.4892597695390782	11.26	-0.0	3.424818386773547	3.423839867234469	11.45	1.94	0.4892597695390782	0.4892597695390782	11.26	0.0	281.0	292.35	570.24	-30.36	0	1
PROTOTYPE	016994	04/16/18	00:59:36	0.4892597695390782	0.4892597695390782	11.26	-0.0	3.424818386773547	3.423839867234469	11.39	1.65	0.4892597695390782	0.4892597695390782	11.26	0.0	286.0	291.4	565.69	-25.81	0	1
PROTOTYPE	016995	04/16/18	00:59:38	0.4892597695390782	0.4892597695390782	11.26	-0.0	3.424818386773547	3.423839867234469	11.36	1.4	0.4892597695390782	0.4892597695390782	11.26	0.0	292.0	291.49	509.65	-81.94	0	1
PROTOTYPE	016996	04/16/18	00:59:39	0.4892597695390782	0.4892597695390782	11.24	-0.0	3.424818386773547	3.424818386773547	11.31	1.19	0.4892597695390782	0.4892597695390782	11.24	0.0	292.0	291.56	447.05	-144.64	0	1
PROTOTYPE	016997	04/16/18	00:59:40	0.4892597695390782	0.4892597695390782	11.23	-0.0	3.424818386773547	3.424818386773547	11.28	1.01	0.4892597695390782	0.4892597695390782	11.23	0.0	281.0	289.98	575.62	-332.95	0	1
PROTOTYPE	016998	04/16/18	00:59:42	0.4892597695390782	0.4892597695390782	11.22	-0.0	3.424818386773547	3.424818386773547	11.26	0.86	0.4892597695390782	0.4892597695390782	11.22	0.0	299.0	291.33	655.55	-253.01	0	1
PROTOTYPE	016999	04/16/18	00:59:43	0.4892597695390782	0.4892597695390782	11.22	-0.0	3.424818386773547	3.424818386773547	11.25	0.73	0.4892597695390782	0.4892597695390782	11.22	0.0	306.0	293.53	873.08	-35.06	0	1
PROTOTYPE	017000	04/16/18	00:59:44	0.4892597695390782	0.4892597695390782	11.21	-0.0	3.424818386773547	3.424818386773547	11.23	0.62	0.4892597695390782	0.4892597695390782	11.21	0.0	296.0	293.9	863.34	-44.8	0	1
PROTOTYPE	017001	04/16/18	00:59:46	0.4892597695390782	0.4892597695390782	11.22	-0.0	3.424818386773547	3.424818386773547	11.23	0.53	0.4892597695390782	0.4892597695390782	11.22	0.0	294.0	293.92	665.11	156.92	0	1
PROTOTYPE	017002	04/16/18	00:59:47	0.4892597695390782	0.4892597695390782	11.2	-0.0	3.424818386773547	3.424818386773547	11.21	0.45	0.4892597695390782	0.4892597695390782	11.2	0.0	276.0	291.23	838.64	-16.62	0	1
PROTOTYPE	017003	04/16/18	00:59:49	0.4892597695390782	0.4892597695390782	11.2	-0.0	3.424818386773547	3.424818386773547	11.21	0.38	0.4892597695390782	0.4892597695390782	11.2	0.0	287.0	290.6	892.92	-89.12	0	1
PROTOTYPE	017004	04/16/18	00:59:50	0.4892597695390782	0.4892597695390782	11.22	-0.0	3.424818386773547	3.424818386773547	11.22	0.32	0.4892597695390782	0.4892597695390782	11.22	0.0	297.0	291.56	981.18	-0.75	0	1
PROTOTYPE	017005	04/16/18	00:59:52	0.4892597695390782	0.4892597695390782	11.23	-0.0	3.424818386773547	3.424818386773547	11.23	0.28	0.4892597695390782	0.4892597695390782	11.23	0.0	288.0	291.02	876.08	104.36	0	1
PROTOTYPE	017006	04/16/18	00:59:53	0.4892597695390782	0.4892597695390782	11.24	-0.0	3.424818386773547	3.424818386773547	11.24	0.23	0.4892597695390782	0.4892597695390782	11.24	0.0	289.0	290.72	771.12	-61.3	0	1
PROTOTYPE	017007	04/16/18	00:59:54	0.4892597695390782	0.4892597695390782	11.26	-0.0	3.424818386773547	3.424818386773547	11.26	0.2	0.4892597695390782	0.4892597695390782	11.26	0.0	288.0	290.31	591.91	-322.1	0	1
PROTOTYPE	017008	04/16/18	00:59:56	0.4892597695390782	0.4892597695390782	11.25	-0.0	3.424818386773547	3.424818386773547	11.25	0.17	0.4892597695390782	0.4892597695390782	11.25	0.0	285.0	289.51	634.54	-438.79	0	1
PROTOTYPE	017009	04/16/18	00:59:57	0.4892597695390782	0.4892597695390782	11.25	-0.0	3.424818386773547	3.424818386773547	11.25	0.14	0.4892597695390782	0.4892597695390782	11.25	0.0	293.0	290.04	684.82	-387.97	0	1
PROTOTYPE	017010	04/16/18	00:59:59	0.4892597695390782	0.4892597695390782	11.26	-0.0	3.424818386773547	3.424818386773547	11.26	0.12	0.4892597695390782	0.4892597695390782	11.26	0.0	283.0	288.98	521.63	-224.77	0	1
PROTOTYPE	017011	04/16/18	01:00:00	0.4892597695390782	0.4892597695390782	11.25	-0.0	3.424818386773547	3.424818386773547	11.25	0.1	0.4892597695390782	0.4892597695390782	11.25	0.0	298.0	290.33	593.45	-26.06	0	1
PROTOTYPE	017012	04/16/18	01:00:01	0.4892597695390782	0.4892597695390782	11.24	-0.0	3.424818386773547	3.424818386773547	11.24	0.09	0.4892597695390782	0.4892597695390782	11.24	0.0	291.0	290.43	507.45	-112.15	0	1
PROTOTYPE	017013	04/16/18	01:00:03	0.4892597695390782	0.4892597695390782	11.24	-0.0	3.424818386773547	3.424818386773547	11.24	0.08	0.4892597695390782	0.4892597695390782	11.24	0.0	297.0	291.42	552.59	39.67	0	1
PROTOTYPE	017014	04/16/18	01:00:04	0.4892597695390782	0.4892597695390782	11.23	-0.0	3.424818386773547	3.424818386773547	11.23	0.06	0.4892597695390782	0.4892597695390782	11.23	0.0	289.0	291.06	558.53	33.72	0	1
PROTOTYPE	017015	04/16/18	01:00:06	0.4892597695390782	0.4892597695390782	11.22	-0.0	3.424818386773547	3.424818386773547	11.22	0.05	0.4892597695390782	0.4892597695390782	11.22	0.0	286.0	290.3	593.58	-1.34	0	1
PROTOTYPE	017016	04/16/18	01:00:07	0.4892597695390782	0.4892597695390782	11.25	-0.0	3.424818386773547	3.424818386773547	11.25	0.05	0.4892597695390782	0.4892597695390782	11.25	0.0	284.0	289.35	608.38	-16.14	0	1
PROTOTYPE	017017	04/16/18	01:00:08	0.4892597695390782	0.4892597695390782	11.26	-0.0	3.424818386773547	3.424818386773547	11.26	0.04	0.4892597695390782	0.4892597695390782	11.26	0.0	289.0	289.3	561.56	-73.71	0	1
PROTOTYPE	017018	04/16/18	01:00:10	0.4892597695390782	0.4892597695390782	11.25	-0.0	3.424818386773547	3.424818386773547	11.25	0.03	0.4892597695390782	0.4892597695390782	11.25	0.0	279.0	287.76	610.5	-122.66	0	1
PROTOTYPE	017019	04/16/18	01:00:11	0.4892597695390782	0.4892597695390782	11.26	-0.0	3.424818386773547	3.424818386773547	11.26	0.03	0.4892597695390782	0.4892597695390782	11.26	0.0	287.0	287.64	486.63	-269.26	0	1
PROTOTYPE	017020	04/16/18	01:00:13	0.4892597695390782	0.4892597695390782	11.26	-0.0	3.424818386773547	3.424818386773547	11.26	0.02	0.4892597695390782	0.4892597695390782	11.26	0.0	287.0	287.55	486.28	-288.87	0	1
PROTOTYPE	017021	04/16/18	01:00:14	0.4892597695390782	0.4892597695390782	11.27	-0.0	3.424818386773547	3.424818386773547	11.27	0.02	0.4892597695390782	0.4892597695390782	11.27	0.0	279.0	286.26	515.98	-515.54	0	1
PROTOTYPE	017022	04/16/18	01:00:15	0.4892597695390782	0.4892597695390782	11.28	-0.0	3.424818386773547	3.424818386773547	11.28	0.02	0.4892597695390782	0.4892597695390782	11.28	0.0	297.0	287.87	640.71	-318.21	0	1
PROTOTYPE	017023	04/16/18	01:00:17	0.4892597695390782	0.4892597695390782	11.27	-0.0	3.424818386773547	3.424818386773547	11.27	0.01	0.4892597695390782	0.4892597695390782	11.27	0.0	288.0	287.89	567.21	-240.48	0	1
PROTOTYPE	017024	04/16/18	01:00:18	0.4892597695390782	0.4892597695390782	11.26	-0.0	3.424818386773547	3.424818386773547	11.26	0.01	0.4892597695390782	0.4892597695390782	11.26	0.0	300.0	289.71	654.34	35.59	0	1
PROTOTYPE	017025	04/16/18	01:00:20	0.4892597695390782	0.4892597695390782	11.29	-0.0	3.424818386773547	3.424818386773547	11.29	0.01	0.4892597695390782	0.4892597695390782	11.29	0.0	298.0	290.95	773.23	165.26	0	1
PROTOTYPE	017026	04/16/18	01:00:21	0.4892597695390782	0.4892597695390782	11.3	-0.0	3.424818386773547	3.424818386773547	11.3	0.01	0.4892597695390782	0.4892597695390782	11.3	0.0	285.0	290.06	708.02	230.47	0	1
PROTOTYPE	017027	04/16/18	01:00:23	0.4892597695390782	0.4892597695390782	11.33	-0.0	3.424818386773547	3.424818386773547	11.33	0.01	0.4892597695390782	0.4892597695390782	11.33	0.0	296.0	290.95	785.72	330.9	0	1
PROTOTYPE	017028	04/16/18	01:00:24	0.4892597695390782	0.4892597695390782	11.33	-0.0	3.424818386773547	3.424818386773547	11.33	0.01	0.4892597695390782	0.4892597695390782	11.33	0.0	291.0	290.96	777.57	341.26	0	1
PROTOTYPE	017029	04/16/18	01:00:25	0.4892597695390782	0.4892597695390782	11.3	-0.0	3.424818386773547	3.424818386773547	11.3	0.01	0.4892597695390782	0.4892597695390782	11.3	0.0	287.0	290.36	708.77	410.07	0	1
PROTOTYPE	017030	04/16/18	01:00:27	0.4892597695390782	0.4892597695390782	11.32	-0.0	3.424818386773547	3.424818386773547	11.32	0.0	0.4892597695390782	0.4892597695390782	11.32	0.0	300.0	291.81	692.26	393.56	0	1
PROTOTYPE	017031	04/16/18	01:00:28	0.4892597695390782	0.4892597695390782	11.33	-0.0	3.424818386773547	3.424818386773547	11.33	0.0	0.4892597695390782	0.4892597695390782	11.33	0.0	286.0	290.94	777.07	304.53	0	1
PROTOTYPE	017032	04/16/18	01:00:30	0.4892597695390782	0.4892597695390782	11.32	-0.0	3.424818386773547	3.424818386773547	11.32	0.0	0.4892597695390782	0.4892597695390782	11.32	0.0	301.0	292.45	746.39	273.85	0	1
PROTOTYPE	017033	04/16/18	01:00:31	0.4892597695390782	0.4892597695390782	11.29	-0.0	3.424818386773547	3.424818386773547	11.29	0.0	0.4892597695390782	0.4892597695390782	11.29	0.0	290.0	292.08	658.76	112.77	0	1
PROTOTYPE	017034	04/16/18	01:00:32	0.4892597695390782	0.4892597695390782	11.28	-0.0	3.424818386773547	3.424818386773547	11.28	0.0	0.4892597695390782	0.4892597695390782	11.28	0.0	283.0	290.72	705.67	65.86	0	1
PROTOTYPE	017035	04/16/18	01:00:34	0.4892597695390782	0.4892597695390782	11.27	-0.0	3.424818386773547	3.424818386773547	11.27	0.0	0.4892597695390782	0.4892597695390782	11.27	0.0	296.0	291.51	695.79	55.98	0	1
PROTOTYPE	017036	04/16/18	01:00:35	0.4892597695390782	0.4892597695390782	11.27	-0.0	3.424818386773547	3.424818386773547	11.27	0.0	0.4892597695390782	0.4892597695390782	11.27	0.0	297.0	292.33	776.56	137.58	0	1
PROTOTYPE	017037	04/16/18	01:00:37	0.4892597695390782	0.4892597695390782	11.28	-0.0	3.424818386773547	3.424818386773547	11.28	0.0	0.4892597695390782	0.4892597695390782	11.28	0.0	287.0	291.53	797.2	116.94	0	1
PROTOTYPE	017038	04/16/18	01:00:38	0.4892597695390782	0.4892597695390782	11.26	-0.0	3.424818386773547	3.424818386773547	11.26	0.0	0.4892597695390782	0.4892597695390782	11.26	0.0	288.0	291.0	705.68	-80.6	0	1
PROTOTYPE	017039	04/16/18	01:00:39	0.4892597695390782	0.4892597695390782	11.24	-0.0	3.424818386773547	3.424818386773547	11.24	0.0	0.4892597695390782	0.4892597695390782	11.24	0.0	284.0	289.95	723.59	-98.51	0	1
PROTOTYPE	017040	04/16/18	01:00:41	0.4892597695390782	0.4892597695390782	11.23	-0.0	3.424818386773547	3.424818386773547	11.23	0.0	0.4892597695390782	0.4892597695390782	11.23	0.0	297.0	291.01	678.37	-143.73	0	1
PROTOTYPE	017041	04/16/18	01:00:42	0.4892597695390782	0.4892597695390782	11.22	-0.0	3.424818386773547	3.424818386773547	11.22	0.0	0.4892597695390782	0.4892597695390782	11.22	0.0	288.0	290.56	686.81	-152.17	0	1
PROTOTYPE	017042	04/16/18	01:00:44	0.4892597695390782	0.4892597695390782	11.22	-0.0	3.424818386773547	3.424818386773547	11.22	0.0	0.4892597695390782	0.4892597695390782	11.22	0.0	288.0	290.17	589.0	-54.35	0	1
PROTOTYPE	017043	04/16/18	01:00:45	0.4892597695390782	0.4892597695390782	11.2	-0.0	3.424818386773547	3.424818386773547	11.2	0.0	0.4892597695390782	0.4892597695390782	11.2	0.0	288.0	289.85	542.42	-166.19	0	1
PROTOTYPE	017044	04/16/18	01:00:46	0.4892597695390782	0.4892597695390782	11.2	-0.0	3.424818386773547	3.424818386773547	11.2	0.0	0.4892597695390782	0.4892597695390782	11.2	0.0	295.0	290.62	537.35	-171.27	0	1
PROTOTYPE	017045	04/16/18	01:00:48	0.4892597695390782	0.4892597695390782	11.2	-0.0	3.424818386773547	3.424818386773547	11.2	0.0	0.4892597695390782	0.4892597695390782	11.2	0.0	292.0	290.83	478.05	-70.58	0	1
PROTOTYPE	017046	04/16/18	01:00:49	0.4892597695390782	0.4892597695390782	11.2	-0.0	3.424818386773547	3.424818386773547	11.2	0.0	0.4892597695390782	0.4892597695390782	11.2	0.0	299.0	292.05	547.61	105.01	0	1
PROTOTYPE	017047	04/16/18	01:00:51	0.4892597695390782	0.4892597695390782	11.21	-0.0	3.424818386773547	3.424818386773547	11.21	0.0	0.4892597695390782	0.4892597695390782	11.21	0.0	303.0	293.7	606.74	374.26	0	1
PROTOTYPE	017048	04/16/18	01:00:52	0.4892597695390782	0.4892597695390782	11.22	-0.0	3.424818386773547	3.424818386773547	11.22	0.0	0.4892597695390782	0.4892597695390782	11.22	0.0	301.0	294.79	610.6	378.12	0	1
PROTOTYPE	017049	04/16/18	01:00:53	0.4892597695390782	0.4892597695390782	11.21	-0.0	3.424818386773547	3.424818386773547	11.21	0.0	0.4892597695390782	0.4892597695390782	11.21	0.0	299.0	295.42	628.57	486.4	0	1
PROTOTYPE	017050	04/16/18	01:00:55	0.4892597695390782	0.4892597695390782	11.22	-0.0	3.424818386773547	3.424818386773547	11.22	0.0	0.4892597695390782	0.4892597695390782	11.22	0.0	291.0	294.76	656.52	458.44	0	1
PROTOTYPE	017051	04/16/18	01:00:56	0.4892597695390782	0.4892597695390782	11.22	-0.0	3.424818386773547	3.424818386773547	11.22	0.0	0.4892597695390782	0.4892597695390782	11.22	0.0	283.0	293.0	800.26	314.68	0	1
PROTOTYPE	017052	04/16/18	01:00:58	0.4892597695390782	0.4892597695390782	11.22	-0.0	3.424818386773547	3.424818386773547	11.22	0.0	0.4892597695390782	0.4892597695390782	11.22	0.0	290.0	292.55	767.93	192.47	0	1
PROTOTYPE	017053	04/16/18	01:00:59	0.4892597695390782	0.4892597695390782	11.22	-0.0	3.424818386773547	3.424818386773547	11.22	0.0	0.4892597695390782	0.4892597695390782	11.22	0.0	288.0	291.86	815.41	103.6	0	1
PROTOTYPE	017054	04/16/18	01:01:00	0.4892597695390782	0.4892597695390782	11.22	-0.0	3.424818386773547	3.424818386773547	11.22	0.0	0.4892597695390782	0.4892597695390782	11.22	0.0	291.0	291.73	705.86	-31.94	0	1
PROTOTYPE	017055	04/16/18	01:01:02	0.4892597695390782	0.4892597695390782	11.23	-0.0	3.424818386773547	3.424818386773547	11.23	0.0	0.4892597695390782	0.4892597695390782	11.23	0.0	291.0	291.62	552.77	-207.15	0	1
PROTOTYPE	017056	04/16/18	01:01:03	0.4892597695390782	0.4892597695390782	11.24	-0.0	3.424818386773547	3.424818386773547	11.24	0.0	0.4892597695390782	0.4892597695390782	11.24	0.0	293.0	291.83	463.88	-296.07	0	1
PROTOTYPE	017057	04/16/18	01:01:05	0.4892597695390782	0.4892597695390782	11.26	-0.0	3.424818386773547	3.424818386773547	11.26	0.0	0.4892597695390782	0.4892597695390782	11.26	0.0	287.0	291.11	473.22	-431.66	0	1
PROTOTYPE	017058	04/16/18	01:01:06	0.4892597695390782	0.4892597695390782	11.27	-0.0	3.424818386773547	3.424818386773547	11.27	0.0	0.4892597695390782	0.4892597695390782	11.27	0.0	297.0	291.99	495.28	-276.91	0	1
PROTOTYPE	017059	04/16/18	01:01:08	0.4892597695390782	0.4892597695390782	11.28	-0.0	3.424818386773547	3.424818386773547	11.28	0.0	0.4892597695390782	0.4892597695390782	11.28	0.0	289.0	291.54	363.76	-145.38	0	1
PROTOTYPE	017060	04/16/18	01:01:09	0.4892597695390782	0.4892597695390782	11.3	-0.0	3.424818386773547	3.424818386773547	11.3	0.0	0.4892597695390782	0.4892597695390782	11.3	0.0	292.0	291.61	325.83	-93.57	0	1
PROTOTYPE	017061	04/16/18	01:01:10	0.4892597695390782	0.4892597695390782	11.29	0.0	3.424818386773547	3.424818386773547	11.29	0.0	0.4892597695390782	0.4892597695390782	11.29	0.0	295.0	292.12	308.48	25.47	0	1
PROTOTYPE	017062	04/16/18	01:01:12	0.4892597695390782	0.4892597695390782	11.3	0.0	3.424818386773547	3.424818386773547	11.3	0.0	0.4892597695390782	0.4892597695390782	11.3	0.0	278.0	290.0	507.23	-173.35	0	1
PROTOTYPE	017063	04/16/18	01:01:13	0.4892597695390782	0.4892597695390782	11.3	0.0	3.424818386773547	3.424818386773547	11.3	0.0	0.4892597695390782	0.4892597695390782	11.3	0.0	281.0	288.65	631.15	-297.35	0	1
PROTOTYPE	017064	04/16/18	01:01:15	0.4892597695390782	0.4892597695390782	11.3	0.0	3.424818386773547	3.424818386773547	11.3	0.0	0.4892597695390782	0.4892597695390782	11.3	0.0	289.0	288.7	615.89	-312.75	0	1
PROTOTYPE	017065	04/16/18	01:01:16	0.4892597695390782	0.4892597695390782	11.28	0.0	3.424818386773547	3.424818386773547	11.28	0.0	0.4892597695390782	0.4892597695390782	11.28	0.0	291.0	289.05	577.89	-205.84	0	1
PROTOTYPE	017066	04/16/18	01:01:17	0.4892597695390782	0.4892597695390782	11.26	0.0	3.424818386773547	3.424818386773547	11.26	0.0	0.4892597695390782	0.4892597695390782	11.26	0.0	287.0	288.74	520.22	-324.96	0	1
PROTOTYPE	017067	04/16/18	01:01:19	0.4892597695390782	0.4892597695390782	11.27	0.0	3.424818386773547	3.424818386773547	11.27	0.0	0.4892597695390782	0.4892597695390782	11.27	0.0	299.0	290.28	629.24	-126.22	0	1
PROTOTYPE	017068	04/16/18	01:01:20	0.4892597695390782	0.4892597695390782	11.24	0.0	3.424818386773547	3.424818386773547	11.24	0.0	0.4892597695390782	0.4892597695390782	11.24	0.0	296.0	291.14	708.04	-47.28	0	1
PROTOTYPE	017069	04/16/18	01:01:22	0.4892597695390782	0.4892597695390782	11.23	0.0	3.424818386773547	3.424818386773547	11.23	0.0	0.4892597695390782	0.4892597695390782	11.23	0.0	285.0	290.22	749.25	-190.19	0	1
PROTOTYPE	017070	04/16/18	01:01:23	0.4892597695390782	0.4892597695390782	11.22	0.0	3.424818386773547	3.424818386773547	11.22	0.0	0.4892597695390782	0.4892597695390782	11.22	0.0	287.0	289.73	585.74	-26.66	0	1
PROTOTYPE	017071	04/16/18	01:01:24	0.4892597695390782	0.4892597695390782	11.22	0.0	3.424818386773547	3.424818386773547	11.22	0.0	0.4892597695390782	0.4892597695390782	11.22	0.0	287.0	289.32	491.76	67.34	0	1
PROTOTYPE	017072	04/16/18	01:01:26	0.4892597695390782	0.4892597695390782	11.2	0.0	3.424818386773547	3.424818386773547	11.2	0.0	0.4892597695390782	0.4892597695390782	11.2	0.0	295.0	290.18	571.48	147.24	0	1
PROTOTYPE	017073	04/16/18	01:01:27	0.4892597695390782	0.4892597695390782	11.22	0.0	3.424818386773547	3.424818386773547	11.22	0.0	0.4892597695390782	0.4892597695390782	11.22	0.0	289.0	290.0	554.69	95.15	0	1
PROTOTYPE	017074	04/16/18	01:01:29	0.4892597695390782	0.4892597695390782	11.22	0.0	3.424818386773547	3.424818386773547	11.22	0.0	0.4892597695390782	0.4892597695390782	11.22	0.0	298.0	291.2	643.96	245.88	0	1
PROTOTYPE	017075	04/16/18	01:01:30	0.4892597695390782	0.4892597695390782	11.19	0.0	3.424818386773547	3.424818386773547	11.19	0.0	0.4892597695390782	0.4892597695390782	11.19	0.0	287.0	290.57	553.07	29.0	0	1
PROTOTYPE	017076	04/16/18	01:01:31	0.4892597695390782	0.4892597695390782	11.22	0.0	3.424818386773547	3.424818386773547	11.22	0.0	0.4892597695390782	0.4892597695390782	11.22	0.0	295.0	291.23	533.73	9.65	0	1
PROTOTYPE	017077	04/16/18	01:01:33	0.4892597695390782	0.4892597695390782	11.27	0.0	3.424818386773547	3.424818386773547	11.27	0.0	0.4892597695390782	0.4892597695390782	11.27	0.0	285.0	290.3	535.17	8.2	0	1
PROTOTYPE	017078	04/16/18	01:01:34	0.4892597695390782	0.4892597695390782	11.28	0.0	3.424818386773547	3.424818386773547	11.28	0.0	0.4892597695390782	0.4892597695390782	11.28	0.0	290.0	290.25	491.6	51.97	0	1
PROTOTYPE	017079	04/16/18	01:01:36	0.4892597695390782	0.4892597695390782	11.28	0.0	3.424818386773547	3.424818386773547	11.28	0.0	0.4892597695390782	0.4892597695390782	11.28	0.0	297.0	291.27	551.76	194.17	0	1
PROTOTYPE	017080	04/16/18	01:01:37	0.4892597695390782	0.4892597695390782	11.29	0.0	3.424818386773547	3.424818386773547	11.29	0.0	0.4892597695390782	0.4892597695390782	11.29	0.0	288.0	290.78	515.62	60.05	0	1
PROTOTYPE	017081	04/16/18	01:01:39	0.4892597695390782	0.4892597695390782	11.29	0.0	3.424818386773547	3.424818386773547	11.29	0.0	0.4892597695390782	0.4892597695390782	11.29	0.0	286.0	290.06	569.58	6.04	0	1
PROTOTYPE	017082	04/16/18	01:01:40	0.4892597695390782	0.4892597695390782	11.31	0.0	3.424818386773547	3.424818386773547	11.31	0.0	0.4892597695390782	0.4892597695390782	11.31	0.0	291.0	290.2	463.74	-99.87	0	1
PROTOTYPE	017083	04/16/18	01:01:41	0.4892597695390782	0.4892597695390782	11.32	0.0	3.424818386773547	3.424818386773547	11.32	0.0	0.4892597695390782	0.4892597695390782	11.32	0.0	300.0	291.67	547.73	110.11	0	1
PROTOTYPE	017084	04/16/18	01:01:43	0.4892597695390782	0.4892597695390782	11.29	0.0	3.424818386773547	3.424818386773547	11.29	0.0	0.4892597695390782	0.4892597695390782	11.29	0.0	291.0	291.57	491.41	33.6	0	1
PROTOTYPE	017085	04/16/18	01:01:44	0.4892597695390782	0.4892597695390782	11.27	0.0	3.424818386773547	3.424818386773547	11.27	0.0	0.4892597695390782	0.4892597695390782	11.27	0.0	295.0	292.08	449.36	178.56	0	1
PROTOTYPE	017086	04/16/18	01:01:46	0.4892597695390782	0.4892597695390782	11.26	0.0	3.424818386773547	3.424818386773547	11.26	0.0	0.4892597695390782	0.4892597695390782	11.26	0.0	291.0	291.92	460.99	166.77	0	1
PROTOTYPE	017087	04/16/18	01:01:47	0.4892597695390782	0.4892597695390782	11.26	0.0	3.424818386773547	3.424818386773547	11.26	0.0	0.4892597695390782	0.4892597695390782	11.26	0.0	284.0	290.73	478.63	-53.24	0	1
PROTOTYPE	017088	04/16/18	01:01:48	0.4892597695390782	0.4892597695390782	11.26	0.0	3.424818386773547	3.424818386773547	11.26	0.0	0.4892597695390782	0.4892597695390782	11.26	0.0	293.0	291.07	463.64	29.74	0	1
PROTOTYPE	017089	04/16/18	01:01:50	0.4892597695390782	0.4892597695390782	11.24	0.0	3.424818386773547	3.424818386773547	11.24	0.0	0.4892597695390782	0.4892597695390782	11.24	0.0	288.0	290.61	438.11	55.28	0	1
PROTOTYPE	017090	04/16/18	01:01:51	0.4892597695390782	0.4892597695390782	11.23	0.0	3.424818386773547	3.424818386773547	11.23	0.0	0.4892597695390782	0.4892597695390782	11.23	0.0	292.0	290.82	444.79	61.99	0	1
PROTOTYPE	017091	04/16/18	01:01:53	0.4892597695390782	0.4892597695390782	11.23	0.0	3.424818386773547	3.424818386773547	11.23	0.0	0.4892597695390782	0.4892597695390782	11.23	0.0	289.0	290.55	325.14	-112.31	0	1
PROTOTYPE	017092	04/16/18	01:01:54	0.4892597695390782	0.4892597695390782	11.26	0.0	3.424818386773547	3.424818386773547	11.26	0.0	0.4892597695390782	0.4892597695390782	11.26	0.0	282.0	289.27	443.21	-230.46	0	1
PROTOTYPE	017093	04/16/18	01:01:55	0.4892597695390782	0.4892597695390782	11.25	0.0	3.424818386773547	3.424818386773547	11.25	0.0	0.4892597695390782	0.4892597695390782	11.25	0.0	287.0	288.93	425.75	-315.89	0	1
PROTOTYPE	017094	04/16/18	01:01:57	0.4892597695390782	0.4892597695390782	11.25	0.0	3.424818386773547	3.424818386773547	11.25	0.0	0.4892597695390782	0.4892597695390782	11.25	0.0	296.0	289.99	515.55	-193.51	0	1
PROTOTYPE	017095	04/16/18	01:01:58	0.4892597695390782	0.4892597695390782	11.26	0.0	3.424818386773547	3.424818386773547	11.26	0.0	0.4892597695390782	0.4892597695390782	11.26	0.0	302.0	291.79	576.92	105.52	0	1
PROTOTYPE	017096	04/16/18	01:02:00	0.4892597695390782	0.4892597695390782	11.28	0.0	3.424818386773547	3.424818386773547	11.28	0.0	0.4892597695390782	0.4892597695390782	11.28	0.0	286.0	290.92	629.73	-15.31	0	1
PROTOTYPE	017097	04/16/18	01:02:01	0.4892597695390782	0.4892597695390782	11.31	0.0	3.424818386773547	3.424818386773547	11.31	0.0	0.4892597695390782	0.4892597695390782	11.31	0.0	297.0	291.83	674.81	121.99	0	1
PROTOTYPE	017098	04/16/18	01:02:02	0.4892597695390782	0.4892597695390782	11.3	0.0	3.424818386773547	3.424818386773547	11.3	0.0	0.4892597695390782	0.4892597695390782	11.3	0.0	290.0	291.56	681.47	73.69	0	1
PROTOTYPE	017099	04/16/18	01:02:04	0.4892597695390782	0.4892597695390782	11.31	0.0	3.424818386773547	3.424818386773547	11.31	0.0	0.4892597695390782	0.4892597695390782	11.31	0.0	284.0	290.42	767.5	-12.36	0	1
PROTOTYPE	017100	04/16/18	01:02:05	0.4892597695390782	0.4892597695390782	11.29	0.0	3.424818386773547	3.424818386773547	11.29	0.0	0.4892597695390782	0.4892597695390782	11.29	0.0	297.0	291.41	737.93	214.49	0	1
PROTOTYPE	017101	04/16/18	01:02:07	0.4892597695390782	0.4892597695390782	11.31	0.0	3.424818386773547	3.424818386773547	11.31	0.0	0.4892597695390782	0.4892597695390782	11.31	0.0	294.0	291.8	742.79	287.32	0	1
PROTOTYPE	017102	04/16/18	01:02:08	0.4892597695390782	0.4892597695390782	11.33	0.0	3.424818386773547	3.424818386773547	11.33	0.0	0.4892597695390782	0.4892597695390782	11.33	0.0	283.0	290.48	768.66	49.22	0	1
PROTOTYPE	017103	04/16/18	01:02:10	0.4892597695390782	0.4892597695390782	11.31	0.0	3.424818386773547	3.424818386773547	11.31	0.0	0.4892597695390782	0.4892597695390782	11.31	0.0	285.0	289.66	670.65	-213.16	0	1
PROTOTYPE	017104	04/16/18	01:02:11	0.4892597695390782	0.4892597695390782	11.29	0.0	3.424818386773547	3.424818386773547	11.29	0.0	0.4892597695390782	0.4892597695390782	11.29	0.0	291.0	289.86	604.0	-106.19	0	1
PROTOTYPE	017105	04/16/18	01:02:12	0.4892597695390782	0.4892597695390782	11.29	0.0	3.424818386773547	3.424818386773547	11.29	0.0	0.4892597695390782	0.4892597695390782	11.29	0.0	294.0	290.48	574.93	-135.26	0	1
PROTOTYPE	017106	04/16/18	01:02:14	0.4892597695390782	0.4892597695390782	11.29	0.0	3.424818386773547	3.424818386773547	11.29	0.0	0.4892597695390782	0.4892597695390782	11.29	0.0	283.0	289.36	659.62	-219.97	0	1
PROTOTYPE	017107	04/16/18	01:02:15	0.4892597695390782	0.4892597695390782	11.29	0.0	3.424818386773547	3.424818386773547	11.29	0.0	0.4892597695390782	0.4892597695390782	11.29	0.0	294.0	290.05	615.89	-36.98	0	1
PROTOTYPE	017108	04/16/18	01:02:17	0.4892597695390782	0.4892597695390782	11.28	0.0	3.424818386773547	3.424818386773547	11.28	0.0	0.4892597695390782	0.4892597695390782	11.28	0.0	290.0	290.05	518.85	-136.43	0	1
PROTOTYPE	017109	04/16/18	01:02:18	0.4892597695390782	0.4892597695390782	11.25	0.0	3.424818386773547	3.424818386773547	11.25	0.0	0.4892597695390782	0.4892597695390782	11.25	0.0	286.0	289.44	540.68	-235.97	0	1
PROTOTYPE	017110	04/16/18	01:02:19	0.4892597695390782	0.4892597695390782	11.22	0.0	3.424818386773547	3.424818386773547	11.22	0.0	0.4892597695390782	0.4892597695390782	11.22	0.0	293.0	289.97	462.13	-50.57	0	1
PROTOTYPE	017111	04/16/18	01:02:21	0.4892597695390782	0.4892597695390782	11.21	0.0	3.424818386773547	3.424818386773547	11.21	0.0	0.4892597695390782	0.4892597695390782	11.21	0.0	288.0	289.68	409.56	2.02	0	1
PROTOTYPE	017112	04/16/18	01:02:22	0.4892597695390782	0.4892597695390782	11.2	0.0	3.424818386773547	3.424818386773547	11.2	0.0	0.4892597695390782	0.4892597695390782	11.2	0.0	280.0	288.23	534.54	-163.29	0	1
PROTOTYPE	017113	04/16/18	01:02:24	0.4892597695390782	0.4892597695390782	11.17	0.0	3.424818386773547	3.424818386773547	11.17	0.0	0.4892597695390782	0.4892597695390782	11.17	0.0	300.0	289.99	649.02	-48.79	0	1
PROTOTYPE	017114	04/16/18	01:02:25	0.4892597695390782	0.4892597695390782	11.17	0.0	3.424818386773547	3.424818386773547	11.17	0.0	0.4892597695390782	0.4892597695390782	11.17	0.0	298.0	291.19	656.94	183.53	0	1
PROTOTYPE	017115	04/16/18	01:02:26	0.4892597695390782	0.4892597695390782	11.16	0.0	3.424818386773547	3.424818386773547	11.16	0.0	0.4892597695390782	0.4892597695390782	11.16	0.0	292.0	291.31	599.48	126.0	0	1
PROTOTYPE	017116	04/16/18	01:02:28	0.4892597695390782	0.4892597695390782	11.17	0.0	3.424818386773547	3.424818386773547	11.17	0.0	0.4892597695390782	0.4892597695390782	11.17	0.0	294.0	291.72	638.18	167.1	0	1
PROTOTYPE	017117	04/16/18	01:02:29	0.4892597695390782	0.4892597695390782	11.17	0.0	3.424818386773547	3.424818386773547	11.17	0.0	0.4892597695390782	0.4892597695390782	11.17	0.0	295.0	292.21	626.74	277.03	0	1
PROTOTYPE	017118	04/16/18	01:02:31	0.4892597695390782	0.4892597695390782	11.17	0.0	3.424818386773547	3.424818386773547	11.17	0.0	0.4892597695390782	0.4892597695390782	11.17	0.0	298.0	293.08	660.18	310.48	0	1
PROTOTYPE	017119	04/16/18	01:02:32	0.4892597695390782	0.4892597695390782	11.17	0.0	3.424818386773547	3.424818386773547	11.17	0.0	0.4892597695390782	0.4892597695390782	11.17	0.0	298.0	293.82	704.39	413.91	0	1
PROTOTYPE	017120	04/16/18	01:02:33	0.4892597695390782	0.4892597695390782	11.18	0.0	3.424818386773547	3.424818386773547	11.18	0.0	0.4892597695390782	0.4892597695390782	11.18	0.0	298.0	294.44	622.0	621.82	0	1
PROTOTYPE	017121	04/16/18	01:02:35	0.4892597695390782	0.4892597695390782	11.21	0.0	3.424818386773547	3.424818386773547	11.21	0.0	0.4892597695390782	0.4892597695390782	11.21	0.0	288.0	293.48	542.05	348.55	0	1
PROTOTYPE	017122	04/16/18	01:02:36	0.4892597695390782	0.4892597695390782	11.22	0.0	3.522670340681363	3.4394961798597192	24.87	15.0	0.4892597695390782	0.4892597695390782	11.22	0.0	291.0	293.11	459.1	191.26	0	1
PROTOTYPE	017123	04/16/18	01:02:38	0.4892597695390782	0.4892597695390782	11.22	0.0	3.424818386773547	3.4375391407815634	26.12	12.75	0.4892597695390782	0.4892597695390782	11.22	0.0	287.0	292.19	538.51	87.58	0	1
PROTOTYPE	017124	04/16/18	01:02:39	0.4892597695390782	0.4892597695390782	11.23	0.0	3.424818386773547	3.4355821017034067	27.1	10.84	0.4892597695390782	0.4892597695390782	11.23	0.0	282.0	290.66	651.05	-105.56	0	1
PROTOTYPE	017125	04/16/18	01:02:40	0.4892597695390782	0.4892597695390782	11.25	0.0	3.424818386773547	3.433625062625251	27.86	9.21	0.4892597695390782	0.4892597695390782	11.25	0.0	282.0	289.36	731.72	-284.73	0	1
PROTOTYPE	017126	04/16/18	01:02:42	0.4892597695390782	0.4892597695390782	11.28	0.0	3.424818386773547	3.432646543086172	28.45	7.83	0.4892597695390782	0.4892597695390782	11.28	0.0	288.0	289.16	665.33	-392.02	0	1
PROTOTYPE	017127	04/16/18	01:02:43	0.4892597695390782	0.4892597695390782	11.32	0.0	3.424818386773547	3.431668023547094	28.91	6.66	0.4892597695390782	0.4892597695390782	11.32	0.0	279.0	287.63	743.86	-618.22	0	1
PROTOTYPE	017128	04/16/18	01:02:45	0.4892597695390782	0.4892597695390782	11.32	0.0	3.424818386773547	3.4306895040080163	29.23	5.66	0.4892597695390782	0.4892597695390782	11.32	0.0	297.0	289.04	821.58	-540.48	0	1
PROTOTYPE	017129	04/16/18	01:02:46	0.4892597695390782	0.4892597695390782	11.33	0.0	3.424818386773547	3.4297109844689375	29.47	4.81	0.4892597695390782	0.4892597695390782	11.33	0.0	294.0	289.78	799.34	-369.41	0	1
PROTOTYPE	017130	04/16/18	01:02:48	0.4892597695390782	0.4892597695390782	11.34	0.0	3.424818386773547	3.4287324649298596	16.0	-10.91	0.4892597695390782	0.4892597695390782	11.34	0.0	291.0	289.97	780.46	-314.0	0	1
PROTOTYPE	017131	04/16/18	01:02:49	0.4892597695390782	0.4892597695390782	11.34	0.0	3.424818386773547	3.4277539453907817	14.88	-9.28	0.4892597695390782	0.4892597695390782	11.34	0.0	290.0	289.97	690.36	-221.9	0	1
PROTOTYPE	017132	04/16/18	01:02:50	0.4892597695390782	0.4892597695390782	11.32	0.0	3.424818386773547	3.4277539453907817	13.98	-7.88	0.4892597695390782	0.4892597695390782	11.32	0.0	284.0	289.08	627.08	-158.61	0	1
PROTOTYPE	017133	04/16/18	01:02:52	0.4892597695390782	0.4892597695390782	11.3	0.0	3.424818386773547	3.4277539453907817	13.29	-6.7	0.4892597695390782	0.4892597695390782	11.3	0.0	287.0	288.76	528.31	-59.82	0	1
PROTOTYPE	017134	04/16/18	01:02:53	0.4892597695390782	0.4892597695390782	11.29	0.0	3.522670340681363	3.441453218937876	26.0	9.3	0.4892597695390782	0.4892597695390782	11.29	0.0	299.0	290.3	661.38	114.15	0	1
PROTOTYPE	017135	04/16/18	01:02:55	0.4892597695390782	0.4892597695390782	11.28	0.0	3.424818386773547	3.4394961798597192	27.09	7.91	0.4892597695390782	0.4892597695390782	11.28	0.0	289.0	290.1	528.55	247.03	0	1
PROTOTYPE	017136	04/16/18	01:02:56	0.4892597695390782	0.4892597695390782	11.3	0.0	3.424818386773547	3.4365606212424846	27.98	6.72	0.4892597695390782	0.4892597695390782	11.3	0.0	290.0	290.09	390.17	104.97	0	1
PROTOTYPE	017137	04/16/18	01:02:57	0.4892597695390782	0.4892597695390782	11.29	0.0	3.424818386773547	3.4355821017034067	28.65	5.71	0.4892597695390782	0.4892597695390782	11.29	0.0	286.0	289.48	377.09	-30.77	0	1
PROTOTYPE	017138	04/16/18	01:02:59	0.4892597695390782	0.4892597695390782	11.28	0.0	3.424818386773547	3.433625062625251	29.17	4.86	0.4892597695390782	0.4892597695390782	11.28	0.0	306.0	291.95	606.65	198.84	0	1
PROTOTYPE	017139	04/16/18	01:03:00	0.4892597695390782	0.4892597695390782	11.29	0.0	3.424818386773547	3.432646543086172	29.59	4.13	0.4892597695390782	0.4892597695390782	11.29	0.0	286.0	291.06	694.48	109.02	0	1
PROTOTYPE	017140	04/16/18	01:03:02	0.4892597695390782	0.4892597695390782	11.29	0.0	3.424818386773547	3.4306895040080163	29.9	3.51	0.4892597695390782	0.4892597695390782	11.29	0.0	293.0	291.35	634.03	227.66	0	1
PROTOTYPE	017141	04/16/18	01:03:03	0.4892597695390782	0.4892597695390782	11.31	0.0	3.424818386773547	3.4297109844689375	30.16	2.98	0.4892597695390782	0.4892597695390782	11.31	0.0	292.0	291.45	612.69	268.52	0	1
PROTOTYPE	017142	04/16/18	01:03:04	0.4892597695390782	0.4892597695390782	11.31	0.0	3.424818386773547	3.4297109844689375	17.1	-12.46	0.4892597695390782	0.4892597695390782	11.31	0.0	294.0	291.83	497.43	153.24	0	1
PROTOTYPE	017143	04/16/18	01:03:06	0.4892597695390782	0.4892597695390782	11.29	0.0	3.522670340681363	3.4434102580160317	28.53	4.4	0.4892597695390782	0.4892597695390782	11.29	0.0	294.0	292.16	510.45	205.25	0	1
PROTOTYPE	017144	04/16/18	01:03:07	0.4892597695390782	0.4892597695390782	11.28	0.0	3.424818386773547	3.440474699398797	29.1	3.74	0.4892597695390782	0.4892597695390782	11.28	0.0	282.0	290.63	660.69	54.46	0	1
PROTOTYPE	017145	04/16/18	01:03:09	0.4892597695390782	0.4892597695390782	11.28	0.0	3.424818386773547	3.4385176603206413	29.57	3.18	0.4892597695390782	0.4892597695390782	11.28	0.0	287.0	290.09	653.86	61.29	0	1
PROTOTYPE	017146	04/16/18	01:03:10	0.4892597695390782	0.4892597695390782	11.27	0.0	3.522670340681363	3.4512384143286576	40.47	17.71	0.4892597695390782	0.4892597695390782	11.27	0.0	289.0	289.93	422.38	-202.9	0	1
PROTOTYPE	017147	04/16/18	01:03:11	0.4892597695390782	0.4892597695390782	11.28	0.0	3.424818386773547	3.4473243361723447	42.76	15.05	0.4892597695390782	0.4892597695390782	11.28	0.0	287.0	289.49	376.95	-157.46	0	1
PROTOTYPE	017148	04/16/18	01:03:13	0.4892597695390782	0.4892597695390782	11.3	0.0	3.424818386773547	3.4434102580160317	44.64	12.79	0.4892597695390782	0.4892597695390782	11.3	0.0	289.0	289.41	355.27	-193.84	0	1
PROTOTYPE	017149	04/16/18	01:03:14	0.4892597695390782	0.4892597695390782	11.28	0.0	3.522670340681363	3.45515249248497	55.12	25.87	0.4892597695390782	0.4892597695390782	11.28	0.0	287.0	289.05	381.67	-239.77	0	1
PROTOTYPE	017150	04/16/18	01:03:16	0.4892597695390782	0.4892597695390782	11.28	0.0	3.424818386773547	3.4512384143286576	58.4	21.99	0.4892597695390782	0.4892597695390782	11.28	0.0	294.0	289.79	417.62	-203.8	0	1
PROTOTYPE	017151	04/16/18	01:03:17	0.4892597695390782	0.4892597695390782	11.28	0.0	3.424818386773547	3.4473243361723447	48.26	3.69	0.4892597695390782	0.4892597695390782	11.28	0.0	291.0	289.97	403.22	-218.23	0	1
PROTOTYPE	017152	04/16/18	01:03:19	0.4892597695390782	0.4892597695390782	11.27	0.0	3.522670340681363	3.4580880511022047	56.77	18.14	0.4892597695390782	0.4892597695390782	11.27	0.0	272.0	287.28	520.48	-335.5	0	1
PROTOTYPE	017153	04/16/18	01:03:20	0.4892597695390782	0.4892597695390782	11.26	0.0	3.424818386773547	3.4531954534068134	59.3	15.42	0.4892597695390782	0.4892597695390782	11.26	0.0	282.0	286.49	545.15	-360.17	0	1
PROTOTYPE	017154	04/16/18	01:03:21	0.4892597695390782	0.4892597695390782	11.28	0.0	3.424818386773547	3.449281375250501	50.87	-1.89	0.4892597695390782	0.4892597695390782	11.28	0.0	290.0	287.01	581.48	-291.15	0	1
PROTOTYPE	017155	04/16/18	01:03:23	0.4892597695390782	0.4892597695390782	11.27	0.0	3.424818386773547	3.4453672970941884	50.6	-1.61	0.4892597695390782	0.4892597695390782	11.27	0.0	281.0	286.11	627.8	-337.47	0	1
PROTOTYPE	017156	04/16/18	01:03:24	0.4892597695390782	0.4892597695390782	11.26	0.0	3.424818386773547	3.442431738476954	50.38	-1.37	0.4892597695390782	0.4892597695390782	11.26	0.0	295.0	287.44	753.7	-196.85	0	1
PROTOTYPE	017157	04/16/18	01:03:26	0.4892597695390782	0.4892597695390782	11.28	0.0	3.424818386773547	3.4394961798597192	41.22	-16.16	0.4892597695390782	0.4892597695390782	11.28	0.0	292.0	288.13	785.81	-92.33	0	1
PROTOTYPE	017158	04/16/18	01:03:27	0.4892597695390782	0.4892597695390782	11.27	0.0	3.522670340681363	3.4522169338677355	49.1	1.26	0.4892597695390782	0.4892597695390782	11.27	0.0	296.0	289.31	829.66	-48.48	0	1
PROTOTYPE	017159	04/16/18	01:03:28	0.4892597695390782	0.4892597695390782	11.29	0.0	3.522670340681363	3.462980648797595	55.77	16.07	0.4892597695390782	0.4892597695390782	11.29	0.0	302.0	291.21	1001.88	123.79	0	1
PROTOTYPE	017160	04/16/18	01:03:30	0.4892597695390782	0.4892597695390782	11.3	0.0	3.522670340681363	3.4717873246492985	53.38	13.66	0.4892597695390782	0.4892597695390782	11.3	0.0	286.0	290.43	810.46	315.23	0	1
PROTOTYPE	017161	04/16/18	01:03:31	0.4892597695390782	0.4892597695390782	11.29	0.0	3.424818386773547	3.464937687875751	55.38	11.61	0.4892597695390782	0.4892597695390782	11.29	0.0	297.0	291.42	829.82	492.94	0	1
PROTOTYPE	017162	04/16/18	01:03:33	0.4892597695390782	0.4892597695390782	11.27	0.0	3.522670340681363	3.4737443637274548	59.78	24.87	0.4892597695390782	0.4892597695390782	11.27	0.0	285.0	290.45	873.35	344.0	0	1
PROTOTYPE	017163	04/16/18	01:03:34	0.4892597695390782	0.4892597695390782	11.27	0.0	3.522670340681363	3.4805940005010023	63.5	36.14	0.4892597695390782	0.4892597695390782	11.27	0.0	300.0	291.89	926.34	577.4	0	1
PROTOTYPE	017164	04/16/18	01:03:35	0.4892597695390782	0.4892597695390782	11.28	0.0	3.522670340681363	3.487443637274549	66.62	45.72	0.4892597695390782	0.4892597695390782	11.28	0.0	299.0	292.95	899.73	550.79	0	1
PROTOTYPE	017165	04/16/18	01:03:37	0.4892597695390782	0.4892597695390782	11.26	0.0	3.424818386773547	3.4776584418837677	73.23	38.86	0.4892597695390782	0.4892597695390782	11.26	0.0	288.0	292.21	905.69	408.17	0	1
PROTOTYPE	017166	04/16/18	01:03:38	0.4892597695390782	0.4892597695390782	11.27	0.0	3.424818386773547	3.4698302855711427	68.66	18.03	0.4892597695390782	0.4892597695390782	11.27	0.0	291.0	292.03	805.81	271.95	0	1
