Dev_id	Index	Date	Time	Sensor1	Sensor1_Filter	Sensor1_LL	Sensor1_Diff	Sensor2	Sensor2_Filter	Sensor2_LL	Sensor2_Diff	Sensor3	Sensor3_Filter	Sensor3_LL	Sensor3_Diff	Sensor4	Sensor4_Filter	Sensor4_LL	Sensor4_Diff	Heater_Status	FSM_Status
PROTOTYPE	008367	04/15/18	21:37:03	0.4892597695390782	0.4892597695390782	11.31	0.0	4.305485971943888	4.2937437374749505	33.57	3.67	0.4892597695390782	0.4892597695390782	11.31	0.04	291.0	289.52	698.77	-39.68	0	1
PROTOTYPE	008368	04/15/18	21:37:04	0.4892597695390782	0.4892597695390782	11.3	0.0	4.207634018036073	4.281022983466934	44.06	-11.88	0.4892597695390782	0.4892597695390782	11.3	0.04	300.0	291.09	767.36	206.27	0	1
PROTOTYPE	008369	04/15/18	21:37:05	0.4892597695390782	0.4892597695390782	11.3	0.0	4.305485971943888	4.283958542084168	45.65	-10.1	0.4892597695390782	0.4892597695390782	11.3	0.03	294.0	291.52	691.43	130.33	0	1
PROTOTYPE	008370	04/15/18	21:37:07	0.4892597695390782	0.4892597695390782	11.31	0.0	4.305485971943888	4.287872620240481	46.96	-8.58	0.4892597695390782	0.4892597695390782	11.31	0.03	290.0	291.3	606.02	215.78	0	1
PROTOTYPE	008371	04/15/18	21:37:08	0.4892597695390782	0.4892597695390782	11.29	0.0	4.305485971943888	4.289829659318637	36.42	7.71	0.4892597695390782	0.4892597695390782	11.29	0.02	296.0	292.0	614.5	348.41	0	1
PROTOTYPE	008372	04/15/18	21:37:11	0.4892597695390782	0.4892597695390782	11.3	0.0	4.305485971943888	4.292765217935871	35.39	6.55	0.4892597695390782	0.4892597695390782	11.3	0.02	285.0	290.95	637.29	161.15	0	1
PROTOTYPE	008373	04/15/18	21:37:12	0.4892597695390782	0.4892597695390782	12.7	0.0	4.207634018036073	4.280044463927856	45.43	-9.43	0.4892597695390782	0.4892597695390782	12.7	0.02	293.0	291.26	558.04	301.98	0	1
PROTOTYPE	008374	04/15/18	21:37:14	0.4892597695390782	0.4892597695390782	12.71	0.0	4.305485971943888	4.283958542084168	46.72	-8.02	0.4892597695390782	0.4892597695390782	12.71	0.01	297.0	292.12	542.74	286.68	0	1
PROTOTYPE	008375	04/15/18	21:37:15	0.4892597695390782	0.4892597695390782	12.67	0.0	4.305485971943888	4.286894100701403	47.77	-6.82	0.4892597695390782	0.4892597695390782	12.67	0.01	283.0	290.75	653.3	123.68	0	1
PROTOTYPE	008376	04/15/18	21:37:17	0.4892597695390782	0.4892597695390782	12.68	0.0	4.305485971943888	4.289829659318637	37.69	9.21	0.4892597695390782	0.4892597695390782	12.68	0.01	293.0	291.09	529.77	0.13	0	1
PROTOTYPE	008377	04/15/18	21:37:18	0.4892597695390782	0.4892597695390782	12.66	0.0	4.305485971943888	4.291786698396794	36.42	7.83	0.4892597695390782	0.4892597695390782	12.66	0.01	294.0	291.53	529.75	0.11	0	1
PROTOTYPE	008378	04/15/18	21:37:19	0.4892597695390782	0.4892597695390782	12.63	0.0	4.305485971943888	4.2937437374749505	35.38	6.65	0.4892597695390782	0.4892597695390782	12.63	0.01	302.0	293.1	663.96	180.09	0	1
PROTOTYPE	008379	04/15/18	21:37:21	0.4892597695390782	0.4892597695390782	12.65	0.0	4.305485971943888	4.2957007765531054	34.55	5.65	0.4892597695390782	0.4892597695390782	12.65	0.01	291.0	292.78	624.87	78.08	0	1
PROTOTYPE	008380	04/15/18	21:37:22	0.4892597695390782	0.4892597695390782	12.63	0.0	4.305485971943888	4.297657815631263	33.86	4.81	0.4892597695390782	0.4892597695390782	12.63	0.01	289.0	292.21	576.59	126.37	0	1
PROTOTYPE	008381	04/15/18	21:37:24	0.4892597695390782	0.4892597695390782	11.25	0.0	4.305485971943888	4.2986363351703405	22.43	19.09	0.4892597695390782	0.4892597695390782	11.25	0.0	294.0	292.48	572.54	122.41	0	1
PROTOTYPE	008382	04/15/18	21:37:25	0.4892597695390782	0.4892597695390782	11.22	0.0	4.305485971943888	4.299614854709419	20.01	16.22	0.4892597695390782	0.4892597695390782	11.22	0.0	292.0	292.41	493.79	29.05	0	1
PROTOTYPE	008383	04/15/18	21:37:26	0.4892597695390782	0.4892597695390782	11.21	0.0	4.305485971943888	4.300593374248497	18.05	13.79	0.4892597695390782	0.4892597695390782	11.21	0.0	280.0	290.55	543.14	-20.31	0	1
PROTOTYPE	008384	04/15/18	21:37:28	0.4892597695390782	0.4892597695390782	11.2	0.0	4.305485971943888	4.301571893787575	16.48	11.72	0.4892597695390782	0.4892597695390782	11.2	0.0	289.0	290.32	532.66	-77.26	0	1
PROTOTYPE	008385	04/15/18	21:37:29	0.4892597695390782	0.4892597695390782	11.21	0.0	4.305485971943888	4.301571893787575	15.23	9.96	0.4892597695390782	0.4892597695390782	11.21	0.0	303.0	292.22	679.24	69.33	0	1
PROTOTYPE	008386	04/15/18	21:37:31	0.4892597695390782	0.4892597695390782	11.22	0.0	4.207634018036073	4.287872620240481	27.26	-6.53	0.4892597695390782	0.4892597695390782	11.22	0.0	298.0	293.09	608.84	-1.07	0	1
PROTOTYPE	008387	04/15/18	21:37:32	0.4892597695390782	0.4892597695390782	11.2	0.0	4.305485971943888	4.2908081788577155	28.08	-5.55	0.4892597695390782	0.4892597695390782	11.2	0.0	287.0	292.17	668.66	-60.91	0	1
PROTOTYPE	008388	04/15/18	21:37:33	0.4892597695390782	0.4892597695390782	11.23	0.0	4.305485971943888	4.292765217935871	28.76	-4.72	0.4892597695390782	0.4892597695390782	11.23	0.0	292.0	292.15	614.87	-6.77	0	1
PROTOTYPE	008389	04/15/18	21:37:35	0.4892597695390782	0.4892597695390782	11.23	0.0	4.305485971943888	4.294722257014028	29.29	-4.01	0.4892597695390782	0.4892597695390782	11.23	0.0	281.0	290.48	755.27	-200.76	0	1
PROTOTYPE	008390	04/15/18	21:37:36	0.4892597695390782	0.4892597695390782	11.23	0.0	4.305485971943888	4.296679296092185	29.71	-3.41	0.4892597695390782	0.4892597695390782	11.23	0.0	286.0	289.8	815.04	-260.64	0	1
PROTOTYPE	008391	04/15/18	21:37:38	0.4892597695390782	0.4892597695390782	11.24	0.0	4.305485971943888	4.297657815631263	30.04	-2.9	0.4892597695390782	0.4892597695390782	11.24	0.0	285.0	289.08	700.95	-146.55	0	1
PROTOTYPE	008392	04/15/18	21:37:39	0.4892597695390782	0.4892597695390782	11.24	0.0	4.305485971943888	4.2986363351703405	30.29	-2.46	0.4892597695390782	0.4892597695390782	11.24	0.0	300.0	290.72	841.43	40.43	0	1
PROTOTYPE	008393	04/15/18	21:37:40	0.4892597695390782	0.4892597695390782	11.24	0.0	4.305485971943888	4.299614854709419	30.48	-2.09	0.4892597695390782	0.4892597695390782	11.24	0.0	304.0	292.71	850.37	49.37	0	1
PROTOTYPE	008394	04/15/18	21:37:42	0.4892597695390782	0.4892597695390782	11.23	0.0	4.305485971943888	4.300593374248497	17.62	13.22	0.4892597695390782	0.4892597695390782	11.23	0.0	290.0	292.31	804.36	-78.04	0	1
PROTOTYPE	008395	04/15/18	21:37:43	0.4892597695390782	0.4892597695390782	11.25	0.0	4.305485971943888	4.301571893787575	16.15	11.24	0.4892597695390782	0.4892597695390782	11.25	0.0	300.0	293.46	828.48	128.67	0	1
PROTOTYPE	008396	04/15/18	21:37:45	0.4892597695390782	0.4892597695390782	11.25	0.0	4.305485971943888	4.301571893787575	14.99	9.55	0.4892597695390782	0.4892597695390782	11.25	0.0	288.0	292.64	907.42	49.37	0	1
PROTOTYPE	008397	04/15/18	21:37:46	0.4892597695390782	0.4892597695390782	11.26	0.0	4.207634018036073	4.287872620240481	27.1	-6.88	0.4892597695390782	0.4892597695390782	11.26	0.0	283.0	291.19	884.83	71.96	0	1
PROTOTYPE	008398	04/15/18	21:37:48	0.4892597695390782	0.4892597695390782	11.26	0.0	4.305485971943888	4.2908081788577155	27.97	-5.85	0.4892597695390782	0.4892597695390782	11.26	0.0	272.0	288.32	1105.61	-148.83	0	1
PROTOTYPE	008399	04/15/18	21:37:49	0.4892597695390782	0.4892597695390782	11.27	0.0	4.305485971943888	4.292765217935871	28.67	-4.97	0.4892597695390782	0.4892597695390782	11.27	0.0	297.0	289.62	1163.82	53.49	0	1
PROTOTYPE	008400	04/15/18	21:37:50	0.4892597695390782	0.4892597695390782	11.27	0.0	4.305485971943888	4.294722257014028	29.22	-4.23	0.4892597695390782	0.4892597695390782	11.27	0.0	290.0	289.68	1005.96	-104.53	0	1
PROTOTYPE	008401	04/15/18	21:37:52	0.4892597695390782	0.4892597695390782	11.28	0.0	4.305485971943888	4.296679296092185	29.67	-3.59	0.4892597695390782	0.4892597695390782	11.28	0.0	295.0	290.47	886.64	-223.85	0	1
PROTOTYPE	008402	04/15/18	21:37:53	0.4892597695390782	0.4892597695390782	11.29	0.0	4.207634018036073	4.2829800225450905	41.68	-18.05	0.4892597695390782	0.4892597695390782	11.29	0.0	277.0	288.45	1048.05	-385.27	0	1
PROTOTYPE	008403	04/15/18	21:37:55	0.4892597695390782	0.4892597695390782	11.29	0.0	4.207634018036073	4.271237788076152	51.71	-30.35	0.4892597695390782	0.4892597695390782	11.29	0.0	291.0	288.84	970.85	-462.48	0	1
PROTOTYPE	008404	04/15/18	21:37:56	0.4892597695390782	0.4892597695390782	11.26	0.0	4.207634018036073	4.262431112224449	60.07	-40.79	0.4892597695390782	0.4892597695390782	11.26	0.0	292.0	289.31	936.44	-333.11	0	1
PROTOTYPE	008405	04/15/18	21:37:57	0.4892597695390782	0.4892597695390782	11.24	0.0	4.305485971943888	4.268302229458918	52.34	-19.67	0.4892597695390782	0.4892597695390782	11.24	0.0	295.0	290.16	877.18	-103.14	0	1
PROTOTYPE	008406	04/15/18	21:37:59	0.4892597695390782	0.4892597695390782	11.26	0.0	4.305485971943888	4.274173346693387	55.13	-16.72	0.4892597695390782	0.4892597695390782	11.26	0.0	293.0	290.59	631.83	227.33	0	1
PROTOTYPE	008407	04/15/18	21:38:00	0.4892597695390782	0.4892597695390782	11.26	0.0	4.305485971943888	4.279065944388777	57.44	-14.21	0.4892597695390782	0.4892597695390782	11.26	0.0	288.0	290.2	540.41	58.23	0	1
PROTOTYPE	008408	04/15/18	21:38:02	0.4892597695390782	0.4892597695390782	11.26	0.0	4.305485971943888	4.2829800225450905	59.36	-12.08	0.4892597695390782	0.4892597695390782	11.26	0.0	303.0	292.12	726.52	244.49	0	1
PROTOTYPE	008409	04/15/18	21:38:03	0.4892597695390782	0.4892597695390782	11.28	0.0	4.305485971943888	4.285915581162325	60.94	-10.27	0.39140781563126253	0.4745819764529058	24.92	-15.0	278.0	290.0	858.45	-47.18	0	1
PROTOTYPE	008410	04/15/18	21:38:04	0.4892597695390782	0.4892597695390782	11.29	0.0	4.305485971943888	4.288851139779559	50.55	6.27	0.4892597695390782	0.4765390155310621	26.17	-12.75	295.0	290.75	731.31	229.9	0	1
PROTOTYPE	008411	04/15/18	21:38:06	0.4892597695390782	0.4892597695390782	11.28	0.0	4.305485971943888	4.291786698396794	41.79	20.33	0.4892597695390782	0.47849605460921835	27.13	-10.84	285.0	289.89	779.37	105.41	0	1
PROTOTYPE	008412	04/15/18	21:38:07	0.4892597695390782	0.4892597695390782	11.29	0.0	4.305485971943888	4.2937437374749505	34.43	32.28	0.4892597695390782	0.48045309368737477	27.88	-9.21	290.0	289.91	734.05	59.6	0	1
PROTOTYPE	008413	04/15/18	21:38:09	0.4892597695390782	0.4892597695390782	11.31	0.0	4.305485971943888	4.2957007765531054	29.93	27.44	0.4892597695390782	0.48143161322645295	28.46	-7.83	294.0	290.52	710.11	35.66	0	1
PROTOTYPE	008414	04/15/18	21:38:10	0.4892597695390782	0.4892597695390782	11.29	0.0	4.305485971943888	4.296679296092185	26.18	23.32	0.4892597695390782	0.482410132765531	28.87	-6.66	292.0	290.74	689.78	15.31	0	1
PROTOTYPE	008415	04/15/18	21:38:11	0.4892597695390782	0.4892597695390782	11.28	0.0	4.305485971943888	4.2986363351703405	23.09	19.82	0.4892597695390782	0.48338865230460926	29.18	-5.66	299.0	291.98	774.8	178.01	0	1
PROTOTYPE	008416	04/15/18	21:38:13	0.4892597695390782	0.4892597695390782	11.29	0.0	4.305485971943888	4.299614854709419	20.57	16.85	0.4892597695390782	0.48436717184368744	29.42	-4.81	297.0	292.73	658.11	61.31	0	1
PROTOTYPE	008417	04/15/18	21:38:14	0.4892597695390782	0.4892597695390782	11.27	0.0	4.207634018036073	4.285915581162325	30.93	-0.68	0.4892597695390782	0.4853456913827655	15.94	10.91	294.0	292.92	465.35	292.12	0	1
PROTOTYPE	008418	04/15/18	21:38:16	0.4892597695390782	0.4892597695390782	11.26	0.0	4.305485971943888	4.288851139779559	31.02	-0.58	0.4892597695390782	0.4863242109218437	14.81	9.28	283.0	291.44	539.23	68.3	0	1
PROTOTYPE	008419	04/15/18	21:38:17	0.4892597695390782	0.4892597695390782	11.24	0.0	4.305485971943888	4.2908081788577155	31.09	-0.49	0.4892597695390782	0.4863242109218437	13.92	7.88	297.0	292.27	536.42	238.05	0	1
PROTOTYPE	008420	04/15/18	21:38:19	0.4892597695390782	0.4892597695390782	11.25	0.0	4.305485971943888	4.292765217935871	31.15	-0.42	0.4892597695390782	0.4863242109218437	13.26	6.7	293.0	292.38	545.29	247.35	0	1
PROTOTYPE	008421	04/15/18	21:38:20	0.4892597695390782	0.4892597695390782	11.25	0.0	4.305485971943888	4.294722257014028	31.2	-0.35	0.4892597695390782	0.48730273046092193	12.74	5.7	297.0	293.07	553.19	255.24	0	1
PROTOTYPE	008422	04/15/18	21:38:21	0.4892597695390782	0.4892597695390782	11.27	0.0	4.305485971943888	4.296679296092185	31.25	-0.3	0.4892597695390782	0.48730273046092193	12.37	4.84	296.0	293.51	574.88	276.96	0	1
PROTOTYPE	008423	04/15/18	21:38:23	0.4892597695390782	0.4892597695390782	11.27	0.0	4.305485971943888	4.297657815631263	31.29	-0.26	0.4892597695390782	0.48730273046092193	12.08	4.12	293.0	293.43	458.8	145.41	0	1
PROTOTYPE	008424	04/15/18	21:38:24	0.4892597695390782	0.4892597695390782	11.27	0.0	4.305485971943888	4.2986363351703405	31.31	-0.22	0.4892597695390782	0.48828125	11.86	3.5	293.0	293.37	390.17	63.6	0	1
PROTOTYPE	008425	04/15/18	21:38:26	0.4892597695390782	0.4892597695390782	11.26	0.0	4.305485971943888	4.299614854709419	18.9	14.82	0.4892597695390782	0.48828125	11.69	2.97	289.0	292.71	436.68	-20.94	0	1
PROTOTYPE	008426	04/15/18	21:38:27	0.4892597695390782	0.4892597695390782	11.26	0.0	4.207634018036073	4.285915581162325	29.77	-2.41	0.4892597695390782	0.48828125	11.57	2.53	299.0	293.66	382.12	222.2	0	1
PROTOTYPE	008427	04/15/18	21:38:28	0.4892597695390782	0.4892597695390782	11.28	0.0	4.207634018036073	4.274173346693387	38.95	-17.05	0.4892597695390782	0.48828125	11.51	2.15	287.0	292.66	398.5	38.87	0	1
PROTOTYPE	008428	04/15/18	21:38:30	0.4892597695390782	0.4892597695390782	11.27	0.0	4.207634018036073	4.264388151302605	46.66	-29.49	0.4892597695390782	0.48828125	11.43	1.83	282.0	291.06	547.34	-131.96	0	1
PROTOTYPE	008429	04/15/18	21:38:31	0.4892597695390782	0.4892597695390782	11.24	0.0	4.305485971943888	4.270259268537075	50.76	-25.07	0.4892597695390782	0.48828125	11.36	1.55	297.0	291.95	567.13	-112.17	0	1
PROTOTYPE	008430	04/15/18	21:38:33	0.4892597695390782	0.4892597695390782	11.22	0.0	4.305485971943888	4.276130385771544	54.16	-21.31	0.4892597695390782	0.4892597695390782	11.31	1.32	281.0	290.31	687.46	-320.34	0	1
PROTOTYPE	008431	04/15/18	21:38:34	0.4892597695390782	0.4892597695390782	11.22	0.0	4.207634018036073	4.265366670841684	62.75	-33.11	0.4892597695390782	0.4892597695390782	11.28	1.12	296.0	291.16	765.05	-227.29	0	1
PROTOTYPE	008432	04/15/18	21:38:35	0.4892597695390782	0.4892597695390782	11.22	0.0	4.207634018036073	4.2565599949899795	69.92	-43.14	0.4892597695390782	0.4892597695390782	11.26	0.95	287.0	290.54	820.82	-283.2	0	1
PROTOTYPE	008433	04/15/18	21:38:37	0.4892597695390782	0.4892597695390782	11.22	0.0	4.207634018036073	4.249710358216433	75.89	-51.67	0.4892597695390782	0.4892597695390782	11.25	0.81	287.0	290.01	808.35	-270.72	0	1
PROTOTYPE	008434	04/15/18	21:38:38	0.4892597695390782	0.4892597695390782	11.22	0.0	4.207634018036073	4.242860721442886	68.22	-43.92	0.4892597695390782	0.4892597695390782	11.24	0.69	286.0	289.41	774.17	-425.11	0	1
PROTOTYPE	008435	04/15/18	21:38:40	0.4892597695390782	0.4892597695390782	11.21	0.0	4.207634018036073	4.237968123747495	61.73	-37.33	0.4892597695390782	0.4892597695390782	11.23	0.59	297.0	290.55	788.22	-211.34	0	1
PROTOTYPE	008436	04/15/18	21:38:41	0.4892597695390782	0.4892597695390782	11.22	0.0	4.207634018036073	4.233075526052104	56.24	-31.73	0.4892597695390782	0.4892597695390782	11.23	0.5	298.0	291.66	740.17	60.36	0	1
PROTOTYPE	008437	04/15/18	21:38:42	0.4892597695390782	0.4892597695390782	11.25	0.0	4.207634018036073	4.229161447895791	53.98	-41.97	0.4892597695390782	0.4892597695390782	11.26	0.42	292.0	291.71	656.3	-23.7	0	1
PROTOTYPE	008438	04/15/18	21:38:44	0.4892597695390782	0.4892597695390782	11.27	0.0	4.207634018036073	4.226225889278557	52.09	-50.68	0.4892597695390782	0.4892597695390782	11.27	0.36	291.0	291.61	502.84	129.86	0	1
PROTOTYPE	008439	04/15/18	21:38:45	0.4892597695390782	0.4892597695390782	11.28	0.0	4.305485971943888	4.237968123747495	53.78	-28.08	0.4892597695390782	0.4892597695390782	11.28	0.31	299.0	292.72	528.36	155.38	0	1
PROTOTYPE	008440	04/15/18	21:38:47	0.4892597695390782	0.4892597695390782	11.29	0.0	4.207634018036073	4.233075526052104	49.67	-23.86	0.4892597695390782	0.4892597695390782	11.29	0.26	293.0	292.76	470.41	222.07	0	1
PROTOTYPE	008441	04/15/18	21:38:48	0.4892597695390782	0.4892597695390782	11.29	0.0	4.305485971943888	4.243839240981964	53.11	-5.28	0.4892597695390782	0.4892597695390782	11.29	0.22	295.0	293.09	450.98	308.76	0	1
PROTOTYPE	008442	04/15/18	21:38:50	0.4892597695390782	0.4892597695390782	11.29	0.0	4.305485971943888	4.253624436372745	56.02	10.51	0.4892597695390782	0.4892597695390782	11.29	0.19	288.0	292.33	467.29	292.45	0	1
PROTOTYPE	008443	04/15/18	21:38:51	0.4892597695390782	0.4892597695390782	11.28	0.0	4.305485971943888	4.26145259268537	58.48	23.93	0.4892597695390782	0.4892597695390782	11.28	0.16	284.0	291.08	478.33	53.58	0	1
PROTOTYPE	008444	04/15/18	21:38:52	0.4892597695390782	0.4892597695390782	11.29	0.0	4.207634018036073	4.253624436372745	61.98	20.34	0.4892597695390782	0.4892597695390782	11.29	0.14	292.0	291.22	380.36	-44.46	0	1
PROTOTYPE	008445	04/15/18	21:38:54	0.4892597695390782	0.4892597695390782	11.28	0.0	4.305485971943888	4.26145259268537	65.92	32.29	0.4892597695390782	0.4892597695390782	11.28	0.12	289.0	290.89	408.42	-82.79	0	1
PROTOTYPE	008446	04/15/18	21:38:55	0.4892597695390782	0.4892597695390782	11.28	0.0	4.305485971943888	4.26732370991984	69.24	42.45	0.4892597695390782	0.4892597695390782	11.28	0.1	296.0	291.65	474.35	4.63	0	1
PROTOTYPE	008447	04/15/18	21:38:57	0.4892597695390782	0.4892597695390782	11.28	0.0	4.305485971943888	4.273194827154309	62.96	36.08	0.4892597695390782	0.4892597695390782	11.28	0.08	282.0	290.21	508.24	-251.06	0	1
PROTOTYPE	008448	04/15/18	21:38:58	0.4892597695390782	0.4892597695390782	11.27	0.0	4.305485971943888	4.278087424849699	63.19	45.67	0.4892597695390782	0.4892597695390782	11.27	0.07	292.0	290.47	530.71	-228.4	0	1
PROTOTYPE	008449	04/15/18	21:38:59	0.4892597695390782	0.4892597695390782	11.27	0.0	4.305485971943888	4.282001503006012	56.48	38.82	0.4892597695390782	0.4892597695390782	11.27	0.06	291.0	290.55	505.06	-254.14	0	1
PROTOTYPE	008450	04/15/18	21:39:01	0.4892597695390782	0.4892597695390782	11.28	0.0	4.305485971943888	4.285915581162325	50.83	33.0	0.4892597695390782	0.4892597695390782	11.28	0.05	285.0	289.72	511.94	-261.02	0	1
PROTOTYPE	008451	04/15/18	21:39:02	0.4892597695390782	0.4892597695390782	11.31	0.0	4.305485971943888	4.288851139779559	46.07	28.05	0.4892597695390782	0.4892597695390782	11.31	0.04	273.0	287.21	637.78	-386.87	0	1
PROTOTYPE	008452	04/15/18	21:39:04	0.4892597695390782	0.4892597695390782	11.28	0.0	4.305485971943888	4.2908081788577155	40.65	38.84	0.4892597695390782	0.4892597695390782	11.28	0.04	283.0	286.58	687.12	-463.84	0	1
PROTOTYPE	008453	04/15/18	21:39:05	0.4892597695390782	0.4892597695390782	11.28	0.0	4.305485971943888	4.2937437374749505	35.11	33.01	0.4892597695390782	0.4892597695390782	11.28	0.03	294.0	287.69	765.11	-319.26	0	1
PROTOTYPE	008454	04/15/18	21:39:06	0.4892597695390782	0.4892597695390782	11.26	0.0	4.305485971943888	4.294722257014028	30.48	28.06	0.4892597695390782	0.4892597695390782	11.26	0.03	281.0	286.69	788.8	-496.37	0	1
PROTOTYPE	008455	04/15/18	21:39:08	0.4892597695390782	0.4892597695390782	11.25	0.0	4.305485971943888	4.296679296092185	26.64	23.85	0.4892597695390782	0.4892597695390782	11.25	0.02	291.0	287.34	708.67	-286.92	0	1
PROTOTYPE	008456	04/15/18	21:39:09	0.4892597695390782	0.4892597695390782	11.23	0.0	4.305485971943888	4.297657815631263	23.45	20.27	0.4892597695390782	0.4892597695390782	11.23	0.02	290.0	287.74	721.7	-273.88	0	1
PROTOTYPE	008457	04/15/18	21:39:11	0.4892597695390782	0.4892597695390782	11.23	0.0	4.305485971943888	4.299614854709419	20.85	17.23	0.4892597695390782	0.4892597695390782	11.23	0.02	289.0	287.93	732.71	-262.8	0	1
PROTOTYPE	008458	04/15/18	21:39:12	0.4892597695390782	0.4892597695390782	11.21	0.0	4.305485971943888	4.300593374248497	18.72	14.65	0.4892597695390782	0.4892597695390782	11.21	0.01	280.0	286.74	768.28	-298.38	0	1
PROTOTYPE	008459	04/15/18	21:39:13	0.4892597695390782	0.4892597695390782	11.2	0.0	4.305485971943888	4.300593374248497	17.02	12.45	0.4892597695390782	0.4892597695390782	11.2	0.01	295.0	287.98	641.44	76.38	0	1
PROTOTYPE	008460	04/15/18	21:39:15	0.4892597695390782	0.4892597695390782	11.22	0.0	4.305485971943888	4.301571893787575	15.67	10.58	0.4892597695390782	0.4892597695390782	11.22	0.01	296.0	289.18	698.61	259.92	0	1
PROTOTYPE	008461	04/15/18	21:39:16	0.4892597695390782	0.4892597695390782	11.23	0.0	4.305485971943888	4.302550413326654	14.61	9.0	0.4892597695390782	0.4892597695390782	11.23	0.01	294.0	289.9	659.63	220.93	0	1
PROTOTYPE	008462	04/15/18	21:39:18	0.4892597695390782	0.4892597695390782	11.23	0.0	4.305485971943888	4.302550413326654	13.78	7.65	0.39140781563126253	0.4745819764529058	24.89	-14.99	273.0	287.37	812.76	67.79	0	1
PROTOTYPE	008463	04/15/18	21:39:19	0.4892597695390782	0.4892597695390782	11.24	0.0	4.305485971943888	4.303528932865731	13.14	6.5	0.4892597695390782	0.4765390155310621	26.15	-12.74	282.0	286.56	828.61	-77.38	1	0
PROTOTYPE	008464	04/15/18	21:39:20	0.4892597695390782	0.4892597695390782	11.25	0.0	4.501189879759519	4.3328845190380765	41.61	35.52	0.4892597695390782	0.47849605460921835	27.13	-10.83	299.0	288.43	975.19	69.23	1	0
PROTOTYPE	008465	04/15/18	21:39:22	0.4892597695390782	0.4892597695390782	11.27	0.0	4.69689378757515	4.387681613226453	95.63	90.2	0.4892597695390782	0.48045309368737477	27.89	-9.21	301.0	290.31	1144.76	238.85	1	0
PROTOTYPE	008466	04/15/18	21:39:23	0.4892597695390782	0.4892597695390782	11.3	0.0	4.7947457414829655	4.4483498246492985	156.39	151.67	0.4892597695390782	0.48143161322645295	28.48	-7.83	292.0	290.57	1051.21	383.02	1	0
PROTOTYPE	008467	04/15/18	21:39:25	0.4892597695390782	0.4892597695390782	11.3	0.0	4.892597695390782	4.514889153306614	222.85	218.92	0.4892597695390782	0.482410132765531	28.9	-6.65	282.0	289.28	1055.76	130.57	1	0
PROTOTYPE	008468	04/15/18	21:39:26	0.4892597695390782	0.4892597695390782	11.29	0.0	4.990449649298597	4.586321079659319	294.15	291.08	0.4892597695390782	0.48338865230460926	29.21	-5.65	288.0	289.09	954.66	-9.02	1	0
PROTOTYPE	008469	04/15/18	21:39:28	0.4892597695390782	0.4892597695390782	11.27	0.0	5.088301603206413	4.661667084168337	369.55	367.42	0.4892597695390782	0.48436717184368744	29.43	-4.81	301.0	290.88	1061.01	97.33	1	0
PROTOTYPE	008470	04/15/18	21:39:29	0.4892597695390782	0.4892597695390782	11.26	0.0	5.1861535571142285	4.739948647294589	448.47	447.3	0.4892597695390782	0.4853456913827655	15.93	10.91	296.0	291.64	884.34	427.73	1	0
PROTOTYPE	008471	04/15/18	21:39:30	0.4892597695390782	0.4892597695390782	11.26	0.0	5.1861535571142285	4.807466495490982	515.34	515.21	0.4892597695390782	0.4863242109218437	14.81	9.28	294.0	292.0	839.18	543.57	1	0
PROTOTYPE	008472	04/15/18	21:39:32	0.4892597695390782	0.4892597695390782	11.26	0.0	5.1861535571142285	4.864220628757516	543.05	542.93	0.4892597695390782	0.4863242109218437	13.94	7.89	290.0	291.7	682.6	327.04	1	0
PROTOTYPE	008473	04/15/18	21:39:33	0.4892597695390782	0.4892597695390782	11.26	0.0	5.284005511022044	4.926845879258518	551.6	551.49	0.4892597695390782	0.4863242109218437	13.27	6.7	296.0	292.34	558.56	202.98	1	0
PROTOTYPE	008474	04/15/18	21:39:35	0.4892597695390782	0.4892597695390782	11.25	0.0	5.284005511022044	4.980664453907816	543.88	543.77	0.4892597695390782	0.48730273046092193	12.74	5.7	300.0	293.49	648.08	292.53	1	0
PROTOTYPE	008475	04/15/18	21:39:36	0.4892597695390782	0.4892597695390782	11.24	0.0	5.284005511022044	5.025676352705411	522.33	522.2	0.4892597695390782	0.48730273046092193	12.34	4.84	296.0	293.87	557.22	458.65	1	0
PROTOTYPE	008476	04/15/18	21:39:37	0.4892597695390782	0.4892597695390782	11.25	0.0	5.38185746492986	5.079494927354709	504.0	503.87	0.4892597695390782	0.48730273046092193	12.06	4.12	298.0	294.49	599.94	539.86	1	0
PROTOTYPE	008477	04/15/18	21:39:39	0.4892597695390782	0.4892597695390782	11.26	0.0	5.479709418837675	5.139184619238478	488.42	488.29	0.4892597695390782	0.48828125	11.85	3.5	293.0	294.26	443.64	338.88	1	0
PROTOTYPE	008478	04/15/18	21:39:40	0.4892597695390782	0.4892597695390782	11.26	0.0	5.479709418837675	5.190067635270541	460.19	460.05	0.4892597695390782	0.48828125	11.69	2.97	291.0	293.78	415.75	213.05	1	0
PROTOTYPE	008479	04/15/18	21:39:42	0.4892597695390782	0.4892597695390782	11.27	0.0	5.479709418837675	5.234101014529059	436.19	436.04	0.4892597695390782	0.48828125	11.58	2.53	293.0	293.66	392.11	166.09	0	0
PROTOTYPE	008480	04/15/18	21:39:43	0.4892597695390782	0.4892597695390782	11.26	0.0	4.207634018036073	5.079494927354709	535.41	220.63	0.4892597695390782	0.48828125	11.49	2.15	298.0	294.31	427.24	261.18	0	0
PROTOTYPE	008481	04/15/18	21:39:44	0.4892597695390782	0.4892597695390782	11.25	0.0	3.9140781563126255	4.905318449398798	649.76	-22.46	0.4892597695390782	0.48828125	11.41	1.83	292.0	293.96	397.37	162.0	0	0
PROTOTYPE	008482	04/15/18	21:39:46	0.4892597695390782	0.4892597695390782	11.24	0.0	3.718374248496994	4.727227893286574	776.94	-259.09	0.4892597695390782	0.48828125	11.36	1.55	287.0	292.92	386.98	-57.3	0	0
PROTOTYPE	008483	04/15/18	21:39:47	0.4892597695390782	0.4892597695390782	11.24	0.0	3.718374248496994	4.575557364729459	885.05	-460.23	0.4892597695390782	0.4892597695390782	11.33	1.32	282.0	291.28	513.12	-258.71	0	0
PROTOTYPE	008484	04/15/18	21:39:49	0.4892597695390782	0.4892597695390782	11.26	0.0	3.718374248496994	4.447371305110221	961.94	-646.19	0.4892597695390782	0.4892597695390782	11.32	1.12	295.0	291.84	506.93	-264.9	0	0
PROTOTYPE	008485	04/15/18	21:39:50	0.4892597695390782	0.4892597695390782	11.25	0.0	3.718374248496994	4.337777116733466	1012.3	-819.27	0.4892597695390782	0.4892597695390782	11.29	0.95	295.0	292.31	532.0	-195.16	0	0
PROTOTYPE	008486	04/15/18	21:39:51	0.4892597695390782	0.4892597695390782	11.26	0.0	3.718374248496994	4.244817760521042	1055.1	-966.38	0.4892597695390782	0.4892597695390782	11.29	0.81	287.0	291.52	562.72	-225.89	0	0
PROTOTYPE	008487	04/15/18	21:39:53	0.4892597695390782	0.4892597695390782	11.25	0.0	3.6205222945891786	4.150879884769539	1106.48	-1106.42	0.4892597695390782	0.4892597695390782	11.27	0.69	299.0	292.64	663.28	-102.01	0	0
PROTOTYPE	008488	04/15/18	21:39:54	0.4892597695390782	0.4892597695390782	11.25	0.0	3.6205222945891786	4.071619802104208	1030.52	-1030.46	0.4892597695390782	0.4892597695390782	11.27	0.59	298.0	293.44	678.58	-86.71	0	0
PROTOTYPE	008489	04/15/18	21:39:56	0.4892597695390782	0.4892597695390782	11.24	0.0	3.6205222945891786	4.004101953907816	920.96	-920.89	0.4892597695390782	0.4892597695390782	11.25	0.5	293.0	293.38	650.69	-58.7	0	0
PROTOTYPE	008490	04/15/18	21:39:57	0.4892597695390782	0.4892597695390782	11.25	0.0	3.6205222945891786	3.9463693011022047	797.84	-797.75	0.4892597695390782	0.4892597695390782	11.26	0.42	296.0	293.77	585.6	85.11	0	0
PROTOTYPE	008491	04/15/18	21:39:58	0.4892597695390782	0.4892597695390782	11.28	0.0	3.6205222945891786	3.8974433241482966	693.19	-693.09	0.4892597695390782	0.4892597695390782	11.28	0.36	287.0	292.75	523.37	147.34	0	0
PROTOTYPE	008492	04/15/18	21:40:00	0.4892597695390782	0.4892597695390782	11.26	0.0	3.6205222945891786	3.8563455035070136	604.24	-604.13	0.4892597695390782	0.4892597695390782	11.26	0.31	295.0	293.09	501.28	125.24	0	0
PROTOTYPE	008493	04/15/18	21:40:01	0.4892597695390782	0.4892597695390782	11.26	0.0	3.6205222945891786	3.8211188001002	528.64	-528.51	0.4892597695390782	0.4892597695390782	11.26	0.26	294.0	293.23	467.55	91.45	0	0
PROTOTYPE	008494	04/15/18	21:40:03	0.4892597695390782	0.4892597695390782	11.25	0.0	3.6205222945891786	3.790784694388778	464.39	-464.23	0.4892597695390782	0.4892597695390782	11.25	0.22	288.0	292.44	466.27	92.73	0	0
PROTOTYPE	008495	04/15/18	21:40:04	0.4892597695390782	0.4892597695390782	11.26	0.0	3.6205222945891786	3.7653431863727453	394.78	-394.6	0.4892597695390782	0.4892597695390782	11.26	0.19	298.0	293.28	437.36	63.82	0	0
PROTOTYPE	008496	04/15/18	21:40:06	0.4892597695390782	0.4892597695390782	11.29	0.0	3.6205222945891786	3.7438157565130257	335.63	-335.41	0.4892597695390782	0.4892597695390782	11.29	0.16	287.0	292.34	451.09	-110.75	0	0
PROTOTYPE	008497	04/15/18	21:40:07	0.4892597695390782	0.4892597695390782	11.31	0.0	3.6205222945891786	3.7252238852705415	285.35	-285.1	0.4892597695390782	0.4892597695390782	11.31	0.14	289.0	291.84	494.36	-154.14	0	0
PROTOTYPE	008498	04/15/18	21:40:08	0.4892597695390782	0.4892597695390782	11.3	0.0	3.6205222945891786	3.70956757264529	242.63	-242.33	0.4892597695390782	0.4892597695390782	11.3	0.12	288.0	291.26	512.52	-251.02	0	0
PROTOTYPE	008499	04/15/18	21:40:10	0.4892597695390782	0.4892597695390782	11.28	0.0	3.6205222945891786	3.695868299098197	206.34	-205.98	0.4892597695390782	0.4892597695390782	11.28	0.1	299.0	292.42	527.07	-33.36	0	0
PROTOTYPE	008500	04/15/18	21:40:11	0.4892597695390782	0.4892597695390782	11.27	0.0	3.6205222945891786	3.6851045841683363	175.5	-175.08	0.4892597695390782	0.4892597695390782	11.27	0.08	294.0	292.66	517.09	-43.36	0	0
PROTOTYPE	008501	04/15/18	21:40:13	0.4892597695390782	0.4892597695390782	11.27	0.0	3.6205222945891786	3.6753193887775555	149.31	-148.82	0.4892597695390782	0.4892597695390782	11.27	0.07	282.0	291.06	663.26	-216.86	0	0
PROTOTYPE	008502	04/15/18	21:40:14	0.4892597695390782	0.4892597695390782	11.31	0.0	3.6205222945891786	3.6665127129258517	127.08	-126.5	0.4892597695390782	0.4892597695390782	11.31	0.06	280.0	289.4	750.72	-304.33	0	0
PROTOTYPE	008503	04/15/18	21:40:15	0.4892597695390782	0.4892597695390782	11.28	0.0	3.6205222945891786	3.6596630761523046	108.2	-107.52	0.4892597695390782	0.4892597695390782	11.28	0.05	284.0	288.59	748.38	-468.68	0	0
PROTOTYPE	008504	04/15/18	21:40:17	0.4892597695390782	0.4892597695390782	11.28	0.0	3.6205222945891786	3.6537919589178363	92.19	-91.4	0.4892597695390782	0.4892597695390782	11.28	0.04	300.0	290.3	825.37	-203.38	0	1
PROTOTYPE	008505	04/15/18	21:40:18	0.4892597695390782	0.4892597695390782	11.28	0.0	3.6205222945891786	3.648899361222445	78.62	-77.69	0.4892597695390782	0.4892597695390782	11.28	0.04	290.0	290.26	780.06	-157.87	0	1
PROTOTYPE	008506	04/15/18	21:40:20	0.4892597695390782	0.4892597695390782	11.28	0.0	3.6205222945891786	3.6449852830661325	67.12	-66.03	0.4892597695390782	0.4892597695390782	11.28	0.03	305.0	292.47	943.67	120.81	0	1
PROTOTYPE	008507	04/15/18	21:40:21	0.4892597695390782	0.4892597695390782	11.3	0.0	3.6205222945891786	3.6410712049098195	57.41	-56.13	0.4892597695390782	0.4892597695390782	11.3	0.03	292.0	292.4	834.73	-2.31	0	1
PROTOTYPE	008508	04/15/18	21:40:22	0.4892597695390782	0.4892597695390782	11.31	0.0	3.6205222945891786	3.638135646292585	49.21	-47.71	0.4892597695390782	0.4892597695390782	11.31	0.02	287.0	291.59	891.98	-106.96	0	1
PROTOTYPE	008509	04/15/18	21:40:24	0.4892597695390782	0.4892597695390782	11.32	0.0	3.6205222945891786	3.6352000876753503	42.3	-40.55	0.4892597695390782	0.4892597695390782	11.32	0.02	294.0	291.95	768.31	89.08	0	1
PROTOTYPE	008510	04/15/18	21:40:25	0.4892597695390782	0.4892597695390782	11.3	0.0	3.6205222945891786	3.6332430485971945	36.5	-34.47	0.4892597695390782	0.4892597695390782	11.3	0.02	282.0	290.46	751.67	105.72	0	1
PROTOTYPE	008511	04/15/18	21:40:27	0.4892597695390782	0.4892597695390782	11.3	0.0	3.6205222945891786	3.6312860095190382	31.64	-29.3	0.4892597695390782	0.4892597695390782	11.3	0.01	293.0	290.84	708.82	224.86	0	1
PROTOTYPE	008512	04/15/18	21:40:28	0.4892597695390782	0.4892597695390782	11.27	0.0	3.6205222945891786	3.629328970440882	27.59	-24.9	0.4892597695390782	0.4892597695390782	11.27	0.01	303.0	292.66	720.09	236.13	0	1
PROTOTYPE	008513	04/15/18	21:40:29	0.4892597695390782	0.4892597695390782	11.24	0.0	3.6205222945891786	3.6283504509018036	24.24	-21.17	0.4892597695390782	0.4892597695390782	11.24	0.01	286.0	291.66	815.3	140.71	0	1
PROTOTYPE	008514	04/15/18	21:40:31	0.4892597695390782	0.4892597695390782	11.23	0.0	3.6205222945891786	3.6273719313627253	21.48	-17.99	0.4892597695390782	0.4892597695390782	11.23	0.01	291.0	291.56	604.19	-90.4	0	1
PROTOTYPE	008515	04/15/18	21:40:32	0.4892597695390782	0.4892597695390782	11.22	0.0	3.6205222945891786	3.6263934118236474	19.25	-15.29	0.4892597695390782	0.4892597695390782	11.22	0.01	289.0	291.18	635.52	-121.84	0	1
PROTOTYPE	008516	04/15/18	21:40:34	0.4892597695390782	0.4892597695390782	11.22	0.0	3.6205222945891786	3.625414892284569	17.45	-13.0	0.4892597695390782	0.4892597695390782	11.22	0.01	295.0	291.75	611.87	16.44	0	1
PROTOTYPE	008517	04/15/18	21:40:35	0.4892597695390782	0.4892597695390782	11.22	0.0	3.6205222945891786	3.6244363727454907	16.01	-11.05	0.4892597695390782	0.4892597695390782	11.22	0.01	298.0	292.69	669.38	73.97	0	1
PROTOTYPE	008518	04/15/18	21:40:37	0.4892597695390782	0.4892597695390782	11.22	0.0	3.6205222945891786	3.6244363727454907	14.87	-9.39	0.4892597695390782	0.4892597695390782	11.22	0.0	290.0	292.29	560.5	182.88	0	1
PROTOTYPE	008519	04/15/18	21:40:38	0.4892597695390782	0.4892597695390782	11.22	0.0	3.6205222945891786	3.623457853206413	13.97	-7.98	0.4892597695390782	0.4892597695390782	11.22	0.0	296.0	292.84	578.06	200.45	0	1
PROTOTYPE	008520	04/15/18	21:40:39	0.4892597695390782	0.4892597695390782	11.22	0.0	3.522670340681363	3.608780060120241	27.33	-21.79	0.4892597695390782	0.4892597695390782	11.22	0.0	294.0	293.02	413.04	35.38	0	1
PROTOTYPE	008521	04/15/18	21:40:41	0.4892597695390782	0.4892597695390782	11.22	0.0	3.6205222945891786	3.6097585796593186	27.68	-18.52	0.4892597695390782	0.4892597695390782	11.22	0.0	286.0	291.96	418.35	30.07	0	1
PROTOTYPE	008522	04/15/18	21:40:42	0.4892597695390782	0.4892597695390782	11.25	0.0	3.522670340681363	3.5970378256513027	39.34	-30.74	0.4892597695390782	0.4892597695390782	11.25	0.0	298.0	292.87	498.84	130.56	0	1
PROTOTYPE	008523	04/15/18	21:40:44	0.4892597695390782	0.4892597695390782	11.22	0.0	3.6205222945891786	3.6009519038076148	41.46	-26.13	0.4892597695390782	0.4892597695390782	11.22	0.0	292.0	292.74	473.48	155.98	0	1
PROTOTYPE	008524	04/15/18	21:40:45	0.4892597695390782	0.4892597695390782	11.21	0.0	3.6205222945891786	3.6038874624248494	43.17	-22.21	0.4892597695390782	0.4892597695390782	11.21	0.0	303.0	294.28	570.07	252.58	0	1
PROTOTYPE	008525	04/15/18	21:40:46	0.4892597695390782	0.4892597695390782	11.19	0.0	3.6205222945891786	3.6058445015030065	44.53	-18.88	0.4892597695390782	0.4892597695390782	11.19	0.0	284.0	292.74	630.53	4.69	0	1
PROTOTYPE	008526	04/15/18	21:40:48	0.4892597695390782	0.4892597695390782	11.17	0.0	3.6205222945891786	3.607801540581162	45.6	-16.05	0.4892597695390782	0.4892597695390782	11.17	0.0	292.0	292.63	601.29	33.99	0	1
PROTOTYPE	008527	04/15/18	21:40:49	0.4892597695390782	0.4892597695390782	11.21	0.0	3.6205222945891786	3.6097585796593186	46.48	-13.64	0.4892597695390782	0.4892597695390782	11.21	0.0	285.0	291.48	659.97	-136.11	0	1
PROTOTYPE	008528	04/15/18	21:40:51	0.4892597695390782	0.4892597695390782	11.21	0.0	3.6205222945891786	3.611715618737475	33.08	3.41	0.4892597695390782	0.4892597695390782	11.21	0.0	285.0	290.51	739.8	-250.69	0	1
PROTOTYPE	008529	04/15/18	21:40:52	0.4892597695390782	0.4892597695390782	11.21	0.0	3.6205222945891786	3.612694138276553	32.7	2.9	0.4892597695390782	0.4892597695390782	11.21	0.0	283.0	289.38	747.2	-258.09	0	1
PROTOTYPE	008530	04/15/18	21:40:53	0.4892597695390782	0.4892597695390782	11.18	0.0	3.6205222945891786	3.613672657815631	21.02	17.46	0.4892597695390782	0.4892597695390782	11.18	0.0	299.0	290.83	800.91	-204.38	0	1
PROTOTYPE	008531	04/15/18	21:40:55	0.4892597695390782	0.4892597695390782	11.19	0.0	3.6205222945891786	3.6146511773547094	18.87	14.84	0.4892597695390782	0.4892597695390782	11.19	0.0	295.0	291.45	850.42	-128.72	0	1
PROTOTYPE	008532	04/15/18	21:40:56	0.4892597695390782	0.4892597695390782	11.2	0.0	3.6205222945891786	3.6156296968937878	17.14	12.62	0.4892597695390782	0.4892597695390782	11.2	0.0	288.0	290.93	748.3	-334.41	0	1
PROTOTYPE	008533	04/15/18	21:40:58	0.4892597695390782	0.4892597695390782	11.23	0.0	3.6205222945891786	3.6166082164328657	15.78	10.72	0.4892597695390782	0.4892597695390782	11.23	0.0	293.0	291.24	625.14	-149.25	0	1
PROTOTYPE	008534	04/15/18	21:40:59	0.4892597695390782	0.4892597695390782	11.26	0.0	3.6205222945891786	3.617586735971944	14.71	9.11	0.4892597695390782	0.4892597695390782	11.26	0.0	282.0	289.86	752.67	-276.86	0	1
PROTOTYPE	008535	04/15/18	21:41:00	0.4892597695390782	0.4892597695390782	11.25	0.0	3.6205222945891786	3.617586735971944	13.86	7.75	0.4892597695390782	0.4892597695390782	11.25	0.0	300.0	291.38	790.41	-10.33	0	1
PROTOTYPE	008536	04/15/18	21:41:02	0.4892597695390782	0.4892597695390782	11.26	0.0	3.6205222945891786	3.6185652555110215	13.21	6.59	0.4892597695390782	0.4892597695390782	11.26	0.0	286.0	290.57	773.87	6.22	0	1
PROTOTYPE	008537	04/15/18	21:41:03	0.4892597695390782	0.4892597695390782	11.28	0.0	3.6205222945891786	3.6185652555110215	12.72	5.6	0.4892597695390782	0.4892597695390782	11.28	0.0	294.0	291.09	712.65	170.28	0	1
PROTOTYPE	008538	04/15/18	21:41:05	0.4892597695390782	0.4892597695390782	11.3	0.0	3.6205222945891786	3.6185652555110215	12.36	4.76	0.4892597695390782	0.4892597695390782	11.3	0.0	297.0	291.97	657.11	114.74	0	1
PROTOTYPE	008539	04/15/18	21:41:06	0.4892597695390782	0.4892597695390782	11.31	0.0	3.6205222945891786	3.6185652555110215	12.09	4.04	0.4892597695390782	0.4892597695390782	11.31	0.0	295.0	292.43	639.91	97.53	0	1
PROTOTYPE	008540	04/15/18	21:41:07	0.4892597695390782	0.4892597695390782	11.31	0.0	3.6205222945891786	3.6195437750501003	11.88	3.44	0.4892597695390782	0.4892597695390782	11.31	0.0	291.0	292.21	609.56	127.9	0	1
PROTOTYPE	008541	04/15/18	21:41:09	0.4892597695390782	0.4892597695390782	11.3	0.0	3.6205222945891786	3.6195437750501003	11.71	2.92	0.4892597695390782	0.4892597695390782	11.3	0.0	298.0	293.08	665.36	183.72	0	1
PROTOTYPE	008542	04/15/18	21:41:10	0.4892597695390782	0.4892597695390782	11.31	0.0	3.6205222945891786	3.6195437750501003	11.61	2.48	0.4892597695390782	0.4892597695390782	11.31	0.0	298.0	293.82	600.48	396.16	0	1
PROTOTYPE	008543	04/15/18	21:41:12	0.4892597695390782	0.4892597695390782	11.29	0.0	3.6205222945891786	3.6195437750501003	11.51	2.11	0.4892597695390782	0.4892597695390782	11.29	0.0	291.0	293.4	490.65	201.73	0	1
PROTOTYPE	008544	04/15/18	21:41:13	0.4892597695390782	0.4892597695390782	11.3	0.0	3.6205222945891786	3.6195437750501003	11.46	1.79	0.4892597695390782	0.4892597695390782	11.3	0.0	290.0	292.89	460.92	231.47	0	1
PROTOTYPE	008545	04/15/18	21:41:15	0.4892597695390782	0.4892597695390782	11.29	0.0	3.6205222945891786	3.6195437750501003	11.4	1.53	0.4892597695390782	0.4892597695390782	11.29	0.0	286.0	291.85	512.79	76.75	0	1
PROTOTYPE	008546	04/15/18	21:41:16	0.4892597695390782	0.4892597695390782	11.27	0.0	3.6205222945891786	3.6205222945891786	11.35	1.3	0.4892597695390782	0.4892597695390782	11.27	0.0	284.0	290.68	541.88	-129.76	0	1
PROTOTYPE	008547	04/15/18	21:41:17	0.4892597695390782	0.4892597695390782	11.28	0.0	3.6205222945891786	3.6205222945891786	11.34	1.1	0.4892597695390782	0.4892597695390782	11.28	0.0	298.0	291.77	606.33	-65.3	0	1
PROTOTYPE	008548	04/15/18	21:41:19	0.4892597695390782	0.4892597695390782	11.27	0.0	3.522670340681363	3.6058445015030065	24.91	-14.06	0.4892597695390782	0.4892597695390782	11.27	0.0	284.0	290.61	701.5	-160.5	0	1
PROTOTYPE	008549	04/15/18	21:41:20	0.4892597695390782	0.4892597695390782	11.26	0.0	3.6205222945891786	3.607801540581162	26.18	-11.95	0.4892597695390782	0.4892597695390782	11.26	0.0	285.0	289.77	698.82	-331.43	0	1
PROTOTYPE	008550	04/15/18	21:41:22	0.4892597695390782	0.4892597695390782	11.23	0.0	3.6205222945891786	3.6097585796593186	27.15	-10.16	0.4892597695390782	0.4892597695390782	11.23	0.0	288.0	289.5	651.57	-431.71	0	1
PROTOTYPE	008551	04/15/18	21:41:23	0.4892597695390782	0.4892597695390782	11.23	0.0	3.6205222945891786	3.611715618737475	27.92	-8.64	0.4892597695390782	0.4892597695390782	11.23	0.0	299.0	290.93	751.74	-246.96	0	1
PROTOTYPE	008552	04/15/18	21:41:24	0.4892597695390782	0.4892597695390782	11.21	0.0	3.6205222945891786	3.612694138276553	28.49	-7.34	0.4892597695390782	0.4892597695390782	11.21	0.0	286.0	290.19	774.69	-269.91	0	1
PROTOTYPE	008553	04/15/18	21:41:26	0.4892597695390782	0.4892597695390782	11.22	0.0	3.6205222945891786	3.613672657815631	28.93	-6.24	0.4892597695390782	0.4892597695390782	11.22	0.0	290.0	290.16	674.53	-169.43	0	1
PROTOTYPE	008554	04/15/18	21:41:27	0.4892597695390782	0.4892597695390782	11.23	0.0	3.6205222945891786	3.6146511773547094	29.27	-5.3	0.4892597695390782	0.4892597695390782	11.23	0.0	303.0	292.09	749.32	140.99	0	1
PROTOTYPE	008555	04/15/18	21:41:29	0.4892597695390782	0.4892597695390782	11.22	0.0	3.6205222945891786	3.6156296968937878	29.51	-4.51	0.4892597695390782	0.4892597695390782	11.22	0.0	290.0	291.77	670.77	-0.16	0	1
PROTOTYPE	008556	04/15/18	21:41:30	0.4892597695390782	0.4892597695390782	11.22	0.0	3.6205222945891786	3.6166082164328657	16.09	11.17	0.4892597695390782	0.4892597695390782	11.22	0.0	296.0	292.41	617.57	179.86	0	1
PROTOTYPE	008557	04/15/18	21:41:31	0.4892597695390782	0.4892597695390782	11.24	0.0	3.6205222945891786	3.6166082164328657	14.95	9.49	0.4892597695390782	0.4892597695390782	11.24	0.0	290.0	292.05	569.56	227.88	0	1
PROTOTYPE	008558	04/15/18	21:41:33	0.4892597695390782	0.4892597695390782	11.24	0.0	3.6205222945891786	3.617586735971944	14.04	8.07	0.4892597695390782	0.4892597695390782	11.24	0.0	286.0	291.14	633.72	163.7	0	1
PROTOTYPE	008559	04/15/18	21:41:34	0.4892597695390782	0.4892597695390782	11.26	0.0	3.6205222945891786	3.617586735971944	13.36	6.86	0.4892597695390782	0.4892597695390782	11.26	0.0	283.0	289.92	613.33	-100.85	0	1
PROTOTYPE	008560	04/15/18	21:41:36	0.4892597695390782	0.4892597695390782	11.28	0.0	3.522670340681363	3.6038874624248494	26.05	-9.17	0.4892597695390782	0.4892597695390782	11.28	0.0	284.0	289.03	628.2	-115.73	0	1
PROTOTYPE	008561	04/15/18	21:41:37	0.4892597695390782	0.4892597695390782	11.27	0.0	3.522670340681363	3.591166708416834	36.7	-22.79	0.4892597695390782	0.4892597695390782	11.27	0.0	293.0	289.63	684.62	-53.37	0	1
PROTOTYPE	008562	04/15/18	21:41:38	0.4892597695390782	0.4892597695390782	11.29	0.0	3.522670340681363	3.5813815130260522	45.62	-34.38	0.4892597695390782	0.4892597695390782	11.29	0.0	271.0	286.83	771.39	-525.36	0	1
PROTOTYPE	008563	04/15/18	21:41:40	0.4892597695390782	0.4892597695390782	11.28	0.0	3.6205222945891786	3.5872526302605205	50.15	-29.22	0.4892597695390782	0.4892597695390782	11.28	0.0	286.0	286.71	752.64	-506.56	0	1
PROTOTYPE	008564	04/15/18	21:41:41	0.4892597695390782	0.4892597695390782	11.31	0.0	3.6205222945891786	3.592145227955912	53.88	-24.84	0.4892597695390782	0.4892597695390782	11.31	0.0	288.0	286.9	708.66	-550.57	0	1
PROTOTYPE	008565	04/15/18	21:41:43	0.4892597695390782	0.4892597695390782	11.31	0.0	3.6205222945891786	3.5960593061122244	56.91	-21.11	0.4892597695390782	0.4892597695390782	11.31	0.0	288.0	287.07	689.07	-497.99	0	1
PROTOTYPE	008566	04/15/18	21:41:44	0.4892597695390782	0.4892597695390782	11.3	0.0	3.6205222945891786	3.5999733842685373	59.36	-17.94	0.4892597695390782	0.4892597695390782	11.3	0.0	289.0	287.36	627.42	-378.29	0	1
