Dev_id	Index	Date	Time	Sensor1	Sensor1_Filter	Sensor1_LL	Sensor1_Diff	Sensor2	Sensor2_Filter	Sensor2_LL	Sensor2_Diff	Sensor3	Sensor3_Filter	Sensor3_LL	Sensor3_Diff	Sensor4	Sensor4_Filter	Sensor4_LL	Sensor4_Diff	Heater_Status	FSM_Status
PROTOTYPE	012367	04/15/18	23:10:59	0.4892597695390782	0.4892597695390782	11.28	0.0	4.305485971943888	4.323099323647295	49.47	-47.99	0.4892597695390782	0.48730273046092193	12.38	4.84	295.0	293.11	565.71	211.97	0	1
PROTOTYPE	012368	04/15/18	23:11:01	0.4892597695390782	0.4892597695390782	11.28	0.0	4.305485971943888	4.320163765030061	42.52	-40.79	0.4892597695390782	0.48730273046092193	12.09	4.12	289.0	292.49	492.21	15.18	0	1
PROTOTYPE	012369	04/15/18	23:11:02	0.4892597695390782	0.4892597695390782	11.3	0.0	4.305485971943888	4.318206725951904	36.69	-34.67	0.4892597695390782	0.48828125	11.89	3.5	290.0	292.12	494.49	12.9	0	1
PROTOTYPE	012370	04/15/18	23:11:03	0.4892597695390782	0.4892597695390782	11.29	0.0	4.305485971943888	4.316249686873747	31.8	-29.47	0.4892597695390782	0.48828125	11.72	2.97	299.0	293.15	462.85	250.96	0	1
PROTOTYPE	012371	04/15/18	23:11:05	0.4892597695390782	0.4892597695390782	11.29	0.0	4.305485971943888	4.314292647795592	27.74	-25.05	0.4892597695390782	0.48828125	11.6	2.53	292.0	292.98	414.78	168.32	0	1
PROTOTYPE	012372	04/15/18	23:11:06	0.4892597695390782	0.4892597695390782	11.29	0.0	4.305485971943888	4.313314128256513	24.38	-21.29	0.4892597695390782	0.48828125	11.52	2.15	278.0	290.73	523.89	-171.93	0	1
PROTOTYPE	012373	04/15/18	23:11:08	0.4892597695390782	0.4892597695390782	11.29	0.0	4.305485971943888	4.312335608717435	21.61	-18.1	0.4892597695390782	0.48828125	11.45	1.83	297.0	291.67	611.01	-71.14	0	1
PROTOTYPE	012374	04/15/18	23:11:09	0.4892597695390782	0.4892597695390782	11.29	0.0	4.305485971943888	4.311357089178357	19.36	-15.38	0.4892597695390782	0.48828125	11.41	1.55	299.0	292.77	681.67	-0.47	0	1
PROTOTYPE	012375	04/15/18	23:11:10	0.4892597695390782	0.4892597695390782	11.28	0.0	4.305485971943888	4.310378569639278	17.54	-13.08	0.4892597695390782	0.4892597695390782	11.36	1.32	295.0	293.11	681.74	-0.4	0	1
PROTOTYPE	012376	04/15/18	23:11:12	0.4892597695390782	0.4892597695390782	11.27	0.0	4.305485971943888	4.3094000501002006	16.09	-11.11	0.4892597695390782	0.4892597695390782	11.33	1.12	285.0	291.89	741.67	-60.34	0	1
PROTOTYPE	012377	04/15/18	23:11:13	0.4892597695390782	0.4892597695390782	11.27	0.0	4.305485971943888	4.3094000501002006	14.94	-9.45	0.4892597695390782	0.4892597695390782	11.31	0.95	301.0	293.26	840.91	113.71	0	1
PROTOTYPE	012378	04/15/18	23:11:15	0.4892597695390782	0.4892597695390782	11.28	0.0	4.305485971943888	4.308421530561123	14.05	-8.03	0.4892597695390782	0.4892597695390782	11.31	0.81	293.0	293.22	741.78	6.66	0	1
PROTOTYPE	012379	04/15/18	23:11:16	0.4892597695390782	0.4892597695390782	11.28	0.0	4.305485971943888	4.308421530561123	13.35	-6.83	0.4892597695390782	0.4892597695390782	11.3	0.69	286.0	292.14	832.73	-84.34	0	1
PROTOTYPE	012380	04/15/18	23:11:17	0.5871117234468938	0.5039375626252506	24.92	15.0	4.305485971943888	4.307443011022044	12.8	-5.8	0.4892597695390782	0.4892597695390782	11.28	0.59	297.0	292.86	681.03	213.31	0	1
PROTOTYPE	012381	04/15/18	23:11:19	0.4892597695390782	0.5019805235470942	26.18	12.75	4.305485971943888	4.307443011022044	12.41	-4.93	0.4892597695390782	0.4892597695390782	11.28	0.5	298.0	293.64	664.04	196.31	0	1
PROTOTYPE	012382	04/15/18	23:11:20	0.4892597695390782	0.5000234844689379	27.15	10.84	4.305485971943888	4.307443011022044	12.12	-4.19	0.4892597695390782	0.4892597695390782	11.29	0.42	288.0	292.79	638.65	1.87	0	1
PROTOTYPE	012383	04/15/18	23:11:22	0.4892597695390782	0.4980664453907815	27.9	9.21	4.305485971943888	4.3064644914829655	11.9	-3.56	0.4892597695390782	0.4892597695390782	11.29	0.36	295.0	293.12	638.37	1.59	0	1
PROTOTYPE	012384	04/15/18	23:11:23	0.4892597695390782	0.4970879258517034	28.45	7.83	4.305485971943888	4.3064644914829655	11.73	-3.03	0.4892597695390782	0.4892597695390782	11.28	0.31	291.0	292.8	548.63	91.35	0	1
PROTOTYPE	012385	04/15/18	23:11:25	0.4892597695390782	0.49610940631262535	28.88	6.66	4.305485971943888	4.3064644914829655	11.6	-2.57	0.4892597695390782	0.4892597695390782	11.28	0.26	295.0	293.13	444.95	-12.35	0	1
PROTOTYPE	012386	04/15/18	23:11:26	0.4892597695390782	0.49513088677354705	29.21	5.66	4.305485971943888	4.3064644914829655	11.54	-2.19	0.4892597695390782	0.4892597695390782	11.3	0.22	289.0	292.51	502.87	-70.5	0	1
PROTOTYPE	012387	04/15/18	23:11:27	0.4892597695390782	0.4941523672344689	29.46	4.81	4.305485971943888	4.3064644914829655	11.48	-1.86	0.4892597695390782	0.4892597695390782	11.31	0.19	286.0	291.54	492.29	-59.93	0	1
PROTOTYPE	012388	04/15/18	23:11:29	0.4892597695390782	0.49317384769539074	15.97	-10.91	4.305485971943888	4.3064644914829655	11.43	-1.58	0.4892597695390782	0.4892597695390782	11.31	0.16	295.0	292.06	471.29	-80.94	0	1
PROTOTYPE	012389	04/15/18	23:11:30	0.4892597695390782	0.4921953281563127	14.85	-9.28	4.403337925851703	4.321142284569138	24.96	13.66	0.4892597695390782	0.4892597695390782	11.31	0.14	300.0	293.25	513.42	-38.8	0	1
PROTOTYPE	012390	04/15/18	23:11:32	0.4892597695390782	0.4921953281563127	13.97	-7.88	4.305485971943888	4.318206725951904	26.23	11.61	0.4892597695390782	0.4892597695390782	11.3	0.12	298.0	293.96	500.19	117.02	0	1
PROTOTYPE	012391	04/15/18	23:11:33	0.4892597695390782	0.4921953281563127	13.29	-6.7	4.305485971943888	4.316249686873747	27.22	9.87	0.4892597695390782	0.4892597695390782	11.29	0.1	286.0	292.77	586.42	-35.53	0	1
PROTOTYPE	012392	04/15/18	23:11:34	0.4892597695390782	0.4912168086172345	12.79	-5.7	4.305485971943888	4.31527116733467	28.01	8.39	0.4892597695390782	0.4892597695390782	11.31	0.08	291.0	292.5	581.09	-30.2	0	1
PROTOTYPE	012393	04/15/18	23:11:36	0.4892597695390782	0.4912168086172345	12.42	-4.84	4.403337925851703	4.327991921342685	40.23	22.13	0.4892597695390782	0.4892597695390782	11.32	0.07	293.0	292.58	555.73	-55.67	0	1
PROTOTYPE	012394	04/15/18	23:11:37	0.4892597695390782	0.4912168086172345	12.09	-4.12	4.403337925851703	4.339734155811623	50.41	33.81	0.4892597695390782	0.4892597695390782	11.28	0.06	272.0	289.49	802.36	-302.32	0	1
PROTOTYPE	012395	04/15/18	23:11:39	0.4892597695390782	0.49023828907815625	11.88	-3.5	4.305485971943888	4.333863038577154	54.38	28.74	0.4892597695390782	0.4892597695390782	11.29	0.05	291.0	289.72	727.36	-181.97	0	1
PROTOTYPE	012396	04/15/18	23:11:40	0.4892597695390782	0.49023828907815625	11.72	-2.97	4.305485971943888	4.329948960420842	57.61	24.43	0.4892597695390782	0.4892597695390782	11.29	0.04	294.0	290.36	739.65	-169.68	0	1
PROTOTYPE	012397	04/15/18	23:11:42	0.4892597695390782	0.49023828907815625	11.63	-2.53	4.305485971943888	4.326034882264529	46.65	5.76	0.4892597695390782	0.4892597695390782	11.32	0.04	294.0	290.9	675.12	-234.22	0	1
PROTOTYPE	012398	04/15/18	23:11:43	0.4892597695390782	0.49023828907815625	11.55	-2.15	4.305485971943888	4.323099323647295	47.42	4.9	0.4892597695390782	0.4892597695390782	11.32	0.03	292.0	291.07	620.3	-289.09	0	1
PROTOTYPE	012399	04/15/18	23:11:44	0.4892597695390782	0.49023828907815625	11.5	-1.83	4.305485971943888	4.320163765030061	48.06	4.16	0.4892597695390782	0.4892597695390782	11.34	0.03	288.0	290.61	546.95	-215.73	0	1
PROTOTYPE	012400	04/15/18	23:11:46	0.4892597695390782	0.49023828907815625	11.44	-1.55	4.305485971943888	4.318206725951904	48.55	3.54	0.4892597695390782	0.4892597695390782	11.32	0.02	295.0	291.27	586.3	-123.37	0	1
PROTOTYPE	012401	04/15/18	23:11:47	0.4892597695390782	0.4892597695390782	11.41	-1.32	4.305485971943888	4.316249686873747	37.33	-11.99	0.4892597695390782	0.4892597695390782	11.32	0.02	289.0	290.93	612.73	-164.86	0	1
PROTOTYPE	012402	04/15/18	23:11:49	0.4892597695390782	0.4892597695390782	11.41	-1.12	4.305485971943888	4.314292647795592	27.9	-25.19	0.4892597695390782	0.4892597695390782	11.35	0.02	303.0	292.74	485.18	324.87	0	1
PROTOTYPE	012403	04/15/18	23:11:50	0.4892597695390782	0.4892597695390782	11.38	-0.95	4.305485971943888	4.313314128256513	24.51	-21.41	0.4892597695390782	0.4892597695390782	11.34	0.01	296.0	293.23	511.42	351.14	0	1
PROTOTYPE	012404	04/15/18	23:11:51	0.4892597695390782	0.4892597695390782	11.39	-0.81	4.305485971943888	4.312335608717435	21.74	-18.2	0.4892597695390782	0.4892597695390782	11.36	0.01	291.0	292.89	480.59	253.47	0	1
PROTOTYPE	012405	04/15/18	23:11:53	0.4892597695390782	0.4892597695390782	11.36	-0.69	4.403337925851703	4.326034882264529	31.77	-0.47	0.4892597695390782	0.4892597695390782	11.34	0.01	299.0	293.81	517.57	290.45	0	1
PROTOTYPE	012406	04/15/18	23:11:54	0.4892597695390782	0.4892597695390782	11.43	-0.59	4.403337925851703	4.337777116733466	40.25	14.6	0.4892597695390782	0.4892597695390782	11.41	0.01	286.0	292.64	618.23	156.88	0	1
PROTOTYPE	012407	04/15/18	23:11:56	0.4892597695390782	0.4892597695390782	11.41	-0.5	4.403337925851703	4.347562312124249	47.39	27.41	0.4892597695390782	0.4892597695390782	11.4	0.01	289.0	292.09	626.76	148.35	0	1
PROTOTYPE	012408	04/15/18	23:11:57	0.4892597695390782	0.4892597695390782	11.43	-0.42	4.403337925851703	4.355390468436873	53.39	38.3	0.4892597695390782	0.4892597695390782	11.42	0.01	299.0	293.13	664.5	186.1	0	1
PROTOTYPE	012409	04/15/18	23:11:59	0.4892597695390782	0.4892597695390782	11.4	-0.36	4.403337925851703	4.363218624749499	58.4	47.55	0.4892597695390782	0.4892597695390782	11.4	0.01	301.0	294.31	748.54	338.18	0	1
PROTOTYPE	012410	04/15/18	23:12:00	0.4892597695390782	0.4892597695390782	11.38	-0.31	4.403337925851703	4.369089741983968	62.57	55.42	0.4892597695390782	0.4892597695390782	11.38	0.0	296.0	294.56	592.85	182.45	0	1
PROTOTYPE	012411	04/15/18	23:12:01	0.4892597695390782	0.4892597695390782	11.37	-0.26	4.403337925851703	4.373982339679359	66.03	62.11	0.4892597695390782	0.4892597695390782	11.37	0.0	290.0	293.88	612.36	65.09	0	1
PROTOTYPE	012412	04/15/18	23:12:03	0.4892597695390782	0.4892597695390782	11.37	-0.22	4.403337925851703	4.378874937374749	68.86	67.79	0.4892597695390782	0.4892597695390782	11.37	0.0	301.0	294.95	685.75	205.32	0	1
PROTOTYPE	012413	04/15/18	23:12:04	0.4892597695390782	0.4892597695390782	11.36	-0.19	4.305485971943888	4.367132702905812	66.09	42.62	0.4892597695390782	0.4892597695390782	11.36	0.0	296.0	295.1	610.0	129.52	0	1
PROTOTYPE	012414	04/15/18	23:12:06	0.4892597695390782	0.4892597695390782	11.28	-0.16	4.305485971943888	4.358326027054108	63.74	21.23	0.4892597695390782	0.4892597695390782	11.28	0.0	299.0	295.69	551.3	305.1	0	1
PROTOTYPE	012415	04/15/18	23:12:07	0.4892597695390782	0.4892597695390782	11.26	-0.14	4.403337925851703	4.365175663827656	60.59	18.04	0.4892597695390782	0.4892597695390782	11.26	0.0	283.0	293.79	687.05	169.33	0	1
PROTOTYPE	012416	04/15/18	23:12:08	0.4892597695390782	0.4892597695390782	11.26	-0.12	4.305485971943888	4.356368987975952	61.13	0.34	0.4892597695390782	0.4892597695390782	11.26	0.0	290.0	293.22	640.22	8.93	0	1
PROTOTYPE	012417	04/15/18	23:12:10	0.4892597695390782	0.4892597695390782	11.28	-0.1	4.403337925851703	4.363218624749499	61.08	0.29	0.4892597695390782	0.4892597695390782	11.28	0.0	287.0	292.29	615.42	-202.41	0	1
PROTOTYPE	012418	04/15/18	23:12:11	0.4892597695390782	0.4892597695390782	11.29	-0.08	4.403337925851703	4.369089741983968	61.04	0.24	0.4892597695390782	0.4892597695390782	11.29	0.0	299.0	293.29	690.75	-127.05	0	1
PROTOTYPE	012419	04/15/18	23:12:13	0.4892597695390782	0.4892597695390782	11.31	-0.07	4.403337925851703	4.373982339679359	61.01	0.21	0.4892597695390782	0.4892597695390782	11.31	0.0	282.0	291.6	791.69	-227.99	0	1
PROTOTYPE	012420	04/15/18	23:12:14	0.4892597695390782	0.4892597695390782	11.29	-0.06	4.403337925851703	4.378874937374749	60.97	0.18	0.4892597695390782	0.4892597695390782	11.29	0.0	277.0	289.41	903.83	-553.79	0	1
PROTOTYPE	012421	04/15/18	23:12:16	0.4892597695390782	0.4892597695390782	11.29	-0.05	4.403337925851703	4.382789015531062	53.73	15.15	0.4892597695390782	0.4892597695390782	11.29	0.0	294.0	290.1	956.86	-500.72	0	1
PROTOTYPE	012422	04/15/18	23:12:17	0.4892597695390782	0.4892597695390782	11.29	-0.04	4.403337925851703	4.385724574148297	47.62	27.88	0.4892597695390782	0.4892597695390782	11.29	0.0	282.0	288.88	1019.88	-680.61	0	1
PROTOTYPE	012423	04/15/18	23:12:18	0.4892597695390782	0.4892597695390782	11.31	-0.04	4.403337925851703	4.388660132765531	43.65	23.7	0.4892597695390782	0.4892597695390782	11.31	0.0	300.0	290.55	996.3	-323.52	0	1
PROTOTYPE	012424	04/15/18	23:12:20	0.4892597695390782	0.4892597695390782	11.28	-0.03	4.403337925851703	4.390617171843687	37.12	35.14	0.4892597695390782	0.4892597695390782	11.28	0.0	286.0	289.87	1007.77	-334.99	0	1
PROTOTYPE	012425	04/15/18	23:12:21	0.4892597695390782	0.4892597695390782	11.26	-0.03	4.403337925851703	4.392574210921844	32.16	29.87	0.4892597695390782	0.4892597695390782	11.26	0.0	300.0	291.39	1066.48	-89.74	0	1
PROTOTYPE	012426	04/15/18	23:12:23	0.4892597695390782	0.4892597695390782	11.25	-0.02	4.403337925851703	4.393552730460922	28.03	25.39	0.4892597695390782	0.4892597695390782	11.25	0.0	292.0	291.48	975.04	-181.28	0	1
PROTOTYPE	012427	04/15/18	23:12:24	0.4892597695390782	0.4892597695390782	11.24	-0.02	4.403337925851703	4.395509769539078	24.61	21.58	0.4892597695390782	0.4892597695390782	11.24	0.0	303.0	293.21	978.46	160.91	0	1
PROTOTYPE	012428	04/15/18	23:12:25	0.4892597695390782	0.4892597695390782	11.23	-0.02	4.403337925851703	4.396488289078156	21.79	18.34	0.4892597695390782	0.4892597695390782	11.23	0.0	288.0	292.43	837.61	301.77	0	1
PROTOTYPE	012429	04/15/18	23:12:27	0.4892597695390782	0.4892597695390782	11.23	-0.01	4.403337925851703	4.397466808617234	19.5	15.59	0.4892597695390782	0.4892597695390782	11.23	0.0	291.0	292.21	790.17	211.51	0	1
PROTOTYPE	012430	04/15/18	23:12:28	0.4892597695390782	0.4892597695390782	11.24	-0.01	4.403337925851703	4.398445328156313	17.65	13.25	0.4892597695390782	0.4892597695390782	11.24	0.0	288.0	291.58	731.9	269.78	0	1
PROTOTYPE	012431	04/15/18	23:12:30	0.4892597695390782	0.4892597695390782	11.22	-0.01	4.501189879759519	4.414101640781563	30.38	26.27	0.4892597695390782	0.4892597695390782	11.22	0.0	300.0	292.84	691.43	229.31	0	1
PROTOTYPE	012432	04/15/18	23:12:31	0.4892597695390782	0.4892597695390782	11.23	-0.01	4.403337925851703	4.412144601703407	29.81	22.33	0.4892597695390782	0.4892597695390782	11.23	0.0	276.0	290.32	875.82	44.92	0	1
PROTOTYPE	012433	04/15/18	23:12:32	0.4892597695390782	0.4892597695390782	11.24	-0.01	4.403337925851703	4.411166082164328	29.36	18.98	0.4892597695390782	0.4892597695390782	11.24	0.0	290.0	290.27	728.79	-111.82	0	1
PROTOTYPE	012434	04/15/18	23:12:34	0.4892597695390782	0.4892597695390782	11.26	-0.01	4.403337925851703	4.410187562625251	29.02	16.13	0.4892597695390782	0.4892597695390782	11.26	0.0	289.0	290.08	738.59	-140.05	0	1
PROTOTYPE	012435	04/15/18	23:12:35	0.4892597695390782	0.4892597695390782	11.25	-0.01	4.403337925851703	4.409209043086173	28.73	13.71	0.4892597695390782	0.4892597695390782	11.25	0.0	283.0	289.02	671.98	-419.04	0	1
PROTOTYPE	012436	04/15/18	23:12:37	0.4892597695390782	0.4892597695390782	11.25	-0.0	4.501189879759519	4.422908316633267	41.11	26.65	0.4892597695390782	0.4892597695390782	11.25	0.0	294.0	289.76	668.61	-266.18	0	1
PROTOTYPE	012437	04/15/18	23:12:38	0.4892597695390782	0.4892597695390782	11.26	-0.0	4.403337925851703	4.419972758016033	42.65	22.66	0.4892597695390782	0.4892597695390782	11.26	0.0	292.0	290.1	680.72	-211.26	0	1
PROTOTYPE	012438	04/15/18	23:12:39	0.4892597695390782	0.4892597695390782	11.28	-0.0	4.403337925851703	4.417037199398798	43.89	19.26	0.4892597695390782	0.4892597695390782	11.28	0.0	299.0	291.43	751.03	-14.57	0	1
PROTOTYPE	012439	04/15/18	23:12:41	0.4892597695390782	0.4892597695390782	11.29	-0.0	4.403337925851703	4.415080160320641	30.65	1.37	0.4892597695390782	0.4892597695390782	11.29	0.0	301.0	292.87	768.21	2.62	0	1
PROTOTYPE	012440	04/15/18	23:12:42	0.4892597695390782	0.4892597695390782	11.29	-0.0	4.403337925851703	4.413123121242485	30.81	1.16	0.4892597695390782	0.4892597695390782	11.29	0.0	299.0	293.79	607.52	347.22	0	1
PROTOTYPE	012441	04/15/18	23:12:44	0.4892597695390782	0.4892597695390782	11.27	-0.0	4.403337925851703	4.412144601703407	30.92	0.99	0.4892597695390782	0.4892597695390782	11.27	0.0	275.0	290.97	884.41	70.14	0	1
PROTOTYPE	012442	04/15/18	23:12:45	0.4892597695390782	0.4892597695390782	11.27	-0.0	4.403337925851703	4.410187562625251	31.02	0.84	0.4892597695390782	0.4892597695390782	11.27	0.0	303.0	292.78	1045.75	269.62	0	1
PROTOTYPE	012443	04/15/18	23:12:46	0.4892597695390782	0.4892597695390782	11.28	-0.0	4.501189879759519	4.423886836172344	43.25	15.71	0.4892597695390782	0.4892597695390782	11.28	0.0	291.0	292.51	966.22	349.18	0	1
PROTOTYPE	012444	04/15/18	23:12:48	0.4892597695390782	0.4892597695390782	11.29	-0.0	4.501189879759519	4.435629070641283	40.91	13.36	0.4892597695390782	0.4892597695390782	11.29	0.0	293.0	292.58	898.97	281.8	0	1
PROTOTYPE	012445	04/15/18	23:12:49	0.4892597695390782	0.4892597695390782	11.28	-0.0	4.403337925851703	4.430736472945893	42.79	11.35	0.4892597695390782	0.4892597695390782	11.28	0.0	298.0	293.4	946.68	329.53	0	1
PROTOTYPE	012446	04/15/18	23:12:51	0.4892597695390782	0.4892597695390782	11.27	-0.0	4.403337925851703	4.426822394789579	44.34	9.65	0.4892597695390782	0.4892597695390782	11.27	0.0	290.0	292.89	864.12	145.1	0	1
PROTOTYPE	012447	04/15/18	23:12:52	0.4892597695390782	0.4892597695390782	11.28	-0.0	4.403337925851703	4.422908316633267	45.64	8.2	0.4892597695390782	0.4892597695390782	11.28	0.0	294.0	293.05	737.41	18.34	0	1
PROTOTYPE	012448	04/15/18	23:12:54	0.4892597695390782	0.4892597695390782	11.28	-0.0	4.403337925851703	4.419972758016033	46.7	6.97	0.4892597695390782	0.4892597695390782	11.28	0.0	290.0	292.6	691.26	-119.41	0	1
PROTOTYPE	012449	04/15/18	23:12:55	0.4892597695390782	0.4892597695390782	11.28	-0.0	4.403337925851703	4.418015718937875	47.56	5.93	0.4892597695390782	0.4892597695390782	11.28	0.0	295.0	292.96	445.52	198.5	0	1
PROTOTYPE	012450	04/15/18	23:12:56	0.4892597695390782	0.4892597695390782	11.26	-0.0	4.403337925851703	4.415080160320641	48.24	5.04	0.4892597695390782	0.4892597695390782	11.26	0.0	294.0	293.11	280.8	33.72	0	1
PROTOTYPE	012451	04/15/18	23:12:58	0.4892597695390782	0.4892597695390782	11.28	-0.0	4.403337925851703	4.414101640781563	36.64	-10.72	0.4892597695390782	0.4892597695390782	11.28	0.0	299.0	294.0	342.46	148.66	0	1
PROTOTYPE	012452	04/15/18	23:12:59	0.4892597695390782	0.4892597695390782	11.3	-0.0	4.403337925851703	4.412144601703407	26.9	-24.11	0.4892597695390782	0.4892597695390782	11.3	0.0	292.0	293.7	364.93	111.36	0	1
PROTOTYPE	012453	04/15/18	23:13:01	0.4892597695390782	0.4892597695390782	11.29	-0.0	4.403337925851703	4.411166082164328	23.68	-20.49	0.4892597695390782	0.4892597695390782	11.29	0.0	295.0	293.89	303.26	49.66	0	1
PROTOTYPE	012454	04/15/18	23:13:02	0.4892597695390782	0.4892597695390782	11.28	-0.0	4.403337925851703	4.410187562625251	21.04	-17.42	0.4892597695390782	0.4892597695390782	11.28	0.0	283.0	292.26	415.7	-62.79	0	1
PROTOTYPE	012455	04/15/18	23:13:03	0.4892597695390782	0.4892597695390782	11.26	-0.0	4.403337925851703	4.409209043086173	18.89	-14.81	0.4892597695390782	0.4892597695390782	11.26	0.0	300.0	293.42	515.06	36.63	0	1
PROTOTYPE	012456	04/15/18	23:13:05	0.4892597695390782	0.4892597695390782	11.26	-0.0	4.403337925851703	4.408230523547094	17.16	-12.59	0.4892597695390782	0.4892597695390782	11.26	0.0	287.0	292.46	565.55	-13.87	0	1
PROTOTYPE	012457	04/15/18	23:13:06	0.4892597695390782	0.4892597695390782	11.28	-0.0	4.403337925851703	4.407252004008016	15.79	-10.7	0.4892597695390782	0.4892597695390782	11.28	0.0	283.0	291.04	671.3	-191.79	0	1
PROTOTYPE	012458	04/15/18	23:13:08	0.4892597695390782	0.4892597695390782	11.28	-0.0	4.403337925851703	4.4062734844689375	14.7	-9.09	0.4892597695390782	0.4892597695390782	11.28	0.0	295.0	291.63	715.02	-148.02	0	1
PROTOTYPE	012459	04/15/18	23:13:09	0.4892597695390782	0.4892597695390782	11.27	-0.0	4.403337925851703	4.4062734844689375	13.86	-7.73	0.4892597695390782	0.4892597695390782	11.27	0.0	292.0	291.69	632.39	-230.81	0	1
PROTOTYPE	012460	04/15/18	23:13:10	0.4892597695390782	0.4892597695390782	11.24	-0.0	4.403337925851703	4.40529496492986	13.18	-6.57	0.4892597695390782	0.4892597695390782	11.24	0.0	287.0	290.98	672.75	-271.19	0	1
PROTOTYPE	012461	04/15/18	23:13:12	0.4892597695390782	0.4892597695390782	11.24	-0.0	4.403337925851703	4.40529496492986	12.68	-5.58	0.4892597695390782	0.4892597695390782	11.24	0.0	279.0	289.19	832.91	-470.51	0	1
PROTOTYPE	012462	04/15/18	23:13:13	0.4892597695390782	0.4892597695390782	11.22	-0.0	4.403337925851703	4.40529496492986	12.28	-4.75	0.4892597695390782	0.4892597695390782	11.22	0.0	290.0	289.31	681.81	-294.94	0	1
PROTOTYPE	012463	04/15/18	23:13:15	0.4892597695390782	0.4892597695390782	11.23	-0.0	4.403337925851703	4.40529496492986	12.01	-4.03	0.4892597695390782	0.4892597695390782	11.23	0.0	297.0	290.46	681.05	-295.7	0	1
PROTOTYPE	012464	04/15/18	23:13:16	0.4892597695390782	0.4892597695390782	11.23	-0.0	4.403337925851703	4.404316445390782	11.8	-3.43	0.4892597695390782	0.4892597695390782	11.23	0.0	284.0	289.49	681.7	-296.34	0	1
PROTOTYPE	012465	04/15/18	23:13:17	0.4892597695390782	0.4892597695390782	11.23	-0.0	4.403337925851703	4.404316445390782	11.65	-2.92	0.4892597695390782	0.4892597695390782	11.23	0.0	291.0	289.72	562.49	-131.89	0	1
PROTOTYPE	012466	04/15/18	23:13:19	0.4892597695390782	0.4892597695390782	11.23	-0.0	4.403337925851703	4.404316445390782	11.53	-2.48	0.4892597695390782	0.4892597695390782	11.23	0.0	285.0	289.01	573.84	-262.11	0	1
PROTOTYPE	012467	04/15/18	23:13:20	0.4892597695390782	0.4892597695390782	11.23	-0.0	4.403337925851703	4.404316445390782	11.45	-2.11	0.4892597695390782	0.4892597695390782	11.23	0.0	293.0	289.61	628.0	-207.79	0	1
PROTOTYPE	012468	04/15/18	23:13:22	0.4892597695390782	0.4892597695390782	11.25	-0.0	4.403337925851703	4.404316445390782	11.41	-1.79	0.4892597695390782	0.4892597695390782	11.25	0.0	279.0	288.02	716.82	-296.62	0	1
PROTOTYPE	012469	04/15/18	23:13:23	0.4892597695390782	0.4892597695390782	11.25	-0.0	4.403337925851703	4.404316445390782	11.36	-1.52	0.4892597695390782	0.4892597695390782	11.25	0.0	297.0	289.37	671.79	17.87	0	1
PROTOTYPE	012470	04/15/18	23:13:25	0.4892597695390782	0.4892597695390782	11.27	-0.0	4.403337925851703	4.403337925851703	11.35	-1.29	0.4892597695390782	0.4892597695390782	11.27	0.0	290.0	289.46	669.13	15.19	0	1
PROTOTYPE	012471	04/15/18	23:13:26	0.4892597695390782	0.4892597695390782	11.28	-0.0	4.403337925851703	4.403337925851703	11.34	-1.1	0.4892597695390782	0.4892597695390782	11.28	0.0	296.0	290.44	651.85	-2.09	0	1
PROTOTYPE	012472	04/15/18	23:13:27	0.4892597695390782	0.4892597695390782	11.28	-0.0	4.403337925851703	4.403337925851703	11.32	-0.93	0.4892597695390782	0.4892597695390782	11.28	0.0	298.0	291.58	668.29	208.23	0	1
PROTOTYPE	012473	04/15/18	23:13:29	0.4892597695390782	0.4892597695390782	11.29	-0.0	4.305485971943888	4.388660132765531	25.02	-15.79	0.4892597695390782	0.4892597695390782	11.29	0.0	290.0	291.34	669.32	161.99	0	1
PROTOTYPE	012474	04/15/18	23:13:30	0.4892597695390782	0.4892597695390782	11.29	-0.0	4.305485971943888	4.376917898296593	36.48	-28.43	0.4892597695390782	0.4892597695390782	11.29	0.0	282.0	289.94	738.61	92.69	0	1
PROTOTYPE	012475	04/15/18	23:13:32	0.4892597695390782	0.4892597695390782	11.27	-0.0	4.305485971943888	4.366154183366733	46.02	-39.16	0.4892597695390782	0.4892597695390782	11.27	0.0	294.0	290.55	739.7	93.79	0	1
PROTOTYPE	012476	04/15/18	23:13:33	0.4892597695390782	0.4892597695390782	11.28	-0.0	4.305485971943888	4.356368987975952	53.95	-48.29	0.4892597695390782	0.4892597695390782	11.28	0.0	285.0	289.72	663.78	169.72	0	1
PROTOTYPE	012477	04/15/18	23:13:34	0.4892597695390782	0.4892597695390782	11.29	-0.0	4.305485971943888	4.349519351202405	60.53	-56.04	0.4892597695390782	0.4892597695390782	11.29	0.0	293.0	290.21	578.33	84.26	0	1
PROTOTYPE	012478	04/15/18	23:13:36	0.4892597695390782	0.4892597695390782	11.29	-0.0	4.305485971943888	4.342669714428858	65.94	-62.64	0.4892597695390782	0.4892597695390782	11.29	0.0	297.0	291.23	670.6	176.62	0	1
PROTOTYPE	012479	04/15/18	23:13:37	0.4892597695390782	0.4892597695390782	11.29	-0.0	4.305485971943888	4.336798597194389	70.37	-68.24	0.4892597695390782	0.4892597695390782	11.29	0.0	293.0	291.49	599.13	105.13	0	1
PROTOTYPE	012480	04/15/18	23:13:39	0.4892597695390782	0.4892597695390782	11.29	-0.0	4.305485971943888	4.331905999498998	73.99	-73.01	0.4892597695390782	0.4892597695390782	11.29	0.0	293.0	291.72	508.4	14.36	0	1
PROTOTYPE	012481	04/15/18	23:13:40	0.4892597695390782	0.4892597695390782	11.26	-0.0	4.305485971943888	4.327991921342685	63.21	-62.05	0.4892597695390782	0.4892597695390782	11.26	0.0	284.0	290.56	600.52	-77.79	0	1
PROTOTYPE	012482	04/15/18	23:13:41	0.4892597695390782	0.4892597695390782	11.28	-0.0	4.305485971943888	4.3250563627254515	54.1	-52.75	0.4892597695390782	0.4892597695390782	11.28	0.0	291.0	290.63	467.16	68.88	0	1
PROTOTYPE	012483	04/15/18	23:13:43	0.4892597695390782	0.4892597695390782	11.29	-0.0	4.305485971943888	4.322120804108216	46.42	-44.83	0.4892597695390782	0.4892597695390782	11.29	0.0	294.0	291.13	456.84	58.54	0	1
PROTOTYPE	012484	04/15/18	23:13:44	0.4892597695390782	0.4892597695390782	11.29	-0.0	4.305485971943888	4.319185245490982	39.96	-38.11	0.4892597695390782	0.4892597695390782	11.29	0.0	289.0	290.81	405.64	109.76	0	1
PROTOTYPE	012485	04/15/18	23:13:46	0.4892597695390782	0.4892597695390782	11.28	-0.0	4.305485971943888	4.317228206412826	34.53	-32.39	0.4892597695390782	0.4892597695390782	11.28	0.0	297.0	291.74	449.16	153.3	0	1
PROTOTYPE	012486	04/15/18	23:13:47	0.4892597695390782	0.4892597695390782	11.27	-0.0	4.305485971943888	4.31527116733467	30.0	-27.53	0.4892597695390782	0.4892597695390782	11.27	0.0	285.0	290.73	448.4	-49.7	0	1
PROTOTYPE	012487	04/15/18	23:13:49	0.4892597695390782	0.4892597695390782	11.27	-0.0	4.305485971943888	4.314292647795592	26.25	-23.4	0.4892597695390782	0.4892597695390782	11.27	0.0	296.0	291.52	500.83	2.76	0	1
PROTOTYPE	012488	04/15/18	23:13:50	0.4892597695390782	0.4892597695390782	11.26	-0.0	4.305485971943888	4.312335608717435	23.14	-19.89	0.4892597695390782	0.4892597695390782	11.26	0.0	277.0	289.34	695.98	-237.66	0	1
PROTOTYPE	012489	04/15/18	23:13:51	0.4892597695390782	0.4892597695390782	11.26	-0.0	4.305485971943888	4.311357089178357	20.59	-16.91	0.4892597695390782	0.4892597695390782	11.26	0.0	300.0	290.94	740.06	37.99	0	1
PROTOTYPE	012490	04/15/18	23:13:53	0.4892597695390782	0.4892597695390782	11.25	-0.0	4.305485971943888	4.310378569639278	18.53	-14.37	0.4892597695390782	0.4892597695390782	11.25	0.0	283.0	289.75	852.45	-87.71	0	1
PROTOTYPE	012491	04/15/18	23:13:54	0.4892597695390782	0.4892597695390782	11.26	-0.0	4.305485971943888	4.310378569639278	16.88	-12.22	0.4892597695390782	0.4892597695390782	11.26	0.0	294.0	290.39	865.6	-74.55	0	1
PROTOTYPE	012492	04/15/18	23:13:56	0.4892597695390782	0.4892597695390782	11.26	-0.0	4.305485971943888	4.3094000501002006	15.57	-10.38	0.4892597695390782	0.4892597695390782	11.26	0.0	282.0	289.13	959.4	-168.37	0	1
PROTOTYPE	012493	04/15/18	23:13:57	0.4892597695390782	0.4892597695390782	11.24	-0.0	4.305485971943888	4.308421530561123	14.51	-8.83	0.4892597695390782	0.4892597695390782	11.24	0.0	283.0	288.21	958.53	-353.11	0	1
PROTOTYPE	012494	04/15/18	23:13:58	0.4892597695390782	0.4892597695390782	11.23	-0.0	4.305485971943888	4.308421530561123	13.69	-7.5	0.4892597695390782	0.4892597695390782	11.23	0.0	291.0	288.63	899.28	-210.15	0	1
PROTOTYPE	012495	04/15/18	23:14:00	0.4892597695390782	0.4892597695390782	11.22	-0.0	4.305485971943888	4.307443011022044	13.06	-6.38	0.4892597695390782	0.4892597695390782	11.22	0.0	290.0	288.83	840.84	-268.62	0	1
PROTOTYPE	012496	04/15/18	23:14:01	0.4892597695390782	0.4892597695390782	11.22	-0.0	4.305485971943888	4.307443011022044	12.58	-5.42	0.4892597695390782	0.4892597695390782	11.22	0.0	293.0	289.46	685.53	11.67	0	1
PROTOTYPE	012497	04/15/18	23:14:03	0.4892597695390782	0.4892597695390782	11.25	-0.0	4.305485971943888	4.307443011022044	12.25	-4.61	0.4892597695390782	0.4892597695390782	11.25	0.0	302.0	291.34	713.78	39.92	0	1
PROTOTYPE	012498	04/15/18	23:14:04	0.4892597695390782	0.4892597695390782	11.24	-0.0	4.305485971943888	4.3064644914829655	11.98	-3.92	0.4892597695390782	0.4892597695390782	11.24	0.0	296.0	292.04	664.57	228.93	0	1
PROTOTYPE	012499	04/15/18	23:14:05	0.4892597695390782	0.4892597695390782	11.23	-0.0	4.305485971943888	4.3064644914829655	11.77	-3.33	0.4892597695390782	0.4892597695390782	11.23	0.0	288.0	291.43	661.4	104.59	0	1
PROTOTYPE	012500	04/15/18	23:14:07	0.4892597695390782	0.4892597695390782	11.21	-0.0	4.403337925851703	4.321142284569138	25.07	12.17	0.4892597695390782	0.4892597695390782	11.21	0.0	282.0	290.02	677.09	88.9	0	1
PROTOTYPE	012501	04/15/18	23:14:08	0.4892597695390782	0.4892597695390782	11.22	-0.0	4.305485971943888	4.319185245490982	26.35	10.34	0.4892597695390782	0.4892597695390782	11.22	0.0	287.0	289.57	630.44	135.57	0	1
PROTOTYPE	012502	04/15/18	23:14:10	0.4892597695390782	0.4892597695390782	11.23	-0.0	4.305485971943888	4.317228206412826	27.36	8.79	0.4892597695390782	0.4892597695390782	11.23	0.0	286.0	289.03	642.06	40.23	0	1
PROTOTYPE	012503	04/15/18	23:14:11	0.4892597695390782	0.4892597695390782	11.23	-0.0	4.305485971943888	4.31527116733467	28.12	7.47	0.4892597695390782	0.4892597695390782	11.23	0.0	294.0	289.78	695.99	94.2	0	1
PROTOTYPE	012504	04/15/18	23:14:12	0.4892597695390782	0.4892597695390782	11.23	-0.0	4.305485971943888	4.313314128256513	28.72	6.35	0.4892597695390782	0.4892597695390782	11.23	0.0	285.0	289.06	705.15	-39.93	0	1
PROTOTYPE	012505	04/15/18	23:14:14	0.4892597695390782	0.4892597695390782	11.21	-0.0	4.403337925851703	4.327013401803607	41.08	20.4	0.4892597695390782	0.4892597695390782	11.21	0.0	295.0	289.95	606.14	-138.94	0	1
PROTOTYPE	012506	04/15/18	23:14:15	0.4892597695390782	0.4892597695390782	11.22	-0.0	4.403337925851703	4.338755636272546	51.42	32.34	0.4892597695390782	0.4892597695390782	11.22	0.0	282.0	288.76	655.5	-328.1	0	1
PROTOTYPE	012507	04/15/18	23:14:17	0.4892597695390782	0.4892597695390782	11.22	-0.0	4.403337925851703	4.3485408316633265	60.02	42.49	0.4892597695390782	0.4892597695390782	11.22	0.0	298.0	290.14	733.53	-128.89	0	1
PROTOTYPE	012508	04/15/18	23:14:18	0.4892597695390782	0.4892597695390782	11.23	-0.0	4.403337925851703	4.356368987975952	53.7	36.12	0.4892597695390782	0.4892597695390782	11.23	0.0	292.0	290.42	619.89	40.45	0	1
PROTOTYPE	012509	04/15/18	23:14:19	0.4892597695390782	0.4892597695390782	11.24	-0.0	4.403337925851703	4.363218624749499	58.23	45.7	0.4892597695390782	0.4892597695390782	11.24	0.0	295.0	291.11	643.27	154.38	0	1
PROTOTYPE	012510	04/15/18	23:14:21	0.4892597695390782	0.4892597695390782	11.25	-0.0	4.305485971943888	4.354411948897796	64.76	38.84	0.4892597695390782	0.4892597695390782	11.25	0.0	292.0	291.24	603.21	221.22	0	1
PROTOTYPE	012511	04/15/18	23:14:22	0.4892597695390782	0.4892597695390782	11.24	-0.0	4.305485971943888	4.347562312124249	70.21	33.02	0.4892597695390782	0.4892597695390782	11.24	0.0	279.0	289.41	712.3	-36.96	0	1
PROTOTYPE	012512	04/15/18	23:14:24	0.4892597695390782	0.4892597695390782	11.27	-0.0	4.403337925851703	4.355390468436873	76.87	43.06	0.4892597695390782	0.4892597695390782	11.27	0.0	292.0	289.8	679.58	73.58	0	1
PROTOTYPE	012513	04/15/18	23:14:25	0.4892597695390782	0.4892597695390782	11.28	-0.0	4.403337925851703	4.363218624749499	70.47	36.6	0.4892597695390782	0.4892597695390782	11.28	0.0	298.0	291.03	713.54	107.55	0	1
PROTOTYPE	012514	04/15/18	23:14:26	0.4892597695390782	0.4892597695390782	11.28	-0.0	4.403337925851703	4.369089741983968	65.06	31.11	0.4892597695390782	0.4892597695390782	11.28	0.0	295.0	291.62	653.89	286.41	0	1
PROTOTYPE	012515	04/15/18	23:14:28	0.4892597695390782	0.4892597695390782	11.28	-0.0	4.403337925851703	4.373982339679359	60.48	26.45	0.4892597695390782	0.4892597695390782	11.28	0.0	291.0	291.53	524.69	138.45	0	1
PROTOTYPE	012516	04/15/18	23:14:29	0.4892597695390782	0.4892597695390782	11.26	-0.0	4.403337925851703	4.378874937374749	56.6	22.48	0.4892597695390782	0.4892597695390782	11.26	0.0	299.0	292.65	608.9	222.68	0	1
PROTOTYPE	012517	04/15/18	23:14:31	0.4892597695390782	0.4892597695390782	11.28	-0.0	4.403337925851703	4.381810495991984	53.35	19.11	0.4892597695390782	0.4892597695390782	11.28	0.0	279.0	290.6	744.97	-50.72	0	1
PROTOTYPE	012518	04/15/18	23:14:32	0.4892597695390782	0.4892597695390782	11.28	-0.0	4.403337925851703	4.385724574148297	47.86	31.24	0.4892597695390782	0.4892597695390782	11.28	0.0	293.0	290.96	767.54	-28.11	0	1
PROTOTYPE	012519	04/15/18	23:14:34	0.4892597695390782	0.4892597695390782	11.29	-0.0	4.305485971943888	4.37300382014028	52.5	26.56	0.4892597695390782	0.4892597695390782	11.29	0.0	294.0	291.42	629.48	201.11	0	1
PROTOTYPE	012520	04/15/18	23:14:35	0.4892597695390782	0.4892597695390782	11.28	-0.0	4.305485971943888	4.363218624749499	54.33	7.57	0.4892597695390782	0.4892597695390782	11.28	0.0	296.0	292.1	659.3	230.94	0	1
PROTOTYPE	012521	04/15/18	23:14:36	0.4892597695390782	0.4892597695390782	11.26	-0.0	4.305485971943888	4.354411948897796	55.87	-8.56	0.4892597695390782	0.4892597695390782	11.26	0.0	308.0	294.49	774.66	346.3	0	1
PROTOTYPE	012522	04/15/18	23:14:38	0.4892597695390782	0.4892597695390782	11.24	-0.0	4.305485971943888	4.347562312124249	57.18	-22.28	0.4892597695390782	0.4892597695390782	11.24	0.0	290.0	293.82	782.39	219.35	0	1
PROTOTYPE	012523	04/15/18	23:14:39	0.4892597695390782	0.4892597695390782	11.23	-0.0	4.305485971943888	4.340712675350701	58.28	-33.94	0.4892597695390782	0.4892597695390782	11.23	0.0	293.0	293.69	785.26	216.45	0	1
PROTOTYPE	012524	04/15/18	23:14:41	0.4892597695390782	0.4892597695390782	11.26	-0.0	4.305485971943888	4.3358200776553115	59.21	-43.85	0.4892597695390782	0.4892597695390782	11.26	0.0	298.0	294.34	737.8	168.98	0	1
PROTOTYPE	012525	04/15/18	23:14:42	0.4892597695390782	0.4892597695390782	11.25	-0.0	4.305485971943888	4.33092747995992	59.98	-52.27	0.4892597695390782	0.4892597695390782	11.25	0.0	280.0	292.19	748.15	158.64	0	1
PROTOTYPE	012526	04/15/18	23:14:43	0.4892597695390782	0.4892597695390782	11.27	-0.0	4.305485971943888	4.327013401803607	60.64	-59.43	0.4892597695390782	0.4892597695390782	11.27	0.0	294.0	292.46	739.37	149.84	0	1
PROTOTYPE	012527	04/15/18	23:14:45	0.4892597695390782	0.4892597695390782	11.29	-0.0	4.305485971943888	4.324077843186373	51.94	-50.51	0.4892597695390782	0.4892597695390782	11.29	0.0	296.0	292.99	746.89	157.36	0	1
PROTOTYPE	012528	04/15/18	23:14:46	0.4892597695390782	0.4892597695390782	11.28	-0.0	4.305485971943888	4.321142284569138	44.59	-42.94	0.4892597695390782	0.4892597695390782	11.28	0.0	284.0	291.64	813.01	-46.24	0	1
PROTOTYPE	012529	04/15/18	23:14:48	0.4892597695390782	0.4892597695390782	11.29	-0.0	4.403337925851703	4.333863038577154	48.3	-21.5	0.4892597695390782	0.4892597695390782	11.29	0.0	295.0	292.15	624.96	-234.3	0	1
PROTOTYPE	012530	04/15/18	23:14:49	0.4892597695390782	0.4892597695390782	11.32	-0.0	4.403337925851703	4.343648233967936	51.44	-3.27	0.4892597695390782	0.4892597695390782	11.32	0.0	288.0	291.52	619.82	-229.16	0	1
PROTOTYPE	012531	04/15/18	23:14:50	0.4892597695390782	0.4892597695390782	11.33	-0.0	4.403337925851703	4.352454909819639	54.09	12.22	0.4892597695390782	0.4892597695390782	11.33	0.0	295.0	292.05	659.66	-164.78	0	1
PROTOTYPE	012532	04/15/18	23:14:52	0.4892597695390782	0.4892597695390782	11.32	-0.0	4.305485971943888	4.3456052730460915	55.88	10.39	0.4892597695390782	0.4892597695390782	11.32	0.0	289.0	291.59	640.75	-275.07	0	1
PROTOTYPE	012533	04/15/18	23:14:53	0.4892597695390782	0.4892597695390782	11.3	-0.0	4.305485971943888	4.339734155811623	57.38	8.83	0.4892597695390782	0.4892597695390782	11.3	0.0	295.0	292.1	476.84	-8.81	0	1
PROTOTYPE	012534	04/15/18	23:14:55	0.4892597695390782	0.4892597695390782	11.28	-0.0	4.305485971943888	4.334841558116231	58.64	7.5	0.4892597695390782	0.4892597695390782	11.28	0.0	286.0	291.19	541.15	-127.49	0	1
PROTOTYPE	012535	04/15/18	23:14:56	0.4892597695390782	0.4892597695390782	11.26	-0.0	4.403337925851703	4.344626753507014	65.63	21.38	0.4892597695390782	0.4892597695390782	11.26	0.0	301.0	292.66	635.26	-33.36	0	1
PROTOTYPE	012536	04/15/18	23:14:57	0.4892597695390782	0.4892597695390782	11.26	-0.0	4.403337925851703	4.353433429358718	71.53	33.17	0.4892597695390782	0.4892597695390782	11.26	0.0	292.0	292.56	510.35	91.64	0	1
PROTOTYPE	012537	04/15/18	23:14:59	0.4892597695390782	0.4892597695390782	11.28	-0.0	4.403337925851703	4.361261585671342	66.61	28.2	0.4892597695390782	0.4892597695390782	11.28	0.0	288.0	291.88	528.36	-27.1	0	1
PROTOTYPE	012538	04/15/18	23:15:00	0.4892597695390782	0.4892597695390782	11.28	-0.0	4.403337925851703	4.367132702905812	62.44	23.97	0.4892597695390782	0.4892597695390782	11.28	0.0	275.0	289.34	719.28	-218.04	0	1
PROTOTYPE	012539	04/15/18	23:15:02	0.4892597695390782	0.4892597695390782	11.27	-0.0	4.403337925851703	4.37300382014028	58.91	20.37	0.4892597695390782	0.4892597695390782	11.27	0.0	295.0	290.19	751.98	-185.33	0	1
PROTOTYPE	012540	04/15/18	23:15:03	0.4892597695390782	0.4892597695390782	11.28	-0.0	4.501189879759519	4.392574210921844	71.24	47.32	0.4892597695390782	0.4892597695390782	11.28	0.0	303.0	292.11	898.4	52.47	0	1
PROTOTYPE	012541	04/15/18	23:15:05	0.4892597695390782	0.4892597695390782	11.32	-0.0	4.501189879759519	4.408230523547094	81.69	70.22	0.4892597695390782	0.4892597695390782	11.32	0.0	290.0	291.8	878.94	-30.4	0	1
PROTOTYPE	012542	04/15/18	23:15:06	0.4892597695390782	0.4892597695390782	11.31	-0.0	4.501189879759519	4.421929797094188	90.53	89.69	0.4892597695390782	0.4892597695390782	11.31	0.0	291.0	291.68	799.45	49.16	0	1
PROTOTYPE	012543	04/15/18	23:15:07	0.4892597695390782	0.4892597695390782	11.31	-0.0	4.501189879759519	4.434650551102204	92.07	91.23	0.4892597695390782	0.4892597695390782	11.31	0.0	299.0	292.78	762.08	11.78	0	1
PROTOTYPE	012544	04/15/18	23:15:09	0.4892597695390782	0.4892597695390782	11.32	-0.0	4.501189879759519	4.444435746492986	93.37	92.55	0.4892597695390782	0.4892597695390782	11.32	0.0	289.0	292.21	808.77	-34.98	0	1
PROTOTYPE	012545	04/15/18	23:15:10	0.4892597695390782	0.4892597695390782	11.31	-0.0	4.501189879759519	4.453242422344689	94.47	93.67	0.4892597695390782	0.4892597695390782	11.31	0.0	286.0	291.28	833.52	-59.74	0	1
PROTOTYPE	012546	04/15/18	23:15:12	0.4892597695390782	0.4892597695390782	11.3	-0.0	4.501189879759519	4.460092059118236	95.4	94.62	0.4892597695390782	0.4892597695390782	11.3	0.0	292.0	291.39	591.31	204.22	0	1
PROTOTYPE	012547	04/15/18	23:15:13	0.4892597695390782	0.4892597695390782	11.31	-0.0	4.501189879759519	4.465963176352705	96.19	95.42	0.4892597695390782	0.4892597695390782	11.31	0.0	288.0	290.88	557.27	68.59	0	1
PROTOTYPE	012548	04/15/18	23:15:14	0.4892597695390782	0.4892597695390782	11.31	-0.0	4.501189879759519	4.471834293587174	82.01	81.11	0.4892597695390782	0.4892597695390782	11.31	0.0	292.0	291.05	382.04	-106.7	0	1
PROTOTYPE	012549	04/15/18	23:15:16	0.4892597695390782	0.4892597695390782	11.28	-0.0	4.501189879759519	4.475748371743488	69.99	68.94	0.4892597695390782	0.4892597695390782	11.28	0.0	293.0	291.34	379.64	-45.69	1	0
PROTOTYPE	012550	04/15/18	23:15:17	0.4892597695390782	0.4892597695390782	11.27	-0.0	4.599041833667335	4.494340242985972	74.63	73.6	0.4892597695390782	0.4892597695390782	11.27	0.0	299.0	292.49	482.53	81.16	1	0
PROTOTYPE	012551	04/15/18	23:15:19	0.4892597695390782	0.4892597695390782	11.25	-0.0	4.7947457414829655	4.539352141783567	108.53	107.56	0.4892597695390782	0.4892597695390782	11.25	0.0	294.0	292.72	395.39	-6.01	1	0
PROTOTYPE	012552	04/15/18	23:15:20	0.4892597695390782	0.4892597695390782	11.27	-0.0	4.892597695390782	4.592192196893788	152.32	151.43	0.4892597695390782	0.4892597695390782	11.27	0.0	283.0	291.26	484.47	-95.11	1	0
PROTOTYPE	012553	04/15/18	23:15:21	0.4892597695390782	0.4892597695390782	11.26	-0.0	4.990449649298597	4.651881888777555	204.5	203.71	0.4892597695390782	0.4892597695390782	11.26	0.0	304.0	293.17	582.46	189.16	1	0
PROTOTYPE	012554	04/15/18	23:15:23	0.4892597695390782	0.4892597695390782	11.26	-0.0	5.088301603206413	4.717442697895792	263.83	263.16	0.4892597695390782	0.4892597695390782	11.26	0.0	296.0	293.59	614.02	220.78	1	0
PROTOTYPE	012555	04/15/18	23:15:24	0.4892597695390782	0.4892597695390782	11.26	-0.0	5.088301603206413	4.773218311623246	314.22	313.68	0.4892597695390782	0.4892597695390782	11.26	0.0	308.0	295.75	779.31	487.66	1	0
PROTOTYPE	012556	04/15/18	23:15:26	0.4892597695390782	0.4892597695390782	11.25	-0.0	5.1861535571142285	4.83486504258517	372.0	371.63	0.4892597695390782	0.4892597695390782	11.25	0.0	299.0	296.24	811.12	519.51	1	0
PROTOTYPE	012557	04/15/18	23:15:27	0.4892597695390782	0.4892597695390782	11.27	-0.0	5.284005511022044	4.9023828907815625	436.06	435.89	0.4892597695390782	0.4892597695390782	11.27	0.0	287.0	294.86	920.41	351.59	1	0
PROTOTYPE	012558	04/15/18	23:15:29	0.4892597695390782	0.4892597695390782	11.29	-0.0	5.284005511022044	4.960115543587174	475.64	475.5	0.4892597695390782	0.4892597695390782	11.29	0.0	302.0	295.93	912.67	343.85	1	0
PROTOTYPE	012559	04/15/18	23:15:30	0.4892597695390782	0.4892597695390782	11.31	-0.0	5.38185746492986	5.022740794088176	494.31	494.18	0.4892597695390782	0.4892597695390782	11.31	0.0	294.0	295.64	918.9	292.27	1	0
PROTOTYPE	012560	04/15/18	23:15:31	0.4892597695390782	0.4892597695390782	11.28	-0.0	5.38185746492986	5.076559368737476	495.18	495.05	0.4892597695390782	0.4892597695390782	11.28	0.0	292.0	295.09	827.75	383.43	1	0
PROTOTYPE	012561	04/15/18	23:15:33	0.4892597695390782	0.4892597695390782	11.28	-0.0	5.479709418837675	5.137227580160321	495.92	495.79	0.4892597695390782	0.4892597695390782	11.28	0.0	298.0	295.53	680.26	235.92	1	0
PROTOTYPE	012562	04/15/18	23:15:34	0.4892597695390782	0.4892597695390782	11.29	-0.0	5.479709418837675	5.189089115731463	481.56	481.42	0.4892597695390782	0.4892597695390782	11.29	0.0	298.0	295.9	674.87	230.53	1	0
PROTOTYPE	012563	04/15/18	23:15:36	0.4892597695390782	0.4892597695390782	11.29	-0.0	5.479709418837675	5.232143975450902	469.35	469.21	0.4892597695390782	0.4892597695390782	11.29	0.0	288.0	294.71	577.27	-104.05	1	0
PROTOTYPE	012564	04/15/18	23:15:37	0.4892597695390782	0.4892597695390782	11.28	-0.0	5.577561372745492	5.284005511022044	458.97	458.83	0.4892597695390782	0.4892597695390782	11.28	0.0	295.0	294.76	533.08	-148.44	1	0
PROTOTYPE	012565	04/15/18	23:15:38	0.4892597695390782	0.4892597695390782	11.27	-0.0	5.577561372745492	5.3280388902805615	435.15	435.0	0.4892597695390782	0.4892597695390782	11.27	0.0	302.0	295.84	503.1	98.82	0	0
PROTOTYPE	012566	04/15/18	23:15:40	0.4892597695390782	0.4892597695390782	11.26	-0.0	4.207634018036073	5.1597335295591185	548.41	204.75	0.4892597695390782	0.4892597695390782	11.26	0.0	298.0	296.17	428.3	24.0	0	0
