Dev_id	Index	Date	Time	Sensor1	Sensor1_Filter	Sensor1_LL	Sensor1_Diff	Sensor2	Sensor2_Filter	Sensor2_LL	Sensor2_Diff	Sensor3	Sensor3_Filter	Sensor3_LL	Sensor3_Diff	Sensor4	Sensor4_Filter	Sensor4_LL	Sensor4_Diff	Heater_Status	FSM_Status
PROTOTYPE	004767	04/15/18	20:12:35	0.4892597695390782	0.4921953281563127	13.21	-6.7	4.305485971943888	4.30450745240481	11.77	3.46	0.4892597695390782	0.4892597695390782	11.19	-0.0	296.0	292.82	568.98	-136.35	0	1
PROTOTYPE	004768	04/15/18	20:12:37	0.4892597695390782	0.4912168086172345	12.71	-5.7	4.305485971943888	4.30450745240481	11.63	2.94	0.4892597695390782	0.4892597695390782	11.21	-0.0	289.0	292.24	613.84	-205.89	0	1
PROTOTYPE	004769	04/15/18	20:12:38	0.4892597695390782	0.4912168086172345	12.32	-4.84	4.305485971943888	4.30450745240481	11.52	2.5	0.4892597695390782	0.4892597695390782	11.21	-0.0	290.0	291.91	552.98	-145.01	0	1
PROTOTYPE	004770	04/15/18	20:12:40	0.4892597695390782	0.4912168086172345	12.05	-4.12	4.305485971943888	4.30450745240481	11.46	2.12	0.4892597695390782	0.4892597695390782	11.24	-0.0	294.0	292.22	384.05	86.74	0	1
PROTOTYPE	004771	04/15/18	20:12:41	0.4892597695390782	0.49023828907815625	11.84	-3.5	4.305485971943888	4.30450745240481	11.41	1.81	0.4892597695390782	0.4892597695390782	11.25	-0.0	298.0	293.09	416.03	118.73	0	1
PROTOTYPE	004772	04/15/18	20:12:43	0.4892597695390782	0.49023828907815625	11.69	-2.97	4.305485971943888	4.30450745240481	11.38	1.53	0.4892597695390782	0.4892597695390782	11.26	-0.0	288.0	292.32	490.32	40.92	0	1
PROTOTYPE	004773	04/15/18	20:12:44	0.4892597695390782	0.49023828907815625	11.58	-2.53	4.305485971943888	4.305485971943888	11.35	1.3	0.4892597695390782	0.4892597695390782	11.27	-0.0	293.0	292.43	409.27	-40.22	0	1
PROTOTYPE	004774	04/15/18	20:12:45	0.4892597695390782	0.49023828907815625	11.58	-2.15	4.305485971943888	4.305485971943888	11.41	1.11	0.4892597695390782	0.4892597695390782	11.35	-0.0	296.0	292.96	405.46	70.82	0	1
PROTOTYPE	004775	04/15/18	20:12:47	0.4892597695390782	0.49023828907815625	11.52	-1.83	4.305485971943888	4.305485971943888	11.4	0.94	0.4892597695390782	0.4892597695390782	11.36	-0.0	300.0	294.02	454.83	120.19	0	1
PROTOTYPE	004776	04/15/18	20:12:48	0.4892597695390782	0.49023828907815625	11.46	-1.55	4.305485971943888	4.305485971943888	11.37	0.8	0.4892597695390782	0.4892597695390782	11.34	-0.0	288.0	293.12	487.85	87.16	0	1
PROTOTYPE	004777	04/15/18	20:12:50	0.4892597695390782	0.4892597695390782	11.44	-1.32	4.305485971943888	4.305485971943888	11.38	0.68	0.4892597695390782	0.4892597695390782	11.36	-0.0	291.0	292.8	485.93	89.09	0	1
PROTOTYPE	004778	04/15/18	20:12:51	0.4892597695390782	0.4892597695390782	11.41	-1.12	4.305485971943888	4.305485971943888	11.36	0.58	0.4892597695390782	0.4892597695390782	11.35	-0.0	289.0	292.23	511.49	0.73	0	1
PROTOTYPE	004779	04/15/18	20:12:52	0.4892597695390782	0.4892597695390782	11.4	-0.95	4.305485971943888	4.305485971943888	11.37	0.49	0.4892597695390782	0.4892597695390782	11.36	-0.0	303.0	293.84	586.37	75.62	0	1
PROTOTYPE	004780	04/15/18	20:12:54	0.4892597695390782	0.4892597695390782	11.39	-0.81	4.305485971943888	4.305485971943888	11.37	0.42	0.4892597695390782	0.4892597695390782	11.36	-0.0	287.0	292.82	612.71	49.27	0	1
PROTOTYPE	004781	04/15/18	20:12:55	0.4892597695390782	0.4892597695390782	11.38	-0.69	4.403337925851703	4.320163765030061	25.04	15.36	0.4892597695390782	0.4892597695390782	11.36	-0.0	293.0	292.84	605.56	41.88	0	1
PROTOTYPE	004782	04/15/18	20:12:57	0.4892597695390782	0.4892597695390782	11.31	-0.59	4.305485971943888	4.318206725951904	26.2	13.05	0.4892597695390782	0.4892597695390782	11.29	-0.0	288.0	292.12	624.62	-84.4	0	1
PROTOTYPE	004783	04/15/18	20:12:58	0.4892597695390782	0.4892597695390782	11.28	-0.5	4.403337925851703	4.33092747995992	37.96	26.09	0.4892597695390782	0.4892597695390782	11.27	-0.0	288.0	291.5	580.82	-251.74	0	1
PROTOTYPE	004784	04/15/18	20:12:59	0.4892597695390782	0.4892597695390782	11.27	-0.42	4.403337925851703	4.34169119488978	47.78	37.18	0.4892597695390782	0.4892597695390782	11.26	-0.0	296.0	292.18	558.06	-93.98	0	1
PROTOTYPE	004785	04/15/18	20:13:01	0.4892597695390782	0.4892597695390782	11.26	-0.36	4.403337925851703	4.350497870741483	55.94	46.6	0.4892597695390782	0.4892597695390782	11.26	-0.0	285.0	291.1	633.94	-169.88	0	1
PROTOTYPE	004786	04/15/18	20:13:02	0.4892597695390782	0.4892597695390782	11.24	-0.31	4.403337925851703	4.358326027054108	62.69	54.61	0.4892597695390782	0.4892597695390782	11.24	-0.0	295.0	291.68	635.49	-54.4	0	1
PROTOTYPE	004787	04/15/18	20:13:04	0.4892597695390782	0.4892597695390782	11.22	-0.26	4.403337925851703	4.365175663827656	68.26	61.42	0.4892597695390782	0.4892597695390782	11.22	-0.0	302.0	293.23	628.65	-61.24	0	1
PROTOTYPE	004788	04/15/18	20:13:05	0.4892597695390782	0.4892597695390782	11.24	-0.22	4.403337925851703	4.371046781062125	72.84	67.21	0.4892597695390782	0.4892597695390782	11.24	-0.0	288.0	292.45	604.46	-37.05	0	1
PROTOTYPE	004789	04/15/18	20:13:07	0.4892597695390782	0.4892597695390782	11.22	-0.19	4.403337925851703	4.375939378757515	62.89	57.13	0.4892597695390782	0.4892597695390782	11.22	-0.0	295.0	292.83	639.7	-1.5	0	1
PROTOTYPE	004790	04/15/18	20:13:08	0.4892597695390782	0.4892597695390782	11.2	-0.16	4.403337925851703	4.379853456913827	64.67	63.56	0.4892597695390782	0.4892597695390782	11.2	-0.0	287.0	291.96	654.48	-16.27	0	1
PROTOTYPE	004791	04/15/18	20:13:09	0.4892597695390782	0.4892597695390782	11.21	-0.14	4.501189879759519	4.398445328156313	70.12	69.02	0.4892597695390782	0.4892597695390782	11.21	-0.0	300.0	293.16	713.37	166.17	0	1
PROTOTYPE	004792	04/15/18	20:13:11	0.4892597695390782	0.4892597695390782	11.22	-0.12	4.403337925851703	4.399423847695391	60.5	58.67	0.4892597695390782	0.4892597695390782	11.22	-0.0	302.0	294.49	778.44	231.24	0	1
PROTOTYPE	004793	04/15/18	20:13:12	0.4892597695390782	0.4892597695390782	11.21	-0.1	4.403337925851703	4.399423847695391	52.48	49.87	0.4892597695390782	0.4892597695390782	11.21	-0.0	290.0	293.81	738.13	271.56	0	1
PROTOTYPE	004794	04/15/18	20:13:14	0.4892597695390782	0.4892597695390782	11.22	-0.08	4.403337925851703	4.400402367234468	45.83	42.39	0.4892597695390782	0.4892597695390782	11.22	-0.0	297.0	294.29	727.4	260.82	0	1
PROTOTYPE	004795	04/15/18	20:13:15	0.4892597695390782	0.4892597695390782	11.23	-0.07	4.403337925851703	4.400402367234468	40.33	36.03	0.4892597695390782	0.4892597695390782	11.23	-0.0	291.0	293.8	622.06	56.7	0	1
PROTOTYPE	004796	04/15/18	20:13:16	0.4892597695390782	0.4892597695390782	11.22	-0.06	4.403337925851703	4.401380886773547	35.81	30.63	0.4892597695390782	0.4892597695390782	11.22	-0.0	298.0	294.43	606.61	198.2	0	1
PROTOTYPE	004797	04/15/18	20:13:18	0.4892597695390782	0.4892597695390782	11.23	-0.05	4.501189879759519	4.41605867985972	46.09	41.03	0.4892597695390782	0.4892597695390782	11.23	-0.0	290.0	293.76	634.74	93.47	0	1
PROTOTYPE	004798	04/15/18	20:13:19	0.4892597695390782	0.4892597695390782	11.24	-0.04	4.403337925851703	4.414101640781563	44.07	34.88	0.4892597695390782	0.4892597695390782	11.24	-0.0	293.0	293.65	558.83	169.45	0	1
PROTOTYPE	004799	04/15/18	20:13:21	0.4892597695390782	0.4892597695390782	11.24	-0.04	4.403337925851703	4.412144601703407	27.63	14.65	0.4892597695390782	0.4892597695390782	11.24	-0.0	288.0	292.8	522.91	-35.97	0	1
PROTOTYPE	004800	04/15/18	20:13:22	0.4892597695390782	0.4892597695390782	11.27	-0.03	4.403337925851703	4.411166082164328	28.03	12.45	0.4892597695390782	0.4892597695390782	11.27	-0.0	282.0	291.18	552.37	-330.58	0	1
PROTOTYPE	004801	04/15/18	20:13:23	0.4892597695390782	0.4892597695390782	11.26	-0.03	4.501189879759519	4.4248653557114235	40.35	25.58	0.4892597695390782	0.4892597695390782	11.26	-0.0	289.0	290.85	517.8	-295.99	0	1
PROTOTYPE	004802	04/15/18	20:13:25	0.4892597695390782	0.4892597695390782	11.27	-0.02	4.403337925851703	4.421929797094188	42.39	21.74	0.4892597695390782	0.4892597695390782	11.27	-0.0	295.0	291.48	532.2	-281.59	0	1
PROTOTYPE	004803	04/15/18	20:13:26	0.4892597695390782	0.4892597695390782	11.26	-0.02	4.501189879759519	4.433672031563127	53.21	33.48	0.4892597695390782	0.4892597695390782	11.26	-0.0	294.0	291.85	520.67	-194.35	0	1
PROTOTYPE	004804	04/15/18	20:13:28	0.4892597695390782	0.4892597695390782	11.26	-0.02	4.403337925851703	4.428779433867735	56.56	28.46	0.4892597695390782	0.4892597695390782	11.26	-0.0	283.0	290.53	590.46	-390.2	0	1
PROTOTYPE	004805	04/15/18	20:13:29	0.4892597695390782	0.4892597695390782	11.28	-0.01	4.501189879759519	4.439543148797595	52.32	24.19	0.4892597695390782	0.4892597695390782	11.28	-0.0	302.0	292.25	696.12	-151.67	0	1
PROTOTYPE	004806	04/15/18	20:13:30	0.4892597695390782	0.4892597695390782	11.26	-0.01	4.403337925851703	4.434650551102204	55.67	20.56	0.4892597695390782	0.4892597695390782	11.26	-0.0	301.0	293.56	815.86	-8.92	0	1
PROTOTYPE	004807	04/15/18	20:13:32	0.4892597695390782	0.4892597695390782	11.26	-0.01	4.403337925851703	4.429757953406813	58.44	17.48	0.4892597695390782	0.4892597695390782	11.26	-0.0	286.0	292.43	844.52	-37.58	0	1
PROTOTYPE	004808	04/15/18	20:13:33	0.4892597695390782	0.4892597695390782	11.24	-0.01	4.403337925851703	4.425843875250501	60.7	14.86	0.4892597695390782	0.4892597695390782	11.24	-0.0	298.0	293.26	766.09	208.06	0	1
PROTOTYPE	004809	04/15/18	20:13:35	0.4892597695390782	0.4892597695390782	11.25	-0.01	4.403337925851703	4.421929797094188	50.54	-2.37	0.4892597695390782	0.4892597695390782	11.25	-0.0	299.0	294.12	819.41	326.85	0	1
PROTOTYPE	004810	04/15/18	20:13:36	0.4892597695390782	0.4892597695390782	11.23	-0.01	4.403337925851703	4.419972758016033	50.2	-2.02	0.4892597695390782	0.4892597695390782	11.23	-0.0	285.0	292.75	894.07	127.82	0	1
PROTOTYPE	004811	04/15/18	20:13:37	0.4892597695390782	0.4892597695390782	11.23	-0.01	4.403337925851703	4.417037199398798	40.75	-16.71	0.4892597695390782	0.4892597695390782	11.23	-0.0	285.0	291.59	972.52	-26.35	0	1
PROTOTYPE	004812	04/15/18	20:13:39	0.4892597695390782	0.4892597695390782	11.24	-0.0	4.403337925851703	4.415080160320641	38.46	-14.21	0.4892597695390782	0.4892597695390782	11.24	-0.0	283.0	290.3	968.56	-22.4	0	1
PROTOTYPE	004813	04/15/18	20:13:40	0.4892597695390782	0.4892597695390782	11.23	-0.0	4.403337925851703	4.413123121242485	29.57	-27.08	0.4892597695390782	0.4892597695390782	11.23	-0.0	293.0	290.71	836.94	-154.04	0	1
PROTOTYPE	004814	04/15/18	20:13:42	0.4892597695390782	0.4892597695390782	11.27	-0.0	4.403337925851703	4.412144601703407	25.9	-23.01	0.4892597695390782	0.4892597695390782	11.27	-0.0	279.0	288.95	881.27	-460.93	0	1
PROTOTYPE	004815	04/15/18	20:13:43	0.4892597695390782	0.4892597695390782	11.28	-0.0	4.403337925851703	4.410187562625251	22.87	-19.56	0.4892597695390782	0.4892597695390782	11.28	-0.0	297.0	290.16	888.59	-226.79	0	1
PROTOTYPE	004816	04/15/18	20:13:45	0.4892597695390782	0.4892597695390782	11.28	-0.0	4.501189879759519	4.423886836172344	32.57	-1.63	0.4892597695390782	0.4892597695390782	11.28	-0.0	288.0	289.83	837.38	-342.77	0	1
PROTOTYPE	004817	04/15/18	20:13:46	0.4892597695390782	0.4892597695390782	11.27	-0.0	4.501189879759519	4.435629070641283	40.77	13.62	0.4892597695390782	0.4892597695390782	11.27	-0.0	291.0	290.01	768.84	-411.36	0	1
PROTOTYPE	004818	04/15/18	20:13:47	0.4892597695390782	0.4892597695390782	11.28	-0.0	4.403337925851703	4.430736472945893	42.69	11.57	0.4892597695390782	0.4892597695390782	11.28	-0.0	291.0	290.16	646.91	-259.65	0	1
PROTOTYPE	004819	04/15/18	20:13:49	0.4892597695390782	0.4892597695390782	11.29	-0.0	4.501189879759519	4.441500187875752	50.72	24.84	0.4892597695390782	0.4892597695390782	11.29	-0.0	299.0	291.48	663.22	-10.71	0	1
PROTOTYPE	004820	04/15/18	20:13:50	0.4892597695390782	0.4892597695390782	11.28	-0.0	4.501189879759519	4.450306863727454	57.46	36.11	0.4892597695390782	0.4892597695390782	11.28	-0.0	285.0	290.51	631.62	20.9	0	1
PROTOTYPE	004821	04/15/18	20:13:52	0.4892597695390782	0.4892597695390782	11.27	-0.0	4.501189879759519	4.458135020040081	63.1	45.7	0.4892597695390782	0.4892597695390782	11.27	-0.0	287.0	289.98	643.83	-72.24	0	1
PROTOTYPE	004822	04/15/18	20:13:53	0.4892597695390782	0.4892597695390782	11.26	-0.0	4.501189879759519	4.464006137274549	67.79	53.84	0.4892597695390782	0.4892597695390782	11.26	-0.0	291.0	290.14	483.5	118.6	0	1
PROTOTYPE	004823	04/15/18	20:13:54	0.4892597695390782	0.4892597695390782	11.24	-0.0	4.403337925851703	4.455199461422846	75.34	45.76	0.4892597695390782	0.4892597695390782	11.24	-0.0	277.0	288.17	559.83	-199.19	0	1
PROTOTYPE	004824	04/15/18	20:13:56	0.4892597695390782	0.4892597695390782	11.22	-0.0	4.501189879759519	4.462049098196393	68.54	38.9	0.4892597695390782	0.4892597695390782	11.22	-0.0	295.0	289.19	629.93	-64.31	0	1
PROTOTYPE	004825	04/15/18	20:13:57	0.4892597695390782	0.4892597695390782	11.22	-0.0	4.403337925851703	4.453242422344689	65.77	18.07	0.4892597695390782	0.4892597695390782	11.22	-0.0	294.0	289.91	684.53	-9.66	0	1
PROTOTYPE	004826	04/15/18	20:13:59	0.4892597695390782	0.4892597695390782	11.22	-0.0	4.403337925851703	4.4454142660320635	68.41	15.36	0.4892597695390782	0.4892597695390782	11.22	-0.0	290.0	289.93	671.53	-23.22	0	1
PROTOTYPE	004827	04/15/18	20:14:00	0.4892597695390782	0.4892597695390782	11.21	-0.0	4.403337925851703	4.439543148797595	64.2	-1.95	0.4892597695390782	0.4892597695390782	11.21	-0.0	289.0	289.79	552.86	-169.73	0	1
PROTOTYPE	004828	04/15/18	20:14:01	0.4892597695390782	0.4892597695390782	11.18	-0.0	4.403337925851703	4.433672031563127	60.63	-16.66	0.4892597695390782	0.4892597695390782	11.18	-0.0	297.0	290.87	563.78	35.73	0	1
PROTOTYPE	004829	04/15/18	20:14:03	0.4892597695390782	0.4892597695390782	11.17	-0.0	4.403337925851703	4.429757953406813	57.62	-29.16	0.4892597695390782	0.4892597695390782	11.17	-0.0	287.0	290.29	569.14	30.37	0	1
PROTOTYPE	004830	04/15/18	20:14:04	0.4892597695390782	0.4892597695390782	11.15	-0.0	4.501189879759519	4.4405216683366735	61.93	-24.78	0.4892597695390782	0.4892597695390782	11.15	-0.0	290.0	290.25	558.4	10.81	0	1
PROTOTYPE	004831	04/15/18	20:14:05	0.4892597695390782	0.4892597695390782	11.14	-0.0	4.403337925851703	4.434650551102204	58.28	-21.07	0.4892597695390782	0.4892597695390782	11.14	-0.0	284.0	289.31	455.02	114.19	0	1
PROTOTYPE	004832	04/15/18	20:14:07	0.4892597695390782	0.4892597695390782	11.14	-0.0	4.403337925851703	4.429757953406813	56.11	-32.91	0.4892597695390782	0.4892597695390782	11.14	-0.0	300.0	290.91	512.89	172.06	0	1
PROTOTYPE	004833	04/15/18	20:14:08	0.4892597695390782	0.4892597695390782	11.16	-0.0	4.403337925851703	4.425843875250501	51.3	-27.97	0.4892597695390782	0.4892597695390782	11.16	-0.0	294.0	291.38	487.09	146.25	0	1
PROTOTYPE	004834	04/15/18	20:14:10	0.4892597695390782	0.4892597695390782	11.14	-0.0	4.403337925851703	4.422908316633267	47.25	-23.77	0.4892597695390782	0.4892597695390782	11.14	-0.0	283.0	290.12	610.81	19.31	0	1
PROTOTYPE	004835	04/15/18	20:14:11	0.4892597695390782	0.4892597695390782	11.15	-0.0	4.403337925851703	4.419972758016033	43.85	-20.21	0.4892597695390782	0.4892597695390782	11.15	-0.0	282.0	288.9	718.64	-88.58	0	1
PROTOTYPE	004836	04/15/18	20:14:13	0.4892597695390782	0.4892597695390782	11.18	-0.0	4.403337925851703	4.417037199398798	41.02	-17.18	0.4892597695390782	0.4892597695390782	11.18	-0.0	282.0	287.87	713.97	-300.29	0	1
PROTOTYPE	004837	04/15/18	20:14:14	0.4892597695390782	0.4892597695390782	11.2	-0.0	4.403337925851703	4.415080160320641	38.67	-14.6	0.4892597695390782	0.4892597695390782	11.2	-0.0	275.0	285.94	848.91	-435.25	0	1
PROTOTYPE	004838	04/15/18	20:14:15	0.4892597695390782	0.4892597695390782	11.26	-0.0	4.403337925851703	4.413123121242485	29.9	-27.41	0.4892597695390782	0.4892597695390782	11.26	-0.0	294.0	287.15	965.33	-309.96	0	1
PROTOTYPE	004839	04/15/18	20:14:17	0.4892597695390782	0.4892597695390782	11.28	-0.0	4.403337925851703	4.412144601703407	26.17	-23.3	0.4892597695390782	0.4892597695390782	11.28	-0.0	283.0	286.52	933.84	-278.47	0	1
PROTOTYPE	004840	04/15/18	20:14:18	0.4892597695390782	0.4892597695390782	11.29	-0.0	4.403337925851703	4.410187562625251	23.09	-19.8	0.4892597695390782	0.4892597695390782	11.29	-0.0	294.0	287.65	885.61	-326.7	0	1
PROTOTYPE	004841	04/15/18	20:14:20	0.4892597695390782	0.4892597695390782	11.28	-0.0	4.403337925851703	4.409209043086173	20.55	-16.83	0.4892597695390782	0.4892597695390782	11.28	-0.0	290.0	288.0	874.63	-337.69	0	1
PROTOTYPE	004842	04/15/18	20:14:21	0.4892597695390782	0.4892597695390782	11.28	-0.0	4.403337925851703	4.408230523547094	18.5	-14.31	0.4892597695390782	0.4892597695390782	11.28	-0.0	286.0	287.7	779.0	-242.04	0	1
PROTOTYPE	004843	04/15/18	20:14:22	0.4892597695390782	0.4892597695390782	11.27	-0.0	4.403337925851703	4.408230523547094	16.84	-12.16	0.4892597695390782	0.4892597695390782	11.27	-0.0	279.0	286.39	787.69	-250.73	0	1
PROTOTYPE	004844	04/15/18	20:14:24	0.4892597695390782	0.4892597695390782	11.27	-0.0	4.403337925851703	4.407252004008016	15.53	-10.34	0.4892597695390782	0.4892597695390782	11.27	-0.0	289.0	286.78	723.28	-108.12	0	1
PROTOTYPE	004845	04/15/18	20:14:25	0.4892597695390782	0.4892597695390782	11.27	-0.0	4.403337925851703	4.4062734844689375	14.5	-8.79	0.4892597695390782	0.4892597695390782	11.27	-0.0	300.0	288.77	728.51	283.09	0	1
PROTOTYPE	004846	04/15/18	20:14:27	0.4892597695390782	0.4892597695390782	11.22	-0.0	4.403337925851703	4.4062734844689375	13.66	-7.47	0.4892597695390782	0.4892597695390782	11.22	-0.0	293.0	289.4	671.06	225.63	0	1
PROTOTYPE	004847	04/15/18	20:14:28	0.4892597695390782	0.4892597695390782	11.21	-0.0	4.501189879759519	4.419972758016033	26.22	8.65	0.4892597695390782	0.4892597695390782	11.21	-0.0	290.0	289.49	617.93	296.79	0	1
PROTOTYPE	004848	04/15/18	20:14:29	0.4892597695390782	0.4892597695390782	11.21	-0.0	4.403337925851703	4.418015718937875	27.26	7.35	0.4892597695390782	0.4892597695390782	11.21	-0.0	296.0	290.47	603.42	282.27	0	1
PROTOTYPE	004849	04/15/18	20:14:31	0.4892597695390782	0.4892597695390782	11.2	-0.0	4.403337925851703	4.41605867985972	28.09	6.25	0.4892597695390782	0.4892597695390782	11.2	-0.0	293.0	290.85	606.07	284.93	0	1
PROTOTYPE	004850	04/15/18	20:14:32	0.4892597695390782	0.4892597695390782	11.2	-0.0	4.403337925851703	4.414101640781563	28.75	5.31	0.4892597695390782	0.4892597695390782	11.2	-0.0	289.0	290.57	603.82	287.19	0	1
PROTOTYPE	004851	04/15/18	20:14:34	0.4892597695390782	0.4892597695390782	11.2	-0.0	4.501189879759519	4.426822394789579	40.61	19.52	0.4892597695390782	0.4892597695390782	11.2	-0.0	292.0	290.79	494.81	439.11	0	1
PROTOTYPE	004852	04/15/18	20:14:35	0.4892597695390782	0.4892597695390782	11.19	-0.0	4.403337925851703	4.422908316633267	42.92	16.59	0.4892597695390782	0.4892597695390782	11.19	-0.0	290.0	290.67	467.56	388.24	0	1
PROTOTYPE	004853	04/15/18	20:14:36	0.4892597695390782	0.4892597695390782	11.17	-0.0	4.501189879759519	4.434650551102204	53.41	29.1	0.4892597695390782	0.4892597695390782	11.17	-0.0	266.0	286.97	639.33	-179.99	0	1
PROTOTYPE	004854	04/15/18	20:14:38	0.4892597695390782	0.4892597695390782	11.17	-0.0	4.403337925851703	4.430736472945893	56.98	24.74	0.4892597695390782	0.4892597695390782	11.17	-0.0	287.0	286.97	577.31	-242.99	0	1
PROTOTYPE	004855	04/15/18	20:14:39	0.4892597695390782	0.4892597695390782	11.17	-0.0	4.403337925851703	4.425843875250501	46.69	6.02	0.4892597695390782	0.4892597695390782	11.17	-0.0	291.0	287.58	628.67	-191.54	0	1
PROTOTYPE	004856	04/15/18	20:14:41	0.4892597695390782	0.4892597695390782	11.19	-0.0	4.501189879759519	4.437586109719439	55.31	20.12	0.4892597695390782	0.4892597695390782	11.19	-0.0	297.0	288.99	672.4	-147.81	0	1
PROTOTYPE	004857	04/15/18	20:14:42	0.4892597695390782	0.4892597695390782	11.22	-0.0	4.501189879759519	4.447371305110221	62.56	32.1	0.4892597695390782	0.4892597695390782	11.22	-0.0	285.0	288.39	694.25	-245.64	0	1
PROTOTYPE	004858	04/15/18	20:14:43	0.4892597695390782	0.4892597695390782	11.23	-0.0	4.403337925851703	4.4405216683366735	67.06	27.29	0.4892597695390782	0.4892597695390782	11.23	-0.0	275.0	286.38	867.38	-418.79	0	1
PROTOTYPE	004859	04/15/18	20:14:45	0.4892597695390782	0.4892597695390782	11.25	-0.0	4.501189879759519	4.449328344188377	63.0	23.19	0.4892597695390782	0.4892597695390782	11.25	-0.0	268.0	283.63	1121.64	-715.98	0	1
PROTOTYPE	004860	04/15/18	20:14:46	0.4892597695390782	0.4892597695390782	11.25	-0.0	4.501189879759519	4.457156500501001	67.16	34.72	0.4892597695390782	0.4892597695390782	11.25	0.0	287.0	284.13	1160.42	-653.58	0	1
PROTOTYPE	004861	04/15/18	20:14:48	0.4892597695390782	0.4892597695390782	11.28	-0.0	4.501189879759519	4.464006137274549	62.03	29.51	0.4892597695390782	0.4892597695390782	11.28	0.0	292.0	285.31	908.44	-165.54	0	1
PROTOTYPE	004862	04/15/18	20:14:49	0.4892597695390782	0.4892597695390782	11.29	-0.0	4.501189879759519	4.469877254509019	62.86	40.08	0.4892597695390782	0.4892597695390782	11.29	0.0	288.0	285.71	947.31	-125.71	0	1
PROTOTYPE	004863	04/15/18	20:14:50	0.4892597695390782	0.4892597695390782	11.3	-0.0	4.501189879759519	4.47379133266533	63.55	49.07	0.4892597695390782	0.4892597695390782	11.3	0.0	287.0	285.91	906.2	-166.85	0	1
PROTOTYPE	004864	04/15/18	20:14:52	0.4892597695390782	0.4892597695390782	11.27	-0.0	4.501189879759519	4.478683930360722	56.33	41.71	0.4892597695390782	0.4892597695390782	11.27	0.0	289.0	286.37	811.24	-261.83	0	1
PROTOTYPE	004865	04/15/18	20:14:53	0.4892597695390782	0.4892597695390782	11.27	-0.0	4.501189879759519	4.481619488977956	50.25	35.45	0.4892597695390782	0.4892597695390782	11.27	0.0	296.0	287.82	895.81	-57.55	0	1
PROTOTYPE	004866	04/15/18	20:14:55	0.4892597695390782	0.4892597695390782	11.28	-0.0	4.501189879759519	4.48455504759519	46.71	45.13	0.4892597695390782	0.4892597695390782	11.28	0.0	293.0	288.59	772.71	221.08	0	1
PROTOTYPE	004867	04/15/18	20:14:56	0.4892597695390782	0.4892597695390782	11.29	-0.0	4.501189879759519	4.487490606212425	40.2	38.36	0.4892597695390782	0.4892597695390782	11.29	0.0	299.0	290.15	653.07	652.92	0	1
PROTOTYPE	004868	04/15/18	20:14:58	0.4892597695390782	0.4892597695390782	11.28	-0.0	4.501189879759519	4.489447645290581	34.73	32.61	0.4892597695390782	0.4892597695390782	11.28	0.0	290.0	290.13	605.13	599.98	0	1
PROTOTYPE	004869	04/15/18	20:14:59	0.4892597695390782	0.4892597695390782	11.26	-0.0	4.501189879759519	4.491404684368738	30.17	27.72	0.4892597695390782	0.4892597695390782	11.26	0.0	295.0	290.86	560.14	554.98	0	1
PROTOTYPE	004870	04/15/18	20:15:00	0.4892597695390782	0.4892597695390782	11.26	-0.0	4.501189879759519	4.492383203907815	26.38	23.56	0.4892597695390782	0.4892597695390782	11.26	0.0	294.0	291.33	566.89	561.74	0	1
PROTOTYPE	004871	04/15/18	20:15:02	0.4892597695390782	0.4892597695390782	11.26	-0.0	4.501189879759519	4.493361723446894	23.26	20.03	0.4892597695390782	0.4892597695390782	11.26	0.0	283.0	290.08	672.55	417.48	0	1
PROTOTYPE	004872	04/15/18	20:15:03	0.4892597695390782	0.4892597695390782	11.27	-0.0	4.501189879759519	4.4953187625250495	20.7	17.02	0.4892597695390782	0.4892597695390782	11.27	0.0	288.0	289.77	657.42	339.85	0	1
PROTOTYPE	004873	04/15/18	20:15:05	0.4892597695390782	0.4892597695390782	11.25	-0.0	4.501189879759519	4.496297282064128	18.61	14.47	0.4892597695390782	0.4892597695390782	11.25	0.0	294.0	290.4	576.45	258.88	0	1
PROTOTYPE	004874	04/15/18	20:15:06	0.4892597695390782	0.4892597695390782	11.23	-0.0	4.501189879759519	4.496297282064128	16.92	12.3	0.4892597695390782	0.4892597695390782	11.23	0.0	278.0	288.54	684.75	-4.96	0	1
PROTOTYPE	004875	04/15/18	20:15:07	0.4892597695390782	0.4892597695390782	11.2	-0.0	4.501189879759519	4.497275801603207	15.57	10.45	0.4892597695390782	0.4892597695390782	11.2	0.0	294.0	289.36	610.5	-79.21	0	1
PROTOTYPE	004876	04/15/18	20:15:09	0.4892597695390782	0.4892597695390782	11.2	-0.0	4.403337925851703	4.483576528056112	27.48	-6.11	0.4892597695390782	0.4892597695390782	11.2	0.0	287.0	289.01	643.26	-112.33	0	1
PROTOTYPE	004877	04/15/18	20:15:10	0.4892597695390782	0.4892597695390782	11.31	-0.0	4.403337925851703	4.470855774048096	37.52	-20.2	0.4892597695390782	0.4892597695390782	11.31	0.0	300.0	290.66	735.1	-20.48	0	1
PROTOTYPE	004878	04/15/18	20:15:12	0.4892597695390782	0.4892597695390782	11.31	-0.0	4.501189879759519	4.475748371743488	40.21	-17.17	0.4892597695390782	0.4892597695390782	11.31	0.0	289.0	290.41	712.89	-92.41	0	1
PROTOTYPE	004879	04/15/18	20:15:13	0.4892597695390782	0.4892597695390782	11.3	-0.0	4.501189879759519	4.4796624498997994	42.42	-14.59	0.4892597695390782	0.4892597695390782	11.3	0.0	285.0	289.6	669.04	-48.55	0	1
PROTOTYPE	004880	04/15/18	20:15:14	0.4892597695390782	0.4892597695390782	11.31	-0.0	4.501189879759519	4.4825980085170345	44.23	-12.4	0.4892597695390782	0.4892597695390782	11.31	0.0	284.0	288.76	721.74	-101.27	0	1
PROTOTYPE	004881	04/15/18	20:15:16	0.4892597695390782	0.4892597695390782	11.33	-0.0	4.501189879759519	4.485533567134269	45.69	-10.54	0.4892597695390782	0.4892597695390782	11.33	0.0	292.0	289.24	706.93	-116.08	0	1
PROTOTYPE	004882	04/15/18	20:15:17	0.4892597695390782	0.4892597695390782	11.35	-0.0	4.501189879759519	4.487490606212425	46.85	-8.96	0.4892597695390782	0.4892597695390782	11.35	0.0	298.0	290.56	652.21	201.34	0	1
PROTOTYPE	004883	04/15/18	20:15:19	0.4892597695390782	0.4892597695390782	11.36	-0.0	4.501189879759519	4.489447645290581	47.77	-7.62	0.4892597695390782	0.4892597695390782	11.36	0.0	294.0	291.07	622.01	171.14	0	1
PROTOTYPE	004884	04/15/18	20:15:20	0.4892597695390782	0.4892597695390782	11.37	-0.0	4.501189879759519	4.491404684368738	35.52	8.53	0.4892597695390782	0.4892597695390782	11.37	0.0	293.0	291.36	615.48	235.47	0	1
PROTOTYPE	004885	04/15/18	20:15:21	0.4892597695390782	0.4892597695390782	11.26	-0.0	4.501189879759519	4.493361723446894	25.21	22.25	0.4892597695390782	0.4892597695390782	11.26	0.0	283.0	290.11	576.04	-54.85	0	1
PROTOTYPE	004886	04/15/18	20:15:23	0.4892597695390782	0.4892597695390782	11.26	-0.0	4.599041833667335	4.509018036072145	36.72	33.91	0.4892597695390782	0.4892597695390782	11.26	0.0	291.0	290.24	564.6	-16.63	0	1
PROTOTYPE	004887	04/15/18	20:15:24	0.4892597695390782	0.4892597695390782	11.29	-0.0	4.501189879759519	4.508039516533066	34.43	28.82	0.4892597695390782	0.4892597695390782	11.29	0.0	300.0	291.71	629.84	210.87	0	1
PROTOTYPE	004888	04/15/18	20:15:26	0.4892597695390782	0.4892597695390782	11.28	-0.0	4.501189879759519	4.507060996993988	32.56	24.5	0.4892597695390782	0.4892597695390782	11.28	0.0	294.0	292.05	580.32	329.24	0	1
PROTOTYPE	004889	04/15/18	20:15:27	0.4892597695390782	0.4892597695390782	11.27	-0.0	4.501189879759519	4.5060824774549095	31.06	20.82	0.4892597695390782	0.4892597695390782	11.27	0.0	297.0	292.79	605.92	354.85	0	1
PROTOTYPE	004890	04/15/18	20:15:29	0.4892597695390782	0.4892597695390782	11.27	-0.0	4.501189879759519	4.505103957915831	29.87	17.7	0.4892597695390782	0.4892597695390782	11.27	0.0	277.0	290.42	711.46	-13.38	0	1
PROTOTYPE	004891	04/15/18	20:15:30	0.4892597695390782	0.4892597695390782	11.26	-0.0	4.501189879759519	4.505103957915831	28.92	15.05	0.4892597695390782	0.4892597695390782	11.26	0.0	285.0	289.61	741.17	-146.37	0	1
PROTOTYPE	004892	04/15/18	20:15:31	0.4892597695390782	0.4892597695390782	11.27	-0.0	4.501189879759519	4.504125438376754	28.2	12.79	0.4892597695390782	0.4892597695390782	11.27	0.0	292.0	289.97	748.12	-139.41	0	1
PROTOTYPE	004893	04/15/18	20:15:33	0.4892597695390782	0.4892597695390782	11.27	-0.0	4.501189879759519	4.504125438376754	27.64	10.87	0.4892597695390782	0.4892597695390782	11.27	0.0	287.0	289.52	667.22	-58.5	0	1
PROTOTYPE	004894	04/15/18	20:15:34	0.4892597695390782	0.4892597695390782	11.27	-0.0	4.501189879759519	4.503146918837676	12.79	-5.76	0.4892597695390782	0.4892597695390782	11.27	0.0	288.0	289.29	676.66	-94.73	0	1
PROTOTYPE	004895	04/15/18	20:15:36	0.4892597695390782	0.4892597695390782	11.25	-0.0	4.501189879759519	4.503146918837676	12.38	-4.9	0.4892597695390782	0.4892597695390782	11.25	0.0	275.0	287.15	744.71	-455.52	0	1
PROTOTYPE	004896	04/15/18	20:15:37	0.4892597695390782	0.4892597695390782	11.24	-0.0	4.501189879759519	4.503146918837676	12.07	-4.16	0.4892597695390782	0.4892597695390782	11.24	0.0	293.0	288.03	798.02	-402.19	0	1
PROTOTYPE	004897	04/15/18	20:15:38	0.4892597695390782	0.4892597695390782	11.27	-0.0	4.501189879759519	4.502168399298597	11.88	-3.54	0.4892597695390782	0.4892597695390782	11.27	0.0	285.0	287.57	769.19	-521.86	0	1
PROTOTYPE	004898	04/15/18	20:15:40	0.4892597695390782	0.4892597695390782	11.27	-0.0	4.599041833667335	4.516846192384769	25.16	11.99	0.4892597695390782	0.4892597695390782	11.27	0.0	301.0	289.59	733.7	-83.58	0	1
PROTOTYPE	004899	04/15/18	20:15:41	0.4892597695390782	0.4892597695390782	11.29	-0.0	4.501189879759519	4.514889153306614	26.43	10.19	0.4892597695390782	0.4892597695390782	11.29	0.0	293.0	290.1	703.54	48.96	0	1
PROTOTYPE	004900	04/15/18	20:15:43	0.4892597695390782	0.4892597695390782	11.29	-0.0	4.501189879759519	4.512932114228456	27.42	8.67	0.4892597695390782	0.4892597695390782	11.29	0.0	287.0	289.63	714.18	-33.39	0	1
PROTOTYPE	004901	04/15/18	20:15:44	0.4892597695390782	0.4892597695390782	11.27	-0.0	4.501189879759519	4.5109750751503	28.18	7.37	0.4892597695390782	0.4892597695390782	11.27	0.0	293.0	290.14	720.13	61.62	0	1
PROTOTYPE	004902	04/15/18	20:15:45	0.4892597695390782	0.4892597695390782	11.26	-0.0	4.501189879759519	4.509018036072145	28.76	6.26	0.4892597695390782	0.4892597695390782	11.26	0.0	294.0	290.72	755.16	142.38	0	1
PROTOTYPE	004903	04/15/18	20:15:47	0.4892597695390782	0.4892597695390782	11.25	-0.0	4.501189879759519	4.508039516533066	29.2	5.32	0.4892597695390782	0.4892597695390782	11.25	0.0	282.0	289.41	671.52	226.02	0	1
PROTOTYPE	004904	04/15/18	20:15:48	0.4892597695390782	0.4892597695390782	11.29	-0.0	4.501189879759519	4.507060996993988	29.57	4.52	0.4892597695390782	0.4892597695390782	11.29	0.0	296.0	290.4	682.62	237.12	0	1
PROTOTYPE	004905	04/15/18	20:15:50	0.4892597695390782	0.4892597695390782	11.25	-0.0	4.599041833667335	4.520760270541083	42.26	18.84	0.4892597695390782	0.4892597695390782	11.25	0.0	287.0	289.89	688.18	231.55	0	1
PROTOTYPE	004906	04/15/18	20:15:51	0.4892597695390782	0.4892597695390782	11.24	-0.0	4.501189879759519	4.517824711923848	30.73	1.02	0.4892597695390782	0.4892597695390782	11.24	0.0	287.0	289.46	530.15	-13.18	0	1
PROTOTYPE	004907	04/15/18	20:15:53	0.4892597695390782	0.4892597695390782	11.25	-0.0	4.501189879759519	4.515867672845691	30.87	0.87	0.4892597695390782	0.4892597695390782	11.25	0.0	289.0	289.39	485.93	-71.21	0	1
PROTOTYPE	004908	04/15/18	20:15:54	0.4892597695390782	0.4892597695390782	11.23	-0.0	4.501189879759519	4.512932114228456	30.96	0.74	0.4892597695390782	0.4892597695390782	11.23	0.0	277.0	287.53	625.23	-210.52	0	1
PROTOTYPE	004909	04/15/18	20:15:55	0.4892597695390782	0.4892597695390782	11.27	-0.0	4.501189879759519	4.511953594689379	31.08	0.63	0.4892597695390782	0.4892597695390782	11.27	0.0	304.0	290.0	821.79	-13.95	0	1
PROTOTYPE	004910	04/15/18	20:15:57	0.4892597695390782	0.4892597695390782	11.28	-0.0	4.501189879759519	4.509996555611223	31.15	0.53	0.4892597695390782	0.4892597695390782	11.28	0.0	282.0	288.8	883.87	-191.85	0	1
PROTOTYPE	004911	04/15/18	20:15:58	0.4892597695390782	0.4892597695390782	11.28	-0.0	4.501189879759519	4.509018036072145	31.21	0.45	0.4892597695390782	0.4892597695390782	11.28	0.0	304.0	291.08	981.09	166.92	0	1
PROTOTYPE	004912	04/15/18	20:16:00	0.4892597695390782	0.4892597695390782	11.25	-0.0	4.501189879759519	4.507060996993988	31.22	0.38	0.4892597695390782	0.4892597695390782	11.25	0.0	302.0	292.72	1046.05	231.89	0	1
PROTOTYPE	004913	04/15/18	20:16:01	0.4892597695390782	0.4892597695390782	11.26	-0.0	4.501189879759519	4.5060824774549095	18.78	-14.67	0.4892597695390782	0.4892597695390782	11.26	0.0	288.0	292.01	1065.83	212.1	0	1
PROTOTYPE	004914	04/15/18	20:16:02	0.4892597695390782	0.4892597695390782	11.27	-0.0	4.501189879759519	4.5060824774549095	17.08	-12.47	0.4892597695390782	0.4892597695390782	11.27	0.0	274.0	289.31	1292.63	-14.71	0	1
PROTOTYPE	004915	04/15/18	20:16:04	0.4892597695390782	0.4892597695390782	11.26	-0.0	4.599041833667335	4.519781751002004	28.51	4.4	0.4892597695390782	0.4892597695390782	11.26	0.0	296.0	290.31	1386.02	92.49	0	1
PROTOTYPE	004916	04/15/18	20:16:05	0.4892597695390782	0.4892597695390782	11.27	-0.0	4.599041833667335	4.531523985470942	38.15	18.74	0.4892597695390782	0.4892597695390782	11.27	0.0	295.0	291.02	1270.53	348.62	0	1
PROTOTYPE	004917	04/15/18	20:16:07	0.4892597695390782	0.4892597695390782	11.26	-0.0	4.599041833667335	4.541309180861724	46.24	30.93	0.4892597695390782	0.4892597695390782	11.26	0.0	290.0	290.86	1038.77	86.33	0	1
PROTOTYPE	004918	04/15/18	20:16:08	0.4892597695390782	0.4892597695390782	11.25	-0.0	4.501189879759519	4.535438063627255	50.5	26.29	0.4892597695390782	0.4892597695390782	11.25	0.0	278.0	288.93	1111.71	13.38	0	1
PROTOTYPE	004919	04/15/18	20:16:09	0.4892597695390782	0.4892597695390782	11.24	-0.0	4.599041833667335	4.545223259018036	58.37	37.35	0.4892597695390782	0.4892597695390782	11.24	0.0	270.0	286.09	1167.72	-498.63	0	1
PROTOTYPE	004920	04/15/18	20:16:11	0.4892597695390782	0.4892597695390782	11.26	-0.0	4.599041833667335	4.553051415330661	64.94	46.74	0.4892597695390782	0.4892597695390782	11.26	0.0	286.0	286.08	1005.91	-663.83	0	1
PROTOTYPE	004921	04/15/18	20:16:12	0.4892597695390782	0.4892597695390782	11.25	-0.0	4.501189879759519	4.545223259018036	71.33	39.73	0.4892597695390782	0.4892597695390782	11.25	0.0	298.0	287.87	1113.94	-414.26	0	1
PROTOTYPE	004922	04/15/18	20:16:14	0.4892597695390782	0.4892597695390782	11.26	-0.0	4.501189879759519	4.53837362224449	76.63	33.77	0.4892597695390782	0.4892597695390782	11.26	0.0	291.0	288.34	890.78	-97.12	0	1
PROTOTYPE	004923	04/15/18	20:16:15	0.4892597695390782	0.4892597695390782	11.24	-0.0	4.501189879759519	4.533481024549098	68.2	13.71	0.4892597695390782	0.4892597695390782	11.24	0.0	297.0	289.64	920.35	-67.55	0	1
PROTOTYPE	004924	04/15/18	20:16:16	0.4892597695390782	0.4892597695390782	11.27	-0.0	4.599041833667335	4.54326621993988	66.16	11.65	0.4892597695390782	0.4892597695390782	11.27	0.0	287.0	289.24	889.6	-177.42	0	1
PROTOTYPE	004925	04/15/18	20:16:18	0.4892597695390782	0.4892597695390782	11.26	-0.0	4.599041833667335	4.551094376252505	64.43	9.9	0.4892597695390782	0.4892597695390782	11.26	0.0	298.0	290.56	1005.69	-30.81	0	1
PROTOTYPE	004926	04/15/18	20:16:19	0.4892597695390782	0.4892597695390782	11.27	-0.0	4.599041833667335	4.558922532565131	65.49	23.42	0.4892597695390782	0.4892597695390782	11.27	0.0	290.0	290.47	821.18	153.81	0	1
PROTOTYPE	004927	04/15/18	20:16:21	0.4892597695390782	0.4892597695390782	11.32	-0.0	4.501189879759519	4.550115856713427	64.59	4.9	0.4892597695390782	0.4892597695390782	11.32	0.0	291.0	290.55	545.22	445.74	0	1
PROTOTYPE	004928	04/15/18	20:16:22	0.4892597695390782	0.4892597695390782	11.3	-0.0	4.501189879759519	4.542287700400802	63.82	-10.83	0.4892597695390782	0.4892597695390782	11.3	0.0	295.0	291.22	609.97	513.88	0	1
PROTOTYPE	004929	04/15/18	20:16:24	0.4892597695390782	0.4892597695390782	11.31	-0.0	4.403337925851703	4.52173879008016	77.12	-24.21	0.4892597695390782	0.4892597695390782	11.31	0.0	273.0	288.49	704.44	61.8	0	1
PROTOTYPE	004930	04/15/18	20:16:25	0.4892597695390782	0.4892597695390782	11.34	-0.0	4.599041833667335	4.533481024549098	82.12	-5.58	0.4892597695390782	0.4892597695390782	11.34	0.0	295.0	289.46	755.16	112.53	0	1
PROTOTYPE	004931	04/15/18	20:16:26	0.4892597695390782	0.4892597695390782	11.36	-0.0	4.501189879759519	4.528588426853707	81.32	-4.74	0.4892597695390782	0.4892597695390782	11.36	0.0	284.0	288.64	707.17	-99.35	0	1
PROTOTYPE	004932	04/15/18	20:16:28	0.4892597695390782	0.4892597695390782	11.35	-0.0	4.501189879759519	4.524674348697395	75.54	-19.03	0.4892597695390782	0.4892597695390782	11.35	0.0	298.0	290.05	807.95	80.55	0	1
PROTOTYPE	004933	04/15/18	20:16:29	0.4892597695390782	0.4892597695390782	11.34	-0.0	4.501189879759519	4.520760270541083	70.67	-31.17	0.4892597695390782	0.4892597695390782	11.34	0.0	284.0	289.14	767.28	-141.53	0	1
PROTOTYPE	004934	04/15/18	20:16:31	0.4892597695390782	0.4892597695390782	11.32	-0.0	4.599041833667335	4.5325025050100205	75.29	-26.5	0.4892597695390782	0.4892597695390782	11.32	0.0	290.0	289.27	771.81	-120.3	0	1
PROTOTYPE	004935	04/15/18	20:16:32	0.4892597695390782	0.4892597695390782	11.28	-0.0	4.599041833667335	4.542287700400802	76.65	-7.52	0.4892597695390782	0.4892597695390782	11.28	0.0	297.0	290.43	879.73	-12.26	0	1
PROTOTYPE	004936	04/15/18	20:16:33	0.4892597695390782	0.4892597695390782	11.28	-0.0	4.599041833667335	4.551094376252505	77.8	8.61	0.4892597695390782	0.4892597695390782	11.28	0.0	283.0	289.31	924.42	-190.42	0	1
PROTOTYPE	004937	04/15/18	20:16:35	0.4892597695390782	0.4892597695390782	11.28	-0.0	4.599041833667335	4.557944013026052	63.89	37.31	0.4892597695390782	0.4892597695390782	11.28	0.0	292.0	289.72	691.45	123.15	0	1
PROTOTYPE	004938	04/15/18	20:16:36	0.4892597695390782	0.4892597695390782	11.22	-0.0	4.599041833667335	4.564793649799599	58.35	31.72	0.4892597695390782	0.4892597695390782	11.22	0.0	292.0	290.06	628.0	59.67	0	1
PROTOTYPE	004939	04/15/18	20:16:38	0.4892597695390782	0.4892597695390782	11.21	-0.0	4.599041833667335	4.569686247494991	58.72	41.96	0.4892597695390782	0.4892597695390782	11.21	0.0	291.0	290.2	560.22	155.72	0	1
PROTOTYPE	004940	04/15/18	20:16:39	0.4892597695390782	0.4892597695390782	11.18	-0.0	4.599041833667335	4.573600325651302	59.02	50.67	0.4892597695390782	0.4892597695390782	11.18	0.0	284.0	289.27	512.88	-77.64	0	1
PROTOTYPE	004941	04/15/18	20:16:40	0.4892597695390782	0.4892597695390782	11.18	-0.0	4.599041833667335	4.577514403807616	59.28	58.07	0.4892597695390782	0.4892597695390782	11.18	0.0	285.0	288.63	486.24	-50.99	0	1
PROTOTYPE	004942	04/15/18	20:16:42	0.4892597695390782	0.4892597695390782	11.19	-0.0	4.599041833667335	4.581428481963928	50.78	49.36	0.4892597695390782	0.4892597695390782	11.19	0.0	296.0	289.74	583.82	46.66	0	1
PROTOTYPE	004943	04/15/18	20:16:43	0.4892597695390782	0.4892597695390782	11.18	-0.0	4.599041833667335	4.583385521042085	43.61	41.95	0.4892597695390782	0.4892597695390782	11.18	0.0	298.0	290.98	591.82	54.66	0	1
PROTOTYPE	004944	04/15/18	20:16:45	0.4892597695390782	0.4892597695390782	11.18	-0.0	4.599041833667335	4.586321079659319	37.58	35.66	0.4892597695390782	0.4892597695390782	11.18	0.0	296.0	291.73	555.77	241.46	0	1
PROTOTYPE	004945	04/15/18	20:16:46	0.4892597695390782	0.4892597695390782	11.17	-0.0	4.599041833667335	4.588278118737475	32.54	30.31	0.4892597695390782	0.4892597695390782	11.17	0.0	290.0	291.47	541.43	175.24	0	1
PROTOTYPE	004946	04/15/18	20:16:47	0.4892597695390782	0.4892597695390782	11.17	-0.0	4.599041833667335	4.589256638276553	28.34	25.76	0.4892597695390782	0.4892597695390782	11.17	0.0	296.0	292.15	575.13	208.96	0	1
PROTOTYPE	004947	04/15/18	20:16:49	0.4892597695390782	0.4892597695390782	11.2	-0.0	4.599041833667335	4.591213677354709	24.88	21.9	0.4892597695390782	0.4892597695390782	11.2	0.0	287.0	291.38	638.21	117.61	0	1
PROTOTYPE	004948	04/15/18	20:16:50	0.4892597695390782	0.4892597695390782	11.22	-0.0	4.599041833667335	4.592192196893788	22.03	18.61	0.4892597695390782	0.4892597695390782	11.22	0.0	282.0	289.97	685.84	69.97	0	1
PROTOTYPE	004949	04/15/18	20:16:52	0.4892597695390782	0.4892597695390782	11.23	-0.0	4.599041833667335	4.593170716432866	19.69	15.82	0.4892597695390782	0.4892597695390782	11.23	0.0	284.0	289.07	711.34	44.47	0	1
PROTOTYPE	004950	04/15/18	20:16:53	0.4892597695390782	0.4892597695390782	11.22	-0.0	4.599041833667335	4.594149235971944	17.79	13.45	0.4892597695390782	0.4892597695390782	11.22	0.0	295.0	289.96	689.67	22.8	0	1
PROTOTYPE	004951	04/15/18	20:16:54	0.4892597695390782	0.4892597695390782	11.22	-0.0	4.599041833667335	4.595127755511022	16.28	11.43	0.39140781563126253	0.4745819764529058	24.89	-15.0	290.0	289.97	567.19	-100.62	0	1
PROTOTYPE	004952	04/15/18	20:16:56	0.4892597695390782	0.4892597695390782	11.24	-0.0	4.599041833667335	4.595127755511022	15.09	9.72	0.4892597695390782	0.4765390155310621	26.15	-12.75	298.0	291.17	612.27	-55.52	0	1
PROTOTYPE	004953	04/15/18	20:16:57	0.4892597695390782	0.4892597695390782	11.23	-0.0	4.599041833667335	4.5961062750501	14.14	8.26	0.4892597695390782	0.47849605460921835	27.12	-10.84	286.0	290.4	663.92	-107.2	0	1
PROTOTYPE	004954	04/15/18	20:16:59	0.4892597695390782	0.4892597695390782	11.24	-0.0	4.599041833667335	4.5961062750501	13.42	7.02	0.4892597695390782	0.48045309368737477	27.87	-9.21	300.0	291.84	739.99	-31.12	0	1
PROTOTYPE	004955	04/15/18	20:17:00	0.4892597695390782	0.4892597695390782	11.23	-0.0	4.599041833667335	4.597084794589178	12.86	5.97	0.4892597695390782	0.48143161322645295	28.42	-7.83	297.0	292.61	740.19	123.55	0	1
PROTOTYPE	004956	04/15/18	20:17:01	0.4892597695390782	0.4892597695390782	11.21	-0.0	4.599041833667335	4.597084794589178	12.42	5.07	0.4892597695390782	0.482410132765531	28.83	-6.66	296.0	293.12	650.36	315.02	0	1
PROTOTYPE	004957	04/15/18	20:17:03	0.4892597695390782	0.4892597695390782	11.28	-0.0	4.599041833667335	4.597084794589178	12.17	4.31	0.4892597695390782	0.48338865230460926	29.21	-5.66	298.0	293.85	634.01	477.77	0	1
PROTOTYPE	004958	04/15/18	20:17:04	0.4892597695390782	0.4892597695390782	11.28	0.0	4.599041833667335	4.598063314128257	11.93	3.66	0.4892597695390782	0.48436717184368744	29.45	-4.81	289.0	293.12	617.92	316.1	0	1
PROTOTYPE	004959	04/15/18	20:17:06	0.4892597695390782	0.4892597695390782	11.31	0.0	4.501189879759519	4.583385521042085	25.21	-11.88	0.4892597695390782	0.4853456913827655	15.98	10.91	296.0	293.56	659.58	358.69	0	1
PROTOTYPE	004960	04/15/18	20:17:07	0.4892597695390782	0.4892597695390782	11.29	0.0	4.599041833667335	4.58534256012024	26.45	-10.1	0.4892597695390782	0.4863242109218437	14.84	9.28	280.0	291.52	742.44	34.88	0	1
PROTOTYPE	004961	04/15/18	20:17:09	0.4892597695390782	0.4892597695390782	11.3	0.0	4.599041833667335	4.587299599198397	27.45	-8.59	0.4892597695390782	0.4863242109218437	13.97	7.88	286.0	290.69	747.68	29.65	0	1
PROTOTYPE	004962	04/15/18	20:17:10	0.4892597695390782	0.4892597695390782	11.29	0.0	4.599041833667335	4.589256638276553	28.21	-7.3	0.4892597695390782	0.4863242109218437	13.29	6.7	296.0	291.49	683.23	-34.8	0	1
PROTOTYPE	004963	04/15/18	20:17:11	0.4892597695390782	0.4892597695390782	11.28	0.0	4.599041833667335	4.591213677354709	28.78	-6.2	0.4892597695390782	0.48730273046092193	12.77	5.7	293.0	291.72	628.48	-89.58	0	1
PROTOTYPE	004964	04/15/18	20:17:13	0.4892597695390782	0.4892597695390782	11.31	0.0	4.599041833667335	4.592192196893788	29.26	-5.27	0.4892597695390782	0.48730273046092193	12.4	4.84	290.0	291.46	603.44	-166.14	0	1
PROTOTYPE	004965	04/15/18	20:17:14	0.4892597695390782	0.4892597695390782	11.24	0.0	4.599041833667335	4.593170716432866	29.53	-4.48	0.4892597695390782	0.48730273046092193	12.05	4.12	295.0	291.99	583.36	-186.22	0	1
PROTOTYPE	004966	04/15/18	20:17:16	0.4892597695390782	0.4892597695390782	11.24	0.0	4.599041833667335	4.594149235971944	29.78	-3.81	0.4892597695390782	0.48828125	11.83	3.5	286.0	291.09	600.42	-203.29	0	1
