Dev_id	Index	Date	Time	Sensor1	Sensor1_Filter	Sensor1_LL	Sensor1_Diff	Sensor2	Sensor2_Filter	Sensor2_LL	Sensor2_Diff	Sensor3	Sensor3_Filter	Sensor3_LL	Sensor3_Diff	Sensor4	Sensor4_Filter	Sensor4_LL	Sensor4_Diff	Heater_Status	FSM_Status
PROTOTYPE	013967	04/15/18	23:48:32	0.4892597695390782	0.4892597695390782	11.26	0.0	4.01193011022044	3.96496117234469	69.24	26.59	0.4892597695390782	0.4892597695390782	11.26	0.12	292.0	289.76	714.37	320.42	0	1
PROTOTYPE	013968	04/15/18	23:48:34	0.4892597695390782	0.4892597695390782	11.25	0.0	4.01193011022044	3.971810809118237	65.29	22.6	0.4892597695390782	0.4892597695390782	11.25	0.1	290.0	289.8	619.89	422.36	0	1
PROTOTYPE	013969	04/15/18	23:48:35	0.4892597695390782	0.4892597695390782	11.25	0.0	4.01193011022044	3.9776819263527052	61.96	19.21	0.4892597695390782	0.4892597695390782	11.25	0.08	284.0	288.93	608.25	434.0	0	1
PROTOTYPE	013970	04/15/18	23:48:37	0.4892597695390782	0.4892597695390782	11.24	0.0	4.01193011022044	3.9825745240480965	59.14	16.33	0.4892597695390782	0.4892597695390782	11.24	0.07	295.0	289.84	603.15	428.9	0	1
PROTOTYPE	013971	04/15/18	23:48:38	0.4892597695390782	0.4892597695390782	11.23	0.0	4.01193011022044	3.987467121743487	55.58	28.88	0.4892597695390782	0.4892597695390782	11.23	0.06	296.0	290.76	553.81	379.57	0	1
PROTOTYPE	013972	04/15/18	23:48:39	0.4892597695390782	0.4892597695390782	11.24	0.0	4.01193011022044	3.9913811998998	52.59	39.55	0.4892597695390782	0.4892597695390782	11.24	0.05	284.0	289.75	519.74	142.63	0	1
PROTOTYPE	013973	04/15/18	23:48:41	0.4892597695390782	0.4892597695390782	11.24	0.0	4.01193011022044	3.994316758517034	50.07	48.62	0.4892597695390782	0.4892597695390782	11.24	0.04	294.0	290.39	543.34	166.24	0	1
PROTOTYPE	013974	04/15/18	23:48:42	0.4892597695390782	0.4892597695390782	11.27	0.0	4.01193011022044	3.997252317134269	43.03	41.32	0.4892597695390782	0.4892597695390782	11.27	0.04	302.0	292.13	653.39	276.3	0	1
PROTOTYPE	013975	04/15/18	23:48:44	0.4892597695390782	0.4892597695390782	11.26	0.0	4.01193011022044	3.9992093562124245	37.11	35.13	0.4892597695390782	0.4892597695390782	11.26	0.03	282.0	290.61	765.76	84.86	0	1
PROTOTYPE	013976	04/15/18	23:48:45	0.4892597695390782	0.4892597695390782	11.27	0.0	4.01193011022044	4.001166395290581	32.16	29.86	0.4892597695390782	0.4892597695390782	11.27	0.03	294.0	291.12	812.79	132.13	0	1
PROTOTYPE	013977	04/15/18	23:48:46	0.4892597695390782	0.4892597695390782	11.28	0.0	4.01193011022044	4.0021449148296595	28.04	25.38	0.4892597695390782	0.4892597695390782	11.28	0.02	295.0	291.7	784.09	277.31	0	1
PROTOTYPE	013978	04/15/18	23:48:48	0.4892597695390782	0.4892597695390782	11.29	0.0	4.01193011022044	4.004101953907816	24.63	21.57	0.4892597695390782	0.4892597695390782	11.29	0.02	288.0	291.14	748.49	130.71	0	1
PROTOTYPE	013979	04/15/18	23:48:49	0.4892597695390782	0.4892597695390782	11.29	0.0	4.01193011022044	4.005080473446894	21.82	18.34	0.4892597695390782	0.4892597695390782	11.29	0.02	292.0	291.27	668.95	51.11	0	1
PROTOTYPE	013980	04/15/18	23:48:51	0.4892597695390782	0.4892597695390782	11.27	0.0	4.01193011022044	4.006058992985971	19.52	15.59	0.4892597695390782	0.4892597695390782	11.27	0.01	297.0	292.13	653.43	238.44	0	1
PROTOTYPE	013981	04/15/18	23:48:52	0.4892597695390782	0.4892597695390782	11.28	0.0	4.01193011022044	4.00703751252505	17.67	13.25	0.4892597695390782	0.4892597695390782	11.28	0.01	285.0	291.06	696.62	67.67	0	1
PROTOTYPE	013982	04/15/18	23:48:53	0.4892597695390782	0.4892597695390782	11.25	0.0	4.01193011022044	4.008016032064129	16.17	11.26	0.4892597695390782	0.4892597695390782	11.25	0.01	286.0	290.3	598.34	-182.48	0	1
PROTOTYPE	013983	04/15/18	23:48:55	0.4892597695390782	0.4892597695390782	11.26	0.0	4.01193011022044	4.008016032064129	15.01	9.57	0.4892597695390782	0.4892597695390782	11.26	0.01	287.0	289.81	495.99	-80.11	0	1
PROTOTYPE	013984	04/15/18	23:48:56	0.4892597695390782	0.4892597695390782	11.27	0.0	4.01193011022044	4.008994551603206	14.1	8.14	0.4892597695390782	0.4892597695390782	11.27	0.01	300.0	291.34	597.99	21.91	0	1
PROTOTYPE	013985	04/15/18	23:48:58	0.4892597695390782	0.4892597695390782	11.23	0.0	4.01193011022044	4.008994551603206	13.36	6.92	0.4892597695390782	0.4892597695390782	11.23	0.01	296.0	292.04	609.7	33.62	0	1
PROTOTYPE	013986	04/15/18	23:48:59	0.4892597695390782	0.4892597695390782	11.21	0.0	4.01193011022044	4.0099730711422845	12.8	5.88	0.4892597695390782	0.4892597695390782	11.21	0.01	292.0	292.03	555.68	88.58	0	1
PROTOTYPE	013987	04/15/18	23:49:00	0.4892597695390782	0.4892597695390782	11.22	0.0	4.01193011022044	4.0099730711422845	12.39	5.0	0.4892597695390782	0.4892597695390782	11.22	0.0	301.0	293.38	677.32	210.29	0	1
PROTOTYPE	013988	04/15/18	23:49:02	0.4892597695390782	0.4892597695390782	11.23	0.0	4.01193011022044	4.0099730711422845	12.09	4.25	0.4892597695390782	0.4892597695390782	11.23	0.0	290.0	292.87	642.06	73.75	0	1
PROTOTYPE	013989	04/15/18	23:49:03	0.4892597695390782	0.4892597695390782	11.21	0.0	4.01193011022044	4.010951590681363	11.84	3.61	0.4892597695390782	0.4892597695390782	11.21	0.0	284.0	291.54	668.12	47.69	0	1
PROTOTYPE	013990	04/15/18	23:49:05	0.4892597695390782	0.4892597695390782	11.21	0.0	4.01193011022044	4.010951590681363	11.67	3.07	0.4892597695390782	0.4892597695390782	11.21	0.0	304.0	293.41	779.1	310.53	0	1
PROTOTYPE	013991	04/15/18	23:49:06	0.4892597695390782	0.4892597695390782	11.18	0.0	4.01193011022044	4.010951590681363	11.51	2.61	0.4892597695390782	0.4892597695390782	11.18	0.0	292.0	293.2	750.7	338.95	0	1
PROTOTYPE	013992	04/15/18	23:49:07	0.4892597695390782	0.4892597695390782	11.18	0.0	4.01193011022044	4.010951590681363	11.42	2.22	0.4892597695390782	0.4892597695390782	11.18	0.0	292.0	293.02	615.82	168.11	0	1
PROTOTYPE	013993	04/15/18	23:49:09	0.4892597695390782	0.4892597695390782	11.19	0.0	4.01193011022044	4.010951590681363	11.37	1.88	0.4892597695390782	0.4892597695390782	11.19	0.0	299.0	293.91	635.6	187.89	0	1
PROTOTYPE	013994	04/15/18	23:49:10	0.4892597695390782	0.4892597695390782	11.19	0.0	4.01193011022044	4.010951590681363	11.32	1.6	0.4892597695390782	0.4892597695390782	11.19	0.0	292.0	293.63	662.86	159.71	0	1
PROTOTYPE	013995	04/15/18	23:49:12	0.4892597695390782	0.4892597695390782	11.17	0.0	4.1097820641282565	4.025629383767535	25.02	16.36	0.4892597695390782	0.4892597695390782	11.17	0.0	301.0	294.73	638.91	135.75	0	1
PROTOTYPE	013996	04/15/18	23:49:13	0.4892597695390782	0.4892597695390782	11.17	0.0	4.1097820641282565	4.038350137775551	36.5	28.91	0.4892597695390782	0.4892597695390782	11.17	0.0	292.0	294.32	629.28	145.39	0	1
PROTOTYPE	013997	04/15/18	23:49:14	0.4892597695390782	0.4892597695390782	11.2	0.0	4.01193011022044	4.034436059619238	39.42	24.57	0.4892597695390782	0.4892597695390782	11.2	0.0	294.0	294.27	501.28	273.58	0	1
PROTOTYPE	013998	04/15/18	23:49:16	0.4892597695390782	0.4892597695390782	11.22	0.0	4.01193011022044	4.031500501002005	41.77	20.89	0.4892597695390782	0.4892597695390782	11.22	0.0	297.0	294.68	355.26	127.54	0	1
PROTOTYPE	013999	04/15/18	23:49:17	0.4892597695390782	0.4892597695390782	11.23	0.0	4.1097820641282565	4.043242735470942	52.49	32.75	0.4892597695390782	0.4892597695390782	11.23	0.0	290.0	293.98	404.36	78.41	0	1
PROTOTYPE	014000	04/15/18	23:49:19	0.4892597695390782	0.4892597695390782	11.23	0.0	4.1097820641282565	4.053027930861724	61.4	42.84	0.4892597695390782	0.4892597695390782	11.23	0.0	289.0	293.23	461.08	21.65	0	1
PROTOTYPE	014001	04/15/18	23:49:20	0.4892597695390782	0.4892597695390782	11.24	0.0	4.1097820641282565	4.061834606713426	68.81	51.41	0.4892597695390782	0.4892597695390782	11.24	0.0	288.0	292.45	449.85	-146.6	0	1
PROTOTYPE	014002	04/15/18	23:49:22	0.4892597695390782	0.4892597695390782	11.27	0.0	4.1097820641282565	4.068684243486974	74.94	58.7	0.4892597695390782	0.4892597695390782	11.27	0.0	294.0	292.68	444.41	-94.61	0	1
PROTOTYPE	014003	04/15/18	23:49:23	0.4892597695390782	0.4892597695390782	11.27	0.0	4.01193011022044	4.0598775676352705	68.62	34.9	0.39140781563126253	0.4745819764529058	24.94	-15.0	270.0	289.28	674.04	-545.42	0	1
PROTOTYPE	014004	04/15/18	23:49:24	0.4892597695390782	0.4892597695390782	11.28	0.0	4.01193011022044	4.053027930861724	63.25	14.66	0.4892597695390782	0.4765390155310621	26.2	-12.75	290.0	289.39	643.92	-493.6	0	1
PROTOTYPE	014005	04/15/18	23:49:26	0.4892597695390782	0.4892597695390782	11.26	0.0	4.01193011022044	4.047156813627255	65.37	12.46	0.4892597695390782	0.47849605460921835	27.15	-10.84	286.0	288.88	689.69	-539.56	0	1
PROTOTYPE	014006	04/15/18	23:49:27	0.4892597695390782	0.4892597695390782	11.24	0.0	4.01193011022044	4.0412856963927855	67.14	10.59	0.4892597695390782	0.48045309368737477	27.87	-9.21	289.0	288.9	651.07	-578.63	0	1
PROTOTYPE	014007	04/15/18	23:49:29	0.4892597695390782	0.4892597695390782	11.24	0.0	4.01193011022044	4.037371618236473	59.78	-6.0	0.4892597695390782	0.48143161322645295	28.44	-7.83	280.0	287.56	714.27	-641.83	0	1
PROTOTYPE	014008	04/15/18	23:49:30	0.4892597695390782	0.4892597695390782	11.23	0.0	4.01193011022044	4.03345754008016	53.56	-20.1	0.4892597695390782	0.482410132765531	28.86	-6.66	295.0	288.68	751.11	-455.56	0	1
PROTOTYPE	014009	04/15/18	23:49:31	0.4892597695390782	0.4892597695390782	11.23	0.0	4.01193011022044	4.030521981462926	48.33	-32.08	0.4892597695390782	0.48338865230460926	29.18	-5.66	291.0	289.03	707.44	-342.23	0	1
PROTOTYPE	014010	04/15/18	23:49:33	0.4892597695390782	0.4892597695390782	11.24	0.0	4.01193011022044	4.027586422845691	43.94	-42.27	0.4892597695390782	0.48436717184368744	29.42	-4.81	299.0	290.52	833.74	-215.89	0	1
PROTOTYPE	014011	04/15/18	23:49:34	0.4892597695390782	0.4892597695390782	11.25	0.0	4.01193011022044	4.024650864228458	37.87	-35.93	0.4892597695390782	0.4853456913827655	15.93	10.91	290.0	290.44	501.47	116.49	0	1
PROTOTYPE	014012	04/15/18	23:49:36	0.4892597695390782	0.4892597695390782	11.26	0.0	4.01193011022044	4.0226938251503	32.8	-30.54	0.4892597695390782	0.4863242109218437	14.82	9.28	288.0	290.08	527.26	69.02	0	1
PROTOTYPE	014013	04/15/18	23:49:37	0.4892597695390782	0.4892597695390782	11.28	0.0	4.01193011022044	4.021715305611223	28.57	-25.96	0.4892597695390782	0.4863242109218437	13.96	7.88	295.0	290.82	550.28	193.67	0	1
PROTOTYPE	014014	04/15/18	23:49:38	0.4892597695390782	0.4892597695390782	11.29	0.0	4.01193011022044	4.019758266533066	25.06	-22.06	0.4892597695390782	0.4863242109218437	13.29	6.7	290.0	290.69	560.32	179.62	0	1
PROTOTYPE	014015	04/15/18	23:49:40	0.4892597695390782	0.4892597695390782	11.28	0.0	4.1097820641282565	4.03345754008016	34.14	-3.76	0.4892597695390782	0.48730273046092193	12.77	5.7	299.0	291.94	551.45	437.67	0	1
PROTOTYPE	014016	04/15/18	23:49:41	0.4892597695390782	0.4892597695390782	11.28	0.0	4.1097820641282565	4.045199774549098	41.8	11.81	0.4892597695390782	0.48730273046092193	12.38	4.84	285.0	290.9	543.99	222.02	0	1
PROTOTYPE	014017	04/15/18	23:49:43	0.4892597695390782	0.4892597695390782	11.29	0.0	4.1097820641282565	4.05498496993988	48.27	25.04	0.4892597695390782	0.48730273046092193	12.09	4.12	296.0	291.66	585.67	263.72	0	1
PROTOTYPE	014018	04/15/18	23:49:44	0.4892597695390782	0.4892597695390782	11.26	0.0	4.1097820641282565	4.062813126252505	53.69	36.28	0.4892597695390782	0.48828125	11.85	3.5	297.0	292.46	516.12	194.16	0	1
PROTOTYPE	014019	04/15/18	23:49:45	0.4892597695390782	0.4892597695390782	11.27	0.0	4.1097820641282565	4.069662763026053	58.26	45.84	0.4892597695390782	0.48828125	11.7	2.97	284.0	291.19	635.13	75.04	0	1
PROTOTYPE	014020	04/15/18	23:49:47	0.4892597695390782	0.4892597695390782	11.26	0.0	4.1097820641282565	4.075533880260521	62.06	53.96	0.4892597695390782	0.48828125	11.57	2.53	279.0	289.37	781.36	-71.22	0	1
PROTOTYPE	014021	04/15/18	23:49:48	0.4892597695390782	0.4892597695390782	11.26	0.0	4.1097820641282565	4.081404997494991	65.21	60.87	0.4892597695390782	0.48828125	11.49	2.15	299.0	290.81	852.04	-0.54	0	1
PROTOTYPE	014022	04/15/18	23:49:50	0.4892597695390782	0.4892597695390782	11.26	0.0	4.1097820641282565	4.085319075651303	67.81	66.74	0.4892597695390782	0.48828125	11.42	1.83	304.0	292.79	1037.56	209.54	0	1
PROTOTYPE	014023	04/15/18	23:49:51	0.4892597695390782	0.4892597695390782	11.26	0.0	4.1097820641282565	4.089233153807615	57.98	56.73	0.4892597695390782	0.48828125	11.38	1.55	289.0	292.22	969.81	28.11	0	1
PROTOTYPE	014024	04/15/18	23:49:52	0.4892597695390782	0.4892597695390782	11.24	0.0	4.1097820641282565	4.09216871242485	49.68	48.22	0.4892597695390782	0.4892597695390782	11.33	1.32	285.0	291.14	974.03	23.9	0	1
PROTOTYPE	014025	04/15/18	23:49:54	0.4892597695390782	0.4892597695390782	11.24	0.0	4.1097820641282565	4.095104271042084	42.69	40.99	0.4892597695390782	0.4892597695390782	11.3	1.12	301.0	292.62	1045.44	95.31	0	1
PROTOTYPE	014026	04/15/18	23:49:55	0.4892597695390782	0.4892597695390782	11.24	0.0	4.1097820641282565	4.097061310120241	36.82	34.84	0.4892597695390782	0.4892597695390782	11.28	0.95	295.0	292.97	1001.16	51.01	0	1
PROTOTYPE	014027	04/15/18	23:49:57	0.4892597695390782	0.4892597695390782	11.23	0.0	4.01193011022044	4.084340556112225	42.62	14.61	0.4892597695390782	0.4892597695390782	11.26	0.81	289.0	292.38	933.82	118.36	0	1
PROTOTYPE	014028	04/15/18	23:49:58	0.4892597695390782	0.4892597695390782	11.23	0.0	4.1097820641282565	4.088254634268537	40.51	12.42	0.4892597695390782	0.4892597695390782	11.25	0.69	295.0	292.77	790.24	340.61	0	1
PROTOTYPE	014029	04/15/18	23:50:00	0.4892597695390782	0.4892597695390782	11.23	0.0	4.1097820641282565	4.091190192885772	38.75	10.56	0.4892597695390782	0.4892597695390782	11.25	0.59	296.0	293.26	694.17	244.52	0	1
PROTOTYPE	014030	04/15/18	23:50:01	0.4892597695390782	0.4892597695390782	11.25	0.0	4.1097820641282565	4.0941257515030065	37.29	8.97	0.4892597695390782	0.4892597695390782	11.26	0.5	297.0	293.82	552.5	102.84	0	1
PROTOTYPE	014031	04/15/18	23:50:02	0.4892597695390782	0.4892597695390782	11.26	0.0	4.01193011022044	4.081404997494991	45.96	-7.37	0.4892597695390782	0.4892597695390782	11.27	0.42	302.0	295.04	618.4	282.41	0	1
PROTOTYPE	014032	04/15/18	23:50:04	0.4892597695390782	0.4892597695390782	11.26	0.0	4.1097820641282565	4.086297595190381	47.0	-6.27	0.4892597695390782	0.4892597695390782	11.26	0.36	296.0	295.19	524.47	405.05	0	1
PROTOTYPE	014033	04/15/18	23:50:05	0.4892597695390782	0.4892597695390782	11.24	0.0	4.1097820641282565	4.089233153807615	47.85	-5.33	0.4892597695390782	0.4892597695390782	11.24	0.31	287.0	293.96	499.36	134.29	0	1
PROTOTYPE	014034	04/15/18	23:50:07	0.4892597695390782	0.4892597695390782	11.23	0.0	4.1097820641282565	4.09216871242485	48.55	-4.53	0.4892597695390782	0.4892597695390782	11.23	0.26	302.0	295.17	584.2	219.15	0	1
PROTOTYPE	014035	04/15/18	23:50:08	0.4892597695390782	0.4892597695390782	11.23	0.0	4.1097820641282565	4.095104271042084	38.42	11.15	0.4892597695390782	0.4892597695390782	11.23	0.22	295.0	295.14	527.42	276.28	0	1
PROTOTYPE	014036	04/15/18	23:50:09	0.4892597695390782	0.4892597695390782	11.23	0.0	4.1097820641282565	4.097061310120241	36.91	9.48	0.4892597695390782	0.4892597695390782	11.23	0.19	295.0	295.12	490.61	234.84	0	1
PROTOTYPE	014037	04/15/18	23:50:11	0.4892597695390782	0.4892597695390782	11.21	0.0	4.1097820641282565	4.0990183491983965	35.65	8.06	0.4892597695390782	0.4892597695390782	11.21	0.16	302.0	296.15	545.37	289.61	0	1
PROTOTYPE	014038	04/15/18	23:50:12	0.4892597695390782	0.4892597695390782	11.18	0.0	4.01193011022044	4.086297595190381	45.94	-8.15	0.4892597695390782	0.4892597695390782	11.18	0.14	300.0	296.73	546.93	291.17	0	1
PROTOTYPE	014039	04/15/18	23:50:14	0.4892597695390782	0.4892597695390782	11.19	0.0	4.1097820641282565	4.089233153807615	37.16	8.07	0.4892597695390782	0.4892597695390782	11.19	0.12	293.0	296.17	480.14	112.49	0	1
PROTOTYPE	014040	04/15/18	23:50:15	0.4892597695390782	0.4892597695390782	11.22	0.0	4.1097820641282565	4.093147231963928	36.04	6.86	0.4892597695390782	0.4892597695390782	11.22	0.1	301.0	296.89	538.21	170.62	0	1
PROTOTYPE	014041	04/15/18	23:50:16	0.4892597695390782	0.4892597695390782	11.23	0.0	4.01193011022044	4.080426477955912	44.59	-9.17	0.4892597695390782	0.4892597695390782	11.23	0.08	271.0	293.01	803.8	-94.97	0	1
PROTOTYPE	014042	04/15/18	23:50:18	0.4892597695390782	0.4892597695390782	11.24	0.0	4.1097820641282565	4.085319075651303	45.89	-7.79	0.4892597695390782	0.4892597695390782	11.24	0.07	290.0	292.56	728.36	-260.73	0	1
PROTOTYPE	014043	04/15/18	23:50:19	0.4892597695390782	0.4892597695390782	11.25	0.0	4.1097820641282565	4.088254634268537	46.96	-6.62	0.4892597695390782	0.4892597695390782	11.25	0.06	294.0	292.77	747.17	-236.62	0	1
PROTOTYPE	014044	04/15/18	23:50:21	0.4892597695390782	0.4892597695390782	11.24	0.0	4.1097820641282565	4.09216871242485	47.84	-5.63	0.4892597695390782	0.4892597695390782	11.24	0.05	293.0	292.81	748.29	-231.13	0	1
PROTOTYPE	014045	04/15/18	23:50:22	0.4892597695390782	0.4892597695390782	11.25	0.0	4.1097820641282565	4.0941257515030065	48.56	-4.79	0.4892597695390782	0.4892597695390782	11.25	0.04	299.0	293.74	737.96	-241.46	0	1
PROTOTYPE	014046	04/15/18	23:50:23	0.4892597695390782	0.4892597695390782	11.27	0.0	4.1097820641282565	4.097061310120241	37.84	10.93	0.4892597695390782	0.4892597695390782	11.27	0.04	291.0	293.33	721.3	-340.24	0	1
PROTOTYPE	014047	04/15/18	23:50:25	0.4892597695390782	0.4892597695390782	11.27	0.0	4.1097820641282565	4.0990183491983965	36.38	9.29	0.4892597695390782	0.4892597695390782	11.27	0.03	284.0	291.93	805.26	-424.2	0	1
PROTOTYPE	014048	04/15/18	23:50:26	0.4892597695390782	0.4892597695390782	11.26	0.0	4.1097820641282565	4.099996868737475	35.19	7.9	0.4892597695390782	0.4892597695390782	11.26	0.03	297.0	292.69	808.88	-420.57	0	1
PROTOTYPE	014049	04/15/18	23:50:28	0.4892597695390782	0.4892597695390782	11.25	0.0	4.1097820641282565	4.101953907815631	24.73	21.71	0.4892597695390782	0.4892597695390782	11.25	0.02	291.0	292.44	445.83	-57.49	0	1
PROTOTYPE	014050	04/15/18	23:50:29	0.4892597695390782	0.4892597695390782	11.25	0.0	4.1097820641282565	4.10293242735471	21.9	18.46	0.4892597695390782	0.4892597695390782	11.25	0.02	301.0	293.72	529.14	116.14	0	1
PROTOTYPE	014051	04/15/18	23:50:30	0.4892597695390782	0.4892597695390782	11.23	0.0	4.1097820641282565	4.103910946893787	19.57	15.69	0.4892597695390782	0.4892597695390782	11.23	0.02	292.0	293.46	533.31	68.72	0	1
PROTOTYPE	014052	04/15/18	23:50:32	0.4892597695390782	0.4892597695390782	11.25	0.0	4.01193011022044	4.090211673346693	30.24	-1.67	0.4892597695390782	0.4892597695390782	11.25	0.01	292.0	293.24	551.63	43.41	0	1
PROTOTYPE	014053	04/15/18	23:50:33	0.4892597695390782	0.4892597695390782	11.24	0.0	4.1097820641282565	4.093147231963928	30.46	-1.42	0.4892597695390782	0.4892597695390782	11.24	0.01	291.0	292.91	492.42	-83.1	0	1
PROTOTYPE	014054	04/15/18	23:50:35	0.4892597695390782	0.4892597695390782	11.22	0.0	4.1097820641282565	4.096082790581162	30.63	-1.2	0.4892597695390782	0.4892597695390782	11.22	0.01	288.0	292.17	524.94	-115.64	0	1
PROTOTYPE	014055	04/15/18	23:50:36	0.4892597695390782	0.4892597695390782	11.24	0.0	4.1097820641282565	4.098039829659319	30.79	-1.02	0.4892597695390782	0.4892597695390782	11.24	0.01	290.0	291.84	417.62	-8.29	0	1
PROTOTYPE	014056	04/15/18	23:50:37	0.4892597695390782	0.4892597695390782	11.24	0.0	4.1097820641282565	4.099996868737475	30.91	-0.87	0.4892597695390782	0.4892597695390782	11.24	0.01	292.0	291.87	344.24	-82.05	0	1
PROTOTYPE	014057	04/15/18	23:50:39	0.4892597695390782	0.4892597695390782	11.24	0.0	4.1097820641282565	4.100975388276552	31.01	-0.74	0.4892597695390782	0.4892597695390782	11.24	0.01	300.0	293.09	440.86	65.26	0	1
PROTOTYPE	014058	04/15/18	23:50:40	0.4892597695390782	0.4892597695390782	11.25	0.0	4.1097820641282565	4.101953907815631	31.09	-0.63	0.4892597695390782	0.4892597695390782	11.25	0.01	296.0	293.52	356.09	-19.53	0	1
PROTOTYPE	014059	04/15/18	23:50:42	0.4892597695390782	0.4892597695390782	11.25	0.0	4.01193011022044	4.089233153807615	43.29	-15.53	0.4892597695390782	0.4892597695390782	11.25	0.0	294.0	293.6	337.52	13.4	0	1
PROTOTYPE	014060	04/15/18	23:50:43	0.4892597695390782	0.4892597695390782	11.23	0.0	4.01193011022044	4.077490919338677	40.98	-13.2	0.4892597695390782	0.4892597695390782	11.23	0.0	298.0	294.26	381.62	101.39	0	1
PROTOTYPE	014061	04/15/18	23:50:44	0.4892597695390782	0.4892597695390782	11.22	0.0	4.1097820641282565	4.082383517034068	42.84	-11.22	0.4892597695390782	0.4892597695390782	11.22	0.0	290.0	293.62	411.81	71.18	0	1
PROTOTYPE	014062	04/15/18	23:50:46	0.4892597695390782	0.4892597695390782	11.22	0.0	4.1097820641282565	4.086297595190381	44.39	-9.54	0.4892597695390782	0.4892597695390782	11.22	0.0	299.0	294.43	418.94	225.5	0	1
PROTOTYPE	014063	04/15/18	23:50:47	0.4892597695390782	0.4892597695390782	11.21	0.0	4.1097820641282565	4.090211673346693	45.66	-8.11	0.4892597695390782	0.4892597695390782	11.21	0.0	295.0	294.51	395.09	266.68	0	1
PROTOTYPE	014064	04/15/18	23:50:49	0.4892597695390782	0.4892597695390782	11.19	0.0	4.1097820641282565	4.093147231963928	46.7	-6.89	0.4892597695390782	0.4892597695390782	11.19	0.0	284.0	292.93	550.05	106.68	0	1
PROTOTYPE	014065	04/15/18	23:50:50	0.4892597695390782	0.4892597695390782	11.19	0.0	4.1097820641282565	4.095104271042084	47.55	-5.86	0.4892597695390782	0.4892597695390782	11.19	0.0	287.0	292.04	517.1	-104.32	0	1
PROTOTYPE	014066	04/15/18	23:50:51	0.4892597695390782	0.4892597695390782	11.16	0.0	4.1097820641282565	4.097061310120241	48.22	-4.98	0.4892597695390782	0.4892597695390782	11.16	0.0	291.0	291.89	489.12	-163.68	0	1
PROTOTYPE	014067	04/15/18	23:50:53	0.4892597695390782	0.4892597695390782	11.16	0.0	4.1097820641282565	4.0990183491983965	36.62	10.77	0.4892597695390782	0.4892597695390782	11.16	0.0	288.0	291.3	540.19	-229.12	0	1
PROTOTYPE	014068	04/15/18	23:50:54	0.4892597695390782	0.4892597695390782	11.17	0.0	4.1097820641282565	4.100975388276552	26.88	24.15	0.4892597695390782	0.4892597695390782	11.17	0.0	293.0	291.56	499.59	-269.76	0	1
PROTOTYPE	014069	04/15/18	23:50:56	0.4892597695390782	0.4892597695390782	11.2	0.0	4.1097820641282565	4.101953907815631	23.67	20.53	0.4892597695390782	0.4892597695390782	11.2	0.0	290.0	291.33	459.15	-229.29	0	1
PROTOTYPE	014070	04/15/18	23:50:57	0.4892597695390782	0.4892597695390782	11.23	0.0	4.1097820641282565	4.10293242735471	21.04	17.45	0.4892597695390782	0.4892597695390782	11.23	0.0	294.0	291.73	418.56	-269.9	0	1
PROTOTYPE	014071	04/15/18	23:50:58	0.4892597695390782	0.4892597695390782	11.21	0.0	4.1097820641282565	4.103910946893787	18.89	14.83	0.4892597695390782	0.4892597695390782	11.21	0.0	292.0	291.77	414.16	-274.41	0	1
PROTOTYPE	014072	04/15/18	23:51:00	0.4892597695390782	0.4892597695390782	11.21	0.0	4.1097820641282565	4.104889466432866	17.15	12.61	0.4892597695390782	0.4892597695390782	11.21	0.0	287.0	291.05	328.0	-188.25	0	1
PROTOTYPE	014073	04/15/18	23:51:01	0.4892597695390782	0.4892597695390782	11.23	0.0	4.1097820641282565	4.105867985971944	15.78	10.72	0.4892597695390782	0.4892597695390782	11.23	0.0	293.0	291.34	268.22	-70.01	0	1
PROTOTYPE	014074	04/15/18	23:51:03	0.4892597695390782	0.4892597695390782	11.25	0.0	4.1097820641282565	4.1068465055110215	14.7	9.11	0.4892597695390782	0.4892597695390782	11.25	0.0	299.0	292.49	367.33	60.49	0	1
PROTOTYPE	014075	04/15/18	23:51:04	0.4892597695390782	0.4892597695390782	11.28	0.0	4.1097820641282565	4.1068465055110215	13.87	7.74	0.4892597695390782	0.4892597695390782	11.28	0.0	283.0	291.07	451.4	-23.59	0	1
PROTOTYPE	014076	04/15/18	23:51:06	0.4892597695390782	0.4892597695390782	11.27	0.0	4.1097820641282565	4.1078250250501	13.21	6.58	0.4892597695390782	0.4892597695390782	11.27	0.0	300.0	292.41	559.9	84.95	0	1
PROTOTYPE	014077	04/15/18	23:51:07	0.4892597695390782	0.4892597695390782	11.27	0.0	4.1097820641282565	4.1078250250501	12.71	5.59	0.4892597695390782	0.4892597695390782	11.27	0.0	285.0	291.3	647.61	-2.79	0	1
PROTOTYPE	014078	04/15/18	23:51:08	0.4892597695390782	0.4892597695390782	11.26	0.0	4.1097820641282565	4.1078250250501	12.33	4.75	0.4892597695390782	0.4892597695390782	11.26	0.0	294.0	291.7	648.03	-2.37	0	1
PROTOTYPE	014079	04/15/18	23:51:10	0.4892597695390782	0.4892597695390782	11.26	0.0	4.1097820641282565	4.1078250250501	12.04	4.04	0.4892597695390782	0.4892597695390782	11.26	0.0	275.0	289.2	894.24	-257.02	0	1
PROTOTYPE	014080	04/15/18	23:51:11	0.4892597695390782	0.4892597695390782	11.28	0.0	4.1097820641282565	4.108803544589179	11.85	3.44	0.4892597695390782	0.4892597695390782	11.28	0.0	292.0	289.62	864.78	-143.46	0	1
PROTOTYPE	014081	04/15/18	23:51:13	0.4892597695390782	0.4892597695390782	11.31	0.0	4.1097820641282565	4.108803544589179	11.73	2.92	0.4892597695390782	0.4892597695390782	11.31	0.0	297.0	290.73	946.27	-61.94	0	1
PROTOTYPE	014082	04/15/18	23:51:14	0.4892597695390782	0.4892597695390782	11.31	0.0	4.1097820641282565	4.108803544589179	11.61	2.48	0.4892597695390782	0.4892597695390782	11.31	0.0	284.0	289.72	932.31	-277.65	0	1
PROTOTYPE	014083	04/15/18	23:51:15	0.4892597695390782	0.4892597695390782	11.3	0.0	4.1097820641282565	4.108803544589179	11.52	2.11	0.4892597695390782	0.4892597695390782	11.3	0.0	293.0	290.21	839.19	-86.0	0	1
PROTOTYPE	014084	04/15/18	23:51:17	0.4892597695390782	0.4892597695390782	11.33	0.0	4.1097820641282565	4.108803544589179	11.49	1.79	0.4892597695390782	0.4892597695390782	11.33	0.0	282.0	288.98	828.36	-343.1	0	1
PROTOTYPE	014085	04/15/18	23:51:18	0.4892597695390782	0.4892597695390782	11.31	0.0	4.1097820641282565	4.108803544589179	11.42	1.52	0.4892597695390782	0.4892597695390782	11.31	0.0	286.0	288.53	761.9	-276.64	0	1
PROTOTYPE	014086	04/15/18	23:51:20	0.4892597695390782	0.4892597695390782	11.31	0.0	4.1097820641282565	4.1097820641282565	11.39	1.3	0.4892597695390782	0.4892597695390782	11.31	0.0	290.0	288.75	743.42	-295.14	0	1
PROTOTYPE	014087	04/15/18	23:51:21	0.4892597695390782	0.4892597695390782	11.33	0.0	4.1097820641282565	4.1097820641282565	11.39	1.1	0.4892597695390782	0.4892597695390782	11.33	0.0	285.0	288.19	549.16	-100.87	0	1
PROTOTYPE	014088	04/15/18	23:51:23	0.4892597695390782	0.4892597695390782	11.34	0.0	4.1097820641282565	4.1097820641282565	11.38	0.94	0.4892597695390782	0.4892597695390782	11.34	0.0	291.0	288.61	549.29	-100.74	0	1
PROTOTYPE	014089	04/15/18	23:51:24	0.4892597695390782	0.4892597695390782	11.32	0.0	4.01193011022044	4.095104271042084	24.94	-14.2	0.4892597695390782	0.4892597695390782	11.32	0.0	285.0	288.07	492.72	-265.63	0	1
PROTOTYPE	014090	04/15/18	23:51:25	0.4892597695390782	0.4892597695390782	11.32	0.0	4.01193011022044	4.082383517034068	36.31	-27.07	0.4892597695390782	0.4892597695390782	11.32	0.0	299.0	289.71	555.81	-0.79	0	1
PROTOTYPE	014091	04/15/18	23:51:27	0.4892597695390782	0.4892597695390782	11.32	0.0	4.01193011022044	4.071619802104208	45.79	-38.01	0.4892597695390782	0.4892597695390782	11.32	0.0	294.0	290.35	570.93	14.33	0	1
PROTOTYPE	014092	04/15/18	23:51:28	0.4892597695390782	0.4892597695390782	11.29	0.0	4.01193011022044	4.062813126252505	53.64	-47.31	0.4892597695390782	0.4892597695390782	11.29	0.0	288.0	290.0	483.1	102.18	0	1
PROTOTYPE	014093	04/15/18	23:51:30	0.4892597695390782	0.4892597695390782	11.31	0.0	4.1097820641282565	4.069662763026053	59.57	-40.21	0.4892597695390782	0.4892597695390782	11.31	0.0	283.0	288.95	543.41	41.86	0	1
PROTOTYPE	014094	04/15/18	23:51:31	0.4892597695390782	0.4892597695390782	11.29	0.0	4.1097820641282565	4.075533880260521	64.43	-34.18	0.4892597695390782	0.4892597695390782	11.29	0.0	300.0	290.61	687.09	185.58	0	1
PROTOTYPE	014095	04/15/18	23:51:32	0.4892597695390782	0.4892597695390782	11.29	0.0	4.01193011022044	4.066727204408818	72.91	-44.05	0.4892597695390782	0.4892597695390782	11.29	0.0	287.0	290.07	684.93	187.74	0	1
PROTOTYPE	014096	04/15/18	23:51:34	0.4892597695390782	0.4892597695390782	11.26	0.0	4.1097820641282565	4.072598321643286	78.3	-37.45	0.4892597695390782	0.4892597695390782	11.26	0.0	286.0	289.46	703.74	84.58	0	1
PROTOTYPE	014097	04/15/18	23:51:35	0.4892597695390782	0.4892597695390782	11.25	0.0	4.1097820641282565	4.078469438877756	69.13	-16.83	0.4892597695390782	0.4892597695390782	11.25	0.0	288.0	289.24	671.45	116.89	0	1
PROTOTYPE	014098	04/15/18	23:51:37	0.4892597695390782	0.4892597695390782	11.27	0.0	4.1097820641282565	4.083362036573146	61.37	0.69	0.4892597695390782	0.4892597695390782	11.27	0.0	300.0	290.85	668.92	114.36	0	1
PROTOTYPE	014099	04/15/18	23:51:38	0.4892597695390782	0.4892597695390782	11.27	0.0	4.01193011022044	4.072598321643286	61.47	0.59	0.4892597695390782	0.4892597695390782	11.27	0.0	297.0	291.77	696.76	142.2	0	1
PROTOTYPE	014100	04/15/18	23:51:39	0.4892597695390782	0.4892597695390782	11.27	0.0	4.1097820641282565	4.078469438877756	58.09	15.5	0.4892597695390782	0.4892597695390782	11.27	0.0	274.0	289.11	928.07	-89.13	0	1
PROTOTYPE	014101	04/15/18	23:51:41	0.4892597695390782	0.4892597695390782	11.25	0.0	4.1097820641282565	4.082383517034068	55.82	13.18	0.4892597695390782	0.4892597695390782	11.25	0.0	293.0	289.69	881.46	74.24	0	1
PROTOTYPE	014102	04/15/18	23:51:42	0.4892597695390782	0.4892597695390782	11.25	0.0	4.1097820641282565	4.08727611472946	53.92	11.2	0.4892597695390782	0.4892597695390782	11.25	0.0	300.0	291.24	870.33	63.11	0	1
PROTOTYPE	014103	04/15/18	23:51:44	0.4892597695390782	0.4892597695390782	11.24	0.0	4.1097820641282565	4.090211673346693	47.81	24.52	0.4892597695390782	0.4892597695390782	11.24	0.0	285.0	290.3	909.79	23.64	0	1
PROTOTYPE	014104	04/15/18	23:51:45	0.4892597695390782	0.4892597695390782	11.25	0.0	4.1097820641282565	4.093147231963928	44.3	20.84	0.4892597695390782	0.4892597695390782	11.25	0.0	297.0	291.31	949.26	185.09	0	1
PROTOTYPE	014105	04/15/18	23:51:46	0.4892597695390782	0.4892597695390782	11.24	0.0	4.1097820641282565	4.096082790581162	41.36	17.72	0.4892597695390782	0.4892597695390782	11.24	0.0	282.0	289.91	1066.98	67.33	0	1
PROTOTYPE	014106	04/15/18	23:51:48	0.4892597695390782	0.4892597695390782	11.23	0.0	4.1097820641282565	4.098039829659319	38.91	15.06	0.4892597695390782	0.4892597695390782	11.23	0.0	288.0	289.62	934.24	-122.77	0	1
PROTOTYPE	014107	04/15/18	23:51:49	0.4892597695390782	0.4892597695390782	11.24	0.0	4.01193011022044	4.085319075651303	41.16	12.8	0.4892597695390782	0.4892597695390782	11.24	0.0	298.0	290.88	967.65	-89.35	0	1
PROTOTYPE	014108	04/15/18	23:51:51	0.4892597695390782	0.4892597695390782	11.24	0.0	4.1097820641282565	4.088254634268537	39.32	10.88	0.4892597695390782	0.4892597695390782	11.24	0.0	292.0	291.05	717.88	194.05	0	1
PROTOTYPE	014109	04/15/18	23:51:52	0.4892597695390782	0.4892597695390782	11.23	0.0	4.1097820641282565	4.09216871242485	37.78	9.25	0.4892597695390782	0.4892597695390782	11.23	0.0	289.0	290.74	690.25	104.94	0	1
PROTOTYPE	014110	04/15/18	23:51:53	0.4892597695390782	0.4892597695390782	11.23	0.0	4.01193011022044	4.079447958416834	45.73	-7.14	0.4892597695390782	0.4892597695390782	11.23	0.0	288.0	290.33	576.76	-90.8	0	1
PROTOTYPE	014111	04/15/18	23:51:55	0.4892597695390782	0.4892597695390782	11.23	0.0	4.01193011022044	4.069662763026053	52.44	-21.07	0.4892597695390782	0.4892597695390782	11.23	0.0	290.0	290.28	488.33	-2.18	0	1
PROTOTYPE	014112	04/15/18	23:51:56	0.4892597695390782	0.4892597695390782	11.23	0.0	4.01193011022044	4.060856087174349	58.1	-32.91	0.4892597695390782	0.4892597695390782	11.23	0.0	282.0	289.04	512.07	-226.85	0	1
PROTOTYPE	014113	04/15/18	23:51:58	0.4892597695390782	0.4892597695390782	11.24	0.0	4.01193011022044	4.054006450400801	62.85	-42.97	0.4892597695390782	0.4892597695390782	11.24	0.0	293.0	289.63	431.9	-27.82	0	1
PROTOTYPE	014114	04/15/18	23:51:59	0.4892597695390782	0.4892597695390782	11.24	0.0	4.1097820641282565	4.061834606713426	68.99	-36.53	0.4892597695390782	0.4892597695390782	11.24	0.0	284.0	288.79	487.7	-83.65	0	1
PROTOTYPE	014115	04/15/18	23:52:00	0.4892597695390782	0.4892597695390782	11.21	0.0	4.1097820641282565	4.069662763026053	63.2	-16.05	0.4892597695390782	0.4892597695390782	11.21	0.0	288.0	288.67	373.96	-221.1	0	1
PROTOTYPE	014116	04/15/18	23:52:02	0.4892597695390782	0.4892597695390782	11.22	0.0	4.1097820641282565	4.075533880260521	65.51	-13.64	0.4892597695390782	0.4892597695390782	11.22	0.0	285.0	288.12	412.17	-292.94	0	1
PROTOTYPE	014117	04/15/18	23:52:03	0.4892597695390782	0.4892597695390782	11.23	0.0	4.01193011022044	4.065748684869739	71.8	-26.59	0.4892597695390782	0.4892597695390782	11.23	0.0	304.0	290.5	619.63	-24.0	0	1
PROTOTYPE	014118	04/15/18	23:52:05	0.4892597695390782	0.4892597695390782	11.24	0.0	4.01193011022044	4.057920528557115	67.85	-22.61	0.4892597695390782	0.4892597695390782	11.24	0.0	265.0	286.68	961.01	-365.4	0	1
PROTOTYPE	014119	04/15/18	23:52:06	0.4892597695390782	0.4892597695390782	11.24	0.0	4.01193011022044	4.051070891783566	64.5	-19.21	0.4892597695390782	0.4892597695390782	11.24	0.0	291.0	287.32	1020.73	-295.59	0	1
PROTOTYPE	014120	04/15/18	23:52:08	0.4892597695390782	0.4892597695390782	11.25	0.0	4.01193011022044	4.045199774549098	61.68	-16.33	0.4892597695390782	0.4892597695390782	11.25	0.0	284.0	286.83	946.41	-221.25	0	1
PROTOTYPE	014121	04/15/18	23:52:09	0.4892597695390782	0.4892597695390782	11.24	0.0	4.01193011022044	4.040307176853707	59.29	-13.88	0.4892597695390782	0.4892597695390782	11.24	0.0	297.0	288.35	1039.58	-128.06	0	1
PROTOTYPE	014122	04/15/18	23:52:10	0.4892597695390782	0.4892597695390782	11.24	0.0	4.01193011022044	4.035414579158317	55.1	-26.8	0.4892597695390782	0.4892597695390782	11.24	0.0	299.0	289.95	1114.81	116.15	0	1
PROTOTYPE	014123	04/15/18	23:52:12	0.4892597695390782	0.4892597695390782	11.25	0.0	4.01193011022044	4.032479020541082	51.57	-37.78	0.4892597695390782	0.4892597695390782	11.25	0.0	292.0	290.26	1133.7	158.72	0	1
PROTOTYPE	014124	04/15/18	23:52:13	0.4892597695390782	0.4892597695390782	11.23	0.0	4.01193011022044	4.029543461923848	48.61	-47.11	0.4892597695390782	0.4892597695390782	11.23	0.0	293.0	290.67	1119.81	254.92	0	1
PROTOTYPE	014125	04/15/18	23:52:15	0.4892597695390782	0.4892597695390782	11.23	0.0	4.01193011022044	4.026607903306613	41.79	-40.05	0.4892597695390782	0.4892597695390782	11.23	0.0	285.0	289.82	966.63	-68.32	0	1
PROTOTYPE	014126	04/15/18	23:52:16	0.4892597695390782	0.4892597695390782	11.24	0.0	4.01193011022044	4.024650864228458	36.07	-34.04	0.4892597695390782	0.4892597695390782	11.24	0.0	282.0	288.65	701.39	196.93	0	1
PROTOTYPE	014127	04/15/18	23:52:17	0.4892597695390782	0.4892597695390782	11.23	0.0	4.01193011022044	4.0226938251503	31.28	-28.93	0.4892597695390782	0.4892597695390782	11.23	0.0	288.0	288.55	646.29	122.39	0	1
PROTOTYPE	014128	04/15/18	23:52:19	0.4892597695390782	0.4892597695390782	11.21	0.0	4.1097820641282565	4.035414579158317	38.6	-9.59	0.4892597695390782	0.4892597695390782	11.21	0.0	298.0	289.97	738.18	314.03	0	1
PROTOTYPE	014129	04/15/18	23:52:20	0.4892597695390782	0.4892597695390782	11.23	0.0	4.01193011022044	4.032479020541082	37.24	-8.15	0.4892597695390782	0.4892597695390782	11.23	0.0	277.0	288.02	780.06	-33.07	0	1
PROTOTYPE	014130	04/15/18	23:52:22	0.4892597695390782	0.4892597695390782	11.21	0.0	4.01193011022044	4.02856494238477	36.09	-6.93	0.4892597695390782	0.4892597695390782	11.21	0.0	288.0	288.02	621.77	-193.11	0	1
PROTOTYPE	014131	04/15/18	23:52:23	0.4892597695390782	0.4892597695390782	11.2	0.0	4.1097820641282565	4.0412856963927855	44.62	9.11	0.4892597695390782	0.4892597695390782	11.2	0.0	297.0	289.37	725.71	-89.15	0	1
PROTOTYPE	014132	04/15/18	23:52:24	0.4892597695390782	0.4892597695390782	11.21	0.0	4.1097820641282565	4.051070891783566	51.82	22.74	0.4892597695390782	0.4892597695390782	11.21	0.0	287.0	289.01	720.05	-165.77	0	1
PROTOTYPE	014133	04/15/18	23:52:26	0.4892597695390782	0.4892597695390782	11.2	0.0	4.01193011022044	4.045199774549098	55.04	19.33	0.4892597695390782	0.4892597695390782	11.2	0.0	280.0	287.66	770.18	-215.91	0	1
PROTOTYPE	014134	04/15/18	23:52:27	0.4892597695390782	0.4892597695390782	11.2	0.0	4.1097820641282565	4.05498496993988	62.34	31.43	0.4892597695390782	0.4892597695390782	11.2	0.0	284.0	287.11	707.8	-153.52	0	1
PROTOTYPE	014135	04/15/18	23:52:29	0.4892597695390782	0.4892597695390782	11.21	0.0	4.1097820641282565	4.063791645791584	68.46	41.72	0.4892597695390782	0.4892597695390782	11.21	0.0	280.0	286.04	804.68	-250.49	0	1
PROTOTYPE	014136	04/15/18	23:52:30	0.4892597695390782	0.4892597695390782	11.23	0.0	4.1097820641282565	4.070641282565131	62.27	35.46	0.4892597695390782	0.4892597695390782	11.23	0.0	301.0	288.29	887.25	-167.92	0	1
PROTOTYPE	014137	04/15/18	23:52:31	0.4892597695390782	0.4892597695390782	11.21	0.0	4.1097820641282565	4.076512399799599	64.58	45.14	0.4892597695390782	0.4892597695390782	11.21	0.0	289.0	288.39	703.54	37.27	0	1
PROTOTYPE	014138	04/15/18	23:52:33	0.4892597695390782	0.4892597695390782	11.21	0.0	4.1097820641282565	4.081404997494991	66.52	53.37	0.4892597695390782	0.4892597695390782	11.21	0.0	300.0	290.13	876.21	211.68	0	1
PROTOTYPE	014139	04/15/18	23:52:34	0.4892597695390782	0.4892597695390782	11.23	0.0	4.1097820641282565	4.085319075651303	58.66	45.36	0.4892597695390782	0.4892597695390782	11.23	0.0	294.0	290.71	799.46	134.93	0	1
PROTOTYPE	014140	04/15/18	23:52:36	0.4892597695390782	0.4892597695390782	11.25	0.0	4.1097820641282565	4.089233153807615	52.02	38.56	0.4892597695390782	0.4892597695390782	11.25	0.0	282.0	289.41	894.68	39.69	0	1
PROTOTYPE	014141	04/15/18	23:52:37	0.4892597695390782	0.4892597695390782	11.26	0.0	4.1097820641282565	4.09216871242485	49.26	47.78	0.4892597695390782	0.4892597695390782	11.26	0.0	294.0	290.1	828.42	243.73	0	1
PROTOTYPE	014142	04/15/18	23:52:38	0.4892597695390782	0.4892597695390782	11.24	0.0	4.1097820641282565	4.095104271042084	42.33	40.61	0.4892597695390782	0.4892597695390782	11.24	0.0	292.0	290.38	802.1	327.17	0	1
PROTOTYPE	014143	04/15/18	23:52:40	0.4892597695390782	0.4892597695390782	11.24	0.0	4.1097820641282565	4.097061310120241	36.52	34.52	0.4892597695390782	0.4892597695390782	11.24	0.0	287.0	289.87	746.19	383.1	0	1
PROTOTYPE	014144	04/15/18	23:52:41	0.4892597695390782	0.4892597695390782	11.23	0.0	4.1097820641282565	4.0990183491983965	31.66	29.34	0.4892597695390782	0.4892597695390782	11.23	0.0	290.0	289.89	524.19	160.63	0	1
PROTOTYPE	014145	04/15/18	23:52:43	0.4892597695390782	0.4892597695390782	11.25	0.0	4.1097820641282565	4.100975388276552	27.63	24.94	0.4892597695390782	0.4892597695390782	11.25	0.0	285.0	289.16	586.82	76.54	0	1
PROTOTYPE	014146	04/15/18	23:52:44	0.4892597695390782	0.4892597695390782	11.26	0.0	4.01193011022044	4.08727611472946	35.97	6.2	0.4892597695390782	0.4892597695390782	11.26	0.0	298.0	290.49	545.34	35.06	0	1
PROTOTYPE	014147	04/15/18	23:52:45	0.4892597695390782	0.4892597695390782	11.26	0.0	4.01193011022044	4.076512399799599	43.02	-9.73	0.4892597695390782	0.4892597695390782	11.26	0.0	289.0	290.26	509.67	-45.2	0	1
PROTOTYPE	014148	04/15/18	23:52:47	0.4892597695390782	0.4892597695390782	11.24	0.0	4.01193011022044	4.066727204408818	48.97	-23.27	0.4892597695390782	0.4892597695390782	11.24	0.0	280.0	288.72	532.89	-68.42	0	1
PROTOTYPE	014149	04/15/18	23:52:48	0.4892597695390782	0.4892597695390782	11.25	0.0	4.01193011022044	4.057920528557115	53.98	-34.78	0.4892597695390782	0.4892597695390782	11.25	0.0	304.0	291.01	693.14	91.84	0	1
PROTOTYPE	014150	04/15/18	23:52:50	0.4892597695390782	0.4892597695390782	11.26	0.0	4.01193011022044	4.051070891783566	58.2	-44.56	0.4892597695390782	0.4892597695390782	11.26	0.0	296.0	291.76	739.35	138.07	0	1
PROTOTYPE	014151	04/15/18	23:52:51	0.4892597695390782	0.4892597695390782	11.27	0.0	4.01193011022044	4.045199774549098	61.71	-52.88	0.4892597695390782	0.4892597695390782	11.27	0.0	301.0	293.15	827.17	327.36	0	1
PROTOTYPE	014152	04/15/18	23:52:52	0.4892597695390782	0.4892597695390782	11.28	0.0	4.01193011022044	4.040307176853707	64.64	-59.95	0.4892597695390782	0.4892597695390782	11.28	0.0	289.0	292.53	887.06	263.25	0	1
PROTOTYPE	014153	04/15/18	23:52:54	0.4892597695390782	0.4892597695390782	11.27	0.0	4.01193011022044	4.036393098697395	67.05	-65.96	0.4892597695390782	0.4892597695390782	11.27	0.0	285.0	291.4	926.54	223.76	0	1
PROTOTYPE	014154	04/15/18	23:52:55	0.4892597695390782	0.4892597695390782	11.28	0.0	4.01193011022044	4.032479020541082	57.34	-56.06	0.4892597695390782	0.4892597695390782	11.28	0.0	276.0	289.09	1024.89	-139.8	0	1
PROTOTYPE	014155	04/15/18	23:52:57	0.4892597695390782	0.4892597695390782	11.27	0.0	4.01193011022044	4.029543461923848	49.14	-47.65	0.4892597695390782	0.4892597695390782	11.27	0.0	296.0	290.12	1106.26	-13.83	0	1
PROTOTYPE	014156	04/15/18	23:52:58	0.4892597695390782	0.4892597695390782	11.27	0.0	4.01193011022044	4.026607903306613	42.24	-40.5	0.4892597695390782	0.4892597695390782	11.27	0.0	296.0	291.01	1040.45	228.24	0	1
PROTOTYPE	014157	04/15/18	23:53:00	0.4892597695390782	0.4892597695390782	11.27	0.0	4.01193011022044	4.024650864228458	36.45	-34.43	0.4892597695390782	0.4892597695390782	11.27	0.0	297.0	291.9	901.22	89.01	0	1
PROTOTYPE	014158	04/15/18	23:53:01	0.4892597695390782	0.4892597695390782	11.26	0.0	4.01193011022044	4.0226938251503	31.59	-29.26	0.4892597695390782	0.4892597695390782	11.26	0.0	288.0	291.32	885.02	-44.34	0	1
PROTOTYPE	014159	04/15/18	23:53:02	0.4892597695390782	0.4892597695390782	11.26	0.0	4.01193011022044	4.020736786072145	27.57	-24.88	0.4892597695390782	0.4892597695390782	11.26	0.0	304.0	293.22	936.67	7.31	0	1
PROTOTYPE	014160	04/15/18	23:53:04	0.4892597695390782	0.4892597695390782	11.26	0.0	4.01193011022044	4.019758266533066	24.24	-21.14	0.4892597695390782	0.4892597695390782	11.26	0.0	294.0	293.34	886.2	81.21	0	1
PROTOTYPE	014161	04/15/18	23:53:05	0.4892597695390782	0.4892597695390782	11.27	0.0	4.01193011022044	4.018779746993989	21.51	-17.97	0.4892597695390782	0.4892597695390782	11.27	0.0	288.0	292.54	853.39	114.03	0	1
PROTOTYPE	014162	04/15/18	23:53:07	0.4892597695390782	0.4892597695390782	11.25	0.0	4.01193011022044	4.0178012274549095	19.26	-15.28	0.4892597695390782	0.4892597695390782	11.25	0.0	293.0	292.61	629.5	351.93	0	1
PROTOTYPE	014163	04/15/18	23:53:08	0.4892597695390782	0.4892597695390782	11.25	0.0	4.01193011022044	4.016822707915831	17.45	-12.98	0.4892597695390782	0.4892597695390782	11.25	0.0	300.0	293.72	636.71	359.14	0	1
PROTOTYPE	014164	04/15/18	23:53:09	0.4892597695390782	0.4892597695390782	11.26	0.0	4.01193011022044	4.015844188376754	16.02	-11.04	0.4892597695390782	0.4892597695390782	11.26	0.0	295.0	293.91	567.88	290.27	0	1
PROTOTYPE	014165	04/15/18	23:53:11	0.4892597695390782	0.4892597695390782	11.25	0.0	4.01193011022044	4.015844188376754	14.88	-9.38	0.4892597695390782	0.4892597695390782	11.25	0.0	301.0	294.97	584.34	306.73	0	1
PROTOTYPE	014166	04/15/18	23:53:12	0.4892597695390782	0.4892597695390782	11.28	0.0	4.01193011022044	4.014865668837675	14.01	-7.97	0.4892597695390782	0.4892597695390782	11.28	0.0	297.0	295.28	556.2	395.72	0	1
