Dev_id	Index	Date	Time	Sensor1	Sensor1_Filter	Sensor1_LL	Sensor1_Diff	Sensor2	Sensor2_Filter	Sensor2_LL	Sensor2_Diff	Sensor3	Sensor3_Filter	Sensor3_LL	Sensor3_Diff	Sensor4	Sensor4_Filter	Sensor4_LL	Sensor4_Diff	Heater_Status	FSM_Status
PROTOTYPE	017567	04/16/18	01:13:04	0.4892597695390782	0.4892597695390782	11.27	0.0	3.522670340681363	3.522670340681363	11.27	-0.0	0.4892597695390782	0.4892597695390782	11.27	0.0	286.0	289.71	513.08	75.92	0	1
PROTOTYPE	017568	04/16/18	01:13:05	0.4892597695390782	0.4892597695390782	11.27	0.0	3.522670340681363	3.522670340681363	11.27	-0.0	0.4892597695390782	0.4892597695390782	11.27	0.0	296.0	290.65	501.69	64.53	0	1
PROTOTYPE	017569	04/16/18	01:13:06	0.4892597695390782	0.4892597695390782	11.26	0.0	3.522670340681363	3.522670340681363	11.26	-0.0	0.4892597695390782	0.4892597695390782	11.26	0.0	287.0	290.11	541.32	24.85	0	1
PROTOTYPE	017570	04/16/18	01:13:08	0.4892597695390782	0.4892597695390782	11.26	0.0	3.522670340681363	3.522670340681363	11.26	-0.0	0.4892597695390782	0.4892597695390782	11.26	0.0	294.0	290.69	567.58	51.12	0	1
PROTOTYPE	017571	04/16/18	01:13:09	0.4892597695390782	0.4892597695390782	11.25	0.0	3.522670340681363	3.522670340681363	11.25	-0.0	0.4892597695390782	0.4892597695390782	11.25	0.0	282.0	289.39	560.25	58.46	0	1
PROTOTYPE	017572	04/16/18	01:13:11	0.4892597695390782	0.4892597695390782	11.25	0.0	3.522670340681363	3.522670340681363	11.25	-0.0	0.4892597695390782	0.4892597695390782	11.25	0.0	295.0	290.23	536.48	34.69	0	1
PROTOTYPE	017573	04/16/18	01:13:12	0.4892597695390782	0.4892597695390782	11.23	0.0	3.522670340681363	3.522670340681363	11.23	-0.0	0.4892597695390782	0.4892597695390782	11.23	0.0	295.0	290.94	605.8	104.48	0	1
PROTOTYPE	017574	04/16/18	01:13:13	0.4892597695390782	0.4892597695390782	11.24	0.0	3.522670340681363	3.522670340681363	11.24	-0.0	0.4892597695390782	0.4892597695390782	11.24	0.0	285.0	290.05	648.43	-31.19	0	1
PROTOTYPE	017575	04/16/18	01:13:15	0.4892597695390782	0.4892597695390782	11.22	0.0	3.522670340681363	3.522670340681363	11.22	-0.0	0.4892597695390782	0.4892597695390782	11.22	0.0	283.0	288.99	688.75	-71.51	0	1
PROTOTYPE	017576	04/16/18	01:13:16	0.4892597695390782	0.4892597695390782	11.22	0.0	3.522670340681363	3.522670340681363	11.22	-0.0	0.4892597695390782	0.4892597695390782	11.22	0.0	283.0	288.1	684.31	-255.78	0	1
PROTOTYPE	017577	04/16/18	01:13:18	0.4892597695390782	0.4892597695390782	11.23	0.0	3.522670340681363	3.522670340681363	11.23	-0.0	0.4892597695390782	0.4892597695390782	11.23	0.0	292.0	288.68	688.08	-142.42	0	1
PROTOTYPE	017578	04/16/18	01:13:19	0.4892597695390782	0.4892597695390782	11.25	0.0	3.6205222945891786	3.537348133767535	24.89	15.0	0.4892597695390782	0.4892597695390782	11.25	0.0	290.0	288.88	649.48	-181.05	0	1
PROTOTYPE	017579	04/16/18	01:13:20	0.4892597695390782	0.4892597695390782	11.28	0.0	3.522670340681363	3.5353910946893787	26.16	12.75	0.4892597695390782	0.4892597695390782	11.28	0.0	294.0	289.65	595.96	26.1	0	1
PROTOTYPE	017580	04/16/18	01:13:22	0.4892597695390782	0.4892597695390782	11.27	0.0	3.522670340681363	3.5334340556112225	27.12	10.84	0.4892597695390782	0.4892597695390782	11.27	0.0	293.0	290.15	562.05	-7.81	0	1
PROTOTYPE	017581	04/16/18	01:13:23	0.4892597695390782	0.4892597695390782	11.27	0.0	3.522670340681363	3.5314770165330667	27.86	9.21	0.4892597695390782	0.4892597695390782	11.27	0.0	287.0	289.68	537.73	-126.64	0	1
PROTOTYPE	017582	04/16/18	01:13:25	0.4892597695390782	0.4892597695390782	11.25	0.0	3.522670340681363	3.530498496993988	28.41	7.83	0.4892597695390782	0.4892597695390782	11.25	0.0	283.0	288.68	548.73	-137.64	0	1
PROTOTYPE	017583	04/16/18	01:13:26	0.4892597695390782	0.4892597695390782	11.26	0.0	3.6205222945891786	3.544197770541082	40.91	21.66	0.4892597695390782	0.4892597695390782	11.26	0.0	292.0	289.17	492.82	18.0	0	1
PROTOTYPE	017584	04/16/18	01:13:28	0.4892597695390782	0.4892597695390782	11.28	0.0	3.522670340681363	3.5402836923847696	43.05	18.41	0.4892597695390782	0.4892597695390782	11.28	0.0	294.0	289.9	475.29	180.3	0	1
PROTOTYPE	017585	04/16/18	01:13:29	0.4892597695390782	0.4892597695390782	11.28	0.0	3.522670340681363	3.538326653306613	44.75	15.65	0.4892597695390782	0.4892597695390782	11.28	0.0	293.0	290.36	463.25	168.26	0	1
PROTOTYPE	017586	04/16/18	01:13:30	0.4892597695390782	0.4892597695390782	11.26	0.0	3.522670340681363	3.5353910946893787	32.42	-1.7	0.4892597695390782	0.4892597695390782	11.26	0.0	290.0	290.31	449.05	143.02	0	1
PROTOTYPE	017587	04/16/18	01:13:32	0.4892597695390782	0.4892597695390782	11.26	0.0	3.522670340681363	3.5334340556112225	32.2	-1.45	0.4892597695390782	0.4892597695390782	11.26	0.0	296.0	291.16	457.59	151.57	0	1
PROTOTYPE	017588	04/16/18	01:13:33	0.4892597695390782	0.4892597695390782	11.26	0.0	3.522670340681363	3.5324555360721446	32.03	-1.23	0.4892597695390782	0.4892597695390782	11.26	0.0	291.0	291.14	410.09	98.83	0	1
PROTOTYPE	017589	04/16/18	01:13:35	0.4892597695390782	0.4892597695390782	11.26	0.0	3.522670340681363	3.530498496993988	31.9	-1.04	0.4892597695390782	0.4892597695390782	11.26	0.0	285.0	290.22	454.91	54.01	0	1
PROTOTYPE	017590	04/16/18	01:13:36	0.4892597695390782	0.4892597695390782	11.26	0.0	3.522670340681363	3.52951997745491	31.79	-0.89	0.4892597695390782	0.4892597695390782	11.26	0.0	278.0	288.38	538.0	-29.09	0	1
PROTOTYPE	017591	04/16/18	01:13:37	0.4892597695390782	0.4892597695390782	11.25	0.0	3.522670340681363	3.528541457915832	19.64	-15.75	0.4892597695390782	0.4892597695390782	11.25	0.0	294.0	289.23	572.36	5.27	0	1
PROTOTYPE	017592	04/16/18	01:13:39	0.4892597695390782	0.4892597695390782	11.23	0.0	3.522670340681363	3.5275629383767533	17.75	-13.39	0.4892597695390782	0.4892597695390782	11.23	0.0	293.0	289.79	556.57	-10.52	0	1
PROTOTYPE	017593	04/16/18	01:13:40	0.4892597695390782	0.4892597695390782	11.23	0.0	3.6205222945891786	3.5412622119238475	28.97	3.62	0.4892597695390782	0.4892597695390782	11.23	0.0	291.0	289.97	528.18	-38.94	0	1
PROTOTYPE	017594	04/16/18	01:13:42	0.4892597695390782	0.4892597695390782	11.24	0.0	3.522670340681363	3.538326653306613	29.45	3.07	0.4892597695390782	0.4892597695390782	11.24	0.0	287.0	289.53	567.18	-78.1	0	1
PROTOTYPE	017595	04/16/18	01:13:43	0.4892597695390782	0.4892597695390782	11.22	0.0	3.522670340681363	3.536369614228457	29.83	2.61	0.4892597695390782	0.4892597695390782	11.22	0.0	305.0	291.85	713.89	68.61	0	1
PROTOTYPE	017596	04/16/18	01:13:44	0.4892597695390782	0.4892597695390782	11.22	0.0	3.522670340681363	3.5344125751503004	30.14	2.22	0.4892597695390782	0.4892597695390782	11.22	0.0	291.0	291.72	723.89	58.32	0	1
PROTOTYPE	017597	04/16/18	01:13:46	0.4892597695390782	0.4892597695390782	11.24	0.0	3.522670340681363	3.5324555360721446	30.41	1.89	0.4892597695390782	0.4892597695390782	11.24	0.0	290.0	291.46	657.66	124.57	0	1
PROTOTYPE	017598	04/16/18	01:13:47	0.4892597695390782	0.4892597695390782	11.27	0.0	3.522670340681363	3.5314770165330667	30.63	1.61	0.4892597695390782	0.4892597695390782	11.27	0.0	288.0	290.94	526.36	255.89	0	1
PROTOTYPE	017599	04/16/18	01:13:49	0.4892597695390782	0.4892597695390782	11.27	0.0	3.522670340681363	3.52951997745491	30.78	1.36	0.4892597695390782	0.4892597695390782	11.27	0.0	285.0	290.05	531.29	82.5	0	1
PROTOTYPE	017600	04/16/18	01:13:50	0.4892597695390782	0.4892597695390782	11.27	0.0	3.522670340681363	3.528541457915832	30.9	1.16	0.4892597695390782	0.4892597695390782	11.27	0.0	294.0	290.64	533.92	85.13	0	1
PROTOTYPE	017601	04/16/18	01:13:51	0.4892597695390782	0.4892597695390782	11.26	0.0	3.522670340681363	3.5275629383767533	18.25	-14.01	0.4892597695390782	0.4892597695390782	11.26	0.0	293.0	291.0	551.12	102.36	0	1
PROTOTYPE	017602	04/16/18	01:13:53	0.4892597695390782	0.4892597695390782	11.27	0.0	3.6205222945891786	3.5412622119238475	29.32	3.09	0.4892597695390782	0.4892597695390782	11.27	0.0	296.0	291.75	581.53	222.01	0	1
PROTOTYPE	017603	04/16/18	01:13:54	0.4892597695390782	0.4892597695390782	11.28	0.0	3.6205222945891786	3.553982965931864	38.65	17.62	0.4892597695390782	0.4892597695390782	11.28	0.0	293.0	291.94	368.28	8.7	0	1
PROTOTYPE	017604	04/16/18	01:13:56	0.4892597695390782	0.4892597695390782	11.27	0.0	3.522670340681363	3.5490903682364734	41.07	14.98	0.4892597695390782	0.4892597695390782	11.27	0.0	289.0	291.5	399.53	-22.6	0	1
PROTOTYPE	017605	04/16/18	01:13:57	0.4892597695390782	0.4892597695390782	11.24	0.0	3.522670340681363	3.54517629008016	43.05	12.73	0.4892597695390782	0.4892597695390782	11.24	0.0	286.0	290.67	456.11	-79.21	0	1
PROTOTYPE	017606	04/16/18	01:13:58	0.4892597695390782	0.4892597695390782	11.22	0.0	3.522670340681363	3.5412622119238475	44.67	10.82	0.4892597695390782	0.4892597695390782	11.22	0.0	296.0	291.47	484.09	52.67	0	1
PROTOTYPE	017607	04/16/18	01:14:00	0.4892597695390782	0.4892597695390782	11.23	0.0	3.522670340681363	3.538326653306613	46.01	9.2	0.4892597695390782	0.4892597695390782	11.23	0.0	291.0	291.4	402.12	134.77	0	1
PROTOTYPE	017608	04/16/18	01:14:01	0.4892597695390782	0.4892597695390782	11.22	0.0	3.522670340681363	3.536369614228457	47.06	7.82	0.4892597695390782	0.4892597695390782	11.22	0.0	284.0	290.29	453.89	-35.45	0	1
PROTOTYPE	017609	04/16/18	01:14:03	0.4892597695390782	0.4892597695390782	11.23	0.0	3.522670340681363	3.5344125751503004	47.92	6.65	0.4892597695390782	0.4892597695390782	11.23	0.0	295.0	291.0	489.2	-0.13	0	1
PROTOTYPE	017610	04/16/18	01:14:04	0.4892597695390782	0.4892597695390782	11.19	0.0	3.522670340681363	3.5324555360721446	35.9	-9.35	0.4892597695390782	0.4892597695390782	11.19	0.0	282.0	289.65	549.1	-210.11	0	1
PROTOTYPE	017611	04/16/18	01:14:05	0.4892597695390782	0.4892597695390782	11.19	0.0	3.522670340681363	3.5314770165330667	25.8	-22.95	0.4892597695390782	0.4892597695390782	11.19	0.0	293.0	290.15	580.59	-178.59	0	1
PROTOTYPE	017612	04/16/18	01:14:07	0.4892597695390782	0.4892597695390782	11.2	0.0	3.522670340681363	3.52951997745491	22.78	-19.51	0.4892597695390782	0.4892597695390782	11.2	0.0	283.0	289.08	643.79	-241.8	0	1
PROTOTYPE	017613	04/16/18	01:14:08	0.4892597695390782	0.4892597695390782	11.23	0.0	3.522670340681363	3.528541457915832	20.32	-16.58	0.4892597695390782	0.4892597695390782	11.23	0.0	293.0	289.67	620.2	-100.53	0	1
PROTOTYPE	017614	04/16/18	01:14:10	0.4892597695390782	0.4892597695390782	11.22	0.0	3.522670340681363	3.5275629383767533	18.3	-14.09	0.4892597695390782	0.4892597695390782	11.22	0.0	288.0	289.42	565.28	-205.45	0	1
PROTOTYPE	017615	04/16/18	01:14:11	0.4892597695390782	0.4892597695390782	11.21	0.0	3.6205222945891786	3.5412622119238475	29.34	3.02	0.4892597695390782	0.4892597695390782	11.21	0.0	288.0	289.2	579.37	-219.64	0	1
PROTOTYPE	017616	04/16/18	01:14:12	0.4892597695390782	0.4892597695390782	11.21	0.0	3.6205222945891786	3.553982965931864	38.66	17.57	0.4892597695390782	0.4892597695390782	11.21	0.0	282.0	288.12	576.42	-216.69	0	1
PROTOTYPE	017617	04/16/18	01:14:14	0.4892597695390782	0.4892597695390782	11.22	0.0	3.522670340681363	3.5490903682364734	41.08	14.93	0.4892597695390782	0.4892597695390782	11.22	0.0	294.0	289.0	593.92	-199.19	0	1
PROTOTYPE	017618	04/16/18	01:14:15	0.4892597695390782	0.4892597695390782	11.23	0.0	3.522670340681363	3.54517629008016	43.08	12.69	0.4892597695390782	0.4892597695390782	11.23	0.0	303.0	291.1	668.9	145.69	0	1
PROTOTYPE	017619	04/16/18	01:14:17	0.4892597695390782	0.4892597695390782	11.23	0.0	3.522670340681363	3.5412622119238475	44.71	10.79	0.4892597695390782	0.4892597695390782	11.23	0.0	292.0	291.24	632.1	108.84	0	1
PROTOTYPE	017620	04/16/18	01:14:18	0.4892597695390782	0.4892597695390782	11.23	0.0	3.522670340681363	3.538326653306613	46.03	9.17	0.4892597695390782	0.4892597695390782	11.23	0.0	297.0	292.1	611.28	302.51	0	1
PROTOTYPE	017621	04/16/18	01:14:20	0.4892597695390782	0.4892597695390782	11.23	0.0	3.6205222945891786	3.551047407314629	56.85	22.8	0.4892597695390782	0.4892597695390782	11.23	0.0	290.0	291.79	584.0	212.14	0	1
PROTOTYPE	017622	04/16/18	01:14:21	0.4892597695390782	0.4892597695390782	11.25	0.0	3.522670340681363	3.5471333291583167	59.75	19.38	0.4892597695390782	0.4892597695390782	11.25	0.0	281.0	290.17	720.79	75.31	0	1
PROTOTYPE	017623	04/16/18	01:14:22	0.4892597695390782	0.4892597695390782	11.26	0.0	3.522670340681363	3.543219251002004	49.43	1.47	0.4892597695390782	0.4892597695390782	11.26	0.0	288.0	289.84	732.07	64.02	0	1
PROTOTYPE	017624	04/16/18	01:14:24	0.4892597695390782	0.4892597695390782	11.26	0.0	3.522670340681363	3.5402836923847696	40.71	-13.75	0.4892597695390782	0.4892597695390782	11.26	0.0	293.0	290.32	671.37	219.42	0	1
PROTOTYPE	017625	04/16/18	01:14:25	0.4892597695390782	0.4892597695390782	11.24	0.0	3.522670340681363	3.537348133767535	38.78	-11.69	0.4892597695390782	0.4892597695390782	11.24	0.0	294.0	290.87	638.46	186.5	0	1
PROTOTYPE	017626	04/16/18	01:14:27	0.4892597695390782	0.4892597695390782	11.26	0.0	3.522670340681363	3.5353910946893787	37.2	-9.94	0.4892597695390782	0.4892597695390782	11.26	0.0	297.0	291.79	520.49	68.53	0	1
PROTOTYPE	017627	04/16/18	01:14:28	0.4892597695390782	0.4892597695390782	11.27	0.0	3.522670340681363	3.5334340556112225	35.89	-8.44	0.4892597695390782	0.4892597695390782	11.27	0.0	296.0	292.42	570.16	118.25	0	1
PROTOTYPE	017628	04/16/18	01:14:29	0.4892597695390782	0.4892597695390782	11.28	0.0	3.522670340681363	3.5314770165330667	34.83	-7.18	0.4892597695390782	0.4892597695390782	11.28	0.0	291.0	292.21	505.08	10.51	0	1
PROTOTYPE	017629	04/16/18	01:14:31	0.4892597695390782	0.4892597695390782	11.29	0.0	3.522670340681363	3.530498496993988	24.22	-21.1	0.4892597695390782	0.4892597695390782	11.29	0.0	281.0	290.53	641.63	-126.07	0	1
PROTOTYPE	017630	04/16/18	01:14:32	0.4892597695390782	0.4892597695390782	11.29	0.0	3.522670340681363	3.52951997745491	21.49	-17.94	0.4892597695390782	0.4892597695390782	11.29	0.0	281.0	289.1	622.72	-107.16	0	1
PROTOTYPE	017631	04/16/18	01:14:34	0.4892597695390782	0.4892597695390782	11.28	0.0	3.522670340681363	3.528541457915832	19.26	-15.25	0.4892597695390782	0.4892597695390782	11.28	0.0	293.0	289.68	648.71	-16.08	0	1
PROTOTYPE	017632	04/16/18	01:14:35	0.4892597695390782	0.4892597695390782	11.3	0.0	3.522670340681363	3.5275629383767533	17.47	-12.96	0.4892597695390782	0.4892597695390782	11.3	0.0	283.0	288.68	701.6	-163.67	0	1
PROTOTYPE	017633	04/16/18	01:14:36	0.4892597695390782	0.4892597695390782	11.31	0.0	3.522670340681363	3.5265844188376754	16.04	-11.02	0.4892597695390782	0.4892597695390782	11.31	0.0	290.0	288.88	666.18	-199.12	0	1
PROTOTYPE	017634	04/16/18	01:14:38	0.4892597695390782	0.4892597695390782	11.3	0.0	3.522670340681363	3.5265844188376754	14.9	-9.36	0.4892597695390782	0.4892597695390782	11.3	0.0	292.0	289.35	621.06	-244.25	0	1
PROTOTYPE	017635	04/16/18	01:14:39	0.4892597695390782	0.4892597695390782	11.28	0.0	3.522670340681363	3.5256058992985975	14.0	-7.96	0.4892597695390782	0.4892597695390782	11.28	0.0	282.0	288.24	668.09	-417.61	0	1
PROTOTYPE	017636	04/16/18	01:14:41	0.4892597695390782	0.4892597695390782	11.3	0.0	3.6205222945891786	3.5402836923847696	26.46	8.24	0.4892597695390782	0.4892597695390782	11.3	0.0	283.0	287.46	725.41	-474.97	0	1
PROTOTYPE	017637	04/16/18	01:14:42	0.4892597695390782	0.4892597695390782	11.29	0.0	3.6205222945891786	3.552025926853707	36.91	22.0	0.4892597695390782	0.4892597695390782	11.29	0.0	297.0	288.89	700.43	-163.73	0	1
PROTOTYPE	017638	04/16/18	01:14:44	0.4892597695390782	0.4892597695390782	11.29	0.0	3.522670340681363	3.5471333291583167	39.77	18.7	0.4892597695390782	0.4892597695390782	11.29	0.0	282.0	287.86	660.87	-124.17	0	1
PROTOTYPE	017639	04/16/18	01:14:45	0.4892597695390782	0.4892597695390782	11.31	0.0	3.522670340681363	3.544197770541082	42.11	15.9	0.4892597695390782	0.4892597695390782	11.31	0.0	281.0	286.83	705.17	-285.54	0	1
PROTOTYPE	017640	04/16/18	01:14:46	0.4892597695390782	0.4892597695390782	11.31	0.0	3.522670340681363	3.5402836923847696	44.0	13.51	0.4892597695390782	0.4892597695390782	11.31	0.0	289.0	287.15	637.53	-152.71	0	1
PROTOTYPE	017641	04/16/18	01:14:48	0.4892597695390782	0.4892597695390782	11.32	0.0	3.522670340681363	3.538326653306613	45.51	11.48	0.4892597695390782	0.4892597695390782	11.32	0.0	295.0	288.33	735.4	-54.8	0	1
PROTOTYPE	017642	04/16/18	01:14:49	0.4892597695390782	0.4892597695390782	11.32	0.0	3.522670340681363	3.5353910946893787	46.71	9.76	0.4892597695390782	0.4892597695390782	11.32	0.0	290.0	288.58	713.64	-76.58	0	1
PROTOTYPE	017643	04/16/18	01:14:51	0.4892597695390782	0.4892597695390782	11.34	0.0	3.522670340681363	3.5334340556112225	47.65	8.3	0.4892597695390782	0.4892597695390782	11.34	0.0	296.0	289.69	714.72	144.9	0	1
PROTOTYPE	017644	04/16/18	01:14:52	0.4892597695390782	0.4892597695390782	11.31	0.0	3.522670340681363	3.5324555360721446	35.23	-7.95	0.4892597695390782	0.4892597695390782	11.31	0.0	292.0	290.04	670.66	258.17	0	1
PROTOTYPE	017645	04/16/18	01:14:53	0.4892597695390782	0.4892597695390782	11.3	0.0	3.6205222945891786	3.54517629008016	36.41	-6.76	0.4892597695390782	0.4892597695390782	11.3	0.0	302.0	291.83	706.94	294.44	0	1
PROTOTYPE	017646	04/16/18	01:14:55	0.4892597695390782	0.4892597695390782	11.3	0.0	3.6205222945891786	3.5569185245490984	43.32	9.26	0.4892597695390782	0.4892597695390782	11.3	0.0	290.0	291.56	631.13	370.28	0	1
PROTOTYPE	017647	04/16/18	01:14:56	0.4892597695390782	0.4892597695390782	11.29	0.0	3.6205222945891786	3.5657252004008013	49.15	22.87	0.4892597695390782	0.4892597695390782	11.29	0.0	295.0	292.07	579.92	524.74	0	1
PROTOTYPE	017648	04/16/18	01:14:58	0.4892597695390782	0.4892597695390782	11.3	0.0	3.522670340681363	3.559854083166333	52.44	19.44	0.4892597695390782	0.4892597695390782	11.3	0.0	291.0	291.91	563.49	476.02	0	1
PROTOTYPE	017649	04/16/18	01:14:59	0.4892597695390782	0.4892597695390782	11.28	0.0	3.522670340681363	3.553982965931864	55.18	16.52	0.4892597695390782	0.4892597695390782	11.28	0.0	294.0	292.23	477.11	389.62	0	1
PROTOTYPE	017650	04/16/18	01:15:00	0.4892597695390782	0.4892597695390782	11.27	0.0	3.522670340681363	3.5490903682364734	57.47	14.04	0.4892597695390782	0.4892597695390782	11.27	0.0	290.0	291.89	485.45	331.18	0	1
PROTOTYPE	017651	04/16/18	01:15:02	0.4892597695390782	0.4892597695390782	11.25	0.0	3.6205222945891786	3.559854083166333	66.02	26.94	0.4892597695390782	0.4892597695390782	11.25	0.0	298.0	292.81	465.78	311.5	0	1
PROTOTYPE	017652	04/16/18	01:15:03	0.4892597695390782	0.4892597695390782	11.25	0.0	3.522670340681363	3.553982965931864	69.72	22.9	0.4892597695390782	0.4892597695390782	11.25	0.0	293.0	292.84	434.35	279.78	0	1
PROTOTYPE	017653	04/16/18	01:15:05	0.4892597695390782	0.4892597695390782	11.24	0.0	3.522670340681363	3.5500688877755513	61.16	4.46	0.4892597695390782	0.4892597695390782	11.24	0.0	286.0	291.81	357.51	-2.19	0	1
PROTOTYPE	017654	04/16/18	01:15:06	0.4892597695390782	0.4892597695390782	11.22	0.0	3.522670340681363	3.54517629008016	53.91	-11.21	0.4892597695390782	0.4892597695390782	11.22	0.0	276.0	289.44	567.15	-211.86	0	1
PROTOTYPE	017655	04/16/18	01:15:07	0.4892597695390782	0.4892597695390782	11.23	0.0	3.522670340681363	3.5422407314629263	47.81	-24.53	0.4892597695390782	0.4892597695390782	11.23	0.0	288.0	289.22	537.15	-285.08	0	1
PROTOTYPE	017656	04/16/18	01:15:09	0.4892597695390782	0.4892597695390782	11.22	0.0	3.522670340681363	3.5393051728456917	44.3	-20.85	0.4892597695390782	0.4892597695390782	11.22	0.0	296.0	290.24	622.62	-167.32	0	1
PROTOTYPE	017657	04/16/18	01:15:10	0.4892597695390782	0.4892597695390782	11.26	0.0	3.522670340681363	3.536369614228457	41.38	-17.72	0.4892597695390782	0.4892597695390782	11.26	0.0	284.0	289.3	684.91	-292.22	0	1
PROTOTYPE	017658	04/16/18	01:15:12	0.4892597695390782	0.4892597695390782	11.27	0.0	3.522670340681363	3.5344125751503004	38.94	-15.06	0.4892597695390782	0.4892597695390782	11.27	0.0	300.0	290.91	811.92	-98.39	0	1
PROTOTYPE	017659	04/16/18	01:15:13	0.4892597695390782	0.4892597695390782	11.27	0.0	3.6205222945891786	3.5471333291583167	41.18	-12.8	0.4892597695390782	0.4892597695390782	11.27	0.0	298.0	291.97	826.68	-83.63	0	1
PROTOTYPE	017660	04/16/18	01:15:15	0.4892597695390782	0.4892597695390782	11.28	0.0	3.522670340681363	3.544197770541082	39.35	-10.88	0.4892597695390782	0.4892597695390782	11.28	0.0	295.0	292.43	868.92	-41.09	0	1
PROTOTYPE	017661	04/16/18	01:15:16	0.4892597695390782	0.4892597695390782	11.28	0.0	3.522670340681363	3.5402836923847696	37.81	-9.25	0.4892597695390782	0.4892597695390782	11.28	0.0	288.0	291.76	832.76	-4.92	0	1
PROTOTYPE	017662	04/16/18	01:15:17	0.4892597695390782	0.4892597695390782	11.3	0.0	3.6205222945891786	3.553004446392786	45.76	7.14	0.4892597695390782	0.4892597695390782	11.3	0.0	282.0	290.3	742.03	85.82	0	1
PROTOTYPE	017663	04/16/18	01:15:19	0.4892597695390782	0.4892597695390782	11.28	0.0	3.522670340681363	3.5481118486973946	46.77	6.07	0.4892597695390782	0.4892597695390782	11.28	0.0	290.0	290.25	725.07	102.94	0	1
PROTOTYPE	017664	04/16/18	01:15:20	0.4892597695390782	0.4892597695390782	11.27	0.0	3.6205222945891786	3.558875563627254	54.64	20.16	0.4892597695390782	0.4892597695390782	11.27	0.0	291.0	290.37	634.7	12.5	0	1
PROTOTYPE	017665	04/16/18	01:15:22	0.4892597695390782	0.4892597695390782	11.25	0.0	3.6205222945891786	3.568660759018036	61.26	32.13	0.4892597695390782	0.4892597695390782	11.25	0.0	299.0	291.66	670.61	235.63	0	1
PROTOTYPE	017666	04/16/18	01:15:23	0.4892597695390782	0.4892597695390782	11.26	0.0	3.522670340681363	3.561811122244489	65.81	27.31	0.4892597695390782	0.4892597695390782	11.26	0.0	294.0	292.01	545.29	110.28	0	1
PROTOTYPE	017667	04/16/18	01:15:24	0.4892597695390782	0.4892597695390782	11.31	0.0	3.6205222945891786	3.5706177980961926	61.75	23.22	0.4892597695390782	0.4892597695390782	11.31	0.0	294.0	292.31	468.77	33.74	0	1
PROTOTYPE	017668	04/16/18	01:15:26	0.4892597695390782	0.4892597695390782	11.32	0.0	3.522670340681363	3.5627896417835667	65.12	19.73	0.4892597695390782	0.4892597695390782	11.32	0.0	297.0	293.01	493.71	58.68	0	1
PROTOTYPE	017669	04/16/18	01:15:27	0.4892597695390782	0.4892597695390782	11.33	0.0	3.522670340681363	3.5569185245490984	67.95	16.77	0.4892597695390782	0.4892597695390782	11.33	0.0	290.0	292.56	472.52	79.88	0	1
PROTOTYPE	017670	04/16/18	01:15:29	0.4892597695390782	0.4892597695390782	11.35	0.0	3.6205222945891786	3.5667037199398797	65.45	14.26	0.4892597695390782	0.4892597695390782	11.35	0.0	283.0	291.13	469.5	82.9	0	1
PROTOTYPE	017671	04/16/18	01:15:30	0.4892597695390782	0.4892597695390782	11.37	0.0	3.522670340681363	3.559854083166333	67.53	12.12	0.4892597695390782	0.4892597695390782	11.37	0.0	288.0	290.66	511.74	40.46	0	1
PROTOTYPE	017672	04/16/18	01:15:32	0.4892597695390782	0.4892597695390782	11.39	0.0	3.522670340681363	3.553982965931864	62.24	-4.7	0.4892597695390782	0.4892597695390782	11.39	0.0	276.0	288.46	720.33	-190.61	0	1
PROTOTYPE	017673	04/16/18	01:15:33	0.4892597695390782	0.4892597695390782	11.38	0.0	3.522670340681363	3.5500688877755513	57.76	-18.99	0.4892597695390782	0.4892597695390782	11.38	0.0	291.0	288.84	628.94	-282.02	0	1
PROTOTYPE	017674	04/16/18	01:15:34	0.4892597695390782	0.4892597695390782	11.37	0.0	3.522670340681363	3.54517629008016	55.0	-16.14	0.4892597695390782	0.4892597695390782	11.37	0.0	294.0	289.61	671.22	-239.71	0	1
PROTOTYPE	017675	04/16/18	01:15:36	0.4892597695390782	0.4892597695390782	11.31	0.0	3.6205222945891786	3.5569185245490984	57.4	-13.72	0.4892597695390782	0.4892597695390782	11.31	0.0	291.0	289.82	662.19	-248.76	0	1
PROTOTYPE	017676	04/16/18	01:15:37	0.4892597695390782	0.4892597695390782	11.31	0.0	3.522670340681363	3.552025926853707	55.39	-11.66	0.4892597695390782	0.4892597695390782	11.31	0.0	289.0	289.7	604.24	-331.44	0	1
PROTOTYPE	017677	04/16/18	01:15:39	0.4892597695390782	0.4892597695390782	11.3	0.0	3.522670340681363	3.5471333291583167	53.7	-9.91	0.4892597695390782	0.4892597695390782	11.3	0.0	301.0	291.39	728.54	-116.73	0	1
PROTOTYPE	017678	04/16/18	01:15:40	0.4892597695390782	0.4892597695390782	11.28	0.0	3.522670340681363	3.543219251002004	47.9	-23.43	0.4892597695390782	0.4892597695390782	11.28	0.0	298.0	292.38	684.21	125.78	0	1
PROTOTYPE	017679	04/16/18	01:15:41	0.4892597695390782	0.4892597695390782	11.26	0.0	3.522670340681363	3.5402836923847696	44.53	-19.91	0.4892597695390782	0.4892597695390782	11.26	0.0	296.0	292.93	691.53	226.91	0	1
PROTOTYPE	017680	04/16/18	01:15:43	0.4892597695390782	0.4892597695390782	11.25	0.0	3.522670340681363	3.537348133767535	41.71	-16.93	0.4892597695390782	0.4892597695390782	11.25	0.0	293.0	292.94	473.44	447.88	0	1
PROTOTYPE	017681	04/16/18	01:15:44	0.4892597695390782	0.4892597695390782	11.25	0.0	3.6205222945891786	3.5500688877755513	49.4	0.61	0.4892597695390782	0.4892597695390782	11.25	0.0	294.0	293.1	451.29	425.7	0	1
PROTOTYPE	017682	04/16/18	01:15:46	0.4892597695390782	0.4892597695390782	11.25	0.0	3.6205222945891786	3.560832602705411	55.9	15.52	0.4892597695390782	0.4892597695390782	11.25	0.0	294.0	293.23	387.5	361.84	0	1
PROTOTYPE	017683	04/16/18	01:15:47	0.4892597695390782	0.4892597695390782	11.26	0.0	3.522670340681363	3.5549614854709417	50.34	-1.81	0.4892597695390782	0.4892597695390782	11.26	0.0	294.0	293.35	378.26	352.57	0	1
PROTOTYPE	017684	04/16/18	01:15:48	0.4892597695390782	0.4892597695390782	11.23	0.0	3.522670340681363	3.5500688877755513	50.07	-1.54	0.4892597695390782	0.4892597695390782	11.23	0.0	299.0	294.2	450.64	449.68	0	1
PROTOTYPE	017685	04/16/18	01:15:50	0.4892597695390782	0.4892597695390782	11.22	0.0	3.522670340681363	3.546154809619239	49.85	-1.31	0.4892597695390782	0.4892597695390782	11.22	0.0	288.0	293.27	374.06	187.23	0	1
PROTOTYPE	017686	04/16/18	01:15:51	0.4892597695390782	0.4892597695390782	11.2	0.0	3.522670340681363	3.5422407314629263	49.66	-1.11	0.4892597695390782	0.4892597695390782	11.2	0.0	288.0	292.48	353.97	9.14	0	1
PROTOTYPE	017687	04/16/18	01:15:53	0.4892597695390782	0.4892597695390782	11.22	0.0	3.6205222945891786	3.553982965931864	58.19	14.06	0.4892597695390782	0.4892597695390782	11.22	0.0	291.0	292.25	321.92	-67.23	0	1
PROTOTYPE	017688	04/16/18	01:15:54	0.4892597695390782	0.4892597695390782	11.22	0.0	3.6205222945891786	3.5637681613226455	65.37	26.95	0.4892597695390782	0.4892597695390782	11.22	0.0	293.0	292.37	331.4	-57.14	0	1
PROTOTYPE	017689	04/16/18	01:15:55	0.4892597695390782	0.4892597695390782	11.24	0.0	3.522670340681363	3.5578970440881763	59.13	7.91	0.4892597695390782	0.4892597695390782	11.24	0.0	280.0	290.51	500.91	-258.57	0	1
PROTOTYPE	017690	04/16/18	01:15:57	0.4892597695390782	0.4892597695390782	11.23	0.0	3.522670340681363	3.553004446392786	53.86	-8.28	0.4892597695390782	0.4892597695390782	11.23	0.0	293.0	290.88	524.65	-234.79	0	1
PROTOTYPE	017691	04/16/18	01:15:58	0.4892597695390782	0.4892597695390782	11.24	0.0	3.522670340681363	3.5481118486973946	52.66	-7.04	0.4892597695390782	0.4892597695390782	11.24	0.0	290.0	290.75	526.41	-259.57	0	1
PROTOTYPE	017692	04/16/18	01:16:00	0.4892597695390782	0.4892597695390782	11.26	0.0	3.522670340681363	3.544197770541082	51.66	-5.98	0.4892597695390782	0.4892597695390782	11.26	0.0	289.0	290.49	467.94	-370.63	0	1
PROTOTYPE	017693	04/16/18	01:16:01	0.4892597695390782	0.4892597695390782	11.28	0.0	3.522670340681363	3.5412622119238475	50.83	-5.08	0.4892597695390782	0.4892597695390782	11.28	0.0	279.0	288.77	547.34	-450.04	0	1
PROTOTYPE	017694	04/16/18	01:16:02	0.4892597695390782	0.4892597695390782	11.3	0.0	3.522670340681363	3.538326653306613	50.14	-4.32	0.4892597695390782	0.4892597695390782	11.3	0.0	299.0	290.3	621.85	-217.53	0	1
PROTOTYPE	017695	04/16/18	01:16:04	0.4892597695390782	0.4892597695390782	11.28	0.0	3.522670340681363	3.536369614228457	40.88	-18.67	0.4892597695390782	0.4892597695390782	11.28	0.0	284.0	289.36	694.18	-289.9	0	1
PROTOTYPE	017696	04/16/18	01:16:05	0.4892597695390782	0.4892597695390782	11.27	0.0	3.522670340681363	3.5344125751503004	33.1	-30.87	0.4892597695390782	0.4892597695390782	11.27	0.0	299.0	290.8	827.58	-156.42	0	1
PROTOTYPE	017697	04/16/18	01:16:07	0.4892597695390782	0.4892597695390782	11.27	0.0	3.6205222945891786	3.5471333291583167	39.92	-11.24	0.4892597695390782	0.4892597695390782	11.27	0.0	293.0	291.13	675.07	62.05	0	1
PROTOTYPE	017698	04/16/18	01:16:08	0.4892597695390782	0.4892597695390782	11.28	0.0	3.522670340681363	3.543219251002004	38.31	-9.56	0.4892597695390782	0.4892597695390782	11.28	0.0	292.0	291.26	650.81	37.74	0	1
PROTOTYPE	017699	04/16/18	01:16:10	0.4892597695390782	0.4892597695390782	11.27	0.0	3.6205222945891786	3.5549614854709417	45.42	6.88	0.4892597695390782	0.4892597695390782	11.27	0.0	286.0	290.47	716.41	-27.92	0	1
PROTOTYPE	017700	04/16/18	01:16:11	0.4892597695390782	0.4892597695390782	11.28	0.0	3.522670340681363	3.5500688877755513	46.4	5.85	0.4892597695390782	0.4892597695390782	11.28	0.0	290.0	290.4	697.33	-8.73	0	1
PROTOTYPE	017701	04/16/18	01:16:12	0.4892597695390782	0.4892597695390782	11.31	0.0	3.6205222945891786	3.560832602705411	53.69	19.97	0.4892597695390782	0.4892597695390782	11.31	0.0	285.0	289.59	606.02	82.58	0	1
PROTOTYPE	017702	04/16/18	01:16:14	0.4892597695390782	0.4892597695390782	11.32	0.0	3.6205222945891786	3.569639278557114	59.82	31.97	0.4892597695390782	0.4892597695390782	11.32	0.0	295.0	290.4	533.64	10.19	0	1
PROTOTYPE	017703	04/16/18	01:16:15	0.4892597695390782	0.4892597695390782	11.32	0.0	3.6205222945891786	3.5774674348697397	64.97	42.18	0.4892597695390782	0.4892597695390782	11.32	0.0	291.0	290.49	448.18	113.66	0	1
PROTOTYPE	017704	04/16/18	01:16:17	0.4892597695390782	0.4892597695390782	11.31	0.0	3.522670340681363	3.568660759018036	70.98	35.85	0.4892597695390782	0.4892597695390782	11.31	0.0	285.0	289.67	385.91	-113.39	0	1
PROTOTYPE	017705	04/16/18	01:16:18	0.4892597695390782	0.4892597695390782	11.29	0.0	3.522670340681363	3.561811122244489	64.89	15.47	0.4892597695390782	0.4892597695390782	11.29	0.0	295.0	290.47	432.9	-66.38	0	1
PROTOTYPE	017706	04/16/18	01:16:19	0.4892597695390782	0.4892597695390782	11.31	0.0	3.522670340681363	3.5559400050100205	67.11	13.15	0.4892597695390782	0.4892597695390782	11.31	0.0	290.0	290.4	426.98	-86.42	0	1
PROTOTYPE	017707	04/16/18	01:16:21	0.4892597695390782	0.4892597695390782	11.31	0.0	3.522670340681363	3.551047407314629	60.52	-3.82	0.4892597695390782	0.4892597695390782	11.31	0.0	293.0	290.79	387.09	31.54	0	1
PROTOTYPE	017708	04/16/18	01:16:22	0.4892597695390782	0.4892597695390782	11.3	0.0	3.522670340681363	3.5471333291583167	59.97	-3.25	0.4892597695390782	0.4892597695390782	11.3	0.0	279.0	289.02	556.68	-138.19	0	1
PROTOTYPE	017709	04/16/18	01:16:24	0.4892597695390782	0.4892597695390782	11.26	0.0	3.6205222945891786	3.5578970440881763	60.45	-2.76	0.4892597695390782	0.4892597695390782	11.26	0.0	291.0	289.32	505.37	-27.46	0	1
PROTOTYPE	017710	04/16/18	01:16:25	0.4892597695390782	0.4892597695390782	11.24	0.0	3.6205222945891786	3.567682239478958	60.86	-2.35	0.4892597695390782	0.4892597695390782	11.24	0.0	296.0	290.32	524.49	-8.34	0	1
PROTOTYPE	017711	04/16/18	01:16:26	0.4892597695390782	0.4892597695390782	11.26	0.0	3.6205222945891786	3.575510395791583	61.21	-1.99	0.4892597695390782	0.4892597695390782	11.26	0.0	291.0	290.42	525.73	-7.09	0	1
PROTOTYPE	017712	04/16/18	01:16:28	0.4892597695390782	0.4892597695390782	11.34	0.0	3.6205222945891786	3.58236003256513	59.81	13.3	0.4892597695390782	0.4892597695390782	11.34	0.0	301.0	292.01	602.01	233.97	0	1
PROTOTYPE	017713	04/16/18	01:16:29	0.4892597695390782	0.4892597695390782	11.36	0.0	3.6205222945891786	3.5882311497995993	58.62	26.31	0.4892597695390782	0.4892597695390782	11.36	0.0	287.0	291.26	597.17	78.88	0	1
PROTOTYPE	017714	04/16/18	01:16:31	0.4892597695390782	0.4892597695390782	11.33	0.0	3.522670340681363	3.5784459544088176	62.5	22.36	0.4892597695390782	0.4892597695390782	11.33	0.0	294.0	291.67	631.16	127.05	0	1
PROTOTYPE	017715	04/16/18	01:16:32	0.4892597695390782	0.4892597695390782	11.34	0.0	3.6205222945891786	3.584317071643287	63.83	34.01	0.4892597695390782	0.4892597695390782	11.34	0.0	289.0	291.27	632.16	47.99	0	1
PROTOTYPE	017716	04/16/18	01:16:34	0.4892597695390782	0.4892597695390782	11.33	0.0	3.522670340681363	3.575510395791583	68.82	28.91	0.4892597695390782	0.4892597695390782	11.33	0.0	297.0	292.13	541.32	310.79	0	1
PROTOTYPE	017717	04/16/18	01:16:35	0.4892597695390782	0.4892597695390782	11.35	0.0	3.6205222945891786	3.58236003256513	64.54	24.57	0.4892597695390782	0.4892597695390782	11.35	0.0	288.0	291.51	573.52	219.17	0	1
PROTOTYPE	017718	04/16/18	01:16:36	0.4892597695390782	0.4892597695390782	11.34	0.0	3.6205222945891786	3.5882311497995993	60.91	20.89	0.4892597695390782	0.4892597695390782	11.34	0.0	288.0	290.98	525.92	66.3	0	1
PROTOTYPE	017719	04/16/18	01:16:38	0.4892597695390782	0.4892597695390782	11.31	0.0	3.522670340681363	3.5784459544088176	62.71	2.75	0.4892597695390782	0.4892597695390782	11.31	0.0	288.0	290.54	560.38	11.35	0	1
PROTOTYPE	017720	04/16/18	01:16:39	0.4892597695390782	0.4892597695390782	11.26	0.0	3.6205222945891786	3.584317071643287	62.29	2.34	0.4892597695390782	0.4892597695390782	11.26	0.0	287.0	290.0	454.74	-200.35	0	1
PROTOTYPE	017721	04/16/18	01:16:41	0.4892597695390782	0.4892597695390782	11.25	0.0	3.522670340681363	3.575510395791583	65.79	-13.01	0.4892597695390782	0.4892597695390782	11.25	0.0	286.0	289.4	439.69	-185.3	0	1
PROTOTYPE	017722	04/16/18	01:16:42	0.4892597695390782	0.4892597695390782	11.25	0.0	3.6205222945891786	3.58236003256513	62.8	3.94	0.4892597695390782	0.4892597695390782	11.25	0.0	296.0	290.39	497.47	-127.5	0	1
PROTOTYPE	017723	04/16/18	01:16:43	0.4892597695390782	0.4892597695390782	11.26	0.0	3.6205222945891786	3.5872526302605205	62.23	3.35	0.4892597695390782	0.4892597695390782	11.26	0.0	287.0	289.88	508.34	-138.38	0	1
PROTOTYPE	017724	04/16/18	01:16:45	0.4892597695390782	0.4892597695390782	11.27	0.0	3.6205222945891786	3.5931237474949898	57.88	17.85	0.4892597695390782	0.4892597695390782	11.27	0.0	293.0	290.35	469.11	-177.62	0	1
PROTOTYPE	017725	04/16/18	01:16:46	0.4892597695390782	0.4892597695390782	11.25	0.0	3.522670340681363	3.58236003256513	61.6	0.17	0.4892597695390782	0.4892597695390782	11.25	0.0	290.0	290.3	412.63	-120.98	0	1
PROTOTYPE	017726	04/16/18	01:16:48	0.4892597695390782	0.4892597695390782	11.27	0.0	3.522670340681363	3.573553356713427	64.76	-14.86	0.4892597695390782	0.4892597695390782	11.27	0.0	286.0	289.65	424.48	-132.83	0	1
PROTOTYPE	017727	04/16/18	01:16:49	0.4892597695390782	0.4892597695390782	11.29	0.0	3.6205222945891786	3.5804029934869743	62.07	2.37	0.4892597695390782	0.4892597695390782	11.29	0.0	292.0	290.01	414.94	-52.91	0	1
PROTOTYPE	017728	04/16/18	01:16:51	0.4892597695390782	0.4892597695390782	11.3	0.0	3.6205222945891786	3.586274110721443	61.73	2.02	0.4892597695390782	0.4892597695390782	11.3	0.0	277.0	288.06	556.99	-194.97	0	1
PROTOTYPE	017729	04/16/18	01:16:52	0.4892597695390782	0.4892597695390782	11.3	0.0	3.6205222945891786	3.591166708416834	57.59	16.71	0.4892597695390782	0.4892597695390782	11.3	0.0	283.0	287.3	572.74	-210.73	0	1
PROTOTYPE	017730	04/16/18	01:16:53	0.4892597695390782	0.4892597695390782	11.33	0.0	3.6205222945891786	3.5960593061122244	55.17	14.21	0.4892597695390782	0.4892597695390782	11.33	0.0	288.0	287.4	484.43	-299.12	0	1
PROTOTYPE	017731	04/16/18	01:16:55	0.4892597695390782	0.4892597695390782	11.32	0.0	3.6205222945891786	3.5999733842685373	53.12	12.08	0.4892597695390782	0.4892597695390782	11.32	0.0	289.0	287.64	457.52	-224.25	0	1
PROTOTYPE	017732	04/16/18	01:16:56	0.4892597695390782	0.4892597695390782	11.32	0.0	3.522670340681363	3.5882311497995993	59.76	-4.74	0.4892597695390782	0.4892597695390782	11.32	0.0	295.0	288.75	521.14	-160.61	0	1
PROTOTYPE	017733	04/16/18	01:16:58	0.4892597695390782	0.4892597695390782	11.32	0.0	3.6205222945891786	3.5931237474949898	54.13	10.97	0.4892597695390782	0.4892597695390782	11.32	0.0	286.0	288.33	556.89	-196.52	0	1
PROTOTYPE	017734	04/16/18	01:16:59	0.4892597695390782	0.4892597695390782	11.34	0.0	3.6205222945891786	3.5970378256513027	49.37	24.33	0.4892597695390782	0.4892597695390782	11.34	0.0	297.0	289.63	622.39	-2.04	0	1
PROTOTYPE	017735	04/16/18	01:17:00	0.4892597695390782	0.4892597695390782	11.33	0.0	3.6205222945891786	3.6009519038076148	45.85	20.68	0.4892597695390782	0.4892597695390782	11.33	0.0	301.0	291.34	757.67	133.26	0	1
PROTOTYPE	017736	04/16/18	01:17:02	0.4892597695390782	0.4892597695390782	11.3	0.0	3.6205222945891786	3.6038874624248494	42.89	17.58	0.4892597695390782	0.4892597695390782	11.3	0.0	298.0	292.34	662.51	428.27	0	1
PROTOTYPE	017737	04/16/18	01:17:03	0.4892597695390782	0.4892597695390782	11.31	0.0	3.6205222945891786	3.6058445015030065	40.43	14.94	0.4892597695390782	0.4892597695390782	11.31	0.0	289.0	291.84	636.76	454.03	0	1
PROTOTYPE	017738	04/16/18	01:17:05	0.4892597695390782	0.4892597695390782	11.29	0.0	3.6205222945891786	3.607801540581162	38.38	12.7	0.4892597695390782	0.4892597695390782	11.29	0.0	295.0	292.31	673.58	490.93	0	1
PROTOTYPE	017739	04/16/18	01:17:06	0.4892597695390782	0.4892597695390782	11.28	0.0	3.6205222945891786	3.6097585796593186	36.68	10.79	0.4892597695390782	0.4892597695390782	11.28	0.0	297.0	293.01	719.91	537.29	0	1
PROTOTYPE	017740	04/16/18	01:17:07	0.4892597695390782	0.4892597695390782	11.27	0.0	3.6205222945891786	3.611715618737475	26.94	24.18	0.4892597695390782	0.4892597695390782	11.27	0.0	292.0	292.86	624.82	411.7	0	1
PROTOTYPE	017741	04/16/18	01:17:09	0.4892597695390782	0.4892597695390782	11.29	0.0	3.6205222945891786	3.612694138276553	23.73	20.55	0.4892597695390782	0.4892597695390782	11.29	0.0	292.0	292.73	596.63	439.94	0	1
PROTOTYPE	017742	04/16/18	01:17:10	0.4892597695390782	0.4892597695390782	11.27	0.0	3.6205222945891786	3.613672657815631	21.08	17.47	0.4892597695390782	0.4892597695390782	11.27	0.0	294.0	292.92	485.68	328.95	0	1
PROTOTYPE	017743	04/16/18	01:17:12	0.4892597695390782	0.4892597695390782	11.28	0.0	3.522670340681363	3.5999733842685373	31.3	-0.15	0.4892597695390782	0.4892597695390782	11.28	0.0	305.0	294.73	496.34	339.61	0	1
PROTOTYPE	017744	04/16/18	01:17:13	0.4892597695390782	0.4892597695390782	11.28	0.0	3.6205222945891786	3.6038874624248494	31.32	-0.13	0.4892597695390782	0.4892597695390782	11.28	0.0	275.0	291.77	692.43	-56.33	0	1
PROTOTYPE	017745	04/16/18	01:17:15	0.4892597695390782	0.4892597695390782	11.26	0.0	3.6205222945891786	3.6058445015030065	31.33	-0.11	0.4892597695390782	0.4892597695390782	11.26	0.0	282.0	290.31	788.97	-152.88	0	1
PROTOTYPE	017746	04/16/18	01:17:16	0.4892597695390782	0.4892597695390782	11.26	0.0	3.6205222945891786	3.607801540581162	31.35	-0.09	0.4892597695390782	0.4892597695390782	11.26	0.0	293.0	290.71	781.9	-159.95	0	1
PROTOTYPE	017747	04/16/18	01:17:17	0.4892597695390782	0.4892597695390782	11.28	0.0	3.6205222945891786	3.6097585796593186	31.37	-0.08	0.4892597695390782	0.4892597695390782	11.28	0.0	286.0	290.01	782.26	-300.96	0	1
PROTOTYPE	017748	04/16/18	01:17:19	0.4892597695390782	0.4892597695390782	11.28	0.0	3.6205222945891786	3.611715618737475	31.38	-0.07	0.4892597695390782	0.4892597695390782	11.28	0.0	290.0	290.0	768.38	-285.81	0	1
PROTOTYPE	017749	04/16/18	01:17:20	0.4892597695390782	0.4892597695390782	11.27	0.0	3.6205222945891786	3.612694138276553	31.38	-0.06	0.4892597695390782	0.4892597695390782	11.27	0.0	293.0	290.45	800.31	-227.94	0	1
PROTOTYPE	017750	04/16/18	01:17:22	0.4892597695390782	0.4892597695390782	11.28	0.0	3.6205222945891786	3.613672657815631	31.39	-0.05	0.4892597695390782	0.4892597695390782	11.28	0.0	293.0	290.84	819.48	-208.75	0	1
PROTOTYPE	017751	04/16/18	01:17:23	0.4892597695390782	0.4892597695390782	11.29	0.0	3.6205222945891786	3.6146511773547094	19.03	14.96	0.4892597695390782	0.4892597695390782	11.29	0.0	298.0	291.91	745.79	-282.44	0	1
PROTOTYPE	017752	04/16/18	01:17:24	0.4892597695390782	0.4892597695390782	11.3	0.0	3.6205222945891786	3.6156296968937878	17.29	12.71	0.4892597695390782	0.4892597695390782	11.3	0.0	299.0	292.97	556.12	119.93	0	1
PROTOTYPE	017753	04/16/18	01:17:26	0.4892597695390782	0.4892597695390782	11.31	0.0	3.6205222945891786	3.6166082164328657	15.9	10.81	0.4892597695390782	0.4892597695390782	11.31	0.0	288.0	292.23	484.12	191.94	0	1
PROTOTYPE	017754	04/16/18	01:17:27	0.4892597695390782	0.4892597695390782	11.3	0.0	3.6205222945891786	3.617586735971944	14.79	9.19	0.4892597695390782	0.4892597695390782	11.3	0.0	280.0	290.39	627.14	-31.85	0	1
PROTOTYPE	017755	04/16/18	01:17:29	0.4892597695390782	0.4892597695390782	11.27	0.0	3.6205222945891786	3.617586735971944	13.9	7.81	0.4892597695390782	0.4892597695390782	11.27	0.0	288.0	290.03	592.38	2.93	0	1
PROTOTYPE	017756	04/16/18	01:17:30	0.4892597695390782	0.4892597695390782	11.26	0.0	3.6205222945891786	3.6185652555110215	13.23	6.64	0.4892597695390782	0.4892597695390782	11.26	0.0	288.0	289.73	621.52	-27.51	0	1
PROTOTYPE	017757	04/16/18	01:17:31	0.4892597695390782	0.4892597695390782	11.27	0.0	3.6205222945891786	3.6185652555110215	12.73	5.64	0.4892597695390782	0.4892597695390782	11.27	0.0	285.0	289.02	647.52	-143.39	0	1
PROTOTYPE	017758	04/16/18	01:17:33	0.4892597695390782	0.4892597695390782	11.28	0.0	3.6205222945891786	3.6185652555110215	12.36	4.8	0.4892597695390782	0.4892597695390782	11.28	0.0	289.0	289.02	610.77	-181.88	0	1
PROTOTYPE	017759	04/16/18	01:17:34	0.4892597695390782	0.4892597695390782	11.26	0.0	3.6205222945891786	3.6185652555110215	12.05	4.08	0.4892597695390782	0.4892597695390782	11.26	0.0	290.0	289.16	518.11	-274.6	0	1
PROTOTYPE	017760	04/16/18	01:17:36	0.4892597695390782	0.4892597695390782	11.25	0.0	3.522670340681363	3.604865981963928	25.25	-11.54	0.4892597695390782	0.4892597695390782	11.25	0.0	291.0	289.44	439.32	-353.41	0	1
PROTOTYPE	017761	04/16/18	01:17:37	0.4892597695390782	0.4892597695390782	11.25	0.0	3.522670340681363	3.592145227955912	36.3	-24.81	0.4892597695390782	0.4892597695390782	11.25	0.0	281.0	288.17	491.3	-405.4	0	1
PROTOTYPE	017762	04/16/18	01:17:38	0.4892597695390782	0.4892597695390782	11.25	0.0	3.522670340681363	3.5813815130260522	45.54	-36.08	0.4892597695390782	0.4892597695390782	11.25	0.0	295.0	289.2	410.29	-119.59	0	1
PROTOTYPE	017763	04/16/18	01:17:40	0.4892597695390782	0.4892597695390782	11.27	0.0	3.522670340681363	3.5725748371743484	53.24	-45.67	0.4892597695390782	0.4892597695390782	11.27	0.0	291.0	289.47	401.43	-56.65	0	1
PROTOTYPE	017764	04/16/18	01:17:41	0.4892597695390782	0.4892597695390782	11.28	0.0	3.6205222945891786	3.5804029934869743	59.2	-38.82	0.4892597695390782	0.4892597695390782	11.28	0.0	294.0	290.15	438.87	41.85	0	1
PROTOTYPE	017765	04/16/18	01:17:43	0.4892597695390782	0.4892597695390782	11.28	0.0	3.6205222945891786	3.586274110721443	64.09	-33.0	0.4892597695390782	0.4892597695390782	11.28	0.0	294.0	290.73	425.71	170.57	0	1
PROTOTYPE	017766	04/16/18	01:17:44	0.4892597695390782	0.4892597695390782	11.25	0.0	3.522670340681363	3.576488915330661	72.46	-43.05	0.4892597695390782	0.4892597695390782	11.25	0.0	286.0	290.02	495.15	99.99	0	1
