Dev_id	Index	Date	Time	Sensor1	Sensor1_Filter	Sensor1_LL	Sensor1_Diff	Sensor2	Sensor2_Filter	Sensor2_LL	Sensor2_Diff	Sensor3	Sensor3_Filter	Sensor3_LL	Sensor3_Diff	Sensor4	Sensor4_Filter	Sensor4_LL	Sensor4_Diff	Heater_Status	FSM_Status
PROTOTYPE	005567	04/15/18	20:31:21	0.4892597695390782	0.4892597695390782	11.34	0.0	4.69689378757515	4.6978723071142285	11.47	-1.61	0.4892597695390782	0.4892597695390782	11.34	0.0	283.0	291.56	789.89	-7.53	0	1
PROTOTYPE	005568	04/15/18	20:31:22	0.4892597695390782	0.4892597695390782	11.32	0.0	4.7947457414829655	4.7125501002004	24.98	13.63	0.4892597695390782	0.4892597695390782	11.32	0.0	297.0	292.38	776.02	-21.4	0	1
PROTOTYPE	005569	04/15/18	20:31:23	0.4892597695390782	0.4892597695390782	11.31	0.0	4.7947457414829655	4.724292334669339	36.29	26.59	0.4892597695390782	0.4892597695390782	11.31	0.0	294.0	292.62	689.26	-108.19	0	1
PROTOTYPE	005570	04/15/18	20:31:25	0.4892597695390782	0.4892597695390782	11.31	0.0	4.7947457414829655	4.735056049599198	45.73	37.6	0.4892597695390782	0.4892597695390782	11.31	0.0	286.0	291.63	688.03	-106.96	0	1
PROTOTYPE	005571	04/15/18	20:31:26	0.4892597695390782	0.4892597695390782	11.27	0.0	4.69689378757515	4.729184932364729	50.29	31.96	0.4892597695390782	0.4892597695390782	11.27	0.0	290.0	291.38	527.95	-315.92	0	1
PROTOTYPE	005572	04/15/18	20:31:28	0.4892597695390782	0.4892597695390782	11.26	0.0	4.69689378757515	4.724292334669339	54.03	27.16	0.4892597695390782	0.4892597695390782	11.26	0.0	288.0	290.88	570.47	-358.53	0	1
PROTOTYPE	005573	04/15/18	20:31:29	0.4892597695390782	0.4892597695390782	11.24	0.0	4.69689378757515	4.720378256513026	57.04	23.09	0.4892597695390782	0.4892597695390782	11.24	0.0	292.0	291.04	520.44	-274.75	0	1
PROTOTYPE	005574	04/15/18	20:31:30	0.4892597695390782	0.4892597695390782	11.24	0.0	4.69689378757515	4.716464178356714	59.49	19.63	0.4892597695390782	0.4892597695390782	11.24	0.0	293.0	291.34	477.9	-173.54	0	1
PROTOTYPE	005575	04/15/18	20:31:32	0.4892597695390782	0.4892597695390782	11.22	0.0	4.69689378757515	4.713528619739479	61.42	16.68	0.4892597695390782	0.4892597695390782	11.22	0.0	294.0	291.74	366.74	17.49	0	1
PROTOTYPE	005576	04/15/18	20:31:33	0.4892597695390782	0.4892597695390782	11.21	0.0	4.69689378757515	4.711571580661323	49.39	-0.82	0.4892597695390782	0.4892597695390782	11.21	0.0	300.0	292.98	409.11	59.87	0	1
PROTOTYPE	005577	04/15/18	20:31:35	0.4892597695390782	0.4892597695390782	11.2	0.0	4.69689378757515	4.708636022044089	39.25	-15.7	0.4892597695390782	0.4892597695390782	11.2	0.0	301.0	294.18	505.1	155.89	0	1
PROTOTYPE	005578	04/15/18	20:31:36	0.4892597695390782	0.4892597695390782	11.21	0.0	4.69689378757515	4.707657502505009	30.73	-28.34	0.4892597695390782	0.4892597695390782	11.21	0.0	290.0	293.55	468.49	192.51	0	1
PROTOTYPE	005579	04/15/18	20:31:37	0.4892597695390782	0.4892597695390782	11.21	0.0	4.69689378757515	4.705700463426854	26.84	-24.09	0.4892597695390782	0.4892597695390782	11.21	0.0	276.0	290.92	707.33	-46.37	0	1
PROTOTYPE	005580	04/15/18	20:31:39	0.4892597695390782	0.4892597695390782	11.22	0.0	4.69689378757515	4.704721943887775	23.63	-20.48	0.4892597695390782	0.4892597695390782	11.22	0.0	286.0	290.18	730.37	-69.41	0	1
PROTOTYPE	005581	04/15/18	20:31:40	0.4892597695390782	0.4892597695390782	11.21	0.0	4.69689378757515	4.703743424348698	20.99	-17.41	0.4892597695390782	0.4892597695390782	11.21	0.0	299.0	291.5	845.73	46.0	0	1
PROTOTYPE	005582	04/15/18	20:31:42	0.4892597695390782	0.4892597695390782	11.21	0.0	4.69689378757515	4.702764904809619	18.85	-14.79	0.4892597695390782	0.4892597695390782	11.21	0.0	292.0	291.58	823.93	24.1	0	1
PROTOTYPE	005583	04/15/18	20:31:43	0.4892597695390782	0.4892597695390782	11.2	0.0	4.599041833667335	4.6871085921843685	31.38	-27.58	0.4892597695390782	0.4892597695390782	11.2	0.0	291.0	291.49	792.77	-24.52	0	1
PROTOTYPE	005584	04/15/18	20:31:45	0.4892597695390782	0.4892597695390782	11.24	0.0	4.69689378757515	4.688087111723447	30.54	-23.44	0.39140781563126253	0.4745819764529058	24.88	-15.0	282.0	290.07	811.22	-290.84	0	1
PROTOTYPE	005585	04/15/18	20:31:46	0.4892597695390782	0.4892597695390782	11.29	0.0	4.599041833667335	4.675366357715431	41.7	-34.92	0.4892597695390782	0.4765390155310621	26.15	-12.75	284.0	289.16	781.9	-502.21	0	1
PROTOTYPE	005586	04/15/18	20:31:47	0.4892597695390782	0.4892597695390782	11.31	0.0	4.599041833667335	4.6636241232464934	51.08	-44.68	0.4892597695390782	0.47849605460921835	27.13	-10.84	292.0	289.58	761.83	-396.88	0	1
PROTOTYPE	005587	04/15/18	20:31:49	0.4892597695390782	0.4892597695390782	11.36	0.0	4.599041833667335	4.653838927855712	58.95	-52.98	0.4892597695390782	0.48045309368737477	27.91	-9.21	296.0	290.55	594.77	-37.35	0	1
PROTOTYPE	005588	04/15/18	20:31:50	0.4892597695390782	0.4892597695390782	11.35	0.0	4.69689378757515	4.660688564629259	63.74	-45.03	0.4892597695390782	0.48143161322645295	28.47	-7.83	286.0	289.86	589.17	-31.75	0	1
PROTOTYPE	005589	04/15/18	20:31:52	0.4892597695390782	0.4892597695390782	11.37	0.0	4.69689378757515	4.665581162324649	67.71	-38.28	0.4892597695390782	0.482410132765531	28.91	-6.66	282.0	288.69	574.88	-281.98	0	1
PROTOTYPE	005590	04/15/18	20:31:53	0.4892597695390782	0.4892597695390782	11.38	0.0	4.69689378757515	4.67047376002004	70.97	-32.54	0.4892597695390782	0.48338865230460926	29.24	-5.66	293.0	289.33	632.06	-224.69	0	1
PROTOTYPE	005591	04/15/18	20:31:55	0.4892597695390782	0.4892597695390782	11.44	0.0	4.69689378757515	4.674387838176353	59.38	-12.66	0.4892597695390782	0.48436717184368744	29.53	-4.81	289.0	289.28	628.45	-220.98	0	1
PROTOTYPE	005592	04/15/18	20:31:56	0.4892597695390782	0.4892597695390782	11.4	0.0	4.7947457414829655	4.69200118987976	75.77	4.24	0.4892597695390782	0.4853456913827655	16.03	10.91	300.0	290.89	646.83	82.16	0	1
PROTOTYPE	005593	04/15/18	20:31:57	0.4892597695390782	0.4892597695390782	11.36	0.0	4.69689378757515	4.692979709418838	63.57	18.61	0.4892597695390782	0.4863242109218437	14.89	9.28	294.0	291.36	602.46	219.84	0	1
PROTOTYPE	005594	04/15/18	20:31:59	0.4892597695390782	0.4892597695390782	11.33	0.0	4.7947457414829655	4.708636022044089	67.48	45.81	0.4892597695390782	0.4863242109218437	13.99	7.88	289.0	291.0	595.19	141.86	0	1
PROTOTYPE	005595	04/15/18	20:32:00	0.4892597695390782	0.4892597695390782	11.29	0.0	4.69689378757515	4.706678982965932	59.74	53.94	0.4892597695390782	0.4863242109218437	13.29	6.7	293.0	291.3	528.93	75.58	0	1
PROTOTYPE	005596	04/15/18	20:32:02	0.4892597695390782	0.4892597695390782	11.31	0.0	4.69689378757515	4.704721943887775	55.06	45.85	0.4892597695390782	0.48730273046092193	12.79	5.7	290.0	291.11	480.3	124.25	0	1
PROTOTYPE	005597	04/15/18	20:32:03	0.4892597695390782	0.4892597695390782	11.31	0.0	4.69689378757515	4.703743424348698	51.19	38.97	0.4892597695390782	0.48730273046092193	12.41	4.84	284.0	290.04	468.94	135.61	0	1
PROTOTYPE	005598	04/15/18	20:32:04	0.4892597695390782	0.4892597695390782	11.3	0.0	4.7947457414829655	4.717442697895792	60.21	48.13	0.4892597695390782	0.48730273046092193	12.1	4.12	305.0	292.28	628.59	295.27	0	1
PROTOTYPE	005599	04/15/18	20:32:06	0.4892597695390782	0.4892597695390782	11.24	0.0	4.69689378757515	4.714507139278558	59.37	40.91	0.4892597695390782	0.48828125	11.83	3.5	295.0	292.69	664.15	340.98	0	1
PROTOTYPE	005600	04/15/18	20:32:07	0.4892597695390782	0.4892597695390782	11.24	0.0	4.69689378757515	4.711571580661323	43.91	19.77	0.4892597695390782	0.48828125	11.67	2.97	298.0	293.49	583.01	259.83	0	1
PROTOTYPE	005601	04/15/18	20:32:09	0.4892597695390782	0.4892597695390782	11.24	0.0	4.599041833667335	4.6949367484969935	59.69	1.81	0.4892597695390782	0.48828125	11.55	2.53	290.0	292.97	588.68	160.86	0	1
PROTOTYPE	005602	04/15/18	20:32:10	0.4892597695390782	0.4892597695390782	11.24	0.0	4.69689378757515	4.6949367484969935	45.49	-13.46	0.4892597695390782	0.48828125	11.47	2.15	295.0	293.27	583.86	226.73	0	1
PROTOTYPE	005603	04/15/18	20:32:11	0.4892597695390782	0.4892597695390782	11.26	0.0	4.69689378757515	4.695915268036072	44.68	-11.45	0.4892597695390782	0.48828125	11.42	1.83	295.0	293.53	579.86	222.72	0	1
PROTOTYPE	005604	04/15/18	20:32:13	0.4892597695390782	0.4892597695390782	11.25	0.0	4.69689378757515	4.695915268036072	44.04	-9.73	0.4892597695390782	0.48828125	11.37	1.55	288.0	292.7	643.23	159.31	0	1
PROTOTYPE	005605	04/15/18	20:32:14	0.4892597695390782	0.4892597695390782	11.25	0.0	4.69689378757515	4.695915268036072	43.57	-8.27	0.4892597695390782	0.4892597695390782	11.34	1.32	288.0	292.0	607.13	195.41	0	1
PROTOTYPE	005606	04/15/18	20:32:16	0.4892597695390782	0.4892597695390782	11.25	0.0	4.69689378757515	4.695915268036072	30.99	-22.03	0.4892597695390782	0.4892597695390782	11.31	1.12	291.0	291.85	397.73	-43.9	0	1
PROTOTYPE	005607	04/15/18	20:32:17	0.4892597695390782	0.4892597695390782	11.25	0.0	4.599041833667335	4.6812374749499	42.46	-33.72	0.4892597695390782	0.4892597695390782	11.29	0.95	283.0	290.52	489.68	-217.31	0	1
PROTOTYPE	005608	04/15/18	20:32:18	0.4892597695390782	0.4892597695390782	11.26	0.0	4.69689378757515	4.684173033567133	42.17	-28.67	0.4892597695390782	0.4892597695390782	11.29	0.81	285.0	289.69	492.85	-379.72	0	1
PROTOTYPE	005609	04/15/18	20:32:20	0.4892597695390782	0.4892597695390782	11.24	0.0	4.69689378757515	4.686130072645291	27.27	-9.37	0.4892597695390782	0.4892597695390782	11.26	0.69	279.0	288.09	600.88	-487.76	0	1
PROTOTYPE	005610	04/15/18	20:32:21	0.4892597695390782	0.4892597695390782	11.24	0.0	4.69689378757515	4.6871085921843685	28.05	-7.96	0.4892597695390782	0.4892597695390782	11.26	0.59	296.0	289.27	689.02	-399.59	0	1
PROTOTYPE	005611	04/15/18	20:32:23	0.4892597695390782	0.4892597695390782	11.22	0.0	4.69689378757515	4.689065631262525	28.62	-6.77	0.4892597695390782	0.4892597695390782	11.23	0.5	283.0	288.33	757.17	-519.66	0	1
PROTOTYPE	005612	04/15/18	20:32:24	0.4892597695390782	0.4892597695390782	11.21	0.0	4.7947457414829655	4.704721943887775	43.49	9.25	0.4892597695390782	0.4892597695390782	11.22	0.42	296.0	289.48	789.22	-321.71	0	1
PROTOTYPE	005613	04/15/18	20:32:25	0.4892597695390782	0.4892597695390782	11.18	0.0	4.69689378757515	4.703743424348698	43.89	7.86	0.4892597695390782	0.4892597695390782	11.18	0.36	291.0	289.71	741.49	-228.45	0	1
PROTOTYPE	005614	04/15/18	20:32:27	0.4892597695390782	0.4892597695390782	11.17	0.0	4.69689378757515	4.702764904809619	44.21	6.68	0.4892597695390782	0.4892597695390782	11.17	0.31	283.0	288.7	827.17	-314.18	0	1
PROTOTYPE	005615	04/15/18	20:32:28	0.4892597695390782	0.4892597695390782	11.18	0.0	4.69689378757515	4.70178638527054	30.93	20.68	0.4892597695390782	0.4892597695390782	11.18	0.26	286.0	288.3	735.06	-222.06	0	1
PROTOTYPE	005616	04/15/18	20:32:30	0.4892597695390782	0.4892597695390782	11.17	0.0	4.69689378757515	4.700807865731463	29.75	17.58	0.4892597695390782	0.4892597695390782	11.17	0.22	294.0	289.15	737.79	-53.75	0	1
PROTOTYPE	005617	04/15/18	20:32:31	0.4892597695390782	0.4892597695390782	11.18	0.0	4.69689378757515	4.700807865731463	28.84	14.94	0.4892597695390782	0.4892597695390782	11.18	0.19	294.0	289.88	650.12	179.31	0	1
PROTOTYPE	005618	04/15/18	20:32:32	0.4892597695390782	0.4892597695390782	11.18	0.0	4.69689378757515	4.699829346192385	28.13	12.7	0.4892597695390782	0.4892597695390782	11.18	0.16	301.0	291.55	698.22	227.42	0	1
PROTOTYPE	005619	04/15/18	20:32:34	0.4892597695390782	0.4892597695390782	11.19	0.0	4.69689378757515	4.699829346192385	27.6	10.79	0.4892597695390782	0.4892597695390782	11.19	0.14	281.0	289.97	762.33	163.3	0	1
PROTOTYPE	005620	04/15/18	20:32:35	0.4892597695390782	0.4892597695390782	11.21	0.0	4.69689378757515	4.698850826653307	12.77	-5.82	0.4892597695390782	0.4892597695390782	11.21	0.12	297.0	291.02	752.84	153.81	0	1
PROTOTYPE	005621	04/15/18	20:32:37	0.4892597695390782	0.4892597695390782	11.23	0.0	4.69689378757515	4.698850826653307	12.38	-4.95	0.4892597695390782	0.4892597695390782	11.23	0.1	286.0	290.27	805.38	55.74	0	1
PROTOTYPE	005622	04/15/18	20:32:38	0.4892597695390782	0.4892597695390782	11.23	0.0	4.69689378757515	4.698850826653307	12.08	-4.21	0.4892597695390782	0.4892597695390782	11.23	0.08	295.0	290.98	775.7	227.38	0	1
PROTOTYPE	005623	04/15/18	20:32:39	0.4892597695390782	0.4892597695390782	11.25	0.0	4.69689378757515	4.6978723071142285	11.87	-3.58	0.4892597695390782	0.4892597695390782	11.25	0.07	297.0	291.88	825.45	358.27	0	1
PROTOTYPE	005624	04/15/18	20:32:41	0.4892597695390782	0.4892597695390782	11.27	0.0	4.69689378757515	4.6978723071142285	11.72	-3.04	0.4892597695390782	0.4892597695390782	11.27	0.06	296.0	292.5	801.72	334.53	0	1
PROTOTYPE	005625	04/15/18	20:32:42	0.4892597695390782	0.4892597695390782	11.28	0.0	4.69689378757515	4.6978723071142285	11.61	-2.58	0.4892597695390782	0.4892597695390782	11.28	0.05	295.0	292.87	766.55	299.35	0	1
PROTOTYPE	005626	04/15/18	20:32:44	0.4892597695390782	0.4892597695390782	11.29	0.0	4.69689378757515	4.6978723071142285	11.53	-2.2	0.4892597695390782	0.4892597695390782	11.29	0.04	282.0	291.24	762.87	-30.55	0	1
PROTOTYPE	005627	04/15/18	20:32:45	0.4892597695390782	0.4892597695390782	11.28	0.0	4.69689378757515	4.6978723071142285	11.45	-1.87	0.4892597695390782	0.4892597695390782	11.28	0.04	299.0	292.41	721.0	244.03	0	1
PROTOTYPE	005628	04/15/18	20:32:47	0.4892597695390782	0.4892597695390782	11.27	0.0	4.69689378757515	4.6978723071142285	11.39	-1.59	0.4892597695390782	0.4892597695390782	11.27	0.03	278.0	290.25	831.59	-77.57	0	1
PROTOTYPE	005629	04/15/18	20:32:48	0.4892597695390782	0.4892597695390782	11.31	0.0	4.69689378757515	4.6978723071142285	11.4	-1.35	0.4892597695390782	0.4892597695390782	11.31	0.03	299.0	291.56	887.58	129.06	0	1
PROTOTYPE	005630	04/15/18	20:32:49	0.4892597695390782	0.4892597695390782	11.32	0.0	4.69689378757515	4.69689378757515	11.38	-1.15	0.4892597695390782	0.4892597695390782	11.32	0.02	291.0	291.47	825.09	49.7	0	1
PROTOTYPE	005631	04/15/18	20:32:51	0.4892597695390782	0.4892597695390782	11.31	0.0	4.69689378757515	4.69689378757515	11.36	-0.97	0.4892597695390782	0.4892597695390782	11.31	0.02	299.0	292.6	847.63	72.25	0	1
PROTOTYPE	005632	04/15/18	20:32:52	0.4892597695390782	0.4892597695390782	11.3	0.0	4.69689378757515	4.69689378757515	11.33	-0.83	0.4892597695390782	0.4892597695390782	11.3	0.02	286.0	291.61	884.9	-88.59	0	1
PROTOTYPE	005633	04/15/18	20:32:54	0.4892597695390782	0.4892597695390782	11.3	0.0	4.599041833667335	4.6822159944889785	25.02	-15.7	0.4892597695390782	0.4892597695390782	11.3	0.01	289.0	291.22	886.58	-165.3	0	1
PROTOTYPE	005634	04/15/18	20:32:55	0.4892597695390782	0.4892597695390782	11.29	0.0	4.599041833667335	4.669495240480962	36.47	-28.35	0.4892597695390782	0.4892597695390782	11.29	0.01	297.0	292.09	810.15	84.49	0	1
PROTOTYPE	005635	04/15/18	20:32:56	0.4892597695390782	0.4892597695390782	11.31	0.0	4.599041833667335	4.65971004509018	46.03	-39.1	0.4892597695390782	0.4892597695390782	11.31	0.01	284.0	290.87	815.12	-153.18	0	1
PROTOTYPE	005636	04/15/18	20:32:58	0.4892597695390782	0.4892597695390782	11.3	0.0	4.599041833667335	4.649924849699399	53.96	-48.23	0.4892597695390782	0.4892597695390782	11.3	0.01	290.0	290.74	612.21	49.8	0	1
PROTOTYPE	005637	04/15/18	20:32:59	0.4892597695390782	0.4892597695390782	11.26	0.0	4.69689378757515	4.657753006012024	59.79	-41.0	0.4892597695390782	0.4892597695390782	11.26	0.01	283.0	289.58	597.05	-197.67	0	1
PROTOTYPE	005638	04/15/18	20:33:01	0.4892597695390782	0.4892597695390782	11.28	0.0	4.69689378757515	4.6636241232464934	64.62	-34.85	0.4892597695390782	0.4892597695390782	11.28	0.01	291.0	289.79	609.87	-168.02	0	1
PROTOTYPE	005639	04/15/18	20:33:02	0.4892597695390782	0.4892597695390782	11.26	0.0	4.69689378757515	4.668516720941883	68.56	-29.62	0.4892597695390782	0.4892597695390782	11.26	0.01	296.0	290.73	590.08	-187.82	0	1
PROTOTYPE	005640	04/15/18	20:33:03	0.4892597695390782	0.4892597695390782	11.28	0.0	4.69689378757515	4.672430799098196	71.77	-25.18	0.4892597695390782	0.4892597695390782	11.28	0.0	287.0	290.17	546.91	-144.65	0	1
PROTOTYPE	005641	04/15/18	20:33:05	0.4892597695390782	0.4892597695390782	11.28	0.0	4.599041833667335	4.661667084168337	68.01	-21.4	0.4892597695390782	0.4892597695390782	11.28	0.0	295.0	290.89	580.2	-32.95	0	1
PROTOTYPE	005642	04/15/18	20:33:06	0.4892597695390782	0.4892597695390782	11.28	0.0	4.599041833667335	4.651881888777555	64.83	-18.19	0.4892597695390782	0.4892597695390782	11.28	0.0	291.0	290.91	495.65	-118.01	0	1
PROTOTYPE	005643	04/15/18	20:33:08	0.4892597695390782	0.4892597695390782	11.25	0.0	4.69689378757515	4.658731525551103	60.86	-0.46	0.4892597695390782	0.4892597695390782	11.25	0.0	287.0	290.32	432.96	-55.31	0	1
PROTOTYPE	005644	04/15/18	20:33:09	0.4892597695390782	0.4892597695390782	11.25	0.0	4.69689378757515	4.664602642785572	57.51	14.61	0.4892597695390782	0.4892597695390782	11.25	0.0	289.0	290.12	439.64	-62.01	0	1
PROTOTYPE	005645	04/15/18	20:33:10	0.4892597695390782	0.4892597695390782	11.24	0.0	4.69689378757515	4.669495240480962	55.38	12.42	0.4892597695390782	0.4892597695390782	11.24	0.0	294.0	290.7	381.64	112.29	0	1
PROTOTYPE	005646	04/15/18	20:33:12	0.4892597695390782	0.4892597695390782	11.22	0.0	4.69689378757515	4.673409318637274	53.58	10.55	0.4892597695390782	0.4892597695390782	11.22	0.0	278.0	288.8	550.9	-99.55	0	1
PROTOTYPE	005647	04/15/18	20:33:13	0.4892597695390782	0.4892597695390782	11.25	0.0	4.69689378757515	4.677323396793587	52.08	8.97	0.4892597695390782	0.4892597695390782	11.25	0.0	282.0	287.78	559.81	-294.62	0	1
PROTOTYPE	005648	04/15/18	20:33:15	0.4892597695390782	0.4892597695390782	11.23	0.0	4.69689378757515	4.680258955410822	50.82	7.63	0.4892597695390782	0.4892597695390782	11.23	0.0	290.0	288.11	537.25	-205.43	0	1
PROTOTYPE	005649	04/15/18	20:33:16	0.4892597695390782	0.4892597695390782	11.23	0.0	4.69689378757515	4.6822159944889785	42.41	21.48	0.4892597695390782	0.4892597695390782	11.23	0.0	299.0	289.75	628.06	-114.61	0	1
PROTOTYPE	005650	04/15/18	20:33:18	0.4892597695390782	0.4892597695390782	11.23	0.0	4.599041833667335	4.67047376002004	45.6	18.26	0.4892597695390782	0.4892597695390782	11.23	0.0	298.0	290.98	749.74	7.58	0	1
PROTOTYPE	005651	04/15/18	20:33:19	0.4892597695390782	0.4892597695390782	11.25	0.0	4.69689378757515	4.674387838176353	42.96	15.52	0.4892597695390782	0.4892597695390782	11.25	0.0	302.0	292.64	856.35	231.44	0	1
PROTOTYPE	005652	04/15/18	20:33:20	0.4892597695390782	0.4892597695390782	11.28	0.0	4.69689378757515	4.677323396793587	40.75	13.19	0.4892597695390782	0.4892597695390782	11.28	0.0	295.0	292.99	871.96	286.73	0	1
PROTOTYPE	005653	04/15/18	20:33:22	0.4892597695390782	0.4892597695390782	11.29	0.0	4.69689378757515	4.680258955410822	38.89	11.21	0.4892597695390782	0.4892597695390782	11.29	0.0	276.0	290.44	1068.66	-26.28	0	1
PROTOTYPE	005654	04/15/18	20:33:23	0.4892597695390782	0.4892597695390782	11.3	0.0	4.599041833667335	4.668516720941883	47.0	-5.47	0.4892597695390782	0.4892597695390782	11.3	0.0	290.0	290.38	884.86	157.66	0	1
PROTOTYPE	005655	04/15/18	20:33:25	0.4892597695390782	0.4892597695390782	11.28	0.0	4.599041833667335	4.657753006012024	53.85	-19.65	0.39140781563126253	0.4745819764529058	24.94	-15.0	287.0	289.87	833.52	209.01	0	1
PROTOTYPE	005656	04/15/18	20:33:26	0.4892597695390782	0.4892597695390782	11.3	0.0	4.599041833667335	4.648946330160321	59.62	-31.7	0.4892597695390782	0.4765390155310621	26.2	-12.75	301.0	291.54	967.15	342.66	0	1
PROTOTYPE	005657	04/15/18	20:33:27	0.4892597695390782	0.4892597695390782	11.31	0.0	4.69689378757515	4.6557959669338675	64.15	-26.95	0.4892597695390782	0.47849605460921835	27.17	-10.84	286.0	290.71	886.92	96.26	0	1
PROTOTYPE	005658	04/15/18	20:33:29	0.4892597695390782	0.4892597695390782	11.32	0.0	4.599041833667335	4.6479678106212425	60.14	-22.9	0.4892597695390782	0.48045309368737477	27.93	-9.21	286.0	290.0	833.74	-98.18	0	1
PROTOTYPE	005659	04/15/18	20:33:30	0.4892597695390782	0.4892597695390782	11.33	0.0	4.69689378757515	4.65481744739479	63.48	-19.47	0.4892597695390782	0.48143161322645295	28.5	-7.83	296.0	290.9	758.47	-173.45	0	1
PROTOTYPE	005660	04/15/18	20:33:32	0.4892597695390782	0.4892597695390782	11.3	0.0	4.69689378757515	4.661667084168337	66.27	-16.55	0.4892597695390782	0.482410132765531	28.89	-6.66	293.0	291.22	754.49	-177.43	0	1
PROTOTYPE	005661	04/15/18	20:33:33	0.4892597695390782	0.4892597695390782	11.29	0.0	4.69689378757515	4.666559681863728	68.61	-14.07	0.4892597695390782	0.48338865230460926	29.2	-5.66	294.0	291.63	541.4	119.18	0	1
PROTOTYPE	005662	04/15/18	20:33:34	0.4892597695390782	0.4892597695390782	11.29	0.0	4.599041833667335	4.656774486472946	66.51	-11.96	0.4892597695390782	0.48436717184368744	29.44	-4.81	293.0	291.84	555.16	146.3	0	1
PROTOTYPE	005663	04/15/18	20:33:36	0.4892597695390782	0.4892597695390782	11.3	0.0	4.69689378757515	4.662645603707414	62.17	4.84	0.4892597695390782	0.4853456913827655	15.96	10.91	288.0	291.26	562.1	139.36	0	1
PROTOTYPE	005664	04/15/18	20:33:37	0.4892597695390782	0.4892597695390782	11.3	0.0	4.599041833667335	4.652860408316633	62.89	4.11	0.4892597695390782	0.4863242109218437	14.84	9.28	288.0	290.77	444.11	-76.55	0	1
PROTOTYPE	005665	04/15/18	20:33:39	0.4892597695390782	0.4892597695390782	11.27	0.0	4.599041833667335	4.6450322520040075	63.81	-11.51	0.4892597695390782	0.4863242109218437	13.95	7.88	295.0	291.41	424.42	69.94	0	1
PROTOTYPE	005666	04/15/18	20:33:40	0.4892597695390782	0.4892597695390782	11.27	0.0	4.69689378757515	4.652860408316633	63.02	5.22	0.4892597695390782	0.4863242109218437	13.27	6.7	300.0	292.7	482.68	269.45	0	1
PROTOTYPE	005667	04/15/18	20:33:42	0.4892597695390782	0.4892597695390782	11.27	0.0	4.69689378757515	4.65971004509018	62.25	4.44	0.4892597695390782	0.48730273046092193	12.76	5.7	292.0	292.59	403.24	169.03	0	1
PROTOTYPE	005668	04/15/18	20:33:43	0.4892597695390782	0.4892597695390782	11.27	0.0	4.69689378757515	4.664602642785572	61.61	3.77	0.4892597695390782	0.48730273046092193	12.37	4.84	290.0	292.2	410.64	98.67	0	1
PROTOTYPE	005669	04/15/18	20:33:44	0.4892597695390782	0.4892597695390782	11.26	0.0	4.69689378757515	4.669495240480962	61.06	3.21	0.4892597695390782	0.48730273046092193	12.07	4.12	290.0	291.87	401.94	23.87	0	1
PROTOTYPE	005670	04/15/18	20:33:46	0.4892597695390782	0.4892597695390782	11.25	0.0	4.69689378757515	4.673409318637274	54.99	17.73	0.4892597695390782	0.48828125	11.84	3.5	293.0	292.04	398.36	20.29	0	1
PROTOTYPE	005671	04/15/18	20:33:47	0.4892597695390782	0.4892597695390782	11.25	0.0	4.69689378757515	4.677323396793587	52.44	15.07	0.4892597695390782	0.48828125	11.68	2.97	284.0	290.84	461.4	-42.75	0	1
PROTOTYPE	005672	04/15/18	20:33:49	0.4892597695390782	0.4892597695390782	11.22	0.0	4.69689378757515	4.680258955410822	45.91	27.81	0.4892597695390782	0.48828125	11.53	2.53	287.0	290.26	469.98	-51.34	0	1
PROTOTYPE	005673	04/15/18	20:33:50	0.4892597695390782	0.4892597695390782	11.23	0.0	4.69689378757515	4.683194514028056	40.44	38.64	0.4892597695390782	0.48828125	11.46	2.15	286.0	289.62	470.49	-178.64	0	1
PROTOTYPE	005674	04/15/18	20:33:51	0.4892597695390782	0.4892597695390782	11.21	0.0	4.69689378757515	4.685151553106213	34.92	32.84	0.4892597695390782	0.48828125	11.37	1.83	288.0	289.38	365.95	-331.84	0	1
PROTOTYPE	005675	04/15/18	20:33:53	0.4892597695390782	0.4892597695390782	11.2	0.0	4.69689378757515	4.6871085921843685	30.33	27.91	0.4892597695390782	0.48828125	11.32	1.55	289.0	289.32	361.25	-327.07	0	1
PROTOTYPE	005676	04/15/18	20:33:54	0.4892597695390782	0.4892597695390782	11.21	0.0	4.69689378757515	4.688087111723447	26.51	23.73	0.4892597695390782	0.4892597695390782	11.3	1.32	288.0	289.12	342.22	-308.01	0	1
PROTOTYPE	005677	04/15/18	20:33:56	0.4892597695390782	0.4892597695390782	11.23	0.0	4.69689378757515	4.689065631262525	23.37	20.17	0.4892597695390782	0.4892597695390782	11.29	1.12	278.0	287.45	475.99	-441.81	0	1
PROTOTYPE	005678	04/15/18	20:33:57	0.4892597695390782	0.4892597695390782	11.22	0.0	4.69689378757515	4.691022670340682	20.77	17.14	0.4892597695390782	0.4892597695390782	11.26	0.95	294.0	288.44	557.21	-360.53	0	1
PROTOTYPE	005679	04/15/18	20:33:58	0.4892597695390782	0.4892597695390782	11.21	0.0	4.69689378757515	4.69200118987976	18.67	14.57	0.4892597695390782	0.4892597695390782	11.24	0.81	282.0	287.47	533.14	-336.45	0	1
PROTOTYPE	005680	04/15/18	20:34:00	0.4892597695390782	0.4892597695390782	11.21	0.0	4.7947457414829655	4.706678982965932	31.24	27.39	0.4892597695390782	0.4892597695390782	11.23	0.69	295.0	288.6	588.53	-165.99	0	1
PROTOTYPE	005681	04/15/18	20:34:01	0.4892597695390782	0.4892597695390782	11.2	0.0	4.7947457414829655	4.720378256513026	41.84	38.28	0.4892597695390782	0.4892597695390782	11.22	0.59	297.0	289.86	650.62	23.91	0	1
PROTOTYPE	005682	04/15/18	20:34:03	0.4892597695390782	0.4892597695390782	11.2	0.0	4.7947457414829655	4.731141971442886	50.78	47.54	0.4892597695390782	0.4892597695390782	11.21	0.5	296.0	290.78	718.36	140.33	0	1
PROTOTYPE	005683	04/15/18	20:34:04	0.4892597695390782	0.4892597695390782	11.18	0.0	4.7947457414829655	4.740927166833667	58.27	55.41	0.4892597695390782	0.4892597695390782	11.19	0.42	304.0	292.76	910.81	344.28	0	1
PROTOTYPE	005684	04/15/18	20:34:05	0.4892597695390782	0.4892597695390782	11.16	0.0	4.7947457414829655	4.748755323146293	64.53	62.09	0.4892597695390782	0.4892597695390782	11.16	0.36	299.0	293.7	984.49	457.63	0	1
PROTOTYPE	005685	04/15/18	20:34:07	0.4892597695390782	0.4892597695390782	11.14	0.0	4.7947457414829655	4.75560495991984	69.75	67.78	0.4892597695390782	0.4892597695390782	11.14	0.31	291.0	293.29	858.15	583.99	0	1
PROTOTYPE	005686	04/15/18	20:34:08	0.4892597695390782	0.4892597695390782	11.15	0.0	4.7947457414829655	4.761476077154308	74.08	72.61	0.4892597695390782	0.4892597695390782	11.15	0.26	297.0	293.85	815.56	541.39	0	1
PROTOTYPE	005687	04/15/18	20:34:10	0.4892597695390782	0.4892597695390782	11.15	0.0	4.7947457414829655	4.7663686748497	77.64	76.72	0.4892597695390782	0.4892597695390782	11.15	0.22	294.0	293.87	721.65	640.18	0	1
PROTOTYPE	005688	04/15/18	20:34:11	0.4892597695390782	0.4892597695390782	11.16	0.0	4.69689378757515	4.756583479458918	72.54	50.21	0.4892597695390782	0.4892597695390782	11.16	0.19	284.0	292.39	756.81	379.16	0	1
PROTOTYPE	005689	04/15/18	20:34:12	0.4892597695390782	0.4892597695390782	11.19	0.0	4.7947457414829655	4.761476077154308	65.11	42.68	0.39140781563126253	0.4745819764529058	24.82	-14.84	276.0	289.93	876.68	7.28	0	1
PROTOTYPE	005690	04/15/18	20:34:14	0.4892597695390782	0.4892597695390782	11.18	0.0	4.7947457414829655	4.767347194388777	58.81	36.28	0.4892597695390782	0.4765390155310621	26.08	-12.61	294.0	290.54	845.6	-23.81	0	1
PROTOTYPE	005691	04/15/18	20:34:15	0.4892597695390782	0.4892597695390782	11.2	0.0	4.7947457414829655	4.7712612725450905	53.49	30.84	0.4892597695390782	0.47849605460921835	27.07	-10.72	289.0	290.31	670.5	-245.24	0	1
PROTOTYPE	005692	04/15/18	20:34:17	0.4892597695390782	0.4892597695390782	11.21	0.0	4.7947457414829655	4.774196831162325	49.01	26.21	0.4892597695390782	0.48045309368737477	27.83	-9.11	295.0	291.01	647.29	-268.45	0	1
PROTOTYPE	005693	04/15/18	20:34:18	0.4892597695390782	0.4892597695390782	11.25	0.0	4.7947457414829655	4.778110909318637	45.26	22.28	0.4892597695390782	0.48143161322645295	28.43	-7.75	297.0	291.91	696.56	-138.19	0	1
PROTOTYPE	005694	04/15/18	20:34:19	0.4892597695390782	0.4892597695390782	11.26	0.0	4.7947457414829655	4.780067948396794	42.11	18.94	0.4892597695390782	0.482410132765531	28.87	-6.58	292.0	291.93	642.89	-192.46	0	1
PROTOTYPE	005695	04/15/18	20:34:21	0.4892597695390782	0.4892597695390782	11.26	0.0	4.69689378757515	4.767347194388777	49.7	1.1	0.4892597695390782	0.48338865230460926	29.19	-5.6	296.0	292.54	701.37	-133.59	0	1
PROTOTYPE	005696	04/15/18	20:34:22	0.4892597695390782	0.4892597695390782	11.26	0.0	4.69689378757515	4.757561998997995	49.86	0.93	0.4892597695390782	0.48436717184368744	29.43	-4.76	289.0	292.01	606.34	-38.55	0	1
PROTOTYPE	005697	04/15/18	20:34:24	0.4892597695390782	0.4892597695390782	11.26	0.0	4.69689378757515	4.747776803607215	53.11	-14.21	0.4892597695390782	0.4853456913827655	15.97	10.96	284.0	290.81	480.57	87.23	0	1
PROTOTYPE	005698	04/15/18	20:34:25	0.4892597695390782	0.4892597695390782	11.28	0.0	4.7947457414829655	4.754626440380762	55.19	-12.08	0.4892597695390782	0.4863242109218437	14.85	9.31	298.0	291.88	527.48	134.15	0	1
PROTOTYPE	005699	04/15/18	20:34:26	0.4892597695390782	0.4892597695390782	11.28	0.0	4.7947457414829655	4.761476077154308	56.94	-10.26	0.4892597695390782	0.4863242109218437	13.98	7.92	288.0	291.3	562.57	99.03	0	1
PROTOTYPE	005700	04/15/18	20:34:28	0.4892597695390782	0.4892597695390782	11.28	0.0	4.7947457414829655	4.7663686748497	58.4	-8.73	0.4892597695390782	0.4863242109218437	13.29	6.73	300.0	292.61	622.71	159.17	0	1
PROTOTYPE	005701	04/15/18	20:34:29	0.4892597695390782	0.4892597695390782	11.26	0.0	4.7947457414829655	4.770282753006012	59.62	-7.42	0.4892597695390782	0.48730273046092193	12.76	5.72	296.0	293.12	583.84	120.3	0	1
PROTOTYPE	005702	04/15/18	20:34:31	0.4892597695390782	0.4892597695390782	11.25	0.0	4.7947457414829655	4.774196831162325	60.63	-6.3	0.4892597695390782	0.48730273046092193	12.36	4.86	299.0	294.0	670.2	207.25	0	1
PROTOTYPE	005703	04/15/18	20:34:32	0.4892597695390782	0.4892597695390782	11.27	0.0	4.69689378757515	4.762454596693387	59.69	-5.36	0.4892597695390782	0.48730273046092193	12.08	4.13	298.0	294.6	669.11	206.16	0	1
PROTOTYPE	005704	04/15/18	20:34:33	0.4892597695390782	0.4892597695390782	11.29	0.0	4.7947457414829655	4.767347194388777	53.9	10.45	0.4892597695390782	0.48828125	11.88	3.51	291.0	294.06	670.03	205.24	0	1
PROTOTYPE	005705	04/15/18	20:34:35	0.4892597695390782	0.4892597695390782	11.27	0.0	4.69689378757515	4.756583479458918	55.45	8.88	0.4892597695390782	0.48828125	11.7	2.99	294.0	294.05	551.58	324.45	0	1
PROTOTYPE	005706	04/15/18	20:34:36	0.4892597695390782	0.4892597695390782	11.28	0.0	4.69689378757515	4.747776803607215	57.43	-7.45	0.4892597695390782	0.48828125	11.6	2.54	281.0	292.09	639.41	20.79	0	1
PROTOTYPE	005707	04/15/18	20:34:38	0.4892597695390782	0.4892597695390782	11.29	0.0	4.69689378757515	4.739948647294589	59.12	-21.34	0.4892597695390782	0.48828125	11.52	2.16	291.0	291.93	597.57	62.67	0	1
PROTOTYPE	005708	04/15/18	20:34:39	0.4892597695390782	0.4892597695390782	11.29	0.0	4.69689378757515	4.73407753006012	60.53	-33.13	0.4892597695390782	0.48828125	11.46	1.83	283.0	290.59	601.03	-201.73	0	1
PROTOTYPE	005709	04/15/18	20:34:41	0.4892597695390782	0.4892597695390782	11.29	0.0	4.69689378757515	4.728206412825651	61.72	-43.16	0.4892597695390782	0.48828125	11.41	1.56	299.0	291.85	676.28	-126.47	0	1
PROTOTYPE	005710	04/15/18	20:34:42	0.4892597695390782	0.4892597695390782	11.29	0.0	4.69689378757515	4.72331381513026	62.72	-51.69	0.4892597695390782	0.4892597695390782	11.38	1.32	294.0	292.17	620.27	-182.5	0	1
PROTOTYPE	005711	04/15/18	20:34:43	0.4892597695390782	0.4892597695390782	11.28	0.0	4.7947457414829655	4.73407753006012	61.83	-28.94	0.4892597695390782	0.4892597695390782	11.34	1.13	293.0	292.3	572.71	-230.13	0	1
PROTOTYPE	005712	04/15/18	20:34:45	0.4892597695390782	0.4892597695390782	11.26	0.0	4.69689378757515	4.728206412825651	62.56	-39.6	0.4892597695390782	0.4892597695390782	11.3	0.96	296.0	292.85	574.27	-120.61	0	1
PROTOTYPE	005713	04/15/18	20:34:46	0.4892597695390782	0.4892597695390782	11.26	0.0	4.69689378757515	4.724292334669339	56.73	-33.66	0.4892597695390782	0.4892597695390782	11.29	0.81	304.0	294.52	739.83	47.48	0	1
PROTOTYPE	005714	04/15/18	20:34:48	0.4892597695390782	0.4892597695390782	11.24	0.0	4.69689378757515	4.719399736973948	51.8	-28.61	0.4892597695390782	0.4892597695390782	11.26	0.69	288.0	293.55	641.96	145.36	0	1
PROTOTYPE	005715	04/15/18	20:34:49	0.4892597695390782	0.4892597695390782	11.23	0.0	4.69689378757515	4.716464178356714	47.66	-24.32	0.4892597695390782	0.4892597695390782	11.25	0.59	289.0	292.86	693.71	93.56	0	1
PROTOTYPE	005716	04/15/18	20:34:50	0.4892597695390782	0.4892597695390782	11.23	0.0	4.7947457414829655	4.728206412825651	52.98	-5.67	0.4892597695390782	0.4892597695390782	11.24	0.5	282.0	291.23	722.75	64.52	0	1
PROTOTYPE	005717	04/15/18	20:34:52	0.4892597695390782	0.4892597695390782	11.24	0.0	4.69689378757515	4.72331381513026	52.17	-4.82	0.4892597695390782	0.4892597695390782	11.25	0.42	290.0	291.05	615.15	-80.16	0	1
PROTOTYPE	005718	04/15/18	20:34:53	0.4892597695390782	0.4892597695390782	11.25	0.0	4.7947457414829655	4.73407753006012	58.2	10.9	0.4892597695390782	0.4892597695390782	11.25	0.36	299.0	292.24	702.15	6.87	0	1
PROTOTYPE	005719	04/15/18	20:34:55	0.4892597695390782	0.4892597695390782	11.24	0.0	4.7947457414829655	4.742884205911824	56.58	9.27	0.4892597695390782	0.4892597695390782	11.24	0.31	298.0	293.11	776.05	80.84	0	1
PROTOTYPE	005720	04/15/18	20:34:56	0.4892597695390782	0.4892597695390782	11.24	0.0	4.7947457414829655	4.750712362224449	58.72	22.88	0.4892597695390782	0.4892597695390782	11.24	0.26	296.0	293.54	763.93	68.71	0	1
PROTOTYPE	005721	04/15/18	20:34:57	0.4892597695390782	0.4892597695390782	11.24	0.0	4.7947457414829655	4.757561998997995	60.53	34.45	0.4892597695390782	0.4892597695390782	11.24	0.22	292.0	293.31	619.86	-121.59	0	1
PROTOTYPE	005722	04/15/18	20:34:59	0.4892597695390782	0.4892597695390782	11.25	0.0	4.7947457414829655	4.763433116232465	62.05	44.28	0.4892597695390782	0.4892597695390782	11.25	0.19	293.0	293.26	526.81	-28.36	0	1
PROTOTYPE	005723	04/15/18	20:35:00	0.4892597695390782	0.4892597695390782	11.26	0.0	4.7947457414829655	4.768325713927855	63.33	52.64	0.4892597695390782	0.4892597695390782	11.26	0.16	297.0	293.82	514.69	95.9	0	1
PROTOTYPE	005724	04/15/18	20:35:02	0.4892597695390782	0.4892597695390782	11.28	0.0	4.7947457414829655	4.772239792084169	55.59	44.74	0.4892597695390782	0.4892597695390782	11.28	0.14	287.0	292.8	454.08	156.51	0	1
PROTOTYPE	005725	04/15/18	20:35:03	0.4892597695390782	0.4892597695390782	11.26	0.0	4.7947457414829655	4.775175350701403	54.37	53.03	0.4892597695390782	0.4892597695390782	11.26	0.12	290.0	292.38	477.52	133.04	0	1
PROTOTYPE	005726	04/15/18	20:35:04	0.4892597695390782	0.4892597695390782	11.27	0.0	4.7947457414829655	4.778110909318637	46.65	45.08	0.4892597695390782	0.4892597695390782	11.27	0.1	301.0	293.67	487.57	143.08	0	1
PROTOTYPE	005727	04/15/18	20:35:06	0.4892597695390782	0.4892597695390782	11.31	0.0	4.7947457414829655	4.781046467935872	40.17	38.31	0.4892597695390782	0.4892597695390782	11.31	0.08	281.0	291.77	591.28	-133.38	0	1
PROTOTYPE	005728	04/15/18	20:35:07	0.4892597695390782	0.4892597695390782	11.33	0.0	4.7947457414829655	4.783003507014028	34.72	32.57	0.4892597695390782	0.4892597695390782	11.33	0.07	281.0	290.16	709.43	-338.37	0	1
PROTOTYPE	005729	04/15/18	20:35:09	0.4892597695390782	0.4892597695390782	11.33	0.0	4.892597695390782	4.799638339178356	44.75	42.68	0.4892597695390782	0.4892597695390782	11.33	0.06	289.0	289.98	703.69	-332.62	0	1
PROTOTYPE	005730	04/15/18	20:35:10	0.4892597695390782	0.4892597695390782	11.34	0.0	4.892597695390782	4.813337612725451	53.25	51.28	0.4892597695390782	0.4892597695390782	11.34	0.05	286.0	289.39	758.6	-387.73	0	1
PROTOTYPE	005731	04/15/18	20:35:12	0.4892597695390782	0.4892597695390782	11.32	0.0	4.892597695390782	4.825079847194389	60.43	58.59	0.4892597695390782	0.4892597695390782	11.32	0.04	280.0	287.98	843.31	-584.57	0	1
PROTOTYPE	005732	04/15/18	20:35:13	0.4892597695390782	0.4892597695390782	11.32	0.0	4.892597695390782	4.83486504258517	66.5	64.8	0.4892597695390782	0.4892597695390782	11.32	0.04	301.0	289.93	936.29	-286.88	0	1
PROTOTYPE	005733	04/15/18	20:35:14	0.4892597695390782	0.4892597695390782	11.31	0.0	4.892597695390782	4.843671718436874	71.62	70.08	0.4892597695390782	0.4892597695390782	11.31	0.03	296.0	290.84	985.32	-153.85	0	1
PROTOTYPE	005734	04/15/18	20:35:16	0.4892597695390782	0.4892597695390782	11.29	0.0	4.892597695390782	4.851499874749498	75.92	74.57	0.4892597695390782	0.4892597695390782	11.29	0.03	296.0	291.62	933.41	-205.77	0	1
PROTOTYPE	005735	04/15/18	20:35:17	0.4892597695390782	0.4892597695390782	11.25	0.0	4.7947457414829655	4.842693198897796	81.77	63.38	0.4892597695390782	0.4892597695390782	11.25	0.02	289.0	291.22	782.56	-54.91	0	1
PROTOTYPE	005736	04/15/18	20:35:19	0.4892597695390782	0.4892597695390782	11.23	0.0	4.7947457414829655	4.835843562124248	86.68	53.88	0.4892597695390782	0.4892597695390782	11.23	0.02	297.0	292.09	707.65	193.33	0	1
PROTOTYPE	005737	04/15/18	20:35:20	0.4892597695390782	0.4892597695390782	11.25	0.0	4.69689378757515	4.81431613226453	91.09	15.79	0.4892597695390782	0.4892597695390782	11.25	0.02	299.0	293.13	793.92	314.33	0	1
PROTOTYPE	005738	04/15/18	20:35:21	0.4892597695390782	0.4892597695390782	11.24	0.0	4.7947457414829655	4.811380573647295	80.09	-1.58	0.4892597695390782	0.4892597695390782	11.24	0.01	288.0	292.36	811.06	297.18	0	1
PROTOTYPE	005739	04/15/18	20:35:23	0.4892597695390782	0.4892597695390782	11.23	0.0	4.7947457414829655	4.809423534569138	70.8	-16.34	0.4892597695390782	0.4892597695390782	11.23	0.01	290.0	292.0	705.66	402.6	0	1
PROTOTYPE	005740	04/15/18	20:35:24	0.4892597695390782	0.4892597695390782	11.2	0.0	4.7947457414829655	4.807466495490982	62.98	-28.89	0.4892597695390782	0.4892597695390782	11.2	0.01	299.0	293.05	615.27	312.21	0	1
PROTOTYPE	005741	04/15/18	20:35:26	0.4892597695390782	0.4892597695390782	11.22	0.0	4.7947457414829655	4.805509456412826	56.44	-39.55	0.4892597695390782	0.4892597695390782	11.22	0.01	278.0	290.8	750.03	-4.62	0	1
PROTOTYPE	005742	04/15/18	20:35:27	0.4892597695390782	0.4892597695390782	11.22	0.0	4.7947457414829655	4.80355241733467	50.97	-48.62	0.4892597695390782	0.4892597695390782	11.22	0.01	281.0	289.33	819.56	-228.93	0	1
PROTOTYPE	005743	04/15/18	20:35:28	0.4892597695390782	0.4892597695390782	11.21	0.0	4.7947457414829655	4.802573897795591	44.14	-41.33	0.4892597695390782	0.4892597695390782	11.21	0.01	292.0	289.73	820.45	-149.59	0	1
PROTOTYPE	005744	04/15/18	20:35:30	0.4892597695390782	0.4892597695390782	11.2	0.0	4.7947457414829655	4.801595378256513	38.47	-35.13	0.4892597695390782	0.4892597695390782	11.2	0.01	295.0	290.52	812.89	-157.15	0	1
PROTOTYPE	005745	04/15/18	20:35:31	0.4892597695390782	0.4892597695390782	11.18	0.0	4.7947457414829655	4.800616858717435	18.88	-14.86	0.4892597695390782	0.4892597695390782	11.18	0.0	291.0	290.59	716.59	-253.58	0	1
PROTOTYPE	005746	04/15/18	20:35:33	0.4892597695390782	0.4892597695390782	11.17	0.0	4.7947457414829655	4.799638339178356	17.13	-12.63	0.4892597695390782	0.4892597695390782	11.17	0.0	285.0	289.75	723.55	-260.54	0	1
PROTOTYPE	005747	04/15/18	20:35:34	0.4892597695390782	0.4892597695390782	11.2	0.0	4.7947457414829655	4.798659819639279	15.77	-10.74	0.4892597695390782	0.4892597695390782	11.2	0.0	289.0	289.64	699.53	-236.46	0	1
PROTOTYPE	005748	04/15/18	20:35:35	0.4892597695390782	0.4892597695390782	11.2	0.0	4.7947457414829655	4.7976813001002006	14.67	-9.13	0.4892597695390782	0.4892597695390782	11.2	0.0	297.0	290.74	705.0	-230.99	0	1
PROTOTYPE	005749	04/15/18	20:35:37	0.4892597695390782	0.4892597695390782	11.18	0.0	4.7947457414829655	4.7976813001002006	13.8	-7.76	0.4892597695390782	0.4892597695390782	11.18	0.0	283.0	289.58	595.35	-121.34	0	1
PROTOTYPE	005750	04/15/18	20:35:38	0.4892597695390782	0.4892597695390782	11.18	0.0	4.7947457414829655	4.796702780561122	13.14	-6.59	0.4892597695390782	0.4892597695390782	11.18	0.0	304.0	291.74	664.7	241.86	0	1
PROTOTYPE	005751	04/15/18	20:35:40	0.4892597695390782	0.4892597695390782	11.18	0.0	4.7947457414829655	4.796702780561122	12.64	-5.6	0.4892597695390782	0.4892597695390782	11.18	0.0	295.0	292.23	673.42	250.58	0	1
PROTOTYPE	005752	04/15/18	20:35:41	0.4892597695390782	0.4892597695390782	11.18	0.0	4.7947457414829655	4.796702780561122	12.25	-4.76	0.4892597695390782	0.4892597695390782	11.18	0.0	295.0	292.65	635.84	212.99	0	1
PROTOTYPE	005753	04/15/18	20:35:42	0.4892597695390782	0.4892597695390782	11.18	0.0	4.892597695390782	4.811380573647295	25.34	10.95	0.4892597695390782	0.4892597695390782	11.18	0.0	299.0	293.6	723.77	301.04	0	1
PROTOTYPE	005754	04/15/18	20:35:44	0.4892597695390782	0.4892597695390782	11.2	0.0	4.7947457414829655	4.808445015030061	26.57	9.31	0.4892597695390782	0.4892597695390782	11.2	0.0	281.0	291.71	828.92	195.89	0	1
PROTOTYPE	005755	04/15/18	20:35:45	0.4892597695390782	0.4892597695390782	11.18	0.0	4.7947457414829655	4.806487975951903	27.51	7.91	0.4892597695390782	0.4892597695390782	11.18	0.0	289.0	291.3	858.24	166.5	0	1
PROTOTYPE	005756	04/15/18	20:35:47	0.4892597695390782	0.4892597695390782	11.2	0.0	4.7947457414829655	4.804530936873748	28.27	6.73	0.4892597695390782	0.4892597695390782	11.2	0.0	289.0	290.96	782.4	21.53	0	1
PROTOTYPE	005757	04/15/18	20:35:48	0.4892597695390782	0.4892597695390782	11.22	0.0	4.69689378757515	4.788874624248496	43.37	-9.28	0.4892597695390782	0.4892597695390782	11.22	0.0	284.0	289.91	770.63	33.3	0	1
PROTOTYPE	005758	04/15/18	20:35:49	0.4892597695390782	0.4892597695390782	11.2	0.0	4.7947457414829655	4.7898531437875755	43.59	-7.89	0.4892597695390782	0.4892597695390782	11.2	0.0	281.0	288.58	688.08	-316.7	0	1
PROTOTYPE	005759	04/15/18	20:35:51	0.4892597695390782	0.4892597695390782	11.2	0.0	4.7947457414829655	4.7898531437875755	43.76	-6.71	0.4892597695390782	0.4892597695390782	11.2	0.0	291.0	288.94	675.59	-329.19	0	1
PROTOTYPE	005760	04/15/18	20:35:52	0.4892597695390782	0.4892597695390782	11.22	0.0	4.7947457414829655	4.790831663326653	43.9	-5.7	0.4892597695390782	0.4892597695390782	11.22	0.0	290.0	289.1	650.01	-354.81	0	1
PROTOTYPE	005761	04/15/18	20:35:54	0.4892597695390782	0.4892597695390782	11.22	0.0	4.69689378757515	4.77713238977956	43.58	-34.85	0.4892597695390782	0.4892597695390782	11.22	0.0	290.0	289.23	568.29	-436.59	0	1
PROTOTYPE	005762	04/15/18	20:35:55	0.4892597695390782	0.4892597695390782	11.24	0.0	4.7947457414829655	4.7790894288577155	43.83	-29.62	0.4892597695390782	0.4892597695390782	11.24	0.0	295.0	290.1	465.77	-161.1	0	1
PROTOTYPE	005763	04/15/18	20:35:56	0.4892597695390782	0.4892597695390782	11.25	0.0	4.69689378757515	4.767347194388777	54.04	-40.18	0.4892597695390782	0.4892597695390782	11.25	0.0	279.0	288.43	591.58	-286.94	0	1
PROTOTYPE	005764	04/15/18	20:35:58	0.4892597695390782	0.4892597695390782	11.24	0.0	4.69689378757515	4.756583479458918	62.62	-49.15	0.4892597695390782	0.4892597695390782	11.24	0.0	295.0	289.42	655.48	-153.9	0	1
PROTOTYPE	005765	04/15/18	20:35:59	0.4892597695390782	0.4892597695390782	11.24	0.0	4.69689378757515	4.747776803607215	55.3	-41.78	0.4892597695390782	0.4892597695390782	11.24	0.0	283.0	288.46	647.4	-145.81	0	1
PROTOTYPE	005766	04/15/18	20:36:01	0.4892597695390782	0.4892597695390782	11.26	0.0	4.69689378757515	4.739948647294589	61.52	-50.51	0.4892597695390782	0.4892597695390782	11.26	0.0	299.0	290.04	671.83	146.06	0	1
