Dev_id	Index	Date	Time	Sensor1	Sensor1_Filter	Sensor1_LL	Sensor1_Diff	Sensor2	Sensor2_Filter	Sensor2_LL	Sensor2_Diff	Sensor3	Sensor3_Filter	Sensor3_LL	Sensor3_Diff	Sensor4	Sensor4_Filter	Sensor4_LL	Sensor4_Diff	Heater_Status	FSM_Status
PROTOTYPE	006767	04/15/18	20:59:29	0.4892597695390782	0.4892597695390782	11.26	-0.0	4.01193011022044	4.006058992985971	19.75	15.88	0.4892597695390782	0.4892597695390782	11.26	0.0	289.0	290.58	617.99	99.1	0	1
PROTOTYPE	006768	04/15/18	20:59:30	0.4892597695390782	0.4892597695390782	11.26	-0.0	4.01193011022044	4.00703751252505	17.85	13.5	0.4892597695390782	0.4892597695390782	11.26	0.0	279.0	288.84	740.41	-125.76	0	1
PROTOTYPE	006769	04/15/18	20:59:32	0.4892597695390782	0.4892597695390782	11.26	-0.0	4.01193011022044	4.008016032064129	16.33	11.47	0.4892597695390782	0.4892597695390782	11.26	0.0	291.0	289.16	639.3	-226.9	0	1
PROTOTYPE	006770	04/15/18	20:59:33	0.4892597695390782	0.4892597695390782	11.26	-0.0	4.01193011022044	4.008016032064129	15.13	9.75	0.4892597695390782	0.4892597695390782	11.26	0.0	299.0	290.64	690.34	17.14	0	1
PROTOTYPE	006771	04/15/18	20:59:34	0.4892597695390782	0.4892597695390782	11.27	-0.0	4.01193011022044	4.008994551603206	14.2	8.29	0.4892597695390782	0.4892597695390782	11.27	0.0	293.0	290.99	642.78	-30.43	0	1
PROTOTYPE	006772	04/15/18	20:59:36	0.4892597695390782	0.4892597695390782	11.3	-0.0	4.01193011022044	4.008994551603206	13.49	7.05	0.4892597695390782	0.4892597695390782	11.3	0.0	294.0	291.44	617.36	-55.87	0	1
PROTOTYPE	006773	04/15/18	20:59:37	0.4892597695390782	0.4892597695390782	11.31	-0.0	4.01193011022044	4.0099730711422845	12.94	5.99	0.4892597695390782	0.4892597695390782	11.31	0.0	295.0	291.98	535.65	132.51	0	1
PROTOTYPE	006774	04/15/18	20:59:39	0.4892597695390782	0.4892597695390782	11.31	-0.0	4.01193011022044	4.0099730711422845	12.52	5.09	0.4892597695390782	0.4892597695390782	11.31	0.0	295.0	292.43	560.75	157.63	0	1
PROTOTYPE	006775	04/15/18	20:59:40	0.4892597695390782	0.4892597695390782	11.31	-0.0	4.01193011022044	4.0099730711422845	12.2	4.33	0.4892597695390782	0.4892597695390782	11.31	0.0	295.0	292.82	571.45	223.99	0	1
PROTOTYPE	006776	04/15/18	20:59:41	0.4892597695390782	0.4892597695390782	11.32	-0.0	4.01193011022044	4.010951590681363	11.97	3.68	0.4892597695390782	0.4892597695390782	11.32	0.0	296.0	293.29	445.57	445.39	0	1
PROTOTYPE	006777	04/15/18	20:59:43	0.4892597695390782	0.4892597695390782	11.3	-0.0	4.01193011022044	4.010951590681363	11.77	3.13	0.4892597695390782	0.4892597695390782	11.3	0.0	289.0	292.65	477.56	348.58	0	1
PROTOTYPE	006778	04/15/18	20:59:44	0.4892597695390782	0.4892597695390782	11.29	-0.0	4.01193011022044	4.010951590681363	11.63	2.66	0.4892597695390782	0.4892597695390782	11.29	0.0	303.0	294.2	485.28	356.29	0	1
PROTOTYPE	006779	04/15/18	20:59:46	0.4892597695390782	0.4892597695390782	11.28	-0.0	4.01193011022044	4.010951590681363	11.53	2.26	0.4892597695390782	0.4892597695390782	11.28	0.0	279.0	291.92	677.88	92.85	0	1
PROTOTYPE	006780	04/15/18	20:59:47	0.4892597695390782	0.4892597695390782	11.28	-0.0	4.01193011022044	4.010951590681363	11.46	1.92	0.4892597695390782	0.4892597695390782	11.28	0.0	293.0	292.08	648.99	63.92	0	1
PROTOTYPE	006781	04/15/18	20:59:48	0.4892597695390782	0.4892597695390782	11.28	-0.0	4.01193011022044	4.010951590681363	11.41	1.63	0.4892597695390782	0.4892597695390782	11.28	0.0	288.0	291.47	656.91	-50.67	0	1
PROTOTYPE	006782	04/15/18	20:59:50	0.4892597695390782	0.4892597695390782	11.28	-0.0	4.01193011022044	4.010951590681363	11.37	1.39	0.4892597695390782	0.4892597695390782	11.28	0.0	300.0	292.75	739.5	31.93	0	1
PROTOTYPE	006783	04/15/18	20:59:51	0.4892597695390782	0.4892597695390782	11.27	-0.0	4.01193011022044	4.01193011022044	11.34	1.18	0.4892597695390782	0.4892597695390782	11.27	0.0	276.0	290.24	952.2	-257.86	0	1
PROTOTYPE	006784	04/15/18	20:59:53	0.4892597695390782	0.4892597695390782	11.27	-0.0	4.01193011022044	4.01193011022044	11.32	1.0	0.4892597695390782	0.4892597695390782	11.27	0.0	302.0	292.0	1080.87	-129.18	0	1
PROTOTYPE	006785	04/15/18	20:59:54	0.4892597695390782	0.4892597695390782	11.29	-0.0	4.01193011022044	4.01193011022044	11.32	0.85	0.4892597695390782	0.4892597695390782	11.29	0.0	291.0	291.85	1031.54	-79.8	0	1
PROTOTYPE	006786	04/15/18	20:59:56	0.4892597695390782	0.4892597695390782	11.28	-0.0	4.01193011022044	4.01193011022044	11.3	0.72	0.4892597695390782	0.4892597695390782	11.28	0.0	298.0	292.77	968.51	-142.83	0	1
PROTOTYPE	006787	04/15/18	20:59:57	0.4892597695390782	0.4892597695390782	11.27	-0.0	4.01193011022044	4.01193011022044	11.29	0.62	0.4892597695390782	0.4892597695390782	11.27	0.0	280.0	290.86	932.09	-106.41	0	1
PROTOTYPE	006788	04/15/18	20:59:58	0.4892597695390782	0.4892597695390782	11.25	-0.0	4.01193011022044	4.01193011022044	11.26	0.52	0.4892597695390782	0.4892597695390782	11.25	0.0	290.0	290.73	928.81	-135.45	0	1
PROTOTYPE	006789	04/15/18	21:00:00	0.4892597695390782	0.4892597695390782	11.28	-0.0	4.01193011022044	4.01193011022044	11.29	0.44	0.4892597695390782	0.4892597695390782	11.28	0.0	295.0	291.37	931.61	-10.13	0	1
PROTOTYPE	006790	04/15/18	21:00:01	0.4892597695390782	0.4892597695390782	11.29	-0.0	4.01193011022044	4.01193011022044	11.3	0.38	0.4892597695390782	0.4892597695390782	11.29	0.0	281.0	289.81	959.22	-293.61	0	1
PROTOTYPE	006791	04/15/18	21:00:03	0.4892597695390782	0.4892597695390782	11.28	-0.0	4.01193011022044	4.01193011022044	11.28	0.32	0.4892597695390782	0.4892597695390782	11.28	0.0	290.0	289.84	711.08	-39.57	0	1
PROTOTYPE	006792	04/15/18	21:00:04	0.4892597695390782	0.4892597695390782	11.27	-0.0	4.1097820641282565	4.026607903306613	24.95	15.27	0.4892597695390782	0.4892597695390782	11.27	0.0	294.0	290.47	597.02	-153.63	0	1
PROTOTYPE	006793	04/15/18	21:00:05	0.4892597695390782	0.4892597695390782	11.27	-0.0	4.1097820641282565	4.039328657314629	36.38	27.98	0.4892597695390782	0.4892597695390782	11.27	0.0	299.0	291.75	709.94	-10.59	0	1
PROTOTYPE	006794	04/15/18	21:00:07	0.4892597695390782	0.4892597695390782	11.27	-0.0	4.01193011022044	4.035414579158317	39.36	23.78	0.4892597695390782	0.4892597695390782	11.27	0.0	296.0	292.38	681.53	-39.0	0	1
PROTOTYPE	006795	04/15/18	21:00:08	0.4892597695390782	0.4892597695390782	11.29	-0.0	4.01193011022044	4.031500501002005	41.76	20.22	0.4892597695390782	0.4892597695390782	11.29	0.0	287.0	291.58	570.69	71.85	0	1
PROTOTYPE	006796	04/15/18	21:00:10	0.4892597695390782	0.4892597695390782	11.31	-0.0	4.01193011022044	4.02856494238477	43.68	17.18	0.4892597695390782	0.4892597695390782	11.31	0.0	274.0	288.94	821.4	-178.93	0	1
PROTOTYPE	006797	04/15/18	21:00:11	0.4892597695390782	0.4892597695390782	11.32	-0.0	4.1097820641282565	4.040307176853707	54.77	29.61	0.4892597695390782	0.4892597695390782	11.32	0.0	293.0	289.55	818.24	-182.09	0	1
PROTOTYPE	006798	04/15/18	21:00:12	0.4892597695390782	0.4892597695390782	11.3	-0.0	4.01193011022044	4.036393098697395	57.98	25.17	0.4892597695390782	0.4892597695390782	11.3	0.0	292.0	289.92	699.47	10.23	0	1
PROTOTYPE	006799	04/15/18	21:00:14	0.4892597695390782	0.4892597695390782	11.31	-0.0	4.01193011022044	4.032479020541082	60.6	21.39	0.4892597695390782	0.4892597695390782	11.31	0.0	300.0	291.43	847.62	158.69	0	1
PROTOTYPE	006800	04/15/18	21:00:15	0.4892597695390782	0.4892597695390782	11.31	-0.0	4.01193011022044	4.029543461923848	49.0	3.18	0.4892597695390782	0.4892597695390782	11.31	0.0	273.0	288.66	1061.68	-180.11	0	1
PROTOTYPE	006801	04/15/18	21:00:17	0.4892597695390782	0.4892597695390782	11.3	-0.0	4.01193011022044	4.026607903306613	39.21	-12.3	0.4892597695390782	0.4892597695390782	11.3	0.0	300.0	290.37	1103.69	-138.1	0	1
PROTOTYPE	006802	04/15/18	21:00:18	0.4892597695390782	0.4892597695390782	11.3	-0.0	4.1097820641282565	4.039328657314629	47.6	4.55	0.4892597695390782	0.4892597695390782	11.3	0.0	286.0	289.71	1105.36	-267.38	0	1
PROTOTYPE	006803	04/15/18	21:00:20	0.4892597695390782	0.4892597695390782	11.29	-0.0	4.1097820641282565	4.050092372244489	54.68	18.87	0.4892597695390782	0.4892597695390782	11.29	0.0	292.0	290.05	1058.96	-152.27	0	1
PROTOTYPE	006804	04/15/18	21:00:21	0.4892597695390782	0.4892597695390782	11.28	-0.0	4.1097820641282565	4.058899048096192	60.64	31.04	0.4892597695390782	0.4892597695390782	11.28	0.0	294.0	290.65	854.51	170.57	0	1
PROTOTYPE	006805	04/15/18	21:00:22	0.4892597695390782	0.4892597695390782	11.23	-0.0	4.01193011022044	4.0520494113226455	55.45	11.38	0.4892597695390782	0.4892597695390782	11.23	0.0	289.0	290.4	818.32	84.98	0	1
PROTOTYPE	006806	04/15/18	21:00:24	0.4892597695390782	0.4892597695390782	11.24	-0.0	4.01193011022044	4.046178294088176	57.1	9.67	0.4892597695390782	0.4892597695390782	11.24	0.0	288.0	290.04	817.54	12.23	0	1
PROTOTYPE	006807	04/15/18	21:00:25	0.4892597695390782	0.4892597695390782	11.25	-0.0	4.01193011022044	4.040307176853707	58.49	8.22	0.4892597695390782	0.4892597695390782	11.25	0.0	300.0	291.53	815.71	10.4	0	1
PROTOTYPE	006808	04/15/18	21:00:27	0.4892597695390782	0.4892597695390782	11.24	-0.0	4.01193011022044	4.036393098697395	59.64	6.99	0.4892597695390782	0.4892597695390782	11.24	0.0	296.0	292.2	606.28	353.84	0	1
PROTOTYPE	006809	04/15/18	21:00:28	0.4892597695390782	0.4892597695390782	11.24	-0.0	4.1097820641282565	4.047156813627255	67.91	20.94	0.4892597695390782	0.4892597695390782	11.24	0.0	282.0	290.67	589.3	30.76	0	1
PROTOTYPE	006810	04/15/18	21:00:29	0.4892597695390782	0.4892597695390782	11.27	-0.0	4.1097820641282565	4.0569420090180355	64.8	17.8	0.39140781563126253	0.4745819764529058	24.91	-15.0	285.0	289.82	608.92	11.15	0	1
PROTOTYPE	006811	04/15/18	21:00:31	0.4892597695390782	0.4892597695390782	11.26	-0.0	4.1097820641282565	4.064770165330661	62.16	15.13	0.4892597695390782	0.4765390155310621	26.14	-12.75	288.0	289.55	601.9	-50.52	0	1
PROTOTYPE	006812	04/15/18	21:00:32	0.4892597695390782	0.4892597695390782	11.24	0.0	4.01193011022044	4.0569420090180355	61.1	-2.14	0.4892597695390782	0.47849605460921835	27.1	-10.84	278.0	287.82	715.93	-282.94	0	1
PROTOTYPE	006813	04/15/18	21:00:34	0.4892597695390782	0.4892597695390782	11.25	0.0	4.1097820641282565	4.064770165330661	62.0	13.18	0.4892597695390782	0.48045309368737477	27.85	-9.21	294.0	288.74	783.97	-165.5	0	1
PROTOTYPE	006814	04/15/18	21:00:35	0.4892597695390782	0.4892597695390782	11.24	0.0	4.1097820641282565	4.071619802104208	62.75	26.2	0.4892597695390782	0.48143161322645295	28.41	-7.83	292.0	289.23	796.82	-80.68	0	1
PROTOTYPE	006815	04/15/18	21:00:36	0.4892597695390782	0.4892597695390782	11.22	0.0	4.1097820641282565	4.077490919338677	63.39	37.27	0.4892597695390782	0.482410132765531	28.82	-6.66	289.0	289.2	651.15	-233.58	0	1
PROTOTYPE	006816	04/15/18	21:00:38	0.4892597695390782	0.4892597695390782	11.23	0.0	4.1097820641282565	4.082383517034068	63.93	46.68	0.4892597695390782	0.48338865230460926	29.15	-5.66	291.0	289.47	611.21	-273.54	0	1
PROTOTYPE	006817	04/15/18	21:00:39	0.4892597695390782	0.4892597695390782	11.24	0.0	4.1097820641282565	4.086297595190381	57.07	39.68	0.4892597695390782	0.48436717184368744	29.39	-4.81	276.0	287.45	660.18	-322.51	0	1
PROTOTYPE	006818	04/15/18	21:00:41	0.4892597695390782	0.4892597695390782	11.21	0.0	4.1097820641282565	4.090211673346693	51.27	33.73	0.4892597695390782	0.4853456913827655	15.9	10.91	291.0	287.98	628.38	-184.13	0	1
PROTOTYPE	006819	04/15/18	21:00:42	0.4892597695390782	0.4892597695390782	11.2	0.0	4.1097820641282565	4.093147231963928	46.39	28.67	0.4892597695390782	0.4863242109218437	14.77	9.28	288.0	287.98	602.44	-156.51	0	1
PROTOTYPE	006820	04/15/18	21:00:43	0.4892597695390782	0.4892597695390782	11.2	0.0	4.1097820641282565	4.095104271042084	41.13	39.37	0.4892597695390782	0.4863242109218437	13.89	7.88	301.0	289.94	624.46	211.96	0	1
PROTOTYPE	006821	04/15/18	21:00:45	0.4892597695390782	0.4892597695390782	11.19	0.0	4.1097820641282565	4.097061310120241	35.51	33.46	0.4892597695390782	0.4863242109218437	13.21	6.7	286.0	289.35	590.75	60.17	0	1
PROTOTYPE	006822	04/15/18	21:00:46	0.4892597695390782	0.4892597695390782	11.2	0.0	4.1097820641282565	4.0990183491983965	30.82	28.44	0.4892597695390782	0.48730273046092193	12.7	5.7	288.0	289.14	562.11	-8.86	0	1
PROTOTYPE	006823	04/15/18	21:00:48	0.4892597695390782	0.4892597695390782	11.22	0.0	4.1097820641282565	4.100975388276552	26.92	24.18	0.4892597695390782	0.48730273046092193	12.32	4.84	283.0	288.22	650.53	-97.53	0	1
PROTOTYPE	006824	04/15/18	21:00:49	0.4892597695390782	0.4892597695390782	11.22	0.0	4.1097820641282565	4.101953907815631	23.7	20.55	0.4892597695390782	0.48730273046092193	12.03	4.12	291.0	288.64	665.15	-82.9	0	1
PROTOTYPE	006825	04/15/18	21:00:50	0.4892597695390782	0.4892597695390782	11.21	0.0	4.1097820641282565	4.10293242735471	21.04	17.47	0.4892597695390782	0.48828125	11.8	3.5	298.0	290.04	603.55	259.54	0	1
PROTOTYPE	006826	04/15/18	21:00:52	0.4892597695390782	0.4892597695390782	11.2	0.0	4.1097820641282565	4.103910946893787	18.88	14.85	0.4892597695390782	0.48828125	11.63	2.97	299.0	291.39	684.61	340.61	0	1
PROTOTYPE	006827	04/15/18	21:00:53	0.4892597695390782	0.4892597695390782	11.21	0.0	4.1097820641282565	4.104889466432866	17.15	12.62	0.4892597695390782	0.48828125	11.52	2.53	285.0	290.43	778.99	244.52	0	1
PROTOTYPE	006828	04/15/18	21:00:55	0.4892597695390782	0.4892597695390782	11.24	0.0	4.1097820641282565	4.105867985971944	15.79	10.73	0.4892597695390782	0.48828125	11.47	2.15	284.0	289.46	680.18	-47.16	0	1
PROTOTYPE	006829	04/15/18	21:00:56	0.4892597695390782	0.4892597695390782	11.24	0.0	4.1097820641282565	4.1068465055110215	14.7	9.12	0.4892597695390782	0.48828125	11.4	1.83	290.0	289.54	629.28	19.91	0	1
PROTOTYPE	006830	04/15/18	21:00:57	0.4892597695390782	0.4892597695390782	11.26	0.0	4.1097820641282565	4.1068465055110215	13.86	7.75	0.4892597695390782	0.48828125	11.38	1.55	287.0	289.16	647.25	1.93	0	1
PROTOTYPE	006831	04/15/18	21:00:59	0.4892597695390782	0.4892597695390782	11.25	0.0	4.1097820641282565	4.1078250250501	13.2	6.59	0.4892597695390782	0.4892597695390782	11.34	1.32	294.0	289.89	627.65	166.64	0	1
PROTOTYPE	006832	04/15/18	21:01:00	0.4892597695390782	0.4892597695390782	11.26	0.0	4.1097820641282565	4.1078250250501	12.71	5.6	0.4892597695390782	0.4892597695390782	11.32	1.12	295.0	290.66	662.64	201.64	0	1
PROTOTYPE	006833	04/15/18	21:01:02	0.4892597695390782	0.4892597695390782	11.26	0.0	4.1097820641282565	4.1078250250501	12.33	4.76	0.4892597695390782	0.4892597695390782	11.3	0.95	280.0	289.06	682.05	-98.61	0	1
PROTOTYPE	006834	04/15/18	21:01:03	0.4892597695390782	0.4892597695390782	11.26	0.0	4.1097820641282565	4.1078250250501	12.04	4.05	0.4892597695390782	0.4892597695390782	11.29	0.81	293.0	289.65	606.85	-173.81	0	1
PROTOTYPE	006835	04/15/18	21:01:04	0.4892597695390782	0.4892597695390782	11.26	0.0	4.1097820641282565	4.108803544589179	11.83	3.44	0.4892597695390782	0.4892597695390782	11.28	0.69	300.0	291.2	666.33	77.26	0	1
PROTOTYPE	006836	04/15/18	21:01:06	0.4892597695390782	0.4892597695390782	11.23	0.0	4.1097820641282565	4.108803544589179	11.65	2.92	0.4892597695390782	0.4892597695390782	11.25	0.59	291.0	291.17	573.21	170.67	0	1
PROTOTYPE	006837	04/15/18	21:01:07	0.4892597695390782	0.4892597695390782	11.21	0.0	4.1097820641282565	4.108803544589179	11.51	2.48	0.4892597695390782	0.4892597695390782	11.22	0.5	302.0	292.8	727.49	325.07	0	1
PROTOTYPE	006838	04/15/18	21:01:09	0.4892597695390782	0.4892597695390782	11.18	0.0	4.1097820641282565	4.108803544589179	11.4	2.11	0.4892597695390782	0.4892597695390782	11.19	0.42	290.0	292.38	731.25	321.31	0	1
PROTOTYPE	006839	04/15/18	21:01:10	0.4892597695390782	0.4892597695390782	11.2	0.0	4.1097820641282565	4.108803544589179	11.36	1.8	0.4892597695390782	0.4892597695390782	11.2	0.36	298.0	293.22	743.05	333.11	0	1
PROTOTYPE	006840	04/15/18	21:01:11	0.4892597695390782	0.4892597695390782	11.21	0.0	4.1097820641282565	4.108803544589179	11.33	1.53	0.4892597695390782	0.4892597695390782	11.21	0.31	298.0	293.94	738.09	328.15	0	1
PROTOTYPE	006841	04/15/18	21:01:13	0.4892597695390782	0.4892597695390782	11.21	0.0	4.1097820641282565	4.1097820641282565	11.29	1.3	0.4892597695390782	0.4892597695390782	11.21	0.26	278.0	291.55	817.3	248.92	0	1
PROTOTYPE	006842	04/15/18	21:01:14	0.4892597695390782	0.4892597695390782	11.25	0.0	4.1097820641282565	4.1097820641282565	11.31	1.1	0.4892597695390782	0.4892597695390782	11.25	0.22	286.0	290.71	841.35	106.59	0	1
PROTOTYPE	006843	04/15/18	21:01:16	0.4892597695390782	0.4892597695390782	11.26	0.0	4.1097820641282565	4.1097820641282565	11.3	0.94	0.4892597695390782	0.4892597695390782	11.26	0.19	302.0	292.41	855.36	120.6	0	1
PROTOTYPE	006844	04/15/18	21:01:17	0.4892597695390782	0.4892597695390782	11.28	0.0	4.1097820641282565	4.1097820641282565	11.31	0.8	0.4892597695390782	0.4892597695390782	11.28	0.16	298.0	293.25	935.94	207.51	0	1
PROTOTYPE	006845	04/15/18	21:01:19	0.4892597695390782	0.4892597695390782	11.31	0.0	4.207634018036073	4.124459857214429	25.02	15.68	0.4892597695390782	0.4892597695390782	11.31	0.14	288.0	292.46	852.2	-33.62	0	1
PROTOTYPE	006846	04/15/18	21:01:20	0.4892597695390782	0.4892597695390782	11.32	0.0	4.1097820641282565	4.122502818136272	26.24	13.33	0.4892597695390782	0.4892597695390782	11.32	0.12	283.0	291.04	952.15	-133.58	0	1
PROTOTYPE	006847	04/15/18	21:01:21	0.4892597695390782	0.4892597695390782	11.31	0.0	4.1097820641282565	4.120545779058117	27.17	11.33	0.4892597695390782	0.4892597695390782	11.31	0.1	289.0	290.73	898.41	-248.54	0	1
PROTOTYPE	006848	04/15/18	21:01:23	0.4892597695390782	0.4892597695390782	11.29	0.0	4.1097820641282565	4.11858873997996	27.87	9.63	0.4892597695390782	0.4892597695390782	11.29	0.08	297.0	291.67	920.69	-226.26	0	1
PROTOTYPE	006849	04/15/18	21:01:24	0.4892597695390782	0.4892597695390782	11.31	0.0	4.1097820641282565	4.1176102204408815	28.43	8.18	0.4892597695390782	0.4892597695390782	11.31	0.07	283.0	290.37	811.75	-117.32	0	1
PROTOTYPE	006850	04/15/18	21:01:26	0.4892597695390782	0.4892597695390782	11.27	0.0	4.1097820641282565	4.116631700901803	28.8	6.96	0.4892597695390782	0.4892597695390782	11.27	0.06	292.0	290.62	752.99	-9.72	0	1
PROTOTYPE	006851	04/15/18	21:01:27	0.4892597695390782	0.4892597695390782	11.26	0.0	4.1097820641282565	4.115653181362726	29.1	5.91	0.4892597695390782	0.4892597695390782	11.26	0.05	295.0	291.27	649.46	-113.26	0	1
PROTOTYPE	006852	04/15/18	21:01:28	0.4892597695390782	0.4892597695390782	11.26	0.0	4.1097820641282565	4.114674661823647	29.33	5.03	0.4892597695390782	0.4892597695390782	11.26	0.04	287.0	290.63	629.69	-261.27	0	1
PROTOTYPE	006853	04/15/18	21:01:30	0.4892597695390782	0.4892597695390782	11.24	0.0	4.1097820641282565	4.113696142284569	15.79	-10.73	0.4892597695390782	0.4892597695390782	11.24	0.04	297.0	291.59	646.49	-87.08	0	1
PROTOTYPE	006854	04/15/18	21:01:31	0.4892597695390782	0.4892597695390782	11.25	0.0	4.1097820641282565	4.112717622745491	14.7	-9.12	0.4892597695390782	0.4892597695390782	11.25	0.03	292.0	291.65	510.93	60.98	0	1
PROTOTYPE	006855	04/15/18	21:01:33	0.4892597695390782	0.4892597695390782	11.24	0.0	4.1097820641282565	4.112717622745491	13.84	-7.75	0.4892597695390782	0.4892597695390782	11.24	0.03	299.0	292.75	590.56	201.83	0	1
PROTOTYPE	006856	04/15/18	21:01:34	0.4892597695390782	0.4892597695390782	11.25	0.0	4.1097820641282565	4.111739103206413	13.2	-6.59	0.4892597695390782	0.4892597695390782	11.25	0.02	289.0	292.19	552.87	51.56	0	1
PROTOTYPE	006857	04/15/18	21:01:35	0.4892597695390782	0.4892597695390782	11.25	0.0	4.1097820641282565	4.111739103206413	12.7	-5.6	0.4892597695390782	0.4892597695390782	11.25	0.02	285.0	291.11	530.6	73.82	0	1
PROTOTYPE	006858	04/15/18	21:01:37	0.4892597695390782	0.4892597695390782	11.26	0.0	4.1097820641282565	4.111739103206413	12.33	-4.76	0.4892597695390782	0.4892597695390782	11.26	0.02	297.0	291.99	594.5	137.75	0	1
PROTOTYPE	006859	04/15/18	21:01:38	0.4892597695390782	0.4892597695390782	11.27	0.0	4.1097820641282565	4.111739103206413	12.05	-4.05	0.4892597695390782	0.4892597695390782	11.27	0.01	288.0	291.4	588.67	12.09	0	1
PROTOTYPE	006860	04/15/18	21:01:40	0.4892597695390782	0.4892597695390782	11.26	0.0	4.1097820641282565	4.110760583667334	11.83	-3.44	0.4892597695390782	0.4892597695390782	11.26	0.01	285.0	290.44	620.48	-19.73	0	1
PROTOTYPE	006861	04/15/18	21:01:41	0.4892597695390782	0.4892597695390782	11.3	0.0	4.1097820641282565	4.110760583667334	11.72	-2.92	0.4892597695390782	0.4892597695390782	11.3	0.01	273.0	287.82	786.52	-376.77	0	1
PROTOTYPE	006862	04/15/18	21:01:42	0.4892597695390782	0.4892597695390782	11.29	0.0	4.1097820641282565	4.110760583667334	11.59	-2.48	0.4892597695390782	0.4892597695390782	11.29	0.01	291.0	288.3	827.89	-335.25	0	1
PROTOTYPE	006863	04/15/18	21:01:44	0.4892597695390782	0.4892597695390782	11.28	0.0	4.1097820641282565	4.110760583667334	11.5	-2.11	0.4892597695390782	0.4892597695390782	11.28	0.01	288.0	288.25	722.31	-449.96	0	1
PROTOTYPE	006864	04/15/18	21:01:45	0.4892597695390782	0.4892597695390782	11.28	0.0	4.1097820641282565	4.110760583667334	11.44	-1.8	0.4892597695390782	0.4892597695390782	11.28	0.01	292.0	288.81	722.23	-337.47	0	1
PROTOTYPE	006865	04/15/18	21:01:47	0.4892597695390782	0.4892597695390782	11.26	0.0	4.1097820641282565	4.110760583667334	11.37	-1.53	0.4892597695390782	0.4892597695390782	11.26	0.01	294.0	289.59	692.16	-151.85	0	1
PROTOTYPE	006866	04/15/18	21:01:48	0.4892597695390782	0.4892597695390782	11.26	0.0	4.1097820641282565	4.1097820641282565	11.34	-1.3	0.4892597695390782	0.4892597695390782	11.26	0.0	287.0	289.2	642.73	-279.07	0	1
PROTOTYPE	006867	04/15/18	21:01:50	0.4892597695390782	0.4892597695390782	11.26	0.0	4.1097820641282565	4.1097820641282565	11.32	-1.1	0.4892597695390782	0.4892597695390782	11.26	0.0	300.0	290.82	744.75	-57.21	0	1
PROTOTYPE	006868	04/15/18	21:01:51	0.4892597695390782	0.4892597695390782	11.27	0.0	4.1097820641282565	4.1097820641282565	11.31	-0.94	0.4892597695390782	0.4892597695390782	11.27	0.0	291.0	290.85	651.81	41.37	0	1
PROTOTYPE	006869	04/15/18	21:01:52	0.4892597695390782	0.4892597695390782	11.23	0.0	4.1097820641282565	4.1097820641282565	11.26	-0.8	0.4892597695390782	0.4892597695390782	11.23	0.0	282.0	289.52	523.02	170.17	0	1
PROTOTYPE	006870	04/15/18	21:01:54	0.4892597695390782	0.4892597695390782	11.22	0.0	4.1097820641282565	4.1097820641282565	11.24	-0.68	0.4892597695390782	0.4892597695390782	11.22	0.0	287.0	289.14	513.17	84.64	0	1
PROTOTYPE	006871	04/15/18	21:01:55	0.4892597695390782	0.4892597695390782	11.23	0.0	4.1097820641282565	4.1097820641282565	11.24	-0.58	0.4892597695390782	0.4892597695390782	11.23	0.0	290.0	289.27	521.41	101.94	0	1
PROTOTYPE	006872	04/15/18	21:01:57	0.4892597695390782	0.4892597695390782	11.21	0.0	4.1097820641282565	4.1097820641282565	11.22	-0.49	0.4892597695390782	0.4892597695390782	11.21	0.0	289.0	289.23	469.5	41.65	0	1
PROTOTYPE	006873	04/15/18	21:01:58	0.4892597695390782	0.4892597695390782	11.22	0.0	4.1097820641282565	4.1097820641282565	11.23	-0.42	0.4892597695390782	0.4892597695390782	11.22	0.0	279.0	287.7	545.19	-189.6	0	1
PROTOTYPE	006874	04/15/18	21:01:59	0.4892597695390782	0.4892597695390782	11.22	0.0	4.1097820641282565	4.1097820641282565	11.22	-0.35	0.4892597695390782	0.4892597695390782	11.22	0.0	297.0	289.09	645.83	-11.16	0	1
PROTOTYPE	006875	04/15/18	21:02:01	0.4892597695390782	0.4892597695390782	11.21	0.0	4.1097820641282565	4.1097820641282565	11.21	-0.3	0.4892597695390782	0.4892597695390782	11.21	0.0	301.0	290.88	662.51	5.52	0	1
PROTOTYPE	006876	04/15/18	21:02:02	0.4892597695390782	0.4892597695390782	11.2	0.0	4.1097820641282565	4.1097820641282565	11.2	-0.26	0.4892597695390782	0.4892597695390782	11.2	0.0	300.0	292.25	796.33	139.69	0	1
PROTOTYPE	006877	04/15/18	21:02:04	0.4892597695390782	0.4892597695390782	11.2	0.0	4.1097820641282565	4.1097820641282565	11.2	-0.22	0.4892597695390782	0.4892597695390782	11.2	0.0	291.0	292.06	682.33	253.74	0	1
PROTOTYPE	006878	04/15/18	21:02:05	0.4892597695390782	0.4892597695390782	11.21	0.0	4.1097820641282565	4.1097820641282565	11.21	-0.18	0.4892597695390782	0.4892597695390782	11.21	0.0	299.0	293.1	748.59	395.68	0	1
PROTOTYPE	006879	04/15/18	21:02:06	0.4892597695390782	0.4892597695390782	11.21	0.0	4.1097820641282565	4.1097820641282565	11.21	-0.16	0.4892597695390782	0.4892597695390782	11.21	0.0	299.0	293.99	824.17	471.32	0	1
PROTOTYPE	006880	04/15/18	21:02:08	0.4892597695390782	0.4892597695390782	11.21	0.0	4.1097820641282565	4.1097820641282565	11.21	-0.13	0.4892597695390782	0.4892597695390782	11.21	0.0	280.0	291.89	1029.64	265.63	0	1
PROTOTYPE	006881	04/15/18	21:02:09	0.4892597695390782	0.4892597695390782	11.2	0.0	4.1097820641282565	4.1097820641282565	11.2	-0.11	0.4892597695390782	0.4892597695390782	11.2	0.0	287.0	291.15	949.49	345.78	0	1
PROTOTYPE	006882	04/15/18	21:02:11	0.4892597695390782	0.4892597695390782	11.2	0.0	4.1097820641282565	4.1097820641282565	11.2	-0.1	0.4892597695390782	0.4892597695390782	11.2	0.0	288.0	290.68	857.28	158.91	0	1
PROTOTYPE	006883	04/15/18	21:02:12	0.4892597695390782	0.4892597695390782	11.18	0.0	4.1097820641282565	4.1097820641282565	11.18	-0.08	0.4892597695390782	0.4892597695390782	11.18	0.0	290.0	290.58	688.97	-29.92	0	1
PROTOTYPE	006884	04/15/18	21:02:13	0.4892597695390782	0.4892597695390782	11.19	0.0	4.1097820641282565	4.1097820641282565	11.19	-0.07	0.4892597695390782	0.4892597695390782	11.19	0.0	295.0	291.24	618.47	-100.43	0	1
PROTOTYPE	006885	04/15/18	21:02:15	0.4892597695390782	0.4892597695390782	11.21	0.0	4.1097820641282565	4.1097820641282565	11.21	-0.06	0.4892597695390782	0.4892597695390782	11.21	0.0	285.0	290.31	693.36	-175.37	0	1
PROTOTYPE	006886	04/15/18	21:02:16	0.4892597695390782	0.4892597695390782	11.21	0.0	4.1097820641282565	4.1097820641282565	11.21	-0.05	0.4892597695390782	0.4892597695390782	11.21	0.0	286.0	289.66	653.85	-344.06	0	1
PROTOTYPE	006887	04/15/18	21:02:18	0.4892597695390782	0.4892597695390782	11.22	0.0	4.1097820641282565	4.1097820641282565	11.22	-0.04	0.4892597695390782	0.4892597695390782	11.22	0.0	282.0	288.51	680.26	-547.45	0	1
PROTOTYPE	006888	04/15/18	21:02:19	0.4892597695390782	0.4892597695390782	11.23	0.0	4.1097820641282565	4.1097820641282565	11.23	-0.04	0.4892597695390782	0.4892597695390782	11.23	0.0	291.0	288.88	507.83	-300.34	0	1
PROTOTYPE	006889	04/15/18	21:02:20	0.4892597695390782	0.4892597695390782	11.22	0.0	4.207634018036073	4.124459857214429	24.89	14.97	0.4892597695390782	0.4892597695390782	11.22	0.0	285.0	288.3	492.78	-285.29	0	1
PROTOTYPE	006890	04/15/18	21:02:22	0.4892597695390782	0.4892597695390782	11.21	0.0	4.1097820641282565	4.122502818136272	26.14	12.72	0.4892597695390782	0.4892597695390782	11.21	0.0	293.0	289.01	515.93	-167.49	0	1
PROTOTYPE	006891	04/15/18	21:02:23	0.4892597695390782	0.4892597695390782	11.22	0.0	4.1097820641282565	4.120545779058117	27.12	10.82	0.4892597695390782	0.4892597695390782	11.22	0.0	300.0	290.66	670.53	7.63	0	1
PROTOTYPE	006892	04/15/18	21:02:25	0.4892597695390782	0.4892597695390782	11.2	0.0	4.1097820641282565	4.11858873997996	27.85	9.19	0.4892597695390782	0.4892597695390782	11.2	0.0	300.0	292.06	744.37	81.49	0	1
PROTOTYPE	006893	04/15/18	21:02:26	0.4892597695390782	0.4892597695390782	11.17	0.0	4.1097820641282565	4.1176102204408815	28.39	7.81	0.4892597695390782	0.4892597695390782	11.17	0.0	294.0	292.35	679.9	204.26	0	1
PROTOTYPE	006894	04/15/18	21:02:27	0.4892597695390782	0.4892597695390782	11.19	0.0	4.1097820641282565	4.116631700901803	28.83	6.64	0.4892597695390782	0.4892597695390782	11.19	0.0	294.0	292.6	640.11	293.62	0	1
PROTOTYPE	006895	04/15/18	21:02:29	0.4892597695390782	0.4892597695390782	11.16	0.0	4.1097820641282565	4.115653181362726	29.13	5.65	0.4892597695390782	0.4892597695390782	11.16	0.0	274.0	289.81	804.15	129.58	0	1
PROTOTYPE	006896	04/15/18	21:02:30	0.4892597695390782	0.4892597695390782	11.15	0.0	4.1097820641282565	4.114674661823647	29.36	4.8	0.4892597695390782	0.4892597695390782	11.15	0.0	289.0	289.69	778.97	80.14	0	1
PROTOTYPE	006897	04/15/18	21:02:32	0.4892597695390782	0.4892597695390782	11.15	0.0	4.1097820641282565	4.113696142284569	15.86	-10.92	0.4892597695390782	0.4892597695390782	11.15	0.0	285.0	288.98	790.99	68.12	0	1
PROTOTYPE	006898	04/15/18	21:02:33	0.4892597695390782	0.4892597695390782	11.16	0.0	4.1097820641282565	4.112717622745491	14.74	-9.28	0.4892597695390782	0.4892597695390782	11.16	0.0	287.0	288.69	750.28	-32.1	0	1
PROTOTYPE	006899	04/15/18	21:02:34	0.4892597695390782	0.4892597695390782	11.17	0.0	4.1097820641282565	4.112717622745491	13.87	-7.89	0.4892597695390782	0.4892597695390782	11.17	0.0	296.0	289.78	695.1	-87.28	0	1
PROTOTYPE	006900	04/15/18	21:02:36	0.4892597695390782	0.4892597695390782	11.18	0.0	4.207634018036073	4.127395415831663	26.36	8.29	0.4892597695390782	0.4892597695390782	11.18	0.0	296.0	290.72	648.19	-134.19	0	1
PROTOTYPE	006901	04/15/18	21:02:37	0.4892597695390782	0.4892597695390782	11.2	0.0	4.1097820641282565	4.124459857214429	27.38	7.05	0.4892597695390782	0.4892597695390782	11.2	0.0	295.0	291.36	683.3	-99.06	0	1
PROTOTYPE	006902	04/15/18	21:02:39	0.4892597695390782	0.4892597695390782	11.2	0.0	4.207634018036073	4.137180611222445	38.38	20.99	0.4892597695390782	0.4892597695390782	11.2	0.0	296.0	292.05	728.14	-54.2	0	1
PROTOTYPE	006903	04/15/18	21:02:40	0.4892597695390782	0.4892597695390782	11.22	0.0	4.207634018036073	4.147944326152305	47.62	32.84	0.4892597695390782	0.4892597695390782	11.22	0.0	291.0	291.9	465.06	208.93	0	1
PROTOTYPE	006904	04/15/18	21:02:41	0.4892597695390782	0.4892597695390782	11.25	0.0	4.1097820641282565	4.142073208917836	51.93	27.92	0.4892597695390782	0.4892597695390782	11.25	0.0	292.0	291.91	454.99	222.59	0	1
PROTOTYPE	006905	04/15/18	21:02:43	0.4892597695390782	0.4892597695390782	11.26	0.0	4.207634018036073	4.1518584043086175	60.55	38.73	0.4892597695390782	0.4892597695390782	11.26	0.0	293.0	292.07	401.07	309.2	0	1
PROTOTYPE	006906	04/15/18	21:02:44	0.4892597695390782	0.4892597695390782	11.26	0.0	4.1097820641282565	4.14500876753507	65.6	32.92	0.4892597695390782	0.4892597695390782	11.26	0.0	288.0	291.46	432.44	277.82	0	1
PROTOTYPE	006907	04/15/18	21:02:46	0.4892597695390782	0.4892597695390782	11.27	0.0	4.1097820641282565	4.140116169839679	69.74	27.98	0.4892597695390782	0.4892597695390782	11.27	0.0	298.0	292.44	420.76	266.15	0	1
PROTOTYPE	006908	04/15/18	21:02:47	0.4892597695390782	0.4892597695390782	11.26	0.0	4.1097820641282565	4.135223572144289	59.96	8.78	0.4892597695390782	0.4892597695390782	11.26	0.0	288.0	291.78	394.17	106.23	0	1
PROTOTYPE	006909	04/15/18	21:02:48	0.4892597695390782	0.4892597695390782	11.26	0.0	4.1097820641282565	4.131309493987976	61.17	7.47	0.4892597695390782	0.4892597695390782	11.26	0.0	297.0	292.56	408.24	120.29	0	1
PROTOTYPE	006910	04/15/18	21:02:50	0.4892597695390782	0.4892597695390782	11.26	0.0	4.1097820641282565	4.128373935370741	51.97	-8.65	0.4892597695390782	0.4892597695390782	11.26	0.0	286.0	291.58	437.01	-47.75	0	1
PROTOTYPE	006911	04/15/18	21:02:51	0.4892597695390782	0.4892597695390782	11.26	0.0	4.1097820641282565	4.1254383767535066	44.2	-22.36	0.4892597695390782	0.4892597695390782	11.26	0.0	292.0	291.64	427.64	-25.59	0	1
PROTOTYPE	006912	04/15/18	21:02:53	0.4892597695390782	0.4892597695390782	11.25	0.0	4.1097820641282565	4.123481337675351	41.05	-19.0	0.4892597695390782	0.4892597695390782	11.25	0.0	299.0	292.74	535.94	83.25	0	1
PROTOTYPE	006913	04/15/18	21:02:54	0.4892597695390782	0.4892597695390782	11.26	0.0	4.207634018036073	4.1362020916833675	43.88	-16.15	0.4892597695390782	0.4892597695390782	11.26	0.0	289.0	292.18	575.73	10.76	0	1
PROTOTYPE	006914	04/15/18	21:02:55	0.4892597695390782	0.4892597695390782	11.25	0.0	4.1097820641282565	4.132288013527054	41.55	-13.73	0.4892597695390782	0.4892597695390782	11.25	0.0	289.0	291.71	562.35	24.15	0	1
PROTOTYPE	006915	04/15/18	21:02:57	0.4892597695390782	0.4892597695390782	11.25	0.0	4.207634018036073	4.143051728456914	47.59	3.33	0.4892597695390782	0.4892597695390782	11.25	0.0	286.0	290.85	549.89	-159.47	0	1
PROTOTYPE	006916	04/15/18	21:02:58	0.4892597695390782	0.4892597695390782	11.26	0.0	4.207634018036073	4.152836923847695	52.71	17.83	0.4892597695390782	0.4892597695390782	11.26	0.0	295.0	291.47	545.48	-30.55	0	1
PROTOTYPE	006917	04/15/18	21:03:00	0.4892597695390782	0.4892597695390782	11.27	0.0	4.1097820641282565	4.146965806613227	55.29	15.16	0.4892597695390782	0.4892597695390782	11.27	0.0	293.0	291.7	490.1	-85.97	0	1
PROTOTYPE	006918	04/15/18	21:03:01	0.4892597695390782	0.4892597695390782	11.24	0.0	4.1097820641282565	4.141094689378758	57.44	12.88	0.4892597695390782	0.4892597695390782	11.24	0.0	279.0	289.8	582.2	-178.07	0	1
PROTOTYPE	006919	04/15/18	21:03:02	0.4892597695390782	0.4892597695390782	11.25	0.0	4.1097820641282565	4.1362020916833675	59.25	10.95	0.4892597695390782	0.4892597695390782	11.25	0.0	292.0	290.13	608.79	-151.36	0	1
PROTOTYPE	006920	04/15/18	21:03:04	0.4892597695390782	0.4892597695390782	11.24	0.0	4.207634018036073	4.146965806613227	67.47	24.31	0.4892597695390782	0.4892597695390782	11.24	0.0	297.0	291.16	601.49	-158.66	0	1
PROTOTYPE	006921	04/15/18	21:03:05	0.4892597695390782	0.4892597695390782	11.24	0.0	4.207634018036073	4.155772482464929	63.86	20.66	0.4892597695390782	0.4892597695390782	11.24	0.0	288.0	290.68	592.7	-149.86	0	1
PROTOTYPE	006922	04/15/18	21:03:07	0.4892597695390782	0.4892597695390782	11.25	0.0	4.1097820641282565	4.1489228456913825	66.86	17.56	0.4892597695390782	0.4892597695390782	11.25	0.0	275.0	288.33	780.2	-337.38	0	1
PROTOTYPE	006923	04/15/18	21:03:08	0.4892597695390782	0.4892597695390782	11.24	0.0	4.1097820641282565	4.143051728456914	61.37	-0.07	0.4892597695390782	0.4892597695390782	11.24	0.0	297.0	289.63	824.65	-121.77	0	1
PROTOTYPE	006924	04/15/18	21:03:09	0.4892597695390782	0.4892597695390782	11.24	0.0	4.1097820641282565	4.138159130761523	56.73	-15.06	0.4892597695390782	0.4892597695390782	11.24	0.0	291.0	289.84	782.95	-163.51	0	1
PROTOTYPE	006925	04/15/18	21:03:11	0.4892597695390782	0.4892597695390782	11.21	0.0	4.207634018036073	4.1489228456913825	60.69	2.2	0.4892597695390782	0.4892597695390782	11.21	0.0	293.0	290.31	807.45	-138.98	0	1
PROTOTYPE	006926	04/15/18	21:03:12	0.4892597695390782	0.4892597695390782	11.22	0.0	4.1097820641282565	4.143051728456914	61.01	1.87	0.4892597695390782	0.4892597695390782	11.22	0.0	293.0	290.71	657.28	91.87	0	1
PROTOTYPE	006927	04/15/18	21:03:14	0.4892597695390782	0.4892597695390782	11.22	0.0	4.1097820641282565	4.138159130761523	61.28	1.59	0.4892597695390782	0.4892597695390782	11.22	0.0	290.0	290.61	635.0	48.09	0	1
PROTOTYPE	006928	04/15/18	21:03:15	0.4892597695390782	0.4892597695390782	11.22	0.0	4.1097820641282565	4.1332665330661325	54.78	-13.65	0.4892597695390782	0.4892597695390782	11.22	0.0	282.0	289.32	661.01	-184.13	0	1
PROTOTYPE	006929	04/15/18	21:03:17	0.4892597695390782	0.4892597695390782	11.22	0.0	4.207634018036073	4.14500876753507	56.81	-11.6	0.4892597695390782	0.4892597695390782	11.22	0.0	293.0	289.87	668.9	-81.51	0	1
PROTOTYPE	006930	04/15/18	21:03:18	0.4892597695390782	0.4892597695390782	11.22	0.0	4.1097820641282565	4.139137650300601	55.11	-9.86	0.4892597695390782	0.4892597695390782	11.22	0.0	285.0	289.14	506.68	80.72	0	1
PROTOTYPE	006931	04/15/18	21:03:19	0.4892597695390782	0.4892597695390782	11.22	0.0	4.207634018036073	4.149901365230461	59.45	6.62	0.4892597695390782	0.4892597695390782	11.22	0.0	298.0	290.47	509.57	83.61	0	1
PROTOTYPE	006932	04/15/18	21:03:21	0.4892597695390782	0.4892597695390782	11.23	0.0	4.207634018036073	4.158708041082164	63.13	20.62	0.4892597695390782	0.4892597695390782	11.23	0.0	287.0	289.95	541.04	11.07	0	1
PROTOTYPE	006933	04/15/18	21:03:22	0.4892597695390782	0.4892597695390782	11.25	0.0	4.1097820641282565	4.150879884769539	59.98	2.53	0.4892597695390782	0.4892597695390782	11.25	0.0	284.0	289.06	582.8	-125.59	0	1
PROTOTYPE	006934	04/15/18	21:03:24	0.4892597695390782	0.4892597695390782	11.26	0.0	4.207634018036073	4.1596865606212425	62.64	17.15	0.4892597695390782	0.4892597695390782	11.26	0.0	293.0	289.65	601.63	-106.75	0	1
PROTOTYPE	006935	04/15/18	21:03:25	0.4892597695390782	0.4892597695390782	11.25	0.0	4.1097820641282565	4.1518584043086175	65.15	14.58	0.4892597695390782	0.4892597695390782	11.25	0.0	282.0	288.5	705.53	-210.74	0	1
PROTOTYPE	006936	04/15/18	21:03:26	0.4892597695390782	0.4892597695390782	11.25	0.0	4.207634018036073	4.160665080160321	69.25	27.39	0.4892597695390782	0.4892597695390782	11.25	0.0	290.0	288.73	598.95	-59.13	0	1
PROTOTYPE	006937	04/15/18	21:03:28	0.4892597695390782	0.4892597695390782	11.24	0.0	4.207634018036073	4.1675147169338675	65.19	23.28	0.4892597695390782	0.4892597695390782	11.24	0.0	295.0	289.67	637.81	-20.26	0	1
PROTOTYPE	006938	04/15/18	21:03:29	0.4892597695390782	0.4892597695390782	11.25	0.0	4.207634018036073	4.173385834168336	65.96	34.79	0.4892597695390782	0.4892597695390782	11.25	0.0	295.0	290.47	644.79	132.78	0	1
PROTOTYPE	006939	04/15/18	21:03:31	0.4892597695390782	0.4892597695390782	11.27	0.0	4.207634018036073	4.178278431863728	60.83	29.57	0.4892597695390782	0.4892597695390782	11.27	0.0	287.0	289.95	563.87	-52.14	0	1
PROTOTYPE	006940	04/15/18	21:03:32	0.4892597695390782	0.4892597695390782	11.27	0.0	4.207634018036073	4.1831710295591185	56.51	25.14	0.4892597695390782	0.4892597695390782	11.27	0.0	285.0	289.2	586.04	-74.32	0	1
PROTOTYPE	006941	04/15/18	21:03:33	0.4892597695390782	0.4892597695390782	11.28	0.0	4.207634018036073	4.187085107715431	52.95	36.37	0.4892597695390782	0.4892597695390782	11.28	0.0	287.0	288.87	529.92	-18.17	0	1
PROTOTYPE	006942	04/15/18	21:03:35	0.4892597695390782	0.4892597695390782	11.26	0.0	4.207634018036073	4.190020666332665	47.67	30.91	0.4892597695390782	0.4892597695390782	11.26	0.0	298.0	290.24	607.63	59.56	0	1
PROTOTYPE	006943	04/15/18	21:03:36	0.4892597695390782	0.4892597695390782	11.26	0.0	4.207634018036073	4.1929562249499	42.98	41.27	0.4892597695390782	0.4892597695390782	11.26	0.0	293.0	290.66	534.3	215.62	0	1
PROTOTYPE	006944	04/15/18	21:03:38	0.4892597695390782	0.4892597695390782	11.26	0.0	4.207634018036073	4.194913264028056	37.06	35.08	0.4892597695390782	0.4892597695390782	11.26	0.0	283.0	289.51	626.61	78.28	0	1
PROTOTYPE	006945	04/15/18	21:03:39	0.4892597695390782	0.4892597695390782	11.25	0.0	4.207634018036073	4.196870303106213	32.11	29.82	0.4892597695390782	0.4892597695390782	11.25	0.0	295.0	290.33	614.87	66.54	0	1
PROTOTYPE	006946	04/15/18	21:03:40	0.4892597695390782	0.4892597695390782	11.24	0.0	4.207634018036073	4.1988273421843685	27.98	25.35	0.4892597695390782	0.4892597695390782	11.24	0.0	294.0	290.88	589.89	41.56	0	1
PROTOTYPE	006947	04/15/18	21:03:42	0.4892597695390782	0.4892597695390782	11.24	0.0	4.207634018036073	4.199805861723447	24.58	21.55	0.4892597695390782	0.4892597695390782	11.24	0.0	292.0	291.05	554.71	110.32	0	1
PROTOTYPE	006948	04/15/18	21:03:43	0.4892597695390782	0.4892597695390782	11.22	0.0	4.207634018036073	4.200784381262525	21.76	18.31	0.4892597695390782	0.4892597695390782	11.22	0.0	291.0	291.04	482.08	183.77	0	1
PROTOTYPE	006949	04/15/18	21:03:45	0.4892597695390782	0.4892597695390782	11.21	0.0	4.207634018036073	4.2017629008016035	19.47	15.57	0.4892597695390782	0.4892597695390782	11.21	0.0	297.0	291.94	538.36	306.21	0	1
PROTOTYPE	006950	04/15/18	21:03:46	0.4892597695390782	0.4892597695390782	11.23	0.0	4.305485971943888	4.2174192134268536	31.91	28.23	0.4892597695390782	0.4892597695390782	11.23	0.0	294.0	292.25	432.45	200.28	0	1
PROTOTYPE	006951	04/15/18	21:03:47	0.4892597695390782	0.4892597695390782	11.22	0.0	4.207634018036073	4.216440693887776	30.9	24.0	0.4892597695390782	0.4892597695390782	11.22	0.0	300.0	293.41	507.4	275.24	0	1
PROTOTYPE	006952	04/15/18	21:03:49	0.4892597695390782	0.4892597695390782	11.23	0.0	4.207634018036073	4.214483654809619	30.09	20.4	0.4892597695390782	0.4892597695390782	11.23	0.0	288.0	292.6	473.69	308.95	0	1
PROTOTYPE	006953	04/15/18	21:03:50	0.4892597695390782	0.4892597695390782	11.25	0.0	4.207634018036073	4.213505135270542	29.46	17.34	0.4892597695390782	0.4892597695390782	11.25	0.0	300.0	293.71	502.34	337.61	0	1
PROTOTYPE	006954	04/15/18	21:03:52	0.4892597695390782	0.4892597695390782	11.25	0.0	4.207634018036073	4.212526615731463	28.96	14.74	0.4892597695390782	0.4892597695390782	11.25	0.0	290.0	293.15	502.93	226.97	0	1
PROTOTYPE	006955	04/15/18	21:03:53	0.4892597695390782	0.4892597695390782	11.23	0.0	4.207634018036073	4.211548096192384	28.55	12.53	0.4892597695390782	0.4892597695390782	11.23	0.0	294.0	293.28	498.9	222.92	0	1
PROTOTYPE	006956	04/15/18	21:03:54	0.4892597695390782	0.4892597695390782	11.26	0.0	4.207634018036073	4.211548096192384	28.28	10.65	0.4892597695390782	0.4892597695390782	11.26	0.0	287.0	292.34	591.52	129.48	0	1
PROTOTYPE	006957	04/15/18	21:03:56	0.4892597695390782	0.4892597695390782	11.26	0.0	4.207634018036073	4.210569576653307	28.05	9.05	0.4892597695390782	0.4892597695390782	11.26	0.0	288.0	291.69	567.21	-24.94	0	1
PROTOTYPE	006958	04/15/18	21:03:57	0.4892597695390782	0.4892597695390782	11.25	0.0	4.207634018036073	4.210569576653307	13.6	-7.31	0.4892597695390782	0.4892597695390782	11.25	0.0	278.0	289.63	741.52	-261.2	0	1
PROTOTYPE	006959	04/15/18	21:03:59	0.4892597695390782	0.4892597695390782	11.25	0.0	4.207634018036073	4.2095910571142285	13.0	-6.21	0.4892597695390782	0.4892597695390782	11.25	0.0	283.0	288.64	724.71	-477.02	0	1
PROTOTYPE	006960	04/15/18	21:04:00	0.4892597695390782	0.4892597695390782	11.26	0.0	4.207634018036073	4.2095910571142285	12.55	-5.28	0.4892597695390782	0.4892597695390782	11.26	0.0	293.0	289.29	709.0	-330.47	0	1
PROTOTYPE	006961	04/15/18	21:04:02	0.4892597695390782	0.4892597695390782	11.26	0.0	4.207634018036073	4.2095910571142285	12.21	-4.49	0.4892597695390782	0.4892597695390782	11.26	0.0	299.0	290.75	743.57	-295.9	0	1
PROTOTYPE	006962	04/15/18	21:04:03	0.4892597695390782	0.4892597695390782	11.26	0.0	4.207634018036073	4.20861253757515	11.96	-3.81	0.4892597695390782	0.4892597695390782	11.26	0.0	275.0	288.39	924.17	-476.51	0	1
PROTOTYPE	006963	04/15/18	21:04:04	0.4892597695390782	0.4892597695390782	11.25	0.0	4.207634018036073	4.20861253757515	11.76	-3.24	0.4892597695390782	0.4892597695390782	11.25	0.0	293.0	289.08	980.59	-420.03	0	1
PROTOTYPE	006964	04/15/18	21:04:06	0.4892597695390782	0.4892597695390782	11.23	0.0	4.305485971943888	4.223290330661322	25.07	12.24	0.4892597695390782	0.4892597695390782	11.23	0.0	282.0	288.02	992.58	-432.03	0	1
PROTOTYPE	006965	04/15/18	21:04:07	0.4892597695390782	0.4892597695390782	11.22	0.0	4.207634018036073	4.221333291583166	26.34	10.41	0.4892597695390782	0.4892597695390782	11.22	0.0	295.0	289.06	1032.27	-262.23	0	1
PROTOTYPE	006966	04/15/18	21:04:09	0.4892597695390782	0.4892597695390782	11.23	0.0	4.305485971943888	4.234054045591183	37.89	23.85	0.4892597695390782	0.4892597695390782	11.23	0.0	299.0	290.55	976.01	92.11	0	1
