Dev_id	Index	Date	Time	Sensor1	Sensor1_Filter	Sensor1_LL	Sensor1_Diff	Sensor2	Sensor2_Filter	Sensor2_LL	Sensor2_Diff	Sensor3	Sensor3_Filter	Sensor3_LL	Sensor3_Diff	Sensor4	Sensor4_Filter	Sensor4_LL	Sensor4_Diff	Heater_Status	FSM_Status
PROTOTYPE	006967	04/15/18	21:04:10	0.4892597695390782	0.4892597695390782	11.24	0.0	4.207634018036073	4.230139967434869	40.66	20.27	0.4892597695390782	0.4892597695390782	11.24	0.0	301.0	292.12	1033.18	348.29	0	1
PROTOTYPE	006968	04/15/18	21:04:11	0.4892597695390782	0.4892597695390782	11.22	0.0	4.207634018036073	4.226225889278557	42.87	17.23	0.4892597695390782	0.4892597695390782	11.22	0.0	282.0	290.6	1119.57	131.05	0	1
PROTOTYPE	006969	04/15/18	21:04:13	0.4892597695390782	0.4892597695390782	11.19	0.0	4.207634018036073	4.223290330661322	44.62	14.64	0.4892597695390782	0.4892597695390782	11.19	0.0	280.0	289.01	1133.01	-173.61	0	1
PROTOTYPE	006970	04/15/18	21:04:14	0.4892597695390782	0.4892597695390782	11.2	0.0	4.207634018036073	4.221333291583166	46.02	12.45	0.4892597695390782	0.4892597695390782	11.2	0.0	287.0	288.71	927.0	32.43	0	1
PROTOTYPE	006971	04/15/18	21:04:16	0.4892597695390782	0.4892597695390782	11.23	0.0	4.207634018036073	4.21937625250501	47.13	10.58	0.4892597695390782	0.4892597695390782	11.23	0.0	293.0	289.35	922.13	27.57	0	1
PROTOTYPE	006972	04/15/18	21:04:17	0.4892597695390782	0.4892597695390782	11.25	0.0	4.207634018036073	4.2174192134268536	34.52	-6.01	0.4892597695390782	0.4892597695390782	11.25	0.0	292.0	289.75	855.66	173.43	0	1
PROTOTYPE	006973	04/15/18	21:04:18	0.4892597695390782	0.4892597695390782	11.26	0.0	4.207634018036073	4.216440693887776	33.8	-5.11	0.4892597695390782	0.4892597695390782	11.26	0.0	286.0	289.19	807.19	12.42	0	1
PROTOTYPE	006974	04/15/18	21:04:20	0.4892597695390782	0.4892597695390782	11.26	0.0	4.207634018036073	4.214483654809619	22.67	-19.34	0.4892597695390782	0.4892597695390782	11.26	0.0	296.0	290.21	760.33	-34.45	0	1
PROTOTYPE	006975	04/15/18	21:04:21	0.4892597695390782	0.4892597695390782	11.27	0.0	4.207634018036073	4.213505135270542	20.23	-16.44	0.4892597695390782	0.4892597695390782	11.27	0.0	284.0	289.28	696.8	-284.28	0	1
PROTOTYPE	006976	04/15/18	21:04:23	0.4892597695390782	0.4892597695390782	11.27	0.0	4.207634018036073	4.212526615731463	18.24	-13.97	0.4892597695390782	0.4892597695390782	11.27	0.0	300.0	290.89	705.8	28.36	0	1
PROTOTYPE	006977	04/15/18	21:04:24	0.4892597695390782	0.4892597695390782	11.29	0.0	4.207634018036073	4.211548096192384	16.65	-11.88	0.4892597695390782	0.4892597695390782	11.29	0.0	296.0	291.65	623.46	264.11	0	1
PROTOTYPE	006978	04/15/18	21:04:25	0.4892597695390782	0.4892597695390782	11.27	0.0	4.207634018036073	4.211548096192384	15.36	-10.1	0.4892597695390782	0.4892597695390782	11.27	0.0	300.0	292.91	718.43	419.49	0	1
PROTOTYPE	006979	04/15/18	21:04:27	0.4892597695390782	0.4892597695390782	11.28	0.0	4.207634018036073	4.210569576653307	14.38	-8.58	0.4892597695390782	0.4892597695390782	11.28	0.0	280.0	290.97	847.67	161.57	0	1
PROTOTYPE	006980	04/15/18	21:04:28	0.4892597695390782	0.4892597695390782	11.28	0.0	4.207634018036073	4.210569576653307	13.61	-7.29	0.4892597695390782	0.4892597695390782	11.28	0.0	292.0	291.12	823.48	137.33	0	1
PROTOTYPE	006981	04/15/18	21:04:30	0.4892597695390782	0.4892597695390782	11.28	0.0	4.207634018036073	4.2095910571142285	13.02	-6.2	0.4892597695390782	0.4892597695390782	11.28	0.0	293.0	291.41	795.36	221.73	0	1
PROTOTYPE	006982	04/15/18	21:04:31	0.4892597695390782	0.4892597695390782	11.26	0.0	4.207634018036073	4.2095910571142285	12.55	-5.27	0.4892597695390782	0.4892597695390782	11.26	0.0	298.0	292.39	792.1	218.47	0	1
PROTOTYPE	006983	04/15/18	21:04:32	0.4892597695390782	0.4892597695390782	11.26	0.0	4.207634018036073	4.2095910571142285	12.21	-4.48	0.4892597695390782	0.4892597695390782	11.26	0.0	279.0	290.39	899.87	110.7	0	1
PROTOTYPE	006984	04/15/18	21:04:34	0.4892597695390782	0.4892597695390782	11.26	0.0	4.207634018036073	4.20861253757515	11.96	-3.81	0.4892597695390782	0.4892597695390782	11.26	0.0	279.0	288.68	909.83	-220.9	0	1
PROTOTYPE	006985	04/15/18	21:04:35	0.4892597695390782	0.4892597695390782	11.27	0.0	4.207634018036073	4.20861253757515	11.78	-3.24	0.4892597695390782	0.4892597695390782	11.27	0.0	275.0	286.63	1038.29	-502.77	0	1
PROTOTYPE	006986	04/15/18	21:04:37	0.4892597695390782	0.4892597695390782	11.28	0.0	4.207634018036073	4.20861253757515	11.65	-2.75	0.4892597695390782	0.4892597695390782	11.28	0.0	286.0	286.53	922.59	-637.35	0	1
PROTOTYPE	006987	04/15/18	21:04:38	0.4892597695390782	0.4892597695390782	11.25	0.0	4.207634018036073	4.20861253757515	11.52	-2.34	0.4892597695390782	0.4892597695390782	11.25	0.0	291.0	287.2	796.03	-376.75	0	1
PROTOTYPE	006988	04/15/18	21:04:40	0.4892597695390782	0.4892597695390782	11.23	0.0	4.1097820641282565	4.193934744488978	25.21	-16.99	0.4892597695390782	0.4892597695390782	11.23	0.0	303.0	289.57	1017.48	-155.24	0	1
PROTOTYPE	006989	04/15/18	21:04:41	0.4892597695390782	0.4892597695390782	11.22	0.0	4.207634018036073	4.195891783567134	26.3	-14.44	0.4892597695390782	0.4892597695390782	11.22	0.0	292.0	289.94	1025.76	-146.95	0	1
PROTOTYPE	006990	04/15/18	21:04:42	0.4892597695390782	0.4892597695390782	11.25	0.0	4.207634018036073	4.197848822645291	27.17	-12.27	0.4892597695390782	0.4892597695390782	11.25	0.0	292.0	290.25	957.82	-214.91	0	1
PROTOTYPE	006991	04/15/18	21:04:44	0.4892597695390782	0.4892597695390782	11.23	0.0	4.207634018036073	4.1988273421843685	27.81	-10.43	0.4892597695390782	0.4892597695390782	11.23	0.0	278.0	288.41	940.59	-197.67	0	1
PROTOTYPE	006992	04/15/18	21:04:45	0.4892597695390782	0.4892597695390782	11.25	0.0	4.207634018036073	4.200784381262525	28.32	-8.87	0.4892597695390782	0.4892597695390782	11.25	0.0	302.0	290.45	973.67	176.98	0	1
PROTOTYPE	006993	04/15/18	21:04:47	0.4892597695390782	0.4892597695390782	11.23	0.0	4.207634018036073	4.2017629008016035	28.68	-7.54	0.4892597695390782	0.4892597695390782	11.23	0.0	287.0	289.93	820.23	330.43	0	1
PROTOTYPE	006994	04/15/18	21:04:48	0.4892597695390782	0.4892597695390782	11.23	0.0	4.207634018036073	4.202741420340682	28.96	-6.41	0.4892597695390782	0.4892597695390782	11.23	0.0	287.0	289.49	854.71	295.87	0	1
PROTOTYPE	006995	04/15/18	21:04:49	0.4892597695390782	0.4892597695390782	11.23	0.0	4.207634018036073	4.202741420340682	29.17	-5.45	0.4892597695390782	0.4892597695390782	11.23	0.0	295.0	290.32	870.33	311.49	0	1
PROTOTYPE	006996	04/15/18	21:04:51	0.4892597695390782	0.4892597695390782	11.22	0.0	4.207634018036073	4.20371993987976	15.52	10.37	0.4892597695390782	0.4892597695390782	11.22	0.0	298.0	291.47	748.61	189.76	0	1
PROTOTYPE	006997	04/15/18	21:04:52	0.4892597695390782	0.4892597695390782	11.23	0.0	4.207634018036073	4.204698459418838	14.49	8.82	0.4892597695390782	0.4892597695390782	11.23	0.0	300.0	292.75	840.13	281.3	0	1
PROTOTYPE	006998	04/15/18	21:04:54	0.4892597695390782	0.4892597695390782	11.23	0.0	4.207634018036073	4.204698459418838	13.69	7.49	0.4892597695390782	0.4892597695390782	11.23	0.0	299.0	293.69	902.91	344.1	0	1
PROTOTYPE	006999	04/15/18	21:04:55	0.4892597695390782	0.4892597695390782	11.24	0.0	4.207634018036073	4.205676978957915	13.07	6.37	0.4892597695390782	0.4892597695390782	11.24	0.0	283.0	292.08	879.53	367.49	0	1
PROTOTYPE	007000	04/15/18	21:04:56	0.4892597695390782	0.4892597695390782	11.24	0.0	4.207634018036073	4.205676978957915	12.6	5.41	0.4892597695390782	0.4892597695390782	11.24	0.0	299.0	293.12	779.41	267.37	0	1
PROTOTYPE	007001	04/15/18	21:04:58	0.4892597695390782	0.4892597695390782	11.26	0.0	4.207634018036073	4.205676978957915	12.26	4.6	0.4892597695390782	0.4892597695390782	11.26	0.0	285.0	291.9	849.5	197.26	0	1
PROTOTYPE	007002	04/15/18	21:04:59	0.4892597695390782	0.4892597695390782	11.28	0.0	4.1097820641282565	4.191977705410823	25.38	-11.09	0.4892597695390782	0.4892597695390782	11.28	0.0	280.0	290.12	984.07	62.67	0	1
PROTOTYPE	007003	04/15/18	21:05:01	0.4892597695390782	0.4892597695390782	11.3	0.0	4.1097820641282565	4.179256951402805	36.37	-24.43	0.4892597695390782	0.4892597695390782	11.3	0.0	294.0	290.7	959.68	38.27	0	1
PROTOTYPE	007004	04/15/18	21:05:02	0.4892597695390782	0.4892597695390782	11.33	0.0	4.1097820641282565	4.168493236472946	45.57	-35.76	0.4892597695390782	0.4892597695390782	11.33	0.0	290.0	290.59	855.02	-87.47	0	1
PROTOTYPE	007005	04/15/18	21:05:03	0.4892597695390782	0.4892597695390782	11.32	0.0	4.207634018036073	4.174364353707415	50.15	-30.4	0.4892597695390782	0.4892597695390782	11.32	0.0	281.0	289.16	870.99	-359.35	0	1
PROTOTYPE	007006	04/15/18	21:05:05	0.4892597695390782	0.4892597695390782	11.31	0.0	4.1097820641282565	4.164579158316633	58.69	-40.84	0.4892597695390782	0.4892597695390782	11.31	0.0	285.0	288.53	839.57	-515.45	0	1
PROTOTYPE	007007	04/15/18	21:05:06	0.4892597695390782	0.4892597695390782	11.39	0.0	4.1097820641282565	4.1567510020040075	65.81	-49.71	0.4892597695390782	0.4892597695390782	11.39	0.0	302.0	290.55	881.28	-153.13	0	1
PROTOTYPE	007008	04/15/18	21:05:08	0.4892597695390782	0.4892597695390782	11.36	0.0	4.207634018036073	4.164579158316633	72.28	-42.26	0.4892597695390782	0.4892597695390782	11.36	0.0	301.0	292.12	934.25	-100.16	0	1
PROTOTYPE	007009	04/15/18	21:05:09	0.4892597695390782	0.4892597695390782	11.34	0.0	4.1097820641282565	4.155772482464929	79.31	-50.92	0.4892597695390782	0.4892597695390782	11.34	0.0	288.0	291.5	874.23	-40.14	0	1
PROTOTYPE	007010	04/15/18	21:05:11	0.4892597695390782	0.4892597695390782	11.32	0.0	4.207634018036073	4.163600638777555	72.52	-28.28	0.4892597695390782	0.4892597695390782	11.32	0.0	287.0	290.83	763.22	70.88	0	1
PROTOTYPE	007011	04/15/18	21:05:12	0.4892597695390782	0.4892597695390782	11.29	0.0	4.207634018036073	4.170450275551102	66.77	-9.04	0.4892597695390782	0.4892597695390782	11.29	0.0	295.0	291.45	767.59	75.25	0	1
PROTOTYPE	007012	04/15/18	21:05:13	0.4892597695390782	0.4892597695390782	11.26	0.0	4.207634018036073	4.176321392785571	61.89	7.32	0.4892597695390782	0.4892597695390782	11.26	0.0	302.0	293.03	915.21	243.96	0	1
PROTOTYPE	007013	04/15/18	21:05:15	0.4892597695390782	0.4892597695390782	11.26	0.0	4.207634018036073	4.181213990480962	60.83	6.22	0.4892597695390782	0.4892597695390782	11.26	0.0	285.0	291.83	891.81	267.37	0	1
PROTOTYPE	007014	04/15/18	21:05:16	0.4892597695390782	0.4892597695390782	11.24	0.0	4.207634018036073	4.185128068637274	55.14	20.29	0.4892597695390782	0.4892597695390782	11.24	0.0	295.0	292.3	877.03	377.26	0	1
PROTOTYPE	007015	04/15/18	21:05:18	0.4892597695390782	0.4892597695390782	11.17	0.0	4.1097820641282565	4.173385834168336	58.14	17.24	0.4892597695390782	0.4892597695390782	11.17	0.0	295.0	292.71	715.46	215.67	0	1
PROTOTYPE	007016	04/15/18	21:05:19	0.4892597695390782	0.4892597695390782	11.18	0.0	4.207634018036073	4.178278431863728	55.61	14.66	0.4892597695390782	0.4892597695390782	11.18	0.0	283.0	291.25	704.39	-86.68	0	1
PROTOTYPE	007017	04/15/18	21:05:20	0.4892597695390782	0.4892597695390782	11.2	0.0	4.207634018036073	4.1831710295591185	51.8	27.46	0.4892597695390782	0.4892597695390782	11.2	0.0	288.0	290.76	691.39	-73.68	0	1
PROTOTYPE	007018	04/15/18	21:05:22	0.4892597695390782	0.4892597695390782	11.22	0.0	4.207634018036073	4.187085107715431	47.82	23.34	0.4892597695390782	0.4892597695390782	11.22	0.0	296.0	291.55	702.39	72.38	0	1
PROTOTYPE	007019	04/15/18	21:05:23	0.4892597695390782	0.4892597695390782	11.23	0.0	4.207634018036073	4.190020666332665	44.47	19.84	0.4892597695390782	0.4892597695390782	11.23	0.0	296.0	292.22	706.53	76.52	0	1
PROTOTYPE	007020	04/15/18	21:05:25	0.4892597695390782	0.4892597695390782	11.24	0.0	4.1097820641282565	4.178278431863728	50.94	1.86	0.4892597695390782	0.4892597695390782	11.24	0.0	295.0	292.64	590.07	-39.96	0	1
PROTOTYPE	007021	04/15/18	21:05:26	0.4892597695390782	0.4892597695390782	11.23	0.0	4.207634018036073	4.18219251002004	50.67	1.58	0.4892597695390782	0.4892597695390782	11.23	0.0	292.0	292.54	479.17	71.04	0	1
PROTOTYPE	007022	04/15/18	21:05:27	0.4892597695390782	0.4892597695390782	11.25	0.0	4.207634018036073	4.1861065881763535	50.46	1.35	0.4892597695390782	0.4892597695390782	11.25	0.0	291.0	292.31	454.73	0.38	0	1
PROTOTYPE	007023	04/15/18	21:05:29	0.4892597695390782	0.4892597695390782	11.24	0.0	4.207634018036073	4.189042146793588	42.46	16.14	0.4892597695390782	0.4892597695390782	11.24	0.0	283.0	290.91	553.92	-179.68	0	1
PROTOTYPE	007024	04/15/18	21:05:30	0.4892597695390782	0.4892597695390782	11.24	0.0	4.207634018036073	4.191977705410823	40.18	13.72	0.4892597695390782	0.4892597695390782	11.24	0.0	290.0	290.78	422.04	-47.73	0	1
PROTOTYPE	007025	04/15/18	21:05:32	0.4892597695390782	0.4892597695390782	11.23	0.0	4.207634018036073	4.193934744488978	38.29	11.66	0.4892597695390782	0.4892597695390782	11.23	0.0	294.0	291.26	421.61	49.43	0	1
PROTOTYPE	007026	04/15/18	21:05:33	0.4892597695390782	0.4892597695390782	11.2	0.0	4.207634018036073	4.196870303106213	36.71	9.91	0.4892597695390782	0.4892597695390782	11.2	0.0	289.0	290.92	376.99	-62.98	0	1
PROTOTYPE	007027	04/15/18	21:05:34	0.4892597695390782	0.4892597695390782	11.2	0.0	4.207634018036073	4.197848822645291	35.43	8.43	0.4892597695390782	0.4892597695390782	11.2	0.0	293.0	291.23	341.45	-98.53	0	1
PROTOTYPE	007028	04/15/18	21:05:36	0.4892597695390782	0.4892597695390782	11.19	0.0	4.207634018036073	4.199805861723447	25.1	22.16	0.4892597695390782	0.4892597695390782	11.19	0.0	293.0	291.5	326.24	-113.75	0	1
PROTOTYPE	007029	04/15/18	21:05:37	0.4892597695390782	0.4892597695390782	11.22	0.0	4.207634018036073	4.200784381262525	22.21	18.84	0.4892597695390782	0.4892597695390782	11.22	0.0	290.0	291.27	339.13	-126.69	0	1
PROTOTYPE	007030	04/15/18	21:05:39	0.4892597695390782	0.4892597695390782	11.21	0.0	4.207634018036073	4.2017629008016035	19.83	16.01	0.4892597695390782	0.4892597695390782	11.21	0.0	299.0	292.43	431.9	12.31	0	1
PROTOTYPE	007031	04/15/18	21:05:40	0.4892597695390782	0.4892597695390782	11.21	0.0	4.207634018036073	4.202741420340682	17.91	13.61	0.4892597695390782	0.4892597695390782	11.21	0.0	291.0	292.22	313.79	130.47	0	1
PROTOTYPE	007032	04/15/18	21:05:41	0.4892597695390782	0.4892597695390782	11.21	0.0	4.207634018036073	4.20371993987976	16.37	11.57	0.4892597695390782	0.4892597695390782	11.21	0.0	303.0	293.83	461.78	305.9	0	1
PROTOTYPE	007033	04/15/18	21:05:43	0.4892597695390782	0.4892597695390782	11.22	0.0	4.207634018036073	4.20371993987976	15.16	9.83	0.4892597695390782	0.4892597695390782	11.22	0.0	291.0	293.41	455.93	215.01	0	1
PROTOTYPE	007034	04/15/18	21:05:44	0.4892597695390782	0.4892597695390782	11.24	0.0	4.207634018036073	4.204698459418838	14.22	8.36	0.4892597695390782	0.4892597695390782	11.24	0.0	300.0	294.4	520.88	347.76	0	1
PROTOTYPE	007035	04/15/18	21:05:46	0.4892597695390782	0.4892597695390782	11.25	0.0	4.207634018036073	4.204698459418838	13.48	7.11	0.4892597695390782	0.4892597695390782	11.25	0.0	284.0	292.84	645.64	160.6	0	1
PROTOTYPE	007036	04/15/18	21:05:47	0.4892597695390782	0.4892597695390782	11.26	0.0	4.207634018036073	4.205676978957915	12.92	6.04	0.4892597695390782	0.4892597695390782	11.26	0.0	299.0	293.76	711.52	226.51	0	1
PROTOTYPE	007037	04/15/18	21:05:48	0.4892597695390782	0.4892597695390782	11.24	0.0	4.207634018036073	4.205676978957915	12.47	5.13	0.4892597695390782	0.4892597695390782	11.24	0.0	288.0	292.9	775.46	162.53	0	1
PROTOTYPE	007038	04/15/18	21:05:50	0.4892597695390782	0.4892597695390782	11.23	0.0	4.207634018036073	4.205676978957915	12.14	4.36	0.4892597695390782	0.4892597695390782	11.23	0.0	291.0	292.61	688.05	18.15	0	1
PROTOTYPE	007039	04/15/18	21:05:51	0.4892597695390782	0.4892597695390782	11.24	0.0	4.207634018036073	4.206655498496994	11.9	3.71	0.4892597695390782	0.4892597695390782	11.24	0.0	287.0	291.77	750.74	-44.57	0	1
PROTOTYPE	007040	04/15/18	21:05:53	0.4892597695390782	0.4892597695390782	11.24	0.0	4.207634018036073	4.206655498496994	11.72	3.15	0.4892597695390782	0.4892597695390782	11.24	0.0	287.0	291.06	660.58	-277.89	0	1
PROTOTYPE	007041	04/15/18	21:05:54	0.4892597695390782	0.4892597695390782	11.24	0.0	4.207634018036073	4.206655498496994	11.59	2.68	0.4892597695390782	0.4892597695390782	11.24	0.0	291.0	291.05	619.68	-236.2	0	1
PROTOTYPE	007042	04/15/18	21:05:55	0.4892597695390782	0.4892597695390782	11.23	0.0	4.207634018036073	4.206655498496994	11.49	2.28	0.4892597695390782	0.4892597695390782	11.23	0.0	296.0	291.79	595.11	-260.77	0	1
PROTOTYPE	007043	04/15/18	21:05:57	0.4892597695390782	0.4892597695390782	11.21	0.0	4.207634018036073	4.206655498496994	11.4	1.94	0.4892597695390782	0.4892597695390782	11.21	0.0	278.0	289.72	645.99	-311.66	0	1
PROTOTYPE	007044	04/15/18	21:05:58	0.4892597695390782	0.4892597695390782	11.23	0.0	4.207634018036073	4.206655498496994	11.36	1.65	0.4892597695390782	0.4892597695390782	11.23	0.0	280.0	288.26	699.39	-549.91	0	1
PROTOTYPE	007045	04/15/18	21:06:00	0.4892597695390782	0.4892597695390782	11.22	0.0	4.207634018036073	4.206655498496994	11.32	1.4	0.4892597695390782	0.4892597695390782	11.22	0.0	292.0	288.82	669.0	-407.42	0	1
PROTOTYPE	007046	04/15/18	21:06:01	0.4892597695390782	0.4892597695390782	11.23	0.0	4.207634018036073	4.207634018036073	11.3	1.19	0.4892597695390782	0.4892597695390782	11.23	0.0	294.0	289.6	718.15	-301.31	0	1
PROTOTYPE	007047	04/15/18	21:06:02	0.4892597695390782	0.4892597695390782	11.24	0.0	4.207634018036073	4.207634018036073	11.29	1.01	0.4892597695390782	0.4892597695390782	11.24	0.0	286.0	289.06	687.96	-271.11	0	1
PROTOTYPE	007048	04/15/18	21:06:04	0.4892597695390782	0.4892597695390782	11.26	0.0	4.305485971943888	4.222311811122244	25.0	15.86	0.4892597695390782	0.4892597695390782	11.26	0.0	292.0	289.5	660.5	-155.45	0	1
PROTOTYPE	007049	04/15/18	21:06:05	0.4892597695390782	0.4892597695390782	11.25	0.0	4.305485971943888	4.234054045591183	36.45	28.48	0.4892597695390782	0.4892597695390782	11.25	0.0	294.0	290.18	726.35	-87.13	0	1
PROTOTYPE	007050	04/15/18	21:06:07	0.4892597695390782	0.4892597695390782	11.25	0.0	4.305485971943888	4.244817760521042	46.01	39.21	0.4892597695390782	0.4892597695390782	11.25	0.0	290.0	290.15	655.04	-164.06	0	1
PROTOTYPE	007051	04/15/18	21:06:08	0.4892597695390782	0.4892597695390782	11.26	0.0	4.207634018036073	4.239925162825651	50.53	33.33	0.4892597695390782	0.4892597695390782	11.26	0.0	299.0	291.48	580.94	175.55	0	1
PROTOTYPE	007052	04/15/18	21:06:10	0.4892597695390782	0.4892597695390782	11.25	0.0	4.207634018036073	4.23503256513026	54.2	28.33	0.4892597695390782	0.4892597695390782	11.25	0.0	285.0	290.51	532.28	224.22	0	1
PROTOTYPE	007053	04/15/18	21:06:11	0.4892597695390782	0.4892597695390782	11.27	0.0	4.207634018036073	4.231118486973949	57.19	24.08	0.4892597695390782	0.4892597695390782	11.27	0.0	291.0	290.58	483.76	175.58	0	1
PROTOTYPE	007054	04/15/18	21:06:12	0.4892597695390782	0.4892597695390782	11.29	0.0	4.305485971943888	4.241882201903808	67.34	35.47	0.4892597695390782	0.4892597695390782	11.29	0.0	285.0	289.74	489.82	14.25	0	1
PROTOTYPE	007055	04/15/18	21:06:14	0.4892597695390782	0.4892597695390782	11.27	0.0	4.305485971943888	4.2516673972945895	75.77	45.15	0.4892597695390782	0.4892597695390782	11.27	0.0	295.0	290.53	514.66	147.11	0	1
PROTOTYPE	007056	04/15/18	21:06:15	0.4892597695390782	0.4892597695390782	11.27	0.0	4.207634018036073	4.244817760521042	67.51	23.37	0.4892597695390782	0.4892597695390782	11.27	0.0	292.0	290.75	492.62	125.04	0	1
PROTOTYPE	007057	04/15/18	21:06:17	0.4892597695390782	0.4892597695390782	11.29	0.0	4.207634018036073	4.238946643286573	60.52	4.87	0.4892597695390782	0.4892597695390782	11.29	0.0	283.0	289.59	541.41	-58.71	0	1
PROTOTYPE	007058	04/15/18	21:06:18	0.4892597695390782	0.4892597695390782	11.28	0.0	4.207634018036073	4.234054045591183	54.6	-10.86	0.4892597695390782	0.4892597695390782	11.28	0.0	296.0	290.55	634.59	40.09	0	1
PROTOTYPE	007059	04/15/18	21:06:19	0.4892597695390782	0.4892597695390782	11.27	0.0	4.207634018036073	4.230139967434869	53.03	-9.23	0.4892597695390782	0.4892597695390782	11.27	0.0	281.0	289.12	645.1	-235.92	0	1
PROTOTYPE	007060	04/15/18	21:06:21	0.4892597695390782	0.4892597695390782	11.26	0.0	4.207634018036073	4.227204408817635	51.71	-7.85	0.4892597695390782	0.4892597695390782	11.26	0.0	286.0	288.65	594.72	-185.53	0	1
PROTOTYPE	007061	04/15/18	21:06:22	0.4892597695390782	0.4892597695390782	11.28	0.0	4.207634018036073	4.2242688502004	50.63	-6.67	0.4892597695390782	0.4892597695390782	11.28	0.0	290.0	288.85	607.47	-172.7	0	1
PROTOTYPE	007062	04/15/18	21:06:24	0.4892597695390782	0.4892597695390782	11.27	0.0	4.207634018036073	4.221333291583166	41.97	-20.67	0.4892597695390782	0.4892597695390782	11.27	0.0	287.0	288.57	551.58	-116.8	0	1
PROTOTYPE	007063	04/15/18	21:06:25	0.4892597695390782	0.4892597695390782	11.29	0.0	4.207634018036073	4.21937625250501	34.7	-32.57	0.4892597695390782	0.4892597695390782	11.29	0.0	292.0	289.09	524.11	-144.28	0	1
PROTOTYPE	007064	04/15/18	21:06:26	0.4892597695390782	0.4892597695390782	11.26	0.0	4.207634018036073	4.2174192134268536	30.14	-27.68	0.4892597695390782	0.4892597695390782	11.26	0.0	301.0	290.88	680.71	12.36	0	1
PROTOTYPE	007065	04/15/18	21:06:28	0.4892597695390782	0.4892597695390782	11.25	0.0	4.207634018036073	4.216440693887776	26.36	-23.53	0.4892597695390782	0.4892597695390782	11.25	0.0	291.0	290.89	566.77	130.51	0	1
PROTOTYPE	007066	04/15/18	21:06:29	0.4892597695390782	0.4892597695390782	11.28	0.0	4.305485971943888	4.229161447895791	35.06	-5.0	0.4892597695390782	0.4892597695390782	11.28	0.0	297.0	291.81	562.2	125.93	0	1
PROTOTYPE	007067	04/15/18	21:06:31	0.4892597695390782	0.4892597695390782	11.31	0.0	4.207634018036073	4.226225889278557	34.37	-4.25	0.4892597695390782	0.4892597695390782	11.31	0.0	302.0	293.34	571.79	422.04	0	1
PROTOTYPE	007068	04/15/18	21:06:32	0.4892597695390782	0.4892597695390782	11.31	0.0	4.207634018036073	4.223290330661322	33.79	-3.61	0.4892597695390782	0.4892597695390782	11.31	0.0	287.0	292.39	620.08	373.74	0	1
PROTOTYPE	007069	04/15/18	21:06:33	0.4892597695390782	0.4892597695390782	11.27	0.0	4.207634018036073	4.221333291583166	33.29	-3.07	0.4892597695390782	0.4892597695390782	11.27	0.0	306.0	294.43	803.98	557.68	0	1
PROTOTYPE	007070	04/15/18	21:06:35	0.4892597695390782	0.4892597695390782	11.27	0.0	4.207634018036073	4.21937625250501	32.9	-2.61	0.4892597695390782	0.4892597695390782	11.27	0.0	294.0	294.37	782.75	579.02	0	1
PROTOTYPE	007071	04/15/18	21:06:36	0.4892597695390782	0.4892597695390782	11.25	0.0	4.207634018036073	4.2174192134268536	32.57	-2.22	0.4892597695390782	0.4892597695390782	11.25	0.0	286.0	293.11	856.83	402.17	0	1
PROTOTYPE	007072	04/15/18	21:06:38	0.4892597695390782	0.4892597695390782	11.26	0.0	4.207634018036073	4.215462174348697	32.32	-1.89	0.4892597695390782	0.4892597695390782	11.26	0.0	295.0	293.39	706.54	251.85	0	1
PROTOTYPE	007073	04/15/18	21:06:39	0.4892597695390782	0.4892597695390782	11.24	0.0	4.207634018036073	4.214483654809619	32.1	-1.6	0.4892597695390782	0.4892597695390782	11.24	0.0	296.0	293.78	743.31	289.07	0	1
PROTOTYPE	007074	04/15/18	21:06:41	0.4892597695390782	0.4892597695390782	11.25	0.0	4.207634018036073	4.213505135270542	20.15	-16.36	0.4892597695390782	0.4892597695390782	11.25	0.0	291.0	293.37	693.51	155.71	0	1
PROTOTYPE	007075	04/15/18	21:06:42	0.4892597695390782	0.4892597695390782	11.23	0.0	4.207634018036073	4.212526615731463	18.16	-13.91	0.4892597695390782	0.4892597695390782	11.23	0.0	296.0	293.76	580.17	42.35	0	1
PROTOTYPE	007076	04/15/18	21:06:43	0.4892597695390782	0.4892597695390782	11.25	0.0	4.207634018036073	4.211548096192384	16.59	-11.82	0.4892597695390782	0.4892597695390782	11.25	0.0	291.0	293.35	526.54	96.0	0	1
PROTOTYPE	007077	04/15/18	21:06:45	0.4892597695390782	0.4892597695390782	11.32	0.0	4.207634018036073	4.211548096192384	15.39	-10.05	0.4892597695390782	0.4892597695390782	11.32	0.0	290.0	292.85	372.58	-158.4	0	1
PROTOTYPE	007078	04/15/18	21:06:46	0.4892597695390782	0.4892597695390782	11.3	0.0	4.207634018036073	4.210569576653307	14.38	-8.54	0.4892597695390782	0.4892597695390782	11.3	0.0	294.0	293.02	383.36	-134.64	0	1
PROTOTYPE	007079	04/15/18	21:06:48	0.4892597695390782	0.4892597695390782	11.29	0.0	4.207634018036073	4.210569576653307	13.6	-7.26	0.4892597695390782	0.4892597695390782	11.29	0.0	274.0	290.17	543.16	-294.44	0	1
PROTOTYPE	007080	04/15/18	21:06:49	0.4892597695390782	0.4892597695390782	11.32	0.0	4.207634018036073	4.2095910571142285	13.04	-6.17	0.4892597695390782	0.4892597695390782	11.32	0.0	296.0	291.04	602.3	-235.28	0	1
PROTOTYPE	007081	04/15/18	21:06:50	0.4892597695390782	0.4892597695390782	11.34	0.0	4.207634018036073	4.2095910571142285	12.61	-5.25	0.4892597695390782	0.4892597695390782	11.34	0.0	288.0	290.58	608.82	-319.99	0	1
PROTOTYPE	007082	04/15/18	21:06:52	0.4892597695390782	0.4892597695390782	11.3	0.0	4.207634018036073	4.2095910571142285	12.24	-4.46	0.4892597695390782	0.4892597695390782	11.3	0.0	285.0	289.75	650.81	-361.99	0	1
PROTOTYPE	007083	04/15/18	21:06:53	0.4892597695390782	0.4892597695390782	11.31	0.0	4.207634018036073	4.20861253757515	12.0	-3.79	0.4892597695390782	0.4892597695390782	11.31	0.0	283.0	288.74	712.51	-502.69	0	1
PROTOTYPE	007084	04/15/18	21:06:55	0.4892597695390782	0.4892597695390782	11.31	0.0	4.207634018036073	4.20861253757515	11.81	-3.22	0.4892597695390782	0.4892597695390782	11.31	0.0	293.0	289.37	735.04	-397.29	0	1
PROTOTYPE	007085	04/15/18	21:06:56	0.4892597695390782	0.4892597695390782	11.25	0.0	4.207634018036073	4.20861253757515	11.62	-2.74	0.4892597695390782	0.4892597695390782	11.25	0.0	304.0	291.57	904.19	-127.69	0	1
PROTOTYPE	007086	04/15/18	21:06:57	0.4892597695390782	0.4892597695390782	11.26	0.0	4.207634018036073	4.20861253757515	11.53	-2.33	0.4892597695390782	0.4892597695390782	11.26	0.0	290.0	291.33	910.39	-168.54	0	1
PROTOTYPE	007087	04/15/18	21:06:59	0.4892597695390782	0.4892597695390782	11.28	0.0	4.207634018036073	4.20861253757515	11.47	-1.98	0.4892597695390782	0.4892597695390782	11.28	0.0	286.0	290.53	705.12	36.74	0	1
PROTOTYPE	007088	04/15/18	21:07:00	0.4892597695390782	0.4892597695390782	11.26	0.0	4.207634018036073	4.20861253757515	11.4	-1.68	0.4892597695390782	0.4892597695390782	11.26	0.0	293.0	290.9	654.62	-13.77	0	1
PROTOTYPE	007089	04/15/18	21:07:02	0.4892597695390782	0.4892597695390782	11.25	0.0	4.207634018036073	4.20861253757515	11.35	-1.43	0.4892597695390782	0.4892597695390782	11.25	0.0	282.0	289.57	742.54	-101.7	0	1
PROTOTYPE	007090	04/15/18	21:07:03	0.4892597695390782	0.4892597695390782	11.26	0.0	4.207634018036073	4.207634018036073	11.33	-1.21	0.4892597695390782	0.4892597695390782	11.26	0.0	295.0	290.38	740.25	63.55	0	1
PROTOTYPE	007091	04/15/18	21:07:05	0.4892597695390782	0.4892597695390782	11.26	0.0	4.207634018036073	4.207634018036073	11.31	-1.03	0.4892597695390782	0.4892597695390782	11.26	0.0	294.0	290.93	693.31	219.02	0	1
PROTOTYPE	007092	04/15/18	21:07:06	0.4892597695390782	0.4892597695390782	11.24	0.0	4.207634018036073	4.207634018036073	11.28	-0.88	0.4892597695390782	0.4892597695390782	11.24	0.0	298.0	291.99	735.45	261.17	0	1
PROTOTYPE	007093	04/15/18	21:07:07	0.4892597695390782	0.4892597695390782	11.25	0.0	4.207634018036073	4.207634018036073	11.28	-0.75	0.4892597695390782	0.4892597695390782	11.25	0.0	285.0	290.94	620.88	-63.01	0	1
PROTOTYPE	007094	04/15/18	21:07:09	0.4892597695390782	0.4892597695390782	11.25	0.0	4.207634018036073	4.207634018036073	11.27	-0.63	0.4892597695390782	0.4892597695390782	11.25	0.0	294.0	291.4	643.25	6.44	0	1
PROTOTYPE	007095	04/15/18	21:07:10	0.4892597695390782	0.4892597695390782	11.25	0.0	4.207634018036073	4.207634018036073	11.26	-0.54	0.4892597695390782	0.4892597695390782	11.25	0.0	295.0	291.94	617.29	140.48	0	1
PROTOTYPE	007096	04/15/18	21:07:12	0.4892597695390782	0.4892597695390782	11.24	0.0	4.207634018036073	4.207634018036073	11.25	-0.46	0.4892597695390782	0.4892597695390782	11.24	0.0	294.0	292.25	611.23	134.4	0	1
PROTOTYPE	007097	04/15/18	21:07:13	0.4892597695390782	0.4892597695390782	11.28	0.0	4.207634018036073	4.207634018036073	11.29	-0.39	0.4892597695390782	0.4892597695390782	11.28	0.0	288.0	291.61	541.39	204.24	0	1
PROTOTYPE	007098	04/15/18	21:07:14	0.4892597695390782	0.4892597695390782	11.29	0.0	4.207634018036073	4.207634018036073	11.29	-0.33	0.4892597695390782	0.4892597695390782	11.29	0.0	288.0	291.07	514.07	68.61	0	1
PROTOTYPE	007099	04/15/18	21:07:16	0.4892597695390782	0.4892597695390782	11.31	0.0	4.207634018036073	4.207634018036073	11.31	-0.28	0.4892597695390782	0.4892597695390782	11.31	0.0	297.0	291.96	548.77	103.32	0	1
PROTOTYPE	007100	04/15/18	21:07:17	0.4892597695390782	0.4892597695390782	11.31	0.0	4.207634018036073	4.207634018036073	11.31	-0.24	0.4892597695390782	0.4892597695390782	11.31	0.0	289.0	291.51	487.04	-47.18	0	1
PROTOTYPE	007101	04/15/18	21:07:19	0.4892597695390782	0.4892597695390782	11.32	0.0	4.207634018036073	4.207634018036073	11.32	-0.2	0.4892597695390782	0.4892597695390782	11.32	0.0	288.0	290.99	434.97	4.9	0	1
PROTOTYPE	007102	04/15/18	21:07:20	0.4892597695390782	0.4892597695390782	11.31	0.0	4.207634018036073	4.207634018036073	11.31	-0.17	0.4892597695390782	0.4892597695390782	11.31	0.0	284.0	289.94	493.85	-145.84	0	1
PROTOTYPE	007103	04/15/18	21:07:21	0.4892597695390782	0.4892597695390782	11.3	0.0	4.207634018036073	4.207634018036073	11.3	-0.15	0.4892597695390782	0.4892597695390782	11.3	0.0	295.0	290.7	515.72	-123.96	0	1
PROTOTYPE	007104	04/15/18	21:07:23	0.4892597695390782	0.4892597695390782	11.31	0.0	4.207634018036073	4.207634018036073	11.31	-0.12	0.4892597695390782	0.4892597695390782	11.31	0.0	291.0	290.74	489.5	-150.37	0	1
PROTOTYPE	007105	04/15/18	21:07:24	0.4892597695390782	0.4892597695390782	11.27	0.0	4.207634018036073	4.207634018036073	11.27	-0.11	0.4892597695390782	0.4892597695390782	11.27	0.0	302.0	292.43	594.62	82.19	0	1
PROTOTYPE	007106	04/15/18	21:07:26	0.4892597695390782	0.4892597695390782	11.25	0.0	4.207634018036073	4.207634018036073	11.25	-0.09	0.4892597695390782	0.4892597695390782	11.25	0.0	294.0	292.67	564.01	159.86	0	1
PROTOTYPE	007107	04/15/18	21:07:27	0.4892597695390782	0.4892597695390782	11.22	0.0	4.207634018036073	4.207634018036073	11.22	-0.08	0.4892597695390782	0.4892597695390782	11.22	0.0	283.0	291.22	620.05	-74.12	0	1
PROTOTYPE	007108	04/15/18	21:07:28	0.4892597695390782	0.4892597695390782	11.23	0.0	4.207634018036073	4.207634018036073	11.23	-0.07	0.4892597695390782	0.4892597695390782	11.23	0.0	293.0	291.48	602.43	-3.0	0	1
PROTOTYPE	007109	04/15/18	21:07:30	0.4892597695390782	0.4892597695390782	11.22	0.0	4.207634018036073	4.207634018036073	11.22	-0.06	0.4892597695390782	0.4892597695390782	11.22	0.0	301.0	292.91	692.43	192.45	0	1
PROTOTYPE	007110	04/15/18	21:07:31	0.4892597695390782	0.4892597695390782	11.23	0.0	4.207634018036073	4.207634018036073	11.23	-0.05	0.4892597695390782	0.4892597695390782	11.23	0.0	298.0	293.68	663.94	373.58	0	1
PROTOTYPE	007111	04/15/18	21:07:33	0.4892597695390782	0.4892597695390782	11.28	0.0	4.207634018036073	4.207634018036073	11.28	-0.04	0.4892597695390782	0.4892597695390782	11.28	0.0	296.0	294.02	622.92	332.54	0	1
PROTOTYPE	007112	04/15/18	21:07:34	0.4892597695390782	0.4892597695390782	11.27	0.0	4.207634018036073	4.207634018036073	11.27	-0.03	0.4892597695390782	0.4892597695390782	11.27	0.0	291.0	293.57	663.56	282.66	0	1
PROTOTYPE	007113	04/15/18	21:07:36	0.4892597695390782	0.4892597695390782	11.28	0.0	4.207634018036073	4.207634018036073	11.28	-0.03	0.4892597695390782	0.4892597695390782	11.28	0.0	283.0	291.98	653.27	-44.74	0	1
PROTOTYPE	007114	04/15/18	21:07:37	0.4892597695390782	0.4892597695390782	11.29	0.0	4.207634018036073	4.207634018036073	11.29	-0.02	0.4892597695390782	0.4892597695390782	11.29	0.0	296.0	292.59	689.96	-8.03	0	1
PROTOTYPE	007115	04/15/18	21:07:38	0.4892597695390782	0.4892597695390782	11.31	0.0	4.207634018036073	4.207634018036073	11.31	-0.02	0.4892597695390782	0.4892597695390782	11.31	0.0	294.0	292.8	566.18	158.18	0	1
PROTOTYPE	007116	04/15/18	21:07:40	0.4892597695390782	0.4892597695390782	11.31	0.0	4.207634018036073	4.207634018036073	11.31	-0.02	0.4892597695390782	0.4892597695390782	11.31	0.0	290.0	292.38	581.41	89.45	0	1
PROTOTYPE	007117	04/15/18	21:07:41	0.4892597695390782	0.4892597695390782	11.3	0.0	4.207634018036073	4.207634018036073	11.3	-0.02	0.4892597695390782	0.4892597695390782	11.3	0.0	297.0	293.07	508.0	16.03	0	1
PROTOTYPE	007118	04/15/18	21:07:43	0.4892597695390782	0.4892597695390782	11.31	0.0	4.207634018036073	4.207634018036073	11.31	-0.01	0.4892597695390782	0.4892597695390782	11.31	0.0	304.0	294.71	595.59	103.63	0	1
PROTOTYPE	007119	04/15/18	21:07:44	0.4892597695390782	0.4892597695390782	11.28	0.0	4.207634018036073	4.207634018036073	11.28	-0.01	0.4892597695390782	0.4892597695390782	11.28	0.0	292.0	294.3	601.38	28.08	0	1
PROTOTYPE	007120	04/15/18	21:07:45	0.4892597695390782	0.4892597695390782	11.28	0.0	4.207634018036073	4.207634018036073	11.28	-0.01	0.4892597695390782	0.4892597695390782	11.28	0.0	279.0	292.01	785.58	-156.13	0	1
PROTOTYPE	007121	04/15/18	21:07:47	0.4892597695390782	0.4892597695390782	11.28	0.0	4.207634018036073	4.207634018036073	11.28	-0.01	0.4892597695390782	0.4892597695390782	11.28	0.0	292.0	292.01	628.43	2.29	0	1
PROTOTYPE	007122	04/15/18	21:07:48	0.4892597695390782	0.4892597695390782	11.29	0.0	4.207634018036073	4.207634018036073	11.29	-0.01	0.4892597695390782	0.4892597695390782	11.29	0.0	279.0	290.06	763.31	-253.05	0	1
PROTOTYPE	007123	04/15/18	21:07:50	0.4892597695390782	0.4892597695390782	11.26	0.0	4.207634018036073	4.207634018036073	11.26	-0.01	0.4892597695390782	0.4892597695390782	11.26	0.0	296.0	290.95	831.23	-185.09	0	1
PROTOTYPE	007124	04/15/18	21:07:51	0.4892597695390782	0.4892597695390782	11.26	0.0	4.207634018036073	4.207634018036073	11.26	-0.0	0.4892597695390782	0.4892597695390782	11.26	0.0	298.0	292.01	895.01	-37.33	0	1
PROTOTYPE	007125	04/15/18	21:07:53	0.4892597695390782	0.4892597695390782	11.39	0.0	4.207634018036073	4.207634018036073	11.39	-0.0	0.4892597695390782	0.4892597695390782	11.39	0.0	292.0	292.0	827.22	-106.73	0	1
PROTOTYPE	007126	04/15/18	21:07:54	0.4892597695390782	0.4892597695390782	11.38	0.0	4.207634018036073	4.207634018036073	11.38	-0.0	0.4892597695390782	0.4892597695390782	11.38	0.0	298.0	292.9	753.23	-180.72	0	1
PROTOTYPE	007127	04/15/18	21:07:55	0.4892597695390782	0.4892597695390782	11.37	0.0	4.207634018036073	4.207634018036073	11.37	-0.0	0.4892597695390782	0.4892597695390782	11.37	0.0	297.0	293.52	773.99	-78.61	0	1
PROTOTYPE	007128	04/15/18	21:07:57	0.4892597695390782	0.4892597695390782	11.37	0.0	4.207634018036073	4.207634018036073	11.37	-0.0	0.4892597695390782	0.4892597695390782	11.37	0.0	286.0	292.39	657.2	38.18	0	1
PROTOTYPE	007129	04/15/18	21:07:58	0.4892597695390782	0.4892597695390782	11.35	0.0	4.207634018036073	4.207634018036073	11.35	-0.0	0.4892597695390782	0.4892597695390782	11.35	0.0	296.0	292.93	709.94	92.45	0	1
PROTOTYPE	007130	04/15/18	21:08:00	0.4892597695390782	0.4892597695390782	11.34	0.0	4.207634018036073	4.207634018036073	11.34	-0.0	0.4892597695390782	0.4892597695390782	11.34	0.0	284.0	291.59	648.81	153.58	0	1
PROTOTYPE	007131	04/15/18	21:08:01	0.4892597695390782	0.4892597695390782	11.36	0.0	4.207634018036073	4.207634018036073	11.36	-0.0	0.4892597695390782	0.4892597695390782	11.36	0.0	279.0	289.7	748.54	-124.45	0	1
PROTOTYPE	007132	04/15/18	21:08:02	0.4892597695390782	0.4892597695390782	11.35	0.0	4.207634018036073	4.207634018036073	11.35	-0.0	0.4892597695390782	0.4892597695390782	11.35	0.0	289.0	289.6	653.39	-240.79	0	1
PROTOTYPE	007133	04/15/18	21:08:04	0.4892597695390782	0.4892597695390782	11.23	0.0	4.207634018036073	4.207634018036073	11.23	-0.0	0.4892597695390782	0.4892597695390782	11.23	0.0	298.0	290.86	777.9	-114.67	0	1
PROTOTYPE	007134	04/15/18	21:08:05	0.4892597695390782	0.4892597695390782	11.24	0.0	4.207634018036073	4.207634018036073	11.24	-0.0	0.4892597695390782	0.4892597695390782	11.24	0.0	295.0	291.48	750.1	-142.47	0	1
PROTOTYPE	007135	04/15/18	21:08:07	0.4892597695390782	0.4892597695390782	11.24	0.0	4.207634018036073	4.207634018036073	11.24	-0.0	0.4892597695390782	0.4892597695390782	11.24	0.0	298.0	292.46	786.47	-106.1	0	1
PROTOTYPE	007136	04/15/18	21:08:08	0.4892597695390782	0.4892597695390782	11.25	0.0	4.207634018036073	4.207634018036073	11.25	-0.0	0.4892597695390782	0.4892597695390782	11.25	0.0	282.0	290.89	830.55	-150.18	0	1
PROTOTYPE	007137	04/15/18	21:08:09	0.4892597695390782	0.4892597695390782	11.27	0.0	4.207634018036073	4.207634018036073	11.27	-0.0	0.4892597695390782	0.4892597695390782	11.27	0.0	300.0	292.26	913.07	-67.66	0	1
PROTOTYPE	007138	04/15/18	21:08:11	0.4892597695390782	0.4892597695390782	11.26	0.0	4.207634018036073	4.207634018036073	11.26	-0.0	0.4892597695390782	0.4892597695390782	11.26	0.0	296.0	292.82	835.26	122.49	0	1
PROTOTYPE	007139	04/15/18	21:08:12	0.4892597695390782	0.4892597695390782	11.28	0.0	4.207634018036073	4.207634018036073	11.28	-0.0	0.4892597695390782	0.4892597695390782	11.28	0.0	299.0	293.74	739.12	404.12	0	1
PROTOTYPE	007140	04/15/18	21:08:14	0.4892597695390782	0.4892597695390782	11.28	0.0	4.207634018036073	4.207634018036073	11.28	-0.0	0.4892597695390782	0.4892597695390782	11.28	0.0	293.0	293.63	739.73	403.5	0	1
PROTOTYPE	007141	04/15/18	21:08:15	0.4892597695390782	0.4892597695390782	11.3	0.0	4.207634018036073	4.207634018036073	11.3	-0.0	0.4892597695390782	0.4892597695390782	11.3	0.0	298.0	294.29	679.22	342.98	0	1
PROTOTYPE	007142	04/15/18	21:08:17	0.4892597695390782	0.4892597695390782	11.3	0.0	4.207634018036073	4.207634018036073	11.3	-0.0	0.4892597695390782	0.4892597695390782	11.3	0.0	302.0	295.44	732.76	396.53	0	1
PROTOTYPE	007143	04/15/18	21:08:18	0.4892597695390782	0.4892597695390782	11.3	0.0	4.207634018036073	4.207634018036073	11.3	-0.0	0.4892597695390782	0.4892597695390782	11.3	0.0	298.0	295.83	673.3	337.05	0	1
PROTOTYPE	007144	04/15/18	21:08:19	0.4892597695390782	0.4892597695390782	11.29	0.0	4.207634018036073	4.207634018036073	11.29	-0.0	0.4892597695390782	0.4892597695390782	11.29	0.0	303.0	296.9	624.02	601.49	0	1
PROTOTYPE	007145	04/15/18	21:08:21	0.4892597695390782	0.4892597695390782	11.29	0.0	4.207634018036073	4.207634018036073	11.29	-0.0	0.4892597695390782	0.4892597695390782	11.29	0.0	292.0	296.17	560.91	391.27	0	1
PROTOTYPE	007146	04/15/18	21:08:22	0.4892597695390782	0.4892597695390782	11.3	0.0	4.207634018036073	4.207634018036073	11.3	-0.0	0.4892597695390782	0.4892597695390782	11.3	0.0	290.0	295.24	597.27	242.58	0	1
PROTOTYPE	007147	04/15/18	21:08:24	0.4892597695390782	0.4892597695390782	11.27	0.0	4.207634018036073	4.207634018036073	11.27	-0.0	0.4892597695390782	0.4892597695390782	11.27	0.0	290.0	294.46	583.17	71.19	0	1
PROTOTYPE	007148	04/15/18	21:08:25	0.4892597695390782	0.4892597695390782	11.27	0.0	4.207634018036073	4.207634018036073	11.27	-0.0	0.4892597695390782	0.4892597695390782	11.27	0.0	298.0	294.99	625.08	135.51	0	1
PROTOTYPE	007149	04/15/18	21:08:26	0.4892597695390782	0.4892597695390782	11.25	0.0	4.207634018036073	4.207634018036073	11.25	-0.0	0.4892597695390782	0.4892597695390782	11.25	0.0	298.0	295.44	604.76	115.19	0	1
PROTOTYPE	007150	04/15/18	21:08:28	0.4892597695390782	0.4892597695390782	11.25	0.0	4.207634018036073	4.207634018036073	11.25	-0.0	0.4892597695390782	0.4892597695390782	11.25	0.0	290.0	294.62	570.69	-82.09	0	1
PROTOTYPE	007151	04/15/18	21:08:29	0.4892597695390782	0.4892597695390782	11.24	0.0	4.207634018036073	4.207634018036073	11.24	-0.0	0.4892597695390782	0.4892597695390782	11.24	0.0	283.0	292.88	706.7	-294.78	0	1
PROTOTYPE	007152	04/15/18	21:08:31	0.4892597695390782	0.4892597695390782	11.25	0.0	4.207634018036073	4.207634018036073	11.25	-0.0	0.4892597695390782	0.4892597695390782	11.25	0.0	283.0	291.4	747.32	-550.56	0	1
PROTOTYPE	007153	04/15/18	21:08:32	0.4892597695390782	0.4892597695390782	11.25	0.0	4.207634018036073	4.207634018036073	11.25	-0.0	0.4892597695390782	0.4892597695390782	11.25	0.0	292.0	291.49	682.89	-467.98	0	1
PROTOTYPE	007154	04/15/18	21:08:33	0.4892597695390782	0.4892597695390782	11.27	0.0	4.207634018036073	4.207634018036073	11.27	-0.0	0.4892597695390782	0.4892597695390782	11.27	0.0	286.0	290.67	672.69	-457.78	0	1
PROTOTYPE	007155	04/15/18	21:08:35	0.4892597695390782	0.4892597695390782	11.27	0.0	4.207634018036073	4.207634018036073	11.27	-0.0	0.4892597695390782	0.4892597695390782	11.27	0.0	294.0	291.17	644.07	-329.11	0	1
PROTOTYPE	007156	04/15/18	21:08:36	0.4892597695390782	0.4892597695390782	11.27	0.0	4.305485971943888	4.222311811122244	24.93	15.0	0.4892597695390782	0.4892597695390782	11.27	0.0	295.0	291.74	648.44	-324.75	0	1
PROTOTYPE	007157	04/15/18	21:08:38	0.4892597695390782	0.4892597695390782	11.26	0.0	4.305485971943888	4.23503256513026	36.35	27.75	0.4892597695390782	0.4892597695390782	11.26	0.0	304.0	293.58	787.13	-186.03	0	1
PROTOTYPE	007158	04/15/18	21:08:39	0.4892597695390782	0.4892597695390782	11.28	0.0	4.207634018036073	4.231118486973949	39.34	23.59	0.4892597695390782	0.4892597695390782	11.28	0.0	289.0	292.89	774.23	-173.13	0	1
PROTOTYPE	007159	04/15/18	21:08:40	0.4892597695390782	0.4892597695390782	11.28	0.0	4.207634018036073	4.227204408817635	41.74	20.05	0.4892597695390782	0.4892597695390782	11.28	0.0	297.0	293.51	661.49	62.84	0	1
PROTOTYPE	007160	04/15/18	21:08:42	0.4892597695390782	0.4892597695390782	11.27	0.0	4.305485971943888	4.238946643286573	52.41	32.04	0.4892597695390782	0.4892597695390782	11.27	0.0	278.0	291.18	745.92	-21.59	0	1
PROTOTYPE	007161	04/15/18	21:08:43	0.4892597695390782	0.4892597695390782	11.26	0.0	4.207634018036073	4.234054045591183	56.0	27.24	0.4892597695390782	0.4892597695390782	11.26	0.0	293.0	291.46	764.08	-3.35	0	1
PROTOTYPE	007162	04/15/18	21:08:45	0.4892597695390782	0.4892597695390782	11.23	0.0	4.305485971943888	4.244817760521042	65.58	38.15	0.4892597695390782	0.4892597695390782	11.23	0.0	293.0	291.69	704.96	102.15	0	1
PROTOTYPE	007163	04/15/18	21:08:46	0.4892597695390782	0.4892597695390782	11.24	0.0	4.207634018036073	4.238946643286573	70.08	32.43	0.4892597695390782	0.4892597695390782	11.24	0.0	300.0	292.93	779.62	176.83	0	1
PROTOTYPE	007164	04/15/18	21:08:47	0.4892597695390782	0.4892597695390782	11.24	0.0	4.207634018036073	4.23503256513026	60.07	12.56	0.4892597695390782	0.4892597695390782	11.24	0.0	301.0	294.14	843.09	240.31	0	1
PROTOTYPE	007165	04/15/18	21:08:49	0.4892597695390782	0.4892597695390782	11.25	0.0	4.207634018036073	4.230139967434869	51.61	-4.32	0.4892597695390782	0.4892597695390782	11.25	0.0	295.0	294.27	672.11	69.26	0	1
PROTOTYPE	007166	04/15/18	21:08:50	0.4892597695390782	0.4892597695390782	11.22	0.0	4.207634018036073	4.227204408817635	51.0	-3.67	0.4892597695390782	0.4892597695390782	11.22	0.0	303.0	295.58	734.33	268.87	0	1
