Dev_id	Index	Date	Time	Sensor1	Sensor1_Filter	Sensor1_LL	Sensor1_Diff	Sensor2	Sensor2_Filter	Sensor2_LL	Sensor2_Diff	Sensor3	Sensor3_Filter	Sensor3_LL	Sensor3_Diff	Sensor4	Sensor4_Filter	Sensor4_LL	Sensor4_Diff	Heater_Status	FSM_Status
PROTOTYPE	010167	04/15/18	22:19:23	0.4892597695390782	0.4892597695390782	11.21	0.0	4.1097820641282565	4.1753428732464934	56.26	16.44	0.4892597695390782	0.4892597695390782	11.21	0.0	297.0	291.69	606.41	378.65	0	1
PROTOTYPE	010168	04/15/18	22:19:25	0.4892597695390782	0.4892597695390782	11.23	0.0	4.1097820641282565	4.165557677855712	58.7	13.98	0.4892597695390782	0.4892597695390782	11.23	0.0	300.0	292.94	669.6	441.85	0	1
PROTOTYPE	010169	04/15/18	22:19:26	0.4892597695390782	0.4892597695390782	11.21	0.0	4.1097820641282565	4.1567510020040075	58.59	-3.12	0.4892597695390782	0.4892597695390782	11.21	0.0	303.0	294.45	737.71	675.58	0	1
PROTOTYPE	010170	04/15/18	22:19:27	0.4892597695390782	0.4892597695390782	11.18	0.0	4.1097820641282565	4.149901365230461	58.49	-17.65	0.4892597695390782	0.4892597695390782	11.18	0.0	280.0	292.28	814.81	319.24	0	1
PROTOTYPE	010171	04/15/18	22:19:29	0.4892597695390782	0.4892597695390782	11.18	0.0	4.1097820641282565	4.1440302479959925	58.41	-30.0	0.4892597695390782	0.4892597695390782	11.18	0.0	291.0	292.09	760.39	226.35	0	1
PROTOTYPE	010172	04/15/18	22:19:30	0.4892597695390782	0.4892597695390782	11.19	0.0	4.1097820641282565	4.139137650300601	58.35	-40.5	0.4892597695390782	0.4892597695390782	11.19	0.0	295.0	292.53	696.45	162.4	0	1
PROTOTYPE	010173	04/15/18	22:19:31	0.4892597695390782	0.4892597695390782	11.2	0.0	4.1097820641282565	4.13424505260521	58.3	-49.43	0.4892597695390782	0.4892597695390782	11.2	0.0	291.0	292.3	702.83	123.04	0	1
PROTOTYPE	010174	04/15/18	22:19:33	0.4892597695390782	0.4892597695390782	11.21	0.0	4.1097820641282565	4.130330974448898	58.25	-57.01	0.4892597695390782	0.4892597695390782	11.21	0.0	300.0	293.45	787.37	269.58	0	1
PROTOTYPE	010175	04/15/18	22:19:34	0.4892597695390782	0.4892597695390782	11.18	0.0	4.207634018036073	4.142073208917836	58.29	-33.46	0.4892597695390782	0.4892597695390782	11.18	0.0	297.0	293.98	746.94	229.15	0	1
PROTOTYPE	010176	04/15/18	22:19:36	0.4892597695390782	0.4892597695390782	11.2	0.0	4.207634018036073	4.1518584043086175	58.33	-13.44	0.4892597695390782	0.4892597695390782	11.2	0.0	292.0	293.69	652.12	74.77	0	1
PROTOTYPE	010177	04/15/18	22:19:37	0.4892597695390782	0.4892597695390782	11.23	0.0	4.207634018036073	4.160665080160321	58.36	3.57	0.4892597695390782	0.4892597695390782	11.23	0.0	287.0	292.68	601.51	-176.44	0	1
PROTOTYPE	010178	04/15/18	22:19:39	0.4892597695390782	0.4892597695390782	11.23	0.0	4.207634018036073	4.1675147169338675	58.39	18.04	0.4892597695390782	0.4892597695390782	11.23	0.0	290.0	292.28	425.06	0.02	0	1
PROTOTYPE	010179	04/15/18	22:19:40	0.4892597695390782	0.4892597695390782	11.26	0.0	4.207634018036073	4.173385834168336	58.42	30.33	0.4892597695390782	0.4892597695390782	11.26	0.0	296.0	292.84	461.6	75.02	0	1
PROTOTYPE	010180	04/15/18	22:19:41	0.4892597695390782	0.4892597695390782	11.25	0.0	4.1097820641282565	4.163600638777555	62.88	25.78	0.4892597695390782	0.4892597695390782	11.25	0.0	292.0	292.71	430.57	18.77	0	1
PROTOTYPE	010181	04/15/18	22:19:43	0.4892597695390782	0.4892597695390782	11.24	0.0	4.1097820641282565	4.155772482464929	66.65	21.92	0.4892597695390782	0.4892597695390782	11.24	0.0	293.0	292.76	412.17	45.95	0	1
PROTOTYPE	010182	04/15/18	22:19:44	0.4892597695390782	0.4892597695390782	11.25	0.0	4.1097820641282565	4.1489228456913825	69.82	18.63	0.4892597695390782	0.4892597695390782	11.25	0.0	293.0	292.79	300.53	-65.94	0	1
PROTOTYPE	010183	04/15/18	22:19:46	0.4892597695390782	0.4892597695390782	11.27	0.0	4.1097820641282565	4.143051728456914	64.1	0.83	0.4892597695390782	0.4892597695390782	11.27	0.0	296.0	293.27	295.42	-71.05	0	1
PROTOTYPE	010184	04/15/18	22:19:47	0.4892597695390782	0.4892597695390782	11.26	0.0	4.1097820641282565	4.138159130761523	59.27	-14.29	0.4892597695390782	0.4892597695390782	11.26	0.0	286.0	292.18	374.74	-150.39	0	1
PROTOTYPE	010185	04/15/18	22:19:48	0.4892597695390782	0.4892597695390782	11.25	0.0	4.1097820641282565	4.13424505260521	55.18	-27.15	0.4892597695390782	0.4892597695390782	11.25	0.0	280.0	290.36	457.18	-232.83	0	1
PROTOTYPE	010186	04/15/18	22:19:50	0.4892597695390782	0.4892597695390782	11.26	0.0	4.207634018036073	4.14500876753507	59.21	-23.08	0.4892597695390782	0.4892597695390782	11.26	0.0	287.0	289.85	467.25	-242.91	0	1
PROTOTYPE	010187	04/15/18	22:19:51	0.4892597695390782	0.4892597695390782	11.26	0.0	4.1097820641282565	4.139137650300601	58.45	-34.61	0.4892597695390782	0.4892597695390782	11.26	0.0	285.0	289.12	484.24	-371.47	0	1
PROTOTYPE	010188	04/15/18	22:19:53	0.4892597695390782	0.4892597695390782	11.25	0.0	4.1097820641282565	4.135223572144289	53.37	-29.42	0.4892597695390782	0.4892597695390782	11.25	0.0	304.0	291.36	694.72	-135.75	0	1
PROTOTYPE	010189	04/15/18	22:19:54	0.4892597695390782	0.4892597695390782	11.26	0.0	4.1097820641282565	4.131309493987976	49.08	-25.01	0.4892597695390782	0.4892597695390782	11.26	0.0	283.0	290.1	815.54	-265.39	0	1
PROTOTYPE	010190	04/15/18	22:19:55	0.4892597695390782	0.4892597695390782	11.24	0.0	4.207634018036073	4.143051728456914	53.67	-6.26	0.4892597695390782	0.4892597695390782	11.24	0.0	292.0	290.39	840.12	-240.58	0	1
PROTOTYPE	010191	04/15/18	22:19:57	0.4892597695390782	0.4892597695390782	11.23	0.0	4.207634018036073	4.152836923847695	57.55	9.68	0.4892597695390782	0.4892597695390782	11.23	0.0	289.0	290.18	812.84	-309.49	0	1
PROTOTYPE	010192	04/15/18	22:19:58	0.4892597695390782	0.4892597695390782	11.22	0.0	4.1097820641282565	4.145987287074148	58.95	8.23	0.4892597695390782	0.4892597695390782	11.22	0.0	292.0	290.45	731.08	-173.07	0	1
PROTOTYPE	010193	04/15/18	22:20:00	0.4892597695390782	0.4892597695390782	11.21	0.0	4.1097820641282565	4.141094689378758	60.14	6.99	0.4892597695390782	0.4892597695390782	11.21	0.0	287.0	289.93	600.13	-42.11	0	1
PROTOTYPE	010194	04/15/18	22:20:01	0.4892597695390782	0.4892597695390782	11.22	0.0	4.207634018036073	4.150879884769539	59.1	5.95	0.4892597695390782	0.4892597695390782	11.22	0.0	294.0	290.54	610.78	69.21	0	1
PROTOTYPE	010195	04/15/18	22:20:02	0.4892597695390782	0.4892597695390782	11.2	0.0	4.207634018036073	4.1596865606212425	62.37	20.05	0.4892597695390782	0.4892597695390782	11.2	0.0	283.0	289.41	651.16	28.83	0	1
PROTOTYPE	010196	04/15/18	22:20:04	0.4892597695390782	0.4892597695390782	11.22	0.0	4.1097820641282565	4.1518584043086175	65.3	17.05	0.4892597695390782	0.4892597695390782	11.22	0.0	282.0	288.3	539.21	-305.5	0	1
PROTOTYPE	010197	04/15/18	22:20:05	0.4892597695390782	0.4892597695390782	11.24	0.0	4.207634018036073	4.160665080160321	69.84	29.49	0.4892597695390782	0.4892597695390782	11.24	0.0	287.0	288.11	433.43	-199.67	0	1
PROTOTYPE	010198	04/15/18	22:20:07	0.4892597695390782	0.4892597695390782	11.24	0.0	4.207634018036073	4.1675147169338675	65.47	25.07	0.4892597695390782	0.4892597695390782	11.24	0.0	291.0	288.54	448.37	-184.72	0	1
PROTOTYPE	010199	04/15/18	22:20:08	0.4892597695390782	0.4892597695390782	11.24	0.0	4.207634018036073	4.173385834168336	61.77	21.31	0.4892597695390782	0.4892597695390782	11.24	0.0	287.0	288.31	450.66	-187.01	0	1
PROTOTYPE	010200	04/15/18	22:20:09	0.4892597695390782	0.4892597695390782	11.26	0.0	4.207634018036073	4.178278431863728	60.51	33.11	0.4892597695390782	0.4892597695390782	11.26	0.0	293.0	289.01	493.69	-143.96	0	1
PROTOTYPE	010201	04/15/18	22:20:11	0.4892597695390782	0.4892597695390782	11.27	0.0	4.207634018036073	4.1831710295591185	59.46	43.14	0.4892597695390782	0.4892597695390782	11.27	0.0	294.0	289.76	516.72	-17.37	0	1
PROTOTYPE	010202	04/15/18	22:20:12	0.4892597695390782	0.4892597695390782	11.26	0.0	4.207634018036073	4.1861065881763535	53.14	36.67	0.4892597695390782	0.4892597695390782	11.26	0.0	296.0	290.7	549.32	15.24	0	1
PROTOTYPE	010203	04/15/18	22:20:14	0.4892597695390782	0.4892597695390782	11.28	0.0	4.207634018036073	4.190020666332665	47.83	31.17	0.4892597695390782	0.4892597695390782	11.28	0.0	293.0	291.04	470.73	162.95	0	1
PROTOTYPE	010204	04/15/18	22:20:15	0.4892597695390782	0.4892597695390782	11.27	0.0	4.207634018036073	4.191977705410823	43.19	41.5	0.4892597695390782	0.4892597695390782	11.27	0.0	299.0	292.24	478.91	393.51	0	1
PROTOTYPE	010205	04/15/18	22:20:17	0.4892597695390782	0.4892597695390782	11.26	0.0	4.207634018036073	4.194913264028056	37.25	35.27	0.4892597695390782	0.4892597695390782	11.26	0.0	285.0	291.15	567.89	304.48	0	1
PROTOTYPE	010206	04/15/18	22:20:18	0.4892597695390782	0.4892597695390782	11.27	0.0	4.1097820641282565	4.18219251002004	42.94	14.98	0.4892597695390782	0.4892597695390782	11.27	0.0	293.0	291.43	552.23	288.81	0	1
PROTOTYPE	010207	04/15/18	22:20:19	0.4892597695390782	0.4892597695390782	11.28	0.0	4.207634018036073	4.1861065881763535	40.78	12.73	0.4892597695390782	0.4892597695390782	11.28	0.0	294.0	291.81	567.71	350.49	0	1
PROTOTYPE	010208	04/15/18	22:20:21	0.4892597695390782	0.4892597695390782	11.26	0.0	4.1097820641282565	4.174364353707415	47.07	-4.18	0.4892597695390782	0.4892597695390782	11.26	0.0	286.0	290.94	584.54	192.92	0	1
PROTOTYPE	010209	04/15/18	22:20:22	0.4892597695390782	0.4892597695390782	11.26	0.0	4.1097820641282565	4.164579158316633	52.4	-18.55	0.4892597695390782	0.4892597695390782	11.26	0.0	296.0	291.7	585.6	193.98	0	1
PROTOTYPE	010210	04/15/18	22:20:24	0.4892597695390782	0.4892597695390782	11.26	0.0	4.207634018036073	4.171428795090181	55.08	-15.77	0.4892597695390782	0.4892597695390782	11.26	0.0	296.0	292.35	556.51	164.88	0	1
PROTOTYPE	010211	04/15/18	22:20:25	0.4892597695390782	0.4892597695390782	11.24	0.0	4.207634018036073	4.176321392785571	57.32	-13.4	0.4892597695390782	0.4892597695390782	11.24	0.0	301.0	293.64	651.75	260.15	0	1
PROTOTYPE	010212	04/15/18	22:20:26	0.4892597695390782	0.4892597695390782	11.23	0.0	4.207634018036073	4.181213990480962	59.19	-11.39	0.4892597695390782	0.4892597695390782	11.23	0.0	298.0	294.3	597.74	206.13	0	1
PROTOTYPE	010213	04/15/18	22:20:28	0.4892597695390782	0.4892597695390782	11.24	0.0	4.207634018036073	4.185128068637274	60.75	-9.68	0.4892597695390782	0.4892597695390782	11.24	0.0	293.0	294.1	508.7	295.21	0	1
PROTOTYPE	010214	04/15/18	22:20:29	0.4892597695390782	0.4892597695390782	11.23	0.0	4.207634018036073	4.189042146793588	51.36	6.77	0.4892597695390782	0.4892597695390782	11.23	0.0	294.0	294.09	482.99	265.93	0	1
PROTOTYPE	010215	04/15/18	22:20:31	0.4892597695390782	0.4892597695390782	11.24	0.0	4.207634018036073	4.1909991858717435	50.42	5.75	0.4892597695390782	0.4892597695390782	11.24	0.0	302.0	295.27	563.09	346.04	0	1
PROTOTYPE	010216	04/15/18	22:20:32	0.4892597695390782	0.4892597695390782	11.25	0.0	4.207634018036073	4.193934744488978	41.54	19.89	0.4892597695390782	0.4892597695390782	11.25	0.0	294.0	295.08	495.03	414.13	0	1
PROTOTYPE	010217	04/15/18	22:20:33	0.4892597695390782	0.4892597695390782	11.26	0.0	4.207634018036073	4.195891783567134	34.08	31.91	0.4892597695390782	0.4892597695390782	11.26	0.0	287.0	293.87	540.4	217.01	0	1
PROTOTYPE	010218	04/15/18	22:20:35	0.4892597695390782	0.4892597695390782	11.27	0.0	4.207634018036073	4.197848822645291	29.63	27.12	0.4892597695390782	0.4892597695390782	11.27	0.0	289.0	293.14	548.96	79.46	0	1
PROTOTYPE	010219	04/15/18	22:20:36	0.4892597695390782	0.4892597695390782	11.26	0.0	4.207634018036073	4.1988273421843685	25.93	23.05	0.4892597695390782	0.4892597695390782	11.26	0.0	290.0	292.67	466.25	-97.46	0	1
PROTOTYPE	010220	04/15/18	22:20:38	0.4892597695390782	0.4892597695390782	11.27	0.0	4.207634018036073	4.200784381262525	22.88	19.59	0.4892597695390782	0.4892597695390782	11.27	0.0	292.0	292.57	411.02	-172.84	0	1
PROTOTYPE	010221	04/15/18	22:20:39	0.4892597695390782	0.4892597695390782	11.26	0.0	4.207634018036073	4.2017629008016035	20.39	16.66	0.4892597695390782	0.4892597695390782	11.26	0.0	291.0	292.33	415.08	-176.91	0	1
PROTOTYPE	010222	04/15/18	22:20:40	0.4892597695390782	0.4892597695390782	11.28	0.0	4.207634018036073	4.202741420340682	18.38	14.16	0.4892597695390782	0.4892597695390782	11.28	0.0	300.0	293.48	528.02	-60.38	0	1
PROTOTYPE	010223	04/15/18	22:20:42	0.4892597695390782	0.4892597695390782	11.26	0.0	4.207634018036073	4.202741420340682	16.74	12.03	0.4892597695390782	0.4892597695390782	11.26	0.0	304.0	295.06	567.07	-21.32	0	1
PROTOTYPE	010224	04/15/18	22:20:43	0.4892597695390782	0.4892597695390782	11.24	0.0	4.207634018036073	4.20371993987976	15.44	10.23	0.4892597695390782	0.4892597695390782	11.24	0.0	286.0	293.7	683.83	-138.12	0	1
PROTOTYPE	010225	04/15/18	22:20:45	0.4892597695390782	0.4892597695390782	11.21	0.0	4.207634018036073	4.204698459418838	14.4	8.69	0.4892597695390782	0.4892597695390782	11.21	0.0	272.0	290.45	888.11	-342.4	0	1
PROTOTYPE	010226	04/15/18	22:20:46	0.4892597695390782	0.4892597695390782	11.19	0.0	4.207634018036073	4.204698459418838	13.59	7.39	0.4892597695390782	0.4892597695390782	11.19	0.0	301.0	292.03	973.34	-111.04	0	1
PROTOTYPE	010227	04/15/18	22:20:47	0.4892597695390782	0.4892597695390782	11.22	0.0	4.207634018036073	4.205676978957915	13.01	6.28	0.4892597695390782	0.4892597695390782	11.22	0.0	289.0	291.58	971.69	-109.39	0	1
PROTOTYPE	010228	04/15/18	22:20:49	0.4892597695390782	0.4892597695390782	11.22	0.0	4.207634018036073	4.205676978957915	12.54	5.34	0.4892597695390782	0.4892597695390782	11.22	0.0	289.0	291.19	1000.21	-137.98	0	1
PROTOTYPE	010229	04/15/18	22:20:50	0.4892597695390782	0.4892597695390782	11.21	0.0	4.207634018036073	4.205676978957915	12.19	4.54	0.4892597695390782	0.4892597695390782	11.21	0.0	290.0	291.01	994.53	-132.28	0	1
PROTOTYPE	010230	04/15/18	22:20:52	0.4892597695390782	0.4892597695390782	11.19	0.0	4.207634018036073	4.206655498496994	11.91	3.86	0.4892597695390782	0.4892597695390782	11.19	0.0	288.0	290.56	924.69	-292.44	0	1
PROTOTYPE	010231	04/15/18	22:20:53	0.4892597695390782	0.4892597695390782	11.19	0.0	4.207634018036073	4.206655498496994	11.72	3.28	0.4892597695390782	0.4892597695390782	11.19	0.0	299.0	291.83	893.56	-323.57	0	1
PROTOTYPE	010232	04/15/18	22:20:54	0.4892597695390782	0.4892597695390782	11.2	0.0	4.207634018036073	4.206655498496994	11.58	2.79	0.4892597695390782	0.4892597695390782	11.2	0.0	299.0	292.9	865.28	-80.04	0	1
PROTOTYPE	010233	04/15/18	22:20:56	0.4892597695390782	0.4892597695390782	11.23	0.0	4.207634018036073	4.206655498496994	11.51	2.37	0.4892597695390782	0.4892597695390782	11.23	0.0	291.0	292.62	568.3	216.97	0	1
PROTOTYPE	010234	04/15/18	22:20:57	0.4892597695390782	0.4892597695390782	11.24	0.0	4.207634018036073	4.206655498496994	11.44	2.01	0.4892597695390782	0.4892597695390782	11.24	0.0	279.0	290.57	614.24	-145.58	0	1
PROTOTYPE	010235	04/15/18	22:20:59	0.4892597695390782	0.4892597695390782	11.24	0.0	4.207634018036073	4.206655498496994	11.38	1.71	0.4892597695390782	0.4892597695390782	11.24	0.0	294.0	291.09	620.19	-48.74	0	1
PROTOTYPE	010236	04/15/18	22:21:00	0.4892597695390782	0.4892597695390782	11.24	0.0	4.207634018036073	4.206655498496994	11.34	1.45	0.4892597695390782	0.4892597695390782	11.24	0.0	302.0	292.72	745.23	153.57	0	1
PROTOTYPE	010237	04/15/18	22:21:02	0.4892597695390782	0.4892597695390782	11.27	0.0	4.207634018036073	4.207634018036073	11.34	1.24	0.4892597695390782	0.4892597695390782	11.27	0.0	292.0	292.62	738.3	160.53	0	1
PROTOTYPE	010238	04/15/18	22:21:03	0.4892597695390782	0.4892597695390782	11.3	0.0	4.207634018036073	4.207634018036073	11.35	1.05	0.4892597695390782	0.4892597695390782	11.3	0.0	300.0	293.72	803.9	316.45	0	1
PROTOTYPE	010239	04/15/18	22:21:04	0.4892597695390782	0.4892597695390782	11.29	0.0	4.207634018036073	4.207634018036073	11.33	0.89	0.4892597695390782	0.4892597695390782	11.29	0.0	277.0	291.21	928.13	-61.01	0	1
PROTOTYPE	010240	04/15/18	22:21:06	0.4892597695390782	0.4892597695390782	11.29	0.0	4.207634018036073	4.207634018036073	11.32	0.76	0.4892597695390782	0.4892597695390782	11.29	0.0	287.0	290.58	883.74	-231.86	0	1
PROTOTYPE	010241	04/15/18	22:21:07	0.4892597695390782	0.4892597695390782	11.28	0.0	4.207634018036073	4.207634018036073	11.3	0.65	0.4892597695390782	0.4892597695390782	11.28	0.0	291.0	290.65	861.6	-197.08	0	1
PROTOTYPE	010242	04/15/18	22:21:09	0.4892597695390782	0.4892597695390782	11.28	0.0	4.207634018036073	4.207634018036073	11.29	0.55	0.4892597695390782	0.4892597695390782	11.28	0.0	283.0	289.5	772.04	-107.52	0	1
PROTOTYPE	010243	04/15/18	22:21:10	0.4892597695390782	0.4892597695390782	11.28	0.0	4.207634018036073	4.207634018036073	11.29	0.47	0.4892597695390782	0.4892597695390782	11.28	0.0	294.0	290.17	788.16	-91.39	0	1
PROTOTYPE	010244	04/15/18	22:21:11	0.4892597695390782	0.4892597695390782	11.29	0.0	4.207634018036073	4.207634018036073	11.3	0.4	0.4892597695390782	0.4892597695390782	11.29	0.0	297.0	291.2	726.87	-152.68	0	1
PROTOTYPE	010245	04/15/18	22:21:13	0.4892597695390782	0.4892597695390782	11.28	0.0	4.207634018036073	4.207634018036073	11.28	0.34	0.4892597695390782	0.4892597695390782	11.28	0.0	292.0	291.32	728.03	-129.78	0	1
PROTOTYPE	010246	04/15/18	22:21:14	0.4892597695390782	0.4892597695390782	11.26	0.0	4.207634018036073	4.207634018036073	11.26	0.29	0.4892597695390782	0.4892597695390782	11.26	0.0	295.0	291.87	672.51	-185.31	0	1
PROTOTYPE	010247	04/15/18	22:21:16	0.4892597695390782	0.4892597695390782	11.29	0.0	4.207634018036073	4.207634018036073	11.29	0.24	0.4892597695390782	0.4892597695390782	11.29	0.0	292.0	291.89	424.06	67.48	0	1
PROTOTYPE	010248	04/15/18	22:21:17	0.4892597695390782	0.4892597695390782	11.3	0.0	4.207634018036073	4.207634018036073	11.3	0.21	0.4892597695390782	0.4892597695390782	11.3	0.0	295.0	292.36	407.5	177.36	0	1
PROTOTYPE	010249	04/15/18	22:21:18	0.4892597695390782	0.4892597695390782	11.29	0.0	4.207634018036073	4.207634018036073	11.29	0.18	0.4892597695390782	0.4892597695390782	11.29	0.0	281.0	290.65	571.43	0.76	0	1
PROTOTYPE	010250	04/15/18	22:21:20	0.4892597695390782	0.4892597695390782	11.3	0.0	4.207634018036073	4.207634018036073	11.3	0.15	0.4892597695390782	0.4892597695390782	11.3	0.0	297.0	291.6	551.96	210.64	0	1
PROTOTYPE	010251	04/15/18	22:21:21	0.4892597695390782	0.4892597695390782	11.28	0.0	4.207634018036073	4.207634018036073	11.28	0.13	0.4892597695390782	0.4892597695390782	11.28	0.0	291.0	291.51	493.6	134.05	0	1
PROTOTYPE	010252	04/15/18	22:21:23	0.4892597695390782	0.4892597695390782	11.26	0.0	4.207634018036073	4.207634018036073	11.26	0.11	0.4892597695390782	0.4892597695390782	11.26	0.0	294.0	291.89	428.51	68.94	0	1
PROTOTYPE	010253	04/15/18	22:21:24	0.4892597695390782	0.4892597695390782	11.25	0.0	4.207634018036073	4.207634018036073	11.25	0.09	0.4892597695390782	0.4892597695390782	11.25	0.0	287.0	291.15	489.71	-16.4	0	1
PROTOTYPE	010254	04/15/18	22:21:25	0.4892597695390782	0.4892597695390782	11.26	0.0	4.1097820641282565	4.1929562249499	24.91	-14.92	0.4892597695390782	0.4892597695390782	11.26	0.0	288.0	290.68	481.8	-118.94	0	1
PROTOTYPE	010255	04/15/18	22:21:27	0.4892597695390782	0.4892597695390782	11.24	0.0	4.207634018036073	4.194913264028056	26.14	-12.68	0.4892597695390782	0.4892597695390782	11.24	0.0	298.0	291.78	589.18	-11.1	0	1
PROTOTYPE	010256	04/15/18	22:21:28	0.4892597695390782	0.4892597695390782	11.24	0.0	4.207634018036073	4.196870303106213	27.11	-10.78	0.4892597695390782	0.4892597695390782	11.24	0.0	291.0	291.66	554.27	-69.43	0	1
PROTOTYPE	010257	04/15/18	22:21:30	0.4892597695390782	0.4892597695390782	11.25	0.0	4.207634018036073	4.1988273421843685	27.86	-9.16	0.4892597695390782	0.4892597695390782	11.25	0.0	283.0	290.36	513.86	-29.02	0	1
PROTOTYPE	010258	04/15/18	22:21:31	0.4892597695390782	0.4892597695390782	11.25	0.0	4.207634018036073	4.199805861723447	28.43	-7.79	0.4892597695390782	0.4892597695390782	11.25	0.0	294.0	290.91	473.22	-69.67	0	1
PROTOTYPE	010259	04/15/18	22:21:33	0.4892597695390782	0.4892597695390782	11.26	0.0	4.207634018036073	4.200784381262525	28.87	-6.62	0.4892597695390782	0.4892597695390782	11.26	0.0	289.0	290.62	492.7	-89.22	0	1
PROTOTYPE	010260	04/15/18	22:21:34	0.4892597695390782	0.4892597695390782	11.26	0.0	4.1097820641282565	4.187085107715431	41.54	-20.63	0.4892597695390782	0.4892597695390782	11.26	0.0	289.0	290.38	479.76	-150.83	0	1
PROTOTYPE	010261	04/15/18	22:21:35	0.4892597695390782	0.4892597695390782	11.24	0.0	4.207634018036073	4.190020666332665	43.53	-17.53	0.4892597695390782	0.4892597695390782	11.24	0.0	297.0	291.37	505.77	21.79	0	1
PROTOTYPE	010262	04/15/18	22:21:37	0.4892597695390782	0.4892597695390782	11.24	0.0	4.207634018036073	4.1929562249499	31.46	0.1	0.4892597695390782	0.4892597695390782	11.24	0.0	291.0	291.32	464.19	63.52	0	1
PROTOTYPE	010263	04/15/18	22:21:38	0.4892597695390782	0.4892597695390782	11.26	0.0	4.207634018036073	4.194913264028056	31.46	0.08	0.4892597695390782	0.4892597695390782	11.26	0.0	285.0	290.37	449.15	-141.01	0	1
PROTOTYPE	010264	04/15/18	22:21:40	0.4892597695390782	0.4892597695390782	11.25	0.0	4.207634018036073	4.196870303106213	31.44	0.07	0.4892597695390782	0.4892597695390782	11.25	0.0	281.0	288.96	577.92	-269.86	0	1
PROTOTYPE	010265	04/15/18	22:21:41	0.4892597695390782	0.4892597695390782	11.25	0.0	4.207634018036073	4.1988273421843685	31.43	0.06	0.4892597695390782	0.4892597695390782	11.25	0.0	295.0	289.87	538.54	-49.38	0	1
PROTOTYPE	010266	04/15/18	22:21:42	0.4892597695390782	0.4892597695390782	11.24	0.0	4.207634018036073	4.199805861723447	31.42	0.05	0.4892597695390782	0.4892597695390782	11.24	0.0	281.0	288.54	617.0	-236.97	0	1
PROTOTYPE	010267	04/15/18	22:21:44	0.4892597695390782	0.4892597695390782	11.25	0.0	4.207634018036073	4.200784381262525	31.42	0.04	0.4892597695390782	0.4892597695390782	11.25	0.0	287.0	288.31	611.47	-231.42	0	1
PROTOTYPE	010268	04/15/18	22:21:45	0.4892597695390782	0.4892597695390782	11.28	0.0	4.207634018036073	4.2017629008016035	19.09	15.04	0.4892597695390782	0.4892597695390782	11.28	0.0	295.0	289.31	687.49	-106.71	0	1
PROTOTYPE	010269	04/15/18	22:21:47	0.4892597695390782	0.4892597695390782	11.3	0.0	4.207634018036073	4.202741420340682	17.34	12.78	0.4892597695390782	0.4892597695390782	11.3	0.0	295.0	290.16	673.5	-120.7	0	1
PROTOTYPE	010270	04/15/18	22:21:48	0.4892597695390782	0.4892597695390782	11.32	0.0	4.207634018036073	4.20371993987976	15.95	10.86	0.4892597695390782	0.4892597695390782	11.32	0.0	291.0	290.29	680.35	-102.6	0	1
PROTOTYPE	010271	04/15/18	22:21:49	0.4892597695390782	0.4892597695390782	11.3	0.0	4.207634018036073	4.204698459418838	14.82	9.23	0.4892597695390782	0.4892597695390782	11.3	0.0	298.0	291.45	701.26	107.79	0	1
PROTOTYPE	010272	04/15/18	22:21:51	0.4892597695390782	0.4892597695390782	11.29	0.0	4.1097820641282565	4.190020666332665	27.01	-7.15	0.4892597695390782	0.4892597695390782	11.29	0.0	289.0	291.08	597.44	211.62	0	1
PROTOTYPE	010273	04/15/18	22:21:52	0.4892597695390782	0.4892597695390782	11.29	0.0	4.1097820641282565	4.178278431863728	37.25	-21.08	0.4892597695390782	0.4892597695390782	11.29	0.0	294.0	291.52	550.71	164.88	0	1
PROTOTYPE	010274	04/15/18	22:21:54	0.4892597695390782	0.4892597695390782	11.29	0.0	4.1097820641282565	4.1675147169338675	45.84	-32.92	0.4892597695390782	0.4892597695390782	11.29	0.0	289.0	291.14	455.46	260.15	0	1
PROTOTYPE	010275	04/15/18	22:21:55	0.4892597695390782	0.4892597695390782	11.3	0.0	4.1097820641282565	4.158708041082164	53.01	-42.98	0.4892597695390782	0.4892597695390782	11.3	0.0	289.0	290.82	464.47	251.13	0	1
PROTOTYPE	010276	04/15/18	22:21:56	0.4892597695390782	0.4892597695390782	11.28	0.0	4.1097820641282565	4.1518584043086175	58.96	-51.53	0.4892597695390782	0.4892597695390782	11.28	0.0	299.0	292.05	486.8	273.46	0	1
PROTOTYPE	010277	04/15/18	22:21:58	0.4892597695390782	0.4892597695390782	11.29	0.0	4.1097820641282565	4.14500876753507	63.9	-58.8	0.4892597695390782	0.4892597695390782	11.29	0.0	300.0	293.24	520.78	307.44	0	1
PROTOTYPE	010278	04/15/18	22:21:59	0.4892597695390782	0.4892597695390782	11.27	0.0	4.1097820641282565	4.140116169839679	67.94	-64.98	0.4892597695390782	0.4892597695390782	11.27	0.0	279.0	291.1	721.77	81.32	0	1
PROTOTYPE	010279	04/15/18	22:22:01	0.4892597695390782	0.4892597695390782	11.27	0.0	4.1097820641282565	4.135223572144289	71.26	-70.23	0.4892597695390782	0.4892597695390782	11.27	0.0	290.0	290.94	622.72	-50.88	0	1
PROTOTYPE	010280	04/15/18	22:22:02	0.4892597695390782	0.4892597695390782	11.28	0.0	4.1097820641282565	4.131309493987976	60.9	-59.7	0.4892597695390782	0.4892597695390782	11.28	0.0	300.0	292.3	721.93	121.76	0	1
PROTOTYPE	010281	04/15/18	22:22:04	0.4892597695390782	0.4892597695390782	11.28	0.0	4.1097820641282565	4.128373935370741	52.15	-50.74	0.4892597695390782	0.4892597695390782	11.28	0.0	286.0	291.35	772.57	-16.51	0	1
PROTOTYPE	010282	04/15/18	22:22:05	0.4892597695390782	0.4892597695390782	11.28	0.0	4.1097820641282565	4.1254383767535066	44.77	-43.13	0.4892597695390782	0.4892597695390782	11.28	0.0	294.0	291.75	774.52	60.97	0	1
PROTOTYPE	010283	04/15/18	22:22:06	0.4892597695390782	0.4892597695390782	11.25	0.0	4.1097820641282565	4.123481337675351	38.56	-36.66	0.4892597695390782	0.4892597695390782	11.25	0.0	304.0	293.59	926.14	276.82	0	1
PROTOTYPE	010284	04/15/18	22:22:08	0.4892597695390782	0.4892597695390782	11.26	0.0	4.1097820641282565	4.121524298597194	33.37	-31.16	0.4892597695390782	0.4892597695390782	11.26	0.0	290.0	293.05	857.25	100.3	0	1
PROTOTYPE	010285	04/15/18	22:22:09	0.4892597695390782	0.4892597695390782	11.26	0.0	4.1097820641282565	4.119567259519038	29.04	-26.49	0.4892597695390782	0.4892597695390782	11.26	0.0	291.0	292.74	768.7	-49.75	0	1
PROTOTYPE	010286	04/15/18	22:22:11	0.4892597695390782	0.4892597695390782	11.25	0.0	4.1097820641282565	4.1176102204408815	25.45	-22.52	0.4892597695390782	0.4892597695390782	11.25	0.0	278.0	290.53	776.24	-57.28	0	1
PROTOTYPE	010287	04/15/18	22:22:12	0.4892597695390782	0.4892597695390782	11.26	0.0	4.1097820641282565	4.116631700901803	22.49	-19.14	0.4892597695390782	0.4892597695390782	11.26	0.0	291.0	290.6	766.81	-33.69	0	1
PROTOTYPE	010288	04/15/18	22:22:13	0.4892597695390782	0.4892597695390782	11.26	0.0	4.1097820641282565	4.115653181362726	20.07	-16.27	0.4892597695390782	0.4892597695390782	11.26	0.0	293.0	290.96	666.89	-133.64	0	1
PROTOTYPE	010289	04/15/18	22:22:15	0.4892597695390782	0.4892597695390782	11.29	0.0	4.1097820641282565	4.114674661823647	18.14	-13.83	0.4892597695390782	0.4892597695390782	11.29	0.0	287.0	290.37	631.85	-98.59	0	1
PROTOTYPE	010290	04/15/18	22:22:16	0.4892597695390782	0.4892597695390782	11.29	0.0	4.1097820641282565	4.113696142284569	16.56	-11.75	0.4892597695390782	0.4892597695390782	11.29	0.0	293.0	290.76	631.64	-98.8	0	1
PROTOTYPE	010291	04/15/18	22:22:18	0.4892597695390782	0.4892597695390782	11.28	0.0	4.207634018036073	4.128373935370741	28.17	5.01	0.4892597695390782	0.4892597695390782	11.28	0.0	288.0	290.35	489.33	-323.98	0	1
PROTOTYPE	010292	04/15/18	22:22:19	0.4892597695390782	0.4892597695390782	11.26	0.0	4.207634018036073	4.140116169839679	37.94	19.26	0.4892597695390782	0.4892597695390782	11.26	0.0	299.0	291.65	565.3	-140.39	0	1
PROTOTYPE	010293	04/15/18	22:22:20	0.4892597695390782	0.4892597695390782	11.23	0.0	4.207634018036073	4.149901365230461	46.14	31.37	0.4892597695390782	0.4892597695390782	11.23	0.0	294.0	292.0	569.87	-74.33	0	1
PROTOTYPE	010294	04/15/18	22:22:22	0.4892597695390782	0.4892597695390782	11.22	0.0	4.1097820641282565	4.1440302479959925	50.45	26.66	0.4892597695390782	0.4892597695390782	11.22	0.0	292.0	292.0	350.13	146.82	0	1
PROTOTYPE	010295	04/15/18	22:22:23	0.4892597695390782	0.4892597695390782	11.2	0.0	4.1097820641282565	4.139137650300601	54.0	22.66	0.4892597695390782	0.4892597695390782	11.2	0.0	278.0	289.9	552.94	-70.2	0	1
PROTOTYPE	010296	04/15/18	22:22:25	0.4892597695390782	0.4892597695390782	11.2	0.0	4.207634018036073	4.1489228456913825	62.85	34.26	0.4892597695390782	0.4892597695390782	11.2	0.0	288.0	289.61	545.44	-134.67	0	1
PROTOTYPE	010297	04/15/18	22:22:26	0.4892597695390782	0.4892597695390782	11.16	0.0	4.207634018036073	4.157729521543087	70.2	44.13	0.4892597695390782	0.4892597695390782	11.16	0.0	286.0	289.07	540.24	-129.47	0	1
PROTOTYPE	010298	04/15/18	22:22:27	0.4892597695390782	0.4892597695390782	11.17	0.0	4.207634018036073	4.165557677855712	76.33	52.51	0.4892597695390782	0.4892597695390782	11.17	0.0	291.0	289.36	529.67	-140.05	0	1
PROTOTYPE	010299	04/15/18	22:22:29	0.4892597695390782	0.4892597695390782	11.17	0.0	4.207634018036073	4.171428795090181	68.53	44.63	0.4892597695390782	0.4892597695390782	11.17	0.0	294.0	290.06	557.82	-29.04	0	1
PROTOTYPE	010300	04/15/18	22:22:30	0.4892597695390782	0.4892597695390782	11.17	0.0	4.207634018036073	4.177299912324649	61.93	37.94	0.4892597695390782	0.4892597695390782	11.17	0.0	285.0	289.3	503.89	-234.69	0	1
PROTOTYPE	010301	04/15/18	22:22:32	0.4892597695390782	0.4892597695390782	11.18	0.0	4.207634018036073	4.18219251002004	56.36	32.25	0.4892597695390782	0.4892597695390782	11.18	0.0	287.0	288.95	503.05	-304.48	0	1
PROTOTYPE	010302	04/15/18	22:22:33	0.4892597695390782	0.4892597695390782	11.18	0.0	4.207634018036073	4.1861065881763535	54.21	42.41	0.4892597695390782	0.4892597695390782	11.18	0.0	288.0	288.81	516.03	-318.81	0	1
PROTOTYPE	010303	04/15/18	22:22:34	0.4892597695390782	0.4892597695390782	11.2	0.0	4.207634018036073	4.189042146793588	52.43	51.05	0.4892597695390782	0.4892597695390782	11.2	0.0	289.0	288.84	309.22	-105.99	0	1
PROTOTYPE	010304	04/15/18	22:22:36	0.4892597695390782	0.4892597695390782	11.2	0.0	4.207634018036073	4.191977705410823	45.0	43.39	0.4892597695390782	0.4892597695390782	11.2	0.0	294.0	289.61	358.12	-0.09	0	1
PROTOTYPE	010305	04/15/18	22:22:37	0.4892597695390782	0.4892597695390782	11.22	0.0	4.207634018036073	4.193934744488978	38.77	36.88	0.4892597695390782	0.4892597695390782	11.22	0.0	280.0	288.17	448.1	-90.08	0	1
PROTOTYPE	010306	04/15/18	22:22:39	0.4892597695390782	0.4892597695390782	11.23	0.0	4.1097820641282565	4.181213990480962	44.04	16.35	0.4892597695390782	0.4892597695390782	11.23	0.0	302.0	290.25	626.58	88.43	0	1
PROTOTYPE	010307	04/15/18	22:22:40	0.4892597695390782	0.4892597695390782	11.27	0.0	4.1097820641282565	4.170450275551102	48.51	-1.1	0.4892597695390782	0.4892597695390782	11.27	0.0	290.0	290.21	560.94	15.17	0	1
PROTOTYPE	010308	04/15/18	22:22:41	0.4892597695390782	0.4892597695390782	11.27	0.0	4.1097820641282565	4.161643599699398	52.28	-15.94	0.4892597695390782	0.4892597695390782	11.27	0.0	295.0	290.93	556.95	162.89	0	1
PROTOTYPE	010309	04/15/18	22:22:43	0.4892597695390782	0.4892597695390782	11.26	0.0	4.207634018036073	4.168493236472946	54.6	-13.55	0.4892597695390782	0.4892597695390782	11.26	0.0	300.0	292.29	658.54	333.46	0	1
PROTOTYPE	010310	04/15/18	22:22:44	0.4892597695390782	0.4892597695390782	11.28	0.0	4.207634018036073	4.174364353707415	56.56	-11.51	0.4892597695390782	0.4892597695390782	11.28	0.0	292.0	292.25	648.72	343.44	0	1
PROTOTYPE	010311	04/15/18	22:22:46	0.4892597695390782	0.4892597695390782	11.29	0.0	4.207634018036073	4.179256951402805	58.2	-9.79	0.4892597695390782	0.4892597695390782	11.29	0.0	292.0	292.21	649.49	336.92	0	1
PROTOTYPE	010312	04/15/18	22:22:47	0.4892597695390782	0.4892597695390782	11.29	0.0	4.207634018036073	4.1831710295591185	59.57	-8.32	0.4892597695390782	0.4892597695390782	11.29	0.0	300.0	293.38	688.95	376.39	0	1
PROTOTYPE	010313	04/15/18	22:22:48	0.4892597695390782	0.4892597695390782	11.26	0.0	4.207634018036073	4.187085107715431	60.68	-7.07	0.4892597695390782	0.4892597695390782	11.26	0.0	291.0	293.02	580.42	484.93	0	1
PROTOTYPE	010314	04/15/18	22:22:50	0.4892597695390782	0.4892597695390782	11.24	0.0	4.207634018036073	4.190020666332665	51.11	8.99	0.4892597695390782	0.4892597695390782	11.24	0.0	288.0	292.27	448.31	202.19	0	1
PROTOTYPE	010315	04/15/18	22:22:51	0.4892597695390782	0.4892597695390782	11.2	0.0	4.207634018036073	4.1929562249499	43.03	22.64	0.4892597695390782	0.4892597695390782	11.2	0.0	302.0	293.73	590.35	351.86	0	1
PROTOTYPE	010316	04/15/18	22:22:53	0.4892597695390782	0.4892597695390782	11.22	0.0	4.207634018036073	4.194913264028056	36.26	34.24	0.4892597695390782	0.4892597695390782	11.22	0.0	276.0	291.07	784.38	14.08	0	1
PROTOTYPE	010317	04/15/18	22:22:54	0.4892597695390782	0.4892597695390782	11.25	0.0	4.207634018036073	4.196870303106213	31.45	29.11	0.4892597695390782	0.4892597695390782	11.25	0.0	291.0	291.06	650.04	-123.03	0	1
PROTOTYPE	010318	04/15/18	22:22:56	0.4892597695390782	0.4892597695390782	11.25	0.0	4.207634018036073	4.1988273421843685	27.45	24.74	0.4892597695390782	0.4892597695390782	11.25	0.0	293.0	291.35	674.65	-89.58	0	1
PROTOTYPE	010319	04/15/18	22:22:57	0.4892597695390782	0.4892597695390782	11.23	0.0	4.207634018036073	4.199805861723447	24.13	21.03	0.4892597695390782	0.4892597695390782	11.23	0.0	285.0	290.4	765.96	-181.14	0	1
PROTOTYPE	010320	04/15/18	22:22:58	0.4892597695390782	0.4892597695390782	11.23	0.0	4.207634018036073	4.200784381262525	21.4	17.88	0.4892597695390782	0.4892597695390782	11.23	0.0	295.0	291.09	718.14	-228.97	0	1
PROTOTYPE	010321	04/15/18	22:23:00	0.4892597695390782	0.4892597695390782	11.24	0.0	4.1097820641282565	4.187085107715431	31.53	0.19	0.4892597695390782	0.4892597695390782	11.24	0.0	292.0	291.22	696.22	-179.62	0	1
PROTOTYPE	010322	04/15/18	22:23:01	0.4892597695390782	0.4892597695390782	11.24	0.0	4.207634018036073	4.190020666332665	31.5	0.17	0.4892597695390782	0.4892597695390782	11.24	0.0	284.0	290.14	729.27	-212.68	0	1
PROTOTYPE	010323	04/15/18	22:23:03	0.4892597695390782	0.4892597695390782	11.26	0.0	4.1097820641282565	4.178278431863728	40.94	-14.86	0.4892597695390782	0.4892597695390782	11.26	0.0	289.0	289.97	600.44	-375.78	0	1
PROTOTYPE	010324	04/15/18	22:23:04	0.4892597695390782	0.4892597695390782	11.27	0.0	4.1097820641282565	4.168493236472946	48.87	-27.63	0.4892597695390782	0.4892597695390782	11.27	0.0	296.0	290.87	425.0	-19.41	0	1
PROTOTYPE	010325	04/15/18	22:23:05	0.4892597695390782	0.4892597695390782	11.25	0.0	4.207634018036073	4.174364353707415	52.71	-23.49	0.4892597695390782	0.4892597695390782	11.25	0.0	293.0	291.19	455.16	13.5	0	1
PROTOTYPE	010326	04/15/18	22:23:07	0.4892597695390782	0.4892597695390782	11.24	0.0	4.1097820641282565	4.164579158316633	60.49	-34.96	0.4892597695390782	0.4892597695390782	11.24	0.0	291.0	291.16	429.22	-18.52	0	1
PROTOTYPE	010327	04/15/18	22:23:08	0.4892597695390782	0.4892597695390782	11.28	0.0	4.207634018036073	4.170450275551102	65.31	-29.72	0.4892597695390782	0.4892597695390782	11.28	0.0	278.0	289.19	531.43	-120.75	0	1
PROTOTYPE	010328	04/15/18	22:23:10	0.4892597695390782	0.4892597695390782	11.28	0.0	4.207634018036073	4.176321392785571	69.29	-25.26	0.4892597695390782	0.4892597695390782	11.28	0.0	289.0	289.16	465.54	-192.63	0	1
PROTOTYPE	010329	04/15/18	22:23:11	0.4892597695390782	0.4892597695390782	11.28	0.0	4.207634018036073	4.181213990480962	60.21	-6.47	0.4892597695390782	0.4892597695390782	11.28	0.0	297.0	290.34	569.37	-88.74	0	1
PROTOTYPE	010330	04/15/18	22:23:12	0.4892597695390782	0.4892597695390782	11.27	0.0	4.207634018036073	4.185128068637274	61.11	-5.5	0.4892597695390782	0.4892597695390782	11.27	0.0	301.0	291.94	620.95	179.57	0	1
PROTOTYPE	010331	04/15/18	22:23:14	0.4892597695390782	0.4892597695390782	11.27	0.0	4.207634018036073	4.188063627254508	52.41	10.32	0.4892597695390782	0.4892597695390782	11.27	0.0	298.0	292.85	694.75	287.64	0	1
PROTOTYPE	010332	04/15/18	22:23:15	0.4892597695390782	0.4892597695390782	11.26	0.0	4.207634018036073	4.1909991858717435	45.07	23.78	0.4892597695390782	0.4892597695390782	11.26	0.0	286.0	291.82	706.98	94.49	0	1
PROTOTYPE	010333	04/15/18	22:23:17	0.4892597695390782	0.4892597695390782	11.26	0.0	4.207634018036073	4.193934744488978	41.71	20.21	0.4892597695390782	0.4892597695390782	11.26	0.0	295.0	292.3	722.8	110.32	0	1
PROTOTYPE	010334	04/15/18	22:23:18	0.4892597695390782	0.4892597695390782	11.26	0.0	4.207634018036073	4.195891783567134	34.32	32.18	0.4892597695390782	0.4892597695390782	11.26	0.0	295.0	292.7	760.16	153.77	0	1
PROTOTYPE	010335	04/15/18	22:23:19	0.4892597695390782	0.4892597695390782	11.24	0.0	4.207634018036073	4.197848822645291	29.83	27.35	0.4892597695390782	0.4892597695390782	11.24	0.0	280.0	290.8	753.23	160.7	0	1
PROTOTYPE	010336	04/15/18	22:23:21	0.4892597695390782	0.4892597695390782	11.25	0.0	4.207634018036073	4.1988273421843685	26.1	23.25	0.4892597695390782	0.4892597695390782	11.25	0.0	292.0	290.98	768.17	181.6	0	1
PROTOTYPE	010337	04/15/18	22:23:22	0.4892597695390782	0.4892597695390782	11.26	0.0	4.207634018036073	4.200784381262525	23.03	19.76	0.4892597695390782	0.4892597695390782	11.26	0.0	281.0	289.48	800.24	-85.64	0	1
PROTOTYPE	010338	04/15/18	22:23:24	0.4892597695390782	0.4892597695390782	11.28	0.0	4.207634018036073	4.2017629008016035	20.52	16.8	0.4892597695390782	0.4892597695390782	11.28	0.0	295.0	290.31	723.09	-162.8	0	1
PROTOTYPE	010339	04/15/18	22:23:25	0.4892597695390782	0.4892597695390782	11.27	0.0	4.207634018036073	4.202741420340682	18.47	14.28	0.4892597695390782	0.4892597695390782	11.27	0.0	288.0	289.96	666.78	-288.38	0	1
PROTOTYPE	010340	04/15/18	22:23:26	0.4892597695390782	0.4892597695390782	11.27	0.0	4.207634018036073	4.202741420340682	16.83	12.14	0.4892597695390782	0.4892597695390782	11.27	0.0	288.0	289.67	593.54	-215.12	0	1
PROTOTYPE	010341	04/15/18	22:23:28	0.4892597695390782	0.4892597695390782	11.27	0.0	4.207634018036073	4.20371993987976	15.52	10.32	0.4892597695390782	0.4892597695390782	11.27	0.0	291.0	289.87	565.84	-242.85	0	1
PROTOTYPE	010342	04/15/18	22:23:29	0.4892597695390782	0.4892597695390782	11.28	0.0	4.207634018036073	4.204698459418838	14.5	8.77	0.4892597695390782	0.4892597695390782	11.28	0.0	292.0	290.19	557.27	-251.42	0	1
PROTOTYPE	010343	04/15/18	22:23:31	0.4892597695390782	0.4892597695390782	11.28	0.0	4.207634018036073	4.204698459418838	13.7	7.45	0.4892597695390782	0.4892597695390782	11.28	0.0	294.0	290.76	423.95	-3.71	0	1
PROTOTYPE	010344	04/15/18	22:23:32	0.4892597695390782	0.4892597695390782	11.27	0.0	4.207634018036073	4.205676978957915	13.08	6.33	0.4892597695390782	0.4892597695390782	11.27	0.0	280.0	289.15	567.24	-183.15	0	1
PROTOTYPE	010345	04/15/18	22:23:34	0.4892597695390782	0.4892597695390782	11.26	0.0	4.207634018036073	4.205676978957915	12.6	5.38	0.4892597695390782	0.4892597695390782	11.26	0.0	293.0	289.72	475.41	24.32	0	1
PROTOTYPE	010346	04/15/18	22:23:35	0.4892597695390782	0.4892597695390782	11.28	0.0	4.207634018036073	4.205676978957915	12.27	4.58	0.4892597695390782	0.4892597695390782	11.28	0.0	290.0	289.77	396.99	-54.33	0	1
PROTOTYPE	010347	04/15/18	22:23:36	0.4892597695390782	0.4892597695390782	11.3	0.0	4.207634018036073	4.206655498496994	12.02	3.89	0.4892597695390782	0.4892597695390782	11.3	0.0	289.0	289.65	373.9	-31.18	0	1
PROTOTYPE	010348	04/15/18	22:23:38	0.4892597695390782	0.4892597695390782	11.31	0.0	4.207634018036073	4.206655498496994	11.84	3.31	0.4892597695390782	0.4892597695390782	11.31	0.0	272.0	287.0	609.19	-266.5	0	1
PROTOTYPE	010349	04/15/18	22:23:39	0.4892597695390782	0.4892597695390782	11.32	0.0	4.207634018036073	4.206655498496994	11.7	2.81	0.4892597695390782	0.4892597695390782	11.32	0.0	292.0	287.75	664.13	-211.53	0	1
PROTOTYPE	010350	04/15/18	22:23:41	0.4892597695390782	0.4892597695390782	11.3	0.0	4.207634018036073	4.206655498496994	11.58	2.39	0.4892597695390782	0.4892597695390782	11.3	0.0	283.0	287.04	703.42	-314.8	0	1
PROTOTYPE	010351	04/15/18	22:23:42	0.4892597695390782	0.4892597695390782	11.29	0.0	4.207634018036073	4.206655498496994	11.49	2.03	0.4892597695390782	0.4892597695390782	11.29	0.0	290.0	287.48	690.64	-327.58	0	1
PROTOTYPE	010352	04/15/18	22:23:43	0.4892597695390782	0.4892597695390782	11.3	0.0	4.207634018036073	4.206655498496994	11.45	1.73	0.4892597695390782	0.4892597695390782	11.3	0.0	288.0	287.56	537.12	-158.44	0	1
PROTOTYPE	010353	04/15/18	22:23:45	0.4892597695390782	0.4892597695390782	11.31	0.0	4.207634018036073	4.206655498496994	11.41	1.47	0.4892597695390782	0.4892597695390782	11.31	0.0	291.0	288.08	530.89	-164.68	0	1
PROTOTYPE	010354	04/15/18	22:23:46	0.4892597695390782	0.4892597695390782	11.29	0.0	4.207634018036073	4.207634018036073	11.37	1.25	0.4892597695390782	0.4892597695390782	11.29	0.0	292.0	288.67	585.36	-109.97	0	1
PROTOTYPE	010355	04/15/18	22:23:48	0.4892597695390782	0.4892597695390782	11.27	0.0	4.207634018036073	4.207634018036073	11.32	1.06	0.4892597695390782	0.4892597695390782	11.27	0.0	302.0	290.67	773.82	101.52	0	1
PROTOTYPE	010356	04/15/18	22:23:49	0.4892597695390782	0.4892597695390782	11.24	0.0	4.207634018036073	4.207634018036073	11.28	0.9	0.4892597695390782	0.4892597695390782	11.24	0.0	288.0	290.27	549.07	326.29	0	1
PROTOTYPE	010357	04/15/18	22:23:50	0.4892597695390782	0.4892597695390782	11.25	0.0	4.305485971943888	4.222311811122244	24.97	15.77	0.4892597695390782	0.4892597695390782	11.25	0.0	295.0	290.98	545.13	322.35	0	1
PROTOTYPE	010358	04/15/18	22:23:52	0.4892597695390782	0.4892597695390782	11.28	0.0	4.207634018036073	4.220354772044089	26.2	13.4	0.4892597695390782	0.4892597695390782	11.28	0.0	293.0	291.28	504.23	424.0	0	1
PROTOTYPE	010359	04/15/18	22:23:53	0.4892597695390782	0.4892597695390782	11.27	0.0	4.207634018036073	4.218397732965931	27.12	11.39	0.4892597695390782	0.4892597695390782	11.27	0.0	296.0	291.99	530.62	450.4	0	1
PROTOTYPE	010360	04/15/18	22:23:55	0.4892597695390782	0.4892597695390782	11.26	0.0	4.207634018036073	4.216440693887776	27.83	9.68	0.4892597695390782	0.4892597695390782	11.26	0.0	286.0	291.09	612.57	352.84	0	1
PROTOTYPE	010361	04/15/18	22:23:56	0.4892597695390782	0.4892597695390782	11.25	0.0	4.207634018036073	4.215462174348697	28.36	8.23	0.4892597695390782	0.4892597695390782	11.25	0.0	296.0	291.83	634.64	374.91	0	1
PROTOTYPE	010362	04/15/18	22:23:58	0.4892597695390782	0.4892597695390782	11.26	0.0	4.207634018036073	4.214483654809619	28.78	7.0	0.4892597695390782	0.4892597695390782	11.26	0.0	300.0	293.05	698.39	438.68	0	1
PROTOTYPE	010363	04/15/18	22:23:59	0.4892597695390782	0.4892597695390782	11.26	0.0	4.207634018036073	4.213505135270542	29.09	5.95	0.4892597695390782	0.4892597695390782	11.26	0.0	294.0	293.19	512.65	252.87	0	1
PROTOTYPE	010364	04/15/18	22:24:00	0.4892597695390782	0.4892597695390782	11.28	0.0	4.207634018036073	4.212526615731463	29.33	5.05	0.4892597695390782	0.4892597695390782	11.28	0.0	286.0	292.12	580.57	184.94	0	1
PROTOTYPE	010365	04/15/18	22:24:02	0.4892597695390782	0.4892597695390782	11.25	0.0	4.207634018036073	4.211548096192384	15.78	-10.7	0.4892597695390782	0.4892597695390782	11.25	0.0	293.0	292.25	522.89	127.2	0	1
PROTOTYPE	010366	04/15/18	22:24:03	0.4892597695390782	0.4892597695390782	11.22	0.0	4.207634018036073	4.210569576653307	14.67	-9.1	0.4892597695390782	0.4892597695390782	11.22	0.0	295.0	292.66	533.8	138.12	0	1
