Dev_id	Index	Date	Time	Sensor1	Sensor1_Filter	Sensor1_LL	Sensor1_Diff	Sensor2	Sensor2_Filter	Sensor2_LL	Sensor2_Diff	Sensor3	Sensor3_Filter	Sensor3_LL	Sensor3_Diff	Sensor4	Sensor4_Filter	Sensor4_LL	Sensor4_Diff	Heater_Status	FSM_Status
PROTOTYPE	008167	04/15/18	21:32:21	0.4892597695390782	0.4892597695390782	11.3	0.0	4.305485971943888	4.297657815631263	24.4	21.31	0.4892597695390782	0.4892597695390782	11.3	0.0	304.0	290.39	667.52	216.76	0	1
PROTOTYPE	008168	04/15/18	21:32:22	0.4892597695390782	0.4892597695390782	11.26	0.0	4.305485971943888	4.2986363351703405	21.61	18.11	0.4892597695390782	0.4892597695390782	11.26	0.0	290.0	290.33	535.19	349.24	0	1
PROTOTYPE	008169	04/15/18	21:32:24	0.4892597695390782	0.4892597695390782	11.28	0.0	4.305485971943888	4.299614854709419	19.37	15.4	0.4892597695390782	0.4892597695390782	11.28	0.0	284.0	289.38	567.67	191.86	0	1
PROTOTYPE	008170	04/15/18	21:32:25	0.4892597695390782	0.4892597695390782	11.27	0.0	4.305485971943888	4.300593374248497	17.55	13.09	0.4892597695390782	0.4892597695390782	11.27	0.0	277.0	287.52	655.28	-91.92	0	1
PROTOTYPE	008171	04/15/18	21:32:26	0.4892597695390782	0.4892597695390782	11.25	0.0	4.305485971943888	4.301571893787575	16.08	11.12	0.4892597695390782	0.4892597695390782	11.25	0.0	283.0	286.84	699.72	-183.13	0	1
PROTOTYPE	008172	04/15/18	21:32:28	0.4892597695390782	0.4892597695390782	11.27	0.0	4.305485971943888	4.301571893787575	14.95	9.46	0.4892597695390782	0.4892597695390782	11.27	0.0	296.0	288.22	781.91	9.34	0	1
PROTOTYPE	008173	04/15/18	21:32:29	0.4892597695390782	0.4892597695390782	11.27	0.0	4.305485971943888	4.302550413326654	14.04	8.04	0.4892597695390782	0.4892597695390782	11.27	0.0	293.0	288.94	821.76	112.94	0	1
PROTOTYPE	008174	04/15/18	21:32:31	0.4892597695390782	0.4892597695390782	11.29	0.0	4.305485971943888	4.302550413326654	13.36	6.83	0.4892597695390782	0.4892597695390782	11.29	0.0	296.0	289.99	909.78	201.0	0	1
PROTOTYPE	008175	04/15/18	21:32:32	0.4892597695390782	0.4892597695390782	11.28	0.0	4.305485971943888	4.303528932865731	12.82	5.81	0.4892597695390782	0.4892597695390782	11.28	0.0	293.0	290.45	714.65	5.85	0	1
PROTOTYPE	008176	04/15/18	21:32:33	0.4892597695390782	0.4892597695390782	11.3	0.0	4.305485971943888	4.303528932865731	12.44	4.94	0.4892597695390782	0.4892597695390782	11.3	0.0	291.0	290.53	717.11	19.97	0	1
PROTOTYPE	008177	04/15/18	21:32:35	0.4892597695390782	0.4892597695390782	11.29	0.0	4.305485971943888	4.303528932865731	12.13	4.2	0.4892597695390782	0.4892597695390782	11.29	0.0	291.0	290.6	629.38	121.97	0	1
PROTOTYPE	008178	04/15/18	21:32:36	0.4892597695390782	0.4892597695390782	11.29	0.0	4.305485971943888	4.30450745240481	11.9	3.57	0.4892597695390782	0.4892597695390782	11.29	0.0	292.0	290.81	464.73	328.68	0	1
PROTOTYPE	008179	04/15/18	21:32:38	0.4892597695390782	0.4892597695390782	11.29	0.0	4.305485971943888	4.30450745240481	11.74	3.03	0.4892597695390782	0.4892597695390782	11.29	0.0	299.0	292.04	519.74	519.38	0	1
PROTOTYPE	008180	04/15/18	21:32:39	0.4892597695390782	0.4892597695390782	11.28	0.0	4.305485971943888	4.30450745240481	11.61	2.58	0.4892597695390782	0.4892597695390782	11.28	0.0	274.0	289.33	652.97	111.47	0	1
PROTOTYPE	008181	04/15/18	21:32:41	0.4892597695390782	0.4892597695390782	11.28	0.0	4.305485971943888	4.30450745240481	11.52	2.19	0.4892597695390782	0.4892597695390782	11.28	0.0	282.0	288.23	691.22	-70.25	0	1
PROTOTYPE	008182	04/15/18	21:32:42	0.4892597695390782	0.4892597695390782	11.29	0.0	4.305485971943888	4.30450745240481	11.46	1.86	0.4892597695390782	0.4892597695390782	11.29	0.0	280.0	287.0	708.73	-299.71	0	1
PROTOTYPE	008183	04/15/18	21:32:43	0.4892597695390782	0.4892597695390782	11.29	0.0	4.305485971943888	4.30450745240481	11.41	1.58	0.4892597695390782	0.4892597695390782	11.29	0.0	306.0	289.85	948.67	-59.76	0	1
PROTOTYPE	008184	04/15/18	21:32:45	0.4892597695390782	0.4892597695390782	11.28	0.0	4.305485971943888	4.30450745240481	11.37	1.34	0.4892597695390782	0.4892597695390782	11.28	0.0	284.0	288.97	1027.97	-155.79	0	1
PROTOTYPE	008185	04/15/18	21:32:46	0.4892597695390782	0.4892597695390782	11.29	0.0	4.305485971943888	4.305485971943888	11.35	1.14	0.4892597695390782	0.4892597695390782	11.29	0.0	283.0	288.08	1110.33	-252.42	0	1
PROTOTYPE	008186	04/15/18	21:32:48	0.4892597695390782	0.4892597695390782	11.3	0.0	4.305485971943888	4.305485971943888	11.35	0.97	0.4892597695390782	0.4892597695390782	11.3	0.0	287.0	287.91	1105.46	-289.56	0	1
PROTOTYPE	008187	04/15/18	21:32:49	0.4892597695390782	0.4892597695390782	11.33	0.0	4.305485971943888	4.305485971943888	11.36	0.83	0.4892597695390782	0.4892597695390782	11.33	0.0	303.0	290.18	1208.89	-186.13	0	1
PROTOTYPE	008188	04/15/18	21:32:50	0.4892597695390782	0.4892597695390782	11.3	0.0	4.207634018036073	4.2908081788577155	24.95	-14.3	0.4892597695390782	0.4892597695390782	11.3	0.0	299.0	291.5	1070.67	216.79	0	1
PROTOTYPE	008189	04/15/18	21:32:52	0.4892597695390782	0.4892597695390782	11.29	0.0	4.305485971943888	4.292765217935871	26.22	-12.15	0.4892597695390782	0.4892597695390782	11.29	0.0	294.0	291.88	998.2	364.27	0	1
PROTOTYPE	008190	04/15/18	21:32:53	0.4892597695390782	0.4892597695390782	11.32	0.0	4.305485971943888	4.294722257014028	27.22	-10.33	0.4892597695390782	0.4892597695390782	11.32	0.0	301.0	293.24	1011.58	624.63	0	1
PROTOTYPE	008191	04/15/18	21:32:55	0.4892597695390782	0.4892597695390782	11.3	0.0	4.305485971943888	4.296679296092185	27.97	-8.78	0.4892597695390782	0.4892597695390782	11.3	0.0	299.0	294.11	812.9	425.94	0	1
PROTOTYPE	008192	04/15/18	21:32:56	0.4892597695390782	0.4892597695390782	11.31	0.0	4.305485971943888	4.297657815631263	28.56	-7.46	0.4892597695390782	0.4892597695390782	11.31	0.0	292.0	293.79	756.81	482.05	0	1
PROTOTYPE	008193	04/15/18	21:32:58	0.4892597695390782	0.4892597695390782	11.31	0.0	4.305485971943888	4.2986363351703405	28.99	-6.34	0.4892597695390782	0.4892597695390782	11.31	0.0	298.0	294.42	730.38	634.74	0	1
PROTOTYPE	008194	04/15/18	21:32:59	0.4892597695390782	0.4892597695390782	11.3	0.0	4.305485971943888	4.299614854709419	29.31	-5.39	0.4892597695390782	0.4892597695390782	11.3	0.0	300.0	295.26	797.87	734.53	0	1
PROTOTYPE	008195	04/15/18	21:33:00	0.4892597695390782	0.4892597695390782	11.28	0.0	4.305485971943888	4.300593374248497	29.53	-4.58	0.4892597695390782	0.4892597695390782	11.28	0.0	286.0	293.87	710.46	369.35	0	1
PROTOTYPE	008196	04/15/18	21:33:02	0.4892597695390782	0.4892597695390782	11.32	0.0	4.305485971943888	4.301571893787575	16.12	11.1	0.4892597695390782	0.4892597695390782	11.32	0.0	291.0	293.44	621.19	193.95	0	1
PROTOTYPE	008197	04/15/18	21:33:03	0.4892597695390782	0.4892597695390782	11.34	0.0	4.305485971943888	4.301571893787575	14.98	9.44	0.4892597695390782	0.4892597695390782	11.34	0.0	304.0	295.02	742.08	314.86	0	1
PROTOTYPE	008198	04/15/18	21:33:05	0.4892597695390782	0.4892597695390782	11.28	0.0	4.305485971943888	4.302550413326654	14.04	8.02	0.4892597695390782	0.4892597695390782	11.28	0.0	288.0	293.97	710.56	72.63	0	1
PROTOTYPE	008199	04/15/18	21:33:06	0.4892597695390782	0.4892597695390782	11.28	0.0	4.305485971943888	4.302550413326654	13.34	6.82	0.4892597695390782	0.4892597695390782	11.28	0.0	292.0	293.67	653.8	-43.27	0	1
PROTOTYPE	008200	04/15/18	21:33:07	0.4892597695390782	0.4892597695390782	11.28	0.0	4.305485971943888	4.303528932865731	12.81	5.8	0.4892597695390782	0.4892597695390782	11.28	0.0	285.0	292.37	752.28	-141.78	0	1
PROTOTYPE	008201	04/15/18	21:33:09	0.4892597695390782	0.4892597695390782	11.26	0.0	4.305485971943888	4.303528932865731	12.4	4.93	0.4892597695390782	0.4892597695390782	11.26	0.0	297.0	293.07	758.55	-135.51	0	1
PROTOTYPE	008202	04/15/18	21:33:10	0.4892597695390782	0.4892597695390782	11.26	0.0	4.305485971943888	4.303528932865731	12.09	4.19	0.4892597695390782	0.4892597695390782	11.26	0.0	291.0	292.76	705.92	-250.18	0	1
PROTOTYPE	008203	04/15/18	21:33:12	0.4892597695390782	0.4892597695390782	11.25	0.0	4.305485971943888	4.30450745240481	11.86	3.56	0.4892597695390782	0.4892597695390782	11.25	0.0	299.0	293.69	660.67	-17.66	0	1
PROTOTYPE	008204	04/15/18	21:33:13	0.4892597695390782	0.4892597695390782	11.23	0.0	4.305485971943888	4.30450745240481	11.68	3.03	0.4892597695390782	0.4892597695390782	11.23	0.0	286.0	292.54	733.01	-90.01	0	1
PROTOTYPE	008205	04/15/18	21:33:14	0.4892597695390782	0.4892597695390782	11.22	0.0	4.305485971943888	4.30450745240481	11.55	2.57	0.4892597695390782	0.4892597695390782	11.22	0.0	297.0	293.21	641.52	-181.51	0	1
PROTOTYPE	008206	04/15/18	21:33:16	0.4892597695390782	0.4892597695390782	11.22	0.0	4.305485971943888	4.30450745240481	11.46	2.19	0.4892597695390782	0.4892597695390782	11.22	0.0	288.0	292.43	614.3	-154.28	0	1
PROTOTYPE	008207	04/15/18	21:33:17	0.4892597695390782	0.4892597695390782	11.25	0.0	4.305485971943888	4.30450745240481	11.42	1.86	0.4892597695390782	0.4892597695390782	11.25	0.0	293.0	292.51	593.42	-116.14	0	1
PROTOTYPE	008208	04/15/18	21:33:19	0.4892597695390782	0.4892597695390782	11.23	0.0	4.305485971943888	4.30450745240481	11.35	1.58	0.4892597695390782	0.4892597695390782	11.23	0.0	294.0	292.74	485.63	36.28	0	1
PROTOTYPE	008209	04/15/18	21:33:20	0.4892597695390782	0.4892597695390782	11.25	0.0	4.305485971943888	4.30450745240481	11.34	1.34	0.4892597695390782	0.4892597695390782	11.25	0.0	289.0	292.18	472.28	-89.16	0	1
PROTOTYPE	008210	04/15/18	21:33:21	0.4892597695390782	0.4892597695390782	11.24	0.0	4.305485971943888	4.305485971943888	11.3	1.14	0.4892597695390782	0.4892597695390782	11.24	0.0	287.0	291.4	518.89	-135.79	0	1
PROTOTYPE	008211	04/15/18	21:33:23	0.4892597695390782	0.4892597695390782	11.25	0.0	4.305485971943888	4.305485971943888	11.3	0.97	0.4892597695390782	0.4892597695390782	11.25	0.0	300.0	292.69	554.26	-100.42	0	1
PROTOTYPE	008212	04/15/18	21:33:24	0.4892597695390782	0.4892597695390782	11.25	0.0	4.305485971943888	4.305485971943888	11.28	0.82	0.4892597695390782	0.4892597695390782	11.25	0.0	299.0	293.64	533.51	109.64	0	1
PROTOTYPE	008213	04/15/18	21:33:26	0.4892597695390782	0.4892597695390782	11.26	0.0	4.305485971943888	4.305485971943888	11.28	0.7	0.39140781563126253	0.4745819764529058	24.91	-15.0	292.0	293.39	491.17	18.2	0	1
PROTOTYPE	008214	04/15/18	21:33:27	0.4892597695390782	0.4892597695390782	11.28	0.0	4.305485971943888	4.305485971943888	11.3	0.6	0.4892597695390782	0.4765390155310621	26.18	-12.75	293.0	293.33	419.06	90.47	0	1
PROTOTYPE	008215	04/15/18	21:33:29	0.4892597695390782	0.4892597695390782	11.28	0.0	4.305485971943888	4.305485971943888	11.29	0.51	0.4892597695390782	0.47849605460921835	27.14	-10.84	294.0	293.43	420.47	91.9	0	1
PROTOTYPE	008216	04/15/18	21:33:30	0.4892597695390782	0.4892597695390782	11.31	0.0	4.305485971943888	4.305485971943888	11.32	0.43	0.4892597695390782	0.48045309368737477	27.91	-9.21	293.0	293.37	404.76	63.11	0	1
PROTOTYPE	008217	04/15/18	21:33:31	0.4892597695390782	0.4892597695390782	11.31	0.0	4.305485971943888	4.305485971943888	11.31	0.37	0.4892597695390782	0.48143161322645295	28.47	-7.83	298.0	294.06	418.2	188.65	0	1
PROTOTYPE	008218	04/15/18	21:33:33	0.4892597695390782	0.4892597695390782	11.32	0.0	4.305485971943888	4.305485971943888	11.32	0.31	0.4892597695390782	0.482410132765531	28.9	-6.66	285.0	292.7	476.5	130.35	0	1
PROTOTYPE	008219	04/15/18	21:33:34	0.4892597695390782	0.4892597695390782	11.31	0.0	4.305485971943888	4.305485971943888	11.31	0.26	0.4892597695390782	0.48338865230460926	29.21	-5.66	291.0	292.45	373.06	-24.2	0	1
PROTOTYPE	008220	04/15/18	21:33:36	0.4892597695390782	0.4892597695390782	11.32	0.0	4.305485971943888	4.305485971943888	11.32	0.22	0.4892597695390782	0.48436717184368744	29.46	-4.81	286.0	291.48	375.12	-215.57	0	1
PROTOTYPE	008221	04/15/18	21:33:37	0.4892597695390782	0.4892597695390782	11.31	0.0	4.305485971943888	4.305485971943888	11.31	0.19	0.39140781563126253	0.47066789829659317	28.74	-4.09	284.0	290.36	462.75	-303.24	0	1
PROTOTYPE	008222	04/15/18	21:33:38	0.4892597695390782	0.4892597695390782	11.31	0.0	4.305485971943888	4.305485971943888	11.31	0.16	0.4892597695390782	0.47360345691382766	29.27	-3.47	286.0	289.7	522.11	-362.75	0	1
PROTOTYPE	008223	04/15/18	21:33:40	0.4892597695390782	0.4892597695390782	11.31	0.0	4.305485971943888	4.305485971943888	11.31	0.14	0.4892597695390782	0.475560495991984	29.71	-2.95	283.0	288.7	612.57	-473.34	0	1
PROTOTYPE	008224	04/15/18	21:33:41	0.4892597695390782	0.4892597695390782	11.29	0.0	4.305485971943888	4.305485971943888	11.29	0.12	0.4892597695390782	0.4775175350701403	30.05	-2.51	282.0	287.69	706.43	-567.34	0	1
PROTOTYPE	008225	04/15/18	21:33:43	0.4892597695390782	0.4892597695390782	11.28	0.0	4.305485971943888	4.305485971943888	11.28	0.1	0.4892597695390782	0.4794745741482967	30.32	-2.13	294.0	288.64	731.53	-542.24	0	1
PROTOTYPE	008226	04/15/18	21:33:44	0.4892597695390782	0.4892597695390782	11.27	0.0	4.305485971943888	4.305485971943888	11.27	0.08	0.4892597695390782	0.48143161322645295	30.53	-1.81	279.0	287.19	740.19	-550.9	0	1
PROTOTYPE	008227	04/15/18	21:33:45	0.4892597695390782	0.4892597695390782	11.27	0.0	4.305485971943888	4.305485971943888	11.27	0.07	0.4892597695390782	0.482410132765531	30.7	-1.54	294.0	288.21	816.71	-423.27	0	1
PROTOTYPE	008228	04/15/18	21:33:47	0.4892597695390782	0.4892597695390782	11.24	0.0	4.305485971943888	4.305485971943888	11.24	0.06	0.4892597695390782	0.48338865230460926	30.81	-1.31	291.0	288.63	761.78	-284.78	0	1
PROTOTYPE	008229	04/15/18	21:33:48	0.4892597695390782	0.4892597695390782	11.23	0.0	4.305485971943888	4.305485971943888	11.23	0.05	0.4892597695390782	0.48436717184368744	18.13	13.89	284.0	287.94	719.07	-242.06	0	1
PROTOTYPE	008230	04/15/18	21:33:50	0.4892597695390782	0.4892597695390782	11.21	0.0	4.305485971943888	4.305485971943888	11.21	0.04	0.4892597695390782	0.4853456913827655	16.53	11.8	296.0	289.15	774.62	-55.75	0	1
PROTOTYPE	008231	04/15/18	21:33:51	0.4892597695390782	0.4892597695390782	11.2	0.0	4.305485971943888	4.305485971943888	11.2	0.04	0.4892597695390782	0.4853456913827655	15.27	10.03	302.0	291.08	866.84	237.61	0	1
PROTOTYPE	008232	04/15/18	21:33:52	0.4892597695390782	0.4892597695390782	11.2	0.0	4.305485971943888	4.305485971943888	11.2	0.03	0.4892597695390782	0.4863242109218437	14.29	8.53	295.0	291.66	825.24	396.97	0	1
PROTOTYPE	008233	04/15/18	21:33:54	0.4892597695390782	0.4892597695390782	11.2	0.0	4.305485971943888	4.305485971943888	11.2	0.03	0.4892597695390782	0.4863242109218437	13.52	7.25	288.0	291.11	785.62	247.42	0	1
PROTOTYPE	008234	04/15/18	21:33:55	0.4892597695390782	0.4892597695390782	11.2	0.0	4.305485971943888	4.305485971943888	11.2	0.02	0.4892597695390782	0.48730273046092193	12.93	6.16	291.0	291.1	643.22	390.31	0	1
PROTOTYPE	008235	04/15/18	21:33:57	0.4892597695390782	0.4892597695390782	11.2	0.0	4.305485971943888	4.305485971943888	11.2	0.02	0.4892597695390782	0.48730273046092193	12.48	5.24	294.0	291.53	584.69	331.76	0	1
PROTOTYPE	008236	04/15/18	21:33:58	0.4892597695390782	0.4892597695390782	11.2	0.0	4.305485971943888	4.305485971943888	11.2	0.02	0.4892597695390782	0.48730273046092193	12.14	4.45	294.0	291.9	579.93	327.0	0	1
PROTOTYPE	008237	04/15/18	21:33:59	0.4892597695390782	0.4892597695390782	11.22	0.0	4.305485971943888	4.305485971943888	11.22	0.01	0.4892597695390782	0.48828125	11.91	3.78	278.0	289.82	718.97	187.95	0	1
PROTOTYPE	008238	04/15/18	21:34:01	0.4892597695390782	0.4892597695390782	11.25	0.0	4.305485971943888	4.305485971943888	11.25	0.01	0.4892597695390782	0.48828125	11.75	3.22	287.0	289.39	640.31	24.76	0	1
PROTOTYPE	008239	04/15/18	21:34:02	0.4892597695390782	0.4892597695390782	11.23	0.0	4.305485971943888	4.305485971943888	11.23	0.01	0.4892597695390782	0.48828125	11.6	2.73	299.0	290.84	591.6	-23.96	0	1
PROTOTYPE	008240	04/15/18	21:34:04	0.4892597695390782	0.4892597695390782	11.25	0.0	4.305485971943888	4.305485971943888	11.25	0.01	0.4892597695390782	0.48828125	11.52	2.32	299.0	292.06	655.18	39.64	0	1
PROTOTYPE	008241	04/15/18	21:34:05	0.4892597695390782	0.4892597695390782	11.23	0.0	4.305485971943888	4.305485971943888	11.23	0.01	0.4892597695390782	0.48828125	11.42	1.98	286.0	291.15	691.12	3.69	0	1
PROTOTYPE	008242	04/15/18	21:34:06	0.4892597695390782	0.4892597695390782	11.23	0.0	4.305485971943888	4.305485971943888	11.23	0.01	0.4892597695390782	0.48828125	11.37	1.68	283.0	289.93	811.18	-116.86	0	1
PROTOTYPE	008243	04/15/18	21:34:08	0.4892597695390782	0.4892597695390782	11.22	0.0	4.305485971943888	4.305485971943888	11.22	0.01	0.4892597695390782	0.48828125	11.32	1.43	280.0	288.44	916.55	-309.33	0	1
PROTOTYPE	008244	04/15/18	21:34:09	0.4892597695390782	0.4892597695390782	11.22	0.0	4.305485971943888	4.305485971943888	11.22	0.0	0.4892597695390782	0.4892597695390782	11.29	1.21	292.0	288.97	932.94	-292.93	0	1
PROTOTYPE	008245	04/15/18	21:34:11	0.4892597695390782	0.4892597695390782	11.2	0.0	4.305485971943888	4.305485971943888	11.2	0.0	0.4892597695390782	0.4892597695390782	11.25	1.03	299.0	290.48	874.8	66.01	0	1
PROTOTYPE	008246	04/15/18	21:34:12	0.4892597695390782	0.4892597695390782	11.19	0.0	4.305485971943888	4.305485971943888	11.19	0.0	0.4892597695390782	0.4892597695390782	11.23	0.88	292.0	290.71	855.41	131.11	0	1
PROTOTYPE	008247	04/15/18	21:34:13	0.4892597695390782	0.4892597695390782	11.21	0.0	4.305485971943888	4.305485971943888	11.21	0.0	0.4892597695390782	0.4892597695390782	11.24	0.74	278.0	288.8	901.91	-203.56	0	1
PROTOTYPE	008248	04/15/18	21:34:15	0.4892597695390782	0.4892597695390782	11.2	0.0	4.305485971943888	4.305485971943888	11.2	0.0	0.4892597695390782	0.4892597695390782	11.22	0.63	289.0	288.83	782.75	-323.03	0	1
PROTOTYPE	008249	04/15/18	21:34:16	0.4892597695390782	0.4892597695390782	11.21	0.0	4.305485971943888	4.305485971943888	11.21	0.0	0.4892597695390782	0.4892597695390782	11.22	0.54	288.0	288.71	704.36	-244.57	0	1
PROTOTYPE	008250	04/15/18	21:34:18	0.4892597695390782	0.4892597695390782	11.23	0.0	4.305485971943888	4.305485971943888	11.23	0.0	0.4892597695390782	0.4892597695390782	11.24	0.46	296.0	289.8	691.52	-12.89	0	1
PROTOTYPE	008251	04/15/18	21:34:19	0.4892597695390782	0.4892597695390782	11.24	0.0	4.305485971943888	4.305485971943888	11.24	0.0	0.4892597695390782	0.4892597695390782	11.25	0.39	284.0	288.93	629.59	49.05	0	1
PROTOTYPE	008252	04/15/18	21:34:21	0.4892597695390782	0.4892597695390782	11.24	0.0	4.305485971943888	4.305485971943888	11.24	0.0	0.4892597695390782	0.4892597695390782	11.24	0.33	294.0	289.69	652.23	71.69	0	1
PROTOTYPE	008253	04/15/18	21:34:22	0.4892597695390782	0.4892597695390782	11.26	0.0	4.305485971943888	4.305485971943888	11.26	0.0	0.4892597695390782	0.4892597695390782	11.26	0.28	287.0	289.29	542.2	-119.06	0	1
PROTOTYPE	008254	04/15/18	21:34:23	0.4892597695390782	0.4892597695390782	11.25	0.0	4.305485971943888	4.305485971943888	11.25	0.0	0.4892597695390782	0.4892597695390782	11.25	0.24	281.0	288.04	643.62	-266.2	0	1
PROTOTYPE	008255	04/15/18	21:34:25	0.4892597695390782	0.4892597695390782	11.25	0.0	4.305485971943888	4.305485971943888	11.25	0.0	0.4892597695390782	0.4892597695390782	11.25	0.2	292.0	288.64	512.39	-16.27	0	1
PROTOTYPE	008256	04/15/18	21:34:26	0.4892597695390782	0.4892597695390782	11.24	0.0	4.305485971943888	4.305485971943888	11.24	0.0	0.4892597695390782	0.4892597695390782	11.24	0.17	295.0	289.59	604.53	76.17	0	1
PROTOTYPE	008257	04/15/18	21:34:28	0.4892597695390782	0.4892597695390782	11.26	0.0	4.305485971943888	4.305485971943888	11.26	0.0	0.4892597695390782	0.4892597695390782	11.26	0.15	289.0	289.5	600.99	79.74	0	1
PROTOTYPE	008258	04/15/18	21:34:29	0.4892597695390782	0.4892597695390782	11.25	0.0	4.305485971943888	4.305485971943888	11.25	0.0	0.4892597695390782	0.4892597695390782	11.25	0.12	291.0	289.73	514.06	-7.22	0	1
PROTOTYPE	008259	04/15/18	21:34:30	0.4892597695390782	0.4892597695390782	11.25	0.0	4.305485971943888	4.305485971943888	11.25	0.0	0.4892597695390782	0.4892597695390782	11.25	0.11	303.0	291.72	626.15	278.86	0	1
PROTOTYPE	008260	04/15/18	21:34:32	0.4892597695390782	0.4892597695390782	11.26	0.0	4.305485971943888	4.305485971943888	11.26	0.0	0.4892597695390782	0.4892597695390782	11.26	0.09	299.0	292.81	659.32	312.03	0	1
PROTOTYPE	008261	04/15/18	21:34:33	0.4892597695390782	0.4892597695390782	11.28	0.0	4.305485971943888	4.305485971943888	11.28	0.0	0.4892597695390782	0.4892597695390782	11.28	0.08	293.0	292.84	622.12	355.23	0	1
PROTOTYPE	008262	04/15/18	21:34:35	0.4892597695390782	0.4892597695390782	11.28	0.0	4.305485971943888	4.305485971943888	11.28	0.0	0.4892597695390782	0.4892597695390782	11.28	0.07	285.0	291.66	615.41	361.94	0	1
PROTOTYPE	008263	04/15/18	21:34:36	0.4892597695390782	0.4892597695390782	11.28	0.0	4.305485971943888	4.305485971943888	11.28	0.0	0.4892597695390782	0.4892597695390782	11.28	0.06	276.0	289.31	791.0	67.65	0	1
PROTOTYPE	008264	04/15/18	21:34:37	0.4892597695390782	0.4892597695390782	11.28	0.0	4.305485971943888	4.305485971943888	11.28	0.0	0.4892597695390782	0.4892597695390782	11.28	0.05	296.0	290.32	795.85	72.51	0	1
PROTOTYPE	008265	04/15/18	21:34:39	0.4892597695390782	0.4892597695390782	11.28	0.0	4.305485971943888	4.305485971943888	11.28	0.0	0.4892597695390782	0.4892597695390782	11.28	0.04	292.0	290.57	812.15	106.63	0	1
PROTOTYPE	008266	04/15/18	21:34:40	0.4892597695390782	0.4892597695390782	11.27	0.0	4.305485971943888	4.305485971943888	11.27	0.0	0.4892597695390782	0.4892597695390782	11.27	0.03	302.0	292.28	961.12	255.63	0	1
PROTOTYPE	008267	04/15/18	21:34:42	0.4892597695390782	0.4892597695390782	11.28	0.0	4.305485971943888	4.305485971943888	11.28	0.0	0.4892597695390782	0.4892597695390782	11.28	0.03	282.0	290.74	916.29	-97.71	0	1
PROTOTYPE	008268	04/15/18	21:34:43	0.4892597695390782	0.4892597695390782	11.28	0.0	4.305485971943888	4.305485971943888	11.28	0.0	0.4892597695390782	0.4892597695390782	11.28	0.02	293.0	291.08	840.96	-173.05	0	1
PROTOTYPE	008269	04/15/18	21:34:44	0.4892597695390782	0.4892597695390782	11.24	0.0	4.207634018036073	4.2908081788577155	24.91	-15.0	0.4892597695390782	0.4892597695390782	11.24	0.02	288.0	290.62	884.0	-222.1	0	1
PROTOTYPE	008270	04/15/18	21:34:46	0.4892597695390782	0.4892597695390782	11.25	0.0	4.305485971943888	4.292765217935871	26.17	-12.75	0.4892597695390782	0.4892597695390782	11.25	0.02	291.0	290.68	772.31	-98.78	0	1
PROTOTYPE	008271	04/15/18	21:34:47	0.4892597695390782	0.4892597695390782	11.26	0.0	4.305485971943888	4.294722257014028	27.14	-10.84	0.4892597695390782	0.4892597695390782	11.26	0.02	286.0	289.97	607.5	66.04	0	1
PROTOTYPE	008272	04/15/18	21:34:49	0.4892597695390782	0.4892597695390782	11.27	0.0	4.305485971943888	4.296679296092185	27.89	-9.21	0.4892597695390782	0.4892597695390782	11.27	0.01	290.0	289.98	508.66	-33.87	0	1
PROTOTYPE	008273	04/15/18	21:34:50	0.4892597695390782	0.4892597695390782	11.25	0.0	4.207634018036073	4.2829800225450905	40.16	-22.83	0.4892597695390782	0.4892597695390782	11.25	0.01	282.0	288.78	603.05	-178.79	0	1
PROTOTYPE	008274	04/15/18	21:34:51	0.4892597695390782	0.4892597695390782	11.25	0.0	4.305485971943888	4.286894100701403	42.46	-19.41	0.4892597695390782	0.4892597695390782	11.25	0.01	292.0	289.26	479.88	-301.97	0	1
PROTOTYPE	008275	04/15/18	21:34:53	0.4892597695390782	0.4892597695390782	11.25	0.0	4.305485971943888	4.289829659318637	44.28	-16.49	0.4892597695390782	0.4892597695390782	11.25	0.01	281.0	288.02	449.59	-271.68	0	1
PROTOTYPE	008276	04/15/18	21:34:54	0.4892597695390782	0.4892597695390782	11.26	0.0	4.305485971943888	4.291786698396794	45.73	-14.02	0.4892597695390782	0.4892597695390782	11.26	0.01	277.0	286.37	581.05	-470.92	0	1
PROTOTYPE	008277	04/15/18	21:34:56	0.4892597695390782	0.4892597695390782	11.28	0.0	4.305485971943888	4.2937437374749505	33.2	3.08	0.4892597695390782	0.4892597695390782	11.28	0.01	298.0	288.12	709.27	-250.29	0	1
PROTOTYPE	008278	04/15/18	21:34:57	0.4892597695390782	0.4892597695390782	11.27	0.0	4.305485971943888	4.2957007765531054	32.81	2.62	0.4892597695390782	0.4892597695390782	11.27	0.0	282.0	287.2	795.11	-347.74	0	1
PROTOTYPE	008279	04/15/18	21:34:59	0.4892597695390782	0.4892597695390782	11.24	0.0	4.305485971943888	4.296679296092185	32.49	2.23	0.4892597695390782	0.4892597695390782	11.24	0.0	282.0	286.42	802.95	-355.58	0	1
PROTOTYPE	008280	04/15/18	21:35:00	0.4892597695390782	0.4892597695390782	11.23	0.0	4.305485971943888	4.2986363351703405	32.24	1.89	0.4892597695390782	0.4892597695390782	11.23	0.0	291.0	287.11	870.22	-287.24	0	1
PROTOTYPE	008281	04/15/18	21:35:01	0.4892597695390782	0.4892597695390782	11.22	0.0	4.305485971943888	4.299614854709419	20.32	16.61	0.4892597695390782	0.4892597695390782	11.22	0.0	302.0	289.34	973.97	55.84	0	1
PROTOTYPE	008282	04/15/18	21:35:03	0.4892597695390782	0.4892597695390782	11.21	0.0	4.305485971943888	4.300593374248497	18.3	14.12	0.4892597695390782	0.4892597695390782	11.21	0.0	290.0	289.44	935.67	17.47	0	1
PROTOTYPE	008283	04/15/18	21:35:04	0.4892597695390782	0.4892597695390782	11.22	0.0	4.305485971943888	4.301571893787575	16.69	12.0	0.4892597695390782	0.4892597695390782	11.22	0.0	292.0	289.82	850.15	179.85	0	1
PROTOTYPE	008284	04/15/18	21:35:06	0.4892597695390782	0.4892597695390782	11.22	0.0	4.305485971943888	4.301571893787575	15.41	10.2	0.4892597695390782	0.4892597695390782	11.22	0.0	290.0	289.85	687.78	347.87	0	1
PROTOTYPE	008285	04/15/18	21:35:07	0.4892597695390782	0.4892597695390782	11.21	0.0	4.305485971943888	4.302550413326654	14.39	8.67	0.4892597695390782	0.4892597695390782	11.21	0.0	296.0	290.77	605.61	265.69	0	1
PROTOTYPE	008286	04/15/18	21:35:08	0.4892597695390782	0.4892597695390782	11.21	0.0	4.305485971943888	4.302550413326654	13.6	7.37	0.4892597695390782	0.4892597695390782	11.21	0.0	303.0	292.61	697.29	540.84	0	1
PROTOTYPE	008287	04/15/18	21:35:10	0.4892597695390782	0.4892597695390782	11.25	0.0	4.207634018036073	4.288851139779559	26.2	-8.74	0.4892597695390782	0.4892597695390782	11.25	0.0	288.0	291.92	688.42	549.71	0	1
PROTOTYPE	008288	04/15/18	21:35:11	0.4892597695390782	0.4892597695390782	11.25	0.0	4.305485971943888	4.2908081788577155	27.25	-7.43	0.4892597695390782	0.4892597695390782	11.25	0.0	281.0	290.28	783.42	317.25	0	1
PROTOTYPE	008289	04/15/18	21:35:13	0.4892597695390782	0.4892597695390782	11.26	0.0	4.305485971943888	4.292765217935871	28.09	-6.31	0.4892597695390782	0.4892597695390782	11.26	0.0	296.0	291.14	645.83	179.67	0	1
PROTOTYPE	008290	04/15/18	21:35:14	0.4892597695390782	0.4892597695390782	11.27	0.0	4.305485971943888	4.294722257014028	28.76	-5.36	0.4892597695390782	0.4892597695390782	11.27	0.0	294.0	291.57	678.81	212.72	0	1
PROTOTYPE	008291	04/15/18	21:35:15	0.4892597695390782	0.4892597695390782	11.26	0.0	4.207634018036073	4.282001503006012	40.61	-19.56	0.4892597695390782	0.4892597695390782	11.26	0.0	287.0	290.88	708.87	105.81	0	1
PROTOTYPE	008292	04/15/18	21:35:17	0.4892597695390782	0.4892597695390782	11.26	0.0	4.207634018036073	4.271237788076152	50.53	-31.63	0.4892597695390782	0.4892597695390782	11.26	0.0	290.0	290.75	719.15	89.94	0	1
PROTOTYPE	008293	04/15/18	21:35:18	0.4892597695390782	0.4892597695390782	11.26	0.0	4.305485971943888	4.276130385771544	54.51	-26.88	0.4892597695390782	0.4892597695390782	11.26	0.0	291.0	290.79	630.9	1.45	0	1
PROTOTYPE	008294	04/15/18	21:35:20	0.4892597695390782	0.4892597695390782	11.28	0.0	4.305485971943888	4.280044463927856	57.76	-22.85	0.4892597695390782	0.4892597695390782	11.28	0.0	290.0	290.67	459.36	-193.77	0	1
PROTOTYPE	008295	04/15/18	21:35:21	0.4892597695390782	0.4892597695390782	11.24	0.0	4.305485971943888	4.283958542084168	47.19	-4.42	0.4892597695390782	0.4892597695390782	11.24	0.0	291.0	290.72	395.41	-119.7	0	1
PROTOTYPE	008296	04/15/18	21:35:22	0.4892597695390782	0.4892597695390782	11.25	0.0	4.305485971943888	4.286894100701403	47.8	-3.76	0.4892597695390782	0.4892597695390782	11.25	0.0	289.0	290.46	257.49	18.25	0	1
PROTOTYPE	008297	04/15/18	21:35:24	0.4892597695390782	0.4892597695390782	11.26	0.0	4.207634018036073	4.275151866232465	57.48	-18.2	0.4892597695390782	0.4892597695390782	11.26	0.0	296.0	291.29	254.75	15.51	0	1
PROTOTYPE	008298	04/15/18	21:35:25	0.4892597695390782	0.4892597695390782	11.26	0.0	4.305485971943888	4.280044463927856	59.96	-15.47	0.4892597695390782	0.4892597695390782	11.26	0.0	297.0	292.15	297.41	58.19	0	1
PROTOTYPE	008299	04/15/18	21:35:27	0.4892597695390782	0.4892597695390782	11.25	0.0	4.305485971943888	4.283958542084168	50.64	1.85	0.4892597695390782	0.4892597695390782	11.25	0.0	284.0	290.93	351.14	4.46	0	1
PROTOTYPE	008300	04/15/18	21:35:28	0.4892597695390782	0.4892597695390782	11.25	0.0	4.305485971943888	4.286894100701403	42.78	16.58	0.4892597695390782	0.4892597695390782	11.25	0.0	296.0	291.69	413.98	93.79	0	1
PROTOTYPE	008301	04/15/18	21:35:29	0.4892597695390782	0.4892597695390782	11.25	0.0	4.305485971943888	4.289829659318637	40.44	14.09	0.4892597695390782	0.4892597695390782	11.25	0.0	286.0	290.83	495.27	4.72	0	1
PROTOTYPE	008302	04/15/18	21:35:31	0.4892597695390782	0.4892597695390782	11.23	0.0	4.305485971943888	4.291786698396794	38.49	11.98	0.4892597695390782	0.4892597695390782	11.23	0.0	290.0	290.71	495.97	4.01	0	1
PROTOTYPE	008303	04/15/18	21:35:32	0.4892597695390782	0.4892597695390782	11.25	0.0	4.305485971943888	4.2937437374749505	36.88	10.18	0.4892597695390782	0.4892597695390782	11.25	0.0	294.0	291.2	540.2	48.41	0	1
PROTOTYPE	008304	04/15/18	21:35:34	0.4892597695390782	0.4892597695390782	11.27	0.0	4.305485971943888	4.2957007765531054	35.58	8.65	0.4892597695390782	0.4892597695390782	11.27	0.0	298.0	292.22	616.36	176.15	0	1
PROTOTYPE	008305	04/15/18	21:35:35	0.4892597695390782	0.4892597695390782	11.27	0.0	4.305485971943888	4.297657815631263	25.32	22.35	0.4892597695390782	0.4892597695390782	11.27	0.0	277.0	289.94	761.59	-135.27	0	1
PROTOTYPE	008306	04/15/18	21:35:37	0.4892597695390782	0.4892597695390782	11.27	0.0	4.305485971943888	4.2986363351703405	22.38	19.0	0.4892597695390782	0.4892597695390782	11.27	0.0	293.0	290.4	721.89	-174.98	0	1
PROTOTYPE	008307	04/15/18	21:35:38	0.4892597695390782	0.4892597695390782	11.28	0.0	4.305485971943888	4.299614854709419	19.99	16.15	0.4892597695390782	0.4892597695390782	11.28	0.0	283.0	289.29	710.64	-163.73	0	1
PROTOTYPE	008308	04/15/18	21:35:39	0.4892597695390782	0.4892597695390782	11.27	0.0	4.305485971943888	4.300593374248497	18.04	13.73	0.4892597695390782	0.4892597695390782	11.27	0.0	287.0	288.94	668.87	-274.17	0	1
PROTOTYPE	008309	04/15/18	21:35:41	0.4892597695390782	0.4892597695390782	11.29	0.0	4.305485971943888	4.301571893787575	16.5	11.67	0.4892597695390782	0.4892597695390782	11.29	0.0	283.0	288.05	672.74	-278.05	0	1
PROTOTYPE	008310	04/15/18	21:35:42	0.4892597695390782	0.4892597695390782	11.28	0.0	4.207634018036073	4.286894100701403	28.13	-5.08	0.4892597695390782	0.4892597695390782	11.28	0.0	293.0	288.8	734.37	-191.34	0	1
PROTOTYPE	008311	04/15/18	21:35:44	0.4892597695390782	0.4892597695390782	11.26	0.0	4.305485971943888	4.289829659318637	28.78	-4.32	0.4892597695390782	0.4892597695390782	11.26	0.0	292.0	289.28	733.07	-192.64	0	1
PROTOTYPE	008312	04/15/18	21:35:45	0.4892597695390782	0.4892597695390782	11.22	0.0	4.305485971943888	4.291786698396794	29.29	-3.67	0.4892597695390782	0.4892597695390782	11.22	0.0	300.0	290.88	791.96	-133.74	0	1
PROTOTYPE	008313	04/15/18	21:35:46	0.4892597695390782	0.4892597695390782	11.22	0.0	4.305485971943888	4.294722257014028	29.71	-3.12	0.4892597695390782	0.4892597695390782	11.22	0.0	298.0	291.95	670.37	201.32	0	1
PROTOTYPE	008314	04/15/18	21:35:48	0.4892597695390782	0.4892597695390782	11.22	0.0	4.305485971943888	4.2957007765531054	30.05	-2.65	0.4892597695390782	0.4892597695390782	11.22	0.0	287.0	291.21	698.72	81.12	0	1
PROTOTYPE	008315	04/15/18	21:35:49	0.4892597695390782	0.4892597695390782	11.25	0.0	4.305485971943888	4.297657815631263	30.34	-2.25	0.4892597695390782	0.4892597695390782	11.25	0.0	291.0	291.18	591.19	188.95	0	1
PROTOTYPE	008316	04/15/18	21:35:51	0.4892597695390782	0.4892597695390782	11.25	0.0	4.305485971943888	4.2986363351703405	30.55	-1.92	0.4892597695390782	0.4892597695390782	11.25	0.0	291.0	291.15	559.85	220.61	0	1
PROTOTYPE	008317	04/15/18	21:35:52	0.4892597695390782	0.4892597695390782	11.26	0.0	4.305485971943888	4.299614854709419	30.71	-1.63	0.4892597695390782	0.4892597695390782	11.26	0.0	294.0	291.58	513.43	352.52	0	1
PROTOTYPE	008318	04/15/18	21:35:53	0.4892597695390782	0.4892597695390782	11.29	0.0	4.305485971943888	4.300593374248497	17.98	13.62	0.4892597695390782	0.4892597695390782	11.29	0.0	278.0	289.54	642.89	74.64	0	1
PROTOTYPE	008319	04/15/18	21:35:55	0.4892597695390782	0.4892597695390782	11.32	0.0	4.305485971943888	4.301571893787575	16.46	11.57	0.4892597695390782	0.4892597695390782	11.32	0.0	287.0	289.16	632.95	-11.56	0	1
PROTOTYPE	008320	04/15/18	21:35:56	0.4892597695390782	0.4892597695390782	11.34	0.0	4.305485971943888	4.301571893787575	15.25	9.84	0.4892597695390782	0.4892597695390782	11.34	0.0	292.0	289.59	514.7	-129.82	0	1
PROTOTYPE	008321	04/15/18	21:35:58	0.4892597695390782	0.4892597695390782	11.33	0.0	4.305485971943888	4.302550413326654	14.29	8.36	0.4892597695390782	0.4892597695390782	11.33	0.0	293.0	290.1	459.19	-185.35	0	1
PROTOTYPE	008322	04/15/18	21:35:59	0.4892597695390782	0.4892597695390782	11.32	0.0	4.305485971943888	4.302550413326654	13.53	7.11	0.4892597695390782	0.4892597695390782	11.32	0.0	287.0	289.63	431.39	-157.55	0	1
PROTOTYPE	008323	04/15/18	21:36:00	0.4892597695390782	0.4892597695390782	11.29	0.0	4.305485971943888	4.303528932865731	12.94	6.04	0.4892597695390782	0.4892597695390782	11.29	0.0	283.0	288.64	527.45	-253.91	0	1
PROTOTYPE	008324	04/15/18	21:36:02	0.4892597695390782	0.4892597695390782	11.29	0.0	4.305485971943888	4.303528932865731	12.51	5.14	0.4892597695390782	0.4892597695390782	11.29	0.0	290.0	288.84	544.91	-230.83	0	1
PROTOTYPE	008325	04/15/18	21:36:03	0.4892597695390782	0.4892597695390782	11.26	0.0	4.305485971943888	4.303528932865731	12.16	4.36	0.39140781563126253	0.4745819764529058	24.92	-15.0	287.0	288.57	529.83	-301.2	0	1
PROTOTYPE	008326	04/15/18	21:36:05	0.4892597695390782	0.4892597695390782	11.23	0.0	4.305485971943888	4.30450745240481	11.89	3.71	0.4892597695390782	0.4765390155310621	26.15	-12.75	287.0	288.33	349.69	-121.02	0	1
PROTOTYPE	008327	04/15/18	21:36:06	0.4892597695390782	0.4892597695390782	11.23	0.0	4.305485971943888	4.30450745240481	11.71	3.15	0.4892597695390782	0.47849605460921835	27.11	-10.84	286.0	287.98	346.54	-117.87	0	1
PROTOTYPE	008328	04/15/18	21:36:08	0.4892597695390782	0.4892597695390782	11.23	0.0	4.305485971943888	4.30450745240481	11.58	2.68	0.4892597695390782	0.48045309368737477	27.85	-9.21	294.0	288.88	394.2	-70.19	0	1
PROTOTYPE	008329	04/15/18	21:36:09	0.4892597695390782	0.4892597695390782	11.23	0.0	4.305485971943888	4.30450745240481	11.49	2.28	0.4892597695390782	0.48143161322645295	28.42	-7.83	286.0	288.45	386.27	-164.66	0	1
PROTOTYPE	008330	04/15/18	21:36:10	0.4892597695390782	0.4892597695390782	11.25	0.0	4.305485971943888	4.30450745240481	11.43	1.94	0.4892597695390782	0.482410132765531	28.86	-6.66	298.0	289.88	483.0	25.04	0	1
PROTOTYPE	008331	04/15/18	21:36:12	0.4892597695390782	0.4892597695390782	11.24	0.0	4.305485971943888	4.30450745240481	11.37	1.65	0.4892597695390782	0.48338865230460926	29.17	-5.66	291.0	290.05	400.29	141.28	0	1
PROTOTYPE	008332	04/15/18	21:36:13	0.4892597695390782	0.4892597695390782	11.25	0.0	4.305485971943888	4.30450745240481	11.35	1.4	0.4892597695390782	0.48436717184368744	29.42	-4.81	286.0	289.44	440.61	60.09	0	1
PROTOTYPE	008333	04/15/18	21:36:15	0.4892597695390782	0.4892597695390782	11.26	0.0	4.305485971943888	4.305485971943888	11.33	1.19	0.4892597695390782	0.4853456913827655	15.94	10.91	291.0	289.68	436.32	111.08	0	1
PROTOTYPE	008334	04/15/18	21:36:16	0.4892597695390782	0.4892597695390782	11.27	0.0	4.305485971943888	4.305485971943888	11.32	1.01	0.4892597695390782	0.4863242109218437	14.82	9.28	278.0	287.93	587.94	-40.58	0	1
PROTOTYPE	008335	04/15/18	21:36:17	0.4892597695390782	0.4892597695390782	11.26	0.0	4.305485971943888	4.305485971943888	11.3	0.86	0.4892597695390782	0.4863242109218437	13.94	7.88	301.0	289.89	749.06	190.5	0	1
PROTOTYPE	008336	04/15/18	21:36:19	0.4892597695390782	0.4892597695390782	11.25	0.0	4.305485971943888	4.305485971943888	11.27	0.73	0.4892597695390782	0.4863242109218437	13.26	6.7	284.0	289.0	747.09	11.93	0	1
PROTOTYPE	008337	04/15/18	21:36:20	0.4892597695390782	0.4892597695390782	11.27	0.0	4.305485971943888	4.305485971943888	11.29	0.62	0.4892597695390782	0.48730273046092193	12.76	5.7	294.0	289.75	778.76	130.14	0	1
PROTOTYPE	008338	04/15/18	21:36:22	0.4892597695390782	0.4892597695390782	11.26	0.0	4.305485971943888	4.305485971943888	11.27	0.53	0.4892597695390782	0.48730273046092193	12.36	4.84	296.0	290.69	729.24	80.62	0	1
PROTOTYPE	008339	04/15/18	21:36:23	0.4892597695390782	0.4892597695390782	11.27	0.0	4.305485971943888	4.305485971943888	11.28	0.45	0.4892597695390782	0.48730273046092193	12.08	4.12	295.0	291.34	777.1	128.52	0	1
PROTOTYPE	008340	04/15/18	21:36:24	0.4892597695390782	0.4892597695390782	11.26	0.0	4.305485971943888	4.305485971943888	11.27	0.38	0.4892597695390782	0.48828125	11.85	3.5	291.0	291.29	721.56	184.25	0	1
PROTOTYPE	008341	04/15/18	21:36:26	0.4892597695390782	0.4892597695390782	11.24	0.0	4.207634018036073	4.2908081788577155	24.9	-14.68	0.4892597695390782	0.48828125	11.67	2.97	283.0	290.04	822.47	36.61	0	1
PROTOTYPE	008342	04/15/18	21:36:27	0.4892597695390782	0.4892597695390782	11.26	0.0	4.305485971943888	4.292765217935871	26.17	-12.47	0.4892597695390782	0.48828125	11.57	2.53	294.0	290.64	706.68	271.12	0	1
PROTOTYPE	008343	04/15/18	21:36:29	0.4892597695390782	0.4892597695390782	11.26	0.0	4.305485971943888	4.294722257014028	27.15	-10.6	0.4892597695390782	0.48828125	11.49	2.15	280.0	289.04	670.11	-84.55	0	1
PROTOTYPE	008344	04/15/18	21:36:30	0.4892597695390782	0.4892597695390782	11.28	0.0	4.305485971943888	4.296679296092185	27.91	-9.01	0.4892597695390782	0.48828125	11.44	1.83	289.0	289.04	583.35	3.13	0	1
PROTOTYPE	008345	04/15/18	21:36:31	0.4892597695390782	0.4892597695390782	11.28	0.0	4.305485971943888	4.297657815631263	28.48	-7.66	0.4892597695390782	0.48828125	11.4	1.55	289.0	289.03	509.91	-72.34	0	1
PROTOTYPE	008346	04/15/18	21:36:33	0.4892597695390782	0.4892597695390782	11.29	0.0	4.305485971943888	4.2986363351703405	28.92	-6.51	0.4892597695390782	0.4892597695390782	11.38	1.32	291.0	289.33	445.78	-136.49	0	1
PROTOTYPE	008347	04/15/18	21:36:34	0.4892597695390782	0.4892597695390782	11.31	0.0	4.305485971943888	4.299614854709419	29.26	-5.54	0.4892597695390782	0.4892597695390782	11.37	1.12	272.0	286.73	641.0	-461.01	0	1
PROTOTYPE	008348	04/15/18	21:36:36	0.4892597695390782	0.4892597695390782	11.31	0.0	4.305485971943888	4.300593374248497	29.5	-4.7	0.4892597695390782	0.4892597695390782	11.35	0.95	296.0	288.12	774.87	-316.86	0	1
PROTOTYPE	008349	04/15/18	21:36:37	0.4892597695390782	0.4892597695390782	11.33	0.0	4.305485971943888	4.301571893787575	16.04	11.0	0.4892597695390782	0.4892597695390782	11.36	0.81	285.0	287.65	697.36	-239.33	0	1
PROTOTYPE	008350	04/15/18	21:36:39	0.4892597695390782	0.4892597695390782	11.31	0.0	4.305485971943888	4.301571893787575	14.9	9.35	0.4892597695390782	0.4892597695390782	11.33	0.69	291.0	288.15	688.26	-248.43	0	1
PROTOTYPE	008351	04/15/18	21:36:40	0.4892597695390782	0.4892597695390782	11.3	0.0	4.305485971943888	4.302550413326654	14.01	7.95	0.4892597695390782	0.4892597695390782	11.32	0.59	296.0	289.33	646.42	28.83	0	1
PROTOTYPE	008352	04/15/18	21:36:41	0.4892597695390782	0.4892597695390782	11.29	0.0	4.305485971943888	4.302550413326654	13.32	6.76	0.4892597695390782	0.4892597695390782	11.3	0.5	281.0	288.08	769.82	-95.49	0	1
PROTOTYPE	008353	04/15/18	21:36:43	0.4892597695390782	0.4892597695390782	11.29	0.0	4.305485971943888	4.303528932865731	12.8	5.74	0.4892597695390782	0.4892597695390782	11.3	0.42	294.0	288.97	857.12	-6.17	0	1
PROTOTYPE	008354	04/15/18	21:36:44	0.4892597695390782	0.4892597695390782	11.28	0.0	4.305485971943888	4.303528932865731	12.39	4.88	0.4892597695390782	0.4892597695390782	11.28	0.36	288.0	288.82	842.12	-50.24	0	1
PROTOTYPE	008355	04/15/18	21:36:46	0.4892597695390782	0.4892597695390782	11.24	0.0	4.305485971943888	4.303528932865731	12.06	4.15	0.4892597695390782	0.4892597695390782	11.24	0.31	295.0	289.75	674.9	302.29	0	1
PROTOTYPE	008356	04/15/18	21:36:47	0.4892597695390782	0.4892597695390782	11.25	0.0	4.305485971943888	4.30450745240481	11.85	3.53	0.4892597695390782	0.4892597695390782	11.25	0.26	288.0	289.49	562.07	136.95	0	1
PROTOTYPE	008357	04/15/18	21:36:48	0.4892597695390782	0.4892597695390782	11.27	0.0	4.305485971943888	4.30450745240481	11.71	3.0	0.4892597695390782	0.4892597695390782	11.27	0.22	295.0	290.31	598.0	266.41	0	1
PROTOTYPE	008358	04/15/18	21:36:50	0.4892597695390782	0.4892597695390782	11.28	0.0	4.305485971943888	4.30450745240481	11.6	2.55	0.4892597695390782	0.4892597695390782	11.28	0.19	284.0	289.37	642.45	121.45	0	1
PROTOTYPE	008359	04/15/18	21:36:51	0.4892597695390782	0.4892597695390782	11.28	0.0	4.207634018036073	4.289829659318637	25.02	-12.83	0.4892597695390782	0.4892597695390782	11.28	0.16	293.0	289.91	579.24	58.23	0	1
PROTOTYPE	008360	04/15/18	21:36:53	0.4892597695390782	0.4892597695390782	11.28	0.0	4.305485971943888	4.292765217935871	26.3	-10.91	0.4892597695390782	0.4892597695390782	11.28	0.14	284.0	289.03	542.98	94.49	0	1
PROTOTYPE	008361	04/15/18	21:36:54	0.4892597695390782	0.4892597695390782	11.27	0.0	4.305485971943888	4.294722257014028	27.29	-9.27	0.4892597695390782	0.4892597695390782	11.27	0.12	297.0	290.22	573.8	125.32	0	1
PROTOTYPE	008362	04/15/18	21:36:55	0.4892597695390782	0.4892597695390782	11.28	0.0	4.305485971943888	4.2957007765531054	28.08	-7.88	0.4892597695390782	0.4892597695390782	11.28	0.1	283.0	289.14	667.54	31.52	0	1
PROTOTYPE	008363	04/15/18	21:36:57	0.4892597695390782	0.4892597695390782	11.31	0.0	4.207634018036073	4.2829800225450905	40.28	-21.7	0.4892597695390782	0.4892597695390782	11.31	0.08	285.0	288.52	636.96	-123.21	0	1
PROTOTYPE	008364	04/15/18	21:36:58	0.4892597695390782	0.4892597695390782	11.3	0.0	4.305485971943888	4.285915581162325	42.61	-18.44	0.4892597695390782	0.4892597695390782	11.3	0.07	294.0	289.34	692.93	-14.73	0	1
PROTOTYPE	008365	04/15/18	21:37:00	0.4892597695390782	0.4892597695390782	11.26	0.0	4.305485971943888	4.288851139779559	44.44	-15.68	0.4892597695390782	0.4892597695390782	11.26	0.06	282.0	288.24	720.33	-207.52	0	1
PROTOTYPE	008366	04/15/18	21:37:01	0.4892597695390782	0.4892597695390782	11.27	0.0	4.305485971943888	4.291786698396794	45.91	-13.33	0.4892597695390782	0.4892597695390782	11.27	0.05	295.0	289.25	727.04	-11.39	0	1
