Dev_id	Index	Date	Time	Sensor1	Sensor1_Filter	Sensor1_LL	Sensor1_Diff	Sensor2	Sensor2_Filter	Sensor2_LL	Sensor2_Diff	Sensor3	Sensor3_Filter	Sensor3_LL	Sensor3_Diff	Sensor4	Sensor4_Filter	Sensor4_LL	Sensor4_Diff	Heater_Status	FSM_Status
PROTOTYPE	005167	04/15/18	20:21:58	0.4892597695390782	0.4892597695390782	11.36	-0.0	4.69689378757515	4.641118173847695	68.84	-38.22	0.4892597695390782	0.4892597695390782	11.36	0.0	287.0	287.23	1045.98	-51.9	0	1
PROTOTYPE	005168	04/15/18	20:21:59	0.4892597695390782	0.4892597695390782	11.36	-0.0	4.69689378757515	4.648946330160321	65.33	-17.49	0.4892597695390782	0.4892597695390782	11.36	0.0	295.0	288.4	1016.16	210.88	0	1
PROTOTYPE	005169	04/15/18	20:22:01	0.4892597695390782	0.4892597695390782	11.3	-0.0	4.69689378757515	4.656774486472946	67.86	-14.86	0.4892597695390782	0.4892597695390782	11.3	0.0	298.0	289.84	984.53	179.25	0	1
PROTOTYPE	005170	04/15/18	20:22:02	0.4892597695390782	0.4892597695390782	11.28	-0.0	4.69689378757515	4.662645603707414	63.12	2.37	0.4892597695390782	0.4892597695390782	11.28	0.0	283.0	288.81	1042.81	32.36	0	1
PROTOTYPE	005171	04/15/18	20:22:04	0.4892597695390782	0.4892597695390782	11.27	-0.0	4.69689378757515	4.667538201402806	59.1	17.01	0.4892597695390782	0.4892597695390782	11.27	0.0	295.0	289.74	993.26	267.51	0	1
PROTOTYPE	005172	04/15/18	20:22:05	0.4892597695390782	0.4892597695390782	11.28	-0.0	4.69689378757515	4.672430799098196	55.72	29.46	0.4892597695390782	0.4892597695390782	11.28	0.0	285.0	289.03	808.4	452.38	0	1
PROTOTYPE	005173	04/15/18	20:22:06	0.4892597695390782	0.4892597695390782	11.27	-0.0	4.69689378757515	4.675366357715431	52.87	40.04	0.4892597695390782	0.4892597695390782	11.27	0.0	289.0	289.03	757.46	399.53	0	1
PROTOTYPE	005174	04/15/18	20:22:08	0.4892597695390782	0.4892597695390782	11.25	-0.0	4.69689378757515	4.6792804358717435	50.48	49.03	0.4892597695390782	0.4892597695390782	11.25	0.0	290.0	289.17	547.59	189.6	0	1
PROTOTYPE	005175	04/15/18	20:22:09	0.4892597695390782	0.4892597695390782	11.23	-0.0	4.69689378757515	4.6812374749499	43.36	41.68	0.4892597695390782	0.4892597695390782	11.23	0.0	282.0	288.1	650.8	86.16	0	1
PROTOTYPE	005176	04/15/18	20:22:11	0.4892597695390782	0.4892597695390782	11.23	-0.0	4.69689378757515	4.684173033567133	37.38	35.43	0.4892597695390782	0.4892597695390782	11.23	0.0	294.0	288.98	622.88	58.23	0	1
PROTOTYPE	005177	04/15/18	20:22:12	0.4892597695390782	0.4892597695390782	11.25	-0.0	4.69689378757515	4.686130072645291	32.39	30.11	0.4892597695390782	0.4892597695390782	11.25	0.0	299.0	290.48	629.15	64.5	0	1
PROTOTYPE	005178	04/15/18	20:22:14	0.4892597695390782	0.4892597695390782	11.26	-0.0	4.69689378757515	4.6871085921843685	28.23	25.6	0.4892597695390782	0.4892597695390782	11.26	0.0	287.0	289.96	578.83	114.82	0	1
PROTOTYPE	005179	04/15/18	20:22:15	0.4892597695390782	0.4892597695390782	11.27	-0.0	4.69689378757515	4.689065631262525	24.78	21.76	0.4892597695390782	0.4892597695390782	11.27	0.0	291.0	290.12	501.66	37.6	0	1
PROTOTYPE	005180	04/15/18	20:22:16	0.4892597695390782	0.4892597695390782	11.24	0.0	4.69689378757515	4.690044150801603	21.92	18.49	0.4892597695390782	0.4892597695390782	11.24	0.0	297.0	291.15	533.77	211.96	0	1
PROTOTYPE	005181	04/15/18	20:22:18	0.4892597695390782	0.4892597695390782	11.25	0.0	4.69689378757515	4.691022670340682	19.62	15.72	0.4892597695390782	0.4892597695390782	11.25	0.0	299.0	292.33	650.05	330.17	0	1
PROTOTYPE	005182	04/15/18	20:22:19	0.4892597695390782	0.4892597695390782	11.28	0.0	4.69689378757515	4.69200118987976	17.77	13.36	0.4892597695390782	0.4892597695390782	11.28	0.0	281.0	290.63	805.29	145.64	0	1
PROTOTYPE	005183	04/15/18	20:22:21	0.4892597695390782	0.4892597695390782	11.26	0.0	4.69689378757515	4.692979709418838	16.25	11.36	0.4892597695390782	0.4892597695390782	11.26	0.0	297.0	291.58	793.28	348.79	0	1
PROTOTYPE	005184	04/15/18	20:22:22	0.4892597695390782	0.4892597695390782	11.24	0.0	4.69689378757515	4.692979709418838	15.04	9.65	0.4892597695390782	0.4892597695390782	11.24	0.0	288.0	291.05	758.49	206.48	0	1
PROTOTYPE	005185	04/15/18	20:22:23	0.4892597695390782	0.4892597695390782	11.23	0.0	4.69689378757515	4.693958228957916	14.11	8.21	0.4892597695390782	0.4892597695390782	11.23	0.0	300.0	292.39	742.52	190.5	0	1
PROTOTYPE	005186	04/15/18	20:22:25	0.4892597695390782	0.4892597695390782	11.2	0.0	4.69689378757515	4.693958228957916	13.36	6.97	0.4892597695390782	0.4892597695390782	11.2	0.0	285.0	291.28	801.09	131.93	0	1
PROTOTYPE	005187	04/15/18	20:22:26	0.4892597695390782	0.4892597695390782	11.17	0.0	4.69689378757515	4.6949367484969935	12.78	5.93	0.4892597695390782	0.4892597695390782	11.17	0.0	292.0	291.39	796.32	127.14	0	1
PROTOTYPE	005188	04/15/18	20:22:27	0.4892597695390782	0.4892597695390782	11.18	0.0	4.69689378757515	4.6949367484969935	12.37	5.04	0.4892597695390782	0.4892597695390782	11.18	0.0	294.0	291.78	732.27	63.07	0	1
PROTOTYPE	005189	04/15/18	20:22:29	0.4892597695390782	0.4892597695390782	11.15	0.0	4.7947457414829655	4.709614541583167	25.95	19.28	0.4892597695390782	0.4892597695390782	11.15	0.0	288.0	291.21	671.23	-111.39	0	1
PROTOTYPE	005190	04/15/18	20:22:30	0.4892597695390782	0.4892597695390782	11.12	0.0	4.69689378757515	4.707657502505009	26.73	16.39	0.4892597695390782	0.4892597695390782	11.12	0.0	295.0	291.78	558.13	115.32	0	1
PROTOTYPE	005191	04/15/18	20:22:32	0.4892597695390782	0.4892597695390782	11.12	0.0	4.69689378757515	4.706678982965932	27.35	13.93	0.4892597695390782	0.4892597695390782	11.12	0.0	279.0	289.86	654.27	-171.98	0	1
PROTOTYPE	005192	04/15/18	20:22:33	0.4892597695390782	0.4892597695390782	11.13	0.0	4.69689378757515	4.704721943887775	27.84	11.84	0.4892597695390782	0.4892597695390782	11.13	0.0	295.0	290.63	677.54	-41.18	0	1
PROTOTYPE	005193	04/15/18	20:22:34	0.4892597695390782	0.4892597695390782	11.14	0.0	4.69689378757515	4.703743424348698	28.21	10.07	0.4892597695390782	0.4892597695390782	11.14	0.0	278.0	288.74	732.75	-365.01	0	1
PROTOTYPE	005194	04/15/18	20:22:36	0.4892597695390782	0.4892597695390782	11.15	0.0	4.69689378757515	4.702764904809619	28.49	8.56	0.4892597695390782	0.4892597695390782	11.15	0.0	290.0	288.93	640.86	-235.26	0	1
PROTOTYPE	005195	04/15/18	20:22:37	0.4892597695390782	0.4892597695390782	11.17	0.0	4.69689378757515	4.70178638527054	28.72	7.27	0.4892597695390782	0.4892597695390782	11.17	0.0	293.0	289.54	691.08	-184.97	0	1
PROTOTYPE	005196	04/15/18	20:22:39	0.4892597695390782	0.4892597695390782	11.19	0.0	4.69689378757515	4.700807865731463	28.89	6.18	0.4892597695390782	0.4892597695390782	11.19	0.0	294.0	290.21	718.82	-157.22	0	1
PROTOTYPE	005197	04/15/18	20:22:40	0.4892597695390782	0.4892597695390782	11.23	0.0	4.69689378757515	4.700807865731463	15.11	-9.75	0.4892597695390782	0.4892597695390782	11.23	0.0	294.0	290.78	718.98	-43.64	0	1
PROTOTYPE	005198	04/15/18	20:22:42	0.4892597695390782	0.4892597695390782	11.23	0.0	4.69689378757515	4.699829346192385	14.16	-8.28	0.4892597695390782	0.4892597695390782	11.23	0.0	296.0	291.56	740.52	-22.09	0	1
PROTOTYPE	005199	04/15/18	20:22:43	0.4892597695390782	0.4892597695390782	11.23	0.0	4.69689378757515	4.699829346192385	13.43	-7.04	0.4892597695390782	0.4892597695390782	11.23	0.0	302.0	293.13	705.4	326.22	0	1
PROTOTYPE	005200	04/15/18	20:22:44	0.4892597695390782	0.4892597695390782	11.24	0.0	4.599041833667335	4.684173033567133	26.88	-20.98	0.4892597695390782	0.4892597695390782	11.24	0.0	299.0	294.01	716.46	337.29	0	1
PROTOTYPE	005201	04/15/18	20:22:46	0.4892597695390782	0.4892597695390782	11.24	0.0	4.69689378757515	4.686130072645291	27.38	-17.84	0.4892597695390782	0.4892597695390782	11.24	0.0	275.0	291.16	812.05	241.69	0	1
PROTOTYPE	005202	04/15/18	20:22:47	0.4892597695390782	0.4892597695390782	11.24	0.0	4.69689378757515	4.688087111723447	27.78	-15.16	0.4892597695390782	0.4892597695390782	11.24	0.0	286.0	290.38	870.45	145.44	0	1
PROTOTYPE	005203	04/15/18	20:22:49	0.4892597695390782	0.4892597695390782	11.25	0.0	4.69689378757515	4.689065631262525	28.09	-12.89	0.4892597695390782	0.4892597695390782	11.25	0.0	297.0	291.38	908.63	183.62	0	1
PROTOTYPE	005204	04/15/18	20:22:50	0.4892597695390782	0.4892597695390782	11.22	0.0	4.69689378757515	4.690044150801603	28.3	-10.95	0.4892597695390782	0.4892597695390782	11.22	0.0	293.0	291.62	866.11	141.08	0	1
PROTOTYPE	005205	04/15/18	20:22:51	0.4892597695390782	0.4892597695390782	11.18	0.0	4.69689378757515	4.691022670340682	28.45	-9.31	0.4892597695390782	0.4892597695390782	11.18	0.0	291.0	291.53	818.61	74.92	0	1
PROTOTYPE	005206	04/15/18	20:22:53	0.4892597695390782	0.4892597695390782	11.18	0.0	4.69689378757515	4.69200118987976	28.58	-7.91	0.4892597695390782	0.4892597695390782	11.18	0.0	295.0	292.05	792.38	48.68	0	1
PROTOTYPE	005207	04/15/18	20:22:54	0.4892597695390782	0.4892597695390782	11.2	0.0	4.69689378757515	4.692979709418838	28.7	-6.73	0.4892597695390782	0.4892597695390782	11.2	0.0	292.0	292.04	637.36	-108.62	0	1
PROTOTYPE	005208	04/15/18	20:22:56	0.4892597695390782	0.4892597695390782	11.22	0.0	4.69689378757515	4.693958228957916	14.79	9.28	0.4892597695390782	0.4892597695390782	11.22	0.0	294.0	292.33	578.67	-167.33	0	1
PROTOTYPE	005209	04/15/18	20:22:57	0.4892597695390782	0.4892597695390782	11.21	0.0	4.69689378757515	4.693958228957916	13.91	7.89	0.4892597695390782	0.4892597695390782	11.21	0.0	292.0	292.28	298.76	112.77	0	1
PROTOTYPE	005210	04/15/18	20:22:58	0.4892597695390782	0.4892597695390782	11.21	0.0	4.69689378757515	4.693958228957916	13.23	6.71	0.4892597695390782	0.4892597695390782	11.21	0.0	289.0	291.79	270.69	140.86	0	1
PROTOTYPE	005211	04/15/18	20:23:00	0.4892597695390782	0.4892597695390782	11.21	0.0	4.69689378757515	4.6949367484969935	12.71	5.7	0.4892597695390782	0.4892597695390782	11.21	0.0	294.0	292.12	204.58	74.73	0	1
PROTOTYPE	005212	04/15/18	20:23:01	0.4892597695390782	0.4892597695390782	11.24	0.0	4.69689378757515	4.6949367484969935	12.35	4.85	0.4892597695390782	0.4892597695390782	11.24	0.0	284.0	290.9	302.02	-71.48	0	1
PROTOTYPE	005213	04/15/18	20:23:03	0.4892597695390782	0.4892597695390782	11.26	0.0	4.69689378757515	4.6949367484969935	12.07	4.12	0.4892597695390782	0.4892597695390782	11.26	0.0	291.0	290.92	294.64	-60.76	0	1
PROTOTYPE	005214	04/15/18	20:23:04	0.4892597695390782	0.4892597695390782	11.3	0.0	4.7947457414829655	4.710593061122244	25.74	18.5	0.4892597695390782	0.4892597695390782	11.3	0.0	296.0	291.68	318.75	-36.65	0	1
PROTOTYPE	005215	04/15/18	20:23:05	0.4892597695390782	0.4892597695390782	11.29	0.0	4.69689378757515	4.708636022044089	26.64	15.73	0.4892597695390782	0.4892597695390782	11.29	0.0	287.0	290.98	387.4	-106.15	0	1
PROTOTYPE	005216	04/15/18	20:23:07	0.4892597695390782	0.4892597695390782	11.28	0.0	4.69689378757515	4.706678982965932	27.34	13.37	0.4892597695390782	0.4892597695390782	11.28	0.0	290.0	290.83	372.72	-150.23	0	1
PROTOTYPE	005217	04/15/18	20:23:08	0.4892597695390782	0.4892597695390782	11.3	0.0	4.7947457414829655	4.719399736973948	39.43	26.36	0.4892597695390782	0.4892597695390782	11.3	0.0	294.0	291.31	415.05	-97.69	0	1
PROTOTYPE	005218	04/15/18	20:23:10	0.4892597695390782	0.4892597695390782	11.3	0.0	4.7947457414829655	4.731141971442886	49.54	37.41	0.4892597695390782	0.4892597695390782	11.3	0.0	290.0	291.11	385.43	-68.04	0	1
PROTOTYPE	005219	04/15/18	20:23:11	0.4892597695390782	0.4892597695390782	11.29	0.0	4.69689378757515	4.726249373747494	53.5	31.8	0.4892597695390782	0.4892597695390782	11.29	0.0	287.0	290.49	413.95	-162.83	0	1
PROTOTYPE	005220	04/15/18	20:23:12	0.4892597695390782	0.4892597695390782	11.31	0.0	4.69689378757515	4.7213567760521045	56.72	27.03	0.4892597695390782	0.4892597695390782	11.31	0.0	298.0	291.62	404.7	71.59	0	1
PROTOTYPE	005221	04/15/18	20:23:14	0.4892597695390782	0.4892597695390782	11.31	0.0	4.69689378757515	4.717442697895792	59.32	22.97	0.4892597695390782	0.4892597695390782	11.31	0.0	286.0	290.78	487.0	-14.15	0	1
PROTOTYPE	005222	04/15/18	20:23:15	0.4892597695390782	0.4892597695390782	11.27	0.0	4.69689378757515	4.714507139278558	47.53	4.53	0.4892597695390782	0.4892597695390782	11.27	0.0	290.0	290.66	422.51	-102.02	0	1
PROTOTYPE	005223	04/15/18	20:23:17	0.4892597695390782	0.4892597695390782	11.29	0.0	4.7947457414829655	4.726249373747494	57.39	18.85	0.4892597695390782	0.4892597695390782	11.29	0.0	288.0	290.26	392.21	-71.72	0	1
PROTOTYPE	005224	04/15/18	20:23:18	0.4892597695390782	0.4892597695390782	11.29	0.0	4.7947457414829655	4.7370130886773545	65.67	31.02	0.4892597695390782	0.4892597695390782	11.29	0.0	291.0	290.37	388.63	-45.96	0	1
PROTOTYPE	005225	04/15/18	20:23:20	0.4892597695390782	0.4892597695390782	11.28	0.0	4.7947457414829655	4.745819764529058	61.05	26.37	0.4892597695390782	0.4892597695390782	11.28	0.0	303.0	292.27	530.51	95.93	0	1
PROTOTYPE	005226	04/15/18	20:23:21	0.4892597695390782	0.4892597695390782	11.28	0.0	4.7947457414829655	4.752669401302605	57.14	22.41	0.4892597695390782	0.4892597695390782	11.28	0.0	295.0	292.68	551.88	156.54	0	1
PROTOTYPE	005227	04/15/18	20:23:22	0.4892597695390782	0.4892597695390782	11.3	0.0	4.7947457414829655	4.759519038076153	58.28	34.05	0.4892597695390782	0.4892597695390782	11.3	0.0	303.0	294.23	645.06	373.06	0	1
PROTOTYPE	005228	04/15/18	20:23:24	0.4892597695390782	0.4892597695390782	11.27	0.0	4.69689378757515	4.74973384268537	63.27	28.94	0.4892597695390782	0.4892597695390782	11.27	0.0	286.0	292.99	655.85	137.1	0	1
PROTOTYPE	005229	04/15/18	20:23:25	0.4892597695390782	0.4892597695390782	11.27	0.0	4.69689378757515	4.741905686372746	67.48	24.6	0.4892597695390782	0.4892597695390782	11.27	0.0	282.0	291.34	736.41	56.54	0	1
PROTOTYPE	005230	04/15/18	20:23:27	0.4892597695390782	0.4892597695390782	11.28	0.0	4.7947457414829655	4.74973384268537	72.19	35.91	0.4892597695390782	0.4892597695390782	11.28	0.0	287.0	290.69	789.82	3.06	0	1
PROTOTYPE	005231	04/15/18	20:23:28	0.4892597695390782	0.4892597695390782	11.26	0.0	4.7947457414829655	4.756583479458918	66.86	30.52	0.4892597695390782	0.4892597695390782	11.26	0.0	293.0	291.04	784.55	77.6	0	1
PROTOTYPE	005232	04/15/18	20:23:29	0.4892597695390782	0.4892597695390782	11.24	0.0	4.7947457414829655	4.762454596693387	62.35	25.95	0.4892597695390782	0.4892597695390782	11.24	0.0	297.0	291.93	862.83	155.96	0	1
PROTOTYPE	005233	04/15/18	20:23:31	0.4892597695390782	0.4892597695390782	11.22	0.0	4.7947457414829655	4.767347194388777	58.54	22.05	0.4892597695390782	0.4892597695390782	11.22	0.0	280.0	290.14	852.39	-212.44	0	1
PROTOTYPE	005234	04/15/18	20:23:32	0.4892597695390782	0.4892597695390782	11.23	0.0	4.7947457414829655	4.7712612725450905	55.33	18.75	0.4892597695390782	0.4892597695390782	11.23	0.0	292.0	290.42	839.27	-225.57	0	1
PROTOTYPE	005235	04/15/18	20:23:34	0.4892597695390782	0.4892597695390782	11.21	0.0	4.7947457414829655	4.775175350701403	52.63	15.93	0.4892597695390782	0.4892597695390782	11.21	0.0	286.0	289.76	750.73	-446.73	0	1
PROTOTYPE	005236	04/15/18	20:23:35	0.4892597695390782	0.4892597695390782	11.22	0.0	4.7947457414829655	4.778110909318637	46.33	28.54	0.4892597695390782	0.4892597695390782	11.22	0.0	294.0	290.39	691.0	-259.72	0	1
PROTOTYPE	005237	04/15/18	20:23:36	0.4892597695390782	0.4892597695390782	11.22	0.0	4.7947457414829655	4.780067948396794	41.04	39.26	0.4892597695390782	0.4892597695390782	11.22	0.0	298.0	291.53	640.23	19.23	0	1
PROTOTYPE	005238	04/15/18	20:23:38	0.4892597695390782	0.4892597695390782	11.21	0.0	4.69689378757515	4.768325713927855	45.69	18.37	0.4892597695390782	0.4892597695390782	11.21	0.0	294.0	291.9	612.07	121.35	0	1
PROTOTYPE	005239	04/15/18	20:23:39	0.4892597695390782	0.4892597695390782	11.2	0.0	4.7947457414829655	4.772239792084169	43.02	15.62	0.4892597695390782	0.4892597695390782	11.2	0.0	288.0	291.32	636.0	28.15	0	1
PROTOTYPE	005240	04/15/18	20:23:41	0.4892597695390782	0.4892597695390782	11.2	0.0	4.69689378757515	4.76049755761523	48.59	-1.73	0.4892597695390782	0.4892597695390782	11.2	0.0	293.0	291.57	571.81	-36.08	0	1
PROTOTYPE	005241	04/15/18	20:23:42	0.4892597695390782	0.4892597695390782	11.22	0.0	4.69689378757515	4.750712362224449	53.3	-16.47	0.4892597695390782	0.4892597695390782	11.22	0.0	301.0	292.99	534.26	284.34	0	1
PROTOTYPE	005242	04/15/18	20:23:43	0.4892597695390782	0.4892597695390782	11.19	0.0	4.69689378757515	4.742884205911824	57.26	-29.0	0.4892597695390782	0.4892597695390782	11.19	0.0	293.0	292.99	507.76	256.69	0	1
PROTOTYPE	005243	04/15/18	20:23:45	0.4892597695390782	0.4892597695390782	11.18	0.0	4.69689378757515	4.736034569138277	60.6	-39.65	0.4892597695390782	0.4892597695390782	11.18	0.0	282.0	291.34	606.25	158.18	0	1
PROTOTYPE	005244	04/15/18	20:23:46	0.4892597695390782	0.4892597695390782	11.19	0.0	4.69689378757515	4.730163451903808	63.4	-48.7	0.4892597695390782	0.4892597695390782	11.19	0.0	283.0	290.09	667.7	-30.54	0	1
PROTOTYPE	005245	04/15/18	20:23:48	0.4892597695390782	0.4892597695390782	11.19	0.0	4.69689378757515	4.725270854208417	65.74	-56.4	0.4892597695390782	0.4892597695390782	11.19	0.0	298.0	291.28	672.28	-25.96	0	1
PROTOTYPE	005246	04/15/18	20:23:49	0.4892597695390782	0.4892597695390782	11.19	0.0	4.69689378757515	4.7213567760521045	57.42	-47.94	0.4892597695390782	0.4892597695390782	11.19	0.0	305.0	293.33	841.15	142.93	0	1
PROTOTYPE	005247	04/15/18	20:23:50	0.4892597695390782	0.4892597695390782	11.22	0.0	4.69689378757515	4.717442697895792	57.02	-55.75	0.4892597695390782	0.4892597695390782	11.22	0.0	297.0	293.88	837.58	256.49	0	1
PROTOTYPE	005248	04/15/18	20:23:52	0.4892597695390782	0.4892597695390782	11.24	0.0	4.7947457414829655	4.729184932364729	57.39	-32.38	0.4892597695390782	0.4892597695390782	11.24	0.0	288.0	293.0	900.59	143.02	0	1
PROTOTYPE	005249	04/15/18	20:23:53	0.4892597695390782	0.4892597695390782	11.22	0.0	4.7947457414829655	4.738970127755511	57.71	-12.53	0.4892597695390782	0.4892597695390782	11.22	0.0	296.0	293.45	804.15	46.57	0	1
PROTOTYPE	005250	04/15/18	20:23:55	0.4892597695390782	0.4892597695390782	11.23	0.0	4.69689378757515	4.732120490981964	55.86	-10.65	0.4892597695390782	0.4892597695390782	11.23	0.0	296.0	293.83	841.01	84.58	0	1
PROTOTYPE	005251	04/15/18	20:23:56	0.4892597695390782	0.4892597695390782	11.24	0.0	4.69689378757515	4.727227893286574	54.31	-9.05	0.4892597695390782	0.4892597695390782	11.24	0.0	300.0	294.76	768.7	341.89	0	1
PROTOTYPE	005252	04/15/18	20:23:57	0.4892597695390782	0.4892597695390782	11.22	0.0	4.69689378757515	4.722335295591182	52.99	-7.69	0.4892597695390782	0.4892597695390782	11.22	0.0	282.0	292.84	834.98	275.61	0	1
PROTOTYPE	005253	04/15/18	20:23:59	0.4892597695390782	0.4892597695390782	11.2	0.0	4.599041833667335	4.703743424348698	66.7	-21.54	0.4892597695390782	0.4892597695390782	11.2	0.0	292.0	292.72	729.05	144.27	0	1
PROTOTYPE	005254	04/15/18	20:24:00	0.4892597695390782	0.4892597695390782	11.2	0.0	4.599041833667335	4.688087111723447	78.31	-33.31	0.4892597695390782	0.4892597695390782	11.2	0.0	302.0	294.11	662.41	77.63	0	1
PROTOTYPE	005255	04/15/18	20:24:02	0.4892597695390782	0.4892597695390782	11.2	0.0	4.69689378757515	4.690044150801603	76.29	-28.31	0.4892597695390782	0.4892597695390782	11.2	0.0	290.0	293.49	669.07	-39.02	0	1
PROTOTYPE	005256	04/15/18	20:24:03	0.4892597695390782	0.4892597695390782	11.18	0.0	4.69689378757515	4.691022670340682	66.12	-39.06	0.4892597695390782	0.4892597695390782	11.18	0.0	289.0	292.82	648.23	-18.16	0	1
PROTOTYPE	005257	04/15/18	20:24:04	0.4892597695390782	0.4892597695390782	11.19	0.0	4.69689378757515	4.69200118987976	57.63	-48.21	0.4892597695390782	0.4892597695390782	11.19	0.0	296.0	293.3	650.95	-15.44	0	1
PROTOTYPE	005258	04/15/18	20:24:06	0.4892597695390782	0.4892597695390782	11.19	0.0	4.69689378757515	4.69200118987976	52.66	-40.97	0.4892597695390782	0.4892597695390782	11.19	0.0	297.0	293.85	668.26	1.88	0	1
PROTOTYPE	005259	04/15/18	20:24:07	0.4892597695390782	0.4892597695390782	11.18	0.0	4.69689378757515	4.692979709418838	48.58	-34.83	0.4892597695390782	0.4892597695390782	11.18	0.0	298.0	294.47	637.98	-28.4	0	1
PROTOTYPE	005260	04/15/18	20:24:09	0.4892597695390782	0.4892597695390782	11.17	0.0	4.69689378757515	4.693958228957916	45.23	-29.6	0.4892597695390782	0.4892597695390782	11.17	0.0	300.0	295.3	529.49	245.86	0	1
PROTOTYPE	005261	04/15/18	20:24:10	0.4892597695390782	0.4892597695390782	11.17	0.0	4.69689378757515	4.693958228957916	27.71	-10.16	0.4892597695390782	0.4892597695390782	11.17	0.0	275.0	292.26	821.3	-46.02	0	1
PROTOTYPE	005262	04/15/18	20:24:11	0.4892597695390782	0.4892597695390782	11.18	0.0	4.69689378757515	4.6949367484969935	13.01	6.36	0.4892597695390782	0.4892597695390782	11.18	0.0	289.0	291.77	730.95	-234.12	0	1
PROTOTYPE	005263	04/15/18	20:24:13	0.4892597695390782	0.4892597695390782	11.16	0.0	4.69689378757515	4.6949367484969935	12.52	5.41	0.4892597695390782	0.4892597695390782	11.16	0.0	292.0	291.8	673.01	-169.0	0	1
PROTOTYPE	005264	04/15/18	20:24:14	0.4892597695390782	0.4892597695390782	11.17	0.0	4.69689378757515	4.6949367484969935	12.18	4.6	0.4892597695390782	0.4892597695390782	11.17	0.0	282.0	290.33	752.66	-248.65	0	1
PROTOTYPE	005265	04/15/18	20:24:16	0.4892597695390782	0.4892597695390782	11.17	0.0	4.599041833667335	4.6812374749499	25.29	-11.09	0.4892597695390782	0.4892597695390782	11.17	0.0	283.0	289.23	814.94	-406.35	0	1
PROTOTYPE	005266	04/15/18	20:24:17	0.4892597695390782	0.4892597695390782	11.17	0.0	4.69689378757515	4.683194514028056	26.52	-9.43	0.4892597695390782	0.4892597695390782	11.17	0.0	290.0	289.35	770.96	-450.4	0	1
PROTOTYPE	005267	04/15/18	20:24:18	0.4892597695390782	0.4892597695390782	11.18	0.0	4.599041833667335	4.67047376002004	37.95	-23.02	0.4892597695390782	0.4892597695390782	11.18	0.0	294.0	290.05	778.52	-442.84	0	1
PROTOTYPE	005268	04/15/18	20:24:20	0.4892597695390782	0.4892597695390782	11.21	0.0	4.69689378757515	4.674387838176353	40.71	-19.56	0.4892597695390782	0.4892597695390782	11.21	0.0	278.0	288.24	876.32	-706.41	0	1
PROTOTYPE	005269	04/15/18	20:24:21	0.4892597695390782	0.4892597695390782	11.22	0.0	4.69689378757515	4.678301916332665	42.94	-16.63	0.4892597695390782	0.4892597695390782	11.22	0.0	284.0	287.6	635.37	-465.45	0	1
PROTOTYPE	005270	04/15/18	20:24:23	0.4892597695390782	0.4892597695390782	11.22	0.0	4.7947457414829655	4.6949367484969935	59.45	0.87	0.4892597695390782	0.4892597695390782	11.22	0.0	286.0	287.36	610.57	-440.63	0	1
PROTOTYPE	005271	04/15/18	20:24:24	0.4892597695390782	0.4892597695390782	11.22	0.0	4.69689378757515	4.695915268036072	59.42	0.74	0.4892597695390782	0.4892597695390782	11.22	0.0	289.0	287.61	631.43	-419.54	0	1
PROTOTYPE	005272	04/15/18	20:24:25	0.4892597695390782	0.4892597695390782	11.23	0.0	4.69689378757515	4.695915268036072	59.41	0.63	0.4892597695390782	0.4892597695390782	11.23	0.0	286.0	287.37	508.53	-296.61	0	1
PROTOTYPE	005273	04/15/18	20:24:27	0.4892597695390782	0.4892597695390782	11.25	0.0	4.69689378757515	4.695915268036072	46.04	15.53	0.4892597695390782	0.4892597695390782	11.25	0.0	295.0	288.51	513.03	-72.12	0	1
PROTOTYPE	005274	04/15/18	20:24:28	0.4892597695390782	0.4892597695390782	11.26	0.0	4.69689378757515	4.695915268036072	44.61	13.2	0.4892597695390782	0.4892597695390782	11.26	0.0	303.0	290.69	718.77	133.7	0	1
PROTOTYPE	005275	04/15/18	20:24:30	0.4892597695390782	0.4892597695390782	11.27	0.0	4.599041833667335	4.6812374749499	46.58	11.22	0.4892597695390782	0.4892597695390782	11.27	0.0	287.0	290.13	704.27	8.65	0	1
PROTOTYPE	005276	04/15/18	20:24:31	0.4892597695390782	0.4892597695390782	11.27	0.0	4.69689378757515	4.684173033567133	45.05	9.54	0.4892597695390782	0.4892597695390782	11.27	0.0	282.0	288.91	645.57	67.35	0	1
PROTOTYPE	005277	04/15/18	20:24:32	0.4892597695390782	0.4892597695390782	11.29	0.0	4.69689378757515	4.686130072645291	43.8	8.11	0.4892597695390782	0.4892597695390782	11.29	0.0	286.0	288.48	625.68	87.25	0	1
PROTOTYPE	005278	04/15/18	20:24:34	0.4892597695390782	0.4892597695390782	11.29	0.0	4.69689378757515	4.6871085921843685	28.03	-8.11	0.4892597695390782	0.4892597695390782	11.29	0.0	296.0	289.6	714.47	224.16	0	1
PROTOTYPE	005279	04/15/18	20:24:35	0.4892597695390782	0.4892597695390782	11.3	0.0	4.69689378757515	4.689065631262525	28.63	-6.89	0.4892597695390782	0.4892597695390782	11.3	0.0	295.0	290.41	770.82	280.54	0	1
PROTOTYPE	005280	04/15/18	20:24:37	0.4892597695390782	0.4892597695390782	11.31	0.0	4.599041833667335	4.675366357715431	41.05	-20.86	0.4892597695390782	0.4892597695390782	11.31	0.0	293.0	290.8	785.47	343.46	0	1
PROTOTYPE	005281	04/15/18	20:24:38	0.4892597695390782	0.4892597695390782	11.29	0.0	4.69689378757515	4.678301916332665	43.2	-17.73	0.4892597695390782	0.4892597695390782	11.29	0.0	289.0	290.53	698.03	201.94	0	1
PROTOTYPE	005282	04/15/18	20:24:40	0.4892597695390782	0.4892597695390782	11.29	0.0	4.69689378757515	4.6812374749499	44.92	-15.07	0.4892597695390782	0.4892597695390782	11.29	0.0	297.0	291.5	577.74	81.65	0	1
PROTOTYPE	005283	04/15/18	20:24:41	0.4892597695390782	0.4892597695390782	11.27	0.0	4.69689378757515	4.684173033567133	32.73	2.19	0.4892597695390782	0.4892597695390782	11.27	0.0	285.0	290.53	619.98	39.4	0	1
PROTOTYPE	005284	04/15/18	20:24:42	0.4892597695390782	0.4892597695390782	11.27	0.0	4.7947457414829655	4.700807865731463	47.07	16.86	0.4892597695390782	0.4892597695390782	11.27	0.0	304.0	292.55	700.1	363.49	0	1
PROTOTYPE	005285	04/15/18	20:24:44	0.4892597695390782	0.4892597695390782	11.27	0.0	4.69689378757515	4.699829346192385	46.13	14.33	0.4892597695390782	0.4892597695390782	11.27	0.0	283.0	291.12	799.6	263.97	0	1
PROTOTYPE	005286	04/15/18	20:24:45	0.4892597695390782	0.4892597695390782	11.28	0.0	4.69689378757515	4.699829346192385	45.41	12.18	0.4892597695390782	0.4892597695390782	11.28	0.0	290.0	290.95	703.52	134.37	0	1
PROTOTYPE	005287	04/15/18	20:24:47	0.4892597695390782	0.4892597695390782	11.3	0.0	4.69689378757515	4.698850826653307	44.87	10.36	0.4892597695390782	0.4892597695390782	11.3	0.0	295.0	291.56	683.37	114.22	0	1
PROTOTYPE	005288	04/15/18	20:24:48	0.4892597695390782	0.4892597695390782	11.27	0.0	4.7947457414829655	4.713528619739479	45.77	38.8	0.4892597695390782	0.4892597695390782	11.27	0.0	289.0	291.17	682.91	37.08	0	1
PROTOTYPE	005289	04/15/18	20:24:49	0.4892597695390782	0.4892597695390782	11.26	0.0	4.7947457414829655	4.725270854208417	54.74	47.98	0.4892597695390782	0.4892597695390782	11.26	0.0	292.0	291.3	668.34	76.52	0	1
PROTOTYPE	005290	04/15/18	20:24:51	0.4892597695390782	0.4892597695390782	11.27	0.0	4.7947457414829655	4.736034569138277	62.3	55.78	0.4892597695390782	0.4892597695390782	11.27	0.0	280.0	289.6	740.76	-189.96	0	1
PROTOTYPE	005291	04/15/18	20:24:52	0.4892597695390782	0.4892597695390782	11.28	0.0	4.69689378757515	4.730163451903808	65.7	47.42	0.4892597695390782	0.4892597695390782	11.28	0.0	291.0	289.81	664.24	-71.46	0	1
PROTOTYPE	005292	04/15/18	20:24:54	0.4892597695390782	0.4892597695390782	11.27	0.0	4.69689378757515	4.725270854208417	53.9	25.3	0.4892597695390782	0.4892597695390782	11.27	0.0	289.0	289.69	474.39	-285.74	0	1
PROTOTYPE	005293	04/15/18	20:24:55	0.4892597695390782	0.4892597695390782	11.25	0.0	4.7947457414829655	4.736034569138277	63.15	36.51	0.4892597695390782	0.4892597695390782	11.25	0.0	287.0	289.29	371.54	-182.88	0	1
PROTOTYPE	005294	04/15/18	20:24:56	0.4892597695390782	0.4892597695390782	11.25	0.0	4.69689378757515	4.730163451903808	67.76	31.03	0.4892597695390782	0.4892597695390782	11.25	0.0	299.0	290.74	500.46	-20.45	0	1
PROTOTYPE	005295	04/15/18	20:24:58	0.4892597695390782	0.4892597695390782	11.22	0.0	4.7947457414829655	4.739948647294589	76.34	41.38	0.4892597695390782	0.4892597695390782	11.22	0.0	287.0	290.18	495.84	-137.38	0	1
PROTOTYPE	005296	04/15/18	20:24:59	0.4892597695390782	0.4892597695390782	11.23	0.0	4.7947457414829655	4.747776803607215	70.18	35.17	0.4892597695390782	0.4892597695390782	11.23	0.0	290.0	290.15	460.54	-101.78	0	1
PROTOTYPE	005297	04/15/18	20:25:01	0.4892597695390782	0.4892597695390782	11.26	0.0	4.7947457414829655	4.754626440380762	64.96	29.9	0.4892597695390782	0.4892597695390782	11.26	0.0	292.0	290.43	475.77	-86.51	0	1
PROTOTYPE	005298	04/15/18	20:25:02	0.4892597695390782	0.4892597695390782	11.26	0.0	4.69689378757515	4.745819764529058	63.26	10.41	0.4892597695390782	0.4892597695390782	11.26	0.0	292.0	290.67	329.88	106.47	0	1
PROTOTYPE	005299	04/15/18	20:25:03	0.4892597695390782	0.4892597695390782	11.28	0.0	4.7947457414829655	4.753647920841684	64.7	23.85	0.4892597695390782	0.4892597695390782	11.28	0.0	286.0	289.97	378.88	15.5	0	1
PROTOTYPE	005300	04/15/18	20:25:05	0.4892597695390782	0.4892597695390782	11.27	0.0	4.7947457414829655	4.759519038076153	65.9	35.27	0.4892597695390782	0.4892597695390782	11.27	0.0	279.0	288.32	531.13	-136.83	0	1
PROTOTYPE	005301	04/15/18	20:25:06	0.4892597695390782	0.4892597695390782	11.28	0.0	4.7947457414829655	4.764411635771543	60.7	29.98	0.4892597695390782	0.4892597695390782	11.28	0.0	284.0	287.67	555.6	-161.3	0	1
PROTOTYPE	005302	04/15/18	20:25:08	0.4892597695390782	0.4892597695390782	11.28	0.0	4.7947457414829655	4.769304233466934	59.39	40.48	0.4892597695390782	0.4892597695390782	11.28	0.0	285.0	287.27	450.02	-347.11	0	1
PROTOTYPE	005303	04/15/18	20:25:09	0.4892597695390782	0.4892597695390782	11.28	0.0	4.7947457414829655	4.773218311623246	53.47	34.41	0.4892597695390782	0.4892597695390782	11.28	0.0	295.0	288.43	509.77	-175.04	0	1
PROTOTYPE	005304	04/15/18	20:25:10	0.4892597695390782	0.4892597695390782	11.28	0.0	4.7947457414829655	4.776153870240481	48.48	29.25	0.4892597695390782	0.4892597695390782	11.28	0.0	284.0	287.77	573.19	-238.79	0	1
PROTOTYPE	005305	04/15/18	20:25:12	0.4892597695390782	0.4892597695390782	11.26	0.0	4.7947457414829655	4.7790894288577155	44.28	24.86	0.4892597695390782	0.4892597695390782	11.26	0.0	294.0	288.7	638.98	-172.97	0	1
PROTOTYPE	005306	04/15/18	20:25:13	0.4892597695390782	0.4892597695390782	11.25	0.0	4.7947457414829655	4.781046467935872	38.05	36.13	0.4892597695390782	0.4892597695390782	11.25	0.0	286.0	288.3	655.96	-237.02	0	1
PROTOTYPE	005307	04/15/18	20:25:15	0.4892597695390782	0.4892597695390782	11.26	0.0	4.7947457414829655	4.783003507014028	32.95	30.71	0.4892597695390782	0.4892597695390782	11.26	0.0	293.0	289.0	656.51	-96.47	0	1
PROTOTYPE	005308	04/15/18	20:25:16	0.4892597695390782	0.4892597695390782	11.28	0.0	4.7947457414829655	4.784960546092184	28.7	26.11	0.4892597695390782	0.4892597695390782	11.28	0.0	301.0	290.8	671.98	248.0	0	1
PROTOTYPE	005309	04/15/18	20:25:18	0.4892597695390782	0.4892597695390782	11.29	0.0	4.7947457414829655	4.786917585170341	25.18	22.19	0.4892597695390782	0.4892597695390782	11.29	0.0	281.0	289.33	754.17	165.8	0	1
PROTOTYPE	005310	04/15/18	20:25:19	0.4892597695390782	0.4892597695390782	11.29	0.0	4.7947457414829655	4.787896104709419	22.28	18.86	0.4892597695390782	0.4892597695390782	11.29	0.0	298.0	290.63	844.08	335.93	0	1
PROTOTYPE	005311	04/15/18	20:25:20	0.4892597695390782	0.4892597695390782	11.3	0.0	4.69689378757515	4.774196831162325	32.15	1.03	0.4892597695390782	0.4892597695390782	11.3	0.0	281.0	289.19	872.64	75.54	0	1
PROTOTYPE	005312	04/15/18	20:25:22	0.4892597695390782	0.4892597695390782	11.31	0.0	4.69689378757515	4.762454596693387	40.5	-14.12	0.4892597695390782	0.4892597695390782	11.31	0.0	279.0	287.66	958.96	-10.79	0	1
PROTOTYPE	005313	04/15/18	20:25:23	0.4892597695390782	0.4892597695390782	11.31	0.0	4.7947457414829655	4.767347194388777	42.48	-12.0	0.4892597695390782	0.4892597695390782	11.31	0.0	289.0	287.86	885.62	-84.17	0	1
PROTOTYPE	005314	04/15/18	20:25:25	0.4892597695390782	0.4892597695390782	11.33	0.0	4.69689378757515	4.756583479458918	50.62	-25.2	0.4892597695390782	0.4892597695390782	11.33	0.0	285.0	287.43	887.99	-86.55	0	1
PROTOTYPE	005315	04/15/18	20:25:26	0.4892597695390782	0.4892597695390782	11.31	0.0	4.69689378757515	4.747776803607215	57.43	-36.42	0.4892597695390782	0.4892597695390782	11.31	0.0	291.0	287.97	870.98	-103.56	0	1
PROTOTYPE	005316	04/15/18	20:25:27	0.4892597695390782	0.4892597695390782	11.29	0.0	4.69689378757515	4.739948647294589	63.13	-45.96	0.4892597695390782	0.4892597695390782	11.29	0.0	294.0	288.87	781.52	-193.03	0	1
PROTOTYPE	005317	04/15/18	20:25:29	0.4892597695390782	0.4892597695390782	11.27	0.0	4.7947457414829655	4.748755323146293	69.56	-39.07	0.4892597695390782	0.4892597695390782	11.27	0.0	287.0	288.59	662.59	-74.07	0	1
PROTOTYPE	005318	04/15/18	20:25:30	0.4892597695390782	0.4892597695390782	11.26	0.0	4.7947457414829655	4.75560495991984	74.93	-33.21	0.4892597695390782	0.4892597695390782	11.26	0.0	290.0	288.8	553.74	-182.96	0	1
PROTOTYPE	005319	04/15/18	20:25:32	0.4892597695390782	0.4892597695390782	11.26	0.0	4.69689378757515	4.746798284068136	69.98	-28.22	0.4892597695390782	0.4892597695390782	11.26	0.0	281.0	287.63	526.3	-155.52	0	1
PROTOTYPE	005320	04/15/18	20:25:33	0.4892597695390782	0.4892597695390782	11.26	0.0	4.7947457414829655	4.753647920841684	65.57	-8.99	0.4892597695390782	0.4892597695390782	11.26	0.0	296.0	288.89	499.02	122.81	0	1
PROTOTYPE	005321	04/15/18	20:25:34	0.4892597695390782	0.4892597695390782	11.24	0.0	4.69689378757515	4.74484124498998	69.28	-22.64	0.4892597695390782	0.4892597695390782	11.24	0.0	278.0	287.25	642.17	-60.61	0	1
PROTOTYPE	005322	04/15/18	20:25:36	0.4892597695390782	0.4892597695390782	11.22	0.0	4.69689378757515	4.737991608216433	65.92	-19.25	0.4892597695390782	0.4892597695390782	11.22	0.0	294.0	288.27	700.44	83.48	0	1
PROTOTYPE	005323	04/15/18	20:25:37	0.4892597695390782	0.4892597695390782	11.21	0.0	4.69689378757515	4.732120490981964	63.08	-16.36	0.4892597695390782	0.4892597695390782	11.21	0.0	297.0	289.58	777.91	160.96	0	1
PROTOTYPE	005324	04/15/18	20:25:39	0.4892597695390782	0.4892597695390782	11.2	0.0	4.7947457414829655	4.740927166833667	64.89	1.09	0.4892597695390782	0.4892597695390782	11.2	0.0	281.0	288.29	816.04	-58.19	0	1
PROTOTYPE	005325	04/15/18	20:25:40	0.4892597695390782	0.4892597695390782	11.19	0.0	4.69689378757515	4.735056049599198	63.35	-14.07	0.4892597695390782	0.4892597695390782	11.19	0.0	291.0	288.7	828.61	10.54	0	1
PROTOTYPE	005326	04/15/18	20:25:41	0.4892597695390782	0.4892597695390782	11.19	0.0	4.7947457414829655	4.743862725450901	65.43	-11.96	0.4892597695390782	0.4892597695390782	11.19	0.0	281.0	287.54	922.88	-126.04	0	1
PROTOTYPE	005327	04/15/18	20:25:43	0.4892597695390782	0.4892597695390782	11.19	0.0	4.7947457414829655	4.751690881763527	64.32	4.83	0.4892597695390782	0.4892597695390782	11.19	0.0	293.0	288.36	887.73	72.87	0	1
PROTOTYPE	005328	04/15/18	20:25:44	0.4892597695390782	0.4892597695390782	11.18	0.0	4.69689378757515	4.742884205911824	65.26	-10.89	0.4892597695390782	0.4892597695390782	11.18	0.0	289.0	288.46	771.89	-43.06	0	1
PROTOTYPE	005329	04/15/18	20:25:46	0.4892597695390782	0.4892597695390782	11.19	0.0	4.7947457414829655	4.750712362224449	64.46	5.74	0.39140781563126253	0.4745819764529058	24.86	-15.0	282.0	287.49	705.43	23.4	0	1
PROTOTYPE	005330	04/15/18	20:25:47	0.4892597695390782	0.4892597695390782	11.2	0.0	4.7947457414829655	4.757561998997995	63.79	19.88	0.4892597695390782	0.4765390155310621	26.12	-12.75	298.0	289.06	761.92	79.89	0	1
PROTOTYPE	005331	04/15/18	20:25:48	0.4892597695390782	0.4892597695390782	11.21	0.0	4.7947457414829655	4.763433116232465	63.22	31.9	0.4892597695390782	0.47849605460921835	27.09	-10.84	299.0	290.56	779.94	97.9	0	1
PROTOTYPE	005332	04/15/18	20:25:50	0.4892597695390782	0.4892597695390782	11.21	0.0	4.7947457414829655	4.767347194388777	58.53	27.11	0.4892597695390782	0.48045309368737477	27.84	-9.21	286.0	289.87	719.63	158.22	0	1
PROTOTYPE	005333	04/15/18	20:25:51	0.4892597695390782	0.4892597695390782	11.23	0.0	4.7947457414829655	4.772239792084169	55.95	38.05	0.4892597695390782	0.48143161322645295	28.42	-7.83	284.0	288.99	767.04	29.49	0	1
PROTOTYPE	005334	04/15/18	20:25:53	0.4892597695390782	0.4892597695390782	11.22	0.0	4.7947457414829655	4.775175350701403	50.4	32.34	0.4892597695390782	0.482410132765531	28.84	-6.66	297.0	290.19	771.73	265.06	0	1
PROTOTYPE	005335	04/15/18	20:25:54	0.4892597695390782	0.4892597695390782	11.23	0.0	4.7947457414829655	4.778110909318637	45.74	27.49	0.39140781563126253	0.46871085921843686	41.51	-20.66	273.0	287.61	947.73	-74.7	0	1
PROTOTYPE	005336	04/15/18	20:25:55	0.4892597695390782	0.4892597695390782	11.23	0.0	4.7947457414829655	4.781046467935872	40.18	38.37	0.4892597695390782	0.4716464178356714	43.51	-17.56	298.0	289.17	1093.84	71.51	0	1
PROTOTYPE	005337	04/15/18	20:25:57	0.4892597695390782	0.4892597695390782	11.31	0.0	4.7947457414829655	4.783003507014028	34.76	32.61	0.4892597695390782	0.4745819764529058	31.46	0.08	286.0	288.7	1044.58	120.78	0	1
PROTOTYPE	005338	04/15/18	20:25:58	0.4892597695390782	0.4892597695390782	11.32	0.0	4.7947457414829655	4.784960546092184	30.21	27.72	0.4892597695390782	0.4765390155310621	31.45	0.06	300.0	290.39	1056.46	132.66	0	1
PROTOTYPE	005339	04/15/18	20:26:00	0.4892597695390782	0.4892597695390782	11.31	0.0	4.69689378757515	4.7712612725450905	37.84	8.56	0.4892597695390782	0.47849605460921835	31.44	0.05	294.0	290.93	961.58	37.76	0	1
PROTOTYPE	005340	04/15/18	20:26:01	0.4892597695390782	0.4892597695390782	11.33	0.0	4.69689378757515	4.76049755761523	44.3	-7.72	0.4892597695390782	0.48045309368737477	31.45	0.05	282.0	289.59	1027.23	-27.9	0	1
PROTOTYPE	005341	04/15/18	20:26:03	0.4892597695390782	0.4892597695390782	11.32	0.0	4.7947457414829655	4.765390155310622	45.4	-6.56	0.4892597695390782	0.48143161322645295	31.44	0.04	292.0	289.95	975.28	96.28	0	1
PROTOTYPE	005342	04/15/18	20:26:04	0.4892597695390782	0.4892597695390782	11.32	0.0	4.7947457414829655	4.770282753006012	46.33	-5.58	0.4892597695390782	0.482410132765531	31.43	0.03	291.0	290.11	870.89	-8.16	0	1
PROTOTYPE	005343	04/15/18	20:26:05	0.4892597695390782	0.4892597695390782	11.32	0.0	4.7947457414829655	4.773218311623246	47.1	-4.74	0.4892597695390782	0.48338865230460926	19.09	15.03	294.0	290.69	671.36	308.07	0	1
PROTOTYPE	005344	04/15/18	20:26:07	0.4892597695390782	0.4892597695390782	11.33	0.0	4.7947457414829655	4.77713238977956	47.75	-4.03	0.4892597695390782	0.48436717184368744	17.34	12.77	294.0	291.19	565.16	201.86	0	1
PROTOTYPE	005345	04/15/18	20:26:08	0.4892597695390782	0.4892597695390782	11.27	0.0	4.7947457414829655	4.7790894288577155	48.24	-3.43	0.4892597695390782	0.4853456913827655	15.9	10.86	289.0	290.86	550.45	216.58	0	1
PROTOTYPE	005346	04/15/18	20:26:10	0.4892597695390782	0.4892597695390782	11.24	0.0	4.7947457414829655	4.78202498747495	48.65	-2.91	0.4892597695390782	0.4863242109218437	14.77	9.23	294.0	291.33	427.98	94.09	0	1
PROTOTYPE	005347	04/15/18	20:26:11	0.4892597695390782	0.4892597695390782	11.26	0.0	4.7947457414829655	4.783982026553106	37.58	12.52	0.4892597695390782	0.4863242109218437	13.92	7.84	283.0	290.08	498.82	-85.02	0	1
PROTOTYPE	005348	04/15/18	20:26:12	0.4892597695390782	0.4892597695390782	11.26	0.0	4.7947457414829655	4.784960546092184	28.27	25.65	0.4892597695390782	0.48730273046092193	13.25	6.67	290.0	290.07	366.7	47.73	0	1
PROTOTYPE	005349	04/15/18	20:26:14	0.4892597695390782	0.4892597695390782	11.26	0.0	4.7947457414829655	4.786917585170341	24.81	21.8	0.4892597695390782	0.48730273046092193	12.74	5.67	285.0	289.31	406.63	-64.43	0	1
PROTOTYPE	005350	04/15/18	20:26:15	0.4892597695390782	0.4892597695390782	11.28	0.0	4.69689378757515	4.773218311623246	33.96	3.53	0.4892597695390782	0.48730273046092193	12.37	4.82	293.0	289.86	446.25	-24.76	0	1
PROTOTYPE	005351	04/15/18	20:26:17	0.4892597695390782	0.4892597695390782	11.28	0.0	4.69689378757515	4.761476077154308	41.67	-12.0	0.4892597695390782	0.48730273046092193	12.08	4.1	292.0	290.18	419.98	-51.05	0	1
PROTOTYPE	005352	04/15/18	20:26:18	0.4892597695390782	0.4892597695390782	11.27	0.0	4.69689378757515	4.751690881763527	48.18	-25.2	0.4892597695390782	0.48828125	11.86	3.48	289.0	290.01	388.18	-118.39	0	1
PROTOTYPE	005353	04/15/18	20:26:20	0.4892597695390782	0.4892597695390782	11.27	0.0	4.69689378757515	4.743862725450901	53.66	-36.42	0.4892597695390782	0.48828125	11.7	2.96	300.0	291.51	505.21	64.37	0	1
PROTOTYPE	005354	04/15/18	20:26:21	0.4892597695390782	0.4892597695390782	11.29	0.0	4.69689378757515	4.7370130886773545	58.26	-45.96	0.4892597695390782	0.48828125	11.6	2.51	295.0	292.03	510.56	69.71	0	1
PROTOTYPE	005355	04/15/18	20:26:22	0.4892597695390782	0.4892597695390782	11.27	0.0	4.69689378757515	4.731141971442886	62.08	-54.06	0.4892597695390782	0.48828125	11.49	2.14	297.0	292.78	460.14	269.25	0	1
PROTOTYPE	005356	04/15/18	20:26:24	0.4892597695390782	0.4892597695390782	11.26	0.0	4.7947457414829655	4.739948647294589	69.78	-45.95	0.4892597695390782	0.48828125	11.42	1.82	295.0	293.11	491.67	303.87	0	1
PROTOTYPE	005357	04/15/18	20:26:25	0.4892597695390782	0.4892597695390782	11.28	0.0	4.7947457414829655	4.748755323146293	76.23	-39.06	0.4892597695390782	0.48828125	11.4	1.54	288.0	292.34	492.25	303.29	0	1
PROTOTYPE	005358	04/15/18	20:26:27	0.4892597695390782	0.4892597695390782	11.27	0.0	4.69689378757515	4.740927166833667	70.42	-33.2	0.4892597695390782	0.4892597695390782	11.35	1.31	288.0	291.69	502.02	182.79	0	1
PROTOTYPE	005359	04/15/18	20:26:28	0.4892597695390782	0.4892597695390782	11.26	0.0	4.69689378757515	4.73407753006012	65.5	-28.22	0.4892597695390782	0.4892597695390782	11.32	1.12	295.0	292.19	519.59	200.37	0	1
PROTOTYPE	005360	04/15/18	20:26:29	0.4892597695390782	0.4892597695390782	11.26	0.0	4.69689378757515	4.728206412825651	61.34	-23.99	0.4892597695390782	0.4892597695390782	11.3	0.95	291.0	292.01	519.65	200.32	0	1
PROTOTYPE	005361	04/15/18	20:26:31	0.4892597695390782	0.4892597695390782	11.24	0.0	4.69689378757515	4.724292334669339	57.82	-20.39	0.4892597695390782	0.4892597695390782	11.27	0.81	278.0	289.91	579.88	-159.73	0	1
PROTOTYPE	005362	04/15/18	20:26:32	0.4892597695390782	0.4892597695390782	11.24	0.0	4.7947457414829655	4.73407753006012	61.45	-2.33	0.4892597695390782	0.4892597695390782	11.26	0.69	285.0	289.17	601.07	-285.77	0	1
PROTOTYPE	005363	04/15/18	20:26:34	0.4892597695390782	0.4892597695390782	11.25	0.0	4.7947457414829655	4.743862725450901	64.52	13.02	0.4892597695390782	0.4892597695390782	11.27	0.58	289.0	289.15	529.43	-362.9	0	1
PROTOTYPE	005364	04/15/18	20:26:35	0.4892597695390782	0.4892597695390782	11.25	0.0	4.7947457414829655	4.751690881763527	62.59	11.07	0.4892597695390782	0.4892597695390782	11.26	0.5	289.0	289.12	498.63	-398.47	0	1
PROTOTYPE	005365	04/15/18	20:26:36	0.4892597695390782	0.4892597695390782	11.24	0.0	4.7947457414829655	4.757561998997995	60.96	9.41	0.4892597695390782	0.4892597695390782	11.25	0.42	296.0	290.16	525.13	-218.7	0	1
PROTOTYPE	005366	04/15/18	20:26:38	0.4892597695390782	0.4892597695390782	11.23	0.0	4.7947457414829655	4.763433116232465	58.76	22.99	0.4892597695390782	0.4892597695390782	11.23	0.36	284.0	289.23	552.32	-245.89	0	1
