Dev_id	Index	Date	Time	Sensor1	Sensor1_Filter	Sensor1_LL	Sensor1_Diff	Sensor2	Sensor2_Filter	Sensor2_LL	Sensor2_Diff	Sensor3	Sensor3_Filter	Sensor3_LL	Sensor3_Diff	Sensor4	Sensor4_Filter	Sensor4_LL	Sensor4_Diff	Heater_Status	FSM_Status
PROTOTYPE	007767	04/15/18	21:22:56	0.4892597695390782	0.4892597695390782	11.35	0.0	4.207634018036073	4.228182928356714	37.29	-8.17	0.4892597695390782	0.4892597695390782	11.35	0.04	295.0	292.28	386.99	-205.86	0	1
PROTOTYPE	007768	04/15/18	21:22:58	0.4892597695390782	0.4892597695390782	11.34	0.0	4.207634018036073	4.2242688502004	36.14	-6.95	0.4892597695390782	0.4892597695390782	11.34	0.04	300.0	293.44	477.84	-114.98	0	1
PROTOTYPE	007769	04/15/18	21:22:59	0.4892597695390782	0.4892597695390782	11.3	0.0	4.305485971943888	4.236989604208417	44.66	9.09	0.4892597695390782	0.4892597695390782	11.3	0.03	298.0	294.12	537.29	-37.73	0	1
PROTOTYPE	007770	04/15/18	21:23:01	0.4892597695390782	0.4892597695390782	11.29	0.0	4.207634018036073	4.232097006513026	45.93	7.73	0.4892597695390782	0.4892597695390782	11.29	0.03	298.0	294.71	542.9	72.93	0	1
PROTOTYPE	007771	04/15/18	21:23:02	0.4892597695390782	0.4892597695390782	11.3	0.0	4.207634018036073	4.229161447895791	47.0	6.57	0.4892597695390782	0.4892597695390782	11.3	0.02	290.0	294.0	583.82	31.99	0	1
PROTOTYPE	007772	04/15/18	21:23:03	0.4892597695390782	0.4892597695390782	11.29	0.0	4.207634018036073	4.2252473697394795	47.87	5.58	0.4892597695390782	0.4892597695390782	11.29	0.02	287.0	292.95	603.61	12.19	0	1
PROTOTYPE	007773	04/15/18	21:23:05	0.4892597695390782	0.4892597695390782	11.29	0.0	4.207634018036073	4.223290330661322	48.58	4.75	0.4892597695390782	0.4892597695390782	11.29	0.02	296.0	293.41	631.75	40.36	0	1
PROTOTYPE	007774	04/15/18	21:23:06	0.4892597695390782	0.4892597695390782	11.28	0.0	4.207634018036073	4.220354772044089	37.87	-10.97	0.4892597695390782	0.4892597695390782	11.28	0.01	289.0	292.75	577.81	94.31	0	1
PROTOTYPE	007775	04/15/18	21:23:08	0.4892597695390782	0.4892597695390782	11.26	0.0	4.207634018036073	4.218397732965931	36.4	-9.32	0.4892597695390782	0.4892597695390782	11.26	0.01	281.0	290.98	706.03	-129.84	0	1
PROTOTYPE	007776	04/15/18	21:23:09	0.4892597695390782	0.4892597695390782	11.27	0.0	4.305485971943888	4.232097006513026	46.4	7.08	0.4892597695390782	0.4892597695390782	11.27	0.01	299.0	292.19	710.51	-125.36	0	1
PROTOTYPE	007777	04/15/18	21:23:11	0.4892597695390782	0.4892597695390782	11.29	0.0	4.305485971943888	4.242860721442886	45.34	6.02	0.4892597695390782	0.4892597695390782	11.29	0.01	290.0	291.86	674.93	-226.56	0	1
PROTOTYPE	007778	04/15/18	21:23:12	0.5871117234468938	0.5039375626252506	24.95	15.0	4.207634018036073	4.237968123747495	46.22	5.11	0.4892597695390782	0.4892597695390782	11.31	0.01	293.0	292.03	633.96	-267.57	0	1
PROTOTYPE	007779	04/15/18	21:23:14	0.4892597695390782	0.5019805235470942	26.49	12.75	4.305485971943888	4.247753319138276	52.75	19.35	0.4892597695390782	0.4892597695390782	11.81	0.01	282.0	290.53	713.82	-347.44	0	1
PROTOTYPE	007780	04/15/18	21:23:15	0.4892597695390782	0.5000234844689379	27.49	10.84	4.207634018036073	4.241882201903808	55.53	16.44	0.4892597695390782	0.4892597695390782	11.85	0.01	293.0	290.9	645.96	-205.32	0	1
PROTOTYPE	007781	04/15/18	21:23:17	0.4892597695390782	0.4980664453907815	28.22	9.21	4.207634018036073	4.236989604208417	57.84	13.98	0.4892597695390782	0.4892597695390782	11.84	0.0	279.0	289.11	778.64	-429.52	0	1
PROTOTYPE	007782	04/15/18	21:23:18	0.4892597695390782	0.4970879258517034	28.78	7.83	4.207634018036073	4.232097006513026	59.76	11.88	0.4892597695390782	0.4892597695390782	11.84	0.0	299.0	290.6	860.84	-215.1	0	1
PROTOTYPE	007783	04/15/18	21:23:20	0.4892597695390782	0.49610940631262535	29.2	6.66	4.207634018036073	4.228182928356714	61.34	10.1	0.4892597695390782	0.4892597695390782	11.83	0.0	290.0	290.51	693.68	-47.83	0	1
PROTOTYPE	007784	04/15/18	21:23:21	0.4892597695390782	0.49513088677354705	29.5	5.66	4.207634018036073	4.2252473697394795	51.45	-6.42	0.4892597695390782	0.4892597695390782	11.81	0.0	291.0	290.58	580.98	-160.66	0	1
PROTOTYPE	007785	04/15/18	21:23:22	0.4892597695390782	0.4941523672344689	29.74	4.81	4.207634018036073	4.222311811122244	43.12	-20.45	0.4892597695390782	0.4892597695390782	11.81	0.0	293.0	290.94	584.47	-91.56	0	1
PROTOTYPE	007786	04/15/18	21:23:24	0.4892597695390782	0.49317384769539074	16.23	-10.91	4.207634018036073	4.220354772044089	40.25	-17.39	0.4892597695390782	0.4892597695390782	11.78	0.0	303.0	292.75	748.15	72.18	0	1
PROTOTYPE	007787	04/15/18	21:23:25	0.4892597695390782	0.4921953281563127	14.85	-9.28	4.207634018036073	4.218397732965931	32.1	-29.78	0.4892597695390782	0.4892597695390782	11.31	0.0	289.0	292.19	653.98	166.35	0	1
PROTOTYPE	007788	04/15/18	21:23:27	0.4892597695390782	0.4921953281563127	13.97	-7.88	4.207634018036073	4.216440693887776	27.98	-25.31	0.4892597695390782	0.4892597695390782	11.29	0.0	285.0	291.11	724.68	21.4	0	1
PROTOTYPE	007789	04/15/18	21:23:28	0.4892597695390782	0.4921953281563127	13.29	-6.7	4.207634018036073	4.215462174348697	24.57	-21.51	0.4892597695390782	0.4892597695390782	11.28	0.0	284.0	290.04	652.89	93.19	0	1
PROTOTYPE	007790	04/15/18	21:23:29	0.4892597695390782	0.4912168086172345	12.76	-5.7	4.207634018036073	4.214483654809619	21.77	-18.29	0.4892597695390782	0.4892597695390782	11.27	0.0	290.0	290.04	506.12	-55.79	0	1
PROTOTYPE	007791	04/15/18	21:23:31	0.4892597695390782	0.4912168086172345	12.35	-4.84	4.207634018036073	4.213505135270542	19.47	-15.54	0.4892597695390782	0.4892597695390782	11.25	0.0	297.0	291.08	601.52	57.58	0	1
PROTOTYPE	007792	04/15/18	21:23:32	0.4892597695390782	0.4912168086172345	12.08	-4.12	4.207634018036073	4.212526615731463	17.64	-13.21	0.4892597695390782	0.4892597695390782	11.27	0.0	284.0	290.02	700.22	-56.06	0	1
PROTOTYPE	007793	04/15/18	21:23:34	0.4892597695390782	0.49023828907815625	11.87	-3.5	4.207634018036073	4.211548096192384	16.17	-11.23	0.4892597695390782	0.4892597695390782	11.28	0.0	302.0	291.82	843.61	87.35	0	1
PROTOTYPE	007794	04/15/18	21:23:35	0.4892597695390782	0.49023828907815625	11.72	-2.97	4.207634018036073	4.211548096192384	15.01	-9.55	0.4892597695390782	0.4892597695390782	11.29	0.0	280.0	290.04	840.0	-270.75	0	1
PROTOTYPE	007795	04/15/18	21:23:36	0.4892597695390782	0.49023828907815625	11.58	-2.53	4.207634018036073	4.210569576653307	14.09	-8.11	0.4892597695390782	0.4892597695390782	11.27	0.0	284.0	289.14	874.38	-305.14	0	1
PROTOTYPE	007796	04/15/18	21:23:38	0.4892597695390782	0.49023828907815625	11.49	-2.15	4.207634018036073	4.210569576653307	13.38	-6.9	0.4892597695390782	0.4892597695390782	11.26	0.0	301.0	290.92	944.48	-19.37	0	1
PROTOTYPE	007797	04/15/18	21:23:39	0.4892597695390782	0.49023828907815625	11.44	-1.83	4.207634018036073	4.2095910571142285	12.85	-5.86	0.4892597695390782	0.4892597695390782	11.28	0.0	284.0	289.88	941.58	-16.46	0	1
PROTOTYPE	007798	04/15/18	21:23:41	0.4892597695390782	0.49023828907815625	11.43	-1.55	4.207634018036073	4.2095910571142285	12.47	-4.98	0.4892597695390782	0.4892597695390782	11.31	0.0	294.0	290.5	1001.86	46.01	0	1
PROTOTYPE	007799	04/15/18	21:23:42	0.4892597695390782	0.4892597695390782	11.41	-1.32	4.207634018036073	4.2095910571142285	12.18	-4.24	0.4892597695390782	0.4892597695390782	11.33	0.0	293.0	290.87	934.97	-20.89	0	1
PROTOTYPE	007800	04/15/18	21:23:44	0.4892597695390782	0.4892597695390782	11.38	-1.12	4.207634018036073	4.20861253757515	11.94	-3.6	0.4892597695390782	0.4892597695390782	11.32	0.0	280.0	289.24	991.84	-77.76	0	1
PROTOTYPE	007801	04/15/18	21:23:45	0.4892597695390782	0.4892597695390782	11.36	-0.95	4.305485971943888	4.223290330661322	25.2	11.94	0.4892597695390782	0.4892597695390782	11.32	0.0	275.0	287.11	1025.76	-471.1	0	1
PROTOTYPE	007802	04/15/18	21:23:46	0.4892597695390782	0.4892597695390782	11.37	-0.81	4.207634018036073	4.221333291583166	26.48	10.15	0.4892597695390782	0.4892597695390782	11.34	0.0	288.0	287.24	861.99	-280.43	0	1
PROTOTYPE	007803	04/15/18	21:23:48	0.4892597695390782	0.4892597695390782	11.35	-0.69	4.305485971943888	4.234054045591183	37.98	23.63	0.4892597695390782	0.4892597695390782	11.33	0.0	281.0	286.3	864.93	-283.37	0	1
PROTOTYPE	007804	04/15/18	21:23:49	0.4892597695390782	0.4892597695390782	11.37	-0.59	4.305485971943888	4.244817760521042	47.59	35.08	0.4892597695390782	0.4892597695390782	11.35	0.0	290.0	286.86	742.45	-405.86	0	1
PROTOTYPE	007805	04/15/18	21:23:51	0.4892597695390782	0.4892597695390782	11.34	-0.5	4.305485971943888	4.253624436372745	55.57	44.82	0.4892597695390782	0.4892597695390782	11.33	0.0	289.0	287.18	670.84	-269.98	0	1
PROTOTYPE	007806	04/15/18	21:23:52	0.4892597695390782	0.4892597695390782	11.32	-0.42	4.207634018036073	4.246774799599199	61.29	38.1	0.4892597695390782	0.4892597695390782	11.31	0.0	288.0	287.3	621.4	-319.49	0	1
PROTOTYPE	007807	04/15/18	21:23:53	0.4892597695390782	0.4892597695390782	11.31	-0.36	4.305485971943888	4.255581475450902	68.97	47.38	0.4892597695390782	0.4892597695390782	11.31	0.0	291.0	287.86	639.32	-301.56	0	1
PROTOTYPE	007808	04/15/18	21:23:55	0.4892597695390782	0.4892597695390782	11.32	-0.31	4.305485971943888	4.263409631763527	75.33	55.28	0.4892597695390782	0.4892597695390782	11.32	0.0	287.0	287.73	489.15	-151.33	0	1
PROTOTYPE	007809	04/15/18	21:23:56	0.4892597695390782	0.4892597695390782	11.31	-0.26	4.305485971943888	4.269280748997996	67.12	46.98	0.4892597695390782	0.4892597695390782	11.31	0.0	300.0	289.57	459.6	246.37	0	1
PROTOTYPE	007810	04/15/18	21:23:58	0.4892597695390782	0.4892597695390782	11.29	-0.22	4.305485971943888	4.275151866232465	70.02	54.94	0.4892597695390782	0.4892597695390782	11.29	0.0	285.0	288.88	514.66	164.42	0	1
PROTOTYPE	007811	04/15/18	21:23:59	0.4892597695390782	0.4892597695390782	11.27	-0.19	4.305485971943888	4.279065944388777	61.9	46.7	0.4892597695390782	0.4892597695390782	11.27	0.0	274.0	286.65	644.31	34.75	0	1
PROTOTYPE	007812	04/15/18	21:24:00	0.4892597695390782	0.4892597695390782	11.23	-0.16	4.305485971943888	4.2829800225450905	55.04	39.69	0.4892597695390782	0.4892597695390782	11.23	0.0	290.0	287.15	639.1	29.54	0	1
PROTOTYPE	007813	04/15/18	21:24:02	0.4892597695390782	0.4892597695390782	11.22	-0.14	4.305485971943888	4.286894100701403	49.26	33.74	0.4892597695390782	0.4892597695390782	11.22	0.0	300.0	289.08	799.65	190.11	0	1
PROTOTYPE	007814	04/15/18	21:24:03	0.4892597695390782	0.4892597695390782	11.21	-0.12	4.305485971943888	4.289829659318637	45.27	43.68	0.4892597695390782	0.4892597695390782	11.21	0.0	295.0	289.97	876.06	266.59	0	1
PROTOTYPE	007815	04/15/18	21:24:05	0.4892597695390782	0.4892597695390782	11.21	-0.1	4.305485971943888	4.291786698396794	38.99	37.13	0.4892597695390782	0.4892597695390782	11.21	0.0	288.0	289.67	850.14	181.6	0	1
PROTOTYPE	007816	04/15/18	21:24:06	0.4892597695390782	0.4892597695390782	11.21	-0.08	4.305485971943888	4.2937437374749505	33.72	31.56	0.4892597695390782	0.4892597695390782	11.21	0.0	297.0	290.77	947.12	304.36	0	1
PROTOTYPE	007817	04/15/18	21:24:07	0.4892597695390782	0.4892597695390782	11.21	-0.07	4.305485971943888	4.2957007765531054	29.33	26.82	0.4892597695390782	0.4892597695390782	11.21	0.0	291.0	290.81	766.74	123.71	0	1
PROTOTYPE	007818	04/15/18	21:24:09	0.4892597695390782	0.4892597695390782	11.2	-0.06	4.305485971943888	4.296679296092185	25.68	22.8	0.4892597695390782	0.4892597695390782	11.2	0.0	286.0	290.09	770.29	120.15	0	1
PROTOTYPE	007819	04/15/18	21:24:10	0.4892597695390782	0.4892597695390782	11.22	-0.05	4.207634018036073	4.283958542084168	34.57	4.38	0.4892597695390782	0.4892597695390782	11.22	0.0	290.0	290.07	548.94	342.13	0	1
PROTOTYPE	007820	04/15/18	21:24:12	0.4892597695390782	0.4892597695390782	11.24	-0.04	4.207634018036073	4.2722163076152295	42.08	-11.28	0.4892597695390782	0.4892597695390782	11.24	0.0	287.0	289.61	544.8	245.81	0	1
PROTOTYPE	007821	04/15/18	21:24:13	0.4892597695390782	0.4892597695390782	11.24	-0.04	4.207634018036073	4.262431112224449	48.42	-24.59	0.4892597695390782	0.4892597695390782	11.24	0.0	298.0	290.87	477.93	178.94	0	1
PROTOTYPE	007822	04/15/18	21:24:15	0.4892597695390782	0.4892597695390782	11.24	-0.03	4.207634018036073	4.254602955911824	53.75	-35.9	0.4892597695390782	0.4892597695390782	11.24	0.0	293.0	291.19	421.11	122.1	0	1
PROTOTYPE	007823	04/15/18	21:24:16	0.4892597695390782	0.4892597695390782	11.25	-0.03	4.305485971943888	4.262431112224449	58.89	-30.51	0.4892597695390782	0.4892597695390782	11.25	0.0	294.0	291.61	433.73	193.78	0	1
PROTOTYPE	007824	04/15/18	21:24:17	0.4892597695390782	0.4892597695390782	11.26	-0.02	4.207634018036073	4.253624436372745	64.83	-40.94	0.4892597695390782	0.4892597695390782	11.26	0.0	288.0	291.07	378.0	29.72	0	1
PROTOTYPE	007825	04/15/18	21:24:19	0.4892597695390782	0.4892597695390782	11.26	-0.02	4.305485971943888	4.26145259268537	70.6	-34.8	0.4892597695390782	0.4892597695390782	11.26	0.0	283.0	289.86	495.35	-94.74	0	1
PROTOTYPE	007826	04/15/18	21:24:20	0.4892597695390782	0.4892597695390782	11.29	-0.02	4.207634018036073	4.253624436372745	76.94	-44.58	0.4892597695390782	0.4892597695390782	11.29	0.0	287.0	289.43	466.15	-65.53	0	1
PROTOTYPE	007827	04/15/18	21:24:22	0.4892597695390782	0.4892597695390782	11.28	-0.01	4.207634018036073	4.246774799599199	70.32	-37.89	0.4892597695390782	0.4892597695390782	11.28	0.0	290.0	289.52	472.91	-55.7	0	1
PROTOTYPE	007828	04/15/18	21:24:23	0.4892597695390782	0.4892597695390782	11.27	-0.01	4.207634018036073	4.2409036823647295	64.72	-32.21	0.4892597695390782	0.4892597695390782	11.27	0.0	299.0	290.94	569.07	132.65	0	1
PROTOTYPE	007829	04/15/18	21:24:24	0.4892597695390782	0.4892597695390782	11.29	-0.01	4.207634018036073	4.236011084669339	59.98	-27.38	0.4892597695390782	0.4892597695390782	11.29	0.0	295.0	291.55	504.18	67.76	0	1
PROTOTYPE	007830	04/15/18	21:24:26	0.4892597695390782	0.4892597695390782	11.31	-0.01	4.207634018036073	4.231118486973949	55.99	-23.27	0.4892597695390782	0.4892597695390782	11.31	0.0	291.0	291.47	480.54	27.59	0	1
PROTOTYPE	007831	04/15/18	21:24:27	0.4892597695390782	0.4892597695390782	11.29	-0.01	4.207634018036073	4.228182928356714	51.95	-34.78	0.4892597695390782	0.4892597695390782	11.29	0.0	286.0	290.65	520.35	-96.55	0	1
PROTOTYPE	007832	04/15/18	21:24:29	0.4892597695390782	0.4892597695390782	11.27	-0.01	4.207634018036073	4.2252473697394795	46.91	-29.56	0.4892597695390782	0.4892597695390782	11.27	0.0	298.0	291.75	576.49	67.94	0	1
PROTOTYPE	007833	04/15/18	21:24:30	0.4892597695390782	0.4892597695390782	11.26	-0.01	4.305485971943888	4.236989604208417	51.3	-25.13	0.4892597695390782	0.4892597695390782	11.26	0.0	276.0	289.39	691.67	-47.25	0	1
PROTOTYPE	007834	04/15/18	21:24:31	0.4892597695390782	0.4892597695390782	11.24	-0.0	4.305485971943888	4.247753319138276	53.5	-6.36	0.4892597695390782	0.4892597695390782	11.24	0.0	297.0	290.53	762.98	109.83	0	1
PROTOTYPE	007835	04/15/18	21:24:33	0.4892597695390782	0.4892597695390782	11.24	-0.0	4.305485971943888	4.255581475450902	55.36	9.6	0.4892597695390782	0.4892597695390782	11.24	0.0	291.0	290.6	761.53	108.36	0	1
PROTOTYPE	007836	04/15/18	21:24:34	0.4892597695390782	0.4892597695390782	11.25	-0.0	4.305485971943888	4.263409631763527	56.93	23.16	0.4892597695390782	0.4892597695390782	11.25	0.0	293.0	290.96	655.29	2.1	0	1
PROTOTYPE	007837	04/15/18	21:24:36	0.4892597695390782	0.4892597695390782	11.26	-0.0	4.305485971943888	4.269280748997996	58.26	34.68	0.4892597695390782	0.4892597695390782	11.26	0.0	289.0	290.67	623.77	-88.21	0	1
PROTOTYPE	007838	04/15/18	21:24:37	0.4892597695390782	0.4892597695390782	11.25	-0.0	4.305485971943888	4.275151866232465	59.37	44.48	0.4892597695390782	0.4892597695390782	11.25	0.0	297.0	291.62	710.47	15.02	0	1
PROTOTYPE	007839	04/15/18	21:24:38	0.4892597695390782	0.4892597695390782	11.25	-0.0	4.207634018036073	4.265366670841684	65.88	37.81	0.4892597695390782	0.4892597695390782	11.25	0.0	287.0	290.92	697.72	27.77	0	1
PROTOTYPE	007840	04/15/18	21:24:40	0.4892597695390782	0.4892597695390782	11.27	-0.0	4.207634018036073	4.2565599949899795	71.36	32.14	0.4892597695390782	0.4892597695390782	11.27	0.0	291.0	290.93	589.23	-81.4	0	1
PROTOTYPE	007841	04/15/18	21:24:41	0.4892597695390782	0.4892597695390782	11.27	-0.0	4.305485971943888	4.263409631763527	66.59	27.32	0.4892597695390782	0.4892597695390782	11.27	0.0	288.0	290.49	397.04	110.81	0	1
PROTOTYPE	007842	04/15/18	21:24:43	0.4892597695390782	0.4892597695390782	11.28	-0.0	4.305485971943888	4.270259268537075	62.55	23.22	0.4892597695390782	0.4892597695390782	11.28	0.0	295.0	291.17	350.42	64.19	0	1
PROTOTYPE	007843	04/15/18	21:24:44	0.4892597695390782	0.4892597695390782	11.28	-0.0	4.207634018036073	4.260474073146293	63.19	4.74	0.4892597695390782	0.4892597695390782	11.28	0.0	289.0	290.84	375.8	24.56	0	1
PROTOTYPE	007844	04/15/18	21:24:46	0.4892597695390782	0.4892597695390782	11.26	-0.0	4.207634018036073	4.252645916833668	63.72	-10.97	0.4892597695390782	0.4892597695390782	11.26	0.0	291.0	290.87	342.47	-9.12	0	1
PROTOTYPE	007845	04/15/18	21:24:47	0.4892597695390782	0.4892597695390782	11.24	-0.0	4.207634018036073	4.24579628006012	64.17	-24.33	0.4892597695390782	0.4892597695390782	11.24	0.0	291.0	290.89	315.47	22.25	0	1
PROTOTYPE	007846	04/15/18	21:24:48	0.4892597695390782	0.4892597695390782	11.24	-0.0	4.207634018036073	4.239925162825651	64.55	-35.68	0.39140781563126253	0.4745819764529058	24.89	-15.0	269.0	287.6	548.76	-401.09	0	1
PROTOTYPE	007847	04/15/18	21:24:50	0.4892597695390782	0.4892597695390782	11.24	-0.0	4.305485971943888	4.249710358216433	64.22	-15.33	0.4892597695390782	0.4765390155310621	26.14	-12.75	294.0	288.56	575.45	-235.93	0	1
PROTOTYPE	007848	04/15/18	21:24:51	0.4892597695390782	0.4892597695390782	11.23	-0.0	4.207634018036073	4.243839240981964	61.96	-13.03	0.4892597695390782	0.47849605460921835	27.1	-10.84	291.0	288.93	610.19	-200.54	0	1
PROTOTYPE	007849	04/15/18	21:24:53	0.4892597695390782	0.4892597695390782	11.25	-0.0	4.207634018036073	4.237968123747495	60.0	-26.07	0.4892597695390782	0.48045309368737477	27.86	-9.21	289.0	288.94	567.92	-155.46	0	1
PROTOTYPE	007850	04/15/18	21:24:54	0.4892597695390782	0.4892597695390782	11.26	-0.0	4.207634018036073	4.234054045591183	58.35	-37.16	0.4892597695390782	0.48143161322645295	28.43	-7.83	295.0	289.85	591.23	-132.14	0	1
PROTOTYPE	007851	04/15/18	21:24:55	0.4892597695390782	0.4892597695390782	11.26	-0.0	4.207634018036073	4.230139967434869	52.91	-31.59	0.4892597695390782	0.482410132765531	28.85	-6.66	292.0	290.17	590.94	-67.32	0	1
PROTOTYPE	007852	04/15/18	21:24:57	0.4892597695390782	0.4892597695390782	11.26	-0.0	4.207634018036073	4.226225889278557	48.33	-26.85	0.4892597695390782	0.48338865230460926	29.18	-5.66	288.0	289.85	620.84	-102.22	0	1
PROTOTYPE	007853	04/15/18	21:24:58	0.4892597695390782	0.4892597695390782	11.27	-0.0	4.207634018036073	4.223290330661322	44.49	-22.82	0.4892597695390782	0.48436717184368744	29.42	-4.81	288.0	289.57	646.14	-131.89	0	1
PROTOTYPE	007854	04/15/18	21:25:00	0.4892597695390782	0.4892597695390782	11.26	-0.0	4.305485971943888	4.236011084669339	51.08	-4.4	0.4892597695390782	0.4853456913827655	15.93	10.91	289.0	289.48	326.46	187.9	0	1
PROTOTYPE	007855	04/15/18	21:25:01	0.4892597695390782	0.4892597695390782	11.26	-0.0	4.305485971943888	4.246774799599199	51.73	-3.74	0.4892597695390782	0.4863242109218437	14.81	9.28	287.0	289.11	267.81	54.71	0	1
PROTOTYPE	007856	04/15/18	21:25:02	0.4892597695390782	0.4892597695390782	11.27	-0.0	4.305485971943888	4.255581475450902	54.27	11.82	0.4892597695390782	0.4863242109218437	13.95	7.88	294.0	289.84	304.59	91.5	0	1
PROTOTYPE	007857	04/15/18	21:25:04	0.4892597695390782	0.4892597695390782	11.28	-0.0	4.207634018036073	4.247753319138276	56.0	10.05	0.4892597695390782	0.4863242109218437	13.29	6.7	296.0	290.77	395.16	182.78	0	1
PROTOTYPE	007858	04/15/18	21:25:05	0.4892597695390782	0.4892597695390782	11.26	-0.0	4.207634018036073	4.241882201903808	57.45	8.54	0.4892597695390782	0.48730273046092193	12.75	5.7	290.0	290.65	315.85	80.36	0	1
PROTOTYPE	007859	04/15/18	21:25:07	0.4892597695390782	0.4892597695390782	11.29	-0.0	4.207634018036073	4.236989604208417	58.68	7.26	0.4892597695390782	0.48730273046092193	12.39	4.84	282.0	289.35	413.35	-81.69	0	1
PROTOTYPE	007860	04/15/18	21:25:08	0.4892597695390782	0.4892597695390782	11.33	-0.0	4.305485971943888	4.246774799599199	65.64	21.17	0.4892597695390782	0.48730273046092193	12.14	4.12	296.0	290.35	480.43	50.56	0	1
PROTOTYPE	007861	04/15/18	21:25:10	0.4892597695390782	0.4892597695390782	11.34	-0.0	4.305485971943888	4.255581475450902	71.49	33.0	0.4892597695390782	0.48828125	11.93	3.5	302.0	292.1	627.44	252.98	0	1
PROTOTYPE	007862	04/15/18	21:25:11	0.4892597695390782	0.4892597695390782	11.34	-0.0	4.305485971943888	4.263409631763527	66.59	28.05	0.4892597695390782	0.48828125	11.77	2.97	293.0	292.23	632.38	275.03	0	1
PROTOTYPE	007863	04/15/18	21:25:12	0.4892597695390782	0.4892597695390782	11.34	-0.0	4.305485971943888	4.269280748997996	62.44	23.84	0.4892597695390782	0.48828125	11.65	2.53	295.0	292.65	636.62	353.78	0	1
PROTOTYPE	007864	04/15/18	21:25:14	0.4892597695390782	0.4892597695390782	11.31	-0.0	4.305485971943888	4.275151866232465	58.93	20.26	0.4892597695390782	0.48828125	11.54	2.15	284.0	291.35	693.01	150.71	0	1
PROTOTYPE	007865	04/15/18	21:25:15	0.4892597695390782	0.4892597695390782	11.29	-0.0	4.305485971943888	4.280044463927856	56.37	32.22	0.4892597695390782	0.48828125	11.45	1.83	283.0	290.1	725.95	-66.9	0	1
PROTOTYPE	007866	04/15/18	21:25:17	0.4892597695390782	0.4892597695390782	11.31	-0.0	4.305485971943888	4.283958542084168	54.23	42.39	0.4892597695390782	0.48828125	11.43	1.55	285.0	289.33	790.84	-131.86	0	1
PROTOTYPE	007867	04/15/18	21:25:18	0.4892597695390782	0.4892597695390782	11.38	-0.0	4.305485971943888	4.286894100701403	52.47	51.03	0.4892597695390782	0.4892597695390782	11.46	1.32	292.0	289.73	701.06	37.92	0	1
PROTOTYPE	007868	04/15/18	21:25:19	0.4892597695390782	0.4892597695390782	11.37	-0.0	4.305485971943888	4.289829659318637	45.05	43.38	0.4892597695390782	0.4892597695390782	11.43	1.12	293.0	290.22	650.39	-12.77	0	1
PROTOTYPE	007869	04/15/18	21:25:21	0.4892597695390782	0.4892597695390782	11.35	-0.0	4.305485971943888	4.291786698396794	38.8	36.87	0.4892597695390782	0.4892597695390782	11.39	0.95	298.0	291.39	592.3	-70.85	0	1
PROTOTYPE	007870	04/15/18	21:25:22	0.4892597695390782	0.4892597695390782	11.41	-0.0	4.207634018036073	4.279065944388777	44.08	16.34	0.4892597695390782	0.4892597695390782	11.44	0.81	285.0	290.43	674.58	-180.23	0	1
PROTOTYPE	007871	04/15/18	21:25:24	0.4892597695390782	0.4892597695390782	11.4	-0.0	4.207634018036073	4.268302229458918	48.55	-1.11	0.4892597695390782	0.4892597695390782	11.42	0.69	300.0	291.87	776.59	-78.19	0	1
PROTOTYPE	007872	04/15/18	21:25:25	0.4892597695390782	0.4892597695390782	11.4	-0.0	4.305485971943888	4.274173346693387	48.71	-0.94	0.4892597695390782	0.4892597695390782	11.41	0.59	295.0	292.34	693.87	98.54	0	1
PROTOTYPE	007873	04/15/18	21:25:27	0.4892597695390782	0.4892597695390782	11.4	-0.0	4.305485971943888	4.279065944388777	48.85	-0.8	0.4892597695390782	0.4892597695390782	11.41	0.5	302.0	293.79	713.54	368.76	0	1
PROTOTYPE	007874	04/15/18	21:25:28	0.4892597695390782	0.4892597695390782	11.38	-0.0	4.305485971943888	4.2829800225450905	48.95	-0.68	0.4892597695390782	0.4892597695390782	11.39	0.42	287.0	292.77	738.85	343.44	0	1
PROTOTYPE	007875	04/15/18	21:25:29	0.4892597695390782	0.4892597695390782	11.32	-0.0	4.207634018036073	4.271237788076152	56.88	-15.58	0.4892597695390782	0.4892597695390782	11.32	0.36	292.0	292.65	710.45	291.93	0	1
PROTOTYPE	007876	04/15/18	21:25:31	0.4892597695390782	0.4892597695390782	11.3	-0.0	4.207634018036073	4.262431112224449	63.57	-28.24	0.4892597695390782	0.4892597695390782	11.3	0.31	291.0	292.41	686.27	218.14	0	1
PROTOTYPE	007877	04/15/18	21:25:32	0.4892597695390782	0.4892597695390782	11.29	-0.0	4.305485971943888	4.268302229458918	67.58	-24.01	0.4892597695390782	0.4892597695390782	11.29	0.26	293.0	292.49	578.65	110.42	0	1
PROTOTYPE	007878	04/15/18	21:25:34	0.4892597695390782	0.4892597695390782	11.26	-0.0	4.207634018036073	4.2594955536072145	64.0	-20.41	0.4892597695390782	0.4892597695390782	11.26	0.22	298.0	293.32	565.39	288.85	0	1
PROTOTYPE	007879	04/15/18	21:25:35	0.4892597695390782	0.4892597695390782	11.27	-0.0	4.305485971943888	4.266345190380761	60.14	-2.34	0.4892597695390782	0.4892597695390782	11.27	0.19	293.0	293.27	426.86	140.53	0	1
PROTOTYPE	007880	04/15/18	21:25:36	0.4892597695390782	0.4892597695390782	11.28	-0.0	4.207634018036073	4.257538514529059	63.41	-16.99	0.4892597695390782	0.4892597695390782	11.28	0.16	293.0	293.23	384.16	89.45	0	1
PROTOTYPE	007881	04/15/18	21:25:38	0.4892597695390782	0.4892597695390782	11.26	-0.0	4.207634018036073	4.249710358216433	66.16	-29.44	0.4892597695390782	0.4892597695390782	11.26	0.14	296.0	293.65	280.76	-13.97	0	1
PROTOTYPE	007882	04/15/18	21:25:39	0.4892597695390782	0.4892597695390782	11.25	-0.0	4.207634018036073	4.243839240981964	68.48	-40.03	0.4892597695390782	0.4892597695390782	11.25	0.12	296.0	294.0	214.28	123.13	0	1
PROTOTYPE	007883	04/15/18	21:25:41	0.4892597695390782	0.4892597695390782	11.23	-0.0	4.207634018036073	4.237968123747495	62.56	-34.02	0.4892597695390782	0.4892597695390782	11.23	0.1	289.0	293.25	277.67	59.66	0	1
PROTOTYPE	007884	04/15/18	21:25:42	0.4892597695390782	0.4892597695390782	11.25	-0.0	4.305485971943888	4.248731838677355	63.07	-13.92	0.4892597695390782	0.4892597695390782	11.25	0.08	284.0	291.86	391.59	-54.29	0	1
PROTOTYPE	007885	04/15/18	21:25:43	0.4892597695390782	0.4892597695390782	11.26	-0.0	4.207634018036073	4.241882201903808	62.65	-26.83	0.4892597695390782	0.4892597695390782	11.26	0.07	296.0	292.48	444.64	-1.15	0	1
PROTOTYPE	007886	04/15/18	21:25:45	0.4892597695390782	0.4892597695390782	11.24	-0.0	4.207634018036073	4.236989604208417	58.7	-22.81	0.4892597695390782	0.4892597695390782	11.24	0.06	295.0	292.86	399.83	-45.98	0	1
PROTOTYPE	007887	04/15/18	21:25:46	0.4892597695390782	0.4892597695390782	11.24	-0.0	4.207634018036073	4.233075526052104	56.21	-34.39	0.4892597695390782	0.4892597695390782	11.24	0.05	290.0	292.43	437.75	-84.08	0	1
PROTOTYPE	007888	04/15/18	21:25:48	0.4892597695390782	0.4892597695390782	11.26	-0.0	4.207634018036073	4.229161447895791	51.2	-29.23	0.4892597695390782	0.4892597695390782	11.26	0.04	303.0	294.02	591.97	78.53	0	1
PROTOTYPE	007889	04/15/18	21:25:49	0.4892597695390782	0.4892597695390782	11.26	-0.0	4.207634018036073	4.2252473697394795	46.98	-24.84	0.4892597695390782	0.4892597695390782	11.26	0.04	282.0	292.21	730.67	-143.25	0	1
PROTOTYPE	007890	04/15/18	21:25:50	0.4892597695390782	0.4892597695390782	11.28	-0.0	4.207634018036073	4.223290330661322	43.44	-21.12	0.4892597695390782	0.4892597695390782	11.28	0.03	284.0	290.98	818.57	-301.76	0	1
PROTOTYPE	007891	04/15/18	21:25:52	0.4892597695390782	0.4892597695390782	11.26	-0.0	4.207634018036073	4.220354772044089	40.48	-17.95	0.4892597695390782	0.4892597695390782	11.26	0.03	297.0	291.88	833.84	-136.5	0	1
PROTOTYPE	007892	04/15/18	21:25:53	0.4892597695390782	0.4892597695390782	11.27	-0.0	4.207634018036073	4.218397732965931	32.53	-30.26	0.4892597695390782	0.4892597695390782	11.27	0.02	297.0	292.65	771.83	78.98	0	1
PROTOTYPE	007893	04/15/18	21:25:55	0.4892597695390782	0.4892597695390782	11.28	-0.0	4.207634018036073	4.2174192134268536	28.35	-25.72	0.4892597695390782	0.4892597695390782	11.28	0.02	276.0	290.15	959.53	-232.87	0	1
PROTOTYPE	007894	04/15/18	21:25:56	0.4892597695390782	0.4892597695390782	11.28	-0.0	4.207634018036073	4.215462174348697	24.88	-21.86	0.4892597695390782	0.4892597695390782	11.28	0.02	286.0	289.53	984.08	-332.94	0	1
PROTOTYPE	007895	04/15/18	21:25:58	0.4892597695390782	0.4892597695390782	11.29	-0.0	4.207634018036073	4.214483654809619	22.03	-18.58	0.4892597695390782	0.4892597695390782	11.29	0.01	290.0	289.6	948.32	-283.0	0	1
PROTOTYPE	007896	04/15/18	21:25:59	0.4892597695390782	0.4892597695390782	11.26	-0.0	4.305485971943888	4.228182928356714	31.97	-0.79	0.4892597695390782	0.4892597695390782	11.26	0.01	295.0	290.41	870.78	-360.55	0	1
PROTOTYPE	007897	04/15/18	21:26:00	0.4892597695390782	0.4892597695390782	11.3	-0.0	4.207634018036073	4.2252473697394795	31.88	-0.68	0.4892597695390782	0.4892597695390782	11.3	0.01	290.0	290.35	696.85	-186.47	0	1
PROTOTYPE	007898	04/15/18	21:26:02	0.4892597695390782	0.4892597695390782	11.34	-0.0	4.305485971943888	4.236989604208417	41.19	14.43	0.4892597695390782	0.4892597695390782	11.34	0.01	286.0	289.7	638.89	-128.5	0	1
PROTOTYPE	007899	04/15/18	21:26:03	0.4892597695390782	0.4892597695390782	11.34	-0.0	4.207634018036073	4.233075526052104	43.18	12.26	0.4892597695390782	0.4892597695390782	11.34	0.01	282.0	288.54	664.08	-334.22	0	1
PROTOTYPE	007900	04/15/18	21:26:05	0.4892597695390782	0.4892597695390782	11.33	-0.0	4.207634018036073	4.229161447895791	44.81	10.42	0.4892597695390782	0.4892597695390782	11.33	0.01	288.0	288.46	595.6	-419.09	0	1
PROTOTYPE	007901	04/15/18	21:26:06	0.4892597695390782	0.4892597695390782	11.34	-0.0	4.207634018036073	4.2252473697394795	46.16	8.86	0.4892597695390782	0.4892597695390782	11.34	0.01	290.0	288.69	368.94	-146.23	0	1
PROTOTYPE	007902	04/15/18	21:26:07	0.4892597695390782	0.4892597695390782	11.34	-0.0	4.207634018036073	4.223290330661322	47.26	7.53	0.4892597695390782	0.4892597695390782	11.34	0.0	299.0	290.24	461.23	70.71	0	1
PROTOTYPE	007903	04/15/18	21:26:09	0.4892597695390782	0.4892597695390782	11.33	-0.0	4.305485971943888	4.23503256513026	58.11	21.4	0.4892597695390782	0.4892597695390782	11.33	0.0	291.0	290.35	465.57	75.1	0	1
PROTOTYPE	007904	04/15/18	21:26:10	0.4892597695390782	0.4892597695390782	11.34	-0.0	4.305485971943888	4.24579628006012	54.92	18.19	0.4892597695390782	0.4892597695390782	11.34	0.0	284.0	289.4	479.88	-101.16	0	1
PROTOTYPE	007905	04/15/18	21:26:12	0.4892597695390782	0.4892597695390782	11.32	-0.0	4.207634018036073	4.239925162825651	57.5	15.46	0.4892597695390782	0.4892597695390782	11.32	0.0	284.0	288.59	554.55	-175.99	0	1
PROTOTYPE	007906	04/15/18	21:26:13	0.4892597695390782	0.4892597695390782	11.27	-0.0	4.305485971943888	4.249710358216433	55.2	13.14	0.4892597695390782	0.4892597695390782	11.27	0.0	285.0	288.05	543.16	-164.59	0	1
PROTOTYPE	007907	04/15/18	21:26:15	0.4892597695390782	0.4892597695390782	11.29	-0.0	4.207634018036073	4.243839240981964	57.11	11.17	0.4892597695390782	0.4892597695390782	11.29	0.0	292.0	288.64	486.94	10.1	0	1
PROTOTYPE	007908	04/15/18	21:26:16	0.4892597695390782	0.4892597695390782	11.28	-0.0	4.207634018036073	4.237968123747495	58.71	9.5	0.4892597695390782	0.4892597695390782	11.28	0.0	286.0	288.25	518.36	-21.42	0	1
PROTOTYPE	007909	04/15/18	21:26:17	0.4892597695390782	0.4892597695390782	11.26	-0.0	4.207634018036073	4.234054045591183	60.04	8.07	0.4892597695390782	0.4892597695390782	11.26	0.0	288.0	288.21	499.19	-48.2	0	1
PROTOTYPE	007910	04/15/18	21:26:19	0.4892597695390782	0.4892597695390782	11.26	-0.0	4.207634018036073	4.230139967434869	61.16	6.86	0.4892597695390782	0.4892597695390782	11.26	0.0	287.0	288.03	362.77	-220.97	0	1
PROTOTYPE	007911	04/15/18	21:26:20	0.4892597695390782	0.4892597695390782	11.26	-0.0	4.207634018036073	4.226225889278557	52.1	-9.17	0.4892597695390782	0.4892597695390782	11.26	0.0	291.0	288.47	395.85	-187.83	0	1
PROTOTYPE	007912	04/15/18	21:26:22	0.4892597695390782	0.4892597695390782	11.27	-0.0	4.207634018036073	4.223290330661322	44.47	-22.79	0.4892597695390782	0.4892597695390782	11.27	0.0	291.0	288.85	338.47	-54.65	0	1
PROTOTYPE	007913	04/15/18	21:26:23	0.4892597695390782	0.4892597695390782	11.29	-0.0	4.207634018036073	4.221333291583166	41.27	-19.37	0.4892597695390782	0.4892597695390782	11.29	0.0	284.0	288.13	330.27	-46.46	0	1
PROTOTYPE	007914	04/15/18	21:26:24	0.4892597695390782	0.4892597695390782	11.29	-0.0	4.207634018036073	4.21937625250501	33.67	-31.47	0.4892597695390782	0.4892597695390782	11.29	0.0	286.0	287.81	308.32	-24.49	0	1
PROTOTYPE	007915	04/15/18	21:26:26	0.4892597695390782	0.4892597695390782	11.27	-0.0	4.207634018036073	4.2174192134268536	29.28	-26.75	0.4892597695390782	0.4892597695390782	11.27	0.0	294.0	288.74	341.98	9.19	0	1
PROTOTYPE	007916	04/15/18	21:26:27	0.4892597695390782	0.4892597695390782	11.27	-0.0	4.207634018036073	4.216440693887776	25.65	-22.74	0.4892597695390782	0.4892597695390782	11.27	0.0	293.0	289.38	366.29	112.81	0	1
PROTOTYPE	007917	04/15/18	21:26:29	0.4892597695390782	0.4892597695390782	11.34	-0.0	4.207634018036073	4.214483654809619	22.71	-19.33	0.4892597695390782	0.4892597695390782	11.34	0.0	298.0	290.67	491.71	245.89	0	1
PROTOTYPE	007918	04/15/18	21:26:30	0.4892597695390782	0.4892597695390782	11.34	-0.0	4.207634018036073	4.213505135270542	20.26	-16.43	0.4892597695390782	0.4892597695390782	11.34	0.0	290.0	290.57	483.64	254.0	0	1
PROTOTYPE	007919	04/15/18	21:26:32	0.4892597695390782	0.4892597695390782	11.36	-0.0	4.207634018036073	4.212526615731463	18.29	-13.96	0.4892597695390782	0.4892597695390782	11.36	0.0	275.0	288.23	672.58	-24.1	0	1
PROTOTYPE	007920	04/15/18	21:26:33	0.4892597695390782	0.4892597695390782	11.37	-0.0	4.207634018036073	4.211548096192384	16.71	-11.87	0.4892597695390782	0.4892597695390782	11.37	0.0	292.0	288.8	691.18	-5.48	0	1
PROTOTYPE	007921	04/15/18	21:26:34	0.4892597695390782	0.4892597695390782	11.34	-0.0	4.207634018036073	4.211548096192384	15.42	-10.09	0.4892597695390782	0.4892597695390782	11.34	0.0	292.0	289.28	666.42	115.34	0	1
PROTOTYPE	007922	04/15/18	21:26:36	0.4892597695390782	0.4892597695390782	11.34	-0.0	4.207634018036073	4.210569576653307	14.43	-8.57	0.4892597695390782	0.4892597695390782	11.34	0.0	294.0	289.99	705.35	218.04	0	1
PROTOTYPE	007923	04/15/18	21:26:37	0.4892597695390782	0.4892597695390782	11.35	-0.0	4.207634018036073	4.210569576653307	13.66	-7.29	0.4892597695390782	0.4892597695390782	11.35	0.0	282.0	288.79	732.24	5.33	0	1
PROTOTYPE	007924	04/15/18	21:26:39	0.4892597695390782	0.4892597695390782	11.34	-0.0	4.207634018036073	4.2095910571142285	13.06	-6.2	0.4892597695390782	0.4892597695390782	11.34	0.0	288.0	288.67	680.17	-70.47	0	1
PROTOTYPE	007925	04/15/18	21:26:40	0.4892597695390782	0.4892597695390782	11.28	-0.0	4.207634018036073	4.2095910571142285	12.56	-5.27	0.4892597695390782	0.4892597695390782	11.28	0.0	293.0	289.32	615.75	-134.9	0	1
PROTOTYPE	007926	04/15/18	21:26:41	0.4892597695390782	0.4892597695390782	11.28	-0.0	4.207634018036073	4.2095910571142285	12.23	-4.48	0.4892597695390782	0.4892597695390782	11.28	0.0	284.0	288.52	685.43	-204.66	0	1
PROTOTYPE	007927	04/15/18	21:26:43	0.4892597695390782	0.4892597695390782	11.27	-0.0	4.305485971943888	4.223290330661322	25.35	11.2	0.4892597695390782	0.4892597695390782	11.27	0.0	294.0	289.34	534.08	111.04	0	1
PROTOTYPE	007928	04/15/18	21:26:44	0.4892597695390782	0.4892597695390782	11.26	-0.0	4.207634018036073	4.221333291583166	26.56	9.52	0.4892597695390782	0.4892597695390782	11.26	0.0	296.0	290.34	577.42	154.38	0	1
PROTOTYPE	007929	04/15/18	21:26:46	0.4892597695390782	0.4892597695390782	11.28	-0.0	4.207634018036073	4.21937625250501	27.54	8.09	0.4892597695390782	0.4892597695390782	11.28	0.0	288.0	289.99	564.53	71.22	0	1
PROTOTYPE	007930	04/15/18	21:26:47	0.4892597695390782	0.4892597695390782	11.28	-0.0	4.207634018036073	4.2174192134268536	28.3	6.88	0.4892597695390782	0.4892597695390782	11.28	0.0	298.0	291.19	613.84	120.54	0	1
PROTOTYPE	007931	04/15/18	21:26:48	0.4892597695390782	0.4892597695390782	11.27	-0.0	4.305485971943888	4.231118486973949	40.37	20.84	0.4892597695390782	0.4892597695390782	11.27	0.0	290.0	291.01	511.97	222.46	0	1
PROTOTYPE	007932	04/15/18	21:26:50	0.4892597695390782	0.4892597695390782	11.26	-0.0	4.207634018036073	4.227204408817635	42.71	17.72	0.4892597695390782	0.4892597695390782	11.26	0.0	296.0	291.76	574.87	309.09	0	1
PROTOTYPE	007933	04/15/18	21:26:51	0.4892597695390782	0.4892597695390782	11.27	-0.0	4.207634018036073	4.2242688502004	44.58	15.06	0.4892597695390782	0.4892597695390782	11.27	0.0	294.0	292.1	543.52	277.73	0	1
PROTOTYPE	007934	04/15/18	21:26:53	0.4892597695390782	0.4892597695390782	11.25	-0.0	4.207634018036073	4.221333291583166	46.04	12.8	0.4892597695390782	0.4892597695390782	11.25	0.0	291.0	291.93	480.22	341.07	0	1
PROTOTYPE	007935	04/15/18	21:26:54	0.4892597695390782	0.4892597695390782	11.25	-0.0	4.207634018036073	4.21937625250501	33.82	-4.12	0.4892597695390782	0.4892597695390782	11.25	0.0	298.0	292.84	489.06	349.91	0	1
PROTOTYPE	007936	04/15/18	21:26:55	0.4892597695390782	0.4892597695390782	11.26	-0.0	4.207634018036073	4.2174192134268536	33.31	-3.5	0.4892597695390782	0.4892597695390782	11.26	0.0	274.0	290.02	671.85	-32.58	0	1
PROTOTYPE	007937	04/15/18	21:26:57	0.4892597695390782	0.4892597695390782	11.26	-0.0	4.207634018036073	4.216440693887776	32.89	-2.98	0.4892597695390782	0.4892597695390782	11.26	0.0	292.0	290.31	666.48	32.31	0	1
PROTOTYPE	007938	04/15/18	21:26:58	0.4892597695390782	0.4892597695390782	11.26	-0.0	4.207634018036073	4.215462174348697	32.56	-2.53	0.4892597695390782	0.4892597695390782	11.26	0.0	293.0	290.72	586.65	-47.54	0	1
PROTOTYPE	007939	04/15/18	21:27:00	0.4892597695390782	0.4892597695390782	11.25	-0.0	4.207634018036073	4.213505135270542	20.8	-17.15	0.4892597695390782	0.4892597695390782	11.25	0.0	291.0	290.76	573.18	-25.41	0	1
PROTOTYPE	007940	04/15/18	21:27:01	0.4892597695390782	0.4892597695390782	11.26	-0.0	4.207634018036073	4.212526615731463	18.7	-14.58	0.4892597695390782	0.4892597695390782	11.26	0.0	294.0	291.25	547.0	-51.6	0	1
PROTOTYPE	007941	04/15/18	21:27:03	0.4892597695390782	0.4892597695390782	11.26	-0.0	4.207634018036073	4.212526615731463	17.01	-12.39	0.4892597695390782	0.4892597695390782	11.26	0.0	282.0	289.86	652.08	-223.86	0	1
PROTOTYPE	007942	04/15/18	21:27:04	0.4892597695390782	0.4892597695390782	11.28	-0.0	4.207634018036073	4.211548096192384	15.68	-10.53	0.4892597695390782	0.4892597695390782	11.28	0.0	303.0	291.83	832.69	-10.28	0	1
PROTOTYPE	007943	04/15/18	21:27:05	0.4892597695390782	0.4892597695390782	11.27	-0.0	4.207634018036073	4.210569576653307	14.61	-8.95	0.4892597695390782	0.4892597695390782	11.27	0.0	276.0	289.46	979.12	-338.74	0	1
PROTOTYPE	007944	04/15/18	21:27:07	0.4892597695390782	0.4892597695390782	11.26	-0.0	4.207634018036073	4.210569576653307	13.78	-7.61	0.4892597695390782	0.4892597695390782	11.26	0.0	298.0	290.74	824.65	72.07	0	1
PROTOTYPE	007945	04/15/18	21:27:08	0.4892597695390782	0.4892597695390782	11.26	-0.0	4.207634018036073	4.2095910571142285	13.15	-6.47	0.4892597695390782	0.4892597695390782	11.26	0.0	298.0	291.83	903.82	151.26	0	1
PROTOTYPE	007946	04/15/18	21:27:10	0.4892597695390782	0.4892597695390782	11.26	-0.0	4.207634018036073	4.2095910571142285	12.66	-5.5	0.4892597695390782	0.4892597695390782	11.26	0.0	294.0	292.15	896.13	143.57	0	1
PROTOTYPE	007947	04/15/18	21:27:11	0.4892597695390782	0.4892597695390782	11.29	-0.0	4.207634018036073	4.2095910571142285	12.32	-4.67	0.4892597695390782	0.4892597695390782	11.29	0.0	280.0	290.33	1073.96	-42.96	0	1
PROTOTYPE	007948	04/15/18	21:27:12	0.4892597695390782	0.4892597695390782	11.29	-0.0	4.305485971943888	4.223290330661322	25.42	11.03	0.4892597695390782	0.4892597695390782	11.29	0.0	287.0	289.83	1075.29	-141.52	0	1
PROTOTYPE	007949	04/15/18	21:27:14	0.4892597695390782	0.4892597695390782	11.29	-0.0	4.207634018036073	4.221333291583166	26.63	9.37	0.4892597695390782	0.4892597695390782	11.29	0.0	295.0	290.61	1014.16	74.71	0	1
PROTOTYPE	007950	04/15/18	21:27:15	0.4892597695390782	0.4892597695390782	11.28	-0.0	4.305485971943888	4.234054045591183	38.03	22.97	0.4892597695390782	0.4892597695390782	11.28	0.0	286.0	289.91	886.13	-191.5	0	1
PROTOTYPE	007951	04/15/18	21:27:17	0.4892597695390782	0.4892597695390782	11.27	-0.0	4.305485971943888	4.244817760521042	47.56	34.52	0.4892597695390782	0.4892597695390782	11.27	0.0	293.0	290.38	694.98	92.23	0	1
PROTOTYPE	007952	04/15/18	21:27:18	0.4892597695390782	0.4892597695390782	11.25	-0.0	4.305485971943888	4.253624436372745	55.49	44.34	0.4892597695390782	0.4892597695390782	11.25	0.0	277.0	288.37	767.47	-236.61	0	1
PROTOTYPE	007953	04/15/18	21:27:19	0.4892597695390782	0.4892597695390782	11.23	-0.0	4.305485971943888	4.26145259268537	62.05	52.69	0.4892597695390782	0.4892597695390782	11.23	0.0	280.0	287.12	784.09	-471.12	0	1
PROTOTYPE	007954	04/15/18	21:27:21	0.4892597695390782	0.4892597695390782	11.22	-0.0	4.305485971943888	4.268302229458918	67.48	59.79	0.4892597695390782	0.4892597695390782	11.22	0.0	288.0	287.25	764.8	-490.45	0	1
PROTOTYPE	007955	04/15/18	21:27:22	0.4892597695390782	0.4892597695390782	11.21	-0.0	4.305485971943888	4.274173346693387	71.92	65.82	0.4892597695390782	0.4892597695390782	11.21	0.0	298.0	288.86	743.79	-146.88	0	1
PROTOTYPE	007956	04/15/18	21:27:24	0.4892597695390782	0.4892597695390782	11.22	-0.0	4.305485971943888	4.278087424849699	62.18	55.95	0.4892597695390782	0.4892597695390782	11.22	0.0	295.0	289.78	785.93	-4.85	0	1
PROTOTYPE	007957	04/15/18	21:27:25	0.4892597695390782	0.4892597695390782	11.22	-0.0	4.305485971943888	4.2829800225450905	63.7	62.56	0.4892597695390782	0.4892597695390782	11.22	0.0	290.0	289.81	711.94	-79.12	0	1
PROTOTYPE	007958	04/15/18	21:27:26	0.4892597695390782	0.4892597695390782	11.21	-0.0	4.305485971943888	4.285915581162325	54.5	53.17	0.4892597695390782	0.4892597695390782	11.21	0.0	289.0	289.69	655.13	-22.25	0	1
PROTOTYPE	007959	04/15/18	21:27:28	0.4892597695390782	0.4892597695390782	11.21	-0.0	4.305485971943888	4.288851139779559	46.75	45.2	0.4892597695390782	0.4892597695390782	11.21	0.0	289.0	289.59	619.31	-78.92	0	1
PROTOTYPE	007960	04/15/18	21:27:29	0.4892597695390782	0.4892597695390782	11.21	-0.0	4.305485971943888	4.291786698396794	40.22	38.42	0.4892597695390782	0.4892597695390782	11.21	0.0	287.0	289.2	457.49	82.92	0	1
PROTOTYPE	007961	04/15/18	21:27:31	0.4892597695390782	0.4892597695390782	11.2	-0.0	4.305485971943888	4.2937437374749505	34.74	32.65	0.4892597695390782	0.4892597695390782	11.2	0.0	286.0	288.72	379.94	160.48	0	1
PROTOTYPE	007962	04/15/18	21:27:32	0.4892597695390782	0.4892597695390782	11.22	-0.0	4.305485971943888	4.2957007765531054	30.18	27.76	0.4892597695390782	0.4892597695390782	11.22	0.0	293.0	289.36	430.81	211.41	0	1
PROTOTYPE	007963	04/15/18	21:27:33	0.4892597695390782	0.4892597695390782	11.22	-0.0	4.305485971943888	4.296679296092185	26.39	23.59	0.4892597695390782	0.4892597695390782	11.22	0.0	292.0	289.76	309.12	89.7	0	1
PROTOTYPE	007964	04/15/18	21:27:35	0.4892597695390782	0.4892597695390782	11.22	-0.0	4.305485971943888	4.297657815631263	23.26	20.05	0.4892597695390782	0.4892597695390782	11.22	0.0	288.0	289.49	243.43	-28.76	0	1
PROTOTYPE	007965	04/15/18	21:27:36	0.4892597695390782	0.4892597695390782	11.21	-0.0	4.305485971943888	4.299614854709419	20.7	17.05	0.4892597695390782	0.4892597695390782	11.21	0.0	285.0	288.82	307.28	-99.44	0	1
PROTOTYPE	007966	04/15/18	21:27:38	0.4892597695390782	0.4892597695390782	11.23	-0.0	4.305485971943888	4.300593374248497	18.62	14.49	0.4892597695390782	0.4892597695390782	11.23	0.0	284.0	288.1	367.3	-159.53	0	1
