Dev_id	Index	Date	Time	Sensor1	Sensor1_Filter	Sensor1_LL	Sensor1_Diff	Sensor2	Sensor2_Filter	Sensor2_LL	Sensor2_Diff	Sensor3	Sensor3_Filter	Sensor3_LL	Sensor3_Diff	Sensor4	Sensor4_Filter	Sensor4_LL	Sensor4_Diff	Heater_Status	FSM_Status
PROTOTYPE	002167	04/15/18	19:11:18	0.4892597695390782	0.4970879258517034	28.44	7.83	4.01193011022044	4.01290862975952	11.71	-3.04	0.4892597695390782	0.4892597695390782	11.29	0.81	282.0	288.07	865.57	-288.54	0	1
PROTOTYPE	002168	04/15/18	19:11:19	0.4892597695390782	0.49610940631262535	28.86	6.66	4.01193011022044	4.01290862975952	11.59	-2.59	0.4892597695390782	0.4892597695390782	11.28	0.69	293.0	288.81	908.83	-245.26	0	1
PROTOTYPE	002169	04/15/18	19:11:21	0.4892597695390782	0.49513088677354705	29.17	5.66	4.01193011022044	4.01290862975952	11.48	-2.2	0.4892597695390782	0.4892597695390782	11.26	0.59	297.0	290.04	930.62	-223.47	0	1
PROTOTYPE	002170	04/15/18	19:11:22	0.4892597695390782	0.4941523672344689	29.39	4.81	4.01193011022044	4.01290862975952	11.4	-1.87	0.4892597695390782	0.4892597695390782	11.24	0.5	292.0	290.33	904.16	-249.95	0	1
PROTOTYPE	002171	04/15/18	19:11:23	0.4892597695390782	0.49317384769539074	15.9	-10.91	4.01193011022044	4.01290862975952	11.34	-1.59	0.4892597695390782	0.4892597695390782	11.23	0.42	290.0	290.28	746.85	-92.46	0	1
PROTOTYPE	002172	04/15/18	19:11:25	0.4892597695390782	0.4921953281563127	14.78	-9.28	4.01193011022044	4.01290862975952	11.3	-1.35	0.4892597695390782	0.4892597695390782	11.21	0.36	293.0	290.69	694.51	41.41	0	1
PROTOTYPE	002173	04/15/18	19:11:26	0.4892597695390782	0.4921953281563127	13.9	-7.88	4.01193011022044	4.01193011022044	11.27	-1.15	0.4892597695390782	0.4892597695390782	11.21	0.31	290.0	290.59	604.1	-69.8	0	1
PROTOTYPE	002174	04/15/18	19:11:28	0.4892597695390782	0.4921953281563127	13.24	-6.7	4.01193011022044	4.01193011022044	11.28	-0.98	0.4892597695390782	0.4892597695390782	11.23	0.26	299.0	291.85	516.02	270.67	0	1
PROTOTYPE	002175	04/15/18	19:11:29	0.4892597695390782	0.4912168086172345	12.73	-5.7	4.01193011022044	4.01193011022044	11.26	-0.83	0.4892597695390782	0.4892597695390782	11.23	0.22	279.0	289.92	601.62	185.07	0	1
PROTOTYPE	002176	04/15/18	19:11:31	0.4892597695390782	0.4912168086172345	12.34	-4.84	4.1097820641282565	4.026607903306613	24.87	14.3	0.4892597695390782	0.4892597695390782	11.23	0.19	291.0	290.08	543.9	127.31	0	1
PROTOTYPE	002177	04/15/18	19:11:32	0.4892597695390782	0.4912168086172345	12.06	-4.12	4.1097820641282565	4.039328657314629	36.26	27.15	0.4892597695390782	0.4892597695390782	11.25	0.16	294.0	290.67	479.82	63.21	0	1
PROTOTYPE	002178	04/15/18	19:11:33	0.4892597695390782	0.49023828907815625	11.82	-3.5	4.1097820641282565	4.050092372244489	45.75	38.08	0.4892597695390782	0.4892597695390782	11.23	0.14	294.0	291.17	500.32	83.73	0	1
PROTOTYPE	002179	04/15/18	19:11:35	0.4892597695390782	0.49023828907815625	11.65	-2.97	4.1097820641282565	4.058899048096192	53.63	47.37	0.4892597695390782	0.4892597695390782	11.22	0.12	292.0	291.29	507.66	101.17	0	1
PROTOTYPE	002180	04/15/18	19:11:36	0.4892597695390782	0.49023828907815625	11.52	-2.53	4.1097820641282565	4.066727204408818	60.15	55.26	0.4892597695390782	0.4892597695390782	11.21	0.1	288.0	290.8	516.32	11.0	0	1
PROTOTYPE	002181	04/15/18	19:11:38	0.4892597695390782	0.49023828907815625	11.46	-2.15	4.1097820641282565	4.072598321643286	65.54	61.97	0.4892597695390782	0.4892597695390782	11.23	0.08	279.0	289.03	682.88	-155.65	0	1
PROTOTYPE	002182	04/15/18	19:11:39	0.4892597695390782	0.49023828907815625	11.38	-1.83	4.1097820641282565	4.078469438877756	69.93	67.68	0.4892597695390782	0.4892597695390782	11.22	0.07	282.0	287.98	662.14	-387.31	0	1
PROTOTYPE	002183	04/15/18	19:11:40	0.4892597695390782	0.49023828907815625	11.32	-1.55	4.1097820641282565	4.083362036573146	73.51	72.53	0.4892597695390782	0.4892597695390782	11.2	0.06	294.0	288.88	559.78	-104.21	0	1
PROTOTYPE	002184	04/15/18	19:11:42	0.4892597695390782	0.4892597695390782	11.29	-1.32	4.01193011022044	4.072598321643286	69.5	46.65	0.4892597695390782	0.4892597695390782	11.2	0.05	270.0	286.05	826.73	-403.58	0	1
PROTOTYPE	002185	04/15/18	19:11:43	0.4892597695390782	0.4892597695390782	11.27	-1.12	4.1097820641282565	4.078469438877756	62.6	39.65	0.4892597695390782	0.4892597695390782	11.21	0.04	296.0	287.54	917.26	-313.04	0	1
PROTOTYPE	002186	04/15/18	19:11:45	0.4892597695390782	0.4892597695390782	11.26	-0.95	4.1097820641282565	4.082383517034068	56.76	33.7	0.4892597695390782	0.4892597695390782	11.22	0.04	295.0	288.66	979.21	-251.09	0	1
PROTOTYPE	002187	04/15/18	19:11:46	0.4892597695390782	0.4892597695390782	11.26	-0.81	4.1097820641282565	4.08727611472946	51.83	28.65	0.4892597695390782	0.4892597695390782	11.23	0.03	283.0	287.81	1051.58	-348.42	0	1
PROTOTYPE	002188	04/15/18	19:11:47	0.4892597695390782	0.4892597695390782	11.27	-0.69	4.1097820641282565	4.090211673346693	47.69	24.35	0.4892597695390782	0.4892597695390782	11.25	0.03	287.0	287.69	1014.38	-311.16	0	1
PROTOTYPE	002189	04/15/18	19:11:49	0.4892597695390782	0.4892597695390782	11.26	-0.59	4.1097820641282565	4.093147231963928	44.2	20.7	0.4892597695390782	0.4892597695390782	11.24	0.02	291.0	288.19	887.06	-84.49	0	1
PROTOTYPE	002190	04/15/18	19:11:50	0.4892597695390782	0.4892597695390782	11.24	-0.5	4.1097820641282565	4.096082790581162	41.28	17.59	0.4892597695390782	0.4892597695390782	11.23	0.02	297.0	289.51	913.82	153.19	0	1
PROTOTYPE	002191	04/15/18	19:11:52	0.4892597695390782	0.4892597695390782	11.25	-0.42	4.1097820641282565	4.098039829659319	38.86	14.95	0.4892597695390782	0.4892597695390782	11.24	0.02	298.0	290.78	950.83	190.21	0	1
PROTOTYPE	002192	04/15/18	19:11:53	0.4892597695390782	0.4892597695390782	11.24	-0.36	4.1097820641282565	4.099996868737475	30.15	27.71	0.4892597695390782	0.4892597695390782	11.24	0.01	291.0	290.81	671.2	476.68	0	1
PROTOTYPE	002193	04/15/18	19:11:54	0.4892597695390782	0.4892597695390782	11.22	-0.31	4.1097820641282565	4.100975388276552	26.36	23.55	0.4892597695390782	0.4892597695390782	11.22	0.01	296.0	291.59	599.71	405.18	0	1
PROTOTYPE	002194	04/15/18	19:11:56	0.4892597695390782	0.4892597695390782	11.23	-0.26	4.1097820641282565	4.10293242735471	23.23	20.02	0.4892597695390782	0.4892597695390782	11.23	0.01	278.0	289.55	691.69	89.4	0	1
PROTOTYPE	002195	04/15/18	19:11:57	0.4892597695390782	0.4892597695390782	11.23	-0.22	4.1097820641282565	4.103910946893787	20.67	17.02	0.4892597695390782	0.4892597695390782	11.23	0.01	292.0	289.92	643.52	210.99	0	1
PROTOTYPE	002196	04/15/18	19:11:59	0.4892597695390782	0.4892597695390782	11.22	-0.19	4.1097820641282565	4.104889466432866	18.59	14.47	0.4892597695390782	0.4892597695390782	11.22	0.01	287.0	289.48	675.11	179.34	0	1
PROTOTYPE	002197	04/15/18	19:12:00	0.4892597695390782	0.4892597695390782	11.23	-0.16	4.1097820641282565	4.104889466432866	16.92	12.3	0.4892597695390782	0.4892597695390782	11.23	0.01	297.0	290.61	738.19	242.44	0	1
PROTOTYPE	002198	04/15/18	19:12:01	0.4892597695390782	0.4892597695390782	11.23	-0.14	4.1097820641282565	4.105867985971944	15.59	10.45	0.4892597695390782	0.4892597695390782	11.23	0.01	290.0	290.52	615.23	101.07	0	1
PROTOTYPE	002199	04/15/18	19:12:03	0.4892597695390782	0.4892597695390782	11.22	-0.12	4.1097820641282565	4.1068465055110215	14.53	8.88	0.4892597695390782	0.4892597695390782	11.22	0.0	285.0	289.69	570.62	-109.09	0	1
PROTOTYPE	002200	04/15/18	19:12:04	0.4892597695390782	0.4892597695390782	11.23	-0.1	4.1097820641282565	4.1068465055110215	13.72	7.55	0.4892597695390782	0.4892597695390782	11.23	0.0	293.0	290.19	616.72	-62.72	0	1
PROTOTYPE	002201	04/15/18	19:12:06	0.4892597695390782	0.4892597695390782	11.23	-0.08	4.1097820641282565	4.1078250250501	13.09	6.42	0.4892597695390782	0.4892597695390782	11.23	0.0	284.0	289.26	631.74	-233.32	0	1
PROTOTYPE	002202	04/15/18	19:12:07	0.4892597695390782	0.4892597695390782	11.22	-0.07	4.1097820641282565	4.1078250250501	12.6	5.46	0.4892597695390782	0.4892597695390782	11.22	0.0	295.0	290.12	513.98	56.68	0	1
PROTOTYPE	002203	04/15/18	19:12:08	0.4892597695390782	0.4892597695390782	11.22	-0.06	4.1097820641282565	4.1078250250501	12.24	4.64	0.4892597695390782	0.4892597695390782	11.22	0.0	293.0	290.55	520.47	63.18	0	1
PROTOTYPE	002204	04/15/18	19:12:10	0.4892597695390782	0.4892597695390782	11.22	-0.05	4.1097820641282565	4.108803544589179	11.97	3.94	0.4892597695390782	0.4892597695390782	11.22	0.0	292.0	290.77	498.4	128.7	0	1
PROTOTYPE	002205	04/15/18	19:12:11	0.4892597695390782	0.4892597695390782	11.22	-0.04	4.1097820641282565	4.108803544589179	11.77	3.35	0.4892597695390782	0.4892597695390782	11.22	0.0	286.0	290.05	457.18	-55.6	0	1
PROTOTYPE	002206	04/15/18	19:12:13	0.4892597695390782	0.4892597695390782	11.22	-0.04	4.1097820641282565	4.108803544589179	11.62	2.85	0.4892597695390782	0.4892597695390782	11.22	0.0	300.0	291.55	597.13	102.74	0	1
PROTOTYPE	002207	04/15/18	19:12:14	0.4892597695390782	0.4892597695390782	11.25	-0.03	4.1097820641282565	4.108803544589179	11.54	2.42	0.4892597695390782	0.4892597695390782	11.25	0.0	291.0	291.46	522.65	177.33	0	1
PROTOTYPE	002208	04/15/18	19:12:15	0.4892597695390782	0.4892597695390782	11.25	-0.03	4.1097820641282565	4.108803544589179	11.46	2.06	0.4892597695390782	0.4892597695390782	11.25	0.0	296.0	292.14	541.04	195.73	0	1
PROTOTYPE	002209	04/15/18	19:12:17	0.4892597695390782	0.4892597695390782	11.24	-0.02	4.1097820641282565	4.108803544589179	11.39	1.75	0.4892597695390782	0.4892597695390782	11.24	0.0	287.0	291.37	525.4	211.37	0	1
PROTOTYPE	002210	04/15/18	19:12:18	0.4892597695390782	0.4892597695390782	11.25	-0.02	4.1097820641282565	4.108803544589179	11.36	1.49	0.4892597695390782	0.4892597695390782	11.25	0.0	285.0	290.42	534.88	29.66	0	1
PROTOTYPE	002211	04/15/18	19:12:20	0.4892597695390782	0.4892597695390782	11.24	-0.02	4.1097820641282565	4.1097820641282565	11.32	1.26	0.4892597695390782	0.4892597695390782	11.24	0.0	288.0	290.05	527.94	-49.79	0	1
PROTOTYPE	002212	04/15/18	19:12:21	0.4892597695390782	0.4892597695390782	11.23	-0.01	4.1097820641282565	4.1097820641282565	11.29	1.07	0.4892597695390782	0.4892597695390782	11.23	0.0	291.0	290.2	520.43	-57.32	0	1
PROTOTYPE	002213	04/15/18	19:12:22	0.4892597695390782	0.4892597695390782	11.2	-0.01	4.1097820641282565	4.1097820641282565	11.24	0.91	0.4892597695390782	0.4892597695390782	11.2	0.0	295.0	290.92	520.95	86.28	0	1
PROTOTYPE	002214	04/15/18	19:12:24	0.4892597695390782	0.4892597695390782	11.19	-0.01	4.1097820641282565	4.1097820641282565	11.22	0.78	0.4892597695390782	0.4892597695390782	11.19	0.0	298.0	291.98	478.01	43.34	0	1
PROTOTYPE	002215	04/15/18	19:12:25	0.4892597695390782	0.4892597695390782	11.16	-0.01	4.1097820641282565	4.1097820641282565	11.18	0.66	0.4892597695390782	0.4892597695390782	11.16	0.0	293.0	292.13	485.07	66.84	0	1
PROTOTYPE	002216	04/15/18	19:12:27	0.4892597695390782	0.4892597695390782	11.14	-0.01	4.1097820641282565	4.1097820641282565	11.15	0.56	0.4892597695390782	0.4892597695390782	11.14	0.0	294.0	292.41	445.07	26.81	0	1
PROTOTYPE	002217	04/15/18	19:12:28	0.4892597695390782	0.4892597695390782	11.15	-0.01	4.1097820641282565	4.1097820641282565	11.16	0.48	0.4892597695390782	0.4892597695390782	11.15	0.0	302.0	293.85	511.71	247.79	0	1
PROTOTYPE	002218	04/15/18	19:12:29	0.4892597695390782	0.4892597695390782	11.14	-0.01	4.207634018036073	4.124459857214429	24.85	15.41	0.4892597695390782	0.4892597695390782	11.14	0.0	286.0	292.67	533.87	225.62	0	1
PROTOTYPE	002219	04/15/18	19:12:31	0.4892597695390782	0.4892597695390782	11.14	-0.0	4.1097820641282565	4.122502818136272	26.08	13.09	0.4892597695390782	0.4892597695390782	11.14	0.0	295.0	293.02	532.53	296.78	0	1
PROTOTYPE	002220	04/15/18	19:12:32	0.4892597695390782	0.4892597695390782	11.15	-0.0	4.1097820641282565	4.120545779058117	27.04	11.13	0.4892597695390782	0.4892597695390782	11.15	0.0	287.0	292.12	608.62	192.26	0	1
PROTOTYPE	002221	04/15/18	19:12:34	0.4892597695390782	0.4892597695390782	11.15	-0.0	4.1097820641282565	4.11858873997996	27.78	9.46	0.4892597695390782	0.4892597695390782	11.15	0.0	289.0	291.65	583.35	73.42	0	1
PROTOTYPE	002222	04/15/18	19:12:35	0.4892597695390782	0.4892597695390782	11.17	-0.0	4.1097820641282565	4.1176102204408815	28.35	8.04	0.4892597695390782	0.4892597695390782	11.17	0.0	287.0	290.95	546.87	-102.59	0	1
PROTOTYPE	002223	04/15/18	19:12:36	0.4892597695390782	0.4892597695390782	11.18	-0.0	4.1097820641282565	4.116631700901803	28.78	6.84	0.4892597695390782	0.4892597695390782	11.18	0.0	295.0	291.56	592.21	-57.2	0	1
PROTOTYPE	002224	04/15/18	19:12:38	0.4892597695390782	0.4892597695390782	11.18	-0.0	4.1097820641282565	4.115653181362726	29.09	5.81	0.4892597695390782	0.4892597695390782	11.18	0.0	290.0	291.33	587.6	-108.62	0	1
PROTOTYPE	002225	04/15/18	19:12:39	0.4892597695390782	0.4892597695390782	11.19	-0.0	4.1097820641282565	4.114674661823647	29.33	4.94	0.4892597695390782	0.4892597695390782	11.19	0.0	296.0	292.03	513.9	-182.33	0	1
PROTOTYPE	002226	04/15/18	19:12:41	0.4892597695390782	0.4892597695390782	11.24	-0.0	4.1097820641282565	4.113696142284569	15.85	-10.8	0.4892597695390782	0.4892597695390782	11.24	0.0	283.0	290.67	531.56	-199.98	0	1
PROTOTYPE	002227	04/15/18	19:12:42	0.4892597695390782	0.4892597695390782	11.26	-0.0	4.1097820641282565	4.112717622745491	14.76	-9.18	0.4892597695390782	0.4892597695390782	11.26	0.0	283.0	289.52	611.73	-349.98	0	1
PROTOTYPE	002228	04/15/18	19:12:43	0.4892597695390782	0.4892597695390782	11.28	-0.0	4.1097820641282565	4.112717622745491	13.92	-7.8	0.4892597695390782	0.4892597695390782	11.28	0.0	280.0	288.09	664.23	-402.49	0	1
PROTOTYPE	002229	04/15/18	19:12:45	0.4892597695390782	0.4892597695390782	11.33	-0.0	4.1097820641282565	4.111739103206413	13.3	-6.63	0.4892597695390782	0.4892597695390782	11.33	0.0	297.0	289.43	751.03	-222.11	0	1
PROTOTYPE	002230	04/15/18	19:12:46	0.4892597695390782	0.4892597695390782	11.32	-0.0	4.207634018036073	4.126416896292586	26.03	9.36	0.4892597695390782	0.4892597695390782	11.32	0.0	303.0	291.47	884.8	51.2	0	1
PROTOTYPE	002231	04/15/18	19:12:48	0.4892597695390782	0.4892597695390782	11.32	-0.0	4.1097820641282565	4.124459857214429	27.13	7.96	0.4892597695390782	0.4892597695390782	11.32	0.0	271.0	288.4	1131.07	-316.48	0	1
PROTOTYPE	002232	04/15/18	19:12:49	0.4892597695390782	0.4892597695390782	11.34	-0.0	4.1097820641282565	4.121524298597194	28.02	6.76	0.4892597695390782	0.4892597695390782	11.34	0.0	281.0	287.29	1218.57	-404.0	0	1
PROTOTYPE	002233	04/15/18	19:12:51	0.4892597695390782	0.4892597695390782	11.33	-0.0	4.1097820641282565	4.120545779058117	28.7	5.75	0.4892597695390782	0.4892597695390782	11.33	0.0	279.0	286.04	1272.75	-598.4	0	1
PROTOTYPE	002234	04/15/18	19:12:52	0.4892597695390782	0.4892597695390782	11.28	-0.0	4.1097820641282565	4.11858873997996	29.2	4.89	0.4892597695390782	0.4892597695390782	11.28	0.0	302.0	288.44	1376.69	-223.64	0	1
PROTOTYPE	002235	04/15/18	19:12:53	0.4892597695390782	0.4892597695390782	11.26	-0.0	4.1097820641282565	4.1176102204408815	29.59	4.15	0.4892597695390782	0.4892597695390782	11.26	0.0	281.0	287.32	1373.14	-220.1	0	1
PROTOTYPE	002236	04/15/18	19:12:55	0.4892597695390782	0.4892597695390782	11.24	-0.0	4.1097820641282565	4.115653181362726	29.89	3.53	0.4892597695390782	0.4892597695390782	11.24	0.0	285.0	286.97	1265.15	-112.08	0	1
PROTOTYPE	002237	04/15/18	19:12:56	0.4892597695390782	0.4892597695390782	11.21	-0.0	4.1097820641282565	4.114674661823647	30.09	3.0	0.4892597695390782	0.4892597695390782	11.21	0.0	292.0	287.73	1206.96	-170.27	0	1
PROTOTYPE	002238	04/15/18	19:12:58	0.4892597695390782	0.4892597695390782	11.21	-0.0	4.1097820641282565	4.114674661823647	17.02	-12.45	0.4892597695390782	0.4892597695390782	11.21	0.0	273.0	285.52	1224.32	-594.73	0	1
PROTOTYPE	002239	04/15/18	19:12:59	0.4892597695390782	0.4892597695390782	11.2	-0.0	4.1097820641282565	4.113696142284569	15.65	-10.58	0.4892597695390782	0.4892597695390782	11.2	0.0	300.0	287.69	1134.57	-70.52	0	1
PROTOTYPE	002240	04/15/18	19:13:00	0.4892597695390782	0.4892597695390782	11.18	-0.0	4.1097820641282565	4.112717622745491	14.57	-8.99	0.4892597695390782	0.4892597695390782	11.18	0.0	295.0	288.79	1133.28	150.06	0	1
PROTOTYPE	002241	04/15/18	19:13:02	0.4892597695390782	0.4892597695390782	11.2	-0.0	4.1097820641282565	4.112717622745491	13.75	-7.65	0.4892597695390782	0.4892597695390782	11.2	0.0	295.0	289.72	1102.19	367.55	0	1
PROTOTYPE	002242	04/15/18	19:13:03	0.4892597695390782	0.4892597695390782	11.22	-0.0	4.1097820641282565	4.111739103206413	13.13	-6.5	0.4892597695390782	0.4892597695390782	11.22	0.0	293.0	290.21	912.07	177.42	0	1
PROTOTYPE	002243	04/15/18	19:13:05	0.4892597695390782	0.4892597695390782	11.23	-0.0	4.1097820641282565	4.111739103206413	12.64	-5.52	0.4892597695390782	0.4892597695390782	11.23	0.0	294.0	290.78	857.36	345.8	0	1
PROTOTYPE	002244	04/15/18	19:13:06	0.4892597695390782	0.4892597695390782	11.22	-0.0	4.207634018036073	4.126416896292586	25.59	10.3	0.4892597695390782	0.4892597695390782	11.22	0.0	286.0	290.06	894.22	308.93	0	1
PROTOTYPE	002245	04/15/18	19:13:07	0.4892597695390782	0.4892597695390782	11.21	-0.0	4.1097820641282565	4.123481337675351	26.76	8.76	0.4892597695390782	0.4892597695390782	11.21	0.0	288.0	289.75	849.77	202.59	0	1
PROTOTYPE	002246	04/15/18	19:13:09	0.4892597695390782	0.4892597695390782	11.2	-0.0	4.207634018036073	4.1362020916833675	38.07	22.45	0.4892597695390782	0.4892597695390782	11.2	0.0	291.0	289.94	647.61	442.2	0	1
PROTOTYPE	002247	04/15/18	19:13:10	0.4892597695390782	0.4892597695390782	11.22	-0.0	4.207634018036073	4.146965806613227	47.54	34.08	0.39140781563126253	0.4745819764529058	24.87	-15.0	288.0	289.65	459.52	195.87	0	1
PROTOTYPE	002248	04/15/18	19:13:12	0.4892597695390782	0.4892597695390782	11.23	-0.0	4.1097820641282565	4.141094689378758	51.9	28.97	0.4892597695390782	0.4765390155310621	26.13	-12.75	277.0	287.75	539.6	-103.51	0	1
PROTOTYPE	002249	04/15/18	19:13:13	0.4892597695390782	0.4892597695390782	11.23	-0.0	4.1097820641282565	4.1362020916833675	55.45	24.62	0.4892597695390782	0.47849605460921835	27.09	-10.84	291.0	288.24	495.14	-147.98	0	1
PROTOTYPE	002250	04/15/18	19:13:14	0.4892597695390782	0.4892597695390782	11.21	-0.0	4.1097820641282565	4.132288013527054	58.32	20.93	0.4892597695390782	0.48045309368737477	27.82	-9.21	286.0	287.9	479.52	-230.78	0	1
PROTOTYPE	002251	04/15/18	19:13:16	0.4892597695390782	0.4892597695390782	11.21	-0.0	4.1097820641282565	4.12935245490982	60.65	17.79	0.4892597695390782	0.48143161322645295	28.39	-7.83	287.0	287.77	436.28	-301.17	0	1
PROTOTYPE	002252	04/15/18	19:13:17	0.4892597695390782	0.4892597695390782	11.21	-0.0	4.207634018036073	4.141094689378758	58.0	15.12	0.4892597695390782	0.482410132765531	28.82	-6.66	296.0	289.0	488.07	-105.99	0	1
PROTOTYPE	002253	04/15/18	19:13:19	0.4892597695390782	0.4892597695390782	11.2	-0.0	4.207634018036073	4.150879884769539	65.43	27.85	0.4892597695390782	0.48338865230460926	29.13	-5.66	294.0	289.75	532.08	-0.09	0	1
PROTOTYPE	002254	04/15/18	19:13:20	0.4892597695390782	0.4892597695390782	11.22	-0.0	4.207634018036073	4.1596865606212425	61.29	23.67	0.4892597695390782	0.48436717184368744	29.39	-4.81	284.0	288.89	599.62	-105.08	0	1
PROTOTYPE	002255	04/15/18	19:13:21	0.4892597695390782	0.4892597695390782	11.19	-0.0	4.207634018036073	4.166536197394789	57.78	20.12	0.4892597695390782	0.4853456913827655	15.88	10.91	288.0	288.76	583.89	-89.32	0	1
PROTOTYPE	002256	04/15/18	19:13:23	0.4892597695390782	0.4892597695390782	11.18	-0.0	4.207634018036073	4.172407314629258	58.33	32.11	0.4892597695390782	0.4863242109218437	14.75	9.28	290.0	288.94	412.86	119.08	0	1
PROTOTYPE	002257	04/15/18	19:13:24	0.4892597695390782	0.4892597695390782	11.18	-0.0	4.207634018036073	4.178278431863728	58.8	42.29	0.4892597695390782	0.4863242109218437	13.88	7.88	289.0	288.95	365.78	71.22	0	1
PROTOTYPE	002258	04/15/18	19:13:26	0.4892597695390782	0.4892597695390782	11.2	-0.0	4.207634018036073	4.18219251002004	59.19	50.95	0.4892597695390782	0.4863242109218437	13.22	6.7	289.0	288.96	333.76	105.54	0	1
PROTOTYPE	002259	04/15/18	19:13:27	0.4892597695390782	0.4892597695390782	11.2	-0.0	4.207634018036073	4.1861065881763535	59.52	58.3	0.4892597695390782	0.48730273046092193	12.7	5.7	284.0	288.21	394.53	44.71	0	1
PROTOTYPE	002260	04/15/18	19:13:28	0.4892597695390782	0.4892597695390782	11.2	-0.0	4.207634018036073	4.189042146793588	50.98	49.56	0.4892597695390782	0.48730273046092193	12.31	4.84	288.0	288.18	274.54	-82.0	0	1
PROTOTYPE	002261	04/15/18	19:13:30	0.4892597695390782	0.4892597695390782	11.2	-0.0	4.207634018036073	4.191977705410823	43.78	42.12	0.4892597695390782	0.48730273046092193	12.01	4.12	294.0	289.06	286.84	-69.7	0	1
PROTOTYPE	002262	04/15/18	19:13:31	0.4892597695390782	0.4892597695390782	11.18	-0.0	4.207634018036073	4.194913264028056	37.72	35.81	0.4892597695390782	0.48828125	11.78	3.5	299.0	290.55	349.73	165.75	0	1
PROTOTYPE	002263	04/15/18	19:13:33	0.4892597695390782	0.4892597695390782	11.2	-0.0	4.207634018036073	4.196870303106213	32.66	30.44	0.4892597695390782	0.48828125	11.63	2.97	289.0	290.31	359.56	155.89	0	1
PROTOTYPE	002264	04/15/18	19:13:34	0.4892597695390782	0.4892597695390782	11.22	-0.0	4.207634018036073	4.197848822645291	28.45	25.87	0.4892597695390782	0.48828125	11.53	2.53	286.0	289.67	405.59	72.51	0	1
PROTOTYPE	002265	04/15/18	19:13:35	0.4892597695390782	0.4892597695390782	11.2	-0.0	4.207634018036073	4.199805861723447	24.95	21.99	0.4892597695390782	0.48828125	11.43	2.15	284.0	288.82	488.95	-13.37	0	1
PROTOTYPE	002266	04/15/18	19:13:37	0.4892597695390782	0.4892597695390782	11.18	-0.0	4.207634018036073	4.200784381262525	22.06	18.69	0.4892597695390782	0.48828125	11.35	1.83	294.0	289.59	565.11	63.64	0	1
PROTOTYPE	002267	04/15/18	19:13:38	0.4892597695390782	0.4892597695390782	11.2	-0.0	4.207634018036073	4.2017629008016035	19.73	15.89	0.4892597695390782	0.48828125	11.32	1.55	286.0	289.06	544.66	84.09	0	1
PROTOTYPE	002268	04/15/18	19:13:40	0.4892597695390782	0.4892597695390782	11.2	-0.0	4.207634018036073	4.202741420340682	17.82	13.5	0.4892597695390782	0.4892597695390782	11.29	1.32	299.0	290.55	690.33	236.48	0	1
PROTOTYPE	002269	04/15/18	19:13:41	0.4892597695390782	0.4892597695390782	11.21	-0.0	4.207634018036073	4.20371993987976	16.31	11.48	0.4892597695390782	0.4892597695390782	11.27	1.12	288.0	290.17	641.29	111.01	0	1
PROTOTYPE	002270	04/15/18	19:13:42	0.4892597695390782	0.4892597695390782	11.21	-0.0	4.207634018036073	4.20371993987976	15.09	9.76	0.4892597695390782	0.4892597695390782	11.25	0.95	289.0	289.99	509.64	-55.64	0	1
PROTOTYPE	002271	04/15/18	19:13:44	0.4892597695390782	0.4892597695390782	11.2	-0.0	4.305485971943888	4.21937625250501	28.25	23.29	0.4892597695390782	0.4892597695390782	11.23	0.81	295.0	290.74	561.55	42.7	0	1
PROTOTYPE	002272	04/15/18	19:13:45	0.4892597695390782	0.4892597695390782	11.2	-0.0	4.207634018036073	4.2174192134268536	28.31	19.8	0.4892597695390782	0.4892597695390782	11.22	0.69	296.0	291.53	575.7	186.3	0	1
PROTOTYPE	002273	04/15/18	19:13:47	0.4892597695390782	0.4892597695390782	11.21	-0.0	4.305485971943888	4.231118486973949	39.85	31.83	0.4892597695390782	0.4892597695390782	11.23	0.59	268.0	288.0	843.63	-81.65	0	1
PROTOTYPE	002274	04/15/18	19:13:48	0.4892597695390782	0.4892597695390782	11.21	-0.0	4.305485971943888	4.241882201903808	49.53	42.05	0.4892597695390782	0.4892597695390782	11.22	0.5	294.0	288.9	855.88	-69.4	0	1
PROTOTYPE	002275	04/15/18	19:13:49	0.4892597695390782	0.4892597695390782	11.18	-0.0	4.305485971943888	4.2516673972945895	57.61	50.75	0.4892597695390782	0.4892597695390782	11.19	0.42	289.0	288.92	803.98	-13.99	0	1
PROTOTYPE	002276	04/15/18	19:13:51	0.4892597695390782	0.4892597695390782	11.21	-0.0	4.305485971943888	4.2594955536072145	64.36	58.13	0.4892597695390782	0.4892597695390782	11.21	0.36	293.0	289.53	716.08	-101.89	0	1
PROTOTYPE	002277	04/15/18	19:13:52	0.4892597695390782	0.4892597695390782	11.22	-0.0	4.305485971943888	4.266345190380761	69.94	64.41	0.4892597695390782	0.4892597695390782	11.22	0.31	304.0	291.7	894.93	153.39	0	1
PROTOTYPE	002278	04/15/18	19:13:54	0.4892597695390782	0.4892597695390782	11.23	-0.0	4.305485971943888	4.2722163076152295	74.55	69.75	0.4892597695390782	0.4892597695390782	11.23	0.26	304.0	293.54	1061.91	355.38	0	1
PROTOTYPE	002279	04/15/18	19:13:55	0.4892597695390782	0.4892597695390782	11.23	-0.0	4.207634018036073	4.262431112224449	68.95	44.29	0.4892597695390782	0.4892597695390782	11.23	0.22	281.0	291.66	1174.93	92.08	0	1
PROTOTYPE	002280	04/15/18	19:13:56	0.4892597695390782	0.4892597695390782	11.21	-0.0	4.207634018036073	4.254602955911824	75.22	37.65	0.4892597695390782	0.4892597695390782	11.21	0.19	287.0	290.96	1165.99	-56.74	0	1
PROTOTYPE	002281	04/15/18	19:13:58	0.4892597695390782	0.4892597695390782	11.19	-0.0	4.207634018036073	4.247753319138276	68.96	17.0	0.4892597695390782	0.4892597695390782	11.19	0.16	286.0	290.22	887.49	221.77	0	1
PROTOTYPE	002282	04/15/18	19:13:59	0.4892597695390782	0.4892597695390782	11.19	-0.0	4.207634018036073	4.241882201903808	63.66	-0.55	0.4892597695390782	0.4892597695390782	11.19	0.14	291.0	290.34	809.3	143.51	0	1
PROTOTYPE	002283	04/15/18	19:14:01	0.4892597695390782	0.4892597695390782	11.19	-0.0	4.207634018036073	4.236011084669339	59.18	-15.47	0.4892597695390782	0.4892597695390782	11.19	0.12	291.0	290.44	817.32	151.98	0	1
PROTOTYPE	002284	04/15/18	19:14:02	0.4892597695390782	0.4892597695390782	11.15	-0.0	4.207634018036073	4.232097006513026	55.39	-28.15	0.4892597695390782	0.4892597695390782	11.15	0.1	293.0	290.82	794.53	129.18	0	1
PROTOTYPE	002285	04/15/18	19:14:03	0.4892597695390782	0.4892597695390782	11.13	-0.0	4.207634018036073	4.228182928356714	52.2	-38.93	0.4892597695390782	0.4892597695390782	11.13	0.08	304.0	292.8	775.15	109.81	0	1
PROTOTYPE	002286	04/15/18	19:14:05	0.4892597695390782	0.4892597695390782	11.12	-0.0	4.305485971943888	4.239925162825651	57.96	-33.09	0.4892597695390782	0.4892597695390782	11.12	0.07	279.0	290.73	797.6	-281.66	0	1
PROTOTYPE	002287	04/15/18	19:14:06	0.4892597695390782	0.4892597695390782	11.14	-0.0	4.305485971943888	4.249710358216433	58.09	-13.12	0.4892597695390782	0.4892597695390782	11.14	0.06	293.0	291.07	643.54	-59.41	0	1
PROTOTYPE	002288	04/15/18	19:14:08	0.4892597695390782	0.4892597695390782	11.14	-0.0	4.305485971943888	4.258517034068137	58.21	3.84	0.4892597695390782	0.4892597695390782	11.14	0.05	295.0	291.66	632.58	69.5	0	1
PROTOTYPE	002289	04/15/18	19:14:09	0.4892597695390782	0.4892597695390782	11.15	-0.0	4.305485971943888	4.265366670841684	58.3	18.27	0.4892597695390782	0.4892597695390782	11.15	0.04	298.0	292.61	653.26	239.07	0	1
PROTOTYPE	002290	04/15/18	19:14:10	0.4892597695390782	0.4892597695390782	11.18	-0.0	4.305485971943888	4.271237788076152	58.39	30.53	0.4892597695390782	0.4892597695390782	11.18	0.04	284.0	291.32	770.61	98.21	0	1
PROTOTYPE	002291	04/15/18	19:14:12	0.4892597695390782	0.4892597695390782	11.18	-0.0	4.305485971943888	4.276130385771544	58.46	40.95	0.4892597695390782	0.4892597695390782	11.18	0.03	302.0	292.92	920.78	248.48	0	1
PROTOTYPE	002292	04/15/18	19:14:13	0.4892597695390782	0.4892597695390782	11.19	-0.0	4.305485971943888	4.281022983466934	58.52	49.81	0.4892597695390782	0.4892597695390782	11.19	0.03	294.0	293.08	898.55	226.21	0	1
PROTOTYPE	002293	04/15/18	19:14:15	0.4892597695390782	0.4892597695390782	11.2	-0.0	4.305485971943888	4.284937061623246	58.57	57.34	0.4892597695390782	0.4892597695390782	11.2	0.02	277.0	290.67	942.08	-212.72	0	1
PROTOTYPE	002294	04/15/18	19:14:16	0.4892597695390782	0.4892597695390782	11.22	-0.0	4.305485971943888	4.287872620240481	50.18	48.74	0.4892597695390782	0.4892597695390782	11.22	0.02	282.0	289.37	865.18	-135.81	0	1
PROTOTYPE	002295	04/15/18	19:14:17	0.4892597695390782	0.4892597695390782	11.21	-0.0	4.305485971943888	4.289829659318637	43.11	41.42	0.4892597695390782	0.4892597695390782	11.21	0.02	278.0	287.66	1001.61	-340.44	0	1
PROTOTYPE	002296	04/15/18	19:14:19	0.4892597695390782	0.4892597695390782	11.22	-0.0	4.305485971943888	4.292765217935871	37.17	35.21	0.4892597695390782	0.4892597695390782	11.22	0.01	291.0	288.16	992.68	-349.38	0	1
PROTOTYPE	002297	04/15/18	19:14:20	0.4892597695390782	0.4892597695390782	11.22	-0.0	4.403337925851703	4.3094000501002006	46.81	44.93	0.4892597695390782	0.4892597695390782	11.22	0.01	288.0	288.14	900.38	-446.97	0	1
PROTOTYPE	002298	04/15/18	19:14:22	0.4892597695390782	0.4892597695390782	11.2	-0.0	4.305485971943888	4.308421530561123	41.99	38.19	0.4892597695390782	0.4892597695390782	11.2	0.01	289.0	288.27	784.21	-304.92	0	1
PROTOTYPE	002299	04/15/18	19:14:23	0.4892597695390782	0.4892597695390782	11.21	-0.0	4.403337925851703	4.323099323647295	51.15	47.46	0.4892597695390782	0.4892597695390782	11.21	0.01	293.0	288.98	694.95	-394.19	0	1
PROTOTYPE	002300	04/15/18	19:14:24	0.4892597695390782	0.4892597695390782	11.23	-0.0	4.403337925851703	4.334841558116231	58.9	55.34	0.4892597695390782	0.4892597695390782	11.23	0.01	295.0	289.88	769.03	-320.06	0	1
PROTOTYPE	002301	04/15/18	19:14:26	0.4892597695390782	0.4892597695390782	11.23	-0.0	4.403337925851703	4.3456052730460915	65.44	62.04	0.4892597695390782	0.4892597695390782	11.23	0.01	295.0	290.65	604.58	-2.05	0	1
PROTOTYPE	002302	04/15/18	19:14:27	0.4892597695390782	0.4892597695390782	11.23	-0.0	4.403337925851703	4.353433429358718	70.95	67.73	0.4892597695390782	0.4892597695390782	11.23	0.01	283.0	289.5	589.28	13.26	0	1
PROTOTYPE	002303	04/15/18	19:14:29	0.4892597695390782	0.4892597695390782	11.22	-0.0	4.403337925851703	4.361261585671342	75.58	72.57	0.4892597695390782	0.4892597695390782	11.22	0.0	292.0	289.88	456.22	221.27	0	1
PROTOTYPE	002304	04/15/18	19:14:30	0.4892597695390782	0.4892597695390782	11.22	-0.0	4.403337925851703	4.367132702905812	79.46	76.69	0.4892597695390782	0.4892597695390782	11.22	0.0	297.0	290.95	513.02	278.08	0	1
PROTOTYPE	002305	04/15/18	19:14:31	0.4892597695390782	0.4892597695390782	11.24	-0.0	4.403337925851703	4.37300382014028	68.08	65.19	0.4892597695390782	0.4892597695390782	11.24	0.0	286.0	290.2	584.38	206.37	0	1
PROTOTYPE	002306	04/15/18	19:14:33	0.4892597695390782	0.4892597695390782	11.23	-0.0	4.403337925851703	4.377896417835672	71.42	70.41	0.4892597695390782	0.4892597695390782	11.23	0.0	304.0	292.27	778.35	400.41	0	1
PROTOTYPE	002307	04/15/18	19:14:34	0.4892597695390782	0.4892597695390782	11.24	-0.0	4.501189879759519	4.396488289078156	75.85	74.85	0.4892597695390782	0.4892597695390782	11.24	0.0	285.0	291.18	816.47	220.35	0	1
PROTOTYPE	002308	04/15/18	19:14:36	0.4892597695390782	0.4892597695390782	11.25	-0.0	4.501189879759519	4.412144601703407	79.6	78.62	0.4892597695390782	0.4892597695390782	11.25	0.0	291.0	291.15	729.22	127.3	0	1
PROTOTYPE	002309	04/15/18	19:14:37	0.4892597695390782	0.4892597695390782	11.27	-0.0	4.501189879759519	4.4248653557114235	82.79	81.83	0.4892597695390782	0.4892597695390782	11.27	0.0	290.0	290.98	669.81	33.2	0	1
PROTOTYPE	002310	04/15/18	19:14:38	0.4892597695390782	0.4892597695390782	11.26	-0.0	4.501189879759519	4.436607590180361	85.49	84.55	0.4892597695390782	0.4892597695390782	11.26	0.0	300.0	292.33	690.34	283.22	0	1
PROTOTYPE	002311	04/15/18	19:14:40	0.4892597695390782	0.4892597695390782	11.29	-0.0	4.501189879759519	4.446392785571143	87.78	86.87	0.4892597695390782	0.4892597695390782	11.29	0.0	293.0	292.43	662.93	255.74	0	1
PROTOTYPE	002312	04/15/18	19:14:41	0.4892597695390782	0.4892597695390782	11.32	-0.0	4.501189879759519	4.454220941883768	89.72	88.84	0.4892597695390782	0.4892597695390782	11.32	0.0	296.0	292.97	609.58	202.38	0	1
PROTOTYPE	002313	04/15/18	19:14:43	0.4892597695390782	0.4892597695390782	11.3	-0.0	4.403337925851703	4.446392785571143	92.04	75.51	0.4892597695390782	0.4892597695390782	11.3	0.0	289.0	292.37	594.94	217.02	0	1
PROTOTYPE	002314	04/15/18	19:14:44	0.4892597695390782	0.4892597695390782	11.31	-0.0	4.403337925851703	4.4405216683366735	94.0	64.19	0.4892597695390782	0.4892597695390782	11.31	0.0	292.0	292.32	393.77	4.47	0	1
PROTOTYPE	002315	04/15/18	19:14:46	0.4892597695390782	0.4892597695390782	11.3	-0.0	4.501189879759519	4.449328344188377	84.42	54.56	0.4892597695390782	0.4892597695390782	11.3	0.0	293.0	292.42	295.0	123.8	0	1
PROTOTYPE	002316	04/15/18	19:14:47	0.4892597695390782	0.4892597695390782	11.27	-0.0	4.501189879759519	4.457156500501001	76.3	46.37	0.4892597695390782	0.4892597695390782	11.27	0.0	283.0	291.01	433.22	-14.77	0	1
PROTOTYPE	002317	04/15/18	19:14:48	0.4892597695390782	0.4892597695390782	11.26	-0.0	9.295935621242485	5.1832179984969935	804.27	774.42	0.4892597695390782	0.4892597695390782	11.26	0.0	289.0	290.71	445.98	-27.56	0	2
PROTOTYPE	002318	04/15/18	19:14:50	0.4892597695390782	0.4892597695390782	11.27	-0.0	18.494019288577153	7.179397858216434	2833.02	2803.26	0.4892597695390782	0.4892597695390782	11.27	0.0	284.0	289.7	411.3	-263.42	0	2
PROTOTYPE	002319	04/15/18	19:14:51	0.4892597695390782	0.4892597695390782	11.24	-0.0	17.809055611222448	8.774384706913828	4452.43	4422.77	0.4892597695390782	0.4892597695390782	11.24	0.0	299.0	291.1	540.72	-133.91	0	2
PROTOTYPE	002320	04/15/18	19:14:53	0.4892597695390782	0.4892597695390782	11.21	-0.0	18.98327905811623	10.305767785571142	6008.9	5979.35	0.4892597695390782	0.4892597695390782	11.21	0.0	291.0	291.08	489.21	-188.82	0	2
PROTOTYPE	002321	04/15/18	19:14:54	0.4892597695390782	0.4892597695390782	11.21	-0.0	20.059650551102205	11.768654496492985	7496.17	7482.45	0.4892597695390782	0.4892597695390782	11.21	0.0	300.0	292.42	563.45	4.5	0	2
PROTOTYPE	002322	04/15/18	19:14:55	0.4892597695390782	0.4892597695390782	11.22	-0.0	18.98327905811623	12.850897106713427	8595.31	8595.08	0.4892597695390782	0.4892597695390782	11.22	0.0	292.0	292.36	564.11	3.83	0	2
PROTOTYPE	002323	04/15/18	19:14:57	0.4892597695390782	0.4892597695390782	11.22	-0.0	18.689723196392784	13.726672094188377	9480.95	9480.82	0.4892597695390782	0.4892597695390782	11.22	0.0	296.0	292.9	608.46	48.25	0	2
PROTOTYPE	002324	04/15/18	19:14:58	0.4892597695390782	0.4892597695390782	11.22	-0.0	18.39616733466934	14.427292084168336	10188.7	10188.7	0.4892597695390782	0.4892597695390782	11.22	0.0	295.0	293.22	498.65	221.01	0	2
PROTOTYPE	002325	04/15/18	19:15:00	0.4892597695390782	0.4892597695390782	11.2	-0.0	18.39616733466934	15.022231963927856	10055.4	10055.39	0.4892597695390782	0.4892597695390782	11.2	0.0	275.0	290.48	741.77	-22.14	0	2
PROTOTYPE	002326	04/15/18	19:15:01	0.4892597695390782	0.4892597695390782	11.2	-0.0	17.71120365731463	15.425382014028054	8427.09	8427.08	0.4892597695390782	0.4892597695390782	11.2	0.0	270.0	287.41	948.44	-228.82	0	2
PROTOTYPE	002327	04/15/18	19:15:02	0.4892597695390782	0.4892597695390782	11.21	-0.0	18.689723196392784	15.915620303106213	7298.03	7298.02	0.4892597695390782	0.4892597695390782	11.21	0.0	284.0	286.9	860.13	-419.49	0	2
PROTOTYPE	002328	04/15/18	19:15:04	0.4892597695390782	0.4892597695390782	11.21	-0.0	19.27683491983968	16.419557865731463	6248.33	6248.32	0.4892597695390782	0.4892597695390782	11.21	0.0	298.0	288.57	1024.64	-251.57	0	2
PROTOTYPE	002329	04/15/18	19:15:05	0.4892597695390782	0.4892597695390782	11.2	-0.0	19.66824273547094	16.906860596192384	5251.08	5251.07	0.4892597695390782	0.4892597695390782	11.2	0.0	284.0	287.88	959.33	-453.83	0	2
PROTOTYPE	002330	04/15/18	19:15:07	0.4892597695390782	0.4892597695390782	11.2	-0.0	19.863946643286575	17.350129947394787	4598.42	4598.41	0.4892597695390782	0.4892597695390782	11.2	0.0	278.0	286.4	1101.11	-595.76	0	2
PROTOTYPE	002331	04/15/18	19:15:08	0.4892597695390782	0.4892597695390782	11.21	-0.0	19.961798597194388	17.74251628256513	4103.66	4103.65	0.4892597695390782	0.4892597695390782	11.21	0.0	285.0	286.19	1067.45	-671.4	0	2
PROTOTYPE	002332	04/15/18	19:15:09	0.4892597695390782	0.4892597695390782	11.21	-0.0	19.961798597194388	18.0752129258517	3728.12	3728.1	0.4892597695390782	0.4892597695390782	11.21	0.0	295.0	287.51	1168.14	-570.69	0	2
PROTOTYPE	002333	04/15/18	19:15:11	0.4892597695390782	0.4892597695390782	11.24	-0.0	20.059650551102205	18.372682865731463	3423.9	3423.89	0.4892597695390782	0.4892597695390782	11.24	0.0	287.0	287.43	902.66	-305.08	0	2
PROTOTYPE	002334	04/15/18	19:15:12	0.4892597695390782	0.4892597695390782	11.26	-0.0	19.961798597194388	18.611441633266534	3255.32	3255.3	0.4892597695390782	0.4892597695390782	11.26	0.0	295.0	288.57	708.89	115.68	0	2
PROTOTYPE	002335	04/15/18	19:15:14	0.4892597695390782	0.4892597695390782	11.27	-0.0	20.059650551102205	18.82867297094188	2977.03	2977.01	0.4892597695390782	0.4892597695390782	11.27	0.0	283.0	287.73	741.24	83.33	0	2
PROTOTYPE	002336	04/15/18	19:15:15	0.4892597695390782	0.4892597695390782	11.26	-0.0	19.961798597194388	18.997956851202403	2635.48	2635.46	0.4892597695390782	0.4892597695390782	11.26	0.0	277.0	286.12	735.74	-244.17	0	2
PROTOTYPE	002337	04/15/18	19:15:16	0.4892597695390782	0.4892597695390782	11.28	-0.0	19.961798597194388	19.14277774298597	2285.17	2285.14	0.4892597695390782	0.4892597695390782	11.28	0.0	294.0	287.3	785.41	-57.55	0	2
PROTOTYPE	002338	04/15/18	19:15:18	0.4892597695390782	0.4892597695390782	11.27	-0.0	19.766094689378757	19.236715618737474	1927.41	1927.37	0.4892597695390782	0.4892597695390782	11.27	0.0	283.0	286.66	701.78	26.09	0	2
PROTOTYPE	002339	04/15/18	19:15:19	0.4892597695390782	0.4892597695390782	11.25	-0.0	18.689723196392784	19.154519977454907	1610.91	1443.26	0.4892597695390782	0.4892597695390782	11.25	0.0	288.0	286.86	700.92	67.17	0	2
PROTOTYPE	002340	04/15/18	19:15:21	0.4892597695390782	0.4892597695390782	11.28	-0.0	18.298315380761526	19.02633391783567	1401.89	971.77	0.4892597695390782	0.4892597695390782	11.28	0.0	287.0	286.88	571.28	-62.9	0	2
PROTOTYPE	002341	04/15/18	19:15:22	0.4892597695390782	0.4892597695390782	11.25	-0.0	17.809055611222448	18.843350764028056	1284.22	481.01	0.4892597695390782	0.4892597695390782	11.25	0.0	286.0	286.75	576.78	-68.47	1	0
PROTOTYPE	002342	04/15/18	19:15:23	0.4892597695390782	0.4892597695390782	11.21	-0.0	13.210013777555112	17.998888401803608	1904.19	-626.14	0.4892597695390782	0.4892597695390782	11.21	0.0	296.0	288.14	602.05	-43.2	1	0
PROTOTYPE	002343	04/15/18	19:15:25	0.4892597695390782	0.4892597695390782	11.2	-0.0	8.904527805611224	16.634832164328657	3076.17	-2242.22	0.4892597695390782	0.4892597695390782	11.2	0.0	292.0	288.72	576.48	98.28	1	0
PROTOTYPE	002344	04/15/18	19:15:26	0.4892597695390782	0.4892597695390782	11.22	-0.0	7.632452404809619	15.2844752004008	4282.35	-3795.89	0.4892597695390782	0.4892597695390782	11.22	0.0	291.0	289.06	449.76	293.54	1	0
PROTOTYPE	002345	04/15/18	19:15:28	0.4892597695390782	0.4892597695390782	11.2	-0.0	7.143192635270541	14.063282815631261	5382.6	-5191.51	0.4892597695390782	0.4892597695390782	11.2	0.0	292.0	289.5	375.74	219.51	1	0
PROTOTYPE	002346	04/15/18	19:15:29	0.4892597695390782	0.4892597695390782	11.19	-0.0	6.849636773547094	12.981040205410821	6392.81	-6392.78	0.4892597695390782	0.4892597695390782	11.19	0.0	287.0	289.12	348.68	246.58	1	0
PROTOTYPE	002347	04/15/18	19:15:30	0.4892597695390782	0.4892597695390782	11.21	-0.0	6.751784819639279	12.046554045591183	7263.88	-7263.86	0.4892597695390782	0.4892597695390782	11.21	0.0	294.0	289.86	401.65	299.6	1	0
PROTOTYPE	002348	04/15/18	19:15:32	0.4892597695390782	0.4892597695390782	11.18	-0.0	6.751784819639279	11.25199617985972	7944.3	-7944.28	0.4892597695390782	0.4892597695390782	11.18	0.0	283.0	288.83	501.97	194.66	1	0
PROTOTYPE	002349	04/15/18	19:15:33	0.5871117234468938	0.5039375626252506	24.85	15.0	6.751784819639279	10.576817697895793	8447.65	-8447.64	0.4892597695390782	0.4892597695390782	11.19	0.0	297.0	290.05	611.27	330.46	1	0
PROTOTYPE	002350	04/15/18	19:15:35	0.4892597695390782	0.5019805235470942	26.11	12.75	6.751784819639279	10.003405247995993	8170.5	-8170.49	0.4892597695390782	0.4892597695390782	11.2	0.0	299.0	291.4	606.71	325.89	1	0
PROTOTYPE	002351	04/15/18	19:15:36	0.4892597695390782	0.5000234844689379	27.08	10.84	6.653932865731463	9.501424724448897	7289.93	-7289.92	0.4892597695390782	0.4892597695390782	11.19	0.0	288.0	290.89	599.69	217.01	1	0
PROTOTYPE	002352	04/15/18	19:15:37	0.4892597695390782	0.4980664453907815	27.8	9.21	6.556080911823647	9.059133892785571	6361.44	-6361.43	0.4892597695390782	0.4892597695390782	11.17	0.0	296.0	291.65	642.12	259.45	1	0
PROTOTYPE	002353	04/15/18	19:15:39	0.4892597695390782	0.4970879258517034	28.37	7.83	6.556080911823647	8.68338238977956	5497.23	-5497.22	0.4892597695390782	0.4892597695390782	11.16	0.0	293.0	291.86	618.23	235.54	1	0
PROTOTYPE	002354	04/15/18	19:15:40	0.4892597695390782	0.49610940631262535	28.8	6.66	6.556080911823647	8.36438502004008	4717.65	-4717.63	0.4892597695390782	0.4892597695390782	11.17	0.0	292.0	291.88	583.29	275.21	1	0
PROTOTYPE	002355	04/15/18	19:15:42	0.4892597695390782	0.49513088677354705	29.15	5.66	6.556080911823647	8.093335107715431	4040.01	-4039.99	0.4892597695390782	0.4892597695390782	11.2	0.0	291.0	291.75	523.38	188.93	1	0
PROTOTYPE	002356	04/15/18	19:15:43	0.4892597695390782	0.4941523672344689	29.39	4.81	6.458228957915831	7.847726703406813	3479.01	-3478.99	0.4892597695390782	0.4892597695390782	11.21	0.0	282.0	290.28	566.72	145.59	1	0
PROTOTYPE	002357	04/15/18	19:15:44	0.4892597695390782	0.49317384769539074	15.89	-10.91	6.556080911823647	7.653979834669339	2987.17	-2987.14	0.4892597695390782	0.4892597695390782	11.19	0.0	290.0	290.24	448.6	18.75	0	0
PROTOTYPE	002358	04/15/18	19:15:46	0.4892597695390782	0.4921953281563127	14.76	-9.28	5.479709418837675	7.328132828156313	2734.1	-2734.07	0.4892597695390782	0.4892597695390782	11.18	0.0	288.0	289.9	348.04	-149.06	0	0
PROTOTYPE	002359	04/15/18	19:15:47	0.4892597695390782	0.4921953281563127	13.88	-7.88	5.1861535571142285	7.007178419338677	2548.99	-2548.96	0.4892597695390782	0.4892597695390782	11.18	0.0	290.0	289.92	299.08	-96.7	0	0
PROTOTYPE	002360	04/15/18	19:15:49	0.4892597695390782	0.4921953281563127	13.2	-6.7	5.088301603206413	6.7194936748497	2391.64	-2391.62	0.4892597695390782	0.4892597695390782	11.18	0.0	290.0	289.93	224.21	-172.2	0	0
PROTOTYPE	002361	04/15/18	19:15:50	0.4892597695390782	0.4912168086172345	12.68	-5.7	5.088301603206413	6.47486379008016	2257.9	-2257.87	0.4892597695390782	0.4892597695390782	11.19	0.0	289.0	289.79	218.0	-206.37	0	0
PROTOTYPE	002362	04/15/18	19:15:51	0.4892597695390782	0.4912168086172345	12.28	-4.84	4.990449649298597	6.2517613351703405	2159.22	-2159.19	0.4892597695390782	0.4892597695390782	11.18	0.0	281.0	288.47	347.3	-340.41	0	0
PROTOTYPE	002363	04/15/18	19:15:53	0.4892597695390782	0.4912168086172345	11.94	-4.12	4.990449649298597	6.0629070641282565	2075.34	-2075.31	0.4892597695390782	0.4892597695390782	11.12	0.0	284.0	287.8	401.17	-394.35	0	0
PROTOTYPE	002364	04/15/18	19:15:54	0.4892597695390782	0.49023828907815625	11.72	-3.5	4.990449649298597	5.901451340180361	1989.05	-1989.02	0.4892597695390782	0.4892597695390782	11.12	0.0	296.0	289.03	377.96	-125.2	0	0
PROTOTYPE	002365	04/15/18	19:15:56	0.4892597695390782	0.49023828907815625	11.6	-2.97	4.990449649298597	5.765437124248497	1930.7	-1930.66	0.4892597695390782	0.4892597695390782	11.16	0.0	285.0	288.43	433.98	-181.42	0	0
PROTOTYPE	002366	04/15/18	19:15:57	0.4892597695390782	0.49023828907815625	11.49	-2.53	4.990449649298597	5.648993299098196	1716.11	-1716.06	0.4892597695390782	0.4892597695390782	11.17	0.0	275.0	286.41	601.74	-349.21	0	0
