Dev_id	Index	Date	Time	Sensor1	Sensor1_Filter	Sensor1_LL	Sensor1_Diff	Sensor2	Sensor2_Filter	Sensor2_LL	Sensor2_Diff	Sensor3	Sensor3_Filter	Sensor3_LL	Sensor3_Diff	Sensor4	Sensor4_Filter	Sensor4_LL	Sensor4_Diff	Heater_Status	FSM_Status
PROTOTYPE	001402	04/09/18	23:35:15	0.4892597695390782	0.4892597695390782	73.05	-0.0	0.6849636773547094	0.70061998997996	84.3	-13.25	0.4892597695390782	0.4892597695390782	73.05	0.0	286.0	286.76	635.81	147.09	0	b'BAS'
PROTOTYPE	001403	04/09/18	23:35:24	0.4892597695390782	0.4892597695390782	73.05	-0.0	0.7828156312625251	0.7123622244488979	89.78	3.74	0.4892597695390782	0.4892597695390782	73.05	0.0	288.0	286.95	555.45	65.02	0	b'BAS'
PROTOTYPE	001404	04/09/18	23:35:33	0.4892597695390782	0.4892597695390782	73.05	-0.0	0.6849636773547094	0.7084481462925852	90.0	3.18	0.4892597695390782	0.4892597695390782	73.05	0.0	286.0	286.81	486.31	-34.73	0	b'BAS'
PROTOTYPE	001405	04/09/18	23:35:42	0.4892597695390782	0.4892597695390782	73.05	-0.0	0.6849636773547094	0.7045340681362725	90.17	2.7	0.4892597695390782	0.4892597695390782	73.05	0.0	280.0	285.78	515.51	-209.52	0	b'BAS'
PROTOTYPE	001406	04/09/18	23:35:51	0.4892597695390782	0.4892597695390782	73.05	-0.0	0.6849636773547094	0.701598509519038	84.46	-12.7	0.4892597695390782	0.4892597695390782	73.05	0.0	294.0	287.02	430.69	121.91	0	b'BAS'
PROTOTYPE	001407	04/09/18	23:36:01	0.4892597695390782	0.4892597695390782	73.05	-0.0	0.6849636773547094	0.6996414704408818	83.77	-10.8	0.4892597695390782	0.4892597695390782	73.05	0.0	290.0	287.46	466.74	163.62	0	b'BAS'
PROTOTYPE	001408	04/09/18	23:36:10	0.4892597695390782	0.4892597695390782	73.05	-0.0	0.7828156312625251	0.7123622244488979	89.57	5.82	0.4892597695390782	0.4892597695390782	73.05	0.0	286.0	287.24	367.6	19.08	0	b'BAS'
PROTOTYPE	001409	04/09/18	23:36:19	0.4892597695390782	0.4892597695390782	73.05	-0.0	0.7828156312625251	0.7221474198396793	94.06	19.95	0.4892597695390782	0.4892597695390782	73.05	0.0	290.0	287.66	391.68	76.22	0	b'BAS'
PROTOTYPE	001410	04/09/18	23:36:28	0.4892597695390782	0.4892597695390782	73.05	-0.0	0.7828156312625251	0.731932615230461	97.5	31.96	0.4892597695390782	0.4892597695390782	73.05	0.0	280.0	286.51	490.66	-25.22	0	b'BAS'
PROTOTYPE	001411	04/09/18	23:36:37	0.4892597695390782	0.4892597695390782	73.05	-0.0	0.6849636773547094	0.7250829784569138	93.51	12.16	0.4892597695390782	0.4892597695390782	73.05	0.0	285.0	286.28	494.37	-66.43	0	b'BAS'
PROTOTYPE	001412	04/09/18	23:36:51	0.4892597695390782	0.4892597695390782	78.06	-0.0	0.7828156312625251	0.7329111347695391	100.15	25.34	0.4892597695390782	0.4892597695390782	78.06	0.0	282.0	285.64	543.26	-116.47	0	b'BAS'
PROTOTYPE	001413	04/09/18	23:37:00	0.4892597695390782	0.4892597695390782	78.06	-0.0	0.6849636773547094	0.726061497995992	102.1	21.54	0.4892597695390782	0.4892597695390782	78.06	0.0	290.0	286.29	506.81	51.0	0	b'BAS'
PROTOTYPE	001414	04/09/18	23:37:10	0.4892597695390782	0.4892597695390782	78.06	-0.0	0.6849636773547094	0.7201903807615231	103.56	18.31	0.4892597695390782	0.4892597695390782	78.06	0.0	280.0	285.35	478.09	-166.65	0	b'BAS'
PROTOTYPE	001415	04/09/18	23:37:19	0.4892597695390782	0.4892597695390782	78.06	-0.0	0.7828156312625251	0.7289970566132266	107.34	30.56	0.4892597695390782	0.4892597695390782	78.06	0.0	288.0	285.75	473.2	-171.65	0	b'BAS'
PROTOTYPE	001416	04/09/18	23:37:28	0.4892597695390782	0.4892597695390782	78.06	-0.0	0.7828156312625251	0.7378037324649298	103.9	25.98	0.4892597695390782	0.4892597695390782	78.06	0.0	283.0	285.34	491.63	-190.9	0	b'BAS'
PROTOTYPE	001417	04/09/18	23:37:37	0.4892597695390782	0.4892597695390782	78.06	-0.0	0.7828156312625251	0.744653369238477	101.2	22.08	0.4892597695390782	0.4892597695390782	78.06	0.0	282.0	284.84	500.16	-282.27	0	b'BAS'
PROTOTYPE	001418	04/09/18	23:37:46	0.4892597695390782	0.4892597695390782	78.06	-0.0	0.6849636773547094	0.7348681738476953	101.09	3.77	0.4892597695390782	0.4892597695390782	78.06	0.0	281.0	284.26	443.18	-224.93	0	b'BAS'
PROTOTYPE	001419	04/09/18	23:37:55	0.4892597695390782	0.4892597695390782	78.06	-0.0	0.6849636773547094	0.7280185370741483	101.44	3.2	0.4892597695390782	0.4892597695390782	78.06	0.0	279.0	283.47	498.19	-281.19	0	b'BAS'
PROTOTYPE	001420	04/09/18	23:38:04	0.4892597695390782	0.4892597695390782	73.05	-0.0	0.6849636773547094	0.7211689003006012	95.97	-12.28	0.4892597695390782	0.4892597695390782	73.05	0.0	276.0	282.35	544.85	-329.01	0	b'BAS'
PROTOTYPE	001421	04/09/18	23:38:13	0.4892597695390782	0.4892597695390782	73.05	-0.0	0.6849636773547094	0.7162763026052105	94.9	-10.44	0.4892597695390782	0.4892597695390782	73.05	0.0	292.0	283.8	623.85	-249.66	0	b'BAS'
PROTOTYPE	001422	04/09/18	23:38:23	0.4892597695390782	0.4892597695390782	73.05	-0.0	0.7828156312625251	0.726061497995992	97.54	6.13	0.4892597695390782	0.4892597695390782	73.05	0.0	282.0	283.53	557.47	-182.21	0	b'BAS'
PROTOTYPE	001423	04/09/18	23:38:32	0.4892597695390782	0.4892597695390782	73.05	-0.0	0.6849636773547094	0.7201903807615231	95.34	-9.79	0.4892597695390782	0.4892597695390782	73.05	0.0	284.0	283.6	528.24	-214.88	0	b'BAS'
PROTOTYPE	001424	04/09/18	23:38:41	0.4892597695390782	0.4892597695390782	73.05	-0.0	0.6849636773547094	0.7143192635270541	93.65	-23.32	0.4892597695390782	0.4892597695390782	73.05	0.0	269.0	281.41	705.2	-392.65	0	b'BAS'
PROTOTYPE	001425	04/09/18	23:38:50	0.4892597695390782	0.4892597695390782	73.05	-0.0	0.6849636773547094	0.7104051853707415	92.36	-34.82	0.4892597695390782	0.4892597695390782	73.05	0.0	287.0	282.25	738.7	-258.75	0	b'BAS'
PROTOTYPE	001426	04/09/18	23:38:59	0.4892597695390782	0.4892597695390782	73.05	-0.0	0.6849636773547094	0.7064911072144288	89.4	-29.6	0.4892597695390782	0.4892597695390782	73.05	0.0	290.0	283.41	797.09	-84.94	0	b'BAS'
PROTOTYPE	001427	04/09/18	23:39:08	0.4892597695390782	0.4892597695390782	73.05	-0.0	0.7828156312625251	0.7182333416833667	92.3	-10.16	0.4892597695390782	0.4892597695390782	73.05	0.0	292.0	284.7	846.83	122.8	0	b'BAS'
PROTOTYPE	001428	04/09/18	23:39:17	0.4892597695390782	0.4892597695390782	73.05	-0.0	0.6849636773547094	0.713340743987976	91.49	-8.64	0.4892597695390782	0.4892597695390782	73.05	0.0	283.0	284.44	761.47	209.38	0	b'BAS'
PROTOTYPE	001429	04/09/18	23:39:26	0.4892597695390782	0.4892597695390782	73.05	-0.0	0.7828156312625251	0.7231259393787575	94.87	7.66	0.4892597695390782	0.4892597695390782	73.05	0.0	266.0	281.68	893.25	-212.02	0	b'BAS'
PROTOTYPE	001430	04/09/18	23:39:36	0.4892597695390782	0.4892597695390782	73.05	-0.0	0.6849636773547094	0.7172548221442886	92.0	-8.49	0.4892597695390782	0.4892597695390782	73.05	0.0	271.0	280.08	1025.2	-345.22	0	b'BAS'
PROTOTYPE	001431	04/09/18	23:39:45	0.4892597695390782	0.4892597695390782	73.05	-0.0	0.6849636773547094	0.7123622244488979	91.33	-7.22	0.4892597695390782	0.4892597695390782	73.05	0.0	289.0	281.41	1147.82	-218.44	0	b'BAS'
PROTOTYPE	001432	04/09/18	23:39:54	0.4892597695390782	0.4892597695390782	73.05	-0.0	0.6849636773547094	0.7084481462925852	90.83	-6.13	0.4892597695390782	0.4892597695390782	73.05	0.0	276.0	280.6	1010.38	-80.67	0	b'BAS'
PROTOTYPE	001433	04/09/18	23:40:03	0.4892597695390782	0.4892597695390782	73.05	-0.0	0.6849636773547094	0.7045340681362725	90.45	-5.21	0.4892597695390782	0.4892597695390782	73.05	0.0	279.0	280.36	951.73	-188.57	0	b'BAS'
PROTOTYPE	001434	04/09/18	23:40:12	0.4892597695390782	0.4892597695390782	73.05	-0.0	0.6849636773547094	0.701598509519038	90.17	-4.43	0.4892597695390782	0.4892597695390782	73.05	0.0	282.0	280.61	861.3	-280.29	0	b'BAS'
PROTOTYPE	001435	04/09/18	23:40:21	0.4892597695390782	0.4892597695390782	73.05	-0.0	0.7828156312625251	0.7143192635270541	90.7	-3.77	0.4892597695390782	0.4892597695390782	73.05	0.0	291.0	282.17	888.28	-253.24	0	b'BAS'
PROTOTYPE	001436	04/09/18	23:40:30	0.4892597695390782	0.4892597695390782	73.05	-0.0	0.7828156312625251	0.7241044589178357	94.21	11.8	0.4892597695390782	0.4892597695390782	73.05	0.0	279.0	281.69	909.58	-275.26	0	b'BAS'
PROTOTYPE	001437	04/09/18	23:40:39	0.4892597695390782	0.4892597695390782	73.05	-0.0	0.6849636773547094	0.7182333416833667	91.09	-4.97	0.4892597695390782	0.4892597695390782	73.05	0.0	287.0	282.49	712.92	81.03	0	b'BAS'
PROTOTYPE	001438	04/09/18	23:40:49	0.4892597695390782	0.4892597695390782	73.05	-0.0	0.7828156312625251	0.7280185370741483	93.66	10.77	0.4892597695390782	0.4892597695390782	73.05	0.0	293.0	284.06	710.44	398.88	0	b'BAS'
PROTOTYPE	001439	04/09/18	23:40:58	0.4892597695390782	0.4892597695390782	73.05	-0.0	0.6849636773547094	0.7221474198396793	94.52	9.16	0.4892597695390782	0.4892597695390782	73.05	0.0	275.0	282.7	712.54	129.05	0	b'BAS'
PROTOTYPE	001440	04/09/18	23:41:07	0.4892597695390782	0.4892597695390782	73.05	-0.0	0.7828156312625251	0.7309540956913827	97.54	22.78	0.4892597695390782	0.4892597695390782	73.05	0.0	293.0	284.25	785.51	364.69	0	b'BAS'
PROTOTYPE	001441	04/09/18	23:41:16	0.4892597695390782	0.4892597695390782	73.05	-0.0	0.7828156312625251	0.738782252004008	99.83	34.37	0.4892597695390782	0.4892597695390782	73.05	0.0	273.0	282.56	928.78	219.99	0	b'BAS'
PROTOTYPE	001442	04/09/18	23:41:25	0.4892597695390782	0.4892597695390782	73.05	-0.0	0.6849636773547094	0.7309540956913827	102.49	29.21	0.4892597695390782	0.4892597695390782	73.05	0.0	277.0	281.73	986.5	111.99	0	b'BAS'
PROTOTYPE	001443	04/09/18	23:41:34	0.4892597695390782	0.4892597695390782	73.05	-0.0	0.7828156312625251	0.738782252004008	99.24	24.83	0.4892597695390782	0.4892597695390782	73.05	0.0	284.0	282.07	865.63	-9.81	0	b'BAS'
PROTOTYPE	001444	04/09/18	23:41:43	0.4892597695390782	0.4892597695390782	73.05	-0.0	0.6849636773547094	0.7299755761523046	97.58	6.11	0.4892597695390782	0.4892597695390782	73.05	0.0	284.0	282.36	847.64	66.66	0	b'BAS'
PROTOTYPE	001445	04/09/18	23:41:52	0.4892597695390782	0.4892597695390782	73.05	-0.0	0.6849636773547094	0.7231259393787575	98.11	5.19	0.4892597695390782	0.4892597695390782	73.05	0.0	282.0	282.3	778.09	-18.34	0	b'BAS'
PROTOTYPE	001446	04/09/18	23:42:02	0.4892597695390782	0.4892597695390782	73.05	-0.0	0.6849636773547094	0.7182333416833667	95.55	-10.59	0.4892597695390782	0.4892597695390782	73.05	0.0	286.0	282.86	676.32	-120.59	0	b'BAS'
PROTOTYPE	001447	04/09/18	23:42:11	0.4892597695390782	0.4892597695390782	73.05	-0.0	0.6849636773547094	0.713340743987976	94.7	-9.0	0.4892597695390782	0.4892597695390782	73.05	0.0	275.0	281.68	658.28	-102.5	0	b'BAS'
PROTOTYPE	001448	04/09/18	23:42:20	0.4892597695390782	0.4892597695390782	73.05	-0.0	0.7828156312625251	0.7231259393787575	95.7	-7.65	0.4892597695390782	0.4892597695390782	73.05	0.0	273.0	280.38	634.11	-387.12	0	b'BAS'
PROTOTYPE	001449	04/09/18	23:42:29	0.4892597695390782	0.4892597695390782	73.05	-0.0	0.6849636773547094	0.7172548221442886	94.45	-21.5	0.4892597695390782	0.4892597695390782	73.05	0.0	281.0	280.47	478.18	-209.06	0	b'BAS'
PROTOTYPE	001450	04/09/18	23:42:38	0.4892597695390782	0.4892597695390782	73.05	-0.0	0.6849636773547094	0.7123622244488979	92.57	-18.28	0.4892597695390782	0.4892597695390782	73.05	0.0	290.0	281.9	537.47	17.3	0	b'BAS'
PROTOTYPE	001451	04/09/18	23:42:47	0.4892597695390782	0.4892597695390782	73.05	-0.0	0.7828156312625251	0.7231259393787575	94.52	-15.54	0.4892597695390782	0.4892597695390782	73.05	0.0	273.0	280.57	636.0	-150.29	0	b'BAS'
PROTOTYPE	001452	04/09/18	23:42:56	0.4892597695390782	0.4892597695390782	73.05	-0.0	0.7828156312625251	0.731932615230461	95.17	1.79	0.4892597695390782	0.4892597695390782	73.05	0.0	281.0	280.63	616.84	-172.75	0	b'BAS'
PROTOTYPE	001453	04/09/18	23:43:06	0.4892597695390782	0.4892597695390782	73.05	-0.0	0.6849636773547094	0.7250829784569138	95.34	1.53	0.4892597695390782	0.4892597695390782	73.05	0.0	283.0	280.99	642.94	-131.84	0	b'BAS'
PROTOTYPE	001454	04/09/18	23:43:15	0.4892597695390782	0.4892597695390782	73.05	-0.0	0.6849636773547094	0.719211861222445	95.46	1.3	0.4892597695390782	0.4892597695390782	73.05	0.0	274.0	279.94	691.95	-292.06	0	b'BAS'
PROTOTYPE	001455	04/09/18	23:43:24	0.4892597695390782	0.4892597695390782	73.05	-0.0	0.6849636773547094	0.7143192635270541	95.56	1.1	0.4892597695390782	0.4892597695390782	73.05	0.0	282.0	280.25	605.97	-143.25	0	b'BAS'
PROTOTYPE	001456	04/09/18	23:43:33	0.4892597695390782	0.4892597695390782	73.05	-0.0	0.6849636773547094	0.7094266658316633	91.63	-14.06	0.4892597695390782	0.4892597695390782	73.05	0.0	275.0	279.46	554.69	-91.76	0	b'BAS'
PROTOTYPE	001457	04/09/18	23:43:42	0.4892597695390782	0.4892597695390782	73.05	-0.0	0.6849636773547094	0.7055125876753507	90.65	-11.95	0.4892597695390782	0.4892597695390782	73.05	0.0	273.0	278.49	638.96	-198.0	0	b'BAS'
PROTOTYPE	001458	04/09/18	23:43:51	0.4892597695390782	0.4892597695390782	73.05	-0.0	0.6849636773547094	0.7025770290581163	89.91	-10.16	0.4892597695390782	0.4892597695390782	73.05	0.0	284.0	279.32	578.88	-258.3	0	b'BAS'
PROTOTYPE	001459	04/09/18	23:44:00	0.4892597695390782	0.4892597695390782	73.05	-0.0	0.6849636773547094	0.6996414704408818	85.34	-23.64	0.4892597695390782	0.4892597695390782	73.05	0.0	286.0	280.32	545.71	-24.55	0	b'BAS'
PROTOTYPE	001460	04/09/18	23:44:09	0.4892597695390782	0.4892597695390782	73.05	-0.0	0.6849636773547094	0.6976844313627255	81.85	-35.09	0.4892597695390782	0.4892597695390782	73.05	0.0	277.0	279.82	585.12	-80.87	0	b'BAS'
PROTOTYPE	001461	04/09/18	23:44:19	0.4892597695390782	0.4892597695390782	73.05	-0.0	0.6849636773547094	0.6957273922845693	79.54	-29.83	0.4892597695390782	0.4892597695390782	73.05	0.0	291.0	281.5	716.34	51.26	0	b'BAS'
PROTOTYPE	001462	04/09/18	23:44:28	0.4892597695390782	0.4892597695390782	73.05	-0.0	0.6849636773547094	0.6937703532064128	77.81	-25.35	0.4892597695390782	0.4892597695390782	73.05	0.0	289.0	282.62	724.04	268.57	0	b'BAS'
PROTOTYPE	001463	04/09/18	23:44:37	0.4892597695390782	0.4892597695390782	73.05	-0.0	0.6849636773547094	0.6927918336673347	76.53	-21.55	0.4892597695390782	0.4892597695390782	73.05	0.0	295.0	284.48	877.66	423.28	0	b'BAS'
PROTOTYPE	001464	04/09/18	23:44:46	0.4892597695390782	0.4892597695390782	73.05	-0.0	0.7828156312625251	0.7064911072144288	82.92	-3.32	0.4892597695390782	0.4892597695390782	73.05	0.0	279.0	283.66	881.13	419.79	0	b'BAS'
PROTOTYPE	001465	04/09/18	23:44:55	0.4892597695390782	0.4892597695390782	73.05	-0.0	0.7828156312625251	0.7182333416833667	87.89	12.18	0.4892597695390782	0.4892597695390782	73.05	0.0	283.0	283.56	797.25	506.82	0	b'BAS'
PROTOTYPE	001466	04/09/18	23:45:04	0.4892597695390782	0.4892597695390782	73.05	-0.0	0.6849636773547094	0.713340743987976	88.64	10.35	0.4892597695390782	0.4892597695390782	73.05	0.0	277.0	282.58	812.93	325.8	0	b'BAS'
PROTOTYPE	001467	04/09/18	23:45:13	0.4892597695390782	0.4892597695390782	73.05	-0.0	0.6849636773547094	0.7084481462925852	89.2	8.8	0.4892597695390782	0.4892597695390782	73.05	0.0	287.0	283.24	779.27	291.93	0	b'BAS'
PROTOTYPE	001468	04/09/18	23:45:22	0.4892597695390782	0.4892597695390782	73.05	-0.0	0.6849636773547094	0.7055125876753507	89.61	7.48	0.4892597695390782	0.4892597695390782	73.05	0.0	262.0	280.05	1047.36	23.14	0	b'BAS'
PROTOTYPE	001469	04/09/18	23:45:32	0.4892597695390782	0.4892597695390782	73.05	-0.0	0.6849636773547094	0.7025770290581163	89.91	6.36	0.4892597695390782	0.4892597695390782	73.05	0.0	285.0	280.8	954.2	-70.33	0	b'BAS'
PROTOTYPE	001470	04/09/18	23:45:41	0.4892597695390782	0.4892597695390782	73.05	-0.0	0.6849636773547094	0.6996414704408818	90.12	5.4	0.4892597695390782	0.4892597695390782	73.05	0.0	266.0	278.58	1063.43	-404.78	0	b'BAS'
PROTOTYPE	001471	04/09/18	23:45:50	0.4892597695390782	0.4892597695390782	73.05	-0.0	0.6849636773547094	0.6976844313627255	90.28	4.59	0.39140781563126253	0.4745819764529058	81.48	-15.0	268.0	276.99	1036.47	-749.06	0	b'BAS'
PROTOTYPE	001472	04/09/18	23:45:59	0.4892597695390782	0.4892597695390782	73.05	-0.0	0.7828156312625251	0.7104051853707415	89.71	3.9	0.4892597695390782	0.4765390155310621	81.75	-12.75	288.0	278.64	1119.16	-501.7	0	b'BAS'
PROTOTYPE	001473	04/09/18	23:46:08	0.4892597695390782	0.4892597695390782	73.05	-0.0	0.6849636773547094	0.7064911072144288	84.77	-11.68	0.4892597695390782	0.47849605460921835	81.95	-10.84	279.0	278.7	1116.31	-486.45	0	b'BAS'
PROTOTYPE	001474	04/09/18	23:46:17	0.4892597695390782	0.4892597695390782	73.05	-0.0	0.6849636773547094	0.7035555485971945	84.05	-9.93	0.4892597695390782	0.48045309368737477	82.09	-9.21	288.0	280.09	1157.37	-248.48	0	b'BAS'
PROTOTYPE	001475	04/09/18	23:46:26	0.4892597695390782	0.4892597695390782	73.05	-0.0	0.6849636773547094	0.70061998997996	83.51	-8.44	0.4892597695390782	0.48143161322645295	82.2	-7.83	292.0	281.88	1269.25	-136.21	0	b'BAS'
PROTOTYPE	001476	04/09/18	23:46:35	0.4892597695390782	0.4892597695390782	73.05	-0.0	0.7828156312625251	0.7123622244488979	89.26	7.83	0.4892597695390782	0.482410132765531	82.27	-6.66	278.0	281.3	1009.4	124.22	0	b'BAS'
PROTOTYPE	001477	04/09/18	23:46:45	0.4892597695390782	0.4892597695390782	73.05	-0.0	0.6849636773547094	0.7084481462925852	89.7	6.65	0.4892597695390782	0.48338865230460926	82.33	-5.66	279.0	280.95	970.27	15.59	0	b'BAS'
PROTOTYPE	001478	04/09/18	23:46:54	0.4892597695390782	0.4892597695390782	73.05	-0.0	0.7828156312625251	0.7201903807615231	94.78	20.65	0.4892597695390782	0.48436717184368744	82.37	-4.81	294.0	282.91	944.09	433.25	0	b'BAS'
PROTOTYPE	001479	04/09/18	23:47:03	0.4892597695390782	0.4892597695390782	73.05	-0.0	0.6849636773547094	0.7143192635270541	95.96	17.56	0.4892597695390782	0.4853456913827655	73.96	10.91	281.0	282.62	815.24	563.26	0	b'BAS'
PROTOTYPE	001480	04/09/18	23:47:12	0.4892597695390782	0.4892597695390782	73.05	-0.0	0.6849636773547094	0.7104051853707415	90.18	-0.08	0.4892597695390782	0.4863242109218437	73.71	9.28	292.0	284.03	790.79	538.77	0	b'BAS'
PROTOTYPE	001481	04/09/18	23:47:21	0.4892597695390782	0.4892597695390782	73.05	-0.0	0.6849636773547094	0.7064911072144288	90.18	-0.07	0.4892597695390782	0.4863242109218437	73.53	7.88	279.0	283.27	856.18	457.96	0	b'BAS'
PROTOTYPE	001482	04/09/18	23:47:30	0.4892597695390782	0.4892597695390782	73.05	-0.0	0.6849636773547094	0.7035555485971945	90.17	-0.06	0.4892597695390782	0.4863242109218437	73.4	6.7	286.0	283.68	758.19	359.26	0	b'BAS'
PROTOTYPE	001483	04/09/18	23:47:39	0.4892597695390782	0.4892597695390782	73.05	-0.0	0.6849636773547094	0.70061998997996	90.17	-0.05	0.4892597695390782	0.48730273046092193	73.3	5.7	277.0	282.68	679.99	80.37	0	b'BAS'
PROTOTYPE	001484	04/09/18	23:47:49	0.4892597695390782	0.4892597695390782	73.05	-0.0	0.7828156312625251	0.7123622244488979	90.18	-0.04	0.4892597695390782	0.48730273046092193	73.23	4.84	284.0	282.88	642.91	158.32	0	b'BAS'
PROTOTYPE	001485	04/09/18	23:47:58	0.4892597695390782	0.4892597695390782	73.05	-0.0	0.6849636773547094	0.7084481462925852	90.18	-0.03	0.4892597695390782	0.48730273046092193	73.18	4.12	289.0	283.8	699.56	284.57	0	b'BAS'
PROTOTYPE	001486	04/09/18	23:48:07	0.4892597695390782	0.4892597695390782	73.05	-0.0	0.6849636773547094	0.7055125876753507	85.41	-15.03	0.4892597695390782	0.48828125	73.14	3.5	286.0	284.13	537.9	121.88	0	b'BAS'
PROTOTYPE	001487	04/09/18	23:48:16	0.4892597695390782	0.4892597695390782	73.05	-0.0	0.6849636773547094	0.701598509519038	84.48	-12.77	0.4892597695390782	0.48828125	73.12	2.97	270.0	282.01	719.96	-61.4	0	b'BAS'
PROTOTYPE	001488	04/09/18	23:48:25	0.4892597695390782	0.4892597695390782	73.05	-0.0	0.7828156312625251	0.7143192635270541	89.67	4.14	0.4892597695390782	0.48828125	73.1	2.53	273.0	280.66	714.43	-337.19	0	b'BAS'
PROTOTYPE	001489	04/09/18	23:48:34	0.4892597695390782	0.4892597695390782	73.05	-0.0	0.6849636773547094	0.7094266658316633	89.92	3.52	0.4892597695390782	0.48828125	73.08	2.15	278.0	280.26	679.33	-301.61	0	b'BAS'
PROTOTYPE	001490	04/09/18	23:48:43	0.4892597695390782	0.4892597695390782	73.05	-0.0	0.7828156312625251	0.7211689003006012	94.67	17.99	0.4892597695390782	0.48828125	73.07	1.83	283.0	280.67	679.57	-301.37	0	b'BAS'
PROTOTYPE	001491	04/09/18	23:48:52	0.4892597695390782	0.4892597695390782	73.05	-0.0	0.7828156312625251	0.7299755761523046	98.31	30.29	0.4892597695390782	0.48828125	73.07	1.55	289.0	281.92	704.19	-76.16	0	b'BAS'
PROTOTYPE	001492	04/09/18	23:49:02	0.4892597695390782	0.4892597695390782	73.05	-0.0	0.6849636773547094	0.7231259393787575	94.18	10.75	0.4892597695390782	0.4892597695390782	73.06	1.32	290.0	283.13	803.95	25.26	0	b'BAS'
PROTOTYPE	001493	04/09/18	23:49:11	0.4892597695390782	0.4892597695390782	73.05	-0.0	0.7828156312625251	0.731932615230461	97.01	24.14	0.4892597695390782	0.4892597695390782	73.06	1.12	276.0	282.06	819.04	-173.53	0	b'BAS'
PROTOTYPE	001494	04/09/18	23:49:20	0.4892597695390782	0.4892597695390782	73.05	-0.0	0.6849636773547094	0.7250829784569138	98.84	20.52	0.4892597695390782	0.4892597695390782	73.06	0.95	276.0	281.15	876.14	-297.5	0	b'BAS'
PROTOTYPE	001495	04/09/18	23:49:29	0.4892597695390782	0.4892597695390782	73.05	-0.0	0.7828156312625251	0.7338896543086173	101.92	32.44	0.4892597695390782	0.4892597695390782	73.05	0.81	287.0	282.03	752.22	2.13	0	b'BAS'
PROTOTYPE	001496	04/09/18	23:49:38	0.4892597695390782	0.4892597695390782	73.05	-0.0	0.6849636773547094	0.726061497995992	98.34	12.57	0.4892597695390782	0.4892597695390782	73.05	0.69	293.0	283.68	781.59	301.81	0	b'BAS'
PROTOTYPE	001497	04/09/18	23:49:47	0.4892597695390782	0.4892597695390782	73.05	-0.0	0.7828156312625251	0.7348681738476953	100.74	25.69	0.4892597695390782	0.4892597695390782	73.05	0.59	282.0	283.42	767.44	316.54	0	b'BAS'
PROTOTYPE	001498	04/09/18	23:49:56	0.4892597695390782	0.4892597695390782	73.05	-0.0	0.7828156312625251	0.7417178106212425	98.01	21.83	0.4892597695390782	0.4892597695390782	73.05	0.5	283.0	283.36	736.44	269.06	0	b'BAS'
PROTOTYPE	001499	04/09/18	23:50:05	0.4892597695390782	0.4892597695390782	73.05	-0.0	0.6849636773547094	0.7338896543086173	97.47	3.56	0.4892597695390782	0.4892597695390782	73.05	0.42	280.0	282.86	662.38	93.7	0	b'BAS'
PROTOTYPE	001500	04/09/18	23:50:15	0.4892597695390782	0.4892597695390782	73.05	-0.0	0.7828156312625251	0.7407392910821643	97.87	18.03	0.4892597695390782	0.4892597695390782	73.05	0.36	283.0	282.88	550.21	-25.36	0	b'BAS'
PROTOTYPE	001501	04/09/18	23:50:24	0.4892597695390782	0.4892597695390782	73.05	-0.0	0.6849636773547094	0.7329111347695391	97.49	0.32	0.4892597695390782	0.4892597695390782	73.05	0.31	274.0	281.55	576.33	-51.55	0	b'BAS'
PROTOTYPE	001502	04/09/18	23:50:33	0.4892597695390782	0.4892597695390782	73.05	-0.0	0.6849636773547094	0.7250829784569138	97.52	0.27	0.4892597695390782	0.4892597695390782	73.05	0.26	284.0	281.91	522.87	76.18	0	b'BAS'
PROTOTYPE	001503	04/09/18	23:50:42	0.4892597695390782	0.4892597695390782	73.05	-0.0	0.7828156312625251	0.7338896543086173	97.49	0.23	0.4892597695390782	0.4892597695390782	73.05	0.22	286.0	282.53	496.64	49.75	0	b'BAS'
PROTOTYPE	001504	04/09/18	23:50:51	0.4892597695390782	0.4892597695390782	73.05	-0.0	0.6849636773547094	0.7270400175350701	97.52	0.2	0.4892597695390782	0.4892597695390782	73.05	0.19	286.0	283.05	384.72	-62.71	0	b'BAS'
PROTOTYPE	001505	04/09/18	23:51:00	0.4892597695390782	0.4892597695390782	73.05	-0.0	0.6849636773547094	0.7201903807615231	96.09	-14.83	0.4892597695390782	0.4892597695390782	73.05	0.16	281.0	282.74	390.04	-68.3	0	b'BAS'
PROTOTYPE	001506	04/09/18	23:51:09	0.4892597695390782	0.4892597695390782	73.05	-0.0	0.7828156312625251	0.7299755761523046	97.6	-12.61	0.4892597695390782	0.4892597695390782	73.05	0.14	296.0	284.73	578.01	136.94	0	b'BAS'
PROTOTYPE	001507	04/09/18	23:51:18	0.4892597695390782	0.4892597695390782	73.05	-0.0	0.6849636773547094	0.7231259393787575	96.37	-10.72	0.4892597695390782	0.4892597695390782	73.05	0.12	277.0	283.57	643.09	71.4	0	b'BAS'
PROTOTYPE	001508	04/09/18	23:51:28	0.4892597695390782	0.4892597695390782	73.05	-0.0	0.6849636773547094	0.7172548221442886	95.36	-24.11	0.4892597695390782	0.4892597695390782	73.05	0.1	276.0	282.43	747.63	-44.31	0	b'BAS'
PROTOTYPE	001509	04/09/18	23:51:37	0.4892597695390782	0.4892597695390782	73.05	-0.0	0.6849636773547094	0.7123622244488979	93.22	-20.49	0.4892597695390782	0.4892597695390782	73.05	0.08	279.0	281.92	666.47	37.34	0	b'BAS'
PROTOTYPE	001510	04/09/18	23:51:46	0.5871117234468938	0.5039375626252506	81.48	15.0	0.6849636773547094	0.7084481462925852	91.59	-17.42	0.4892597695390782	0.4892597695390782	73.05	0.07	285.0	282.38	675.65	46.74	0	b'BAS'
PROTOTYPE	001511	04/09/18	23:51:55	0.4892597695390782	0.5019805235470942	81.75	12.75	0.6849636773547094	0.7045340681362725	88.72	-29.81	0.4892597695390782	0.4892597695390782	73.05	0.06	288.0	283.22	698.45	69.73	0	b'BAS'
PROTOTYPE	001512	04/09/18	23:52:04	0.4892597695390782	0.5000234844689379	81.95	10.84	0.6849636773547094	0.701598509519038	86.52	-25.33	0.4892597695390782	0.4892597695390782	73.05	0.05	280.0	282.74	694.78	-30.73	0	b'BAS'
PROTOTYPE	001513	04/09/18	23:52:13	0.4892597695390782	0.4980664453907815	82.09	9.21	0.7828156312625251	0.7143192635270541	90.78	-6.53	0.4892597695390782	0.4892597695390782	73.05	0.04	281.0	282.48	690.4	-26.12	0	b'BAS'
PROTOTYPE	001514	04/09/18	23:52:22	0.4892597695390782	0.4970879258517034	82.2	7.83	0.6849636773547094	0.7094266658316633	87.71	-20.55	0.4892597695390782	0.4892597695390782	73.05	0.04	291.0	283.76	619.43	-97.2	0	b'BAS'
PROTOTYPE	001515	04/09/18	23:52:32	0.4892597695390782	0.49610940631262535	82.27	6.66	0.7828156312625251	0.7201903807615231	90.75	-2.47	0.4892597695390782	0.4892597695390782	73.05	0.03	286.0	284.09	537.98	52.38	0	b'BAS'
PROTOTYPE	001516	04/09/18	23:52:41	0.4892597695390782	0.49513088677354705	82.33	5.66	0.6849636773547094	0.7152977830661322	90.56	-2.1	0.4892597695390782	0.4892597695390782	73.05	0.03	284.0	284.08	433.3	164.52	0	b'BAS'
PROTOTYPE	001517	04/09/18	23:52:50	0.4892597695390782	0.4941523672344689	82.37	4.81	0.7828156312625251	0.7250829784569138	93.97	13.21	0.4892597695390782	0.4892597695390782	73.05	0.02	278.0	283.17	472.63	124.84	0	b'BAS'
PROTOTYPE	001518	04/09/18	23:52:59	0.4892597695390782	0.49317384769539074	73.96	-10.91	0.7828156312625251	0.7338896543086173	96.59	26.23	0.4892597695390782	0.4892597695390782	73.05	0.02	290.0	284.19	528.42	181.12	0	b'BAS'
PROTOTYPE	001519	04/09/18	23:53:08	0.4892597695390782	0.4921953281563127	73.71	-9.28	0.7828156312625251	0.7417178106212425	98.59	37.3	0.4892597695390782	0.4892597695390782	73.05	0.02	281.0	283.71	492.4	48.95	0	b'BAS'
PROTOTYPE	001520	04/09/18	23:53:17	0.4892597695390782	0.4921953281563127	73.53	-7.88	0.7828156312625251	0.7475889278557114	100.09	46.7	0.4892597695390782	0.4892597695390782	73.05	0.01	289.0	284.51	523.0	176.61	0	b'BAS'
PROTOTYPE	001521	04/09/18	23:53:26	0.4892597695390782	0.4921953281563127	73.4	-6.7	0.6849636773547094	0.7378037324649298	97.93	24.7	0.4892597695390782	0.4892597695390782	73.05	0.01	276.0	283.23	623.26	75.12	0	b'BAS'
PROTOTYPE	001522	04/09/18	23:53:35	0.4892597695390782	0.4912168086172345	73.3	-5.7	0.7828156312625251	0.744653369238477	99.18	35.99	0.4892597695390782	0.4892597695390782	73.05	0.01	280.0	282.75	544.45	-101.15	0	b'BAS'
PROTOTYPE	001523	04/09/18	23:53:45	0.4892597695390782	0.4912168086172345	73.23	-4.84	0.6849636773547094	0.7358466933867736	97.67	15.59	0.4892597695390782	0.4892597695390782	73.05	0.01	284.0	282.93	530.5	-115.98	0	b'BAS'
PROTOTYPE	001524	04/09/18	23:53:54	0.4892597695390782	0.4912168086172345	73.18	-4.12	0.7828156312625251	0.7426963301603206	98.65	28.25	0.4892597695390782	0.4892597695390782	73.05	0.01	286.0	283.39	568.15	-68.58	0	b'BAS'
PROTOTYPE	001525	04/09/18	23:54:03	0.4892597695390782	0.49023828907815625	73.14	-3.5	0.7828156312625251	0.7485674473947896	95.83	24.02	0.4892597695390782	0.4892597695390782	73.05	0.01	284.0	283.48	489.37	31.7	0	b'BAS'
PROTOTYPE	001526	04/09/18	23:54:12	0.4892597695390782	0.49023828907815625	73.12	-2.97	0.7828156312625251	0.7544385646292585	93.66	20.41	0.4892597695390782	0.4892597695390782	73.05	0.01	269.0	281.31	603.95	-288.05	0	b'BAS'
PROTOTYPE	001527	04/09/18	23:54:21	0.4892597695390782	0.49023828907815625	73.1	-2.53	0.7828156312625251	0.7583526427855711	92.0	17.35	0.4892597695390782	0.4892597695390782	73.05	0.0	289.0	282.47	670.88	-124.84	0	b'BAS'
PROTOTYPE	001528	04/09/18	23:54:30	0.4892597695390782	0.49023828907815625	73.08	-2.15	0.6849636773547094	0.7475889278557114	95.36	-0.25	0.4892597695390782	0.4892597695390782	73.05	0.0	297.0	284.65	809.27	13.88	0	b'BAS'
PROTOTYPE	001529	04/09/18	23:54:39	0.4892597695390782	0.49023828907815625	73.07	-1.83	0.6849636773547094	0.7378037324649298	95.33	-0.21	0.4892597695390782	0.4892597695390782	73.05	0.0	292.0	285.75	792.04	251.8	0	b'BAS'
PROTOTYPE	001530	04/09/18	23:54:48	0.4892597695390782	0.49023828907815625	73.07	-1.55	0.7828156312625251	0.744653369238477	95.35	-0.18	0.4892597695390782	0.4892597695390782	73.05	0.0	278.0	284.59	859.31	184.03	0	b'BAS'
PROTOTYPE	001531	04/09/18	23:54:58	0.4892597695390782	0.4892597695390782	73.06	-1.32	0.7828156312625251	0.7505244864729459	93.24	14.85	0.4892597695390782	0.4892597695390782	73.05	0.0	291.0	285.55	935.04	261.43	0	b'BAS'
PROTOTYPE	001532	04/09/18	23:55:07	0.4892597695390782	0.4892597695390782	73.06	-1.12	0.6849636773547094	0.7407392910821643	95.18	-2.38	0.4892597695390782	0.4892597695390782	73.05	0.0	284.0	285.32	913.11	192.21	0	b'BAS'
PROTOTYPE	001533	04/09/18	23:55:16	0.4892597695390782	0.4892597695390782	73.06	-0.95	0.7828156312625251	0.7466104083166333	95.38	-2.02	0.4892597695390782	0.4892597695390782	73.05	0.0	286.0	285.42	913.96	193.38	0	b'BAS'
PROTOTYPE	001534	04/09/18	23:55:25	0.4892597695390782	0.4892597695390782	73.05	-0.81	0.6849636773547094	0.7378037324649298	98.05	-16.72	0.4892597695390782	0.4892597695390782	73.05	0.0	271.0	283.26	912.97	194.37	0	b'BAS'
PROTOTYPE	001535	04/09/18	23:55:34	0.4892597695390782	0.4892597695390782	73.05	-0.69	0.6849636773547094	0.7299755761523046	100.1	-29.21	0.4892597695390782	0.4892597695390782	73.05	0.0	274.0	281.87	936.43	-59.78	0	b'BAS'
PROTOTYPE	001536	04/09/18	23:55:43	0.4892597695390782	0.4892597695390782	73.05	-0.59	0.7828156312625251	0.7378037324649298	97.84	-9.83	0.4892597695390782	0.4892597695390782	73.05	0.0	277.0	281.14	791.8	-350.82	0	b'BAS'
PROTOTYPE	001537	04/09/18	23:55:52	0.4892597695390782	0.4892597695390782	73.05	-0.5	0.7828156312625251	0.744653369238477	96.08	6.64	0.4892597695390782	0.4892597695390782	73.05	0.0	286.0	281.87	754.62	-388.19	0	b'BAS'
PROTOTYPE	001538	04/09/18	23:56:01	0.4892597695390782	0.4892597695390782	73.05	-0.42	0.7828156312625251	0.7505244864729459	95.51	5.65	0.4892597695390782	0.4892597695390782	73.05	0.0	280.0	281.59	667.48	-299.96	0	b'BAS'
PROTOTYPE	001539	04/09/18	23:56:11	0.4892597695390782	0.4892597695390782	73.05	-0.36	0.6849636773547094	0.7407392910821643	98.21	-10.2	0.4892597695390782	0.4892597695390782	73.05	0.0	295.0	283.6	772.25	-194.97	0	b'BAS'
PROTOTYPE	001540	04/09/18	23:56:20	0.4892597695390782	0.4892597695390782	73.05	-0.31	0.6849636773547094	0.731932615230461	97.12	-8.67	0.4892597695390782	0.4892597695390782	73.05	0.0	286.0	283.96	784.45	-135.72	0	b'BAS'
PROTOTYPE	001541	04/09/18	23:56:29	0.4892597695390782	0.4892597695390782	73.05	-0.26	0.7828156312625251	0.7397607715430862	97.92	-7.37	0.4892597695390782	0.4892597695390782	73.05	0.0	284.0	283.97	779.87	-145.37	0	b'BAS'
PROTOTYPE	001542	04/09/18	23:56:38	0.4892597695390782	0.4892597695390782	73.05	-0.22	0.7828156312625251	0.7466104083166333	96.02	8.74	0.4892597695390782	0.4892597695390782	73.05	0.0	290.0	284.87	654.38	161.44	0	b'BAS'
PROTOTYPE	001543	04/09/18	23:56:47	0.5871117234468938	0.5039375626252506	81.47	14.81	0.7828156312625251	0.751503006012024	94.55	22.43	0.4892597695390782	0.4892597695390782	73.05	0.0	283.0	284.59	544.74	272.22	0	b'BAS'
PROTOTYPE	001544	04/09/18	23:56:56	0.4892597695390782	0.5019805235470942	81.74	12.59	0.6849636773547094	0.7417178106212425	96.03	4.06	0.4892597695390782	0.4892597695390782	73.05	0.0	292.0	285.7	582.69	456.39	0	b'BAS'
PROTOTYPE	001545	04/09/18	23:57:05	0.4892597695390782	0.5000234844689379	81.94	10.7	0.7828156312625251	0.7475889278557114	95.67	3.45	0.4892597695390782	0.4892597695390782	73.05	0.0	283.0	285.3	550.72	342.93	0	b'BAS'
PROTOTYPE	001546	04/09/18	23:57:15	0.4892597695390782	0.4980664453907815	82.09	9.1	0.6849636773547094	0.738782252004008	98.09	-12.07	0.4892597695390782	0.4892597695390782	73.05	0.0	288.0	285.7	562.84	411.49	0	b'BAS'
PROTOTYPE	001547	04/09/18	23:57:29	0.4892597695390782	0.4970879258517034	87.17	7.73	0.6849636773547094	0.7299755761523046	100.89	-10.26	0.4892597695390782	0.4892597695390782	78.06	0.0	273.0	283.8	552.48	19.77	0	b'BAS'
PROTOTYPE	001548	04/09/18	23:57:38	0.4892597695390782	0.49610940631262535	87.24	6.57	0.6849636773547094	0.7231259393787575	99.89	-8.72	0.4892597695390782	0.4892597695390782	78.06	0.0	288.0	284.43	579.04	46.8	0	b'BAS'
PROTOTYPE	001549	04/09/18	23:57:47	0.4892597695390782	0.49513088677354705	87.3	5.59	0.6849636773547094	0.7182333416833667	98.78	-22.41	0.4892597695390782	0.4892597695390782	78.06	0.0	263.0	281.21	891.42	-275.22	0	b'BAS'
PROTOTYPE	001550	04/09/18	23:58:01	0.4892597695390782	0.4941523672344689	92.33	4.75	0.7828156312625251	0.7280185370741483	104.81	-19.05	0.4892597695390782	0.4892597695390782	83.07	0.0	281.0	281.18	814.93	-368.93	0	b'BAS'
PROTOTYPE	001551	04/09/18	23:58:15	0.4892597695390782	0.49317384769539074	88.94	-10.96	0.6849636773547094	0.7211689003006012	109.67	-31.19	0.4892597695390782	0.4892597695390782	88.08	0.0	285.0	281.75	844.43	-283.59	0	b'BAS'
PROTOTYPE	001552	04/09/18	23:58:29	0.4892597695390782	0.4921953281563127	93.69	-9.32	0.6849636773547094	0.7152977830661322	111.15	-26.51	0.4892597695390782	0.4892597695390782	93.09	0.0	285.0	282.24	783.61	-346.06	0	b'BAS'
PROTOTYPE	001553	04/09/18	23:58:43	0.4892597695390782	0.4921953281563127	98.51	-7.92	0.6849636773547094	0.7113837049098196	114.96	-37.54	0.4892597695390782	0.4892597695390782	98.1	0.0	289.0	283.25	844.44	-204.15	0	b'BAS'
PROTOTYPE	001554	04/09/18	23:58:58	0.4892597695390782	0.4921953281563127	103.38	-6.73	0.7828156312625251	0.7221474198396793	119.59	-16.91	0.4892597695390782	0.4892597695390782	103.11	0.0	295.0	285.02	979.62	-68.53	0	b'BAS'
PROTOTYPE	001555	04/09/18	23:59:12	0.4892597695390782	0.4912168086172345	103.32	-5.72	0.7828156312625251	0.7309540956913827	120.2	0.63	0.4892597695390782	0.4892597695390782	103.11	0.0	282.0	284.56	835.97	76.75	0	b'BAS'
PROTOTYPE	001556	04/09/18	23:59:26	0.4892597695390782	0.4912168086172345	108.26	-4.86	0.6849636773547094	0.7241044589178357	124.52	0.54	0.4892597695390782	0.4892597695390782	108.12	0.0	283.0	284.33	799.65	-9.76	0	b'BAS'
PROTOTYPE	001557	04/09/18	23:59:40	0.4892597695390782	0.4912168086172345	113.21	-4.13	0.6849636773547094	0.7182333416833667	129.0	0.46	0.4892597695390782	0.4892597695390782	113.13	0.0	277.0	283.23	588.97	201.7	0	b'BAS'
PROTOTYPE	001558	04/09/18	23:59:54	0.4892597695390782	0.49023828907815625	113.19	-3.51	0.7828156312625251	0.7280185370741483	128.96	0.39	0.4892597695390782	0.4892597695390782	113.13	0.0	283.0	283.2	589.02	201.45	0	b'BAS'
PROTOTYPE	001559	04/10/18	00:00:08	0.4892597695390782	0.49023828907815625	113.17	-2.99	0.7828156312625251	0.7358466933867736	129.84	15.33	0.4892597695390782	0.4892597695390782	113.13	0.0	285.0	283.47	560.56	171.23	0	b'BAS'
PROTOTYPE	001560	04/10/18	00:00:22	0.4892597695390782	0.49023828907815625	113.16	-2.54	0.6849636773547094	0.7280185370741483	130.82	13.03	0.4892597695390782	0.4892597695390782	113.13	0.0	276.0	282.35	622.74	10.55	0	b'BAS'
PROTOTYPE	001561	04/10/18	00:00:37	0.4892597695390782	0.49023828907815625	113.15	-2.16	0.6849636773547094	0.7221474198396793	131.55	11.08	0.4892597695390782	0.4892597695390782	113.13	0.0	284.0	282.59	548.92	-66.04	0	b'BAS'
PROTOTYPE	001562	04/10/18	00:00:51	0.4892597695390782	0.49023828907815625	113.14	-1.83	0.6849636773547094	0.7162763026052105	128.87	-5.59	0.4892597695390782	0.4892597695390782	113.13	0.0	293.0	284.16	528.9	-86.13	0	b'BAS'
PROTOTYPE	001563	04/10/18	00:01:05	0.4892597695390782	0.49023828907815625	113.14	-1.56	0.7828156312625251	0.726061497995992	129.35	-4.75	0.4892597695390782	0.4892597695390782	113.13	0.0	289.0	284.88	555.53	31.79	0	b'BAS'
PROTOTYPE	001564	04/10/18	00:01:19	0.4892597695390782	0.4892597695390782	113.14	-1.33	0.6849636773547094	0.7201903807615231	129.05	-4.04	0.4892597695390782	0.4892597695390782	113.13	0.0	285.0	284.9	542.39	57.02	0	b'BAS'
PROTOTYPE	001565	04/10/18	00:01:33	0.4892597695390782	0.4892597695390782	113.13	-1.13	0.7828156312625251	0.7299755761523046	130.78	11.57	0.4892597695390782	0.4892597695390782	113.13	0.0	276.0	283.56	565.78	33.47	0	b'BAS'
PROTOTYPE	001566	04/10/18	00:01:47	0.4892597695390782	0.4892597695390782	113.13	-0.96	0.7828156312625251	0.7378037324649298	129.85	9.83	0.4892597695390782	0.4892597695390782	113.13	0.0	286.0	283.93	590.4	73.45	0	b'BAS'
PROTOTYPE	001567	04/10/18	00:02:01	0.4892597695390782	0.4892597695390782	113.13	-0.81	0.7828156312625251	0.744653369238477	129.14	8.36	0.4892597695390782	0.4892597695390782	113.13	0.0	276.0	282.74	679.65	-72.57	0	b'BAS'
PROTOTYPE	001568	04/10/18	00:02:16	0.4892597695390782	0.4892597695390782	113.13	-0.69	0.7828156312625251	0.7505244864729459	128.29	22.11	0.4892597695390782	0.4892597695390782	113.13	0.0	290.0	283.83	676.57	148.32	0	b'BAS'
PROTOTYPE	001569	04/10/18	00:02:30	0.4892597695390782	0.4892597695390782	113.13	-0.59	0.7828156312625251	0.7554170841683366	127.66	33.79	0.4892597695390782	0.4892597695390782	113.13	0.0	278.0	282.95	736.6	36.07	0	b'BAS'
PROTOTYPE	001570	04/10/18	00:02:44	0.4892597695390782	0.4892597695390782	113.13	-0.5	0.6849636773547094	0.744653369238477	130.18	28.72	0.4892597695390782	0.4892597695390782	113.13	0.0	285.0	283.26	613.65	-89.34	0	b'BAS'
PROTOTYPE	001571	04/10/18	00:02:58	0.4892597695390782	0.4892597695390782	113.13	-0.42	0.7828156312625251	0.7505244864729459	128.07	24.41	0.4892597695390782	0.4892597695390782	113.13	0.0	286.0	283.67	583.05	-120.94	0	b'BAS'
PROTOTYPE	001572	04/10/18	00:03:12	0.4892597695390782	0.4892597695390782	113.13	-0.36	0.7828156312625251	0.7554170841683366	127.57	35.75	0.4892597695390782	0.4892597695390782	113.13	0.0	275.0	282.37	699.66	-252.8	0	b'BAS'
PROTOTYPE	001573	04/10/18	00:03:26	0.4892597695390782	0.4892597695390782	113.13	-0.31	0.6849636773547094	0.744653369238477	128.24	15.39	0.4892597695390782	0.4892597695390782	113.13	0.0	283.0	282.47	582.41	-109.88	0	b'BAS'
PROTOTYPE	001574	04/10/18	00:03:40	0.4892597695390782	0.4892597695390782	113.13	-0.26	0.6849636773547094	0.7358466933867736	128.75	-1.92	0.4892597695390782	0.4892597695390782	113.13	0.0	279.0	281.95	597.11	-198.4	0	b'BAS'
PROTOTYPE	001575	04/10/18	00:03:54	0.4892597695390782	0.4892597695390782	113.13	-0.22	0.7828156312625251	0.7426963301603206	128.88	-1.63	0.4892597695390782	0.4892597695390782	113.13	0.0	274.0	280.75	597.35	-198.64	0	b'BAS'
PROTOTYPE	001576	04/10/18	00:04:09	0.4892597695390782	0.4892597695390782	113.13	-0.19	0.6849636773547094	0.7338896543086173	130.24	-16.39	0.4892597695390782	0.4892597695390782	113.13	0.0	277.0	280.19	545.61	-363.84	0	b'BAS'
PROTOTYPE	001577	04/10/18	00:04:23	0.4892597695390782	0.4892597695390782	113.13	-0.16	0.7828156312625251	0.7417178106212425	131.23	-13.93	0.4892597695390782	0.4892597695390782	113.13	0.0	281.0	280.31	475.66	-264.27	0	b'BAS'
PROTOTYPE	001578	04/10/18	00:04:37	0.4892597695390782	0.4892597695390782	113.13	-0.14	0.7828156312625251	0.7475889278557114	128.98	3.16	0.4892597695390782	0.4892597695390782	113.13	0.0	281.0	280.42	459.39	-284.63	0	b'BAS'
PROTOTYPE	001579	04/10/18	00:04:51	0.4892597695390782	0.4892597695390782	113.13	-0.12	0.7828156312625251	0.7524815255511023	128.8	2.69	0.4892597695390782	0.4892597695390782	113.13	0.0	287.0	281.4	515.72	-226.93	0	b'BAS'
PROTOTYPE	001580	04/10/18	00:05:05	0.4892597695390782	0.4892597695390782	113.13	-0.1	0.7828156312625251	0.757374123246493	128.67	2.28	0.4892597695390782	0.4892597695390782	113.13	0.0	292.0	282.99	544.45	62.11	0	b'BAS'
PROTOTYPE	001581	04/10/18	00:05:19	0.4892597695390782	0.4892597695390782	113.13	-0.08	0.7828156312625251	0.7612882014028056	125.57	16.94	0.4892597695390782	0.4892597695390782	113.13	0.0	291.0	284.19	648.39	172.79	0	b'BAS'
PROTOTYPE	001582	04/10/18	00:05:33	0.4892597695390782	0.4892597695390782	113.13	-0.07	0.7828156312625251	0.76422376002004	123.26	29.4	0.4892597695390782	0.4892597695390782	113.13	0.0	289.0	284.91	667.98	296.87	0	b'BAS'
PROTOTYPE	001583	04/10/18	00:05:48	0.4892597695390782	0.4892597695390782	113.13	-0.06	0.7828156312625251	0.7671593186372746	121.8	24.99	0.4892597695390782	0.4892597695390782	113.13	0.0	281.0	284.33	608.36	357.34	0	b'BAS'
PROTOTYPE	001584	04/10/18	00:06:02	0.4892597695390782	0.4892597695390782	113.13	-0.05	0.7828156312625251	0.7691163577154309	119.45	36.24	0.4892597695390782	0.4892597695390782	113.13	0.0	270.0	282.18	765.68	198.74	0	b'BAS'
PROTOTYPE	001585	04/10/18	00:06:16	0.4892597695390782	0.4892597695390782	113.13	-0.04	0.7828156312625251	0.7710733967935871	117.75	30.81	0.4892597695390782	0.4892597695390782	113.13	0.0	290.0	283.35	865.22	303.93	0	b'BAS'
PROTOTYPE	001586	04/10/18	00:06:30	0.4892597695390782	0.4892597695390782	113.13	-0.04	0.6849636773547094	0.7583526427855711	121.64	11.18	0.4892597695390782	0.4892597695390782	113.13	0.0	276.0	282.25	958.89	183.34	0	b'BAS'
PROTOTYPE	001587	04/10/18	00:06:44	0.4892597695390782	0.4892597695390782	113.13	-0.03	0.7828156312625251	0.7622667209418837	121.12	9.51	0.4892597695390782	0.4892597695390782	113.13	0.0	282.0	282.21	873.74	80.84	0	b'BAS'
PROTOTYPE	001588	04/10/18	00:06:58	0.4892597695390782	0.4892597695390782	113.13	-0.03	0.7828156312625251	0.7652022795591183	120.75	8.08	0.4892597695390782	0.4892597695390782	113.13	0.0	294.0	283.98	891.55	98.71	0	b'BAS'
PROTOTYPE	001589	04/10/18	00:07:12	0.4892597695390782	0.4892597695390782	113.13	-0.02	0.6849636773547094	0.7534600450901804	124.83	-8.13	0.4892597695390782	0.4892597695390782	113.13	0.0	277.0	282.93	876.26	-126.09	0	b'BAS'
PROTOTYPE	001590	04/10/18	00:07:27	0.4892597695390782	0.4892597695390782	113.13	-0.02	0.6849636773547094	0.7426963301603206	127.89	-21.91	0.4892597695390782	0.4892597695390782	113.13	0.0	268.0	280.69	1027.23	-422.18	0	b'BAS'
PROTOTYPE	001591	04/10/18	00:07:41	0.4892597695390782	0.4892597695390782	113.13	-0.02	0.7828156312625251	0.7485674473947896	128.88	-18.62	0.4892597695390782	0.4892597695390782	113.13	0.0	283.0	281.04	1004.22	-328.85	0	b'BAS'
PROTOTYPE	001592	04/10/18	00:07:55	0.4892597695390782	0.4892597695390782	113.13	-0.01	0.6849636773547094	0.7397607715430862	131.75	-30.83	0.4892597695390782	0.4892597695390782	113.13	0.0	279.0	280.73	822.53	-144.52	0	b'BAS'
PROTOTYPE	001593	04/10/18	00:08:09	0.4892597695390782	0.4892597695390782	113.13	-0.01	0.6849636773547094	0.7309540956913827	133.88	-41.21	0.4892597695390782	0.4892597695390782	113.13	0.0	285.0	281.37	769.91	-197.85	0	b'BAS'
PROTOTYPE	001594	04/10/18	00:08:23	0.4892597695390782	0.4892597695390782	113.13	-0.01	0.7828156312625251	0.738782252004008	130.69	-20.03	0.4892597695390782	0.4892597695390782	113.13	0.0	269.0	279.52	844.86	-273.17	0	b'BAS'
PROTOTYPE	001595	04/10/18	00:08:37	0.4892597695390782	0.4892597695390782	113.13	-0.01	0.6849636773547094	0.7309540956913827	132.45	-32.02	0.4892597695390782	0.4892597695390782	113.13	0.0	280.0	279.59	846.13	-262.19	0	b'BAS'
PROTOTYPE	001596	04/10/18	00:08:51	0.4892597695390782	0.4892597695390782	113.13	-0.01	0.6849636773547094	0.7241044589178357	133.75	-42.22	0.4892597695390782	0.4892597695390782	113.13	0.0	273.0	278.6	768.59	-537.86	0	b'BAS'
PROTOTYPE	001597	04/10/18	00:09:05	0.4892597695390782	0.4892597695390782	113.13	-0.01	0.7828156312625251	0.7329111347695391	131.78	-20.89	0.4892597695390782	0.4892597695390782	113.13	0.0	276.0	278.21	704.44	-472.19	0	b'BAS'
PROTOTYPE	001598	04/10/18	00:09:20	0.4892597695390782	0.4892597695390782	113.13	-0.01	0.7828156312625251	0.7407392910821643	130.27	-2.75	0.4892597695390782	0.4892597695390782	113.13	0.0	285.0	279.23	582.81	-146.36	0	b'BAS'
PROTOTYPE	001599	04/10/18	00:09:34	0.4892597695390782	0.4892597695390782	113.13	-0.0	0.7828156312625251	0.7466104083166333	130.44	-2.34	0.4892597695390782	0.4892597695390782	113.13	0.0	291.0	280.99	722.55	-4.4	0	b'BAS'
PROTOTYPE	001600	04/10/18	00:09:48	0.4892597695390782	0.4892597695390782	113.13	-0.0	0.6849636773547094	0.7378037324649298	130.24	-1.99	0.4892597695390782	0.4892597695390782	113.13	0.0	281.0	281.0	703.0	26.26	0	b'BAS'
PROTOTYPE	001601	04/10/18	00:10:02	0.4892597695390782	0.4892597695390782	113.13	-0.0	0.7828156312625251	0.744653369238477	129.59	13.31	0.4892597695390782	0.4892597695390782	113.13	0.0	280.0	280.85	658.02	-52.68	0	b'BAS'
