Dev_id	Index	Date	Time	Sensor1	Sensor1_Filter	Sensor1_LL	Sensor1_Diff	Sensor2	Sensor2_Filter	Sensor2_LL	Sensor2_Diff	Sensor3	Sensor3_Filter	Sensor3_LL	Sensor3_Diff	Sensor4	Sensor4_Filter	Sensor4_LL	Sensor4_Diff	Heater_Status	FSM_Status
PROTOTYPE	011567	04/15/18	22:52:14	0.4892597695390782	0.4892597695390782	11.27	0.0	4.207634018036073	4.14500876753507	59.39	-17.36	0.4892597695390782	0.4892597695390782	11.27	0.0	288.0	291.25	496.38	13.13	0	1
PROTOTYPE	011568	04/15/18	22:52:15	0.4892597695390782	0.4892597695390782	11.26	0.0	4.1097820641282565	4.140116169839679	56.84	-14.76	0.4892597695390782	0.4892597695390782	11.26	0.0	299.0	292.41	610.31	131.16	0	1
PROTOTYPE	011569	04/15/18	22:52:16	0.4892597695390782	0.4892597695390782	11.23	0.0	4.1097820641282565	4.135223572144289	54.69	-12.54	0.4892597695390782	0.4892597695390782	11.23	0.0	293.0	292.5	575.72	96.49	0	1
PROTOTYPE	011570	04/15/18	22:52:18	0.4892597695390782	0.4892597695390782	11.22	0.0	4.1097820641282565	4.131309493987976	49.56	-25.66	0.4892597695390782	0.4892597695390782	11.22	0.0	296.0	293.03	486.26	7.01	0	1
PROTOTYPE	011571	04/15/18	22:52:19	0.4892597695390782	0.4892597695390782	11.21	0.0	4.207634018036073	4.143051728456914	53.98	-6.81	0.4892597695390782	0.4892597695390782	11.21	0.0	294.0	293.17	499.37	20.96	0	1
PROTOTYPE	011572	04/15/18	22:52:21	0.4892597695390782	0.4892597695390782	11.22	0.0	4.1097820641282565	4.138159130761523	52.99	-5.79	0.4892597695390782	0.4892597695390782	11.22	0.0	291.0	292.85	382.54	137.82	0	1
PROTOTYPE	011573	04/15/18	22:52:22	0.4892597695390782	0.4892597695390782	11.22	0.0	4.1097820641282565	4.13424505260521	52.16	-4.92	0.4892597695390782	0.4892597695390782	11.22	0.0	300.0	293.92	421.86	177.14	0	1
PROTOTYPE	011574	04/15/18	22:52:23	0.4892597695390782	0.4892597695390782	11.22	0.0	4.1097820641282565	4.130330974448898	51.46	-4.18	0.4892597695390782	0.4892597695390782	11.22	0.0	301.0	294.98	495.82	315.57	0	1
PROTOTYPE	011575	04/15/18	22:52:25	0.4892597695390782	0.4892597695390782	11.18	0.0	4.1097820641282565	4.127395415831663	43.54	-18.56	0.4892597695390782	0.4892597695390782	11.18	0.0	289.0	294.08	528.14	283.24	0	1
PROTOTYPE	011576	04/15/18	22:52:26	0.4892597695390782	0.4892597695390782	11.19	0.0	4.1097820641282565	4.124459857214429	40.93	-15.77	0.4892597695390782	0.4892597695390782	11.19	0.0	280.0	291.97	623.19	-44.25	0	1
PROTOTYPE	011577	04/15/18	22:52:28	0.4892597695390782	0.4892597695390782	11.2	0.0	4.1097820641282565	4.122502818136272	38.76	-13.41	0.4892597695390782	0.4892597695390782	11.2	0.0	277.0	289.73	838.88	-277.61	0	1
PROTOTYPE	011578	04/15/18	22:52:29	0.4892597695390782	0.4892597695390782	11.2	0.0	4.1097820641282565	4.120545779058117	36.96	-11.4	0.4892597695390782	0.4892597695390782	11.2	0.0	292.0	290.07	820.54	-295.97	0	1
PROTOTYPE	011579	04/15/18	22:52:30	0.4892597695390782	0.4892597695390782	11.22	0.0	4.1097820641282565	4.11858873997996	27.38	-24.69	0.4892597695390782	0.4892597695390782	11.22	0.0	301.0	291.71	969.87	-146.57	0	1
PROTOTYPE	011580	04/15/18	22:52:32	0.4892597695390782	0.4892597695390782	11.2	0.0	4.1097820641282565	4.1176102204408815	24.07	-20.98	0.4892597695390782	0.4892597695390782	11.2	0.0	296.0	292.35	1001.65	-49.59	0	1
PROTOTYPE	011581	04/15/18	22:52:33	0.4892597695390782	0.4892597695390782	11.21	0.0	4.1097820641282565	4.116631700901803	21.35	-17.84	0.4892597695390782	0.4892597695390782	11.21	0.0	286.0	291.4	989.63	-252.15	0	1
PROTOTYPE	011582	04/15/18	22:52:35	0.4892597695390782	0.4892597695390782	11.22	0.0	4.1097820641282565	4.115653181362726	19.15	-15.16	0.4892597695390782	0.4892597695390782	11.22	0.0	295.0	291.94	937.46	-304.33	0	1
PROTOTYPE	011583	04/15/18	22:52:36	0.4892597695390782	0.4892597695390782	11.24	0.0	4.1097820641282565	4.114674661823647	17.37	-12.89	0.4892597695390782	0.4892597695390782	11.24	0.0	286.0	291.05	936.81	-303.68	0	1
PROTOTYPE	011584	04/15/18	22:52:37	0.4892597695390782	0.4892597695390782	11.24	0.0	4.1097820641282565	4.113696142284569	15.95	-10.95	0.4892597695390782	0.4892597695390782	11.24	0.0	288.0	290.59	771.27	-138.13	0	1
PROTOTYPE	011585	04/15/18	22:52:39	0.4892597695390782	0.4892597695390782	11.24	0.0	4.1097820641282565	4.112717622745491	14.82	-9.31	0.4892597695390782	0.4892597695390782	11.24	0.0	291.0	290.65	552.99	92.59	0	1
PROTOTYPE	011586	04/15/18	22:52:40	0.4892597695390782	0.4892597695390782	11.26	0.0	4.1097820641282565	4.112717622745491	13.96	-7.91	0.4892597695390782	0.4892597695390782	11.26	0.0	292.0	290.85	539.12	78.7	0	1
PROTOTYPE	011587	04/15/18	22:52:42	0.4892597695390782	0.4892597695390782	11.23	0.0	4.1097820641282565	4.112717622745491	13.26	-6.73	0.4892597695390782	0.4892597695390782	11.23	0.0	295.0	291.48	437.32	-23.1	0	1
PROTOTYPE	011588	04/15/18	22:52:43	0.4892597695390782	0.4892597695390782	11.26	0.0	4.1097820641282565	4.111739103206413	12.76	-5.72	0.4892597695390782	0.4892597695390782	11.26	0.0	290.0	291.25	395.1	-109.64	0	1
PROTOTYPE	011589	04/15/18	22:52:45	0.4892597695390782	0.4892597695390782	11.28	0.0	4.1097820641282565	4.111739103206413	12.39	-4.86	0.4892597695390782	0.4892597695390782	11.28	0.0	294.0	291.67	341.03	26.81	0	1
PROTOTYPE	011590	04/15/18	22:52:46	0.4892597695390782	0.4892597695390782	11.27	0.0	4.1097820641282565	4.111739103206413	12.08	-4.13	0.4892597695390782	0.4892597695390782	11.27	0.0	287.0	290.97	357.0	-97.21	0	1
PROTOTYPE	011591	04/15/18	22:52:47	0.4892597695390782	0.4892597695390782	11.27	0.0	4.1097820641282565	4.110760583667334	11.87	-3.51	0.4892597695390782	0.4892597695390782	11.27	0.0	288.0	290.52	312.43	-52.63	0	1
PROTOTYPE	011592	04/15/18	22:52:49	0.4892597695390782	0.4892597695390782	11.26	0.0	4.1097820641282565	4.110760583667334	11.69	-2.98	0.4892597695390782	0.4892597695390782	11.26	0.0	288.0	290.14	304.54	-44.74	0	1
PROTOTYPE	011593	04/15/18	22:52:50	0.4892597695390782	0.4892597695390782	11.27	0.0	4.1097820641282565	4.110760583667334	11.59	-2.54	0.4892597695390782	0.4892597695390782	11.27	0.0	297.0	291.17	401.1	51.97	0	1
PROTOTYPE	011594	04/15/18	22:52:52	0.4892597695390782	0.4892597695390782	11.27	0.0	4.1097820641282565	4.110760583667334	11.5	-2.16	0.4892597695390782	0.4892597695390782	11.27	0.0	290.0	291.0	398.47	14.18	0	1
PROTOTYPE	011595	04/15/18	22:52:53	0.4892597695390782	0.4892597695390782	11.31	0.0	4.1097820641282565	4.110760583667334	11.47	-1.83	0.4892597695390782	0.4892597695390782	11.31	0.0	291.0	291.0	337.7	-47.95	0	1
PROTOTYPE	011596	04/15/18	22:52:54	0.4892597695390782	0.4892597695390782	11.29	0.0	4.1097820641282565	4.110760583667334	11.41	-1.56	0.4892597695390782	0.4892597695390782	11.29	0.0	290.0	290.85	330.53	-40.76	0	1
PROTOTYPE	011597	04/15/18	22:52:56	0.4892597695390782	0.4892597695390782	11.27	0.0	4.1097820641282565	4.1097820641282565	11.36	-1.32	0.4892597695390782	0.4892597695390782	11.27	0.0	286.0	290.12	362.04	-154.64	0	1
PROTOTYPE	011598	04/15/18	22:52:57	0.4892597695390782	0.4892597695390782	11.26	0.0	4.1097820641282565	4.1097820641282565	11.32	-1.13	0.4892597695390782	0.4892597695390782	11.26	0.0	293.0	290.55	335.25	-41.45	0	1
PROTOTYPE	011599	04/15/18	22:52:59	0.4892597695390782	0.4892597695390782	11.26	0.0	4.1097820641282565	4.1097820641282565	11.3	-0.96	0.4892597695390782	0.4892597695390782	11.26	0.0	298.0	291.67	402.46	114.77	0	1
PROTOTYPE	011600	04/15/18	22:53:00	0.4892597695390782	0.4892597695390782	11.26	0.0	4.1097820641282565	4.1097820641282565	11.29	-0.81	0.4892597695390782	0.4892597695390782	11.26	0.0	278.0	289.62	569.65	-52.45	0	1
PROTOTYPE	011601	04/15/18	22:53:01	0.4892597695390782	0.4892597695390782	11.25	0.0	4.1097820641282565	4.1097820641282565	11.27	-0.69	0.4892597695390782	0.4892597695390782	11.25	0.0	290.0	289.68	472.68	-149.58	0	1
PROTOTYPE	011602	04/15/18	22:53:03	0.4892597695390782	0.4892597695390782	11.24	0.0	4.1097820641282565	4.1097820641282565	11.26	-0.59	0.4892597695390782	0.4892597695390782	11.24	0.0	278.0	287.92	630.19	-307.14	0	1
PROTOTYPE	011603	04/15/18	22:53:04	0.4892597695390782	0.4892597695390782	11.21	0.0	4.1097820641282565	4.1097820641282565	11.22	-0.5	0.4892597695390782	0.4892597695390782	11.21	0.0	292.0	288.54	689.91	-246.07	0	1
PROTOTYPE	011604	04/15/18	22:53:06	0.4892597695390782	0.4892597695390782	11.23	0.0	4.1097820641282565	4.1097820641282565	11.24	-0.42	0.4892597695390782	0.4892597695390782	11.23	0.0	293.0	289.21	741.87	-164.16	0	1
PROTOTYPE	011605	04/15/18	22:53:07	0.4892597695390782	0.4892597695390782	11.23	0.0	4.1097820641282565	4.1097820641282565	11.23	-0.36	0.4892597695390782	0.4892597695390782	11.23	0.0	297.0	290.37	786.07	25.46	0	1
PROTOTYPE	011606	04/15/18	22:53:08	0.4892597695390782	0.4892597695390782	11.25	0.0	4.1097820641282565	4.1097820641282565	11.25	-0.31	0.4892597695390782	0.4892597695390782	11.25	0.0	295.0	291.07	812.25	51.64	0	1
PROTOTYPE	011607	04/15/18	22:53:10	0.4892597695390782	0.4892597695390782	11.26	0.0	4.1097820641282565	4.1097820641282565	11.26	-0.26	0.4892597695390782	0.4892597695390782	11.26	0.0	299.0	292.26	819.5	58.9	0	1
PROTOTYPE	011608	04/15/18	22:53:11	0.4892597695390782	0.4892597695390782	11.28	0.0	4.1097820641282565	4.1097820641282565	11.28	-0.22	0.4892597695390782	0.4892597695390782	11.28	0.0	284.0	291.02	738.34	140.06	0	1
PROTOTYPE	011609	04/15/18	22:53:13	0.4892597695390782	0.4892597695390782	11.31	0.0	4.1097820641282565	4.1097820641282565	11.31	-0.19	0.4892597695390782	0.4892597695390782	11.31	0.0	284.0	289.97	837.75	29.05	0	1
PROTOTYPE	011610	04/15/18	22:53:14	0.4892597695390782	0.4892597695390782	11.33	0.0	4.1097820641282565	4.1097820641282565	11.33	-0.16	0.4892597695390782	0.4892597695390782	11.33	0.0	300.0	291.47	813.11	354.7	0	1
PROTOTYPE	011611	04/15/18	22:53:16	0.4892597695390782	0.4892597695390782	11.34	0.0	4.1097820641282565	4.1097820641282565	11.34	-0.14	0.4892597695390782	0.4892597695390782	11.34	0.0	295.0	292.0	804.91	346.49	0	1
PROTOTYPE	011612	04/15/18	22:53:17	0.4892597695390782	0.4892597695390782	11.32	0.0	4.1097820641282565	4.1097820641282565	11.32	-0.12	0.4892597695390782	0.4892597695390782	11.32	0.0	299.0	293.05	842.93	384.52	0	1
PROTOTYPE	011613	04/15/18	22:53:18	0.4892597695390782	0.4892597695390782	11.31	0.0	4.1097820641282565	4.1097820641282565	11.31	-0.1	0.4892597695390782	0.4892597695390782	11.31	0.0	297.0	293.64	785.26	326.84	0	1
PROTOTYPE	011614	04/15/18	22:53:20	0.4892597695390782	0.4892597695390782	11.31	0.0	4.1097820641282565	4.1097820641282565	11.31	-0.08	0.4892597695390782	0.4892597695390782	11.31	0.0	298.0	294.3	781.24	322.81	0	1
PROTOTYPE	011615	04/15/18	22:53:21	0.4892597695390782	0.4892597695390782	11.31	0.0	4.1097820641282565	4.1097820641282565	11.31	-0.07	0.4892597695390782	0.4892597695390782	11.31	0.0	303.0	295.6	792.82	334.39	0	1
PROTOTYPE	011616	04/15/18	22:53:23	0.4892597695390782	0.4892597695390782	11.3	0.0	4.1097820641282565	4.1097820641282565	11.3	-0.06	0.4892597695390782	0.4892597695390782	11.3	0.0	282.0	293.56	872.97	254.23	0	1
PROTOTYPE	011617	04/15/18	22:53:24	0.4892597695390782	0.4892597695390782	11.29	0.0	4.1097820641282565	4.1097820641282565	11.29	-0.05	0.4892597695390782	0.4892597695390782	11.29	0.0	289.0	292.88	836.11	291.1	0	1
PROTOTYPE	011618	04/15/18	22:53:25	0.4892597695390782	0.4892597695390782	11.27	0.0	4.1097820641282565	4.1097820641282565	11.27	-0.04	0.4892597695390782	0.4892597695390782	11.27	0.0	303.0	294.4	837.45	292.43	0	1
PROTOTYPE	011619	04/15/18	22:53:27	0.4892597695390782	0.4892597695390782	11.27	0.0	4.1097820641282565	4.1097820641282565	11.27	-0.04	0.4892597695390782	0.4892597695390782	11.27	0.0	300.0	295.24	868.57	323.57	0	1
PROTOTYPE	011620	04/15/18	22:53:28	0.4892597695390782	0.4892597695390782	11.27	0.0	4.1097820641282565	4.1097820641282565	11.27	-0.03	0.4892597695390782	0.4892597695390782	11.27	0.0	298.0	295.65	805.05	260.03	0	1
PROTOTYPE	011621	04/15/18	22:53:30	0.4892597695390782	0.4892597695390782	11.28	0.0	4.1097820641282565	4.1097820641282565	11.28	-0.03	0.4892597695390782	0.4892597695390782	11.28	0.0	282.0	293.6	950.57	-3.97	0	1
PROTOTYPE	011622	04/15/18	22:53:31	0.4892597695390782	0.4892597695390782	11.27	0.0	4.207634018036073	4.124459857214429	24.93	14.98	0.4892597695390782	0.4892597695390782	11.27	0.0	295.0	293.81	906.2	-48.38	0	1
PROTOTYPE	011623	04/15/18	22:53:32	0.4892597695390782	0.4892597695390782	11.26	0.0	4.1097820641282565	4.122502818136272	26.17	12.73	0.4892597695390782	0.4892597695390782	11.26	0.0	291.0	293.39	817.85	-221.12	0	1
PROTOTYPE	011624	04/15/18	22:53:34	0.4892597695390782	0.4892597695390782	11.25	0.0	4.1097820641282565	4.120545779058117	27.13	10.82	0.4892597695390782	0.4892597695390782	11.25	0.0	296.0	293.78	652.98	22.05	0	1
PROTOTYPE	011625	04/15/18	22:53:35	0.4892597695390782	0.4892597695390782	11.24	0.0	4.1097820641282565	4.11858873997996	27.86	9.2	0.4892597695390782	0.4892597695390782	11.24	0.0	303.0	295.16	722.81	228.74	0	1
PROTOTYPE	011626	04/15/18	22:53:37	0.4892597695390782	0.4892597695390782	11.24	0.0	4.1097820641282565	4.1176102204408815	28.43	7.82	0.4892597695390782	0.4892597695390782	11.24	0.0	285.0	293.64	723.45	-75.57	0	1
PROTOTYPE	011627	04/15/18	22:53:38	0.4892597695390782	0.4892597695390782	11.24	0.0	4.1097820641282565	4.116631700901803	28.85	6.65	0.4892597695390782	0.4892597695390782	11.24	0.0	301.0	294.74	749.78	-49.23	0	1
PROTOTYPE	011628	04/15/18	22:53:39	0.4892597695390782	0.4892597695390782	11.24	0.0	4.1097820641282565	4.115653181362726	29.17	5.65	0.4892597695390782	0.4892597695390782	11.24	0.0	288.0	293.73	809.48	-191.85	0	1
PROTOTYPE	011629	04/15/18	22:53:41	0.4892597695390782	0.4892597695390782	11.26	0.0	4.1097820641282565	4.114674661823647	29.43	4.8	0.4892597695390782	0.4892597695390782	11.26	0.0	287.0	292.72	705.7	-88.07	0	1
PROTOTYPE	011630	04/15/18	22:53:42	0.4892597695390782	0.4892597695390782	11.27	0.0	4.1097820641282565	4.113696142284569	15.95	-10.92	0.4892597695390782	0.4892597695390782	11.27	0.0	295.0	293.06	718.9	-74.86	0	1
PROTOTYPE	011631	04/15/18	22:53:44	0.4892597695390782	0.4892597695390782	11.26	0.0	4.1097820641282565	4.112717622745491	14.82	-9.28	0.4892597695390782	0.4892597695390782	11.26	0.0	291.0	292.75	707.68	-63.63	0	1
PROTOTYPE	011632	04/15/18	22:53:45	0.4892597695390782	0.4892597695390782	11.28	0.0	4.1097820641282565	4.112717622745491	13.96	-7.89	0.4892597695390782	0.4892597695390782	11.28	0.0	297.0	293.39	732.21	-39.09	0	1
PROTOTYPE	011633	04/15/18	22:53:47	0.4892597695390782	0.4892597695390782	11.28	0.0	4.1097820641282565	4.112717622745491	13.29	-6.71	0.4892597695390782	0.4892597695390782	11.28	0.0	288.0	292.58	674.82	-258.22	0	1
PROTOTYPE	011634	04/15/18	22:53:48	0.4892597695390782	0.4892597695390782	11.29	0.0	4.1097820641282565	4.111739103206413	12.78	-5.7	0.4892597695390782	0.4892597695390782	11.29	0.0	298.0	293.4	603.61	-24.49	0	1
PROTOTYPE	011635	04/15/18	22:53:49	0.4892597695390782	0.4892597695390782	11.29	0.0	4.1097820641282565	4.111739103206413	12.39	-4.84	0.4892597695390782	0.4892597695390782	11.29	0.0	298.0	294.09	562.29	-65.82	0	1
PROTOTYPE	011636	04/15/18	22:53:51	0.4892597695390782	0.4892597695390782	11.29	0.0	4.1097820641282565	4.111739103206413	12.1	-4.12	0.4892597695390782	0.4892597695390782	11.29	0.0	299.0	294.82	534.84	109.06	0	1
PROTOTYPE	011637	04/15/18	22:53:52	0.4892597695390782	0.4892597695390782	11.34	0.0	4.1097820641282565	4.110760583667334	11.93	-3.5	0.4892597695390782	0.4892597695390782	11.34	0.0	289.0	293.95	521.2	122.7	0	1
PROTOTYPE	011638	04/15/18	22:53:54	0.4892597695390782	0.4892597695390782	11.32	0.0	4.1097820641282565	4.110760583667334	11.75	-2.98	0.4892597695390782	0.4892597695390782	11.32	0.0	295.0	294.11	502.83	104.29	0	1
PROTOTYPE	011639	04/15/18	22:53:55	0.4892597695390782	0.4892597695390782	11.32	0.0	4.1097820641282565	4.110760583667334	11.63	-2.53	0.4892597695390782	0.4892597695390782	11.32	0.0	295.0	294.24	485.3	148.65	0	1
PROTOTYPE	011640	04/15/18	22:53:56	0.4892597695390782	0.4892597695390782	11.3	0.0	4.1097820641282565	4.110760583667334	11.53	-2.15	0.4892597695390782	0.4892597695390782	11.3	0.0	285.0	292.85	560.23	-53.65	0	1
PROTOTYPE	011641	04/15/18	22:53:58	0.4892597695390782	0.4892597695390782	11.3	0.0	4.1097820641282565	4.110760583667334	11.46	-1.83	0.4892597695390782	0.4892597695390782	11.3	0.0	296.0	293.33	526.54	74.4	0	1
PROTOTYPE	011642	04/15/18	22:53:59	0.4892597695390782	0.4892597695390782	11.28	0.0	4.1097820641282565	4.110760583667334	11.4	-1.55	0.4892597695390782	0.4892597695390782	11.28	0.0	288.0	292.53	525.18	-86.76	0	1
PROTOTYPE	011643	04/15/18	22:54:01	0.4892597695390782	0.4892597695390782	11.27	0.0	4.1097820641282565	4.1097820641282565	11.35	-1.32	0.4892597695390782	0.4892597695390782	11.27	0.0	288.0	291.85	524.03	-223.75	0	1
PROTOTYPE	011644	04/15/18	22:54:02	0.4892597695390782	0.4892597695390782	11.29	0.0	4.1097820641282565	4.1097820641282565	11.35	-1.12	0.4892597695390782	0.4892597695390782	11.29	0.0	294.0	292.17	482.61	-265.18	0	1
PROTOTYPE	011645	04/15/18	22:54:03	0.4892597695390782	0.4892597695390782	11.21	0.0	4.1097820641282565	4.1097820641282565	11.25	-0.95	0.4892597695390782	0.4892597695390782	11.21	0.0	269.0	288.7	742.82	-525.41	0	1
PROTOTYPE	011646	04/15/18	22:54:05	0.4892597695390782	0.4892597695390782	11.21	0.0	4.1097820641282565	4.1097820641282565	11.24	-0.81	0.4892597695390782	0.4892597695390782	11.21	0.0	291.0	289.04	761.6	-506.6	0	1
PROTOTYPE	011647	04/15/18	22:54:06	0.4892597695390782	0.4892597695390782	11.23	0.0	4.1097820641282565	4.1097820641282565	11.25	-0.69	0.4892597695390782	0.4892597695390782	11.23	0.0	302.0	290.99	942.52	-325.61	0	1
PROTOTYPE	011648	04/15/18	22:54:08	0.4892597695390782	0.4892597695390782	11.22	0.0	4.1097820641282565	4.1097820641282565	11.24	-0.59	0.4892597695390782	0.4892597695390782	11.22	0.0	290.0	290.84	818.74	-201.77	0	1
PROTOTYPE	011649	04/15/18	22:54:09	0.4892597695390782	0.4892597695390782	11.2	0.0	4.1097820641282565	4.1097820641282565	11.21	-0.5	0.4892597695390782	0.4892597695390782	11.2	0.0	297.0	291.76	863.99	-156.5	0	1
PROTOTYPE	011650	04/15/18	22:54:10	0.4892597695390782	0.4892597695390782	11.2	0.0	4.1097820641282565	4.1097820641282565	11.21	-0.42	0.4892597695390782	0.4892597695390782	11.2	0.0	295.0	292.25	832.67	-28.03	0	1
PROTOTYPE	011651	04/15/18	22:54:12	0.4892597695390782	0.4892597695390782	11.21	0.0	4.1097820641282565	4.1097820641282565	11.21	-0.36	0.4892597695390782	0.4892597695390782	11.21	0.0	294.0	292.51	791.07	66.18	0	1
PROTOTYPE	011652	04/15/18	22:54:13	0.4892597695390782	0.4892597695390782	11.19	0.0	4.1097820641282565	4.1097820641282565	11.19	-0.31	0.4892597695390782	0.4892597695390782	11.19	0.0	284.0	291.23	886.43	-93.75	0	1
PROTOTYPE	011653	04/15/18	22:54:15	0.4892597695390782	0.4892597695390782	11.27	0.0	4.1097820641282565	4.1097820641282565	11.27	-0.26	0.4892597695390782	0.4892597695390782	11.27	0.0	294.0	291.65	580.38	295.31	0	1
PROTOTYPE	011654	04/15/18	22:54:16	0.4892597695390782	0.4892597695390782	11.28	0.0	4.1097820641282565	4.1097820641282565	11.28	-0.22	0.4892597695390782	0.4892597695390782	11.28	0.0	294.0	292.0	581.08	296.02	0	1
PROTOTYPE	011655	04/15/18	22:54:18	0.4892597695390782	0.4892597695390782	11.26	0.0	4.1097820641282565	4.1097820641282565	11.26	-0.19	0.4892597695390782	0.4892597695390782	11.26	0.0	297.0	292.75	461.68	176.61	0	1
PROTOTYPE	011656	04/15/18	22:54:19	0.4892597695390782	0.4892597695390782	11.28	0.0	4.1097820641282565	4.1097820641282565	11.28	-0.16	0.4892597695390782	0.4892597695390782	11.28	0.0	288.0	292.04	518.12	120.12	0	1
PROTOTYPE	011657	04/15/18	22:54:20	0.4892597695390782	0.4892597695390782	11.29	0.0	4.1097820641282565	4.1097820641282565	11.29	-0.14	0.4892597695390782	0.4892597695390782	11.29	0.0	301.0	293.38	560.1	162.1	0	1
PROTOTYPE	011658	04/15/18	22:54:22	0.4892597695390782	0.4892597695390782	11.29	0.0	4.1097820641282565	4.1097820641282565	11.29	-0.12	0.4892597695390782	0.4892597695390782	11.29	0.0	293.0	293.33	517.42	107.79	0	1
PROTOTYPE	011659	04/15/18	22:54:23	0.4892597695390782	0.4892597695390782	11.28	0.0	4.1097820641282565	4.1097820641282565	11.28	-0.1	0.4892597695390782	0.4892597695390782	11.28	0.0	300.0	294.33	591.22	181.62	0	1
PROTOTYPE	011660	04/15/18	22:54:25	0.4892597695390782	0.4892597695390782	11.28	0.0	4.1097820641282565	4.1097820641282565	11.28	-0.08	0.4892597695390782	0.4892597695390782	11.28	0.0	292.0	293.98	498.48	274.38	0	1
PROTOTYPE	011661	04/15/18	22:54:26	0.4892597695390782	0.4892597695390782	11.21	0.0	4.1097820641282565	4.1097820641282565	11.21	-0.07	0.4892597695390782	0.4892597695390782	11.21	0.0	298.0	294.58	517.32	293.22	0	1
PROTOTYPE	011662	04/15/18	22:54:27	0.4892597695390782	0.4892597695390782	11.22	0.0	4.1097820641282565	4.1097820641282565	11.22	-0.06	0.4892597695390782	0.4892597695390782	11.22	0.0	289.0	293.74	565.75	174.24	0	1
PROTOTYPE	011663	04/15/18	22:54:29	0.4892597695390782	0.4892597695390782	11.22	0.0	4.1097820641282565	4.1097820641282565	11.22	-0.05	0.4892597695390782	0.4892597695390782	11.22	0.0	303.0	295.13	629.6	238.1	0	1
PROTOTYPE	011664	04/15/18	22:54:30	0.4892597695390782	0.4892597695390782	11.2	0.0	4.01193011022044	4.095104271042084	24.87	-15.04	0.4892597695390782	0.4892597695390782	11.2	0.0	289.0	294.21	650.32	217.39	0	1
PROTOTYPE	011665	04/15/18	22:54:32	0.4892597695390782	0.4892597695390782	11.19	0.0	4.1097820641282565	4.097061310120241	26.12	-12.79	0.4892597695390782	0.4892597695390782	11.19	0.0	297.0	294.63	557.72	124.78	0	1
PROTOTYPE	011666	04/15/18	22:54:33	0.4892597695390782	0.4892597695390782	11.19	0.0	4.1097820641282565	4.0990183491983965	27.09	-10.87	0.4892597695390782	0.4892597695390782	11.19	0.0	289.0	293.79	636.29	46.06	0	1
PROTOTYPE	011667	04/15/18	22:54:34	0.4892597695390782	0.4892597695390782	11.22	0.0	4.01193011022044	4.086297595190381	39.14	-24.24	0.4892597695390782	0.4892597695390782	11.22	0.0	287.0	292.77	637.95	-155.85	0	1
PROTOTYPE	011668	04/15/18	22:54:36	0.4892597695390782	0.4892597695390782	11.22	0.0	4.01193011022044	4.074555360721443	49.19	-35.6	0.4892597695390782	0.4892597695390782	11.22	0.0	281.0	291.0	779.56	-297.47	0	1
PROTOTYPE	011669	04/15/18	22:54:37	0.4892597695390782	0.4892597695390782	11.22	0.0	4.01193011022044	4.065748684869739	57.56	-45.26	0.4892597695390782	0.4892597695390782	11.22	0.0	287.0	290.4	779.26	-417.85	0	1
PROTOTYPE	011670	04/15/18	22:54:39	0.4892597695390782	0.4892597695390782	11.22	0.0	4.1097820641282565	4.072598321643286	63.08	-38.47	0.4892597695390782	0.4892597695390782	11.22	0.0	294.0	290.94	749.52	-280.17	0	1
PROTOTYPE	011671	04/15/18	22:54:40	0.4892597695390782	0.4892597695390782	11.23	0.0	4.01193011022044	4.062813126252505	71.02	-47.7	0.4892597695390782	0.4892597695390782	11.23	0.0	303.0	292.75	791.54	-238.15	0	1
PROTOTYPE	011672	04/15/18	22:54:41	0.4892597695390782	0.4892597695390782	11.25	0.0	4.1097820641282565	4.069662763026053	63.24	-25.55	0.4892597695390782	0.4892597695390782	11.25	0.0	296.0	293.24	748.31	-97.42	0	1
PROTOTYPE	011673	04/15/18	22:54:43	0.4892597695390782	0.4892597695390782	11.26	0.0	4.1097820641282565	4.076512399799599	66.84	-21.71	0.4892597695390782	0.4892597695390782	11.26	0.0	297.0	293.8	762.92	-82.81	0	1
PROTOTYPE	011674	04/15/18	22:54:44	0.4892597695390782	0.4892597695390782	11.27	0.0	4.01193011022044	4.066727204408818	74.4	-33.46	0.4892597695390782	0.4892597695390782	11.27	0.0	300.0	294.73	771.42	94.61	0	1
PROTOTYPE	011675	04/15/18	22:54:46	0.4892597695390782	0.4892597695390782	11.27	0.0	4.01193011022044	4.057920528557115	69.43	-28.44	0.4892597695390782	0.4892597695390782	11.27	0.0	298.0	295.22	718.66	245.42	0	1
PROTOTYPE	011676	04/15/18	22:54:47	0.4892597695390782	0.4892597695390782	11.27	0.0	4.1097820641282565	4.065748684869739	65.99	-9.17	0.4892597695390782	0.4892597695390782	11.27	0.0	294.0	295.04	560.52	403.61	0	1
PROTOTYPE	011677	04/15/18	22:54:48	0.4892597695390782	0.4892597695390782	11.26	0.0	4.1097820641282565	4.072598321643286	63.08	7.2	0.4892597695390782	0.4892597695390782	11.26	0.0	292.0	294.58	546.07	418.07	0	1
PROTOTYPE	011678	04/15/18	22:54:50	0.4892597695390782	0.4892597695390782	11.26	0.0	4.1097820641282565	4.078469438877756	62.03	6.12	0.4892597695390782	0.4892597695390782	11.26	0.0	293.0	294.35	515.87	340.36	0	1
PROTOTYPE	011679	04/15/18	22:54:51	0.4892597695390782	0.4892597695390782	11.25	0.0	4.1097820641282565	4.083362036573146	57.74	20.2	0.4892597695390782	0.4892597695390782	11.25	0.0	295.0	294.44	344.91	169.3	0	1
PROTOTYPE	011680	04/15/18	22:54:53	0.4892597695390782	0.4892597695390782	11.26	0.0	4.1097820641282565	4.08727611472946	54.81	17.17	0.4892597695390782	0.4892597695390782	11.26	0.0	290.0	293.78	362.83	53.91	0	1
PROTOTYPE	011681	04/15/18	22:54:54	0.4892597695390782	0.4892597695390782	11.27	0.0	4.01193011022044	4.075533880260521	60.15	-0.4	0.4892597695390782	0.4892597695390782	11.27	0.0	295.0	293.96	324.78	15.82	0	1
PROTOTYPE	011682	04/15/18	22:54:55	0.4892597695390782	0.4892597695390782	11.27	0.0	4.1097820641282565	4.080426477955912	55.63	14.66	0.4892597695390782	0.4892597695390782	11.27	0.0	287.0	292.92	336.22	-181.55	0	1
PROTOTYPE	011683	04/15/18	22:54:57	0.4892597695390782	0.4892597695390782	11.25	0.0	4.1097820641282565	4.085319075651303	51.82	27.46	0.4892597695390782	0.4892597695390782	11.25	0.0	295.0	293.23	318.47	-199.32	0	1
PROTOTYPE	011684	04/15/18	22:54:58	0.4892597695390782	0.4892597695390782	11.26	0.0	4.1097820641282565	4.089233153807615	47.83	23.34	0.4892597695390782	0.4892597695390782	11.26	0.0	294.0	293.34	311.73	-169.42	0	1
PROTOTYPE	011685	04/15/18	22:55:00	0.4892597695390782	0.4892597695390782	11.28	0.0	4.01193011022044	4.077490919338677	52.85	4.84	0.4892597695390782	0.4892597695390782	11.28	0.0	297.0	293.89	320.97	-69.01	0	1
PROTOTYPE	011686	04/15/18	22:55:01	0.4892597695390782	0.4892597695390782	11.27	0.0	4.1097820641282565	4.082383517034068	52.14	4.11	0.4892597695390782	0.4892597695390782	11.27	0.0	286.0	292.71	415.59	-163.66	0	1
PROTOTYPE	011687	04/15/18	22:55:03	0.4892597695390782	0.4892597695390782	11.29	0.0	4.1097820641282565	4.086297595190381	51.56	3.5	0.4892597695390782	0.4892597695390782	11.29	0.0	296.0	293.2	455.06	-124.11	0	1
PROTOTYPE	011688	04/15/18	22:55:04	0.4892597695390782	0.4892597695390782	11.28	0.0	4.1097820641282565	4.090211673346693	51.06	2.97	0.4892597695390782	0.4892597695390782	11.28	0.0	297.0	293.77	445.36	-0.49	0	1
PROTOTYPE	011689	04/15/18	22:55:05	0.4892597695390782	0.4892597695390782	11.27	0.0	4.01193011022044	4.078469438877756	51.51	2.53	0.4892597695390782	0.4892597695390782	11.27	0.0	292.0	293.51	453.59	-45.42	0	1
PROTOTYPE	011690	04/15/18	22:55:07	0.4892597695390782	0.4892597695390782	11.28	0.0	4.1097820641282565	4.083362036573146	51.14	2.15	0.4892597695390782	0.4892597695390782	11.28	0.0	290.0	292.98	401.78	6.39	0	1
PROTOTYPE	011691	04/15/18	22:55:08	0.4892597695390782	0.4892597695390782	11.27	0.0	4.1097820641282565	4.08727611472946	50.83	1.83	0.4892597695390782	0.4892597695390782	11.27	0.0	295.0	293.28	400.82	5.44	0	1
PROTOTYPE	011692	04/15/18	22:55:10	0.4892597695390782	0.4892597695390782	11.26	0.0	4.1097820641282565	4.090211673346693	50.58	1.55	0.4892597695390782	0.4892597695390782	11.26	0.0	297.0	293.84	444.94	49.62	0	1
PROTOTYPE	011693	04/15/18	22:55:11	0.4892597695390782	0.4892597695390782	11.24	0.0	4.1097820641282565	4.093147231963928	41.99	16.32	0.4892597695390782	0.4892597695390782	11.24	0.0	299.0	294.61	467.49	72.18	0	1
PROTOTYPE	011694	04/15/18	22:55:12	0.4892597695390782	0.4892597695390782	11.23	0.0	4.1097820641282565	4.096082790581162	39.7	13.87	0.4892597695390782	0.4892597695390782	11.23	0.0	295.0	294.67	355.03	196.35	0	1
PROTOTYPE	011695	04/15/18	22:55:14	0.4892597695390782	0.4892597695390782	11.22	0.0	4.1097820641282565	4.098039829659319	37.81	11.79	0.4892597695390782	0.4892597695390782	11.22	0.0	291.0	294.12	360.75	91.9	0	1
PROTOTYPE	011696	04/15/18	22:55:15	0.4892597695390782	0.4892597695390782	11.21	0.0	4.1097820641282565	4.099996868737475	36.25	10.02	0.4892597695390782	0.4892597695390782	11.21	0.0	289.0	293.35	380.62	-41.89	0	1
PROTOTYPE	011697	04/15/18	22:55:17	0.4892597695390782	0.4892597695390782	11.22	0.0	4.1097820641282565	4.100975388276552	26.33	23.52	0.4892597695390782	0.4892597695390782	11.22	0.0	282.0	291.65	524.3	-185.6	0	1
PROTOTYPE	011698	04/15/18	22:55:18	0.4892597695390782	0.4892597695390782	11.22	0.0	4.01193011022044	4.088254634268537	35.03	4.99	0.4892597695390782	0.4892597695390782	11.22	0.0	298.0	292.6	566.94	-37.76	0	1
PROTOTYPE	011699	04/15/18	22:55:19	0.4892597695390782	0.4892597695390782	11.21	0.0	4.1097820641282565	4.091190192885772	34.32	4.24	0.4892597695390782	0.4892597695390782	11.21	0.0	282.0	291.01	695.66	-227.1	0	1
PROTOTYPE	011700	04/15/18	22:55:21	0.4892597695390782	0.4892597695390782	11.22	0.0	4.1097820641282565	4.0941257515030065	33.75	3.61	0.4892597695390782	0.4892597695390782	11.22	0.0	298.0	292.06	744.72	-178.03	0	1
PROTOTYPE	011701	04/15/18	22:55:22	0.4892597695390782	0.4892597695390782	11.24	0.0	4.1097820641282565	4.096082790581162	33.28	3.06	0.4892597695390782	0.4892597695390782	11.24	0.0	299.0	293.1	771.42	-151.33	0	1
PROTOTYPE	011702	04/15/18	22:55:24	0.4892597695390782	0.4892597695390782	11.26	0.0	4.1097820641282565	4.098039829659319	32.89	2.61	0.4892597695390782	0.4892597695390782	11.26	0.0	293.0	293.09	767.55	-158.63	0	1
PROTOTYPE	011703	04/15/18	22:55:25	0.4892597695390782	0.4892597695390782	11.26	0.0	4.1097820641282565	4.099996868737475	32.58	2.21	0.4892597695390782	0.4892597695390782	11.26	0.0	295.0	293.37	741.19	-74.84	0	1
PROTOTYPE	011704	04/15/18	22:55:26	0.4892597695390782	0.4892597695390782	11.26	0.0	4.1097820641282565	4.101953907815631	32.32	1.88	0.4892597695390782	0.4892597695390782	11.26	0.0	299.0	294.22	748.76	86.39	0	1
PROTOTYPE	011705	04/15/18	22:55:28	0.4892597695390782	0.4892597695390782	11.26	0.0	4.1097820641282565	4.10293242735471	32.12	1.6	0.4892597695390782	0.4892597695390782	11.26	0.0	284.0	292.68	731.72	103.43	0	1
PROTOTYPE	011706	04/15/18	22:55:29	0.4892597695390782	0.4892597695390782	11.25	0.0	4.1097820641282565	4.103910946893787	20.14	16.36	0.4892597695390782	0.4892597695390782	11.25	0.0	295.0	293.03	671.23	42.92	0	1
PROTOTYPE	011707	04/15/18	22:55:31	0.4892597695390782	0.4892597695390782	11.28	0.0	4.1097820641282565	4.104889466432866	18.19	13.91	0.4892597695390782	0.4892597695390782	11.28	0.0	292.0	292.88	527.72	186.48	0	1
PROTOTYPE	011708	04/15/18	22:55:32	0.4892597695390782	0.4892597695390782	11.28	0.0	4.1097820641282565	4.105867985971944	16.6	11.82	0.4892597695390782	0.4892597695390782	11.28	0.0	303.0	294.4	574.75	233.51	0	1
PROTOTYPE	011709	04/15/18	22:55:33	0.4892597695390782	0.4892597695390782	11.27	0.0	4.1097820641282565	4.105867985971944	15.34	10.05	0.4892597695390782	0.4892597695390782	11.27	0.0	300.0	295.24	554.72	213.48	0	1
PROTOTYPE	011710	04/15/18	22:55:35	0.4892597695390782	0.4892597695390782	11.28	0.0	4.1097820641282565	4.1068465055110215	14.36	8.54	0.4892597695390782	0.4892597695390782	11.28	0.0	285.0	293.7	706.2	61.46	0	1
PROTOTYPE	011711	04/15/18	22:55:36	0.4892597695390782	0.4892597695390782	11.27	0.0	4.1097820641282565	4.1068465055110215	13.59	7.26	0.4892597695390782	0.4892597695390782	11.27	0.0	294.0	293.75	682.16	37.24	0	1
PROTOTYPE	011712	04/15/18	22:55:38	0.4892597695390782	0.4892597695390782	11.28	0.0	4.1097820641282565	4.1078250250501	13.0	6.17	0.4892597695390782	0.4892597695390782	11.28	0.0	279.0	291.53	818.94	-268.35	0	1
PROTOTYPE	011713	04/15/18	22:55:39	0.4892597695390782	0.4892597695390782	11.26	0.0	4.1097820641282565	4.1078250250501	12.54	5.24	0.4892597695390782	0.4892597695390782	11.26	0.0	291.0	291.45	673.8	-123.09	0	1
PROTOTYPE	011714	04/15/18	22:55:41	0.4892597695390782	0.4892597695390782	11.26	0.0	4.1097820641282565	4.1078250250501	12.2	4.46	0.4892597695390782	0.4892597695390782	11.26	0.0	281.0	289.89	795.85	-314.63	0	1
PROTOTYPE	011715	04/15/18	22:55:42	0.4892597695390782	0.4892597695390782	11.23	0.0	4.1097820641282565	4.108803544589179	11.92	3.79	0.4892597695390782	0.4892597695390782	11.23	0.0	297.0	290.95	887.03	-192.44	0	1
PROTOTYPE	011716	04/15/18	22:55:43	0.4892597695390782	0.4892597695390782	11.23	0.0	4.1097820641282565	4.108803544589179	11.73	3.22	0.4892597695390782	0.4892597695390782	11.23	0.0	288.0	290.51	779.5	-388.57	0	1
PROTOTYPE	011717	04/15/18	22:55:45	0.4892597695390782	0.4892597695390782	11.25	0.0	4.1097820641282565	4.108803544589179	11.62	2.74	0.4892597695390782	0.4892597695390782	11.25	0.0	287.0	289.98	748.09	-525.28	0	1
PROTOTYPE	011718	04/15/18	22:55:46	0.4892597695390782	0.4892597695390782	11.21	0.0	4.1097820641282565	4.108803544589179	11.48	2.33	0.4892597695390782	0.4892597695390782	11.21	0.0	288.0	289.69	624.32	-401.49	0	1
PROTOTYPE	011719	04/15/18	22:55:48	0.4892597695390782	0.4892597695390782	11.2	0.0	4.01193011022044	4.0941257515030065	24.93	-13.02	0.4892597695390782	0.4892597695390782	11.2	0.0	293.0	290.18	669.35	-356.27	0	1
PROTOTYPE	011720	04/15/18	22:55:49	0.4892597695390782	0.4892597695390782	11.19	0.0	4.1097820641282565	4.097061310120241	26.21	-11.07	0.4892597695390782	0.4892597695390782	11.19	0.0	291.0	290.31	460.5	-122.83	0	1
PROTOTYPE	011721	04/15/18	22:55:50	0.4892597695390782	0.4892597695390782	11.2	0.0	4.01193011022044	4.084340556112225	37.84	-24.41	0.4892597695390782	0.4892597695390782	11.2	0.0	289.0	290.11	472.0	-134.4	0	1
PROTOTYPE	011722	04/15/18	22:55:52	0.4892597695390782	0.4892597695390782	11.2	0.0	4.01193011022044	4.073576841182365	47.54	-35.75	0.4892597695390782	0.4892597695390782	11.2	0.0	301.0	291.74	478.55	185.76	0	1
PROTOTYPE	011723	04/15/18	22:55:53	0.4892597695390782	0.4892597695390782	11.22	0.0	4.01193011022044	4.063791645791584	55.62	-45.39	0.4892597695390782	0.4892597695390782	11.22	0.0	299.0	292.83	480.69	187.89	0	1
PROTOTYPE	011724	04/15/18	22:55:55	0.4892597695390782	0.4892597695390782	11.23	0.0	4.01193011022044	4.055963489478958	62.3	-53.58	0.4892597695390782	0.4892597695390782	11.23	0.0	286.0	291.81	538.86	129.71	0	1
PROTOTYPE	011725	04/15/18	22:55:56	0.4892597695390782	0.4892597695390782	11.22	0.0	4.01193011022044	4.049113852705411	67.8	-60.54	0.4892597695390782	0.4892597695390782	11.22	0.0	298.0	292.74	579.09	275.25	0	1
PROTOTYPE	011726	04/15/18	22:55:57	0.4892597695390782	0.4892597695390782	11.25	0.0	4.01193011022044	4.04422125501002	72.34	-66.46	0.4892597695390782	0.4892597695390782	11.25	0.0	270.0	289.33	890.35	-36.04	0	1
PROTOTYPE	011727	04/15/18	22:55:59	0.4892597695390782	0.4892597695390782	11.28	0.0	4.01193011022044	4.039328657314629	62.51	-56.49	0.4892597695390782	0.4892597695390782	11.28	0.0	296.0	290.33	940.75	14.37	0	1
PROTOTYPE	011728	04/15/18	22:56:00	0.4892597695390782	0.4892597695390782	11.3	0.0	4.01193011022044	4.035414579158317	64.16	-63.02	0.4892597695390782	0.4892597695390782	11.3	0.0	300.0	291.78	1073.52	147.21	0	1
PROTOTYPE	011729	04/15/18	22:56:02	0.4892597695390782	0.4892597695390782	11.31	0.0	4.01193011022044	4.031500501002005	54.91	-53.56	0.4892597695390782	0.4892597695390782	11.31	0.0	296.0	292.41	1117.24	230.13	0	1
PROTOTYPE	011730	04/15/18	22:56:03	0.4892597695390782	0.4892597695390782	11.31	0.0	4.01193011022044	4.02856494238477	47.09	-45.53	0.4892597695390782	0.4892597695390782	11.31	0.0	291.0	292.2	975.09	45.61	0	1
PROTOTYPE	011731	04/15/18	22:56:04	0.4892597695390782	0.4892597695390782	11.3	0.0	4.01193011022044	4.025629383767535	40.52	-38.7	0.39140781563126253	0.4745819764529058	24.96	-15.0	284.0	290.97	989.23	-186.23	0	1
PROTOTYPE	011732	04/15/18	22:56:06	0.4892597695390782	0.4892597695390782	11.29	0.0	4.1097820641282565	4.038350137775551	45.32	-17.9	0.4892597695390782	0.4765390155310621	26.2	-12.75	303.0	292.77	1067.2	96.71	0	1
PROTOTYPE	011733	04/15/18	22:56:07	0.4892597695390782	0.4892597695390782	11.28	0.0	4.01193011022044	4.034436059619238	42.72	-15.21	0.4892597695390782	0.47849605460921835	27.16	-10.84	289.0	292.21	1030.93	-52.8	0	1
PROTOTYPE	011734	04/15/18	22:56:09	0.4892597695390782	0.4892597695390782	11.26	0.0	4.1097820641282565	4.046178294088176	48.38	2.07	0.4892597695390782	0.48045309368737477	27.89	-9.21	286.0	291.28	783.01	195.12	0	1
PROTOTYPE	011735	04/15/18	22:56:10	0.4892597695390782	0.4892597695390782	11.25	0.0	4.1097820641282565	4.055963489478958	53.17	16.76	0.4892597695390782	0.48143161322645295	28.44	-7.83	294.0	291.69	723.76	135.85	0	1
PROTOTYPE	011736	04/15/18	22:56:11	0.4892597695390782	0.4892597695390782	11.23	0.0	4.1097820641282565	4.063791645791584	57.21	29.25	0.4892597695390782	0.482410132765531	28.85	-6.66	295.0	292.18	628.4	40.47	0	1
PROTOTYPE	011737	04/15/18	22:56:13	0.4892597695390782	0.4892597695390782	11.26	0.0	4.1097820641282565	4.070641282565131	60.62	39.86	0.4892597695390782	0.48338865230460926	29.19	-5.66	297.0	292.91	637.32	49.4	0	1
PROTOTYPE	011738	04/15/18	22:56:14	0.5871117234468938	0.5039375626252506	24.92	15.0	4.1097820641282565	4.076512399799599	63.47	48.88	0.4892597695390782	0.48436717184368744	29.44	-4.81	292.0	292.77	629.76	56.99	0	1
PROTOTYPE	011739	04/15/18	22:56:16	0.4892597695390782	0.5019805235470942	26.17	12.75	4.1097820641282565	4.081404997494991	65.86	56.55	0.4892597695390782	0.4853456913827655	15.95	10.91	290.0	292.35	548.33	138.44	0	1
PROTOTYPE	011740	04/15/18	22:56:17	0.4892597695390782	0.5000234844689379	27.15	10.84	4.1097820641282565	4.085319075651303	57.52	48.07	0.4892597695390782	0.4863242109218437	14.84	9.28	292.0	292.3	373.36	-47.32	0	1
PROTOTYPE	011741	04/15/18	22:56:19	0.4892597695390782	0.4980664453907815	27.9	9.21	4.1097820641282565	4.089233153807615	57.14	55.86	0.4892597695390782	0.4863242109218437	13.98	7.88	291.0	292.11	336.29	-10.22	0	1
PROTOTYPE	011742	04/15/18	22:56:20	0.4892597695390782	0.4970879258517034	28.47	7.83	4.207634018036073	4.1068465055110215	63.74	62.48	0.4892597695390782	0.4863242109218437	13.31	6.7	292.0	292.09	245.28	81.31	0	1
PROTOTYPE	011743	04/15/18	22:56:21	0.4892597695390782	0.49610940631262535	28.89	6.66	4.1097820641282565	4.1078250250501	55.31	53.11	0.4892597695390782	0.48730273046092193	12.78	5.7	286.0	291.18	295.77	-50.89	0	1
PROTOTYPE	011744	04/15/18	22:56:23	0.4892597695390782	0.49513088677354705	29.22	5.66	4.1097820641282565	4.1078250250501	48.33	45.14	0.4892597695390782	0.48730273046092193	12.4	4.84	295.0	291.75	303.4	-43.25	0	1
PROTOTYPE	011745	04/15/18	22:56:24	0.4892597695390782	0.4941523672344689	29.42	4.81	4.1097820641282565	4.1078250250501	42.55	38.37	0.4892597695390782	0.48730273046092193	12.09	4.12	293.0	291.94	249.92	-96.77	0	1
PROTOTYPE	011746	04/15/18	22:56:26	0.4892597695390782	0.49317384769539074	15.97	-10.91	4.1097820641282565	4.108803544589179	37.84	32.61	0.4892597695390782	0.48828125	11.89	3.5	303.0	293.6	402.22	82.75	0	1
PROTOTYPE	011747	04/15/18	22:56:27	0.4892597695390782	0.4921953281563127	14.87	-9.28	4.1097820641282565	4.108803544589179	33.99	27.72	0.4892597695390782	0.48828125	11.76	2.97	300.0	294.56	456.71	220.34	0	1
PROTOTYPE	011748	04/15/18	22:56:28	0.4892597695390782	0.4921953281563127	13.99	-7.88	4.1097820641282565	4.108803544589179	30.83	23.56	0.4892597695390782	0.48828125	11.62	2.53	293.0	294.32	474.62	202.29	0	1
PROTOTYPE	011749	04/15/18	22:56:30	0.4892597695390782	0.4921953281563127	13.3	-6.7	4.1097820641282565	4.108803544589179	28.29	20.03	0.4892597695390782	0.48828125	11.53	2.15	286.0	293.08	579.92	96.94	0	1
PROTOTYPE	011750	04/15/18	22:56:31	0.4892597695390782	0.4912168086172345	12.8	-5.7	4.1097820641282565	4.108803544589179	11.51	2.02	0.4892597695390782	0.48828125	11.47	1.83	293.0	293.06	579.61	97.4	0	1
PROTOTYPE	011751	04/15/18	22:56:33	0.4892597695390782	0.4912168086172345	12.4	-4.84	4.1097820641282565	4.108803544589179	11.45	1.72	0.4892597695390782	0.48828125	11.43	1.55	284.0	291.7	624.22	52.79	0	1
PROTOTYPE	011752	04/15/18	22:56:34	0.4892597695390782	0.4912168086172345	12.09	-4.12	4.1097820641282565	4.108803544589179	11.39	1.46	0.4892597695390782	0.4892597695390782	11.37	1.32	303.0	293.4	736.28	164.87	0	1
PROTOTYPE	011753	04/15/18	22:56:35	0.4892597695390782	0.49023828907815625	11.87	-3.5	4.1097820641282565	4.1097820641282565	11.35	1.24	0.4892597695390782	0.4892597695390782	11.34	1.12	303.0	294.84	861.51	290.14	0	1
PROTOTYPE	011754	04/15/18	22:56:37	0.4892597695390782	0.49023828907815625	11.68	-2.97	4.1097820641282565	4.1097820641282565	11.3	1.06	0.4892597695390782	0.4892597695390782	11.29	0.95	303.0	296.06	817.99	246.62	0	1
PROTOTYPE	011755	04/15/18	22:56:38	0.4892597695390782	0.49023828907815625	11.54	-2.53	4.1097820641282565	4.1097820641282565	11.27	0.9	0.4892597695390782	0.4892597695390782	11.26	0.81	288.0	294.85	842.88	29.63	0	1
PROTOTYPE	011756	04/15/18	22:56:40	0.4892597695390782	0.49023828907815625	11.46	-2.15	4.1097820641282565	4.1097820641282565	11.26	0.76	0.4892597695390782	0.4892597695390782	11.25	0.69	294.0	294.73	832.36	40.18	0	1
PROTOTYPE	011757	04/15/18	22:56:41	0.4892597695390782	0.49023828907815625	11.39	-1.83	4.1097820641282565	4.1097820641282565	11.25	0.65	0.4892597695390782	0.4892597695390782	11.25	0.59	285.0	293.27	853.39	19.16	0	1
PROTOTYPE	011758	04/15/18	22:56:43	0.4892597695390782	0.49023828907815625	11.35	-1.55	4.1097820641282565	4.1097820641282565	11.24	0.55	0.4892597695390782	0.4892597695390782	11.24	0.5	289.0	292.63	915.6	-43.72	0	1
PROTOTYPE	011759	04/15/18	22:56:44	0.4892597695390782	0.4892597695390782	11.32	-1.32	4.1097820641282565	4.1097820641282565	11.24	0.47	0.4892597695390782	0.4892597695390782	11.24	0.42	275.0	289.98	1044.04	-172.16	0	1
PROTOTYPE	011760	04/15/18	22:56:45	0.4892597695390782	0.4892597695390782	11.29	-1.12	4.1097820641282565	4.1097820641282565	11.24	0.4	0.4892597695390782	0.4892597695390782	11.23	0.36	283.0	288.94	979.35	-446.34	0	1
PROTOTYPE	011761	04/15/18	22:56:47	0.4892597695390782	0.4892597695390782	11.27	-0.95	4.1097820641282565	4.1097820641282565	11.23	0.34	0.4892597695390782	0.4892597695390782	11.23	0.31	293.0	289.54	896.31	-529.39	0	1
PROTOTYPE	011762	04/15/18	22:56:48	0.4892597695390782	0.4892597695390782	11.24	-0.81	4.1097820641282565	4.1097820641282565	11.21	0.29	0.4892597695390782	0.4892597695390782	11.21	0.26	288.0	289.31	797.1	-674.98	0	1
PROTOTYPE	011763	04/15/18	22:56:50	0.4892597695390782	0.4892597695390782	11.23	-0.69	4.1097820641282565	4.1097820641282565	11.21	0.24	0.4892597695390782	0.4892597695390782	11.21	0.22	293.0	289.87	731.46	-498.73	0	1
PROTOTYPE	011764	04/15/18	22:56:51	0.4892597695390782	0.4892597695390782	11.23	-0.59	4.1097820641282565	4.1097820641282565	11.21	0.21	0.4892597695390782	0.4892597695390782	11.21	0.19	282.0	288.69	836.58	-603.92	0	1
PROTOTYPE	011765	04/15/18	22:56:52	0.4892597695390782	0.4892597695390782	11.24	-0.5	4.1097820641282565	4.1097820641282565	11.23	0.18	0.4892597695390782	0.4892597695390782	11.23	0.16	295.0	289.63	785.41	-363.33	0	1
PROTOTYPE	011766	04/15/18	22:56:54	0.4892597695390782	0.4892597695390782	11.24	-0.42	4.207634018036073	4.124459857214429	24.89	15.15	0.4892597695390782	0.4892597695390782	11.23	0.14	296.0	290.59	816.9	-203.83	0	1
