Dev_id	Index	Date	Time	Sensor1	Sensor1_Filter	Sensor1_LL	Sensor1_Diff	Sensor2	Sensor2_Filter	Sensor2_LL	Sensor2_Diff	Sensor3	Sensor3_Filter	Sensor3_LL	Sensor3_Diff	Sensor4	Sensor4_Filter	Sensor4_LL	Sensor4_Diff	Heater_Status	FSM_Status
PROTOTYPE	000767	04/15/18	18:38:29	0.4892597695390782	0.4892597695390782	11.18	0.0	4.1097820641282565	4.1097820641282565	11.18	-0.0	0.4892597695390782	0.4892597695390782	11.18	0.0	300.0	291.19	765.45	55.18	0	1
PROTOTYPE	000768	04/15/18	18:38:30	0.4892597695390782	0.4892597695390782	11.18	0.0	4.1097820641282565	4.1097820641282565	11.18	-0.0	0.4892597695390782	0.4892597695390782	11.18	0.0	292.0	291.31	648.14	196.9	0	1
PROTOTYPE	000769	04/15/18	18:38:32	0.4892597695390782	0.4892597695390782	11.17	0.0	4.1097820641282565	4.1097820641282565	11.17	-0.0	0.4892597695390782	0.4892597695390782	11.17	0.0	290.0	291.11	602.71	242.37	0	1
PROTOTYPE	000770	04/15/18	18:38:33	0.4892597695390782	0.4892597695390782	11.18	0.0	4.1097820641282565	4.1097820641282565	11.18	-0.0	0.4892597695390782	0.4892597695390782	11.18	0.0	294.0	291.55	461.37	101.01	0	1
PROTOTYPE	000771	04/15/18	18:38:34	0.4892597695390782	0.4892597695390782	11.2	0.0	4.1097820641282565	4.1097820641282565	11.2	-0.0	0.4892597695390782	0.4892597695390782	11.2	0.0	286.0	290.71	506.51	55.86	0	1
PROTOTYPE	000772	04/15/18	18:38:36	0.4892597695390782	0.4892597695390782	11.2	0.0	4.1097820641282565	4.1097820641282565	11.2	-0.0	0.4892597695390782	0.4892597695390782	11.2	0.0	295.0	291.36	448.45	242.48	0	1
PROTOTYPE	000773	04/15/18	18:38:37	0.4892597695390782	0.4892597695390782	11.2	0.0	4.1097820641282565	4.1097820641282565	11.2	-0.0	0.4892597695390782	0.4892597695390782	11.2	0.0	293.0	291.6	427.1	221.11	0	1
PROTOTYPE	000774	04/15/18	18:38:39	0.4892597695390782	0.4892597695390782	11.21	0.0	4.1097820641282565	4.1097820641282565	11.21	-0.0	0.4892597695390782	0.4892597695390782	11.21	0.0	288.0	291.06	457.03	142.94	0	1
PROTOTYPE	000775	04/15/18	18:38:40	0.4892597695390782	0.4892597695390782	11.23	0.0	4.1097820641282565	4.1097820641282565	11.23	-0.0	0.4892597695390782	0.4892597695390782	11.23	0.0	287.0	290.45	362.5	-73.5	0	1
PROTOTYPE	000776	04/15/18	18:38:42	0.4892597695390782	0.4892597695390782	11.24	0.0	4.1097820641282565	4.1097820641282565	11.24	-0.0	0.4892597695390782	0.4892597695390782	11.24	0.0	297.0	291.44	448.45	12.53	0	1
PROTOTYPE	000777	04/15/18	18:38:43	0.4892597695390782	0.4892597695390782	11.26	0.0	4.1097820641282565	4.1097820641282565	11.26	-0.0	0.4892597695390782	0.4892597695390782	11.26	0.0	285.0	290.47	525.29	-64.35	0	1
PROTOTYPE	000778	04/15/18	18:38:44	0.4892597695390782	0.4892597695390782	11.25	0.0	4.1097820641282565	4.1097820641282565	11.25	-0.0	0.4892597695390782	0.4892597695390782	11.25	0.0	268.0	287.1	819.04	-444.7	0	1
PROTOTYPE	000779	04/15/18	18:38:46	0.4892597695390782	0.4892597695390782	11.24	0.0	4.1097820641282565	4.1097820641282565	11.24	-0.0	0.4892597695390782	0.4892597695390782	11.24	0.0	290.0	287.53	779.35	-317.99	0	1
PROTOTYPE	000780	04/15/18	18:38:47	0.4892597695390782	0.4892597695390782	11.23	0.0	4.1097820641282565	4.1097820641282565	11.23	-0.0	0.4892597695390782	0.4892597695390782	11.23	0.0	290.0	287.9	752.06	-345.3	0	1
PROTOTYPE	000781	04/15/18	18:38:49	0.4892597695390782	0.4892597695390782	11.22	0.0	4.1097820641282565	4.1097820641282565	11.22	-0.0	0.4892597695390782	0.4892597695390782	11.22	0.0	290.0	288.22	758.84	-338.5	0	1
PROTOTYPE	000782	04/15/18	18:38:50	0.4892597695390782	0.4892597695390782	11.21	0.0	4.1097820641282565	4.1097820641282565	11.21	-0.0	0.4892597695390782	0.4892597695390782	11.21	0.0	281.0	287.14	813.06	-392.73	0	1
PROTOTYPE	000783	04/15/18	18:38:51	0.4892597695390782	0.4892597695390782	11.19	0.0	4.1097820641282565	4.1097820641282565	11.19	-0.0	0.4892597695390782	0.4892597695390782	11.19	0.0	297.0	288.62	900.06	-183.82	0	1
PROTOTYPE	000784	04/15/18	18:38:53	0.4892597695390782	0.4892597695390782	11.18	0.0	4.1097820641282565	4.1097820641282565	11.18	-0.0	0.4892597695390782	0.4892597695390782	11.18	0.0	300.0	290.32	972.62	-111.24	0	1
PROTOTYPE	000785	04/15/18	18:38:54	0.4892597695390782	0.4892597695390782	11.16	0.0	4.1097820641282565	4.1097820641282565	11.16	-0.0	0.4892597695390782	0.4892597695390782	11.16	0.0	291.0	290.42	886.32	-4.56	0	1
PROTOTYPE	000786	04/15/18	18:38:55	0.4892597695390782	0.4892597695390782	11.16	0.0	4.1097820641282565	4.1097820641282565	11.16	-0.0	0.4892597695390782	0.4892597695390782	11.16	0.0	279.0	288.71	720.64	161.13	0	1
PROTOTYPE	000787	04/15/18	18:38:57	0.4892597695390782	0.4892597695390782	11.15	0.0	4.1097820641282565	4.1097820641282565	11.15	-0.0	0.4892597695390782	0.4892597695390782	11.15	0.0	285.0	288.15	732.8	61.96	0	1
PROTOTYPE	000788	04/15/18	18:38:58	0.4892597695390782	0.4892597695390782	11.15	0.0	4.1097820641282565	4.1097820641282565	11.15	-0.0	0.4892597695390782	0.4892597695390782	11.15	0.0	279.0	286.78	833.12	-112.34	0	1
PROTOTYPE	000789	04/15/18	18:39:00	0.4892597695390782	0.4892597695390782	11.13	0.0	4.1097820641282565	4.1097820641282565	11.13	-0.0	0.4892597695390782	0.4892597695390782	11.13	0.0	295.0	288.01	924.95	-20.49	0	1
PROTOTYPE	000790	04/15/18	18:39:01	0.4892597695390782	0.4892597695390782	11.12	0.0	4.1097820641282565	4.1097820641282565	11.12	-0.0	0.4892597695390782	0.4892597695390782	11.12	0.0	293.0	288.76	891.46	162.59	0	1
PROTOTYPE	000791	04/15/18	18:39:02	0.4892597695390782	0.4892597695390782	11.16	0.0	4.1097820641282565	4.1097820641282565	11.16	-0.0	0.4892597695390782	0.4892597695390782	11.16	0.0	290.0	288.95	762.12	33.2	0	1
PROTOTYPE	000792	04/15/18	18:39:04	0.4892597695390782	0.4892597695390782	11.17	0.0	4.1097820641282565	4.1097820641282565	11.17	-0.0	0.4892597695390782	0.4892597695390782	11.17	0.0	294.0	289.71	667.14	-61.78	0	1
PROTOTYPE	000793	04/15/18	18:39:05	0.4892597695390782	0.4892597695390782	11.17	0.0	4.1097820641282565	4.1097820641282565	11.17	-0.0	0.4892597695390782	0.4892597695390782	11.17	0.0	297.0	290.8	766.33	37.49	0	1
PROTOTYPE	000794	04/15/18	18:39:07	0.4892597695390782	0.4892597695390782	11.17	0.0	4.1097820641282565	4.1097820641282565	11.17	-0.0	0.4892597695390782	0.4892597695390782	11.17	0.0	277.0	288.73	801.95	1.86	0	1
PROTOTYPE	000795	04/15/18	18:39:08	0.4892597695390782	0.4892597695390782	11.16	0.0	4.1097820641282565	4.1097820641282565	11.16	-0.0	0.4892597695390782	0.4892597695390782	11.16	0.0	297.0	289.97	870.32	181.58	0	1
PROTOTYPE	000796	04/15/18	18:39:09	0.4892597695390782	0.4892597695390782	11.16	0.0	4.1097820641282565	4.1097820641282565	11.16	-0.0	0.4892597695390782	0.4892597695390782	11.16	0.0	290.0	289.97	734.46	319.35	0	1
PROTOTYPE	000797	04/15/18	18:39:11	0.4892597695390782	0.4892597695390782	11.19	0.0	4.1097820641282565	4.1097820641282565	11.19	-0.0	0.4892597695390782	0.4892597695390782	11.19	0.0	296.0	290.88	701.56	286.44	0	1
PROTOTYPE	000798	04/15/18	18:39:12	0.4892597695390782	0.4892597695390782	11.19	0.0	4.1097820641282565	4.1097820641282565	11.19	-0.0	0.4892597695390782	0.4892597695390782	11.19	0.0	294.0	291.35	673.6	258.48	0	1
PROTOTYPE	000799	04/15/18	18:39:14	0.4892597695390782	0.4892597695390782	11.16	0.0	4.1097820641282565	4.1097820641282565	11.16	-0.0	0.4892597695390782	0.4892597695390782	11.16	0.0	292.0	291.44	664.88	249.71	0	1
PROTOTYPE	000800	04/15/18	18:39:15	0.4892597695390782	0.4892597695390782	11.18	0.0	4.1097820641282565	4.1097820641282565	11.18	-0.0	0.4892597695390782	0.4892597695390782	11.18	0.0	293.0	291.68	612.45	197.25	0	1
PROTOTYPE	000801	04/15/18	18:39:16	0.4892597695390782	0.4892597695390782	11.19	0.0	4.1097820641282565	4.1097820641282565	11.19	-0.0	0.4892597695390782	0.4892597695390782	11.19	0.0	288.0	291.13	558.21	32.66	0	1
PROTOTYPE	000802	04/15/18	18:39:18	0.4892597695390782	0.4892597695390782	11.2	0.0	4.1097820641282565	4.1097820641282565	11.2	-0.0	0.4892597695390782	0.4892597695390782	11.2	0.0	289.0	290.81	383.14	207.76	0	1
PROTOTYPE	000803	04/15/18	18:39:19	0.4892597695390782	0.4892597695390782	11.23	0.0	4.1097820641282565	4.1097820641282565	11.23	-0.0	0.4892597695390782	0.4892597695390782	11.23	0.0	290.0	290.69	271.27	71.6	0	1
PROTOTYPE	000804	04/15/18	18:39:21	0.4892597695390782	0.4892597695390782	11.23	0.0	4.1097820641282565	4.1097820641282565	11.23	-0.0	0.4892597695390782	0.4892597695390782	11.23	0.0	287.0	290.13	325.12	15.86	0	1
PROTOTYPE	000805	04/15/18	18:39:22	0.4892597695390782	0.4892597695390782	11.21	0.0	4.1097820641282565	4.1097820641282565	11.21	-0.0	0.4892597695390782	0.4892597695390782	11.21	0.0	283.0	289.06	341.74	-181.52	0	1
PROTOTYPE	000806	04/15/18	18:39:23	0.4892597695390782	0.4892597695390782	11.24	0.0	4.1097820641282565	4.1097820641282565	11.24	-0.0	0.4892597695390782	0.4892597695390782	11.24	0.0	287.0	288.75	325.88	-259.29	0	1
PROTOTYPE	000807	04/15/18	18:39:25	0.4892597695390782	0.4892597695390782	11.26	0.0	4.1097820641282565	4.1097820641282565	11.26	-0.0	0.4892597695390782	0.4892597695390782	11.26	0.0	300.0	290.44	484.68	-100.4	0	1
PROTOTYPE	000808	04/15/18	18:39:26	0.4892597695390782	0.4892597695390782	11.23	0.0	4.1097820641282565	4.1097820641282565	11.23	-0.0	0.4892597695390782	0.4892597695390782	11.23	0.0	298.0	291.57	574.71	-10.34	0	1
PROTOTYPE	000809	04/15/18	18:39:28	0.4892597695390782	0.4892597695390782	11.24	0.0	4.1097820641282565	4.1097820641282565	11.24	-0.0	0.4892597695390782	0.4892597695390782	11.24	0.0	296.0	292.24	585.91	111.21	0	1
PROTOTYPE	000810	04/15/18	18:39:29	0.4892597695390782	0.4892597695390782	11.24	0.0	4.1097820641282565	4.1097820641282565	11.24	-0.0	0.4892597695390782	0.4892597695390782	11.24	0.0	303.0	293.85	715.42	304.53	0	1
PROTOTYPE	000811	04/15/18	18:39:30	0.4892597695390782	0.4892597695390782	11.22	0.0	4.1097820641282565	4.1097820641282565	11.22	-0.0	0.4892597695390782	0.4892597695390782	11.22	0.0	297.0	294.32	750.45	363.85	0	1
PROTOTYPE	000812	04/15/18	18:39:32	0.4892597695390782	0.4892597695390782	11.23	0.0	4.1097820641282565	4.1097820641282565	11.23	-0.0	0.4892597695390782	0.4892597695390782	11.23	0.0	296.0	294.58	720.31	444.27	0	1
PROTOTYPE	000813	04/15/18	18:39:33	0.4892597695390782	0.4892597695390782	11.23	0.0	4.1097820641282565	4.1097820641282565	11.23	-0.0	0.4892597695390782	0.4892597695390782	11.23	0.0	287.0	293.44	726.95	437.63	0	1
PROTOTYPE	000814	04/15/18	18:39:35	0.4892597695390782	0.4892597695390782	11.2	0.0	4.1097820641282565	4.1097820641282565	11.2	-0.0	0.4892597695390782	0.4892597695390782	11.2	0.0	295.0	293.67	719.41	491.99	0	1
PROTOTYPE	000815	04/15/18	18:39:36	0.4892597695390782	0.4892597695390782	11.17	0.0	4.1097820641282565	4.1097820641282565	11.17	-0.0	0.4892597695390782	0.4892597695390782	11.17	0.0	290.0	293.12	605.84	268.19	0	1
PROTOTYPE	000816	04/15/18	18:39:37	0.4892597695390782	0.4892597695390782	11.17	0.0	4.1097820641282565	4.1097820641282565	11.17	-0.0	0.4892597695390782	0.4892597695390782	11.17	0.0	285.0	291.9	614.29	32.96	0	1
PROTOTYPE	000817	04/15/18	18:39:39	0.4892597695390782	0.4892597695390782	11.18	0.0	4.1097820641282565	4.1097820641282565	11.18	-0.0	0.4892597695390782	0.4892597695390782	11.18	0.0	274.0	289.22	816.46	-301.98	0	1
PROTOTYPE	000818	04/15/18	18:39:40	0.4892597695390782	0.4892597695390782	11.17	0.0	4.1097820641282565	4.1097820641282565	11.17	-0.0	0.4892597695390782	0.4892597695390782	11.17	0.0	274.0	286.94	883.32	-691.69	0	1
PROTOTYPE	000819	04/15/18	18:39:42	0.4892597695390782	0.4892597695390782	11.17	0.0	4.1097820641282565	4.1097820641282565	11.17	-0.0	0.4892597695390782	0.4892597695390782	11.17	0.0	292.0	287.7	912.06	-662.93	0	1
PROTOTYPE	000820	04/15/18	18:39:43	0.4892597695390782	0.4892597695390782	11.19	0.0	4.1097820641282565	4.1097820641282565	11.19	-0.0	0.4892597695390782	0.4892597695390782	11.19	0.0	276.0	285.94	1062.33	-863.49	0	1
PROTOTYPE	000821	04/15/18	18:39:44	0.4892597695390782	0.4892597695390782	11.2	0.0	4.1097820641282565	4.1097820641282565	11.2	-0.0	0.4892597695390782	0.4892597695390782	11.2	0.0	288.0	286.25	979.6	-718.97	0	1
PROTOTYPE	000822	04/15/18	18:39:46	0.4892597695390782	0.4892597695390782	11.22	0.0	4.1097820641282565	4.1097820641282565	11.22	-0.0	0.4892597695390782	0.4892597695390782	11.22	0.0	303.0	288.76	1207.4	-491.12	0	1
PROTOTYPE	000823	04/15/18	18:39:47	0.4892597695390782	0.4892597695390782	11.21	0.0	4.1097820641282565	4.1097820641282565	11.21	-0.0	0.4892597695390782	0.4892597695390782	11.21	0.0	286.0	288.35	1193.74	-477.46	0	1
PROTOTYPE	000824	04/15/18	18:39:49	0.4892597695390782	0.4892597695390782	11.25	0.0	4.1097820641282565	4.1097820641282565	11.25	-0.0	0.4892597695390782	0.4892597695390782	11.25	0.0	290.0	288.6	1096.71	-330.84	0	1
PROTOTYPE	000825	04/15/18	18:39:50	0.4892597695390782	0.4892597695390782	11.23	0.0	4.1097820641282565	4.1097820641282565	11.23	-0.0	0.4892597695390782	0.4892597695390782	11.23	0.0	296.0	289.71	939.22	48.79	0	1
PROTOTYPE	000826	04/15/18	18:39:52	0.4892597695390782	0.4892597695390782	11.25	0.0	4.1097820641282565	4.1097820641282565	11.25	-0.0	0.4892597695390782	0.4892597695390782	11.25	0.0	288.0	289.45	736.57	251.47	0	1
PROTOTYPE	000827	04/15/18	18:39:53	0.4892597695390782	0.4892597695390782	11.3	0.0	4.1097820641282565	4.1097820641282565	11.3	-0.0	0.4892597695390782	0.4892597695390782	11.3	0.0	289.0	289.38	667.5	168.75	0	1
PROTOTYPE	000828	04/15/18	18:39:54	0.4892597695390782	0.4892597695390782	11.28	0.0	4.1097820641282565	4.1097820641282565	11.28	-0.0	0.4892597695390782	0.4892597695390782	11.28	0.0	274.0	287.08	722.81	113.44	0	1
PROTOTYPE	000829	04/15/18	18:39:56	0.4892597695390782	0.4892597695390782	11.28	0.0	4.1097820641282565	4.1097820641282565	11.28	0.0	0.4892597695390782	0.4892597695390782	11.28	0.0	285.0	286.76	723.06	51.42	0	1
PROTOTYPE	000830	04/15/18	18:39:57	0.4892597695390782	0.4892597695390782	11.27	0.0	4.1097820641282565	4.1097820641282565	11.27	0.0	0.4892597695390782	0.4892597695390782	11.27	0.0	293.0	287.7	565.36	-106.29	0	1
PROTOTYPE	000831	04/15/18	18:39:59	0.4892597695390782	0.4892597695390782	11.28	0.0	4.1097820641282565	4.1097820641282565	11.28	0.0	0.4892597695390782	0.4892597695390782	11.28	0.0	295.0	288.79	633.41	44.65	0	1
PROTOTYPE	000832	04/15/18	18:40:00	0.4892597695390782	0.4892597695390782	11.27	0.0	4.1097820641282565	4.1097820641282565	11.27	0.0	0.4892597695390782	0.4892597695390782	11.27	0.0	303.0	290.93	821.68	232.95	0	1
PROTOTYPE	000833	04/15/18	18:40:01	0.4892597695390782	0.4892597695390782	11.26	0.0	4.1097820641282565	4.1097820641282565	11.26	0.0	0.4892597695390782	0.4892597695390782	11.26	0.0	291.0	290.94	712.39	123.01	0	1
PROTOTYPE	000834	04/15/18	18:40:03	0.4892597695390782	0.4892597695390782	11.26	0.0	4.1097820641282565	4.1097820641282565	11.26	0.0	0.4892597695390782	0.4892597695390782	11.26	0.0	296.0	291.7	762.72	224.56	0	1
PROTOTYPE	000835	04/15/18	18:40:04	0.4892597695390782	0.4892597695390782	11.24	0.0	4.1097820641282565	4.1097820641282565	11.24	0.0	0.4892597695390782	0.4892597695390782	11.24	0.0	288.0	291.14	811.27	175.88	0	1
PROTOTYPE	000836	04/15/18	18:40:06	0.4892597695390782	0.4892597695390782	11.26	0.0	4.1097820641282565	4.1097820641282565	11.26	0.0	0.4892597695390782	0.4892597695390782	11.26	0.0	296.0	291.87	653.41	479.49	0	1
PROTOTYPE	000837	04/15/18	18:40:07	0.4892597695390782	0.4892597695390782	11.28	0.0	4.01193011022044	4.095104271042084	24.92	-15.0	0.4892597695390782	0.4892597695390782	11.28	0.0	298.0	292.79	714.2	602.57	0	1
PROTOTYPE	000838	04/15/18	18:40:08	0.4892597695390782	0.4892597695390782	11.26	0.0	4.01193011022044	4.082383517034068	36.35	-27.75	0.4892597695390782	0.4892597695390782	11.26	0.0	291.0	292.52	647.54	482.18	0	1
PROTOTYPE	000839	04/15/18	18:40:10	0.4892597695390782	0.4892597695390782	11.26	0.0	4.01193011022044	4.071619802104208	45.88	-38.59	0.4892597695390782	0.4892597695390782	11.26	0.0	289.0	291.99	590.86	319.86	0	1
PROTOTYPE	000840	04/15/18	18:40:11	0.4892597695390782	0.4892597695390782	11.26	0.0	4.1097820641282565	4.077490919338677	50.42	-32.8	0.4892597695390782	0.4892597695390782	11.26	0.0	287.0	291.24	452.69	31.88	0	1
PROTOTYPE	000841	04/15/18	18:40:13	0.4892597695390782	0.4892597695390782	11.26	0.0	4.1097820641282565	4.082383517034068	54.14	-27.88	0.4892597695390782	0.4892597695390782	11.26	0.0	285.0	290.31	544.57	-62.9	0	1
PROTOTYPE	000842	04/15/18	18:40:14	0.4892597695390782	0.4892597695390782	11.24	0.0	4.1097820641282565	4.086297595190381	57.14	-23.7	0.4892597695390782	0.4892597695390782	11.24	0.0	299.0	291.61	599.0	-8.47	0	1
PROTOTYPE	000843	04/15/18	18:40:15	0.4892597695390782	0.4892597695390782	11.23	0.0	4.01193011022044	4.075533880260521	67.25	-35.14	0.4892597695390782	0.4892597695390782	11.23	0.0	294.0	291.97	579.4	82.8	0	1
PROTOTYPE	000844	04/15/18	18:40:17	0.4892597695390782	0.4892597695390782	11.21	0.0	4.1097820641282565	4.080426477955912	71.28	-29.87	0.4892597695390782	0.4892597695390782	11.21	0.0	292.0	291.97	507.98	10.38	0	1
PROTOTYPE	000845	04/15/18	18:40:18	0.4892597695390782	0.4892597695390782	11.2	0.0	4.1097820641282565	4.085319075651303	60.92	-10.39	0.4892597695390782	0.4892597695390782	11.2	0.0	295.0	292.43	461.44	-36.18	0	1
PROTOTYPE	000846	04/15/18	18:40:20	0.4892597695390782	0.4892597695390782	11.22	0.0	4.1097820641282565	4.088254634268537	52.15	6.17	0.4892597695390782	0.4892597695390782	11.22	0.0	292.0	292.36	441.13	-15.75	0	1
PROTOTYPE	000847	04/15/18	18:40:21	0.4892597695390782	0.4892597695390782	11.25	0.0	4.1097820641282565	4.09216871242485	44.76	20.24	0.4892597695390782	0.4892597695390782	11.25	0.0	293.0	292.46	397.93	46.61	0	1
PROTOTYPE	000848	04/15/18	18:40:22	0.4892597695390782	0.4892597695390782	11.22	0.0	4.1097820641282565	4.0941257515030065	41.88	17.21	0.4892597695390782	0.4892597695390782	11.22	0.0	279.0	290.44	524.92	-80.38	0	1
PROTOTYPE	000849	04/15/18	18:40:24	0.4892597695390782	0.4892597695390782	11.23	0.0	4.1097820641282565	4.097061310120241	39.49	14.63	0.4892597695390782	0.4892597695390782	11.23	0.0	295.0	291.12	499.65	81.68	0	1
PROTOTYPE	000850	04/15/18	18:40:25	0.4892597695390782	0.4892597695390782	11.26	0.0	4.1097820641282565	4.0990183491983965	37.53	12.43	0.4892597695390782	0.4892597695390782	11.26	0.0	282.0	289.76	506.13	-185.57	0	1
PROTOTYPE	000851	04/15/18	18:40:27	0.4892597695390782	0.4892597695390782	11.25	0.0	4.1097820641282565	4.099996868737475	28.19	25.57	0.4892597695390782	0.4892597695390782	11.25	0.0	281.0	288.44	601.62	-352.74	0	1
PROTOTYPE	000852	04/15/18	18:40:28	0.4892597695390782	0.4892597695390782	11.24	0.0	4.1097820641282565	4.101953907815631	24.74	21.73	0.4892597695390782	0.4892597695390782	11.24	0.0	289.0	288.53	608.63	-344.83	0	1
PROTOTYPE	000853	04/15/18	18:40:30	0.4892597695390782	0.4892597695390782	11.23	0.0	4.1097820641282565	4.10293242735471	21.9	18.47	0.4892597695390782	0.4892597695390782	11.23	0.0	292.0	289.05	615.35	-338.1	0	1
PROTOTYPE	000854	04/15/18	18:40:31	0.4892597695390782	0.4892597695390782	11.23	0.0	4.1097820641282565	4.103910946893787	19.59	15.7	0.4892597695390782	0.4892597695390782	11.23	0.0	294.0	289.79	683.08	-257.39	0	1
PROTOTYPE	000855	04/15/18	18:40:32	0.4892597695390782	0.4892597695390782	11.21	0.0	4.1097820641282565	4.104889466432866	17.71	13.35	0.4892597695390782	0.4892597695390782	11.21	0.0	292.0	290.12	706.61	-233.78	0	1
PROTOTYPE	000856	04/15/18	18:40:34	0.4892597695390782	0.4892597695390782	11.22	0.0	4.1097820641282565	4.105867985971944	16.21	11.34	0.4892597695390782	0.4892597695390782	11.22	0.0	294.0	290.7	562.91	26.29	0	1
PROTOTYPE	000857	04/15/18	18:40:35	0.4892597695390782	0.4892597695390782	11.23	0.0	4.1097820641282565	4.105867985971944	15.03	9.64	0.4892597695390782	0.4892597695390782	11.23	0.0	290.0	290.6	505.15	-52.66	0	1
PROTOTYPE	000858	04/15/18	18:40:37	0.4892597695390782	0.4892597695390782	11.21	0.0	4.1097820641282565	4.1068465055110215	14.09	8.2	0.4892597695390782	0.4892597695390782	11.21	0.0	289.0	290.36	392.28	60.24	0	1
PROTOTYPE	000859	04/15/18	18:40:38	0.4892597695390782	0.4892597695390782	11.21	0.0	4.1097820641282565	4.1068465055110215	13.37	6.97	0.4892597695390782	0.4892597695390782	11.21	0.0	294.0	290.9	315.59	246.21	0	1
PROTOTYPE	000860	04/15/18	18:40:39	0.4892597695390782	0.4892597695390782	11.22	0.0	4.1097820641282565	4.1078250250501	12.83	5.92	0.4892597695390782	0.4892597695390782	11.22	0.0	296.0	291.67	383.55	314.28	0	1
PROTOTYPE	000861	04/15/18	18:40:41	0.4892597695390782	0.4892597695390782	11.21	0.0	4.01193011022044	4.093147231963928	25.7	-9.97	0.4892597695390782	0.4892597695390782	11.21	0.0	288.0	291.12	386.47	207.13	0	1
PROTOTYPE	000862	04/15/18	18:40:42	0.4892597695390782	0.4892597695390782	11.2	0.0	4.1097820641282565	4.096082790581162	26.85	-8.47	0.4892597695390782	0.4892597695390782	11.2	0.0	296.0	291.85	385.4	206.06	0	1
PROTOTYPE	000863	04/15/18	18:40:44	0.4892597695390782	0.4892597695390782	11.2	0.0	4.1097820641282565	4.098039829659319	27.76	-7.2	0.4892597695390782	0.4892597695390782	11.2	0.0	284.0	290.67	469.99	55.15	0	1
PROTOTYPE	000864	04/15/18	18:40:45	0.4892597695390782	0.4892597695390782	11.19	0.0	4.1097820641282565	4.099996868737475	28.47	-6.12	0.4892597695390782	0.4892597695390782	11.19	0.0	296.0	291.47	491.71	76.88	0	1
PROTOTYPE	000865	04/15/18	18:40:46	0.4892597695390782	0.4892597695390782	11.17	0.0	4.1097820641282565	4.100975388276552	29.01	-5.2	0.4892597695390782	0.4892597695390782	11.17	0.0	302.0	293.05	638.99	245.35	0	1
PROTOTYPE	000866	04/15/18	18:40:48	0.4892597695390782	0.4892597695390782	11.19	0.0	4.1097820641282565	4.10293242735471	29.45	-4.42	0.4892597695390782	0.4892597695390782	11.19	0.0	286.0	291.99	720.77	163.55	0	1
PROTOTYPE	000867	04/15/18	18:40:49	0.4892597695390782	0.4892597695390782	11.19	0.0	4.1097820641282565	4.103910946893787	29.77	-3.76	0.4892597695390782	0.4892597695390782	11.19	0.0	291.0	291.84	681.09	94.01	0	1
PROTOTYPE	000868	04/15/18	18:40:51	0.4892597695390782	0.4892597695390782	11.2	0.0	4.1097820641282565	4.104889466432866	30.02	-3.2	0.4892597695390782	0.4892597695390782	11.2	0.0	283.0	290.52	737.32	-115.09	0	1
PROTOTYPE	000869	04/15/18	18:40:52	0.4892597695390782	0.4892597695390782	11.2	0.0	4.1097820641282565	4.104889466432866	16.9	12.28	0.4892597695390782	0.4892597695390782	11.2	0.0	291.0	290.59	689.63	-52.82	0	1
PROTOTYPE	000870	04/15/18	18:40:53	0.4892597695390782	0.4892597695390782	11.2	0.0	4.1097820641282565	4.105867985971944	15.56	10.44	0.4892597695390782	0.4892597695390782	11.2	0.0	300.0	292.0	757.55	15.1	0	1
PROTOTYPE	000871	04/15/18	18:40:55	0.4892597695390782	0.4892597695390782	11.2	0.0	4.1097820641282565	4.1068465055110215	14.51	8.88	0.4892597695390782	0.4892597695390782	11.2	0.0	286.0	291.1	729.82	42.83	0	1
PROTOTYPE	000872	04/15/18	18:40:56	0.4892597695390782	0.4892597695390782	11.2	0.0	4.1097820641282565	4.1068465055110215	13.69	7.54	0.4892597695390782	0.4892597695390782	11.2	0.0	287.0	290.49	711.44	-98.59	0	1
PROTOTYPE	000873	04/15/18	18:40:58	0.4892597695390782	0.4892597695390782	11.22	0.0	4.1097820641282565	4.1078250250501	13.07	6.41	0.4892597695390782	0.4892597695390782	11.22	0.0	284.0	289.51	650.82	-353.8	0	1
PROTOTYPE	000874	04/15/18	18:40:59	0.4892597695390782	0.4892597695390782	11.2	0.0	4.1097820641282565	4.1078250250501	12.58	5.45	0.4892597695390782	0.4892597695390782	11.2	0.0	289.0	289.44	552.87	-255.73	0	1
PROTOTYPE	000875	04/15/18	18:41:00	0.4892597695390782	0.4892597695390782	11.2	0.0	4.1097820641282565	4.1078250250501	12.22	4.63	0.4892597695390782	0.4892597695390782	11.2	0.0	303.0	291.47	741.36	-37.37	0	1
PROTOTYPE	000876	04/15/18	18:41:02	0.4892597695390782	0.4892597695390782	11.18	0.0	4.1097820641282565	4.108803544589179	11.93	3.94	0.4892597695390782	0.4892597695390782	11.18	0.0	302.0	293.05	766.62	253.23	0	1
PROTOTYPE	000877	04/15/18	18:41:03	0.4892597695390782	0.4892597695390782	11.21	0.0	4.1097820641282565	4.108803544589179	11.76	3.35	0.4892597695390782	0.4892597695390782	11.21	0.0	299.0	293.94	848.52	335.25	0	1
PROTOTYPE	000878	04/15/18	18:41:05	0.4892597695390782	0.4892597695390782	11.22	0.0	4.1097820641282565	4.108803544589179	11.62	2.85	0.4892597695390782	0.4892597695390782	11.22	0.0	294.0	293.95	709.01	194.96	0	1
PROTOTYPE	000879	04/15/18	18:41:06	0.4892597695390782	0.4892597695390782	11.23	0.0	4.1097820641282565	4.108803544589179	11.52	2.42	0.4892597695390782	0.4892597695390782	11.23	0.0	302.0	295.16	739.71	405.72	0	1
PROTOTYPE	000880	04/15/18	18:41:07	0.4892597695390782	0.4892597695390782	11.24	0.0	4.1097820641282565	4.108803544589179	11.45	2.06	0.4892597695390782	0.4892597695390782	11.24	0.0	281.0	293.03	890.56	254.86	0	1
PROTOTYPE	000881	04/15/18	18:41:09	0.4892597695390782	0.4892597695390782	11.22	0.0	4.1097820641282565	4.108803544589179	11.37	1.75	0.4892597695390782	0.4892597695390782	11.22	0.0	286.0	291.98	898.79	246.63	0	1
PROTOTYPE	000882	04/15/18	18:41:10	0.4892597695390782	0.4892597695390782	11.21	0.0	4.1097820641282565	4.108803544589179	11.32	1.49	0.4892597695390782	0.4892597695390782	11.21	0.0	279.0	290.03	1085.66	59.64	0	1
PROTOTYPE	000883	04/15/18	18:41:12	0.4892597695390782	0.4892597695390782	11.23	0.0	4.1097820641282565	4.1097820641282565	11.31	1.26	0.4892597695390782	0.4892597695390782	11.23	0.0	279.0	288.38	1047.69	-309.31	0	1
PROTOTYPE	000884	04/15/18	18:41:13	0.4892597695390782	0.4892597695390782	11.25	0.0	4.1097820641282565	4.1097820641282565	11.31	1.07	0.4892597695390782	0.4892597695390782	11.25	0.0	292.0	288.92	944.1	-412.91	0	1
PROTOTYPE	000885	04/15/18	18:41:14	0.4892597695390782	0.4892597695390782	11.23	0.0	4.1097820641282565	4.1097820641282565	11.27	0.91	0.4892597695390782	0.4892597695390782	11.23	0.0	294.0	289.68	931.04	-425.98	0	1
PROTOTYPE	000886	04/15/18	18:41:16	0.4892597695390782	0.4892597695390782	11.22	0.0	4.1097820641282565	4.1097820641282565	11.25	0.78	0.4892597695390782	0.4892597695390782	11.22	0.0	302.0	291.53	1114.16	-242.08	0	1
PROTOTYPE	000887	04/15/18	18:41:17	0.4892597695390782	0.4892597695390782	11.23	0.0	4.1097820641282565	4.1097820641282565	11.25	0.66	0.4892597695390782	0.4892597695390782	11.23	0.0	286.0	290.7	1076.39	-445.77	0	1
PROTOTYPE	000888	04/15/18	18:41:19	0.4892597695390782	0.4892597695390782	11.22	0.0	4.1097820641282565	4.1097820641282565	11.23	0.56	0.4892597695390782	0.4892597695390782	11.22	0.0	292.0	290.9	883.54	-213.9	0	1
PROTOTYPE	000889	04/15/18	18:41:20	0.4892597695390782	0.4892597695390782	11.24	0.0	4.1097820641282565	4.1097820641282565	11.25	0.48	0.4892597695390782	0.4892597695390782	11.24	0.0	291.0	290.91	780.12	-106.82	0	1
PROTOTYPE	000890	04/15/18	18:41:21	0.4892597695390782	0.4892597695390782	11.25	0.0	4.01193011022044	4.095104271042084	24.89	-14.6	0.4892597695390782	0.4892597695390782	11.25	0.0	288.0	290.47	629.11	44.21	0	1
PROTOTYPE	000891	04/15/18	18:41:23	0.4892597695390782	0.4892597695390782	11.25	0.0	4.01193011022044	4.082383517034068	36.28	-27.41	0.4892597695390782	0.4892597695390782	11.25	0.0	286.0	289.8	530.75	142.57	0	1
PROTOTYPE	000892	04/15/18	18:41:24	0.4892597695390782	0.4892597695390782	11.25	0.0	4.01193011022044	4.071619802104208	45.77	-38.3	0.4892597695390782	0.4892597695390782	11.25	0.0	296.0	290.73	569.36	181.19	0	1
PROTOTYPE	000893	04/15/18	18:41:26	0.4892597695390782	0.4892597695390782	11.25	0.0	4.01193011022044	4.062813126252505	53.67	-47.55	0.4892597695390782	0.4892597695390782	11.25	0.0	286.0	290.02	564.17	34.01	0	1
PROTOTYPE	000894	04/15/18	18:41:27	0.4892597695390782	0.4892597695390782	11.26	0.0	4.1097820641282565	4.069662763026053	59.6	-40.42	0.4892597695390782	0.4892597695390782	11.26	0.0	286.0	289.42	439.77	-211.09	0	1
PROTOTYPE	000895	04/15/18	18:41:28	0.4892597695390782	0.4892597695390782	11.25	0.0	4.1097820641282565	4.075533880260521	64.45	-34.36	0.4892597695390782	0.4892597695390782	11.25	0.0	296.0	290.41	455.52	-29.43	0	1
PROTOTYPE	000896	04/15/18	18:41:30	0.4892597695390782	0.4892597695390782	11.26	0.0	4.1097820641282565	4.081404997494991	68.43	-29.2	0.4892597695390782	0.4892597695390782	11.26	0.0	287.0	289.9	487.1	-100.01	0	1
PROTOTYPE	000897	04/15/18	18:41:31	0.4892597695390782	0.4892597695390782	11.25	0.0	4.1097820641282565	4.085319075651303	71.65	-24.82	0.4892597695390782	0.4892597695390782	11.25	0.0	296.0	290.81	576.57	-10.01	0	1
PROTOTYPE	000898	04/15/18	18:41:33	0.4892597695390782	0.4892597695390782	11.24	0.0	4.1097820641282565	4.089233153807615	60.61	-6.1	0.4892597695390782	0.4892597695390782	11.24	0.0	292.0	290.99	550.76	51.49	0	1
PROTOTYPE	000899	04/15/18	18:41:34	0.4892597695390782	0.4892597695390782	11.24	0.0	4.1097820641282565	4.09216871242485	51.29	9.82	0.4892597695390782	0.4892597695390782	11.24	0.0	288.0	290.54	528.49	73.77	0	1
PROTOTYPE	000900	04/15/18	18:41:35	0.4892597695390782	0.4892597695390782	11.22	0.0	4.1097820641282565	4.095104271042084	43.43	23.34	0.4892597695390782	0.4892597695390782	11.22	0.0	289.0	290.31	458.69	-42.3	0	1
PROTOTYPE	000901	04/15/18	18:41:37	0.4892597695390782	0.4892597695390782	11.24	0.0	4.1097820641282565	4.097061310120241	36.83	34.84	0.4892597695390782	0.4892597695390782	11.24	0.0	287.0	289.81	437.35	-20.95	0	1
PROTOTYPE	000902	04/15/18	18:41:38	0.4892597695390782	0.4892597695390782	11.23	0.0	4.1097820641282565	4.0990183491983965	31.91	29.62	0.4892597695390782	0.4892597695390782	11.23	0.0	275.0	287.59	599.2	-182.81	0	1
PROTOTYPE	000903	04/15/18	18:41:40	0.4892597695390782	0.4892597695390782	11.22	0.0	4.1097820641282565	4.100975388276552	27.82	25.17	0.4892597695390782	0.4892597695390782	11.22	0.0	279.0	286.3	629.36	-410.39	0	1
PROTOTYPE	000904	04/15/18	18:41:41	0.4892597695390782	0.4892597695390782	11.23	0.0	4.1097820641282565	4.101953907815631	24.44	21.4	0.4892597695390782	0.4892597695390782	11.23	0.0	296.0	287.76	723.71	-213.83	0	1
PROTOTYPE	000905	04/15/18	18:41:42	0.4892597695390782	0.4892597695390782	11.23	0.0	4.1097820641282565	4.10293242735471	21.66	18.19	0.4892597695390782	0.4892597695390782	11.23	0.0	301.0	289.74	830.78	-106.76	0	1
PROTOTYPE	000906	04/15/18	18:41:44	0.4892597695390782	0.4892597695390782	11.23	0.0	4.1097820641282565	4.103910946893787	19.39	15.46	0.4892597695390782	0.4892597695390782	11.23	0.0	297.0	290.83	921.75	-15.74	0	1
PROTOTYPE	000907	04/15/18	18:41:45	0.4892597695390782	0.4892597695390782	11.23	0.0	4.1097820641282565	4.104889466432866	17.56	13.14	0.4892597695390782	0.4892597695390782	11.23	0.0	295.0	291.46	939.41	91.62	0	1
PROTOTYPE	000908	04/15/18	18:41:47	0.4892597695390782	0.4892597695390782	11.23	0.0	4.1097820641282565	4.105867985971944	16.09	11.17	0.4892597695390782	0.4892597695390782	11.23	0.0	301.0	292.89	1059.4	257.88	0	1
PROTOTYPE	000909	04/15/18	18:41:48	0.4892597695390782	0.4892597695390782	11.2	0.0	4.1097820641282565	4.105867985971944	14.91	9.49	0.4892597695390782	0.4892597695390782	11.2	0.0	285.0	291.71	1128.07	189.19	0	1
PROTOTYPE	000910	04/15/18	18:41:49	0.4892597695390782	0.4892597695390782	11.2	0.0	4.1097820641282565	4.1068465055110215	14.0	8.07	0.4892597695390782	0.4892597695390782	11.2	0.0	302.0	293.25	1060.29	565.82	0	1
PROTOTYPE	000911	04/15/18	18:41:51	0.4892597695390782	0.4892597695390782	11.2	0.0	4.1097820641282565	4.1068465055110215	13.3	6.86	0.4892597695390782	0.4892597695390782	11.2	0.0	292.0	293.06	950.2	675.94	0	1
PROTOTYPE	000912	04/15/18	18:41:52	0.4892597695390782	0.4892597695390782	11.2	0.0	4.1097820641282565	4.1078250250501	12.76	5.83	0.4892597695390782	0.4892597695390782	11.2	0.0	284.0	291.7	940.68	394.55	0	1
PROTOTYPE	000913	04/15/18	18:41:54	0.4892597695390782	0.4892597695390782	11.19	0.0	4.1097820641282565	4.1078250250501	12.35	4.96	0.4892597695390782	0.4892597695390782	11.19	0.0	290.0	291.45	767.61	170.37	0	1
PROTOTYPE	000914	04/15/18	18:41:55	0.4892597695390782	0.4892597695390782	11.19	0.0	4.1097820641282565	4.1078250250501	12.04	4.21	0.4892597695390782	0.4892597695390782	11.19	0.0	293.0	291.68	682.09	84.81	0	1
PROTOTYPE	000915	04/15/18	18:41:56	0.4892597695390782	0.4892597695390782	11.17	0.0	4.1097820641282565	4.108803544589179	11.79	3.58	0.4892597695390782	0.4892597695390782	11.17	0.0	287.0	290.98	689.78	-47.91	0	1
PROTOTYPE	000916	04/15/18	18:41:58	0.4892597695390782	0.4892597695390782	11.18	0.0	4.1097820641282565	4.108803544589179	11.63	3.04	0.4892597695390782	0.4892597695390782	11.18	0.0	285.0	290.08	636.31	-280.72	0	1
PROTOTYPE	000917	04/15/18	18:41:59	0.4892597695390782	0.4892597695390782	11.2	0.0	4.1097820641282565	4.108803544589179	11.53	2.59	0.4892597695390782	0.4892597695390782	11.2	0.0	287.0	289.62	564.22	-208.61	0	1
PROTOTYPE	000918	04/15/18	18:42:01	0.4892597695390782	0.4892597695390782	11.22	0.0	4.1097820641282565	4.108803544589179	11.46	2.2	0.4892597695390782	0.4892597695390782	11.22	0.0	288.0	289.38	434.13	-387.32	0	1
PROTOTYPE	000919	04/15/18	18:42:02	0.4892597695390782	0.4892597695390782	11.24	0.0	4.1097820641282565	4.108803544589179	11.41	1.87	0.4892597695390782	0.4892597695390782	11.24	0.0	284.0	288.57	495.99	-449.22	0	1
PROTOTYPE	000920	04/15/18	18:42:04	0.4892597695390782	0.4892597695390782	11.24	0.0	4.1097820641282565	4.108803544589179	11.36	1.59	0.4892597695390782	0.4892597695390782	11.24	0.0	281.0	287.43	473.61	-426.84	0	1
PROTOTYPE	000921	04/15/18	18:42:05	0.4892597695390782	0.4892597695390782	11.26	0.0	4.1097820641282565	4.108803544589179	11.35	1.35	0.4892597695390782	0.4892597695390782	11.26	0.0	289.0	287.67	471.55	-377.81	0	1
PROTOTYPE	000922	04/15/18	18:42:06	0.4892597695390782	0.4892597695390782	11.28	0.0	4.1097820641282565	4.1097820641282565	11.34	1.15	0.4892597695390782	0.4892597695390782	11.28	0.0	297.0	289.07	588.19	-261.14	0	1
PROTOTYPE	000923	04/15/18	18:42:08	0.4892597695390782	0.4892597695390782	11.28	0.0	4.1097820641282565	4.1097820641282565	11.33	0.98	0.4892597695390782	0.4892597695390782	11.28	0.0	288.0	288.91	534.06	-206.97	0	1
PROTOTYPE	000924	04/15/18	18:42:09	0.4892597695390782	0.4892597695390782	11.28	0.0	4.1097820641282565	4.1097820641282565	11.31	0.83	0.4892597695390782	0.4892597695390782	11.28	0.0	304.0	291.17	670.76	109.07	0	1
PROTOTYPE	000925	04/15/18	18:42:11	0.4892597695390782	0.4892597695390782	11.27	0.0	4.1097820641282565	4.1097820641282565	11.29	0.7	0.4892597695390782	0.4892597695390782	11.27	0.0	281.0	289.65	777.1	2.71	0	1
PROTOTYPE	000926	04/15/18	18:42:12	0.4892597695390782	0.4892597695390782	11.27	0.0	4.1097820641282565	4.1097820641282565	11.29	0.6	0.4892597695390782	0.4892597695390782	11.27	0.0	282.0	288.5	867.48	-87.69	0	1
PROTOTYPE	000927	04/15/18	18:42:13	0.4892597695390782	0.4892597695390782	11.28	0.0	4.1097820641282565	4.1097820641282565	11.29	0.51	0.4892597695390782	0.4892597695390782	11.28	0.0	289.0	288.57	794.46	0.46	0	1
PROTOTYPE	000928	04/15/18	18:42:15	0.4892597695390782	0.4892597695390782	11.27	0.0	4.1097820641282565	4.1097820641282565	11.28	0.43	0.4892597695390782	0.4892597695390782	11.27	0.0	293.0	289.24	747.3	180.39	0	1
PROTOTYPE	000929	04/15/18	18:42:16	0.4892597695390782	0.4892597695390782	11.25	0.0	4.1097820641282565	4.1097820641282565	11.25	0.37	0.4892597695390782	0.4892597695390782	11.25	0.0	289.0	289.2	727.61	153.33	0	1
PROTOTYPE	000930	04/15/18	18:42:18	0.4892597695390782	0.4892597695390782	11.26	0.0	4.1097820641282565	4.1097820641282565	11.26	0.31	0.4892597695390782	0.4892597695390782	11.26	0.0	276.0	287.22	785.69	-184.67	0	1
PROTOTYPE	000931	04/15/18	18:42:19	0.4892597695390782	0.4892597695390782	11.25	0.0	4.1097820641282565	4.1097820641282565	11.25	0.27	0.4892597695390782	0.4892597695390782	11.25	0.0	290.0	287.64	811.28	-126.97	0	1
PROTOTYPE	000932	04/15/18	18:42:20	0.4892597695390782	0.4892597695390782	11.26	0.0	4.1097820641282565	4.1097820641282565	11.26	0.23	0.4892597695390782	0.4892597695390782	11.26	0.0	291.0	288.14	635.34	-302.92	0	1
PROTOTYPE	000933	04/15/18	18:42:22	0.4892597695390782	0.4892597695390782	11.26	0.0	4.1097820641282565	4.1097820641282565	11.26	0.19	0.4892597695390782	0.4892597695390782	11.26	0.0	296.0	289.32	600.61	-32.48	0	1
PROTOTYPE	000934	04/15/18	18:42:23	0.4892597695390782	0.4892597695390782	11.24	0.0	4.1097820641282565	4.1097820641282565	11.24	0.16	0.4892597695390782	0.4892597695390782	11.24	0.0	286.0	288.82	535.75	32.39	0	1
PROTOTYPE	000935	04/15/18	18:42:25	0.4892597695390782	0.4892597695390782	11.2	0.0	4.1097820641282565	4.1097820641282565	11.2	0.14	0.4892597695390782	0.4892597695390782	11.2	0.0	293.0	289.45	590.77	87.53	0	1
PROTOTYPE	000936	04/15/18	18:42:26	0.4892597695390782	0.4892597695390782	11.19	0.0	4.1097820641282565	4.1097820641282565	11.19	0.12	0.4892597695390782	0.4892597695390782	11.19	0.0	288.0	289.23	546.17	-0.6	0	1
PROTOTYPE	000937	04/15/18	18:42:27	0.4892597695390782	0.4892597695390782	11.2	0.0	4.1097820641282565	4.1097820641282565	11.2	0.1	0.4892597695390782	0.4892597695390782	11.2	0.0	295.0	290.1	628.86	89.49	0	1
PROTOTYPE	000938	04/15/18	18:42:29	0.4892597695390782	0.4892597695390782	11.17	0.0	4.1097820641282565	4.1097820641282565	11.17	0.09	0.4892597695390782	0.4892597695390782	11.17	0.0	286.0	289.48	492.29	226.07	0	1
PROTOTYPE	000939	04/15/18	18:42:30	0.4892597695390782	0.4892597695390782	11.17	0.0	4.1097820641282565	4.1097820641282565	11.17	0.07	0.4892597695390782	0.4892597695390782	11.17	0.0	287.0	289.11	487.87	147.16	0	1
PROTOTYPE	000940	04/15/18	18:42:32	0.4892597695390782	0.4892597695390782	11.22	0.0	4.1097820641282565	4.1097820641282565	11.22	0.06	0.4892597695390782	0.4892597695390782	11.22	0.0	283.0	288.19	529.11	5.08	0	1
PROTOTYPE	000941	04/15/18	18:42:33	0.4892597695390782	0.4892597695390782	11.22	0.0	4.1097820641282565	4.1097820641282565	11.22	0.05	0.4892597695390782	0.4892597695390782	11.22	0.0	277.0	286.51	579.16	-280.68	0	1
PROTOTYPE	000942	04/15/18	18:42:34	0.4892597695390782	0.4892597695390782	11.24	0.0	4.1097820641282565	4.1097820641282565	11.24	0.04	0.4892597695390782	0.4892597695390782	11.24	0.0	282.0	285.84	597.05	-298.58	0	1
PROTOTYPE	000943	04/15/18	18:42:36	0.4892597695390782	0.4892597695390782	11.26	0.0	4.1097820641282565	4.1097820641282565	11.26	0.04	0.4892597695390782	0.4892597695390782	11.26	0.0	297.0	287.51	701.83	-193.79	0	1
PROTOTYPE	000944	04/15/18	18:42:37	0.4892597695390782	0.4892597695390782	11.26	0.0	4.1097820641282565	4.1097820641282565	11.26	0.03	0.4892597695390782	0.4892597695390782	11.26	0.0	265.0	284.14	1017.72	-509.72	0	1
PROTOTYPE	000945	04/15/18	18:42:39	0.4892597695390782	0.4892597695390782	11.27	0.0	4.1097820641282565	4.1097820641282565	11.27	0.03	0.4892597695390782	0.4892597695390782	11.27	0.0	290.0	285.01	1019.18	-508.26	0	1
PROTOTYPE	000946	04/15/18	18:42:40	0.4892597695390782	0.4892597695390782	11.28	0.0	4.1097820641282565	4.1097820641282565	11.28	0.02	0.4892597695390782	0.4892597695390782	11.28	0.0	286.0	285.16	972.54	-432.02	0	1
PROTOTYPE	000947	04/15/18	18:42:41	0.4892597695390782	0.4892597695390782	11.31	0.0	4.1097820641282565	4.1097820641282565	11.31	0.02	0.4892597695390782	0.4892597695390782	11.31	0.0	294.0	286.49	1067.84	-262.22	0	1
PROTOTYPE	000948	04/15/18	18:42:43	0.4892597695390782	0.4892597695390782	11.25	0.0	4.1097820641282565	4.1097820641282565	11.25	0.02	0.4892597695390782	0.4892597695390782	11.25	0.0	285.0	286.27	998.54	-192.89	0	1
PROTOTYPE	000949	04/15/18	18:42:44	0.4892597695390782	0.4892597695390782	11.24	0.0	4.1097820641282565	4.1097820641282565	11.24	0.01	0.4892597695390782	0.4892597695390782	11.24	0.0	282.0	285.63	894.61	-88.95	0	1
PROTOTYPE	000950	04/15/18	18:42:46	0.4892597695390782	0.4892597695390782	11.22	0.0	4.1097820641282565	4.1097820641282565	11.22	0.01	0.4892597695390782	0.4892597695390782	11.22	0.0	297.0	287.33	997.5	149.39	0	1
PROTOTYPE	000951	04/15/18	18:42:47	0.4892597695390782	0.4892597695390782	11.22	0.0	4.1097820641282565	4.1097820641282565	11.22	0.01	0.4892597695390782	0.4892597695390782	11.22	0.0	286.0	287.13	850.08	-38.02	0	1
PROTOTYPE	000952	04/15/18	18:42:48	0.4892597695390782	0.4892597695390782	11.23	0.0	4.1097820641282565	4.1097820641282565	11.23	0.01	0.4892597695390782	0.4892597695390782	11.23	0.0	285.0	286.81	544.41	267.68	0	1
PROTOTYPE	000953	04/15/18	18:42:50	0.4892597695390782	0.4892597695390782	11.23	0.0	4.1097820641282565	4.1097820641282565	11.23	0.01	0.4892597695390782	0.4892597695390782	11.23	0.0	296.0	288.19	594.25	317.53	0	1
PROTOTYPE	000954	04/15/18	18:42:51	0.4892597695390782	0.4892597695390782	11.23	0.0	4.1097820641282565	4.1097820641282565	11.23	0.01	0.4892597695390782	0.4892597695390782	11.23	0.0	281.0	287.11	687.27	194.9	0	1
PROTOTYPE	000955	04/15/18	18:42:53	0.4892597695390782	0.4892597695390782	11.23	0.0	4.1097820641282565	4.1097820641282565	11.23	0.01	0.4892597695390782	0.4892597695390782	11.23	0.0	288.0	287.24	568.1	75.67	0	1
PROTOTYPE	000956	04/15/18	18:42:54	0.4892597695390782	0.4892597695390782	11.24	0.0	4.1097820641282565	4.1097820641282565	11.24	0.0	0.4892597695390782	0.4892597695390782	11.24	0.0	288.0	287.36	557.15	109.32	0	1
PROTOTYPE	000957	04/15/18	18:42:56	0.4892597695390782	0.4892597695390782	11.26	0.0	4.1097820641282565	4.1097820641282565	11.26	0.0	0.4892597695390782	0.4892597695390782	11.26	0.0	282.0	286.55	573.54	92.92	0	1
PROTOTYPE	000958	04/15/18	18:42:57	0.4892597695390782	0.4892597695390782	11.28	0.0	4.1097820641282565	4.1097820641282565	11.28	0.0	0.4892597695390782	0.4892597695390782	11.28	0.0	287.0	286.62	409.75	-71.02	0	1
PROTOTYPE	000959	04/15/18	18:42:58	0.4892597695390782	0.4892597695390782	11.27	0.0	4.1097820641282565	4.1097820641282565	11.27	0.0	0.4892597695390782	0.4892597695390782	11.27	0.0	292.0	287.43	470.42	29.63	0	1
PROTOTYPE	000960	04/15/18	18:43:00	0.4892597695390782	0.4892597695390782	11.26	0.0	4.1097820641282565	4.1097820641282565	11.26	0.0	0.4892597695390782	0.4892597695390782	11.26	0.0	287.0	287.36	444.98	55.19	0	1
PROTOTYPE	000961	04/15/18	18:43:01	0.4892597695390782	0.4892597695390782	11.26	0.0	4.1097820641282565	4.1097820641282565	11.26	0.0	0.4892597695390782	0.4892597695390782	11.26	0.0	296.0	288.66	436.7	46.91	0	1
PROTOTYPE	000962	04/15/18	18:43:03	0.4892597695390782	0.4892597695390782	11.28	0.0	4.1097820641282565	4.1097820641282565	11.28	0.0	0.4892597695390782	0.4892597695390782	11.28	0.0	284.0	287.96	398.75	84.87	0	1
PROTOTYPE	000963	04/15/18	18:43:04	0.4892597695390782	0.4892597695390782	11.28	0.0	4.1097820641282565	4.1097820641282565	11.28	0.0	0.4892597695390782	0.4892597695390782	11.28	0.0	289.0	288.12	401.0	87.14	0	1
PROTOTYPE	000964	04/15/18	18:43:05	0.4892597695390782	0.4892597695390782	11.29	0.0	4.1097820641282565	4.1097820641282565	11.29	0.0	0.4892597695390782	0.4892597695390782	11.29	0.0	292.0	288.7	447.86	134.07	0	1
PROTOTYPE	000965	04/15/18	18:43:07	0.4892597695390782	0.4892597695390782	11.3	0.0	4.1097820641282565	4.1097820641282565	11.3	0.0	0.4892597695390782	0.4892597695390782	11.3	0.0	300.0	290.39	537.0	383.96	0	1
PROTOTYPE	000966	04/15/18	18:43:08	0.4892597695390782	0.4892597695390782	11.29	0.0	4.1097820641282565	4.1097820641282565	11.29	0.0	0.4892597695390782	0.4892597695390782	11.29	0.0	293.0	290.78	569.28	416.37	0	1
