Dev_id	Index	Date	Time	Sensor1	Sensor1_Filter	Sensor1_LL	Sensor1_Diff	Sensor2	Sensor2_Filter	Sensor2_LL	Sensor2_Diff	Sensor3	Sensor3_Filter	Sensor3_LL	Sensor3_Diff	Sensor4	Sensor4_Filter	Sensor4_LL	Sensor4_Diff	Heater_Status	FSM_Status
PROTOTYPE	000602	04/09/18	21:33:27	0.4892597695390782	0.4892597695390782	73.05	0.0	0.6849636773547094	0.6849636773547094	73.05	0.0	0.4892597695390782	0.4892597695390782	73.05	0.0	284.0	286.11	459.17	123.92	0	b'BAS'
PROTOTYPE	000603	04/09/18	21:33:36	0.4892597695390782	0.4892597695390782	73.05	0.0	0.6849636773547094	0.6849636773547094	73.05	0.0	0.4892597695390782	0.4892597695390782	73.05	0.0	293.0	287.14	533.48	255.33	0	b'BAS'
PROTOTYPE	000604	04/09/18	21:33:45	0.4892597695390782	0.4892597695390782	73.05	0.0	0.6849636773547094	0.6849636773547094	73.05	0.0	0.4892597695390782	0.4892597695390782	73.05	0.0	290.0	287.57	450.81	172.03	0	b'BAS'
PROTOTYPE	000605	04/09/18	21:33:55	0.4892597695390782	0.4892597695390782	73.05	0.0	0.6849636773547094	0.6849636773547094	73.05	0.0	0.4892597695390782	0.4892597695390782	73.05	0.0	275.0	285.68	591.46	-63.77	0	b'BAS'
PROTOTYPE	000606	04/09/18	21:34:04	0.4892597695390782	0.4892597695390782	73.05	0.0	0.6849636773547094	0.6849636773547094	73.05	0.0	0.4892597695390782	0.4892597695390782	73.05	0.0	293.0	286.78	630.81	-24.21	0	b'BAS'
PROTOTYPE	000607	04/09/18	21:34:13	0.4892597695390782	0.4892597695390782	73.05	0.0	0.6849636773547094	0.6849636773547094	73.05	0.0	0.4892597695390782	0.4892597695390782	73.05	0.0	285.0	286.51	612.79	-5.58	0	b'BAS'
PROTOTYPE	000608	04/09/18	21:34:22	0.4892597695390782	0.4892597695390782	73.05	0.0	0.6849636773547094	0.6849636773547094	73.05	0.0	0.4892597695390782	0.4892597695390782	73.05	0.0	289.0	286.89	596.84	85.26	0	b'BAS'
PROTOTYPE	000609	04/09/18	21:34:31	0.4892597695390782	0.4892597695390782	73.05	0.0	0.6849636773547094	0.6849636773547094	73.05	0.0	0.4892597695390782	0.4892597695390782	73.05	0.0	280.0	285.85	655.15	-62.53	0	b'BAS'
PROTOTYPE	000610	04/09/18	21:34:40	0.4892597695390782	0.4892597695390782	73.05	0.0	0.6849636773547094	0.6849636773547094	73.05	0.0	0.4892597695390782	0.4892597695390782	73.05	0.0	278.0	284.68	735.02	-143.15	0	b'BAS'
PROTOTYPE	000611	04/09/18	21:34:49	0.4892597695390782	0.4892597695390782	73.05	0.0	0.6849636773547094	0.6849636773547094	73.05	0.0	0.4892597695390782	0.4892597695390782	73.05	0.0	289.0	285.32	696.73	-181.68	0	b'BAS'
PROTOTYPE	000612	04/09/18	21:34:58	0.4892597695390782	0.4892597695390782	73.05	0.0	0.6849636773547094	0.6849636773547094	73.05	0.0	0.4892597695390782	0.4892597695390782	73.05	0.0	288.0	285.73	694.05	-184.43	0	b'BAS'
PROTOTYPE	000613	04/09/18	21:35:08	0.4892597695390782	0.4892597695390782	73.05	0.0	0.6849636773547094	0.6849636773547094	73.05	0.0	0.4892597695390782	0.4892597695390782	73.05	0.0	284.0	285.47	532.72	-21.76	0	b'BAS'
PROTOTYPE	000614	04/09/18	21:35:17	0.4892597695390782	0.4892597695390782	73.05	0.0	0.6849636773547094	0.6849636773547094	73.05	0.0	0.4892597695390782	0.4892597695390782	73.05	0.0	283.0	285.1	460.73	-168.5	0	b'BAS'
PROTOTYPE	000615	04/09/18	21:35:26	0.4892597695390782	0.4892597695390782	73.05	0.0	0.6849636773547094	0.6849636773547094	73.05	0.0	0.4892597695390782	0.4892597695390782	73.05	0.0	287.0	285.38	462.46	-113.22	0	b'BAS'
PROTOTYPE	000616	04/09/18	21:35:35	0.4892597695390782	0.4892597695390782	73.05	0.0	0.6849636773547094	0.6849636773547094	73.05	0.0	0.4892597695390782	0.4892597695390782	73.05	0.0	299.0	287.43	628.54	53.76	0	b'BAS'
PROTOTYPE	000617	04/09/18	21:35:44	0.4892597695390782	0.4892597695390782	73.05	0.0	0.6849636773547094	0.6849636773547094	73.05	0.0	0.4892597695390782	0.4892597695390782	73.05	0.0	288.0	287.51	537.38	165.7	0	b'BAS'
PROTOTYPE	000618	04/09/18	21:35:53	0.4892597695390782	0.4892597695390782	73.05	0.0	0.6849636773547094	0.6849636773547094	73.05	0.0	0.4892597695390782	0.4892597695390782	73.05	0.0	281.0	286.53	517.31	185.84	0	b'BAS'
PROTOTYPE	000619	04/09/18	21:36:02	0.4892597695390782	0.4892597695390782	73.05	0.0	0.6849636773547094	0.6849636773547094	73.05	0.0	0.4892597695390782	0.4892597695390782	73.05	0.0	292.0	287.35	534.3	202.97	0	b'BAS'
PROTOTYPE	000620	04/09/18	21:36:11	0.4892597695390782	0.4892597695390782	73.05	0.0	0.6849636773547094	0.6849636773547094	73.05	0.0	0.4892597695390782	0.4892597695390782	73.05	0.0	284.0	286.85	544.29	112.52	0	b'BAS'
PROTOTYPE	000621	04/09/18	21:36:21	0.4892597695390782	0.4892597695390782	73.05	0.0	0.6849636773547094	0.6849636773547094	73.05	0.0	0.4892597695390782	0.4892597695390782	73.05	0.0	285.0	286.57	546.07	110.64	0	b'BAS'
PROTOTYPE	000622	04/09/18	21:36:30	0.4892597695390782	0.4892597695390782	73.05	0.0	0.6849636773547094	0.6849636773547094	73.05	0.0	0.4892597695390782	0.4892597695390782	73.05	0.0	268.0	283.79	786.7	-130.95	0	b'BAS'
PROTOTYPE	000623	04/09/18	21:36:39	0.4892597695390782	0.4892597695390782	73.05	0.0	0.6849636773547094	0.6849636773547094	73.05	0.0	0.4892597695390782	0.4892597695390782	73.05	0.0	283.0	283.67	771.66	-171.31	0	b'BAS'
PROTOTYPE	000624	04/09/18	21:36:48	0.4892597695390782	0.4892597695390782	73.05	0.0	0.6849636773547094	0.6849636773547094	73.05	0.0	0.4892597695390782	0.4892597695390782	73.05	0.0	285.0	283.87	589.15	-355.61	0	b'BAS'
PROTOTYPE	000625	04/09/18	21:36:57	0.4892597695390782	0.4892597695390782	73.05	0.0	0.6849636773547094	0.6849636773547094	73.05	0.0	0.4892597695390782	0.4892597695390782	73.05	0.0	289.0	284.64	654.09	-287.27	0	b'BAS'
PROTOTYPE	000626	04/09/18	21:37:06	0.4892597695390782	0.4892597695390782	73.05	0.0	0.6849636773547094	0.6849636773547094	73.05	0.0	0.4892597695390782	0.4892597695390782	73.05	0.0	289.0	285.29	622.05	-124.18	0	b'BAS'
PROTOTYPE	000627	04/09/18	21:37:15	0.4892597695390782	0.4892597695390782	73.05	0.0	0.6849636773547094	0.6849636773547094	73.05	0.0	0.4892597695390782	0.4892597695390782	73.05	0.0	274.0	283.6	709.2	-375.55	0	b'BAS'
PROTOTYPE	000628	04/09/18	21:37:24	0.4892597695390782	0.4892597695390782	73.05	0.0	0.6849636773547094	0.6849636773547094	73.05	0.0	0.4892597695390782	0.4892597695390782	73.05	0.0	270.0	281.56	862.25	-529.22	0	b'BAS'
PROTOTYPE	000629	04/09/18	21:37:34	0.4892597695390782	0.4892597695390782	73.05	0.0	0.6849636773547094	0.6849636773547094	73.05	0.0	0.4892597695390782	0.4892597695390782	73.05	0.0	296.0	283.73	1049.82	-284.84	0	b'BAS'
PROTOTYPE	000630	04/09/18	21:37:43	0.4892597695390782	0.4892597695390782	73.05	0.0	0.6849636773547094	0.6849636773547094	73.05	0.0	0.4892597695390782	0.4892597695390782	73.05	0.0	287.0	284.22	821.03	42.89	0	b'BAS'
PROTOTYPE	000631	04/09/18	21:37:52	0.4892597695390782	0.4892597695390782	73.05	0.0	0.6849636773547094	0.6849636773547094	73.05	0.0	0.4892597695390782	0.4892597695390782	73.05	0.0	288.0	284.78	863.59	111.45	0	b'BAS'
PROTOTYPE	000632	04/09/18	21:38:01	0.4892597695390782	0.4892597695390782	73.05	0.0	0.6849636773547094	0.6849636773547094	73.05	0.0	0.4892597695390782	0.4892597695390782	73.05	0.0	278.0	283.77	943.81	-10.26	0	b'BAS'
PROTOTYPE	000633	04/09/18	21:38:10	0.4892597695390782	0.4892597695390782	73.05	0.0	0.6849636773547094	0.6849636773547094	73.05	0.0	0.4892597695390782	0.4892597695390782	73.05	0.0	291.0	284.85	975.19	21.28	0	b'BAS'
PROTOTYPE	000634	04/09/18	21:38:19	0.4892597695390782	0.4892597695390782	73.05	0.0	0.6849636773547094	0.6849636773547094	73.05	0.0	0.4892597695390782	0.4892597695390782	73.05	0.0	288.0	285.32	957.24	3.08	0	b'BAS'
PROTOTYPE	000635	04/09/18	21:38:28	0.4892597695390782	0.4892597695390782	73.05	0.0	0.6849636773547094	0.6849636773547094	73.05	0.0	0.4892597695390782	0.4892597695390782	73.05	0.0	288.0	285.73	828.77	212.62	0	b'BAS'
PROTOTYPE	000636	04/09/18	21:38:38	0.4892597695390782	0.4892597695390782	73.05	0.0	0.6849636773547094	0.6849636773547094	73.05	0.0	0.4892597695390782	0.4892597695390782	73.05	0.0	290.0	286.37	689.35	480.73	0	b'BAS'
PROTOTYPE	000637	04/09/18	21:38:47	0.4892597695390782	0.4892597695390782	73.05	0.0	0.6849636773547094	0.6849636773547094	73.05	0.0	0.4892597695390782	0.4892597695390782	73.05	0.0	290.0	286.91	527.81	318.62	0	b'BAS'
PROTOTYPE	000638	04/09/18	21:38:56	0.4892597695390782	0.4892597695390782	73.05	0.0	0.6849636773547094	0.6849636773547094	73.05	0.0	0.4892597695390782	0.4892597695390782	73.05	0.0	264.0	283.47	821.64	-74.17	0	b'BAS'
PROTOTYPE	000639	04/09/18	21:39:05	0.4892597695390782	0.4892597695390782	73.05	0.0	0.6849636773547094	0.6849636773547094	73.05	0.0	0.4892597695390782	0.4892597695390782	73.05	0.0	285.0	283.7	788.79	-108.05	0	b'BAS'
PROTOTYPE	000640	04/09/18	21:39:14	0.4892597695390782	0.4892597695390782	73.05	0.0	0.6849636773547094	0.6849636773547094	73.05	0.0	0.4892597695390782	0.4892597695390782	73.05	0.0	290.0	284.65	781.51	88.16	0	b'BAS'
PROTOTYPE	000641	04/09/18	21:39:23	0.4892597695390782	0.4892597695390782	73.05	0.0	0.6849636773547094	0.6849636773547094	73.05	0.0	0.4892597695390782	0.4892597695390782	73.05	0.0	285.0	284.7	683.17	-15.06	0	b'BAS'
PROTOTYPE	000642	04/09/18	21:39:32	0.4892597695390782	0.4892597695390782	73.05	0.0	0.6849636773547094	0.6849636773547094	73.05	0.0	0.4892597695390782	0.4892597695390782	73.05	0.0	296.0	286.4	804.8	107.2	0	b'BAS'
PROTOTYPE	000643	04/09/18	21:39:41	0.4892597695390782	0.4892597695390782	73.05	0.0	0.6849636773547094	0.6849636773547094	73.05	0.0	0.4892597695390782	0.4892597695390782	73.05	0.0	290.0	286.94	818.46	121.12	0	b'BAS'
PROTOTYPE	000644	04/09/18	21:39:51	0.4892597695390782	0.4892597695390782	73.05	0.0	0.6849636773547094	0.6849636773547094	73.05	0.0	0.4892597695390782	0.4892597695390782	73.05	0.0	291.0	287.55	815.33	117.95	0	b'BAS'
PROTOTYPE	000645	04/09/18	21:40:00	0.4892597695390782	0.4892597695390782	73.05	0.0	0.6849636773547094	0.6849636773547094	73.05	0.0	0.4892597695390782	0.4892597695390782	73.05	0.0	273.0	285.36	978.44	-154.74	0	b'BAS'
PROTOTYPE	000646	04/09/18	21:40:09	0.4892597695390782	0.4892597695390782	73.05	0.0	0.6849636773547094	0.6849636773547094	73.05	0.0	0.4892597695390782	0.4892597695390782	73.05	0.0	281.0	284.71	700.74	123.47	0	b'BAS'
PROTOTYPE	000647	04/09/18	21:40:18	0.4892597695390782	0.4892597695390782	73.05	0.0	0.6849636773547094	0.6849636773547094	73.05	0.0	0.4892597695390782	0.4892597695390782	73.05	0.0	279.0	283.85	762.23	14.95	0	b'BAS'
PROTOTYPE	000648	04/09/18	21:40:27	0.4892597695390782	0.4892597695390782	73.05	0.0	0.6849636773547094	0.6849636773547094	73.05	0.0	0.4892597695390782	0.4892597695390782	73.05	0.0	288.0	284.48	730.22	-17.29	0	b'BAS'
PROTOTYPE	000649	04/09/18	21:40:36	0.4892597695390782	0.4892597695390782	73.05	0.0	0.6849636773547094	0.6849636773547094	73.05	0.0	0.4892597695390782	0.4892597695390782	73.05	0.0	269.0	282.15	951.98	-254.7	0	b'BAS'
PROTOTYPE	000650	04/09/18	21:40:45	0.4892597695390782	0.4892597695390782	73.05	0.0	0.6849636773547094	0.6849636773547094	73.05	0.0	0.4892597695390782	0.4892597695390782	73.05	0.0	278.0	281.53	845.21	-486.5	0	b'BAS'
PROTOTYPE	000651	04/09/18	21:40:54	0.4892597695390782	0.4892597695390782	73.05	0.0	0.6849636773547094	0.6849636773547094	73.05	0.0	0.4892597695390782	0.4892597695390782	73.05	0.0	287.0	282.35	872.93	-458.52	0	b'BAS'
PROTOTYPE	000652	04/09/18	21:41:04	0.4892597695390782	0.4892597695390782	73.05	0.0	0.6849636773547094	0.6849636773547094	73.05	0.0	0.4892597695390782	0.4892597695390782	73.05	0.0	297.0	284.55	1031.22	-299.74	0	b'BAS'
PROTOTYPE	000653	04/09/18	21:41:13	0.4892597695390782	0.4892597695390782	73.05	0.0	0.6849636773547094	0.6849636773547094	73.05	0.0	0.4892597695390782	0.4892597695390782	73.05	0.0	287.0	284.92	850.73	-44.78	0	b'BAS'
PROTOTYPE	000654	04/09/18	21:41:22	0.4892597695390782	0.4892597695390782	73.05	0.0	0.6849636773547094	0.6849636773547094	73.05	0.0	0.4892597695390782	0.4892597695390782	73.05	0.0	283.0	284.63	814.79	-8.06	0	b'BAS'
PROTOTYPE	000655	04/09/18	21:41:31	0.4892597695390782	0.4892597695390782	73.05	0.0	0.6849636773547094	0.6849636773547094	73.05	0.0	0.4892597695390782	0.4892597695390782	73.05	0.0	276.0	283.33	858.42	-51.85	0	b'BAS'
PROTOTYPE	000656	04/09/18	21:41:40	0.4892597695390782	0.4892597695390782	73.05	0.0	0.6849636773547094	0.6849636773547094	73.05	0.0	0.4892597695390782	0.4892597695390782	73.05	0.0	286.0	283.73	836.56	-74.08	0	b'BAS'
PROTOTYPE	000657	04/09/18	21:41:49	0.4892597695390782	0.4892597695390782	73.05	0.0	0.6849636773547094	0.6849636773547094	73.05	0.0	0.4892597695390782	0.4892597695390782	73.05	0.0	288.0	284.37	668.89	222.04	0	b'BAS'
PROTOTYPE	000658	04/09/18	21:41:58	0.4892597695390782	0.4892597695390782	73.05	0.0	0.6849636773547094	0.6849636773547094	73.05	0.0	0.4892597695390782	0.4892597695390782	73.05	0.0	291.0	285.37	705.72	383.73	0	b'BAS'
PROTOTYPE	000659	04/09/18	21:42:07	0.4892597695390782	0.4892597695390782	73.05	0.0	0.6849636773547094	0.6849636773547094	73.05	0.0	0.4892597695390782	0.4892597695390782	73.05	0.0	268.0	282.76	883.86	41.17	0	b'BAS'
PROTOTYPE	000660	04/09/18	21:42:17	0.4892597695390782	0.4892597695390782	73.05	0.0	0.6849636773547094	0.6849636773547094	73.05	0.0	0.4892597695390782	0.4892597695390782	73.05	0.0	291.0	284.0	787.83	-55.01	0	b'BAS'
PROTOTYPE	000661	04/09/18	21:42:26	0.4892597695390782	0.4892597695390782	73.05	0.0	0.6849636773547094	0.6849636773547094	73.05	0.0	0.4892597695390782	0.4892597695390782	73.05	0.0	287.0	284.45	795.88	-46.75	0	b'BAS'
PROTOTYPE	000662	04/09/18	21:42:35	0.4892597695390782	0.4892597695390782	73.05	0.0	0.6849636773547094	0.6849636773547094	73.05	0.0	0.4892597695390782	0.4892597695390782	73.05	0.0	291.0	285.43	864.42	80.26	0	b'BAS'
PROTOTYPE	000663	04/09/18	21:42:44	0.4892597695390782	0.4892597695390782	73.05	0.0	0.6849636773547094	0.6849636773547094	73.05	0.0	0.4892597695390782	0.4892597695390782	73.05	0.0	282.0	284.92	786.94	158.22	0	b'BAS'
PROTOTYPE	000664	04/09/18	21:42:53	0.4892597695390782	0.4892597695390782	73.05	0.0	0.6849636773547094	0.6849636773547094	73.05	0.0	0.4892597695390782	0.4892597695390782	73.05	0.0	292.0	285.98	852.57	224.49	0	b'BAS'
PROTOTYPE	000665	04/09/18	21:43:02	0.4892597695390782	0.4892597695390782	73.05	0.0	0.6849636773547094	0.6849636773547094	73.05	0.0	0.4892597695390782	0.4892597695390782	73.05	0.0	281.0	285.23	863.17	85.81	0	b'BAS'
PROTOTYPE	000666	04/09/18	21:43:11	0.4892597695390782	0.4892597695390782	73.05	0.0	0.6849636773547094	0.6849636773547094	73.05	0.0	0.4892597695390782	0.4892597695390782	73.05	0.0	284.0	285.05	783.98	-32.06	0	b'BAS'
PROTOTYPE	000667	04/09/18	21:43:20	0.4892597695390782	0.4892597695390782	73.05	0.0	0.6849636773547094	0.6849636773547094	73.05	0.0	0.4892597695390782	0.4892597695390782	73.05	0.0	292.0	286.09	627.99	332.75	0	b'BAS'
PROTOTYPE	000668	04/09/18	21:43:30	0.4892597695390782	0.4892597695390782	73.05	0.0	0.6849636773547094	0.6849636773547094	73.05	0.0	0.4892597695390782	0.4892597695390782	73.05	0.0	283.0	285.63	551.34	162.84	0	b'BAS'
PROTOTYPE	000669	04/09/18	21:43:39	0.4892597695390782	0.4892597695390782	73.05	0.0	0.6849636773547094	0.6849636773547094	73.05	0.0	0.4892597695390782	0.4892597695390782	73.05	0.0	286.0	285.68	516.11	123.41	0	b'BAS'
PROTOTYPE	000670	04/09/18	21:43:48	0.4892597695390782	0.4892597695390782	73.05	0.0	0.6849636773547094	0.6849636773547094	73.05	0.0	0.4892597695390782	0.4892597695390782	73.05	0.0	292.0	286.63	512.62	119.9	0	b'BAS'
PROTOTYPE	000671	04/09/18	21:43:57	0.4892597695390782	0.4892597695390782	73.05	0.0	0.6849636773547094	0.6849636773547094	73.05	0.0	0.4892597695390782	0.4892597695390782	73.05	0.0	295.0	287.89	586.22	296.92	0	b'BAS'
PROTOTYPE	000672	04/09/18	21:44:06	0.4892597695390782	0.4892597695390782	73.05	0.0	0.6849636773547094	0.6849636773547094	73.05	0.0	0.4892597695390782	0.4892597695390782	73.05	0.0	295.0	288.95	586.68	297.38	0	b'BAS'
PROTOTYPE	000673	04/09/18	21:44:15	0.4892597695390782	0.4892597695390782	73.05	0.0	0.6849636773547094	0.6849636773547094	73.05	0.0	0.4892597695390782	0.4892597695390782	73.05	0.0	281.0	287.76	631.08	252.77	0	b'BAS'
PROTOTYPE	000674	04/09/18	21:44:24	0.4892597695390782	0.4892597695390782	73.05	0.0	0.6849636773547094	0.6849636773547094	73.05	0.0	0.4892597695390782	0.4892597695390782	73.05	0.0	293.0	288.55	689.59	349.86	0	b'BAS'
PROTOTYPE	000675	04/09/18	21:44:34	0.4892597695390782	0.4892597695390782	73.05	0.0	0.6849636773547094	0.6849636773547094	73.05	0.0	0.4892597695390782	0.4892597695390782	73.05	0.0	281.0	287.41	698.46	132.38	0	b'BAS'
PROTOTYPE	000676	04/09/18	21:44:43	0.4892597695390782	0.4892597695390782	73.05	0.0	0.6849636773547094	0.6849636773547094	73.05	0.0	0.4892597695390782	0.4892597695390782	73.05	0.0	287.0	287.35	662.26	172.52	0	b'BAS'
PROTOTYPE	000677	04/09/18	21:44:52	0.4892597695390782	0.4892597695390782	73.05	0.0	0.6849636773547094	0.6849636773547094	73.05	0.0	0.4892597695390782	0.4892597695390782	73.05	0.0	289.0	287.6	677.9	191.64	0	b'BAS'
PROTOTYPE	000678	04/09/18	21:45:01	0.4892597695390782	0.4892597695390782	73.05	0.0	0.6849636773547094	0.6849636773547094	73.05	0.0	0.4892597695390782	0.4892597695390782	73.05	0.0	276.0	285.86	756.93	-77.1	0	b'BAS'
PROTOTYPE	000679	04/09/18	21:45:10	0.4892597695390782	0.4892597695390782	73.05	0.0	0.6849636773547094	0.6849636773547094	73.05	0.0	0.4892597695390782	0.4892597695390782	73.05	0.0	289.0	286.33	679.04	-155.54	0	b'BAS'
PROTOTYPE	000680	04/09/18	21:45:19	0.4892597695390782	0.4892597695390782	73.05	0.0	0.6849636773547094	0.6849636773547094	73.05	0.0	0.4892597695390782	0.4892597695390782	73.05	0.0	276.0	284.78	727.16	-417.21	0	b'BAS'
PROTOTYPE	000681	04/09/18	21:45:28	0.4892597695390782	0.4892597695390782	73.05	0.0	0.6849636773547094	0.6849636773547094	73.05	0.0	0.4892597695390782	0.4892597695390782	73.05	0.0	288.0	285.26	656.66	-249.63	0	b'BAS'
PROTOTYPE	000682	04/09/18	21:45:37	0.4892597695390782	0.4892597695390782	73.05	0.0	0.6849636773547094	0.6849636773547094	73.05	0.0	0.4892597695390782	0.4892597695390782	73.05	0.0	289.0	285.82	634.32	-272.18	0	b'BAS'
PROTOTYPE	000683	04/09/18	21:45:47	0.4892597695390782	0.4892597695390782	73.05	0.0	0.6849636773547094	0.6849636773547094	73.05	0.0	0.4892597695390782	0.4892597695390782	73.05	0.0	289.0	286.3	569.27	-111.36	0	b'BAS'
PROTOTYPE	000684	04/09/18	21:45:56	0.4892597695390782	0.4892597695390782	73.05	0.0	0.6849636773547094	0.6849636773547094	73.05	0.0	0.4892597695390782	0.4892597695390782	73.05	0.0	289.0	286.71	599.73	-64.65	0	b'BAS'
PROTOTYPE	000685	04/09/18	21:46:05	0.4892597695390782	0.4892597695390782	73.05	0.0	0.6849636773547094	0.6849636773547094	73.05	0.0	0.4892597695390782	0.4892597695390782	73.05	0.0	285.0	286.45	600.54	-114.95	0	b'BAS'
PROTOTYPE	000686	04/09/18	21:46:14	0.4892597695390782	0.4892597695390782	73.05	0.0	0.6849636773547094	0.6849636773547094	73.05	0.0	0.4892597695390782	0.4892597695390782	73.05	0.0	273.0	284.43	628.27	-142.71	0	b'BAS'
PROTOTYPE	000687	04/09/18	21:46:23	0.4892597695390782	0.4892597695390782	73.05	0.0	0.6849636773547094	0.6849636773547094	73.05	0.0	0.4892597695390782	0.4892597695390782	73.05	0.0	278.0	283.47	677.19	-286.3	0	b'BAS'
PROTOTYPE	000688	04/09/18	21:46:32	0.4892597695390782	0.4892597695390782	73.05	0.0	0.6849636773547094	0.6849636773547094	73.05	0.0	0.4892597695390782	0.4892597695390782	73.05	0.0	288.0	284.15	590.57	-63.36	0	b'BAS'
PROTOTYPE	000689	04/09/18	21:46:41	0.4892597695390782	0.4892597695390782	73.05	0.0	0.6849636773547094	0.6849636773547094	73.05	0.0	0.4892597695390782	0.4892597695390782	73.05	0.0	290.0	285.03	629.69	-23.85	0	b'BAS'
PROTOTYPE	000690	04/09/18	21:46:50	0.4892597695390782	0.4892597695390782	73.05	0.0	0.6849636773547094	0.6849636773547094	73.05	0.0	0.4892597695390782	0.4892597695390782	73.05	0.0	274.0	283.37	738.54	-245.28	0	b'BAS'
PROTOTYPE	000691	04/09/18	21:47:00	0.4892597695390782	0.4892597695390782	73.05	0.0	0.6849636773547094	0.6849636773547094	73.05	0.0	0.4892597695390782	0.4892597695390782	73.05	0.0	286.0	283.77	730.5	-253.49	0	b'BAS'
PROTOTYPE	000692	04/09/18	21:47:09	0.4892597695390782	0.4892597695390782	73.05	0.0	0.6849636773547094	0.6849636773547094	73.05	0.0	0.4892597695390782	0.4892597695390782	73.05	0.0	286.0	284.1	723.73	-260.46	0	b'BAS'
PROTOTYPE	000693	04/09/18	21:47:18	0.4892597695390782	0.4892597695390782	73.05	0.0	0.6849636773547094	0.6849636773547094	73.05	0.0	0.4892597695390782	0.4892597695390782	73.05	0.0	276.0	282.89	818.42	-356.39	0	b'BAS'
PROTOTYPE	000694	04/09/18	21:47:27	0.4892597695390782	0.4892597695390782	73.05	0.0	0.6849636773547094	0.6849636773547094	73.05	0.0	0.4892597695390782	0.4892597695390782	73.05	0.0	270.0	280.95	809.97	-347.93	0	b'BAS'
PROTOTYPE	000695	04/09/18	21:47:36	0.4892597695390782	0.4892597695390782	73.05	0.0	0.6849636773547094	0.6849636773547094	73.05	0.0	0.4892597695390782	0.4892597695390782	73.05	0.0	273.0	279.76	832.7	-370.74	0	b'BAS'
PROTOTYPE	000696	04/09/18	21:47:45	0.4892597695390782	0.4892597695390782	73.05	0.0	0.6849636773547094	0.6849636773547094	73.05	0.0	0.4892597695390782	0.4892597695390782	73.05	0.0	291.0	281.45	932.95	-270.13	0	b'BAS'
PROTOTYPE	000697	04/09/18	21:47:54	0.4892597695390782	0.4892597695390782	73.05	0.0	0.6849636773547094	0.6849636773547094	73.05	0.0	0.4892597695390782	0.4892597695390782	73.05	0.0	290.0	282.73	973.32	-229.61	0	b'BAS'
PROTOTYPE	000698	04/09/18	21:48:03	0.4892597695390782	0.4892597695390782	73.05	0.0	0.6849636773547094	0.6849636773547094	73.05	0.0	0.4892597695390782	0.4892597695390782	73.05	0.0	292.0	284.12	947.05	74.83	0	b'BAS'
PROTOTYPE	000699	04/09/18	21:48:13	0.4892597695390782	0.4892597695390782	73.05	0.0	0.6849636773547094	0.6849636773547094	73.05	0.0	0.4892597695390782	0.4892597695390782	73.05	0.0	273.0	282.45	1073.63	-131.4	0	b'BAS'
PROTOTYPE	000700	04/09/18	21:48:22	0.4892597695390782	0.4892597695390782	73.05	0.0	0.6849636773547094	0.6849636773547094	73.05	0.0	0.4892597695390782	0.4892597695390782	73.05	0.0	286.0	282.98	1092.89	-111.69	0	b'BAS'
PROTOTYPE	000701	04/09/18	21:48:31	0.4892597695390782	0.4892597695390782	73.05	0.0	0.6849636773547094	0.6849636773547094	73.05	0.0	0.4892597695390782	0.4892597695390782	73.05	0.0	277.0	282.09	1061.26	-79.93	0	b'BAS'
PROTOTYPE	000702	04/09/18	21:48:40	0.4892597695390782	0.4892597695390782	73.05	0.0	0.6849636773547094	0.6849636773547094	73.05	0.0	0.4892597695390782	0.4892597695390782	73.05	0.0	275.0	281.02	974.45	7.06	0	b'BAS'
PROTOTYPE	000703	04/09/18	21:48:49	0.4892597695390782	0.4892597695390782	73.05	0.0	0.6849636773547094	0.6849636773547094	73.05	0.0	0.4892597695390782	0.4892597695390782	73.05	0.0	283.0	281.32	885.83	156.0	0	b'BAS'
PROTOTYPE	000704	04/09/18	21:48:58	0.4892597695390782	0.4892597695390782	73.05	0.0	0.6849636773547094	0.6849636773547094	73.05	0.0	0.4892597695390782	0.4892597695390782	73.05	0.0	289.0	282.47	832.54	102.6	0	b'BAS'
PROTOTYPE	000705	04/09/18	21:49:07	0.4892597695390782	0.4892597695390782	73.05	0.0	0.6849636773547094	0.6849636773547094	73.05	0.0	0.4892597695390782	0.4892597695390782	73.05	0.0	284.0	282.7	728.58	-2.79	0	b'BAS'
PROTOTYPE	000706	04/09/18	21:49:17	0.4892597695390782	0.4892597695390782	73.04	0.0	0.6849636773547094	0.6849636773547094	73.04	0.0	0.4892597695390782	0.4892597695390782	73.04	0.0	287.0	283.35	654.34	-77.37	0	b'BAS'
PROTOTYPE	000707	04/09/18	21:49:26	0.4892597695390782	0.4892597695390782	73.05	0.0	0.6849636773547094	0.6849636773547094	73.05	0.0	0.4892597695390782	0.4892597695390782	73.05	0.0	282.0	283.14	509.45	69.23	0	b'BAS'
PROTOTYPE	000708	04/09/18	21:49:35	0.4892597695390782	0.4892597695390782	73.05	0.0	0.6849636773547094	0.6849636773547094	73.05	0.0	0.4892597695390782	0.4892597695390782	73.05	0.0	292.0	284.47	588.61	148.85	0	b'BAS'
PROTOTYPE	000709	04/09/18	21:49:44	0.4892597695390782	0.4892597695390782	73.05	0.0	0.6849636773547094	0.6849636773547094	73.05	0.0	0.4892597695390782	0.4892597695390782	73.05	0.0	295.0	286.05	656.56	396.52	0	b'BAS'
PROTOTYPE	000710	04/09/18	21:49:53	0.4892597695390782	0.4892597695390782	73.05	0.0	0.6849636773547094	0.6849636773547094	73.05	0.0	0.4892597695390782	0.4892597695390782	73.05	0.0	280.0	285.14	641.1	412.04	0	b'BAS'
PROTOTYPE	000711	04/09/18	21:50:02	0.4892597695390782	0.4892597695390782	73.05	0.0	0.6849636773547094	0.6849636773547094	73.05	0.0	0.4892597695390782	0.4892597695390782	73.05	0.0	284.0	284.97	629.52	365.24	0	b'BAS'
PROTOTYPE	000712	04/09/18	21:50:11	0.4892597695390782	0.4892597695390782	73.05	0.0	0.6849636773547094	0.6849636773547094	73.05	0.0	0.4892597695390782	0.4892597695390782	73.05	0.0	289.0	285.58	575.06	310.45	0	b'BAS'
PROTOTYPE	000713	04/09/18	21:50:20	0.4892597695390782	0.4892597695390782	73.05	0.0	0.6849636773547094	0.6849636773547094	73.05	0.0	0.4892597695390782	0.4892597695390782	73.05	0.0	272.0	283.54	754.23	83.88	0	b'BAS'
PROTOTYPE	000714	04/09/18	21:50:30	0.4892597695390782	0.4892597695390782	73.05	0.0	0.6849636773547094	0.6849636773547094	73.05	0.0	0.4892597695390782	0.4892597695390782	73.05	0.0	292.0	284.81	816.34	146.3	0	b'BAS'
PROTOTYPE	000715	04/09/18	21:50:39	0.4892597695390782	0.4892597695390782	73.05	0.0	0.6849636773547094	0.6849636773547094	73.05	0.0	0.4892597695390782	0.4892597695390782	73.05	0.0	285.0	284.84	803.75	169.36	0	b'BAS'
PROTOTYPE	000716	04/09/18	21:50:48	0.4892597695390782	0.4892597695390782	73.05	0.0	0.6849636773547094	0.6849636773547094	73.05	0.0	0.4892597695390782	0.4892597695390782	73.05	0.0	278.0	283.81	773.57	-66.05	0	b'BAS'
PROTOTYPE	000717	04/09/18	21:50:57	0.4892597695390782	0.4892597695390782	73.05	0.0	0.6849636773547094	0.6849636773547094	73.05	0.0	0.4892597695390782	0.4892597695390782	73.05	0.0	288.0	284.44	678.87	-161.14	0	b'BAS'
PROTOTYPE	000718	04/09/18	21:51:06	0.4892597695390782	0.4892597695390782	73.05	0.0	0.6849636773547094	0.6849636773547094	73.05	0.0	0.4892597695390782	0.4892597695390782	73.05	0.0	279.0	283.62	669.75	-151.97	0	b'BAS'
PROTOTYPE	000719	04/09/18	21:51:15	0.4892597695390782	0.4892597695390782	73.05	0.0	0.6849636773547094	0.6849636773547094	73.05	0.0	0.4892597695390782	0.4892597695390782	73.05	0.0	281.0	283.23	690.72	-174.17	0	b'BAS'
PROTOTYPE	000720	04/09/18	21:51:24	0.4892597695390782	0.4892597695390782	73.05	0.0	0.6849636773547094	0.6849636773547094	73.05	0.0	0.4892597695390782	0.4892597695390782	73.05	0.0	289.0	284.1	716.64	-148.05	0	b'BAS'
PROTOTYPE	000721	04/09/18	21:51:33	0.4892597695390782	0.4892597695390782	73.05	0.0	0.6849636773547094	0.6849636773547094	73.05	0.0	0.4892597695390782	0.4892597695390782	73.05	0.0	294.0	285.58	661.63	204.16	0	b'BAS'
PROTOTYPE	000722	04/09/18	21:51:43	0.4892597695390782	0.4892597695390782	73.05	0.0	0.6849636773547094	0.6849636773547094	73.05	0.0	0.4892597695390782	0.4892597695390782	73.05	0.0	287.0	285.79	557.56	98.54	0	b'BAS'
PROTOTYPE	000723	04/09/18	21:51:52	0.4892597695390782	0.4892597695390782	73.05	0.0	0.6849636773547094	0.6849636773547094	73.05	0.0	0.4892597695390782	0.4892597695390782	73.05	0.0	273.0	283.88	740.12	-96.24	0	b'BAS'
PROTOTYPE	000724	04/09/18	21:52:01	0.4892597695390782	0.4892597695390782	73.05	0.0	0.6849636773547094	0.6849636773547094	73.05	0.0	0.4892597695390782	0.4892597695390782	73.05	0.0	292.0	285.09	759.36	128.19	0	b'BAS'
PROTOTYPE	000725	04/09/18	21:52:10	0.4892597695390782	0.4892597695390782	73.05	0.0	0.6849636773547094	0.6849636773547094	73.05	0.0	0.4892597695390782	0.4892597695390782	73.05	0.0	287.0	285.38	725.9	93.96	0	b'BAS'
PROTOTYPE	000726	04/09/18	21:52:19	0.4892597695390782	0.4892597695390782	73.05	0.0	0.6849636773547094	0.6849636773547094	73.05	0.0	0.4892597695390782	0.4892597695390782	73.05	0.0	288.0	285.77	684.13	214.87	0	b'BAS'
PROTOTYPE	000727	04/09/18	21:52:28	0.4892597695390782	0.4892597695390782	73.05	0.0	0.6849636773547094	0.6849636773547094	73.05	0.0	0.4892597695390782	0.4892597695390782	73.05	0.0	285.0	285.66	658.48	242.64	0	b'BAS'
PROTOTYPE	000728	04/09/18	21:52:37	0.4892597695390782	0.4892597695390782	73.05	0.0	0.6849636773547094	0.6849636773547094	73.05	0.0	0.4892597695390782	0.4892597695390782	73.05	0.0	280.0	284.81	656.8	71.24	0	b'BAS'
PROTOTYPE	000729	04/09/18	21:52:46	0.4892597695390782	0.4892597695390782	73.05	0.0	0.6849636773547094	0.6849636773547094	73.05	0.0	0.4892597695390782	0.4892597695390782	73.05	0.0	287.0	285.14	542.08	-44.44	0	b'BAS'
PROTOTYPE	000730	04/09/18	21:52:56	0.4892597695390782	0.4892597695390782	73.05	0.0	0.6849636773547094	0.6849636773547094	73.05	0.0	0.4892597695390782	0.4892597695390782	73.05	0.0	284.0	284.97	538.28	-82.78	0	b'BAS'
PROTOTYPE	000731	04/09/18	21:53:05	0.4892597695390782	0.4892597695390782	73.05	0.0	0.6849636773547094	0.6849636773547094	73.05	0.0	0.4892597695390782	0.4892597695390782	73.05	0.0	295.0	286.47	496.92	259.64	0	b'BAS'
PROTOTYPE	000732	04/09/18	21:53:14	0.4892597695390782	0.4892597695390782	73.05	0.0	0.6849636773547094	0.6849636773547094	73.05	0.0	0.4892597695390782	0.4892597695390782	73.05	0.0	288.0	286.7	399.39	160.69	0	b'BAS'
PROTOTYPE	000733	04/09/18	21:53:23	0.4892597695390782	0.4892597695390782	73.05	0.0	0.6849636773547094	0.6849636773547094	73.05	0.0	0.4892597695390782	0.4892597695390782	73.05	0.0	279.0	285.55	485.25	16.59	0	b'BAS'
PROTOTYPE	000734	04/09/18	21:53:32	0.4892597695390782	0.4892597695390782	73.05	0.0	0.6849636773547094	0.6849636773547094	73.05	0.0	0.4892597695390782	0.4892597695390782	73.05	0.0	280.0	284.71	528.58	-105.9	0	b'BAS'
PROTOTYPE	000735	04/09/18	21:53:41	0.4892597695390782	0.4892597695390782	73.05	0.0	0.6849636773547094	0.6849636773547094	73.05	0.0	0.4892597695390782	0.4892597695390782	73.05	0.0	282.0	284.31	555.54	-135.01	0	b'BAS'
PROTOTYPE	000736	04/09/18	21:53:50	0.4892597695390782	0.4892597695390782	73.05	0.0	0.6849636773547094	0.6849636773547094	73.05	0.0	0.4892597695390782	0.4892597695390782	73.05	0.0	280.0	283.66	535.44	-114.76	0	b'BAS'
PROTOTYPE	000737	04/09/18	21:54:00	0.4892597695390782	0.4892597695390782	73.05	0.0	0.6849636773547094	0.6849636773547094	73.05	0.0	0.4892597695390782	0.4892597695390782	73.05	0.0	280.0	283.11	556.99	-202.55	0	b'BAS'
PROTOTYPE	000738	04/09/18	21:54:09	0.4892597695390782	0.4892597695390782	73.05	0.0	0.6849636773547094	0.6849636773547094	73.05	0.0	0.4892597695390782	0.4892597695390782	73.05	0.0	288.0	283.84	611.53	-112.17	0	b'BAS'
PROTOTYPE	000739	04/09/18	21:54:18	0.4892597695390782	0.4892597695390782	73.05	0.0	0.6849636773547094	0.6849636773547094	73.05	0.0	0.4892597695390782	0.4892597695390782	73.05	0.0	292.0	285.07	583.42	-140.34	0	b'BAS'
PROTOTYPE	000740	04/09/18	21:54:27	0.4892597695390782	0.4892597695390782	73.05	0.0	0.6849636773547094	0.6849636773547094	73.05	0.0	0.4892597695390782	0.4892597695390782	73.05	0.0	279.0	284.16	650.22	-254.29	0	b'BAS'
PROTOTYPE	000741	04/09/18	21:54:36	0.4892597695390782	0.4892597695390782	73.05	0.0	0.6849636773547094	0.6849636773547094	73.05	0.0	0.4892597695390782	0.4892597695390782	73.05	0.0	275.0	282.78	672.02	-276.15	0	b'BAS'
PROTOTYPE	000742	04/09/18	21:54:45	0.4892597695390782	0.4892597695390782	73.05	0.0	0.6849636773547094	0.6849636773547094	73.05	0.0	0.4892597695390782	0.4892597695390782	73.05	0.0	281.0	282.52	616.62	-219.72	0	b'BAS'
PROTOTYPE	000743	04/09/18	21:54:54	0.4892597695390782	0.4892597695390782	73.05	0.0	0.6849636773547094	0.6849636773547094	73.05	0.0	0.4892597695390782	0.4892597695390782	73.05	0.0	290.0	283.64	687.52	-66.77	0	b'BAS'
PROTOTYPE	000744	04/09/18	21:55:03	0.4892597695390782	0.4892597695390782	73.05	0.0	0.6849636773547094	0.6849636773547094	73.05	0.0	0.4892597695390782	0.4892597695390782	73.05	0.0	276.0	282.49	737.23	-116.75	0	b'BAS'
PROTOTYPE	000745	04/09/18	21:55:13	0.4892597695390782	0.4892597695390782	73.05	0.0	0.6849636773547094	0.6849636773547094	73.05	0.0	0.4892597695390782	0.4892597695390782	73.05	0.0	284.0	282.72	705.94	-39.24	0	b'BAS'
PROTOTYPE	000746	04/09/18	21:55:22	0.4892597695390782	0.4892597695390782	73.05	0.0	0.6849636773547094	0.6849636773547094	73.05	0.0	0.4892597695390782	0.4892597695390782	73.05	0.0	286.0	283.21	682.1	-63.35	0	b'BAS'
PROTOTYPE	000747	04/09/18	21:55:31	0.4892597695390782	0.4892597695390782	73.04	0.0	0.6849636773547094	0.6849636773547094	73.04	0.0	0.4892597695390782	0.4892597695390782	73.04	0.0	288.0	283.93	631.84	-113.85	0	b'BAS'
PROTOTYPE	000748	04/09/18	21:55:40	0.4892597695390782	0.4892597695390782	73.04	0.0	0.6849636773547094	0.6849636773547094	73.04	0.0	0.4892597695390782	0.4892597695390782	73.04	0.0	294.0	285.44	691.69	128.23	0	b'BAS'
PROTOTYPE	000749	04/09/18	21:55:49	0.4892597695390782	0.4892597695390782	73.04	0.0	0.6849636773547094	0.6849636773547094	73.04	0.0	0.4892597695390782	0.4892597695390782	73.04	0.0	279.0	284.47	651.05	168.99	0	b'BAS'
PROTOTYPE	000750	04/09/18	21:55:58	0.4892597695390782	0.4892597695390782	73.04	0.0	0.6849636773547094	0.6849636773547094	73.04	0.0	0.4892597695390782	0.4892597695390782	73.04	0.0	283.0	284.25	646.69	173.64	0	b'BAS'
PROTOTYPE	000751	04/09/18	21:56:07	0.4892597695390782	0.4892597695390782	73.04	0.0	0.6849636773547094	0.6849636773547094	73.04	0.0	0.4892597695390782	0.4892597695390782	73.04	0.0	280.0	283.62	598.52	-2.4	0	b'BAS'
PROTOTYPE	000752	04/09/18	21:56:16	0.4892597695390782	0.4892597695390782	73.05	0.0	0.6849636773547094	0.6849636773547094	73.05	0.0	0.4892597695390782	0.4892597695390782	73.05	0.0	282.0	283.37	509.46	87.96	0	b'BAS'
PROTOTYPE	000753	04/09/18	21:56:26	0.4892597695390782	0.4892597695390782	73.04	0.0	0.6849636773547094	0.6849636773547094	73.04	0.0	0.4892597695390782	0.4892597695390782	73.04	0.0	287.0	283.92	540.25	119.76	0	b'BAS'
PROTOTYPE	000754	04/09/18	21:56:35	0.4892597695390782	0.4892597695390782	73.05	0.0	0.6849636773547094	0.6849636773547094	73.05	0.0	0.4892597695390782	0.4892597695390782	73.05	0.0	286.0	284.23	522.75	101.8	0	b'BAS'
PROTOTYPE	000755	04/09/18	21:56:44	0.4892597695390782	0.4892597695390782	73.05	0.0	0.6849636773547094	0.6849636773547094	73.05	0.0	0.4892597695390782	0.4892597695390782	73.05	0.0	284.0	284.19	460.1	26.53	0	b'BAS'
PROTOTYPE	000756	04/09/18	21:56:53	0.4892597695390782	0.4892597695390782	73.05	0.0	0.6849636773547094	0.6849636773547094	73.05	0.0	0.4892597695390782	0.4892597695390782	73.05	0.0	281.0	283.72	357.56	-172.45	0	b'BAS'
PROTOTYPE	000757	04/09/18	21:57:02	0.4892597695390782	0.4892597695390782	73.04	0.0	0.6849636773547094	0.6849636773547094	73.04	0.0	0.39140781563126253	0.4745819764529058	81.48	-15.0	267.0	281.21	511.43	-326.58	0	b'BAS'
PROTOTYPE	000758	04/09/18	21:57:11	0.4892597695390782	0.4892597695390782	73.04	0.0	0.6849636773547094	0.6849636773547094	73.04	0.0	0.4892597695390782	0.4765390155310621	81.75	-12.75	290.0	282.53	619.69	-172.59	0	b'BAS'
PROTOTYPE	000759	04/09/18	21:57:20	0.4892597695390782	0.4892597695390782	73.04	0.0	0.6849636773547094	0.6849636773547094	73.04	0.0	0.4892597695390782	0.47849605460921835	81.95	-10.84	275.0	281.4	668.52	-221.71	0	b'BAS'
PROTOTYPE	000760	04/09/18	21:57:29	0.4892597695390782	0.4892597695390782	73.04	0.0	0.6849636773547094	0.6849636773547094	73.04	0.0	0.4892597695390782	0.48045309368737477	82.09	-9.21	292.0	282.99	801.92	-38.45	0	b'BAS'
PROTOTYPE	000761	04/09/18	21:57:39	0.4892597695390782	0.4892597695390782	73.05	0.0	0.6849636773547094	0.6849636773547094	73.05	0.0	0.4892597695390782	0.48143161322645295	82.19	-7.83	281.0	282.69	777.95	-122.68	0	b'BAS'
PROTOTYPE	000762	04/09/18	21:57:48	0.4892597695390782	0.4892597695390782	73.05	0.0	0.6849636773547094	0.6849636773547094	73.05	0.0	0.4892597695390782	0.482410132765531	82.27	-6.66	287.0	283.34	810.68	-89.28	0	b'BAS'
PROTOTYPE	000763	04/09/18	21:57:57	0.4892597695390782	0.4892597695390782	73.05	0.0	0.6849636773547094	0.6849636773547094	73.05	0.0	0.4892597695390782	0.48338865230460926	82.32	-5.66	272.0	281.64	971.22	-255.89	0	b'BAS'
PROTOTYPE	000764	04/09/18	21:58:06	0.4892597695390782	0.4892597695390782	73.05	0.0	0.6849636773547094	0.6849636773547094	73.05	0.0	0.4892597695390782	0.48436717184368744	82.36	-4.81	276.0	280.79	1007.47	-292.5	0	b'BAS'
PROTOTYPE	000765	04/09/18	21:58:15	0.4892597695390782	0.4892597695390782	73.05	0.0	0.6849636773547094	0.6849636773547094	73.05	0.0	0.4892597695390782	0.4853456913827655	73.96	10.91	286.0	281.57	835.24	36.37	0	b'BAS'
PROTOTYPE	000766	04/09/18	21:58:24	0.4892597695390782	0.4892597695390782	73.05	0.0	0.6849636773547094	0.6849636773547094	73.05	0.0	0.4892597695390782	0.4863242109218437	73.71	9.28	291.0	282.99	844.76	45.92	0	b'BAS'
PROTOTYPE	000767	04/09/18	21:58:33	0.4892597695390782	0.4892597695390782	73.05	0.0	0.6849636773547094	0.6849636773547094	73.05	0.0	0.4892597695390782	0.4863242109218437	73.53	7.88	284.0	283.14	749.22	174.03	0	b'BAS'
PROTOTYPE	000768	04/09/18	21:58:43	0.4892597695390782	0.4892597695390782	73.05	0.0	0.6849636773547094	0.6849636773547094	73.05	0.0	0.4892597695390782	0.4863242109218437	73.4	6.7	293.0	284.62	738.14	162.92	0	b'BAS'
PROTOTYPE	000769	04/09/18	21:58:52	0.4892597695390782	0.4892597695390782	73.05	0.0	0.6849636773547094	0.6849636773547094	73.05	0.0	0.4892597695390782	0.48730273046092193	73.3	5.7	276.0	283.32	836.53	63.49	0	b'BAS'
PROTOTYPE	000770	04/09/18	21:59:01	0.4892597695390782	0.4892597695390782	73.05	0.0	0.6849636773547094	0.6849636773547094	73.05	0.0	0.4892597695390782	0.48730273046092193	73.23	4.84	292.0	284.63	901.69	128.96	0	b'BAS'
PROTOTYPE	000771	04/09/18	21:59:10	0.4892597695390782	0.4892597695390782	73.05	0.0	0.6849636773547094	0.6849636773547094	73.05	0.0	0.4892597695390782	0.48730273046092193	73.18	4.12	289.0	285.28	797.63	364.62	0	b'BAS'
PROTOTYPE	000772	04/09/18	21:59:19	0.4892597695390782	0.4892597695390782	73.05	0.0	0.6849636773547094	0.6849636773547094	73.05	0.0	0.4892597695390782	0.48828125	73.14	3.5	290.0	285.99	783.95	519.93	0	b'BAS'
PROTOTYPE	000773	04/09/18	21:59:28	0.4892597695390782	0.4892597695390782	73.05	0.0	0.6849636773547094	0.6849636773547094	73.05	0.0	0.4892597695390782	0.48828125	73.12	2.97	291.0	286.74	780.98	516.94	0	b'BAS'
PROTOTYPE	000774	04/09/18	21:59:37	0.4892597695390782	0.4892597695390782	73.05	0.0	0.6849636773547094	0.6849636773547094	73.05	0.0	0.4892597695390782	0.48828125	73.1	2.53	280.0	285.73	740.8	274.4	0	b'BAS'
PROTOTYPE	000775	04/09/18	21:59:46	0.4892597695390782	0.4892597695390782	73.05	0.0	0.6849636773547094	0.6849636773547094	73.05	0.0	0.4892597695390782	0.48828125	73.08	2.15	299.0	287.72	922.32	458.24	0	b'BAS'
PROTOTYPE	000776	04/09/18	21:59:56	0.4892597695390782	0.4892597695390782	73.05	0.0	0.6849636773547094	0.6849636773547094	73.05	0.0	0.4892597695390782	0.48828125	73.07	1.83	280.0	286.56	890.29	194.5	0	b'BAS'
PROTOTYPE	000777	04/09/18	22:00:05	0.4892597695390782	0.4892597695390782	73.05	0.0	0.6849636773547094	0.6849636773547094	73.05	0.0	0.4892597695390782	0.48828125	73.07	1.55	283.0	286.03	814.91	270.33	0	b'BAS'
PROTOTYPE	000778	04/09/18	22:00:14	0.4892597695390782	0.4892597695390782	73.05	0.0	0.6849636773547094	0.6849636773547094	73.05	0.0	0.4892597695390782	0.4892597695390782	73.06	1.32	279.0	284.97	790.29	34.78	0	b'BAS'
PROTOTYPE	000779	04/09/18	22:00:23	0.4892597695390782	0.4892597695390782	73.05	0.0	0.6849636773547094	0.6849636773547094	73.05	0.0	0.4892597695390782	0.4892597695390782	73.06	1.12	284.0	284.83	741.27	-45.44	0	b'BAS'
PROTOTYPE	000780	04/09/18	22:00:32	0.4892597695390782	0.4892597695390782	73.05	0.0	0.6849636773547094	0.6849636773547094	73.05	0.0	0.4892597695390782	0.4892597695390782	73.06	0.95	277.0	283.65	787.69	-233.62	0	b'BAS'
PROTOTYPE	000781	04/09/18	22:00:41	0.4892597695390782	0.4892597695390782	73.05	0.0	0.6849636773547094	0.6849636773547094	73.05	0.0	0.4892597695390782	0.4892597695390782	73.05	0.81	285.0	283.86	734.15	-288.58	0	b'BAS'
PROTOTYPE	000782	04/09/18	22:00:50	0.4892597695390782	0.4892597695390782	73.05	0.0	0.6849636773547094	0.6849636773547094	73.05	0.0	0.4892597695390782	0.4892597695390782	73.05	0.69	282.0	283.58	661.91	-215.29	0	b'BAS'
PROTOTYPE	000783	04/09/18	22:00:59	0.4892597695390782	0.4892597695390782	73.05	0.0	0.6849636773547094	0.6849636773547094	73.05	0.0	0.4892597695390782	0.4892597695390782	73.05	0.59	288.0	284.24	529.62	-348.0	0	b'BAS'
PROTOTYPE	000784	04/09/18	22:01:09	0.4892597695390782	0.4892597695390782	73.05	0.0	0.6849636773547094	0.6849636773547094	73.05	0.0	0.4892597695390782	0.4892597695390782	73.05	0.5	292.0	285.4	530.2	-115.8	0	b'BAS'
PROTOTYPE	000785	04/09/18	22:01:18	0.4892597695390782	0.4892597695390782	73.05	0.0	0.6849636773547094	0.6849636773547094	73.05	0.0	0.4892597695390782	0.4892597695390782	73.05	0.42	277.0	284.14	602.39	-188.43	0	b'BAS'
PROTOTYPE	000786	04/09/18	22:01:27	0.4892597695390782	0.4892597695390782	73.05	0.0	0.6849636773547094	0.6849636773547094	73.05	0.0	0.4892597695390782	0.4892597695390782	73.05	0.36	294.0	285.62	644.69	64.84	0	b'BAS'
PROTOTYPE	000787	04/09/18	22:01:36	0.4892597695390782	0.4892597695390782	73.05	0.0	0.6849636773547094	0.6849636773547094	73.05	0.0	0.4892597695390782	0.4892597695390782	73.05	0.31	279.0	284.63	727.22	-19.89	0	b'BAS'
PROTOTYPE	000788	04/09/18	22:01:45	0.4892597695390782	0.4892597695390782	73.05	0.0	0.6849636773547094	0.6849636773547094	73.05	0.0	0.4892597695390782	0.4892597695390782	73.05	0.26	283.0	284.38	635.53	73.09	0	b'BAS'
PROTOTYPE	000789	04/09/18	22:01:54	0.4892597695390782	0.4892597695390782	73.05	0.0	0.6849636773547094	0.6849636773547094	73.05	0.0	0.4892597695390782	0.4892597695390782	73.05	0.22	285.0	284.48	626.35	62.13	0	b'BAS'
PROTOTYPE	000790	04/09/18	22:02:03	0.4892597695390782	0.4892597695390782	73.05	0.0	0.6849636773547094	0.6849636773547094	73.05	0.0	0.4892597695390782	0.4892597695390782	73.05	0.19	273.0	282.76	769.45	-82.19	0	b'BAS'
PROTOTYPE	000791	04/09/18	22:02:12	0.4892597695390782	0.4892597695390782	73.05	0.0	0.6849636773547094	0.6849636773547094	73.05	0.0	0.4892597695390782	0.4892597695390782	73.05	0.16	288.0	283.54	781.68	-69.86	0	b'BAS'
PROTOTYPE	000792	04/09/18	22:02:22	0.4892597695390782	0.4892597695390782	73.05	0.0	0.6849636773547094	0.6849636773547094	73.05	0.0	0.4892597695390782	0.4892597695390782	73.05	0.14	289.0	284.36	747.31	-104.38	0	b'BAS'
PROTOTYPE	000793	04/09/18	22:02:31	0.4892597695390782	0.4892597695390782	73.05	0.0	0.6849636773547094	0.6849636773547094	73.05	0.0	0.4892597695390782	0.4892597695390782	73.05	0.12	281.0	283.86	672.15	-28.72	0	b'BAS'
PROTOTYPE	000794	04/09/18	22:02:40	0.4892597695390782	0.4892597695390782	73.05	0.0	0.6849636773547094	0.6849636773547094	73.05	0.0	0.4892597695390782	0.4892597695390782	73.05	0.1	284.0	283.88	533.4	-174.42	0	b'BAS'
PROTOTYPE	000795	04/09/18	22:02:49	0.4892597695390782	0.4892597695390782	73.05	0.0	0.6849636773547094	0.6849636773547094	73.05	0.0	0.4892597695390782	0.4892597695390782	73.05	0.08	283.0	283.75	449.68	-88.25	0	b'BAS'
PROTOTYPE	000796	04/09/18	22:02:58	0.4892597695390782	0.4892597695390782	73.05	0.0	0.6849636773547094	0.6849636773547094	73.05	0.0	0.4892597695390782	0.4892597695390782	73.05	0.07	277.0	282.73	525.2	-165.02	0	b'BAS'
PROTOTYPE	000797	04/09/18	22:03:07	0.4892597695390782	0.4892597695390782	73.05	0.0	0.6849636773547094	0.6849636773547094	73.05	0.0	0.4892597695390782	0.4892597695390782	73.05	0.06	280.0	282.32	554.24	-215.26	0	b'BAS'
PROTOTYPE	000798	04/09/18	22:03:16	0.4892597695390782	0.4892597695390782	73.05	0.0	0.6849636773547094	0.6849636773547094	73.05	0.0	0.4892597695390782	0.4892597695390782	73.05	0.05	284.0	282.58	408.59	-17.97	0	b'BAS'
PROTOTYPE	000799	04/09/18	22:03:26	0.4892597695390782	0.4892597695390782	73.05	0.0	0.6849636773547094	0.6849636773547094	73.05	0.0	0.4892597695390782	0.4892597695390782	73.05	0.04	296.0	284.59	530.96	104.72	0	b'BAS'
PROTOTYPE	000800	04/09/18	22:03:35	0.4892597695390782	0.4892597695390782	73.05	0.0	0.6849636773547094	0.6849636773547094	73.05	0.0	0.4892597695390782	0.4892597695390782	73.05	0.04	273.0	282.85	622.66	-150.99	0	b'BAS'
PROTOTYPE	000801	04/09/18	22:03:44	0.4892597695390782	0.4892597695390782	73.05	0.0	0.6849636773547094	0.6849636773547094	73.05	0.0	0.4892597695390782	0.4892597695390782	73.05	0.03	286.0	283.32	619.54	-53.34	0	b'BAS'
