Dev_id	Index	Date	Time	Sensor1	Sensor1_Filter	Sensor1_LL	Sensor1_Diff	Sensor2	Sensor2_Filter	Sensor2_LL	Sensor2_Diff	Sensor3	Sensor3_Filter	Sensor3_LL	Sensor3_Diff	Sensor4	Sensor4_Filter	Sensor4_LL	Sensor4_Diff	Heater_Status	FSM_Status
PROTOTYPE	003202	04/10/18	07:07:24	0.4892597695390782	0.4892597695390782	153.21	0.0	0.7828156312625251	0.7828156312625251	153.21	-0.01	0.4892597695390782	0.4892597695390782	153.21	0.0	280.0	281.93	1220.98	22.15	0	b'BAS'
PROTOTYPE	003203	04/10/18	07:07:43	0.4892597695390782	0.4892597695390782	153.21	0.0	0.7828156312625251	0.7828156312625251	153.21	-0.01	0.4892597695390782	0.4892597695390782	153.21	0.0	271.0	280.29	1200.57	-326.18	0	b'BAS'
PROTOTYPE	003204	04/10/18	07:08:02	0.4892597695390782	0.4892597695390782	153.21	0.0	0.7828156312625251	0.7828156312625251	153.21	-0.01	0.4892597695390782	0.4892597695390782	153.21	0.0	287.0	281.29	1202.98	-127.25	0	b'BAS'
PROTOTYPE	003205	04/10/18	07:08:21	0.4892597695390782	0.4892597695390782	153.21	0.0	0.7828156312625251	0.7828156312625251	153.21	-0.01	0.4892597695390782	0.4892597695390782	153.21	0.0	289.0	282.45	1205.04	101.84	0	b'BAS'
PROTOTYPE	003206	04/10/18	07:08:40	0.4892597695390782	0.4892597695390782	153.21	0.0	0.7828156312625251	0.7828156312625251	153.21	-0.01	0.4892597695390782	0.4892597695390782	153.21	0.0	282.0	282.38	948.21	371.56	0	b'BAS'
PROTOTYPE	003207	04/10/18	07:08:59	0.4892597695390782	0.4892597695390782	153.21	0.0	0.7828156312625251	0.7828156312625251	153.21	-0.01	0.4892597695390782	0.4892597695390782	153.21	0.0	287.0	283.08	947.5	510.83	0	b'BAS'
PROTOTYPE	003208	04/10/18	07:09:19	0.4892597695390782	0.4892597695390782	153.21	0.0	0.7828156312625251	0.7828156312625251	153.21	-0.01	0.4892597695390782	0.4892597695390782	153.21	0.0	284.0	283.21	729.89	284.2	0	b'BAS'
PROTOTYPE	003209	04/10/18	07:09:38	0.5871117234468938	0.5039375626252506	158.38	15.0	0.7828156312625251	0.7828156312625251	153.21	-0.0	0.4892597695390782	0.4892597695390782	153.21	0.0	295.0	284.98	717.32	271.57	0	b'BAS'
PROTOTYPE	003210	04/10/18	07:09:57	0.4892597695390782	0.5019805235470942	158.51	12.75	0.7828156312625251	0.7828156312625251	153.21	-0.0	0.4892597695390782	0.4892597695390782	153.21	0.0	284.0	284.83	702.47	290.84	0	b'BAS'
PROTOTYPE	003211	04/10/18	07:10:16	0.4892597695390782	0.5000234844689379	158.61	10.84	0.7828156312625251	0.7828156312625251	153.21	-0.0	0.4892597695390782	0.4892597695390782	153.21	0.0	285.0	284.86	556.77	457.21	0	b'BAS'
PROTOTYPE	003212	04/10/18	07:10:35	0.4892597695390782	0.4980664453907815	158.68	9.21	0.7828156312625251	0.7828156312625251	153.21	-0.0	0.4892597695390782	0.4892597695390782	153.21	0.0	287.0	285.18	491.66	388.63	0	b'BAS'
PROTOTYPE	003213	04/10/18	07:10:54	0.4892597695390782	0.4970879258517034	158.73	7.83	0.7828156312625251	0.7828156312625251	153.21	-0.0	0.4892597695390782	0.4892597695390782	153.21	0.0	288.0	285.6	420.93	315.34	0	b'BAS'
PROTOTYPE	003214	04/10/18	07:11:13	0.4892597695390782	0.49610940631262535	158.76	6.66	0.7828156312625251	0.7828156312625251	153.21	-0.0	0.4892597695390782	0.4892597695390782	153.21	0.0	286.0	285.66	420.67	328.04	0	b'BAS'
PROTOTYPE	003215	04/10/18	07:11:33	0.4892597695390782	0.49513088677354705	158.79	5.66	0.7828156312625251	0.7828156312625251	153.21	-0.0	0.4892597695390782	0.4892597695390782	153.21	0.0	286.0	285.71	368.62	263.83	0	b'BAS'
PROTOTYPE	003216	04/10/18	07:11:52	0.4892597695390782	0.4941523672344689	158.81	4.81	0.7828156312625251	0.7828156312625251	153.21	-0.0	0.4892597695390782	0.4892597695390782	153.21	0.0	275.0	284.11	506.81	89.26	0	b'BAS'
PROTOTYPE	003217	04/10/18	07:12:11	0.4892597695390782	0.49317384769539074	153.65	-10.91	0.7828156312625251	0.7828156312625251	153.21	-0.0	0.4892597695390782	0.4892597695390782	153.21	0.0	282.0	283.79	365.93	-119.13	0	b'BAS'
PROTOTYPE	003218	04/10/18	07:12:30	0.4892597695390782	0.4921953281563127	153.53	-9.28	0.7828156312625251	0.7828156312625251	153.21	-0.0	0.4892597695390782	0.4892597695390782	153.21	0.0	277.0	282.77	445.41	-206.26	0	b'BAS'
PROTOTYPE	003219	04/10/18	07:12:49	0.4892597695390782	0.4921953281563127	153.44	-7.88	0.7828156312625251	0.7828156312625251	153.21	-0.0	0.4892597695390782	0.4892597695390782	153.21	0.0	290.0	283.86	536.2	-100.32	0	b'BAS'
PROTOTYPE	003220	04/10/18	07:13:08	0.4892597695390782	0.4921953281563127	153.37	-6.7	0.7828156312625251	0.7828156312625251	153.21	-0.0	0.4892597695390782	0.4892597695390782	153.21	0.0	282.0	283.58	532.61	-160.27	0	b'BAS'
PROTOTYPE	003221	04/10/18	07:13:27	0.4892597695390782	0.4912168086172345	153.33	-5.7	0.7828156312625251	0.7828156312625251	153.21	-0.0	0.4892597695390782	0.4892597695390782	153.21	0.0	279.0	282.89	557.47	-271.23	0	b'BAS'
PROTOTYPE	003222	04/10/18	07:13:46	0.4892597695390782	0.4912168086172345	153.29	-4.84	0.7828156312625251	0.7828156312625251	153.21	-0.0	0.4892597695390782	0.4892597695390782	153.21	0.0	266.0	280.36	791.5	-530.55	0	b'BAS'
PROTOTYPE	003223	04/10/18	07:14:06	0.4892597695390782	0.4912168086172345	153.27	-4.12	0.7828156312625251	0.7828156312625251	153.21	-0.0	0.4892597695390782	0.4892597695390782	153.21	0.0	284.0	280.9	829.59	-480.97	0	b'BAS'
PROTOTYPE	003224	04/10/18	07:14:25	0.4892597695390782	0.49023828907815625	153.25	-3.5	0.7828156312625251	0.7828156312625251	153.21	-0.0	0.4892597695390782	0.4892597695390782	153.21	0.0	290.0	282.27	805.53	-183.82	0	b'BAS'
PROTOTYPE	003225	04/10/18	07:14:44	0.4892597695390782	0.49023828907815625	153.24	-2.97	0.7828156312625251	0.7828156312625251	153.21	-0.0	0.4892597695390782	0.4892597695390782	153.21	0.0	281.0	282.08	795.58	-171.25	0	b'BAS'
PROTOTYPE	003226	04/10/18	07:15:03	0.4892597695390782	0.49023828907815625	153.23	-2.53	0.7828156312625251	0.7828156312625251	153.21	-0.0	0.4892597695390782	0.4892597695390782	153.21	0.0	277.0	281.32	770.48	-145.56	0	b'BAS'
PROTOTYPE	003227	04/10/18	07:15:22	0.4892597695390782	0.49023828907815625	153.23	-2.15	0.7828156312625251	0.7828156312625251	153.21	-0.0	0.4892597695390782	0.4892597695390782	153.21	0.0	273.0	280.07	786.58	-378.73	0	b'BAS'
PROTOTYPE	003228	04/10/18	07:15:41	0.4892597695390782	0.49023828907815625	153.22	-1.83	0.7828156312625251	0.7828156312625251	153.21	-0.0	0.4892597695390782	0.4892597695390782	153.21	0.0	280.0	280.06	771.97	-351.92	0	b'BAS'
PROTOTYPE	003229	04/10/18	07:16:00	0.4892597695390782	0.49023828907815625	153.22	-1.55	0.7828156312625251	0.7828156312625251	153.21	-0.0	0.4892597695390782	0.4892597695390782	153.21	0.0	289.0	281.4	836.17	-149.13	0	b'BAS'
PROTOTYPE	003230	04/10/18	07:16:20	0.4892597695390782	0.4892597695390782	153.21	-1.32	0.7828156312625251	0.7828156312625251	153.21	-0.0	0.4892597695390782	0.4892597695390782	153.21	0.0	291.0	282.84	727.35	248.24	0	b'BAS'
PROTOTYPE	003231	04/10/18	07:16:39	0.4892597695390782	0.4892597695390782	153.21	-1.12	0.7828156312625251	0.7828156312625251	153.21	-0.0	0.4892597695390782	0.4892597695390782	153.21	0.0	270.0	280.91	863.0	1.0	0	b'BAS'
PROTOTYPE	003232	04/10/18	07:16:58	0.4892597695390782	0.4892597695390782	153.21	-0.95	0.7828156312625251	0.7828156312625251	153.21	-0.0	0.4892597695390782	0.4892597695390782	153.21	0.0	286.0	281.68	803.88	-59.15	0	b'BAS'
PROTOTYPE	003233	04/10/18	07:17:17	0.4892597695390782	0.4892597695390782	153.21	-0.81	0.7828156312625251	0.7828156312625251	153.21	-0.0	0.4892597695390782	0.4892597695390782	153.21	0.0	283.0	281.88	804.47	-20.27	0	b'BAS'
PROTOTYPE	003234	04/10/18	07:17:36	0.4892597695390782	0.4892597695390782	153.21	-0.69	0.7828156312625251	0.7828156312625251	153.21	-0.0	0.4892597695390782	0.4892597695390782	153.21	0.0	278.0	281.29	787.13	-2.23	0	b'BAS'
PROTOTYPE	003235	04/10/18	07:17:55	0.4892597695390782	0.4892597695390782	153.21	-0.59	0.7828156312625251	0.7828156312625251	153.21	-0.0	0.4892597695390782	0.4892597695390782	153.21	0.0	279.0	280.95	700.3	88.1	0	b'BAS'
PROTOTYPE	003236	04/10/18	07:18:14	0.4892597695390782	0.4892597695390782	153.21	-0.5	0.7828156312625251	0.7828156312625251	153.21	-0.0	0.4892597695390782	0.4892597695390782	153.21	0.0	285.0	281.56	744.82	149.89	0	b'BAS'
PROTOTYPE	003237	04/10/18	07:18:34	0.4892597695390782	0.4892597695390782	153.21	-0.42	0.7828156312625251	0.7828156312625251	153.21	-0.0	0.4892597695390782	0.4892597695390782	153.21	0.0	280.0	281.32	639.55	-7.6	0	b'BAS'
PROTOTYPE	003238	04/10/18	07:18:53	0.4892597695390782	0.4892597695390782	153.21	-0.36	0.7828156312625251	0.7828156312625251	153.21	-0.0	0.4892597695390782	0.4892597695390782	153.21	0.0	281.0	281.28	514.03	-156.46	0	b'BAS'
PROTOTYPE	003239	04/10/18	07:19:12	0.4892597695390782	0.4892597695390782	153.21	-0.31	0.7828156312625251	0.7828156312625251	153.21	-0.0	0.4892597695390782	0.4892597695390782	153.21	0.0	279.0	280.93	359.62	2.01	0	b'BAS'
PROTOTYPE	003240	04/10/18	07:19:31	0.4892597695390782	0.4892597695390782	153.21	-0.26	0.7828156312625251	0.7828156312625251	153.21	-0.0	0.4892597695390782	0.4892597695390782	153.21	0.0	275.0	280.04	372.01	-163.29	0	b'BAS'
PROTOTYPE	003241	04/10/18	07:19:50	0.4892597695390782	0.4892597695390782	153.21	-0.22	0.7828156312625251	0.7828156312625251	153.21	-0.0	0.4892597695390782	0.4892597695390782	153.21	0.0	272.0	278.84	466.59	-303.8	0	b'BAS'
PROTOTYPE	003242	04/10/18	07:20:09	0.4892597695390782	0.4892597695390782	153.21	-0.19	0.7828156312625251	0.7828156312625251	153.21	-0.0	0.4892597695390782	0.4892597695390782	153.21	0.0	266.0	276.91	598.9	-438.23	0	b'BAS'
PROTOTYPE	003243	04/10/18	07:20:28	0.4892597695390782	0.4892597695390782	153.21	-0.16	0.7828156312625251	0.7828156312625251	153.21	-0.0	0.4892597695390782	0.4892597695390782	153.21	0.0	283.0	277.82	652.83	-312.49	0	b'BAS'
PROTOTYPE	003244	04/10/18	07:20:48	0.4892597695390782	0.4892597695390782	153.21	-0.14	0.7828156312625251	0.7828156312625251	153.21	-0.0	0.4892597695390782	0.4892597695390782	153.21	0.0	290.0	279.65	772.76	-190.62	0	b'BAS'
PROTOTYPE	003245	04/10/18	07:21:07	0.4892597695390782	0.4892597695390782	153.21	-0.12	0.7828156312625251	0.7828156312625251	153.21	-0.0	0.4892597695390782	0.4892597695390782	153.21	0.0	279.0	279.55	764.05	-177.03	0	b'BAS'
PROTOTYPE	003246	04/10/18	07:21:26	0.4892597695390782	0.4892597695390782	153.21	-0.1	0.7828156312625251	0.7828156312625251	153.21	-0.0	0.4892597695390782	0.4892597695390782	153.21	0.0	277.0	279.17	787.12	-210.47	0	b'BAS'
PROTOTYPE	003247	04/10/18	07:21:45	0.4892597695390782	0.4892597695390782	153.21	-0.08	0.7828156312625251	0.7828156312625251	153.21	-0.0	0.4892597695390782	0.4892597695390782	153.21	0.0	279.0	279.14	767.3	-178.9	0	b'BAS'
PROTOTYPE	003248	04/10/18	07:22:04	0.4892597695390782	0.4892597695390782	153.21	-0.07	0.7828156312625251	0.7828156312625251	153.21	-0.0	0.4892597695390782	0.4892597695390782	153.21	0.0	278.0	278.97	701.98	-107.07	0	b'BAS'
PROTOTYPE	003249	04/10/18	07:22:23	0.4892597695390782	0.4892597695390782	153.21	-0.06	0.7828156312625251	0.7828156312625251	153.21	-0.0	0.4892597695390782	0.4892597695390782	153.21	0.0	283.0	279.58	643.18	73.99	0	b'BAS'
PROTOTYPE	003250	04/10/18	07:22:42	0.4892597695390782	0.4892597695390782	153.21	-0.05	0.7828156312625251	0.7828156312625251	153.21	-0.0	0.4892597695390782	0.4892597695390782	153.21	0.0	287.0	280.69	562.65	377.89	0	b'BAS'
PROTOTYPE	003251	04/10/18	07:23:02	0.4892597695390782	0.4892597695390782	153.21	-0.04	0.7828156312625251	0.7828156312625251	153.21	-0.0	0.4892597695390782	0.4892597695390782	153.21	0.0	271.0	279.24	615.95	141.21	0	b'BAS'
PROTOTYPE	003252	04/10/18	07:23:21	0.4892597695390782	0.4892597695390782	153.21	-0.04	0.7828156312625251	0.7828156312625251	153.21	-0.0	0.4892597695390782	0.4892597695390782	153.21	0.0	288.0	280.55	565.16	90.03	0	b'BAS'
PROTOTYPE	003253	04/10/18	07:23:40	0.4892597695390782	0.4892597695390782	153.21	-0.03	0.7828156312625251	0.7828156312625251	153.21	-0.0	0.4892597695390782	0.4892597695390782	153.21	0.0	282.0	280.77	572.62	121.52	0	b'BAS'
PROTOTYPE	003254	04/10/18	07:23:59	0.4892597695390782	0.4892597695390782	153.21	-0.03	0.7828156312625251	0.7828156312625251	153.21	-0.0	0.4892597695390782	0.4892597695390782	153.21	0.0	291.0	282.3	684.46	313.3	0	b'BAS'
PROTOTYPE	003255	04/10/18	07:24:18	0.4892597695390782	0.4892597695390782	153.21	-0.02	0.7828156312625251	0.7828156312625251	153.21	-0.0	0.4892597695390782	0.4892597695390782	153.21	0.0	289.0	283.31	767.39	416.3	0	b'BAS'
PROTOTYPE	003256	04/10/18	07:24:37	0.4892597695390782	0.4892597695390782	153.21	-0.02	0.7828156312625251	0.7828156312625251	153.21	-0.0	0.4892597695390782	0.4892597695390782	153.21	0.0	277.0	282.36	838.21	338.86	0	b'BAS'
PROTOTYPE	003257	04/10/18	07:24:56	0.4892597695390782	0.4892597695390782	153.21	-0.02	0.7828156312625251	0.7828156312625251	153.21	-0.0	0.4892597695390782	0.4892597695390782	153.21	0.0	291.0	283.66	905.82	408.03	0	b'BAS'
PROTOTYPE	003258	04/10/18	07:25:15	0.4892597695390782	0.4892597695390782	153.21	-0.01	0.7828156312625251	0.7828156312625251	153.21	-0.0	0.4892597695390782	0.4892597695390782	153.21	0.0	279.0	282.96	865.29	226.82	0	b'BAS'
PROTOTYPE	003259	04/10/18	07:25:35	0.4892597695390782	0.4892597695390782	153.21	-0.01	0.7828156312625251	0.7828156312625251	153.21	-0.0	0.4892597695390782	0.4892597695390782	153.21	0.0	281.0	282.67	753.74	342.8	0	b'BAS'
PROTOTYPE	003260	04/10/18	07:25:54	0.4892597695390782	0.4892597695390782	153.21	-0.01	0.7828156312625251	0.7828156312625251	153.21	-0.0	0.4892597695390782	0.4892597695390782	153.21	0.0	280.0	282.27	665.24	171.38	0	b'BAS'
PROTOTYPE	003261	04/10/18	07:26:13	0.4892597695390782	0.4892597695390782	153.21	-0.01	0.7828156312625251	0.7828156312625251	153.21	-0.0	0.4892597695390782	0.4892597695390782	153.21	0.0	292.0	283.73	783.55	295.67	0	b'BAS'
PROTOTYPE	003262	04/10/18	07:26:32	0.4892597695390782	0.4892597695390782	153.21	-0.01	0.7828156312625251	0.7828156312625251	153.21	-0.0	0.4892597695390782	0.4892597695390782	153.21	0.0	277.0	282.72	731.57	41.32	0	b'BAS'
PROTOTYPE	003263	04/10/18	07:26:51	0.4892597695390782	0.4892597695390782	153.21	-0.01	0.7828156312625251	0.7828156312625251	153.21	-0.0	0.4892597695390782	0.4892597695390782	153.21	0.0	277.0	281.86	717.18	-144.88	0	b'BAS'
PROTOTYPE	003264	04/10/18	07:27:10	0.4892597695390782	0.4892597695390782	153.21	-0.01	0.7828156312625251	0.7828156312625251	153.21	-0.0	0.4892597695390782	0.4892597695390782	153.21	0.0	281.0	281.73	643.72	-63.14	0	b'BAS'
PROTOTYPE	003265	04/10/18	07:27:29	0.4892597695390782	0.4892597695390782	153.21	-0.0	0.7828156312625251	0.7828156312625251	153.21	-0.0	0.4892597695390782	0.4892597695390782	153.21	0.0	279.0	281.32	557.95	-233.67	0	b'BAS'
PROTOTYPE	003266	04/10/18	07:27:49	0.4892597695390782	0.4892597695390782	153.21	-0.0	0.7828156312625251	0.7828156312625251	153.21	-0.0	0.4892597695390782	0.4892597695390782	153.21	0.0	275.0	280.37	582.24	-258.62	0	b'BAS'
PROTOTYPE	003267	04/10/18	07:28:08	0.4892597695390782	0.4892597695390782	153.21	-0.0	0.7828156312625251	0.7828156312625251	153.21	-0.0	0.4892597695390782	0.4892597695390782	153.21	0.0	273.0	279.27	659.4	-339.83	0	b'BAS'
PROTOTYPE	003268	04/10/18	07:28:27	0.4892597695390782	0.4892597695390782	153.21	-0.0	0.7828156312625251	0.7828156312625251	153.21	-0.0	0.4892597695390782	0.4892597695390782	153.21	0.0	276.0	278.78	667.68	-348.85	0	b'BAS'
PROTOTYPE	003269	04/10/18	07:28:46	0.4892597695390782	0.4892597695390782	153.21	-0.0	0.7828156312625251	0.7828156312625251	153.21	-0.0	0.4892597695390782	0.4892597695390782	153.21	0.0	269.0	277.31	668.31	-641.53	0	b'BAS'
PROTOTYPE	003270	04/10/18	07:29:05	0.4892597695390782	0.4892597695390782	153.21	-0.0	0.7828156312625251	0.7828156312625251	153.21	-0.0	0.4892597695390782	0.4892597695390782	153.21	0.0	275.0	276.96	605.22	-575.3	0	b'BAS'
PROTOTYPE	003271	04/10/18	07:29:24	0.4892597695390782	0.4892597695390782	153.21	-0.0	0.7828156312625251	0.7828156312625251	153.21	-0.0	0.4892597695390782	0.4892597695390782	153.21	0.0	281.0	277.57	580.86	-429.0	0	b'BAS'
PROTOTYPE	003272	04/10/18	07:29:43	0.4892597695390782	0.4892597695390782	153.21	-0.0	0.7828156312625251	0.7828156312625251	153.21	-0.0	0.4892597695390782	0.4892597695390782	153.21	0.0	283.0	278.38	641.46	-334.65	0	b'BAS'
PROTOTYPE	003273	04/10/18	07:30:03	0.4892597695390782	0.4892597695390782	153.21	-0.0	0.7828156312625251	0.7828156312625251	153.21	-0.0	0.4892597695390782	0.4892597695390782	153.21	0.0	275.0	277.88	650.5	-344.45	0	b'BAS'
PROTOTYPE	003274	04/10/18	07:30:22	0.4892597695390782	0.4892597695390782	153.21	-0.0	0.7828156312625251	0.7828156312625251	153.21	-0.0	0.4892597695390782	0.4892597695390782	153.21	0.0	284.0	278.79	647.6	-157.79	0	b'BAS'
PROTOTYPE	003275	04/10/18	07:30:41	0.4892597695390782	0.4892597695390782	153.21	-0.0	0.7828156312625251	0.7828156312625251	153.21	-0.0	0.4892597695390782	0.4892597695390782	153.21	0.0	282.0	279.28	587.12	0.88	0	b'BAS'
PROTOTYPE	003276	04/10/18	07:31:00	0.4892597695390782	0.4892597695390782	153.21	-0.0	0.7828156312625251	0.7828156312625251	153.21	-0.0	0.4892597695390782	0.4892597695390782	153.21	0.0	281.0	279.53	566.69	75.75	0	b'BAS'
PROTOTYPE	003277	04/10/18	07:31:19	0.4892597695390782	0.4892597695390782	153.21	-0.0	0.7828156312625251	0.7828156312625251	153.21	-0.0	0.4892597695390782	0.4892597695390782	153.21	0.0	296.0	282.0	666.52	469.39	0	b'BAS'
PROTOTYPE	003278	04/10/18	07:31:38	0.4892597695390782	0.4892597695390782	153.21	-0.0	0.7828156312625251	0.7828156312625251	153.21	-0.0	0.4892597695390782	0.4892597695390782	153.21	0.0	282.0	282.0	646.08	503.98	0	b'BAS'
PROTOTYPE	003279	04/10/18	07:31:57	0.4892597695390782	0.4892597695390782	153.21	-0.0	0.7828156312625251	0.7828156312625251	153.21	-0.0	0.4892597695390782	0.4892597695390782	153.21	0.0	281.0	281.85	606.94	428.38	0	b'BAS'
PROTOTYPE	003280	04/10/18	07:32:17	0.4892597695390782	0.4892597695390782	153.21	-0.0	0.7828156312625251	0.7828156312625251	153.21	-0.0	0.4892597695390782	0.4892597695390782	153.21	0.0	282.0	281.88	542.53	349.12	0	b'BAS'
PROTOTYPE	003281	04/10/18	07:32:36	0.4892597695390782	0.4892597695390782	153.21	-0.0	0.7828156312625251	0.7828156312625251	153.21	-0.0	0.4892597695390782	0.4892597695390782	153.21	0.0	288.0	282.79	582.13	491.76	0	b'BAS'
PROTOTYPE	003282	04/10/18	07:32:55	0.4892597695390782	0.4892597695390782	153.21	-0.0	0.7828156312625251	0.7828156312625251	153.21	-0.0	0.4892597695390782	0.4892597695390782	153.21	0.0	280.0	282.37	534.38	357.99	0	b'BAS'
PROTOTYPE	003283	04/10/18	07:33:14	0.4892597695390782	0.4892597695390782	153.21	-0.0	0.7828156312625251	0.7828156312625251	153.21	-0.0	0.4892597695390782	0.4892597695390782	153.21	0.0	279.0	281.87	536.75	259.29	0	b'BAS'
PROTOTYPE	003284	04/10/18	07:33:33	0.4892597695390782	0.4892597695390782	153.21	-0.0	0.7828156312625251	0.7828156312625251	153.21	-0.0	0.4892597695390782	0.4892597695390782	153.21	0.0	281.0	281.74	527.72	220.4	0	b'BAS'
PROTOTYPE	003285	04/10/18	07:33:52	0.4892597695390782	0.4892597695390782	153.21	-0.0	0.7828156312625251	0.7828156312625251	153.21	-0.0	0.4892597695390782	0.4892597695390782	153.21	0.0	282.0	281.78	299.54	-22.66	0	b'BAS'
PROTOTYPE	003286	04/10/18	07:34:11	0.4892597695390782	0.4892597695390782	153.21	-0.0	0.7828156312625251	0.7828156312625251	153.21	-0.0	0.4892597695390782	0.4892597695390782	153.21	0.0	295.0	283.76	479.65	175.74	0	b'BAS'
PROTOTYPE	003287	04/10/18	07:34:31	0.4892597695390782	0.4892597695390782	153.21	-0.0	0.7828156312625251	0.7828156312625251	153.21	-0.0	0.4892597695390782	0.4892597695390782	153.21	0.0	274.0	282.3	602.96	44.38	0	b'BAS'
PROTOTYPE	003288	04/10/18	07:34:50	0.4892597695390782	0.4892597695390782	153.21	-0.0	0.7828156312625251	0.7828156312625251	153.21	-0.0	0.4892597695390782	0.4892597695390782	153.21	0.0	288.0	283.15	671.34	127.72	0	b'BAS'
PROTOTYPE	003289	04/10/18	07:35:09	0.4892597695390782	0.4892597695390782	153.21	-0.0	0.7828156312625251	0.7828156312625251	153.21	-0.0	0.4892597695390782	0.4892597695390782	153.21	0.0	286.0	283.58	624.31	78.56	0	b'BAS'
PROTOTYPE	003290	04/10/18	07:35:28	0.4892597695390782	0.4892597695390782	153.21	-0.0	0.7828156312625251	0.7828156312625251	153.21	-0.0	0.4892597695390782	0.4892597695390782	153.21	0.0	284.0	283.64	598.4	126.78	0	b'BAS'
PROTOTYPE	003291	04/10/18	07:35:47	0.4892597695390782	0.4892597695390782	153.21	-0.0	0.7828156312625251	0.7828156312625251	153.21	-0.0	0.4892597695390782	0.4892597695390782	153.21	0.0	289.0	284.45	626.89	257.76	0	b'BAS'
PROTOTYPE	003292	04/10/18	07:36:06	0.4892597695390782	0.4892597695390782	153.21	-0.0	0.7828156312625251	0.7828156312625251	153.21	-0.0	0.4892597695390782	0.4892597695390782	153.21	0.0	289.0	285.13	674.67	339.1	0	b'BAS'
PROTOTYPE	003293	04/10/18	07:36:25	0.4892597695390782	0.4892597695390782	153.21	-0.0	0.7828156312625251	0.7828156312625251	153.21	-0.0	0.4892597695390782	0.4892597695390782	153.21	0.0	282.0	284.66	705.81	288.23	0	b'BAS'
PROTOTYPE	003294	04/10/18	07:36:45	0.4892597695390782	0.4892597695390782	153.21	-0.0	0.7828156312625251	0.7828156312625251	153.21	-0.0	0.4892597695390782	0.4892597695390782	153.21	0.0	289.0	285.31	574.41	155.0	0	b'BAS'
PROTOTYPE	003295	04/10/18	07:37:04	0.4892597695390782	0.4892597695390782	153.21	-0.0	0.7828156312625251	0.7828156312625251	153.21	-0.0	0.4892597695390782	0.4892597695390782	153.21	0.0	287.0	285.56	458.51	326.75	0	b'BAS'
PROTOTYPE	003296	04/10/18	07:37:23	0.4892597695390782	0.4892597695390782	153.21	-0.0	0.7828156312625251	0.7828156312625251	153.21	-0.0	0.4892597695390782	0.4892597695390782	153.21	0.0	271.0	283.38	590.15	22.74	0	b'BAS'
PROTOTYPE	003297	04/10/18	07:37:42	0.4892597695390782	0.4892597695390782	153.21	-0.0	0.7828156312625251	0.7828156312625251	153.21	-0.0	0.4892597695390782	0.4892597695390782	153.21	0.0	274.0	281.97	685.33	-160.67	0	b'BAS'
PROTOTYPE	003298	04/10/18	07:38:01	0.4892597695390782	0.4892597695390782	153.21	-0.0	0.7828156312625251	0.7828156312625251	153.21	-0.0	0.4892597695390782	0.4892597695390782	153.21	0.0	272.0	280.48	815.97	-316.57	0	b'BAS'
PROTOTYPE	003299	04/10/18	07:38:20	0.4892597695390782	0.4892597695390782	153.21	-0.0	0.7828156312625251	0.7828156312625251	153.21	-0.0	0.4892597695390782	0.4892597695390782	153.21	0.0	282.0	280.71	763.17	-374.09	0	b'BAS'
PROTOTYPE	003300	04/10/18	07:38:39	0.4892597695390782	0.4892597695390782	153.21	-0.0	0.7828156312625251	0.7828156312625251	153.21	-0.0	0.4892597695390782	0.4892597695390782	153.21	0.0	287.0	281.65	788.58	-347.97	0	b'BAS'
PROTOTYPE	003301	04/10/18	07:38:59	0.4892597695390782	0.4892597695390782	153.21	-0.0	0.7828156312625251	0.7828156312625251	153.21	-0.0	0.4892597695390782	0.4892597695390782	153.21	0.0	287.0	282.45	820.39	-220.78	0	b'BAS'
PROTOTYPE	003302	04/10/18	07:39:18	0.4892597695390782	0.4892597695390782	153.21	-0.0	0.7828156312625251	0.7828156312625251	153.21	-0.0	0.4892597695390782	0.4892597695390782	153.21	0.0	278.0	281.78	822.0	-352.66	0	b'BAS'
PROTOTYPE	003303	04/10/18	07:39:37	0.4892597695390782	0.4892597695390782	153.21	-0.0	0.7828156312625251	0.7828156312625251	153.21	-0.0	0.4892597695390782	0.4892597695390782	153.21	0.0	288.0	282.72	885.43	-284.76	0	b'BAS'
PROTOTYPE	003304	04/10/18	07:39:56	0.4892597695390782	0.4892597695390782	153.21	-0.0	0.7828156312625251	0.7828156312625251	153.21	-0.0	0.4892597695390782	0.4892597695390782	153.21	0.0	278.0	282.01	739.42	-137.05	0	b'BAS'
PROTOTYPE	003305	04/10/18	07:40:15	0.4892597695390782	0.4892597695390782	153.21	-0.0	0.7828156312625251	0.7828156312625251	153.21	-0.0	0.4892597695390782	0.4892597695390782	153.21	0.0	284.0	282.31	632.91	33.51	0	b'BAS'
PROTOTYPE	003306	04/10/18	07:40:34	0.4892597695390782	0.4892597695390782	153.21	-0.0	0.7828156312625251	0.7828156312625251	153.21	-0.0	0.4892597695390782	0.4892597695390782	153.21	0.0	276.0	281.36	578.63	88.48	0	b'BAS'
PROTOTYPE	003307	04/10/18	07:40:53	0.4892597695390782	0.4892597695390782	153.21	-0.0	0.7828156312625251	0.7828156312625251	153.21	-0.0	0.4892597695390782	0.4892597695390782	153.21	0.0	280.0	281.16	576.82	45.21	0	b'BAS'
PROTOTYPE	003308	04/10/18	07:41:12	0.4892597695390782	0.4892597695390782	153.21	-0.0	0.7828156312625251	0.7828156312625251	153.21	-0.0	0.4892597695390782	0.4892597695390782	153.21	0.0	288.0	282.18	584.88	53.43	0	b'BAS'
PROTOTYPE	003309	04/10/18	07:41:32	0.4892597695390782	0.4892597695390782	153.21	-0.0	0.7828156312625251	0.7828156312625251	153.21	-0.0	0.4892597695390782	0.4892597695390782	153.21	0.0	291.0	283.51	635.99	105.41	0	b'BAS'
PROTOTYPE	003310	04/10/18	07:41:51	0.4892597695390782	0.4892597695390782	153.21	-0.0	0.7828156312625251	0.7828156312625251	153.21	-0.0	0.4892597695390782	0.4892597695390782	153.21	0.0	281.0	283.13	608.71	134.6	0	b'BAS'
PROTOTYPE	003311	04/10/18	07:42:10	0.4892597695390782	0.4892597695390782	153.21	-0.0	0.7828156312625251	0.7828156312625251	153.21	-0.0	0.4892597695390782	0.4892597695390782	153.21	0.0	283.0	283.11	532.78	39.41	0	b'BAS'
PROTOTYPE	003312	04/10/18	07:42:29	0.4892597695390782	0.4892597695390782	153.21	-0.0	0.7828156312625251	0.7828156312625251	153.21	-0.0	0.4892597695390782	0.4892597695390782	153.21	0.0	284.0	283.24	482.82	123.5	0	b'BAS'
PROTOTYPE	003313	04/10/18	07:42:48	0.4892597695390782	0.4892597695390782	153.21	-0.0	0.7828156312625251	0.7828156312625251	153.21	-0.0	0.4892597695390782	0.4892597695390782	153.21	0.0	281.0	282.91	486.07	59.98	0	b'BAS'
PROTOTYPE	003314	04/10/18	07:43:07	0.4892597695390782	0.4892597695390782	153.21	-0.0	0.7828156312625251	0.7828156312625251	153.21	-0.0	0.4892597695390782	0.4892597695390782	153.21	0.0	273.0	281.42	539.38	5.98	0	b'BAS'
PROTOTYPE	003315	04/10/18	07:43:26	0.4892597695390782	0.4892597695390782	153.21	-0.0	0.7828156312625251	0.7828156312625251	153.21	-0.0	0.4892597695390782	0.4892597695390782	153.21	0.0	283.0	281.66	541.84	50.08	0	b'BAS'
PROTOTYPE	003316	04/10/18	07:43:46	0.4892597695390782	0.4892597695390782	153.21	-0.0	0.7828156312625251	0.7828156312625251	153.21	-0.0	0.4892597695390782	0.4892597695390782	153.21	0.0	274.0	280.51	553.88	-167.43	0	b'BAS'
PROTOTYPE	003317	04/10/18	07:44:05	0.4892597695390782	0.4892597695390782	153.21	-0.0	0.7828156312625251	0.7828156312625251	153.21	-0.0	0.4892597695390782	0.4892597695390782	153.21	0.0	291.0	282.08	578.78	-142.32	0	b'BAS'
PROTOTYPE	003318	04/10/18	07:44:24	0.4892597695390782	0.4892597695390782	153.21	-0.0	0.7828156312625251	0.7828156312625251	153.21	-0.0	0.4892597695390782	0.4892597695390782	153.21	0.0	263.0	279.22	823.48	-390.97	0	b'BAS'
PROTOTYPE	003319	04/10/18	07:44:43	0.4892597695390782	0.4892597695390782	153.21	-0.0	0.7828156312625251	0.7828156312625251	153.21	-0.0	0.4892597695390782	0.4892597695390782	153.21	0.0	280.0	279.34	826.66	-377.32	0	b'BAS'
PROTOTYPE	003320	04/10/18	07:45:02	0.4892597695390782	0.4892597695390782	153.21	-0.0	0.7828156312625251	0.7828156312625251	153.21	-0.0	0.4892597695390782	0.4892597695390782	153.21	0.0	286.0	280.34	905.08	-290.72	0	b'BAS'
PROTOTYPE	003321	04/10/18	07:45:21	0.4892597695390782	0.4892597695390782	153.21	-0.0	0.7828156312625251	0.7828156312625251	153.21	-0.0	0.4892597695390782	0.4892597695390782	153.21	0.0	278.0	279.99	906.3	-292.12	0	b'BAS'
PROTOTYPE	003322	04/10/18	07:45:40	0.4892597695390782	0.4892597695390782	153.21	-0.0	0.7828156312625251	0.7828156312625251	153.21	-0.0	0.4892597695390782	0.4892597695390782	153.21	0.0	282.0	280.29	792.22	-113.3	0	b'BAS'
PROTOTYPE	003323	04/10/18	07:46:00	0.4892597695390782	0.4892597695390782	153.21	-0.0	0.7828156312625251	0.7828156312625251	153.21	-0.0	0.4892597695390782	0.4892597695390782	153.21	0.0	281.0	280.4	783.69	-126.3	0	b'BAS'
PROTOTYPE	003324	04/10/18	07:46:19	0.4892597695390782	0.4892597695390782	153.21	-0.0	0.7828156312625251	0.7828156312625251	153.21	-0.0	0.4892597695390782	0.4892597695390782	153.21	0.0	280.0	280.34	687.28	-17.36	0	b'BAS'
PROTOTYPE	003325	04/10/18	07:46:38	0.4892597695390782	0.4892597695390782	153.21	-0.0	0.7828156312625251	0.7828156312625251	153.21	-0.0	0.4892597695390782	0.4892597695390782	153.21	0.0	267.0	278.34	729.71	-374.75	0	b'BAS'
PROTOTYPE	003326	04/10/18	07:46:57	0.4892597695390782	0.4892597695390782	153.21	-0.0	0.7828156312625251	0.7828156312625251	153.21	-0.0	0.4892597695390782	0.4892597695390782	153.21	0.0	282.0	278.89	501.03	-33.54	0	b'BAS'
PROTOTYPE	003327	04/10/18	07:47:16	0.4892597695390782	0.4892597695390782	153.21	-0.0	0.7828156312625251	0.7828156312625251	153.21	-0.0	0.4892597695390782	0.4892597695390782	153.21	0.0	286.0	279.95	587.02	61.49	0	b'BAS'
PROTOTYPE	003328	04/10/18	07:47:35	0.4892597695390782	0.4892597695390782	153.21	-0.0	0.7828156312625251	0.7828156312625251	153.21	-0.0	0.4892597695390782	0.4892597695390782	153.21	0.0	284.0	280.56	548.93	22.27	0	b'BAS'
PROTOTYPE	003329	04/10/18	07:47:54	0.4892597695390782	0.4892597695390782	153.21	-0.0	0.8806675851703407	0.7974934243486974	158.38	15.0	0.4892597695390782	0.4892597695390782	153.21	0.0	285.0	281.23	578.29	123.93	0	b'BAS'
PROTOTYPE	003330	04/10/18	07:48:14	0.4892597695390782	0.4892597695390782	153.21	-0.0	0.7828156312625251	0.7955363852705412	158.51	12.75	0.4892597695390782	0.4892597695390782	153.21	0.0	281.0	281.19	561.98	90.34	0	b'BAS'
PROTOTYPE	003331	04/10/18	07:48:33	0.4892597695390782	0.4892597695390782	153.21	-0.0	0.7828156312625251	0.7935793461923848	158.61	10.84	0.4892597695390782	0.4892597695390782	153.21	0.0	285.0	281.76	600.3	136.79	0	b'BAS'
PROTOTYPE	003332	04/10/18	07:48:52	0.4892597695390782	0.4892597695390782	153.21	-0.0	0.7828156312625251	0.7916223071142284	158.68	9.21	0.4892597695390782	0.4892597695390782	153.21	0.0	284.0	282.1	618.89	176.27	0	b'BAS'
PROTOTYPE	003333	04/10/18	07:49:11	0.4892597695390782	0.4892597695390782	153.21	-0.0	0.7828156312625251	0.7906437875751503	158.73	7.83	0.4892597695390782	0.4892597695390782	153.21	0.0	281.0	281.93	443.2	359.83	0	b'BAS'
PROTOTYPE	003334	04/10/18	07:49:30	0.4892597695390782	0.4892597695390782	153.21	-0.0	0.7828156312625251	0.7896652680360722	158.76	6.66	0.4892597695390782	0.4892597695390782	153.21	0.0	284.0	282.24	421.43	335.85	0	b'BAS'
PROTOTYPE	003335	04/10/18	07:49:49	0.4892597695390782	0.4892597695390782	153.21	-0.0	0.7828156312625251	0.788686748496994	158.79	5.66	0.4892597695390782	0.4892597695390782	153.21	0.0	275.0	281.16	423.33	120.48	0	b'BAS'
PROTOTYPE	003336	04/10/18	07:50:08	0.4892597695390782	0.4892597695390782	153.21	-0.0	0.7828156312625251	0.7877082289579159	158.81	4.81	0.4892597695390782	0.4892597695390782	153.21	0.0	283.0	281.43	393.29	87.4	0	b'BAS'
PROTOTYPE	003337	04/10/18	07:50:28	0.4892597695390782	0.4892597695390782	153.21	-0.0	0.7828156312625251	0.7867297094188376	153.65	-10.91	0.4892597695390782	0.4892597695390782	153.21	0.0	272.0	280.02	466.78	-120.71	0	b'BAS'
PROTOTYPE	003338	04/10/18	07:50:47	0.4892597695390782	0.4892597695390782	153.21	-0.0	0.7828156312625251	0.7857511898797594	153.53	-9.28	0.4892597695390782	0.4892597695390782	153.21	0.0	289.0	281.37	583.41	17.4	0	b'BAS'
PROTOTYPE	003339	04/10/18	07:51:06	0.4892597695390782	0.4892597695390782	153.21	-0.0	0.7828156312625251	0.7857511898797594	153.44	-7.88	0.4892597695390782	0.4892597695390782	153.21	0.0	282.0	281.46	544.55	-30.21	0	b'BAS'
PROTOTYPE	003340	04/10/18	07:51:25	0.4892597695390782	0.4892597695390782	153.21	-0.0	0.7828156312625251	0.7857511898797594	153.37	-6.7	0.4892597695390782	0.4892597695390782	153.21	0.0	285.0	281.99	562.35	-10.68	0	b'BAS'
PROTOTYPE	003341	04/10/18	07:51:44	0.4892597695390782	0.4892597695390782	153.21	-0.0	0.7828156312625251	0.7847726703406813	153.33	-5.7	0.4892597695390782	0.4892597695390782	153.21	0.0	276.0	281.09	628.98	-84.08	0	b'BAS'
PROTOTYPE	003342	04/10/18	07:52:03	0.4892597695390782	0.4892597695390782	153.21	-0.0	0.7828156312625251	0.7847726703406813	153.29	-4.84	0.4892597695390782	0.4892597695390782	153.21	0.0	292.0	282.73	757.26	48.53	0	b'BAS'
PROTOTYPE	003343	04/10/18	07:52:22	0.4892597695390782	0.4892597695390782	153.21	-0.0	0.7828156312625251	0.7847726703406813	153.27	-4.12	0.4892597695390782	0.4892597695390782	153.21	0.0	283.0	282.77	666.51	161.25	0	b'BAS'
PROTOTYPE	003344	04/10/18	07:52:42	0.4892597695390782	0.4892597695390782	153.21	-0.0	0.7828156312625251	0.7837941508016032	153.25	-3.5	0.4892597695390782	0.4892597695390782	153.21	0.0	273.0	281.3	780.67	-12.93	0	b'BAS'
PROTOTYPE	003345	04/10/18	07:53:01	0.4892597695390782	0.4892597695390782	153.21	-0.0	0.7828156312625251	0.7837941508016032	153.24	-2.97	0.4892597695390782	0.4892597695390782	153.21	0.0	290.0	282.61	769.72	259.01	0	b'BAS'
PROTOTYPE	003346	04/10/18	07:53:20	0.4892597695390782	0.4892597695390782	153.21	-0.0	0.7828156312625251	0.7837941508016032	153.23	-2.53	0.4892597695390782	0.4892597695390782	153.21	0.0	287.0	283.27	702.24	190.16	0	b'BAS'
PROTOTYPE	003347	04/10/18	07:53:39	0.4892597695390782	0.4892597695390782	153.21	-0.0	0.7828156312625251	0.7837941508016032	153.23	-2.15	0.4892597695390782	0.4892597695390782	153.21	0.0	293.0	284.73	828.09	326.63	0	b'BAS'
PROTOTYPE	003348	04/10/18	07:53:58	0.4892597695390782	0.4892597695390782	153.21	-0.0	0.7828156312625251	0.7837941508016032	153.22	-1.83	0.4892597695390782	0.4892597695390782	153.21	0.0	283.0	284.47	803.88	247.64	0	b'BAS'
PROTOTYPE	003349	04/10/18	07:54:17	0.4892597695390782	0.4892597695390782	153.21	-0.0	0.8806675851703407	0.7984719438877755	158.33	13.45	0.4892597695390782	0.4892597695390782	153.21	0.0	286.0	284.7	741.9	360.49	0	b'BAS'
PROTOTYPE	003350	04/10/18	07:54:36	0.4892597695390782	0.4892597695390782	153.21	-0.0	0.7828156312625251	0.7955363852705412	158.47	11.43	0.4892597695390782	0.4892597695390782	153.21	0.0	283.0	284.44	609.04	171.42	0	b'BAS'
PROTOTYPE	003351	04/10/18	07:54:56	0.4892597695390782	0.4892597695390782	153.21	-0.0	0.7828156312625251	0.7935793461923848	158.57	9.72	0.4892597695390782	0.4892597695390782	153.21	0.0	288.0	284.98	646.15	220.71	0	b'BAS'
PROTOTYPE	003352	04/10/18	07:55:15	0.4892597695390782	0.4892597695390782	153.21	-0.0	0.8806675851703407	0.8072786197394789	162.74	23.26	0.4892597695390782	0.4892597695390782	153.21	0.0	278.0	283.93	604.74	262.6	0	b'BAS'
PROTOTYPE	003353	04/10/18	07:55:34	0.4892597695390782	0.4892597695390782	153.21	-0.0	0.7828156312625251	0.8033645415831664	163.09	19.77	0.4892597695390782	0.4892597695390782	153.21	0.0	277.0	282.89	578.61	28.21	0	b'BAS'
PROTOTYPE	003354	04/10/18	07:55:53	0.4892597695390782	0.4892597695390782	153.21	-0.0	0.7828156312625251	0.8004289829659318	163.34	16.8	0.4892597695390782	0.4892597695390782	153.21	0.0	287.0	283.51	574.56	23.98	0	b'BAS'
PROTOTYPE	003355	04/10/18	07:56:12	0.4892597695390782	0.4892597695390782	153.21	-0.0	0.7828156312625251	0.7974934243486974	163.53	14.28	0.4892597695390782	0.4892597695390782	153.21	0.0	277.0	282.53	526.79	-219.62	0	b'BAS'
PROTOTYPE	003356	04/10/18	07:56:31	0.4892597695390782	0.4892597695390782	153.21	-0.0	0.7828156312625251	0.7955363852705412	163.66	12.14	0.4892597695390782	0.4892597695390782	153.21	0.0	285.0	282.9	536.26	-156.68	0	b'BAS'
PROTOTYPE	003357	04/10/18	07:56:50	0.4892597695390782	0.4892597695390782	153.21	-0.0	0.7828156312625251	0.7935793461923848	158.64	-4.68	0.4892597695390782	0.4892597695390782	153.21	0.0	271.0	281.12	685.89	-358.17	0	b'BAS'
PROTOTYPE	003358	04/10/18	07:57:10	0.4892597695390782	0.4892597695390782	153.21	-0.0	0.7828156312625251	0.7916223071142284	158.57	-3.98	0.4892597695390782	0.4892597695390782	153.21	0.0	290.0	282.45	788.65	-199.45	0	b'BAS'
PROTOTYPE	003359	04/10/18	07:57:29	0.4892597695390782	0.4892597695390782	153.21	-0.0	0.7828156312625251	0.7906437875751503	158.52	-3.38	0.4892597695390782	0.4892597695390782	153.21	0.0	284.0	282.68	762.11	-229.53	0	b'BAS'
PROTOTYPE	003360	04/10/18	07:57:48	0.4892597695390782	0.4892597695390782	153.21	-0.0	0.7828156312625251	0.7896652680360722	154.38	-17.87	0.4892597695390782	0.4892597695390782	153.21	0.0	284.0	282.88	683.25	-105.1	0	b'BAS'
PROTOTYPE	003361	04/10/18	07:58:07	0.4892597695390782	0.4892597695390782	153.21	-0.0	0.7828156312625251	0.788686748496994	154.06	-15.19	0.4892597695390782	0.4892597695390782	153.21	0.0	285.0	283.2	614.68	30.66	0	b'BAS'
PROTOTYPE	003362	04/10/18	07:58:26	0.4892597695390782	0.4892597695390782	153.21	-0.0	0.7828156312625251	0.7877082289579159	153.82	-12.91	0.4892597695390782	0.4892597695390782	153.21	0.0	277.0	282.27	645.04	-123.94	0	b'BAS'
PROTOTYPE	003363	04/10/18	07:58:45	0.4892597695390782	0.4892597695390782	153.21	-0.0	0.7828156312625251	0.7867297094188376	153.65	-10.98	0.4892597695390782	0.4892597695390782	153.21	0.0	282.0	282.23	565.14	-30.35	0	b'BAS'
PROTOTYPE	003364	04/10/18	07:59:04	0.4892597695390782	0.4892597695390782	153.21	-0.0	0.7828156312625251	0.7857511898797594	153.53	-9.33	0.4892597695390782	0.4892597695390782	153.21	0.0	286.0	282.79	583.19	-10.79	0	b'BAS'
PROTOTYPE	003365	04/10/18	07:59:24	0.4892597695390782	0.4892597695390782	153.21	-0.0	0.7828156312625251	0.7857511898797594	153.44	-7.93	0.4892597695390782	0.4892597695390782	153.21	0.0	292.0	284.17	543.06	305.83	0	b'BAS'
PROTOTYPE	003366	04/10/18	07:59:43	0.4892597695390782	0.4892597695390782	153.21	-0.0	0.7828156312625251	0.7857511898797594	153.38	-6.74	0.4892597695390782	0.4892597695390782	153.21	0.0	278.0	283.25	503.01	79.95	0	b'BAS'
PROTOTYPE	003367	04/10/18	08:00:02	0.4892597695390782	0.4892597695390782	153.21	-0.0	0.8806675851703407	0.7994504634268537	158.27	9.27	0.4892597695390782	0.4892597695390782	153.21	0.0	274.0	281.86	612.92	-82.04	0	b'BAS'
PROTOTYPE	003368	04/10/18	08:00:21	0.4892597695390782	0.4892597695390782	153.21	-0.0	0.7828156312625251	0.7974934243486974	158.4	7.88	0.4892597695390782	0.4892597695390782	153.21	0.0	286.0	282.48	650.36	-39.73	0	b'BAS'
PROTOTYPE	003369	04/10/18	08:00:40	0.4892597695390782	0.4892597695390782	153.21	-0.0	0.8806675851703407	0.8092356588176353	162.27	21.7	0.4892597695390782	0.4892597695390782	153.21	0.0	284.0	282.71	642.98	-48.77	0	b'BAS'
PROTOTYPE	003370	04/10/18	08:00:59	0.4892597695390782	0.4892597695390782	153.21	-0.0	0.7828156312625251	0.8053215806613226	162.69	18.44	0.4892597695390782	0.4892597695390782	153.21	0.0	288.0	283.5	629.7	123.54	0	b'BAS'
PROTOTYPE	003371	04/10/18	08:01:18	0.4892597695390782	0.4892597695390782	153.21	-0.0	0.7828156312625251	0.802386022044088	162.99	15.68	0.4892597695390782	0.4892597695390782	153.21	0.0	282.0	283.28	639.72	105.01	0	b'BAS'
PROTOTYPE	003372	04/10/18	08:01:38	0.4892597695390782	0.4892597695390782	153.21	-0.0	0.7828156312625251	0.7994504634268537	163.21	13.33	0.4892597695390782	0.4892597695390782	153.21	0.0	289.0	284.14	667.92	134.26	0	b'BAS'
PROTOTYPE	003373	04/10/18	08:01:57	0.4892597695390782	0.4892597695390782	153.21	-0.0	0.7828156312625251	0.7965149048096194	163.37	11.33	0.4892597695390782	0.4892597695390782	153.21	0.0	280.0	283.52	593.43	-65.88	0	b'BAS'
PROTOTYPE	003374	04/10/18	08:02:16	0.4892597695390782	0.4892597695390782	153.21	-0.0	0.7828156312625251	0.7945578657314628	163.48	9.63	0.4892597695390782	0.4892597695390782	153.21	0.0	292.0	284.79	627.56	154.0	0	b'BAS'
PROTOTYPE	003375	04/10/18	08:02:35	0.4892597695390782	0.4892597695390782	153.21	-0.0	0.7828156312625251	0.7926008266533066	158.62	-6.82	0.4892597695390782	0.4892597695390782	153.21	0.0	288.0	285.27	539.36	340.9	0	b'BAS'
PROTOTYPE	003376	04/10/18	08:02:54	0.4892597695390782	0.4892597695390782	153.21	-0.0	0.7828156312625251	0.7916223071142284	158.51	-5.79	0.4892597695390782	0.4892597695390782	153.21	0.0	278.0	284.18	585.11	169.77	0	b'BAS'
PROTOTYPE	003377	04/10/18	08:03:13	0.4892597695390782	0.4892597695390782	153.21	-0.0	0.8806675851703407	0.8043430611222446	159.01	-4.93	0.4892597695390782	0.4892597695390782	153.21	0.0	289.0	284.9	630.15	219.3	0	b'BAS'
PROTOTYPE	003378	04/10/18	08:03:32	0.4892597695390782	0.4892597695390782	153.21	-0.0	0.7828156312625251	0.80140750250501	158.87	-4.19	0.4892597695390782	0.4892597695390782	153.21	0.0	292.0	285.97	656.69	246.41	0	b'BAS'
PROTOTYPE	003379	04/10/18	08:03:52	0.4892597695390782	0.4892597695390782	153.21	-0.0	0.7828156312625251	0.7984719438877755	158.76	-3.56	0.4892597695390782	0.4892597695390782	153.21	0.0	269.0	283.42	882.33	14.45	0	b'BAS'
PROTOTYPE	003380	04/10/18	08:04:11	0.4892597695390782	0.4892597695390782	153.21	-0.0	0.7828156312625251	0.7965149048096194	158.69	-3.02	0.4892597695390782	0.4892597695390782	153.21	0.0	283.0	283.36	814.56	-77.72	0	b'BAS'
PROTOTYPE	003381	04/10/18	08:04:30	0.4892597695390782	0.4892597695390782	153.21	-0.0	0.7828156312625251	0.7945578657314628	158.64	-2.57	0.4892597695390782	0.4892597695390782	153.21	0.0	289.0	284.2	836.39	68.94	0	b'BAS'
PROTOTYPE	003382	04/10/18	08:04:49	0.4892597695390782	0.4892597695390782	153.21	-0.0	0.7828156312625251	0.7926008266533066	158.6	-2.19	0.4892597695390782	0.4892597695390782	153.21	0.0	278.0	283.27	802.71	-151.4	0	b'BAS'
PROTOTYPE	003383	04/10/18	08:05:08	0.4892597695390782	0.4892597695390782	153.21	-0.0	0.7828156312625251	0.7906437875751503	158.57	-1.86	0.4892597695390782	0.4892597695390782	153.21	0.0	283.0	283.23	770.46	-203.69	0	b'BAS'
PROTOTYPE	003384	04/10/18	08:05:27	0.4892597695390782	0.4892597695390782	153.21	-0.0	0.7828156312625251	0.7896652680360722	158.55	-1.58	0.4892597695390782	0.4892597695390782	153.21	0.0	277.0	282.3	755.18	-188.14	0	b'BAS'
PROTOTYPE	003385	04/10/18	08:05:46	0.4892597695390782	0.4892597695390782	153.21	-0.0	0.7828156312625251	0.788686748496994	154.19	-16.34	0.4892597695390782	0.4892597695390782	153.21	0.0	276.0	281.35	776.77	-354.92	0	b'BAS'
PROTOTYPE	003386	04/10/18	08:06:06	0.4892597695390782	0.4892597695390782	153.21	-0.0	0.7828156312625251	0.7877082289579159	153.92	-13.89	0.4892597695390782	0.4892597695390782	153.21	0.0	288.0	282.35	770.12	-361.68	0	b'BAS'
PROTOTYPE	003387	04/10/18	08:06:25	0.4892597695390782	0.4892597695390782	153.21	-0.0	0.7828156312625251	0.7867297094188376	153.72	-11.81	0.4892597695390782	0.4892597695390782	153.21	0.0	291.0	283.65	646.04	22.57	0	b'BAS'
PROTOTYPE	003388	04/10/18	08:06:44	0.4892597695390782	0.4892597695390782	153.21	-0.0	0.8806675851703407	0.80140750250501	158.34	4.96	0.4892597695390782	0.4892597695390782	153.21	0.0	277.0	282.65	727.41	-70.81	0	b'BAS'
PROTOTYPE	003389	04/10/18	08:07:03	0.4892597695390782	0.4892597695390782	153.21	-0.0	0.7828156312625251	0.7984719438877755	158.43	4.22	0.4892597695390782	0.4892597695390782	153.21	0.0	283.0	282.7	660.51	-150.19	0	b'BAS'
PROTOTYPE	003390	04/10/18	08:07:22	0.4892597695390782	0.4892597695390782	153.21	-0.0	0.7828156312625251	0.7965149048096194	158.5	3.59	0.4892597695390782	0.4892597695390782	153.21	0.0	282.0	282.6	587.35	-67.66	0	b'BAS'
PROTOTYPE	003391	04/10/18	08:07:41	0.4892597695390782	0.4892597695390782	153.21	-0.0	0.7828156312625251	0.7945578657314628	158.55	3.05	0.4892597695390782	0.4892597695390782	153.21	0.0	282.0	282.51	588.91	-72.51	0	b'BAS'
PROTOTYPE	003392	04/10/18	08:08:00	0.4892597695390782	0.4892597695390782	153.21	-0.0	0.7828156312625251	0.7926008266533066	158.59	2.59	0.4892597695390782	0.4892597695390782	153.21	0.0	291.0	283.78	622.28	148.36	0	b'BAS'
PROTOTYPE	003393	04/10/18	08:08:20	0.4892597695390782	0.4892597695390782	153.21	-0.0	0.7828156312625251	0.7906437875751503	158.61	2.2	0.4892597695390782	0.4892597695390782	153.21	0.0	276.0	282.61	644.17	126.11	0	b'BAS'
PROTOTYPE	003394	04/10/18	08:08:39	0.4892597695390782	0.4892597695390782	153.21	-0.0	0.7828156312625251	0.7896652680360722	158.63	1.87	0.4892597695390782	0.4892597695390782	153.21	0.0	283.0	282.67	562.66	32.19	0	b'BAS'
PROTOTYPE	003395	04/10/18	08:08:58	0.4892597695390782	0.4892597695390782	153.21	-0.0	0.7828156312625251	0.788686748496994	158.65	1.59	0.4892597695390782	0.4892597695390782	153.21	0.0	292.0	284.07	572.73	42.36	0	b'BAS'
PROTOTYPE	003396	04/10/18	08:09:17	0.4892597695390782	0.4892597695390782	153.21	-0.0	0.7828156312625251	0.7877082289579159	153.9	-13.65	0.4892597695390782	0.4892597695390782	153.21	0.0	287.0	284.51	519.11	186.01	0	b'BAS'
PROTOTYPE	003397	04/10/18	08:09:36	0.4892597695390782	0.4892597695390782	153.21	-0.0	0.7828156312625251	0.7867297094188376	153.71	-11.6	0.4892597695390782	0.4892597695390782	153.21	0.0	282.0	284.13	541.5	143.11	0	b'BAS'
PROTOTYPE	003398	04/10/18	08:09:55	0.4892597695390782	0.4892597695390782	153.21	-0.0	0.7828156312625251	0.7867297094188376	153.57	-9.86	0.4892597695390782	0.4892597695390782	153.21	0.0	278.0	283.21	613.62	61.64	0	b'BAS'
PROTOTYPE	003399	04/10/18	08:10:14	0.4892597695390782	0.4892597695390782	153.21	-0.0	0.7828156312625251	0.7857511898797594	153.47	-8.38	0.4892597695390782	0.4892597695390782	153.21	0.0	289.0	284.08	681.36	157.4	0	b'BAS'
PROTOTYPE	003400	04/10/18	08:10:34	0.4892597695390782	0.4892597695390782	153.21	-0.0	0.8806675851703407	0.8004289829659318	158.28	7.88	0.4892597695390782	0.4892597695390782	153.21	0.0	269.0	281.82	779.58	-196.21	0	b'BAS'
PROTOTYPE	003401	04/10/18	08:10:53	0.4892597695390782	0.4892597695390782	153.21	-0.0	0.7828156312625251	0.7974934243486974	158.4	6.69	0.4892597695390782	0.4892597695390782	153.21	0.0	280.0	281.55	694.64	-106.78	0	b'BAS'
