Dev_id	Index	Date	Time	Sensor1	Sensor1_Filter	Sensor1_LL	Sensor1_Diff	Sensor2	Sensor2_Filter	Sensor2_LL	Sensor2_Diff	Sensor3	Sensor3_Filter	Sensor3_LL	Sensor3_Diff	Sensor4	Sensor4_Filter	Sensor4_LL	Sensor4_Diff	Heater_Status	FSM_Status
PROTOTYPE	010967	04/15/18	22:38:09	0.4892597695390782	0.4892597695390782	11.39	0.0	3.9140781563126255	3.9404981838677355	58.1	-30.68	0.4892597695390782	0.4892597695390782	11.39	0.0	293.0	292.01	741.19	-392.38	0	1
PROTOTYPE	010968	04/15/18	22:38:10	0.4892597695390782	0.4892597695390782	11.4	0.0	3.9140781563126255	3.9365841057114226	55.96	-41.08	0.4892597695390782	0.4892597695390782	11.4	0.0	294.0	292.31	667.06	-258.52	0	1
PROTOTYPE	010969	04/15/18	22:38:12	0.4892597695390782	0.4892597695390782	11.39	0.0	4.01193011022044	3.948326340180361	57.83	-19.92	0.4892597695390782	0.4892597695390782	11.39	0.0	295.0	292.71	693.98	-204.74	0	1
PROTOTYPE	010970	04/15/18	22:38:13	0.4892597695390782	0.4892597695390782	11.38	0.0	3.9140781563126255	3.942455222945892	56.27	-31.93	0.4892597695390782	0.4892597695390782	11.38	0.0	294.0	292.91	536.94	-9.03	0	1
PROTOTYPE	010971	04/15/18	22:38:15	0.4892597695390782	0.4892597695390782	11.28	0.0	3.9140781563126255	3.938541144789579	51.57	-27.14	0.4892597695390782	0.4892597695390782	11.28	0.0	297.0	293.52	418.44	232.32	0	1
PROTOTYPE	010972	04/15/18	22:38:16	0.4892597695390782	0.4892597695390782	11.25	0.0	3.9140781563126255	3.9346270666332663	47.62	-23.07	0.4892597695390782	0.4892597695390782	11.25	0.0	295.0	293.74	347.73	347.48	0	1
PROTOTYPE	010973	04/15/18	22:38:17	0.4892597695390782	0.4892597695390782	11.28	0.0	4.01193011022044	3.9463693011022047	52.71	-4.61	0.4892597695390782	0.4892597695390782	11.28	0.0	287.0	292.73	347.86	145.35	0	1
PROTOTYPE	010974	04/15/18	22:38:19	0.4892597695390782	0.4892597695390782	11.25	0.0	4.01193011022044	3.9561544964929856	57.01	11.08	0.4892597695390782	0.4892597695390782	11.25	0.0	295.0	293.07	326.07	123.55	0	1
PROTOTYPE	010975	04/15/18	22:38:20	0.4892597695390782	0.4892597695390782	11.21	0.0	3.9140781563126255	3.9502833792585164	58.61	9.42	0.4892597695390782	0.4892597695390782	11.21	0.0	283.0	291.56	459.61	-44.98	0	1
PROTOTYPE	010976	04/15/18	22:38:22	0.4892597695390782	0.4892597695390782	11.22	0.0	4.01193011022044	3.9590900551102206	63.89	23.01	0.4892597695390782	0.4892597695390782	11.22	0.0	290.0	291.33	453.17	-98.23	0	1
PROTOTYPE	010977	04/15/18	22:38:23	0.4892597695390782	0.4892597695390782	11.25	0.0	3.9140781563126255	3.952240418336674	59.35	4.56	0.4892597695390782	0.4892597695390782	11.25	0.0	296.0	292.03	482.9	-68.5	0	1
PROTOTYPE	010978	04/15/18	22:38:24	0.4892597695390782	0.4892597695390782	11.25	0.0	4.01193011022044	3.9610470941883764	63.19	18.87	0.4892597695390782	0.4892597695390782	11.25	0.0	295.0	292.47	508.14	-43.22	0	1
PROTOTYPE	010979	04/15/18	22:38:26	0.4892597695390782	0.4892597695390782	11.23	0.0	3.9140781563126255	3.9541974574148293	65.93	16.04	0.4892597695390782	0.4892597695390782	11.23	0.0	296.0	293.0	499.63	-51.74	0	1
PROTOTYPE	010980	04/15/18	22:38:27	0.4892597695390782	0.4892597695390782	11.24	0.0	3.9140781563126255	3.948326340180361	68.24	13.64	0.4892597695390782	0.4892597695390782	11.24	0.0	290.0	292.55	522.43	-118.98	0	1
PROTOTYPE	010981	04/15/18	22:38:29	0.4892597695390782	0.4892597695390782	11.24	0.0	3.9140781563126255	3.9434337424849697	61.78	-3.41	0.4892597695390782	0.4892597695390782	11.24	0.0	300.0	293.67	533.03	93.87	0	1
PROTOTYPE	010982	04/15/18	22:38:30	0.4892597695390782	0.4892597695390782	11.26	0.0	3.9140781563126255	3.938541144789579	56.33	-17.9	0.4892597695390782	0.4892597695390782	11.26	0.0	293.0	293.57	509.09	49.79	0	1
PROTOTYPE	010983	04/15/18	22:38:31	0.4892597695390782	0.4892597695390782	11.27	0.0	3.9140781563126255	3.9346270666332663	53.75	-15.21	0.4892597695390782	0.4892597695390782	11.27	0.0	286.0	292.43	471.56	87.32	0	1
PROTOTYPE	010984	04/15/18	22:38:33	0.4892597695390782	0.4892597695390782	11.26	0.0	3.9140781563126255	3.931691508016032	47.65	-27.93	0.4892597695390782	0.4892597695390782	11.26	0.0	292.0	292.37	454.77	104.22	0	1
PROTOTYPE	010985	04/15/18	22:38:34	0.4892597695390782	0.4892597695390782	11.24	0.0	3.9140781563126255	3.929734468937876	43.66	-23.74	0.4892597695390782	0.4892597695390782	11.24	0.0	297.0	293.06	454.13	103.59	0	1
PROTOTYPE	010986	04/15/18	22:38:36	0.4892597695390782	0.4892597695390782	11.26	0.0	3.9140781563126255	3.9267989103206418	37.16	-35.18	0.4892597695390782	0.4892597695390782	11.26	0.0	286.0	292.0	515.48	-46.95	0	1
PROTOTYPE	010987	04/15/18	22:38:37	0.4892597695390782	0.4892597695390782	11.28	0.0	3.9140781563126255	3.924841871242485	32.2	-29.9	0.4892597695390782	0.4892597695390782	11.28	0.0	292.0	292.0	463.97	-99.91	0	1
PROTOTYPE	010988	04/15/18	22:38:38	0.4892597695390782	0.4892597695390782	11.28	0.0	3.9140781563126255	3.9238633517034067	28.07	-25.42	0.4892597695390782	0.4892597695390782	11.28	0.0	299.0	293.05	523.88	50.08	0	1
PROTOTYPE	010989	04/15/18	22:38:40	0.4892597695390782	0.4892597695390782	11.25	0.0	3.9140781563126255	3.92190631262525	24.63	-21.61	0.4892597695390782	0.4892597695390782	11.25	0.0	294.0	293.19	426.42	-47.43	0	1
PROTOTYPE	010990	04/15/18	22:38:41	0.4892597695390782	0.4892597695390782	11.26	0.0	3.9140781563126255	3.9209277930861726	21.83	-18.36	0.4892597695390782	0.4892597695390782	11.26	0.0	293.0	293.17	419.54	-40.32	0	1
PROTOTYPE	010991	04/15/18	22:38:43	0.4892597695390782	0.4892597695390782	11.26	0.0	3.9140781563126255	3.9199492735470947	19.54	-15.61	0.4892597695390782	0.4892597695390782	11.26	0.0	298.0	293.89	378.53	145.73	0	1
PROTOTYPE	010992	04/15/18	22:38:44	0.4892597695390782	0.4892597695390782	11.27	0.0	4.01193011022044	3.9336485470941884	30.22	1.73	0.4892597695390782	0.4892597695390782	11.27	0.0	293.0	293.76	385.31	138.87	0	1
PROTOTYPE	010993	04/15/18	22:38:45	0.4892597695390782	0.4892597695390782	11.26	0.0	3.9140781563126255	3.9307129884769543	30.45	1.47	0.4892597695390782	0.4892597695390782	11.26	0.0	282.0	291.99	492.19	-106.96	0	1
PROTOTYPE	010994	04/15/18	22:38:47	0.4892597695390782	0.4892597695390782	11.23	0.0	3.9140781563126255	3.9277774298597192	30.62	1.25	0.4892597695390782	0.4892597695390782	11.23	0.0	297.0	292.74	461.34	74.08	0	1
PROTOTYPE	010995	04/15/18	22:38:48	0.4892597695390782	0.4892597695390782	11.21	0.0	3.9140781563126255	3.925820390781563	30.77	1.06	0.4892597695390782	0.4892597695390782	11.21	0.0	293.0	292.78	464.0	77.97	0	1
PROTOTYPE	010996	04/15/18	22:38:50	0.4892597695390782	0.4892597695390782	11.21	0.0	4.01193011022044	3.938541144789579	41.82	15.9	0.4892597695390782	0.4892597695390782	11.21	0.0	292.0	292.67	370.87	-38.72	0	1
PROTOTYPE	010997	04/15/18	22:38:51	0.4892597695390782	0.4892597695390782	11.23	0.0	3.9140781563126255	3.9356055861723447	43.89	13.52	0.4892597695390782	0.4892597695390782	11.23	0.0	276.0	290.17	606.57	-302.92	0	1
PROTOTYPE	010998	04/15/18	22:38:52	0.4892597695390782	0.4892597695390782	11.21	0.0	3.9140781563126255	3.931691508016032	45.55	11.49	0.4892597695390782	0.4892597695390782	11.21	0.0	282.0	288.94	725.82	-422.48	0	1
PROTOTYPE	010999	04/15/18	22:38:54	0.4892597695390782	0.4892597695390782	11.21	0.0	3.9140781563126255	3.929734468937876	46.9	9.77	0.4892597695390782	0.4892597695390782	11.21	0.0	294.0	289.7	729.19	-419.11	0	1
PROTOTYPE	011000	04/15/18	22:38:55	0.4892597695390782	0.4892597695390782	11.2	0.0	4.01193011022044	3.941476703406814	45.44	8.3	0.4892597695390782	0.4892597695390782	11.2	0.0	284.0	288.84	801.26	-491.24	0	1
PROTOTYPE	011001	04/15/18	22:38:57	0.4892597695390782	0.4892597695390782	11.2	0.0	3.9140781563126255	3.9375626252505014	46.6	7.06	0.4892597695390782	0.4892597695390782	11.2	0.0	280.0	287.52	757.58	-447.55	0	1
PROTOTYPE	011002	04/15/18	22:38:58	0.4892597695390782	0.4892597695390782	11.2	0.0	4.01193011022044	3.948326340180361	55.18	21.0	0.4892597695390782	0.4892597695390782	11.2	0.0	299.0	289.24	854.7	-350.42	0	1
PROTOTYPE	011003	04/15/18	22:38:59	0.4892597695390782	0.4892597695390782	11.2	0.0	4.01193011022044	3.958111535571143	62.39	32.85	0.4892597695390782	0.4892597695390782	11.2	0.0	300.0	290.85	1012.03	-192.86	0	1
PROTOTYPE	011004	04/15/18	22:39:01	0.4892597695390782	0.4892597695390782	11.19	0.0	4.01193011022044	3.9659396918837677	57.51	27.92	0.4892597695390782	0.4892597695390782	11.19	0.0	294.0	291.33	1047.41	-133.93	0	1
PROTOTYPE	011005	04/15/18	22:39:02	0.4892597695390782	0.4892597695390782	11.18	0.0	4.01193011022044	3.9727893286573144	60.58	38.73	0.4892597695390782	0.4892597695390782	11.18	0.0	283.0	290.08	922.32	-8.84	0	1
PROTOTYPE	011006	04/15/18	22:39:04	0.4892597695390782	0.4892597695390782	11.17	0.0	4.01193011022044	3.9786604458917827	63.16	47.92	0.4892597695390782	0.4892597695390782	11.17	0.0	286.0	289.47	861.0	52.49	0	1
PROTOTYPE	011007	04/15/18	22:39:05	0.4892597695390782	0.4892597695390782	11.15	0.0	4.01193011022044	3.9835530435871744	65.3	55.73	0.4892597695390782	0.4892597695390782	11.15	0.0	293.0	290.0	838.14	29.61	0	1
PROTOTYPE	011008	04/15/18	22:39:06	0.4892597695390782	0.4892597695390782	11.14	0.0	3.9140781563126255	3.9737678481963923	63.36	32.37	0.4892597695390782	0.4892597695390782	11.14	0.0	296.0	290.9	842.7	205.17	0	1
PROTOTYPE	011009	04/15/18	22:39:08	0.4892597695390782	0.4892597695390782	11.15	0.0	3.9140781563126255	3.96496117234469	68.1	27.52	0.4892597695390782	0.4892597695390782	11.15	0.0	296.0	291.66	786.59	414.4	0	1
PROTOTYPE	011010	04/15/18	22:39:09	0.4892597695390782	0.4892597695390782	11.15	0.0	3.9140781563126255	3.9571330160320644	64.48	8.39	0.4892597695390782	0.4892597695390782	11.15	0.0	284.0	290.51	729.29	127.24	0	1
PROTOTYPE	011011	04/15/18	22:39:11	0.4892597695390782	0.4892597695390782	11.16	0.0	4.01193011022044	3.96496117234469	63.24	7.13	0.4892597695390782	0.4892597695390782	11.16	0.0	301.0	292.09	725.21	123.15	0	1
PROTOTYPE	011012	04/15/18	22:39:12	0.4892597695390782	0.4892597695390782	11.16	0.0	4.01193011022044	3.971810809118237	62.18	6.06	0.4892597695390782	0.4892597695390782	11.16	0.0	296.0	292.67	736.73	134.68	0	1
PROTOTYPE	011013	04/15/18	22:39:13	0.4892597695390782	0.4892597695390782	11.17	0.0	4.01193011022044	3.9776819263527052	61.3	5.15	0.4892597695390782	0.4892597695390782	11.17	0.0	291.0	292.42	636.97	234.48	0	1
PROTOTYPE	011014	04/15/18	22:39:15	0.4892597695390782	0.4892597695390782	11.2	0.0	4.01193011022044	3.9835530435871744	60.55	4.38	0.4892597695390782	0.4892597695390782	11.2	0.0	303.0	294.01	734.47	454.3	0	1
PROTOTYPE	011015	04/15/18	22:39:16	0.4892597695390782	0.4892597695390782	11.21	0.0	4.01193011022044	3.987467121743487	59.93	3.72	0.4892597695390782	0.4892597695390782	11.21	0.0	291.0	293.56	726.59	356.16	0	1
PROTOTYPE	011016	04/15/18	22:39:18	0.4892597695390782	0.4892597695390782	11.23	0.0	4.01193011022044	3.9913811998998	53.13	18.16	0.4892597695390782	0.4892597695390782	11.23	0.0	303.0	294.97	778.16	407.74	0	1
PROTOTYPE	011017	04/15/18	22:39:19	0.4892597695390782	0.4892597695390782	11.23	0.0	4.01193011022044	3.994316758517034	47.4	30.44	0.4892597695390782	0.4892597695390782	11.23	0.0	295.0	294.98	703.05	331.58	0	1
PROTOTYPE	011018	04/15/18	22:39:20	0.4892597695390782	0.4892597695390782	11.26	0.0	3.9140781563126255	3.9825745240480965	51.92	25.87	0.4892597695390782	0.4892597695390782	11.26	0.0	300.0	295.73	663.46	521.84	0	1
PROTOTYPE	011019	04/15/18	22:39:22	0.4892597695390782	0.4892597695390782	11.25	0.0	4.01193011022044	3.9864886022044095	48.14	21.99	0.4892597695390782	0.4892597695390782	11.25	0.0	292.0	295.17	562.12	308.56	0	1
PROTOTYPE	011020	04/15/18	22:39:23	0.4892597695390782	0.4892597695390782	11.26	0.0	4.01193011022044	3.990402680360721	44.95	18.69	0.4892597695390782	0.4892597695390782	11.26	0.0	292.0	294.7	550.99	202.28	0	1
PROTOTYPE	011021	04/15/18	22:39:25	0.4892597695390782	0.4892597695390782	11.24	0.0	4.01193011022044	3.993338238977956	42.27	15.89	0.4892597695390782	0.4892597695390782	11.24	0.0	288.0	293.69	626.3	126.94	0	1
PROTOTYPE	011022	04/15/18	22:39:26	0.4892597695390782	0.4892597695390782	11.24	0.0	4.01193011022044	3.9962737975951903	40.03	13.51	0.4892597695390782	0.4892597695390782	11.24	0.0	281.0	291.79	658.0	-222.1	0	1
PROTOTYPE	011023	04/15/18	22:39:27	0.4892597695390782	0.4892597695390782	11.24	0.0	3.9140781563126255	3.984531563126252	48.12	-3.52	0.4892597695390782	0.4892597695390782	11.24	0.0	290.0	291.52	639.7	-203.79	0	1
PROTOTYPE	011024	04/15/18	22:39:29	0.4892597695390782	0.4892597695390782	11.23	0.0	3.9140781563126255	3.9737678481963923	54.95	-17.99	0.4892597695390782	0.4892597695390782	11.23	0.0	276.0	289.19	730.84	-578.22	0	1
PROTOTYPE	011025	04/15/18	22:39:30	0.4892597695390782	0.4892597695390782	11.24	0.0	4.01193011022044	3.9796389654308615	57.52	-15.29	0.4892597695390782	0.4892597695390782	11.24	0.0	289.0	289.16	732.59	-581.49	0	1
PROTOTYPE	011026	04/15/18	22:39:32	0.4892597695390782	0.4892597695390782	11.23	0.0	3.9140781563126255	3.96985377004008	55.24	-13.0	0.4892597695390782	0.4892597695390782	11.23	0.0	289.0	289.14	660.06	-659.26	0	1
PROTOTYPE	011027	04/15/18	22:39:33	0.4892597695390782	0.4892597695390782	11.25	0.0	4.01193011022044	3.9757248872745494	57.13	-11.05	0.4892597695390782	0.4892597695390782	11.25	0.0	296.0	290.17	707.01	-500.37	0	1
PROTOTYPE	011028	04/15/18	22:39:35	0.4892597695390782	0.4892597695390782	11.26	0.0	4.01193011022044	3.9815960045090177	58.72	-9.39	0.4892597695390782	0.4892597695390782	11.26	0.0	291.0	290.29	671.99	-440.32	0	1
PROTOTYPE	011029	04/15/18	22:39:36	0.4892597695390782	0.4892597695390782	11.28	0.0	4.01193011022044	3.9855100826653307	60.06	-7.98	0.4892597695390782	0.4892597695390782	11.28	0.0	294.0	290.85	627.17	-284.27	0	1
PROTOTYPE	011030	04/15/18	22:39:37	0.4892597695390782	0.4892597695390782	11.27	0.0	3.9140781563126255	3.974746367735471	68.02	-21.79	0.4892597695390782	0.4892597695390782	11.27	0.0	301.0	292.37	589.08	58.37	0	1
PROTOTYPE	011031	04/15/18	22:39:39	0.4892597695390782	0.4892597695390782	11.26	0.0	4.01193011022044	3.9806174849699403	61.13	-3.52	0.4892597695390782	0.4892597695390782	11.26	0.0	285.0	291.27	672.8	-25.39	0	1
PROTOTYPE	011032	04/15/18	22:39:40	0.4892597695390782	0.4892597695390782	11.27	0.0	4.01193011022044	3.9855100826653307	55.3	12.01	0.4892597695390782	0.4892597695390782	11.27	0.0	296.0	291.98	511.04	278.42	0	1
PROTOTYPE	011033	04/15/18	22:39:42	0.4892597695390782	0.4892597695390782	11.28	0.0	4.01193011022044	3.9894241608216436	53.58	10.21	0.4892597695390782	0.4892597695390782	11.28	0.0	274.0	289.28	777.48	11.66	0	1
PROTOTYPE	011034	04/15/18	22:39:43	0.4892597695390782	0.4892597695390782	11.29	0.0	4.01193011022044	3.992359719438878	47.22	23.68	0.4892597695390782	0.4892597695390782	11.29	0.0	290.0	289.39	785.56	24.91	0	1
PROTOTYPE	011035	04/15/18	22:39:44	0.4892597695390782	0.4892597695390782	11.28	0.0	4.01193011022044	3.995295278056112	43.83	20.13	0.4892597695390782	0.4892597695390782	11.28	0.0	286.0	288.88	733.45	-128.83	0	1
PROTOTYPE	011036	04/15/18	22:39:46	0.4892597695390782	0.4892597695390782	11.28	0.0	4.01193011022044	3.9982308366733466	41.0	17.11	0.4892597695390782	0.4892597695390782	11.28	0.0	280.0	287.55	854.09	-274.5	0	1
PROTOTYPE	011037	04/15/18	22:39:47	0.4892597695390782	0.4892597695390782	11.28	0.0	4.01193011022044	4.000187875751503	38.66	14.54	0.4892597695390782	0.4892597695390782	11.28	0.0	297.0	288.97	940.25	-188.33	0	1
PROTOTYPE	011038	04/15/18	22:39:49	0.4892597695390782	0.4892597695390782	11.26	0.0	4.01193011022044	4.0021449148296595	29.84	27.36	0.4892597695390782	0.4892597695390782	11.26	0.0	292.0	289.42	833.52	-295.08	0	1
PROTOTYPE	011039	04/15/18	22:39:50	0.4892597695390782	0.4892597695390782	11.28	0.0	4.01193011022044	4.003123434368737	26.11	23.26	0.4892597695390782	0.4892597695390782	11.28	0.0	287.0	289.06	759.27	-220.82	0	1
PROTOTYPE	011040	04/15/18	22:39:51	0.4892597695390782	0.4892597695390782	11.26	0.0	3.9140781563126255	3.990402680360721	34.88	4.77	0.4892597695390782	0.4892597695390782	11.26	0.0	294.0	289.8	762.39	-217.69	0	1
PROTOTYPE	011041	04/15/18	22:39:53	0.4892597695390782	0.4892597695390782	11.24	0.0	3.9140781563126255	3.9786604458917827	42.29	-10.95	0.4892597695390782	0.4892597695390782	11.24	0.0	297.0	290.88	600.78	159.96	0	1
PROTOTYPE	011042	04/15/18	22:39:54	0.4892597695390782	0.4892597695390782	11.23	0.0	3.9140781563126255	3.9688752505010028	48.54	-24.31	0.4892597695390782	0.4892597695390782	11.23	0.0	299.0	292.1	711.7	270.97	0	1
PROTOTYPE	011043	04/15/18	22:39:56	0.4892597695390782	0.4892597695390782	11.25	0.0	3.9140781563126255	3.9610470941883764	53.8	-35.66	0.4892597695390782	0.4892597695390782	11.25	0.0	300.0	293.28	779.42	440.32	0	1
PROTOTYPE	011044	04/15/18	22:39:57	0.4892597695390782	0.4892597695390782	11.24	0.0	3.9140781563126255	3.9541974574148293	58.21	-45.31	0.4892597695390782	0.4892597695390782	11.24	0.0	295.0	293.54	672.02	599.27	0	1
PROTOTYPE	011045	04/15/18	22:39:58	0.4892597695390782	0.4892597695390782	11.24	0.0	3.9140781563126255	3.947347820641283	61.9	-53.51	0.4892597695390782	0.4892597695390782	11.24	0.0	286.0	292.41	643.34	344.38	0	1
PROTOTYPE	011046	04/15/18	22:40:00	0.4892597695390782	0.4892597695390782	11.25	0.0	3.9140781563126255	3.942455222945892	64.97	-60.49	0.4892597695390782	0.4892597695390782	11.25	0.0	298.0	293.25	681.67	382.72	0	1
PROTOTYPE	011047	04/15/18	22:40:01	0.4892597695390782	0.4892597695390782	11.26	0.0	3.9140781563126255	3.938541144789579	67.5	-66.41	0.4892597695390782	0.4892597695390782	11.26	0.0	294.0	293.36	656.71	430.32	0	1
PROTOTYPE	011048	04/15/18	22:40:03	0.4892597695390782	0.4892597695390782	11.27	0.0	3.9140781563126255	3.9346270666332663	57.72	-56.45	0.4892597695390782	0.4892597695390782	11.27	0.0	291.0	293.01	617.99	320.77	0	1
PROTOTYPE	011049	04/15/18	22:40:04	0.4892597695390782	0.4892597695390782	11.28	0.0	3.9140781563126255	3.931691508016032	49.47	-47.98	0.4892597695390782	0.4892597695390782	11.28	0.0	297.0	293.61	569.89	272.65	0	1
PROTOTYPE	011050	04/15/18	22:40:06	0.4892597695390782	0.4892597695390782	11.29	0.0	3.9140781563126255	3.928755949398797	42.52	-40.79	0.4892597695390782	0.4892597695390782	11.29	0.0	290.0	293.06	502.17	96.76	0	1
PROTOTYPE	011051	04/15/18	22:40:07	0.4892597695390782	0.4892597695390782	11.29	0.0	3.9140781563126255	3.9267989103206418	36.69	-34.67	0.4892597695390782	0.4892597695390782	11.29	0.0	291.0	292.76	414.62	-52.76	0	1
PROTOTYPE	011052	04/15/18	22:40:08	0.4892597695390782	0.4892597695390782	11.29	0.0	3.9140781563126255	3.924841871242485	31.8	-29.47	0.4892597695390782	0.4892597695390782	11.29	0.0	293.0	292.79	392.75	-74.84	0	1
PROTOTYPE	011053	04/15/18	22:40:10	0.4892597695390782	0.4892597695390782	11.27	0.0	3.9140781563126255	3.922884832164329	27.73	-25.05	0.4892597695390782	0.4892597695390782	11.27	0.0	292.0	292.67	291.6	26.38	0	1
PROTOTYPE	011054	04/15/18	22:40:11	0.4892597695390782	0.4892597695390782	11.28	0.0	3.9140781563126255	3.92190631262525	24.37	-21.29	0.4892597695390782	0.4892597695390782	11.28	0.0	283.0	291.22	352.83	-202.57	0	1
PROTOTYPE	011055	04/15/18	22:40:13	0.4892597695390782	0.4892597695390782	11.28	0.0	3.9140781563126255	3.9209277930861726	21.61	-18.1	0.4892597695390782	0.4892597695390782	11.28	0.0	300.0	292.54	473.13	-82.19	0	1
PROTOTYPE	011056	04/15/18	22:40:14	0.4892597695390782	0.4892597695390782	11.28	0.0	3.9140781563126255	3.9199492735470947	19.36	-15.38	0.4892597695390782	0.4892597695390782	11.28	0.0	291.0	292.31	460.82	-69.86	0	1
PROTOTYPE	011057	04/15/18	22:40:15	0.4892597695390782	0.4892597695390782	11.29	0.0	3.9140781563126255	3.918970754008016	17.55	-13.08	0.4892597695390782	0.4892597695390782	11.29	0.0	298.0	293.16	486.29	-44.38	0	1
PROTOTYPE	011058	04/15/18	22:40:17	0.4892597695390782	0.4892597695390782	11.27	0.0	3.9140781563126255	3.9179922344689375	16.08	-11.11	0.4892597695390782	0.4892597695390782	11.27	0.0	291.0	292.84	464.65	-22.72	0	1
PROTOTYPE	011059	04/15/18	22:40:18	0.4892597695390782	0.4892597695390782	11.28	0.0	3.9140781563126255	3.9179922344689375	14.95	-9.45	0.4892597695390782	0.4892597695390782	11.28	0.0	287.0	291.96	521.22	-79.32	0	1
PROTOTYPE	011060	04/15/18	22:40:20	0.4892597695390782	0.4892597695390782	11.28	0.0	3.9140781563126255	3.9170137149298596	14.05	-8.03	0.4892597695390782	0.4892597695390782	11.28	0.0	298.0	292.87	607.87	7.58	0	1
PROTOTYPE	011061	04/15/18	22:40:21	0.4892597695390782	0.4892597695390782	11.31	0.0	3.9140781563126255	3.9170137149298596	13.38	-6.83	0.4892597695390782	0.4892597695390782	11.31	0.0	300.0	293.94	702.9	126.44	0	1
PROTOTYPE	011062	04/15/18	22:40:22	0.4892597695390782	0.4892597695390782	11.3	0.0	3.9140781563126255	3.9160351953907817	12.84	-5.8	0.4892597695390782	0.4892597695390782	11.3	0.0	288.0	293.05	646.88	182.48	0	1
PROTOTYPE	011063	04/15/18	22:40:24	0.4892597695390782	0.4892597695390782	11.27	0.0	3.9140781563126255	3.9160351953907817	12.41	-4.93	0.4892597695390782	0.4892597695390782	11.27	0.0	282.0	291.39	680.91	-114.89	0	1
PROTOTYPE	011064	04/15/18	22:40:25	0.4892597695390782	0.4892597695390782	11.28	0.0	4.01193011022044	3.9307129884769543	25.47	10.81	0.4892597695390782	0.4892597695390782	11.28	0.0	298.0	292.38	756.95	7.34	0	1
PROTOTYPE	011065	04/15/18	22:40:27	0.4892597695390782	0.4892597695390782	11.26	0.0	4.01193011022044	3.942455222945892	36.4	24.19	0.4892597695390782	0.4892597695390782	11.26	0.0	290.0	292.02	707.3	-113.76	0	1
PROTOTYPE	011066	04/15/18	22:40:28	0.4892597695390782	0.4892597695390782	11.27	0.0	3.9140781563126255	3.938541144789579	39.4	20.56	0.4892597695390782	0.4892597695390782	11.27	0.0	285.0	290.97	780.22	-186.7	0	1
PROTOTYPE	011067	04/15/18	22:40:30	0.4892597695390782	0.4892597695390782	11.27	0.0	4.01193011022044	3.949304859719439	49.22	32.48	0.4892597695390782	0.4892597695390782	11.27	0.0	305.0	293.07	903.09	111.31	0	1
PROTOTYPE	011068	04/15/18	22:40:31	0.4892597695390782	0.4892597695390782	11.28	0.0	3.9140781563126255	3.944412262024048	53.31	27.6	0.4892597695390782	0.4892597695390782	11.28	0.0	294.0	293.21	826.45	34.61	0	1
PROTOTYPE	011069	04/15/18	22:40:32	0.4892597695390782	0.4892597695390782	11.26	0.0	4.01193011022044	3.9541974574148293	62.32	38.46	0.4892597695390782	0.4892597695390782	11.26	0.0	303.0	294.68	866.26	74.42	0	1
PROTOTYPE	011070	04/15/18	22:40:34	0.4892597695390782	0.4892597695390782	11.25	0.0	3.9140781563126255	3.948326340180361	67.17	32.69	0.4892597695390782	0.4892597695390782	11.25	0.0	285.0	293.23	922.42	18.26	0	1
PROTOTYPE	011071	04/15/18	22:40:35	0.4892597695390782	0.4892597695390782	11.26	0.0	3.9140781563126255	3.9434337424849697	71.16	27.79	0.4892597695390782	0.4892597695390782	11.26	0.0	297.0	293.79	813.29	240.52	0	1
PROTOTYPE	011072	04/15/18	22:40:37	0.4892597695390782	0.4892597695390782	11.26	0.0	3.9140781563126255	3.938541144789579	61.03	8.62	0.4892597695390782	0.4892597695390782	11.26	0.0	296.0	294.13	747.23	174.44	0	1
PROTOTYPE	011073	04/15/18	22:40:38	0.4892597695390782	0.4892597695390782	11.26	0.0	4.01193011022044	3.949304859719439	59.75	7.33	0.4892597695390782	0.4892597695390782	11.26	0.0	293.0	293.96	728.42	193.27	0	1
PROTOTYPE	011074	04/15/18	22:40:39	0.4892597695390782	0.4892597695390782	11.24	0.0	3.9140781563126255	3.944412262024048	60.8	6.23	0.4892597695390782	0.4892597695390782	11.24	0.0	279.0	291.71	847.41	74.28	0	1
PROTOTYPE	011075	04/15/18	22:40:41	0.4892597695390782	0.4892597695390782	11.23	0.0	3.9140781563126255	3.9395196643286567	54.27	-9.71	0.4892597695390782	0.4892597695390782	11.23	0.0	301.0	293.11	776.27	3.14	0	1
PROTOTYPE	011076	04/15/18	22:40:42	0.4892597695390782	0.4892597695390782	11.21	0.0	3.9140781563126255	3.9356055861723447	52.87	-8.25	0.4892597695390782	0.4892597695390782	11.21	0.0	279.0	290.99	973.92	-222.33	0	1
PROTOTYPE	011077	04/15/18	22:40:44	0.4892597695390782	0.4892597695390782	11.23	0.0	3.9140781563126255	3.93267002755511	46.01	-22.01	0.4892597695390782	0.4892597695390782	11.23	0.0	296.0	291.74	902.28	-293.98	0	1
PROTOTYPE	011078	04/15/18	22:40:45	0.4892597695390782	0.4892597695390782	11.23	0.0	3.9140781563126255	3.929734468937876	42.88	-18.71	0.4892597695390782	0.4892597695390782	11.23	0.0	290.0	291.48	783.21	-174.88	0	1
PROTOTYPE	011079	04/15/18	22:40:46	0.4892597695390782	0.4892597695390782	11.22	0.0	3.9140781563126255	3.9277774298597192	40.26	-15.9	0.4892597695390782	0.4892597695390782	11.22	0.0	301.0	292.91	869.43	-88.65	0	1
PROTOTYPE	011080	04/15/18	22:40:48	0.4892597695390782	0.4892597695390782	11.21	0.0	3.9140781563126255	3.925820390781563	38.08	-13.52	0.4892597695390782	0.4892597695390782	11.21	0.0	307.0	295.02	1047.71	89.65	0	1
PROTOTYPE	011081	04/15/18	22:40:49	0.4892597695390782	0.4892597695390782	11.22	0.0	3.9140781563126255	3.9238633517034067	29.03	-26.49	0.4892597695390782	0.4892597695390782	11.22	0.0	291.0	294.42	1091.11	46.2	0	1
PROTOTYPE	011082	04/15/18	22:40:51	0.4892597695390782	0.4892597695390782	11.22	0.0	3.9140781563126255	3.92190631262525	25.43	-22.52	0.4892597695390782	0.4892597695390782	11.22	0.0	291.0	293.91	918.06	219.27	0	1
PROTOTYPE	011083	04/15/18	22:40:52	0.4892597695390782	0.4892597695390782	11.2	0.0	3.9140781563126255	3.9209277930861726	22.46	-19.14	0.4892597695390782	0.4892597695390782	11.2	0.0	283.0	292.27	942.35	-83.62	0	1
PROTOTYPE	011084	04/15/18	22:40:53	0.4892597695390782	0.4892597695390782	11.2	0.0	3.9140781563126255	3.9199492735470947	20.03	-16.27	0.4892597695390782	0.4892597695390782	11.2	0.0	296.0	292.83	786.71	183.92	0	1
PROTOTYPE	011085	04/15/18	22:40:55	0.4892597695390782	0.4892597695390782	11.19	0.0	3.9140781563126255	3.918970754008016	18.07	-13.83	0.4892597695390782	0.4892597695390782	11.19	0.0	290.0	292.41	754.02	66.33	0	1
PROTOTYPE	011086	04/15/18	22:40:56	0.4892597695390782	0.4892597695390782	11.2	0.0	3.9140781563126255	3.9179922344689375	16.5	-11.75	0.4892597695390782	0.4892597695390782	11.2	0.0	291.0	292.19	748.98	71.38	0	1
PROTOTYPE	011087	04/15/18	22:40:58	0.4892597695390782	0.4892597695390782	11.26	0.0	3.9140781563126255	3.9179922344689375	15.3	-9.99	0.4892597695390782	0.4892597695390782	11.26	0.0	282.0	290.67	759.11	-224.32	0	1
PROTOTYPE	011088	04/15/18	22:40:59	0.4892597695390782	0.4892597695390782	11.25	0.0	3.9140781563126255	3.9170137149298596	14.31	-8.49	0.4892597695390782	0.4892597695390782	11.25	0.0	291.0	290.72	552.94	-430.68	0	1
PROTOTYPE	011089	04/15/18	22:41:00	0.4892597695390782	0.4892597695390782	11.24	0.0	3.9140781563126255	3.9170137149298596	13.54	-7.22	0.4892597695390782	0.4892597695390782	11.24	0.0	297.0	291.66	586.87	-276.07	0	1
PROTOTYPE	011090	04/15/18	22:41:02	0.4892597695390782	0.4892597695390782	11.27	0.0	3.9140781563126255	3.9160351953907817	12.98	-6.14	0.4892597695390782	0.4892597695390782	11.27	0.0	297.0	292.46	615.71	-144.66	0	1
PROTOTYPE	011091	04/15/18	22:41:03	0.4892597695390782	0.4892597695390782	11.28	0.0	3.9140781563126255	3.9160351953907817	12.55	-5.22	0.4892597695390782	0.4892597695390782	11.28	0.0	290.0	292.09	489.03	-17.96	0	1
PROTOTYPE	011092	04/15/18	22:41:05	0.4892597695390782	0.4892597695390782	11.3	0.0	3.9140781563126255	3.9160351953907817	12.23	-4.43	0.4892597695390782	0.4892597695390782	11.3	0.0	293.0	292.23	446.78	-60.27	0	1
PROTOTYPE	011093	04/15/18	22:41:06	0.4892597695390782	0.4892597695390782	11.29	0.0	3.9140781563126255	3.9150566758517034	11.97	-3.77	0.4892597695390782	0.4892597695390782	11.29	0.0	288.0	291.59	467.73	-81.23	0	1
PROTOTYPE	011094	04/15/18	22:41:07	0.4892597695390782	0.4892597695390782	11.29	0.0	3.9140781563126255	3.9150566758517034	11.79	-3.2	0.4892597695390782	0.4892597695390782	11.29	0.0	288.0	291.05	500.52	-114.04	0	1
PROTOTYPE	011095	04/15/18	22:41:09	0.4892597695390782	0.4892597695390782	11.25	0.0	3.9140781563126255	3.9150566758517034	11.61	-2.72	0.4892597695390782	0.4892597695390782	11.25	0.0	297.0	291.95	436.8	128.06	0	1
PROTOTYPE	011096	04/15/18	22:41:10	0.4892597695390782	0.4892597695390782	11.26	0.0	3.9140781563126255	3.9150566758517034	11.52	-2.31	0.4892597695390782	0.4892597695390782	11.26	0.0	283.0	290.6	565.78	-11.15	0	1
PROTOTYPE	011097	04/15/18	22:41:12	0.4892597695390782	0.4892597695390782	11.26	0.0	3.9140781563126255	3.9150566758517034	11.45	-1.97	0.4892597695390782	0.4892597695390782	11.26	0.0	297.0	291.56	567.45	-9.47	0	1
PROTOTYPE	011098	04/15/18	22:41:13	0.4892597695390782	0.4892597695390782	11.23	0.0	3.9140781563126255	3.9150566758517034	11.37	-1.67	0.4892597695390782	0.4892597695390782	11.23	0.0	292.0	291.63	494.01	-83.05	0	1
PROTOTYPE	011099	04/15/18	22:41:14	0.4892597695390782	0.4892597695390782	11.24	0.0	3.9140781563126255	3.9150566758517034	11.34	-1.42	0.4892597695390782	0.4892597695390782	11.24	0.0	286.0	290.78	541.53	-130.6	0	1
PROTOTYPE	011100	04/15/18	22:41:16	0.4892597695390782	0.4892597695390782	11.25	0.0	3.9140781563126255	3.9140781563126255	11.32	-1.21	0.4892597695390782	0.4892597695390782	11.25	0.0	284.0	289.77	629.6	-246.01	0	1
PROTOTYPE	011101	04/15/18	22:41:17	0.4892597695390782	0.4892597695390782	11.25	0.0	4.01193011022044	3.928755949398797	24.9	13.97	0.4892597695390782	0.4892597695390782	11.25	0.0	291.0	289.95	584.73	-164.11	0	1
PROTOTYPE	011102	04/15/18	22:41:19	0.4892597695390782	0.4892597695390782	11.25	0.0	3.9140781563126255	3.9267989103206418	26.18	11.88	0.4892597695390782	0.4892597695390782	11.25	0.0	291.0	290.11	546.6	-94.49	0	1
PROTOTYPE	011103	04/15/18	22:41:20	0.4892597695390782	0.4892597695390782	11.23	0.0	4.01193011022044	3.9395196643286567	37.87	25.1	0.4892597695390782	0.4892597695390782	11.23	0.0	290.0	290.09	459.55	-185.32	0	1
PROTOTYPE	011104	04/15/18	22:41:22	0.4892597695390782	0.4892597695390782	11.25	0.0	3.9140781563126255	3.9356055861723447	40.63	21.33	0.4892597695390782	0.4892597695390782	11.25	0.0	296.0	290.98	413.97	37.48	0	1
PROTOTYPE	011105	04/15/18	22:41:23	0.4892597695390782	0.4892597695390782	11.25	0.0	3.9140781563126255	3.93267002755511	42.83	18.13	0.4892597695390782	0.4892597695390782	11.25	0.0	294.0	291.43	363.36	-13.14	0	1
PROTOTYPE	011106	04/15/18	22:41:24	0.4892597695390782	0.4892597695390782	11.25	0.0	3.9140781563126255	3.929734468937876	44.59	15.41	0.4892597695390782	0.4892597695390782	11.25	0.0	294.0	291.82	395.21	18.83	0	1
PROTOTYPE	011107	04/15/18	22:41:26	0.4892597695390782	0.4892597695390782	11.25	0.0	3.9140781563126255	3.9277774298597192	45.96	13.1	0.4892597695390782	0.4892597695390782	11.25	0.0	292.0	291.84	313.85	106.01	0	1
PROTOTYPE	011108	04/15/18	22:41:27	0.4892597695390782	0.4892597695390782	11.25	0.0	3.9140781563126255	3.925820390781563	47.03	11.14	0.4892597695390782	0.4892597695390782	11.25	0.0	294.0	292.17	244.44	240.1	0	1
PROTOTYPE	011109	04/15/18	22:41:29	0.4892597695390782	0.4892597695390782	11.26	0.0	3.9140781563126255	3.9238633517034067	34.27	-5.54	0.4892597695390782	0.4892597695390782	11.26	0.0	293.0	292.29	238.45	234.09	0	1
PROTOTYPE	011110	04/15/18	22:41:30	0.4892597695390782	0.4892597695390782	11.26	0.0	3.9140781563126255	3.92190631262525	33.6	-4.7	0.4892597695390782	0.4892597695390782	11.26	0.0	283.0	290.9	362.06	78.98	0	1
PROTOTYPE	011111	04/15/18	22:41:31	0.4892597695390782	0.4892597695390782	11.27	0.0	3.9140781563126255	3.9209277930861726	22.37	-19.0	0.4892597695390782	0.4892597695390782	11.27	0.0	294.0	291.36	406.45	127.13	0	1
PROTOTYPE	011112	04/15/18	22:41:33	0.4892597695390782	0.4892597695390782	11.27	0.0	3.9140781563126255	3.9199492735470947	19.98	-16.15	0.4892597695390782	0.4892597695390782	11.27	0.0	297.0	292.21	402.39	123.06	0	1
PROTOTYPE	011113	04/15/18	22:41:34	0.4892597695390782	0.4892597695390782	11.26	0.0	3.9140781563126255	3.918970754008016	18.03	-13.73	0.4892597695390782	0.4892597695390782	11.26	0.0	281.0	290.53	525.19	-90.4	0	1
PROTOTYPE	011114	04/15/18	22:41:36	0.4892597695390782	0.4892597695390782	11.28	0.0	4.01193011022044	3.93267002755511	29.18	3.33	0.4892597695390782	0.4892597695390782	11.28	0.0	303.0	292.4	673.73	58.16	0	1
PROTOTYPE	011115	04/15/18	22:41:37	0.4892597695390782	0.4892597695390782	11.26	0.0	4.01193011022044	3.944412262024048	38.56	17.83	0.4892597695390782	0.4892597695390782	11.26	0.0	296.0	292.94	724.68	109.44	0	1
PROTOTYPE	011116	04/15/18	22:41:38	0.4892597695390782	0.4892597695390782	11.24	0.0	4.01193011022044	3.955175976953908	46.44	30.16	0.4892597695390782	0.4892597695390782	11.24	0.0	288.0	292.2	766.42	3.02	0	1
PROTOTYPE	011117	04/15/18	22:41:40	0.4892597695390782	0.4892597695390782	11.25	0.0	3.9140781563126255	3.948326340180361	50.63	25.63	0.4892597695390782	0.4892597695390782	11.25	0.0	287.0	291.42	831.84	-87.43	0	1
PROTOTYPE	011118	04/15/18	22:41:41	0.4892597695390782	0.4892597695390782	11.24	0.0	4.01193011022044	3.958111535571143	58.37	36.79	0.4892597695390782	0.4892597695390782	11.24	0.0	299.0	292.56	806.17	165.68	0	1
PROTOTYPE	011119	04/15/18	22:41:43	0.4892597695390782	0.4892597695390782	11.26	0.0	4.01193011022044	3.9659396918837677	64.83	46.27	0.4892597695390782	0.4892597695390782	11.26	0.0	289.0	292.02	812.99	65.83	0	1
PROTOTYPE	011120	04/15/18	22:41:44	0.4892597695390782	0.4892597695390782	11.27	0.0	4.01193011022044	3.9727893286573144	70.19	54.33	0.4892597695390782	0.4892597695390782	11.27	0.0	289.0	291.57	773.79	-64.04	0	1
PROTOTYPE	011121	04/15/18	22:41:46	0.4892597695390782	0.4892597695390782	11.31	0.0	4.01193011022044	3.9786604458917827	74.64	61.18	0.4892597695390782	0.4892597695390782	11.31	0.0	299.0	292.68	717.12	215.56	0	1
PROTOTYPE	011122	04/15/18	22:41:47	0.4892597695390782	0.4892597695390782	11.32	0.0	4.01193011022044	3.9835530435871744	65.59	52.0	0.4892597695390782	0.4892597695390782	11.32	0.0	281.0	290.93	705.3	-146.77	0	1
PROTOTYPE	011123	04/15/18	22:41:48	0.4892597695390782	0.4892597695390782	11.32	0.0	4.01193011022044	3.988445641282565	57.94	44.2	0.4892597695390782	0.4892597695390782	11.32	0.0	285.0	290.04	740.24	-289.76	0	1
PROTOTYPE	011124	04/15/18	22:41:50	0.4892597695390782	0.4892597695390782	11.34	0.0	4.01193011022044	3.9913811998998	51.48	37.57	0.4892597695390782	0.4892597695390782	11.34	0.0	295.0	290.79	740.53	-141.29	0	1
PROTOTYPE	011125	04/15/18	22:41:51	0.4892597695390782	0.4892597695390782	11.32	0.0	4.01193011022044	3.994316758517034	48.46	46.94	0.4892597695390782	0.4892597695390782	11.32	0.0	280.0	289.17	824.33	-225.1	0	1
PROTOTYPE	011126	04/15/18	22:41:53	0.4892597695390782	0.4892597695390782	11.34	0.0	4.01193011022044	3.997252317134269	41.67	39.9	0.4892597695390782	0.4892597695390782	11.34	0.0	284.0	288.39	788.12	-416.33	0	1
PROTOTYPE	011127	04/15/18	22:41:54	0.4892597695390782	0.4892597695390782	11.34	0.0	4.01193011022044	3.9992093562124245	35.98	33.91	0.4892597695390782	0.4892597695390782	11.34	0.0	281.0	287.28	845.66	-473.88	0	1
PROTOTYPE	011128	04/15/18	22:41:55	0.4892597695390782	0.4892597695390782	11.31	0.0	4.01193011022044	4.001166395290581	31.21	28.82	0.4892597695390782	0.4892597695390782	11.31	0.0	296.0	288.59	931.06	-297.8	0	1
PROTOTYPE	011129	04/15/18	22:41:57	0.4892597695390782	0.4892597695390782	11.28	0.0	4.01193011022044	4.003123434368737	27.24	24.5	0.4892597695390782	0.4892597695390782	11.28	0.0	281.0	287.45	933.46	-523.13	0	1
PROTOTYPE	011130	04/15/18	22:41:58	0.4892597695390782	0.4892597695390782	11.26	0.0	4.01193011022044	4.004101953907816	23.95	20.83	0.4892597695390782	0.4892597695390782	11.26	0.0	291.0	287.98	811.43	-294.66	0	1
PROTOTYPE	011131	04/15/18	22:42:00	0.4892597695390782	0.4892597695390782	11.26	0.0	4.01193011022044	4.005080473446894	21.26	17.7	0.4892597695390782	0.4892597695390782	11.26	0.0	296.0	289.19	842.7	-85.46	0	1
PROTOTYPE	011132	04/15/18	22:42:01	0.4892597695390782	0.4892597695390782	11.21	0.0	4.01193011022044	4.006058992985971	19.04	15.05	0.4892597695390782	0.4892597695390782	11.21	0.0	286.0	288.71	816.13	-207.64	0	1
PROTOTYPE	011133	04/15/18	22:42:02	0.4892597695390782	0.4892597695390782	11.22	0.0	4.01193011022044	4.00703751252505	17.28	12.79	0.4892597695390782	0.4892597695390782	11.22	0.0	295.0	289.65	748.72	48.5	0	1
PROTOTYPE	011134	04/15/18	22:42:04	0.4892597695390782	0.4892597695390782	11.21	0.0	4.01193011022044	4.008016032064129	15.86	10.87	0.4892597695390782	0.4892597695390782	11.21	0.0	299.0	291.05	811.42	266.23	0	1
PROTOTYPE	011135	04/15/18	22:42:05	0.4892597695390782	0.4892597695390782	11.2	0.0	3.9140781563126255	3.994316758517034	27.67	-5.76	0.4892597695390782	0.4892597695390782	11.2	0.0	296.0	291.8	774.72	451.29	0	1
PROTOTYPE	011136	04/15/18	22:42:07	0.4892597695390782	0.4892597695390782	11.2	0.0	3.9140781563126255	3.9815960045090177	37.61	-19.9	0.4892597695390782	0.4892597695390782	11.2	0.0	296.0	292.43	707.03	383.6	0	1
PROTOTYPE	011137	04/15/18	22:42:08	0.4892597695390782	0.4892597695390782	11.23	0.0	4.01193011022044	3.9864886022044095	40.29	-16.91	0.4892597695390782	0.4892597695390782	11.23	0.0	302.0	293.86	736.76	641.06	0	1
PROTOTYPE	011138	04/15/18	22:42:09	0.4892597695390782	0.4892597695390782	11.24	0.0	4.01193011022044	3.990402680360721	42.49	-14.37	0.4892597695390782	0.4892597695390782	11.24	0.0	296.0	294.18	715.62	619.9	0	1
PROTOTYPE	011139	04/15/18	22:42:11	0.4892597695390782	0.4892597695390782	11.24	0.0	4.01193011022044	3.993338238977956	44.27	-12.22	0.4892597695390782	0.4892597695390782	11.24	0.0	291.0	293.71	643.15	451.92	0	1
PROTOTYPE	011140	04/15/18	22:42:12	0.4892597695390782	0.4892597695390782	11.26	0.0	4.01193011022044	3.9962737975951903	45.73	-10.39	0.4892597695390782	0.4892597695390782	11.26	0.0	297.0	294.2	644.76	549.13	0	1
PROTOTYPE	011141	04/15/18	22:42:14	0.4892597695390782	0.4892597695390782	11.24	0.0	4.01193011022044	3.9982308366733466	46.86	-8.83	0.4892597695390782	0.4892597695390782	11.24	0.0	293.0	294.02	568.43	436.76	0	1
PROTOTYPE	011142	04/15/18	22:42:15	0.4892597695390782	0.4892597695390782	11.23	0.0	4.01193011022044	4.000187875751503	47.76	-7.5	0.4892597695390782	0.4892597695390782	11.23	0.0	303.0	295.37	562.92	431.25	0	1
PROTOTYPE	011143	04/15/18	22:42:16	0.4892597695390782	0.4892597695390782	11.23	0.0	4.01193011022044	4.0021449148296595	35.54	8.62	0.4892597695390782	0.4892597695390782	11.23	0.0	297.0	295.61	513.26	381.56	0	1
PROTOTYPE	011144	04/15/18	22:42:18	0.4892597695390782	0.4892597695390782	11.23	0.0	3.9140781563126255	3.9894241608216436	36.82	7.33	0.4892597695390782	0.4892597695390782	11.23	0.0	297.0	295.82	471.06	339.32	0	1
PROTOTYPE	011145	04/15/18	22:42:19	0.4892597695390782	0.4892597695390782	11.22	0.0	4.01193011022044	3.992359719438878	35.78	6.23	0.4892597695390782	0.4892597695390782	11.22	0.0	298.0	296.15	360.18	228.43	0	1
PROTOTYPE	011146	04/15/18	22:42:21	0.4892597695390782	0.4892597695390782	11.24	0.0	4.01193011022044	3.995295278056112	34.93	5.29	0.4892597695390782	0.4892597695390782	11.24	0.0	286.0	294.63	480.31	44.16	0	1
PROTOTYPE	011147	04/15/18	22:42:22	0.4892597695390782	0.4892597695390782	11.27	0.0	4.01193011022044	3.9982308366733466	34.23	4.5	0.4892597695390782	0.4892597695390782	11.27	0.0	292.0	294.23	471.94	52.54	0	1
PROTOTYPE	011148	04/15/18	22:42:24	0.4892597695390782	0.4892597695390782	11.29	0.0	4.01193011022044	4.000187875751503	33.65	3.83	0.4892597695390782	0.4892597695390782	11.29	0.0	294.0	294.2	426.25	-0.34	0	1
PROTOTYPE	011149	04/15/18	22:42:25	0.4892597695390782	0.4892597695390782	11.29	0.0	4.01193011022044	4.0021449148296595	33.17	3.25	0.4892597695390782	0.4892597695390782	11.29	0.0	293.0	294.02	426.2	-0.29	0	1
PROTOTYPE	011150	04/15/18	22:42:26	0.4892597695390782	0.4892597695390782	11.32	0.0	4.01193011022044	4.003123434368737	32.81	2.76	0.4892597695390782	0.4892597695390782	11.32	0.0	283.0	292.36	456.76	-300.25	0	1
PROTOTYPE	011151	04/15/18	22:42:28	0.4892597695390782	0.4892597695390782	11.29	0.0	4.01193011022044	4.005080473446894	32.48	2.35	0.4892597695390782	0.4892597695390782	11.29	0.0	301.0	293.66	561.76	-195.21	0	1
PROTOTYPE	011152	04/15/18	22:42:29	0.4892597695390782	0.4892597695390782	11.28	0.0	4.01193011022044	4.006058992985971	20.67	17.0	0.4892597695390782	0.4892597695390782	11.28	0.0	299.0	294.46	621.01	-135.93	0	1
PROTOTYPE	011153	04/15/18	22:42:31	0.4892597695390782	0.4892597695390782	11.27	0.0	4.01193011022044	4.00703751252505	18.59	14.45	0.4892597695390782	0.4892597695390782	11.27	0.0	291.0	293.94	640.21	-220.54	0	1
PROTOTYPE	011154	04/15/18	22:42:32	0.4892597695390782	0.4892597695390782	11.23	0.0	4.01193011022044	4.00703751252505	16.9	12.28	0.4892597695390782	0.4892597695390782	11.23	0.0	303.0	295.3	623.88	67.54	0	1
PROTOTYPE	011155	04/15/18	22:42:33	0.4892597695390782	0.4892597695390782	11.2	0.0	4.01193011022044	4.008016032064129	15.55	10.44	0.4892597695390782	0.4892597695390782	11.2	0.0	293.0	294.96	619.01	72.41	0	1
PROTOTYPE	011156	04/15/18	22:42:35	0.4892597695390782	0.4892597695390782	11.19	0.0	4.01193011022044	4.008994551603206	14.5	8.87	0.4892597695390782	0.4892597695390782	11.19	0.0	295.0	294.96	616.82	76.55	0	1
PROTOTYPE	011157	04/15/18	22:42:36	0.4892597695390782	0.4892597695390782	11.22	0.0	4.01193011022044	4.008994551603206	13.71	7.54	0.4892597695390782	0.4892597695390782	11.22	0.0	283.0	293.17	778.25	-84.93	0	1
PROTOTYPE	011158	04/15/18	22:42:38	0.4892597695390782	0.4892597695390782	11.21	0.0	4.01193011022044	4.0099730711422845	13.07	6.41	0.4892597695390782	0.4892597695390782	11.21	0.0	286.0	292.09	720.52	-27.19	0	1
PROTOTYPE	011159	04/15/18	22:42:39	0.4892597695390782	0.4892597695390782	11.23	0.0	4.01193011022044	4.0099730711422845	12.61	5.45	0.4892597695390782	0.4892597695390782	11.23	0.0	283.0	290.73	727.38	-293.11	0	1
PROTOTYPE	011160	04/15/18	22:42:40	0.4892597695390782	0.4892597695390782	11.25	0.0	4.01193011022044	4.0099730711422845	12.26	4.63	0.4892597695390782	0.4892597695390782	11.25	0.0	290.0	290.62	658.28	-384.15	0	1
PROTOTYPE	011161	04/15/18	22:42:42	0.4892597695390782	0.4892597695390782	11.26	0.0	4.01193011022044	4.010951590681363	12.01	3.94	0.4892597695390782	0.4892597695390782	11.26	0.0	279.0	288.88	780.65	-506.53	0	1
PROTOTYPE	011162	04/15/18	22:42:43	0.4892597695390782	0.4892597695390782	11.28	0.0	4.01193011022044	4.010951590681363	11.82	3.35	0.4892597695390782	0.4892597695390782	11.28	0.0	286.0	288.45	687.94	-685.55	0	1
PROTOTYPE	011163	04/15/18	22:42:45	0.4892597695390782	0.4892597695390782	11.26	0.0	4.01193011022044	4.010951590681363	11.65	2.84	0.4892597695390782	0.4892597695390782	11.26	0.0	277.0	286.73	825.08	-822.71	0	1
PROTOTYPE	011164	04/15/18	22:42:46	0.4892597695390782	0.4892597695390782	11.27	0.0	4.01193011022044	4.010951590681363	11.56	2.42	0.4892597695390782	0.4892597695390782	11.27	0.0	292.0	287.52	902.62	-744.31	0	1
PROTOTYPE	011165	04/15/18	22:42:47	0.4892597695390782	0.4892597695390782	11.27	0.0	4.01193011022044	4.010951590681363	11.48	2.06	0.4892597695390782	0.4892597695390782	11.27	0.0	300.0	289.39	910.4	-377.66	0	1
PROTOTYPE	011166	04/15/18	22:42:49	0.4892597695390782	0.4892597695390782	11.26	0.0	4.01193011022044	4.010951590681363	11.41	1.75	0.4892597695390782	0.4892597695390782	11.26	0.0	277.0	287.53	988.75	-456.01	0	1
