Dev_id	Index	Date	Time	Sensor1	Sensor1_Filter	Sensor1_LL	Sensor1_Diff	Sensor2	Sensor2_Filter	Sensor2_LL	Sensor2_Diff	Sensor3	Sensor3_Filter	Sensor3_LL	Sensor3_Diff	Sensor4	Sensor4_Filter	Sensor4_LL	Sensor4_Diff	Heater_Status	FSM_Status
PROTOTYPE	032967	04/16/18	07:15:07	0.4892597695390782	0.4892597695390782	11.3	0.0	3.6205222945891786	3.6205222945891786	11.3	-0.0	0.4892597695390782	0.4892597695390782	11.3	0.0	290.0	289.56	567.23	236.45	0	1
PROTOTYPE	032968	04/16/18	07:15:09	0.4892597695390782	0.4892597695390782	11.33	0.0	3.6205222945891786	3.6205222945891786	11.33	-0.0	0.4892597695390782	0.4892597695390782	11.33	0.0	302.0	291.42	636.76	305.98	0	1
PROTOTYPE	032969	04/16/18	07:15:10	0.4892597695390782	0.4892597695390782	11.35	0.0	3.6205222945891786	3.6205222945891786	11.35	-0.0	0.4892597695390782	0.4892597695390782	11.35	0.0	290.0	291.21	648.54	275.08	0	1
PROTOTYPE	032970	04/16/18	07:15:12	0.4892597695390782	0.4892597695390782	11.34	0.0	3.6205222945891786	3.6205222945891786	11.34	-0.0	0.4892597695390782	0.4892597695390782	11.34	0.0	293.0	291.48	637.28	263.82	0	1
PROTOTYPE	032971	04/16/18	07:15:13	0.4892597695390782	0.4892597695390782	11.36	0.0	3.6205222945891786	3.6205222945891786	11.36	-0.0	0.4892597695390782	0.4892597695390782	11.36	0.0	288.0	290.96	552.1	74.25	0	1
PROTOTYPE	032972	04/16/18	07:15:14	0.4892597695390782	0.4892597695390782	11.37	0.0	3.6205222945891786	3.6205222945891786	11.37	-0.0	0.4892597695390782	0.4892597695390782	11.37	0.0	289.0	290.66	548.24	78.11	0	1
PROTOTYPE	032973	04/16/18	07:15:16	0.4892597695390782	0.4892597695390782	11.39	0.0	3.6205222945891786	3.6205222945891786	11.39	-0.0	0.4892597695390782	0.4892597695390782	11.39	0.0	273.0	288.01	721.43	-278.61	0	1
PROTOTYPE	032974	04/16/18	07:15:17	0.4892597695390782	0.4892597695390782	11.4	0.0	3.6205222945891786	3.6205222945891786	11.4	-0.0	0.4892597695390782	0.4892597695390782	11.4	0.0	290.0	288.31	619.24	-116.81	0	1
PROTOTYPE	032975	04/16/18	07:15:19	0.4892597695390782	0.4892597695390782	11.36	0.0	3.6205222945891786	3.6205222945891786	11.36	-0.0	0.4892597695390782	0.4892597695390782	11.36	0.0	307.0	291.12	891.63	155.71	0	1
PROTOTYPE	032976	04/16/18	07:15:20	0.4892597695390782	0.4892597695390782	11.35	0.0	3.6205222945891786	3.6205222945891786	11.35	-0.0	0.4892597695390782	0.4892597695390782	11.35	0.0	290.0	290.95	721.78	-47.65	0	1
PROTOTYPE	032977	04/16/18	07:15:22	0.4892597695390782	0.4892597695390782	11.36	0.0	3.6205222945891786	3.6205222945891786	11.36	-0.0	0.4892597695390782	0.4892597695390782	11.36	0.0	274.0	288.41	954.59	-280.5	0	1
PROTOTYPE	032978	04/16/18	07:15:23	0.4892597695390782	0.4892597695390782	11.35	0.0	3.6205222945891786	3.6205222945891786	11.35	-0.0	0.4892597695390782	0.4892597695390782	11.35	0.0	301.0	290.29	1116.63	-118.43	0	1
PROTOTYPE	032979	04/16/18	07:15:24	0.4892597695390782	0.4892597695390782	11.32	0.0	3.6205222945891786	3.6205222945891786	11.32	-0.0	0.4892597695390782	0.4892597695390782	11.32	0.0	296.0	291.15	1150.01	19.34	0	1
PROTOTYPE	032980	04/16/18	07:15:26	0.4892597695390782	0.4892597695390782	11.33	0.0	3.6205222945891786	3.6205222945891786	11.33	-0.0	0.4892597695390782	0.4892597695390782	11.33	0.0	278.0	289.18	1317.89	-148.56	0	1
PROTOTYPE	032981	04/16/18	07:15:27	0.4892597695390782	0.4892597695390782	11.31	0.0	3.6205222945891786	3.6205222945891786	11.31	-0.0	0.4892597695390782	0.4892597695390782	11.31	0.0	286.0	288.7	1100.62	68.72	0	1
PROTOTYPE	032982	04/16/18	07:15:29	0.4892597695390782	0.4892597695390782	11.32	0.0	3.6205222945891786	3.6205222945891786	11.32	-0.0	0.4892597695390782	0.4892597695390782	11.32	0.0	293.0	289.35	1135.29	103.41	0	1
PROTOTYPE	032983	04/16/18	07:15:30	0.4892597695390782	0.4892597695390782	11.29	0.0	3.6205222945891786	3.6205222945891786	11.29	-0.0	0.4892597695390782	0.4892597695390782	11.29	0.0	285.0	288.69	920.18	-242.1	0	1
PROTOTYPE	032984	04/16/18	07:15:31	0.4892597695390782	0.4892597695390782	11.29	0.0	3.6205222945891786	3.6205222945891786	11.29	-0.0	0.4892597695390782	0.4892597695390782	11.29	0.0	289.0	288.74	908.19	-220.78	0	1
PROTOTYPE	032985	04/16/18	07:15:33	0.4892597695390782	0.4892597695390782	11.29	0.0	3.6205222945891786	3.6205222945891786	11.29	-0.0	0.4892597695390782	0.4892597695390782	11.29	0.0	283.0	287.88	740.08	-52.67	0	1
PROTOTYPE	032986	04/16/18	07:15:34	0.4892597695390782	0.4892597695390782	11.29	0.0	3.6205222945891786	3.6205222945891786	11.29	-0.0	0.4892597695390782	0.4892597695390782	11.29	0.0	297.0	289.25	687.98	-104.77	0	1
PROTOTYPE	032987	04/16/18	07:15:36	0.4892597695390782	0.4892597695390782	11.3	0.0	3.6205222945891786	3.6205222945891786	11.3	-0.0	0.4892597695390782	0.4892597695390782	11.3	0.0	297.0	290.41	718.69	-74.05	0	1
PROTOTYPE	032988	04/16/18	07:15:37	0.4892597695390782	0.4892597695390782	11.29	0.0	3.6205222945891786	3.6205222945891786	11.29	-0.0	0.4892597695390782	0.4892597695390782	11.29	0.0	292.0	290.65	545.32	147.06	0	1
PROTOTYPE	032989	04/16/18	07:15:39	0.4892597695390782	0.4892597695390782	11.29	0.0	3.6205222945891786	3.6205222945891786	11.29	-0.0	0.4892597695390782	0.4892597695390782	11.29	0.0	290.0	290.55	507.46	185.0	0	1
PROTOTYPE	032990	04/16/18	07:15:40	0.4892597695390782	0.4892597695390782	11.26	0.0	3.6205222945891786	3.6205222945891786	11.26	-0.0	0.4892597695390782	0.4892597695390782	11.26	0.0	292.0	290.77	464.74	142.25	0	1
PROTOTYPE	032991	04/16/18	07:15:41	0.4892597695390782	0.4892597695390782	11.27	0.0	3.6205222945891786	3.6205222945891786	11.27	-0.0	0.4892597695390782	0.4892597695390782	11.27	0.0	284.0	289.75	501.07	105.91	0	1
PROTOTYPE	032992	04/16/18	07:15:43	0.4892597695390782	0.4892597695390782	11.26	0.0	3.6205222945891786	3.6205222945891786	11.26	-0.0	0.4892597695390782	0.4892597695390782	11.26	0.0	294.0	290.39	559.98	165.02	0	1
PROTOTYPE	032993	04/16/18	07:15:44	0.4892597695390782	0.4892597695390782	11.23	0.0	3.6205222945891786	3.6205222945891786	11.23	-0.0	0.4892597695390782	0.4892597695390782	11.23	0.0	294.0	290.93	528.03	305.27	0	1
PROTOTYPE	032994	04/16/18	07:15:45	0.4892597695390782	0.4892597695390782	11.23	0.0	3.6205222945891786	3.6205222945891786	11.23	-0.0	0.4892597695390782	0.4892597695390782	11.23	0.0	299.0	292.14	512.24	289.48	0	1
PROTOTYPE	032995	04/16/18	07:15:47	0.4892597695390782	0.4892597695390782	11.24	0.0	3.6205222945891786	3.6205222945891786	11.24	-0.0	0.4892597695390782	0.4892597695390782	11.24	0.0	291.0	291.97	413.13	156.06	0	1
PROTOTYPE	032996	04/16/18	07:15:48	0.4892597695390782	0.4892597695390782	11.22	0.0	3.6205222945891786	3.6205222945891786	11.22	-0.0	0.4892597695390782	0.4892597695390782	11.22	0.0	281.0	290.33	553.81	-32.35	0	1
PROTOTYPE	032997	04/16/18	07:15:50	0.4892597695390782	0.4892597695390782	11.21	0.0	3.6205222945891786	3.6205222945891786	11.21	-0.0	0.4892597695390782	0.4892597695390782	11.21	0.0	298.0	291.48	659.11	92.5	0	1
PROTOTYPE	032998	04/16/18	07:15:51	0.4892597695390782	0.4892597695390782	11.21	0.0	3.6205222945891786	3.6205222945891786	11.21	-0.0	0.4892597695390782	0.4892597695390782	11.21	0.0	292.0	291.55	645.31	78.63	0	1
PROTOTYPE	032999	04/16/18	07:15:52	0.4892597695390782	0.4892597695390782	11.19	0.0	3.6205222945891786	3.6205222945891786	11.19	-0.0	0.4892597695390782	0.4892597695390782	11.19	0.0	287.0	290.87	612.11	111.83	0	1
PROTOTYPE	033000	04/16/18	07:15:54	0.4892597695390782	0.4892597695390782	11.19	0.0	3.6205222945891786	3.6205222945891786	11.19	-0.0	0.4892597695390782	0.4892597695390782	11.19	0.0	291.0	290.89	550.78	50.06	0	1
PROTOTYPE	033001	04/16/18	07:15:55	0.4892597695390782	0.4892597695390782	11.21	0.0	3.6205222945891786	3.6205222945891786	11.21	-0.0	0.4892597695390782	0.4892597695390782	11.21	0.0	288.0	290.46	540.0	-47.45	0	1
PROTOTYPE	033002	04/16/18	07:15:57	0.4892597695390782	0.4892597695390782	11.2	0.0	3.6205222945891786	3.6205222945891786	11.2	-0.0	0.4892597695390782	0.4892597695390782	11.2	0.0	296.0	291.29	502.12	-85.33	0	1
PROTOTYPE	033003	04/16/18	07:15:58	0.4892597695390782	0.4892597695390782	11.2	0.0	3.6205222945891786	3.6205222945891786	11.2	-0.0	0.4892597695390782	0.4892597695390782	11.2	0.0	296.0	292.0	555.62	2.47	0	1
PROTOTYPE	033004	04/16/18	07:16:00	0.4892597695390782	0.4892597695390782	11.21	0.0	3.6205222945891786	3.6205222945891786	11.21	-0.0	0.4892597695390782	0.4892597695390782	11.21	0.0	283.0	290.65	525.99	32.1	0	1
PROTOTYPE	033005	04/16/18	07:16:01	0.4892597695390782	0.4892597695390782	11.21	0.0	3.6205222945891786	3.6205222945891786	11.21	-0.0	0.4892597695390782	0.4892597695390782	11.21	0.0	294.0	291.15	461.19	-32.72	0	1
PROTOTYPE	033006	04/16/18	07:16:02	0.4892597695390782	0.4892597695390782	11.22	0.0	3.6205222945891786	3.6205222945891786	11.22	-0.0	0.4892597695390782	0.4892597695390782	11.22	0.0	295.0	291.73	510.99	17.19	0	1
PROTOTYPE	033007	04/16/18	07:16:04	0.4892597695390782	0.4892597695390782	11.25	0.0	3.6205222945891786	3.6205222945891786	11.25	-0.0	0.4892597695390782	0.4892597695390782	11.25	0.0	300.0	292.97	566.76	209.61	0	1
PROTOTYPE	033008	04/16/18	07:16:05	0.4892597695390782	0.4892597695390782	11.27	0.0	3.6205222945891786	3.6205222945891786	11.27	-0.0	0.4892597695390782	0.4892597695390782	11.27	0.0	303.0	294.47	714.87	358.17	0	1
PROTOTYPE	033009	04/16/18	07:16:07	0.4892597695390782	0.4892597695390782	11.28	0.0	3.6205222945891786	3.6205222945891786	11.28	-0.0	0.39140781563126253	0.4745819764529058	24.92	-15.0	269.0	290.65	1053.57	19.44	0	1
PROTOTYPE	033010	04/16/18	07:16:08	0.4892597695390782	0.4892597695390782	11.29	0.0	3.6205222945891786	3.6205222945891786	11.29	-0.0	0.4892597695390782	0.4765390155310621	26.18	-12.75	275.0	288.3	1205.2	-298.47	0	1
PROTOTYPE	033011	04/16/18	07:16:09	0.4892597695390782	0.4892597695390782	11.28	0.0	3.6205222945891786	3.6205222945891786	11.28	-0.0	0.4892597695390782	0.47849605460921835	27.14	-10.84	298.0	289.76	1279.96	-223.7	0	1
PROTOTYPE	033012	04/16/18	07:16:11	0.4892597695390782	0.4892597695390782	11.3	0.0	3.6205222945891786	3.6205222945891786	11.3	-0.0	0.4892597695390782	0.48045309368737477	27.9	-9.21	281.0	288.44	1276.41	-220.15	0	1
PROTOTYPE	033013	04/16/18	07:16:12	0.4892597695390782	0.4892597695390782	11.31	0.0	3.6205222945891786	3.6205222945891786	11.31	-0.0	0.4892597695390782	0.48143161322645295	28.47	-7.83	295.0	289.43	1324.42	-172.12	0	1
PROTOTYPE	033014	04/16/18	07:16:14	0.4892597695390782	0.4892597695390782	11.31	0.0	3.6205222945891786	3.6205222945891786	11.31	-0.0	0.4892597695390782	0.482410132765531	28.9	-6.66	283.0	288.46	1363.07	-326.31	0	1
PROTOTYPE	033015	04/16/18	07:16:15	0.4892597695390782	0.4892597695390782	11.29	0.0	3.6205222945891786	3.6205222945891786	11.29	-0.0	0.4892597695390782	0.48338865230460926	29.2	-5.66	290.0	288.69	1262.05	-427.36	0	1
PROTOTYPE	033016	04/16/18	07:16:16	0.4892597695390782	0.4892597695390782	11.28	0.0	3.6205222945891786	3.6205222945891786	11.28	-0.0	0.4892597695390782	0.48436717184368744	29.42	-4.81	293.0	289.34	1176.16	-513.26	0	1
PROTOTYPE	033017	04/16/18	07:16:18	0.4892597695390782	0.4892597695390782	11.28	0.0	3.6205222945891786	3.6205222945891786	11.28	-0.0	0.4892597695390782	0.4853456913827655	15.95	10.91	280.0	287.94	934.18	-271.27	0	1
PROTOTYPE	033018	04/16/18	07:16:19	0.4892597695390782	0.4892597695390782	11.28	0.0	3.6205222945891786	3.6205222945891786	11.28	-0.0	0.4892597695390782	0.4863242109218437	14.83	9.28	298.0	289.45	850.32	114.42	0	1
PROTOTYPE	033019	04/16/18	07:16:21	0.4892597695390782	0.4892597695390782	11.27	0.0	3.6205222945891786	3.6205222945891786	11.27	-0.0	0.4892597695390782	0.4863242109218437	13.95	7.88	296.0	290.43	803.16	67.26	0	1
PROTOTYPE	033020	04/16/18	07:16:22	0.4892597695390782	0.4892597695390782	11.26	0.0	3.6205222945891786	3.6205222945891786	11.26	-0.0	0.4892597695390782	0.4863242109218437	13.27	6.7	269.0	287.22	993.24	-122.83	0	1
PROTOTYPE	033021	04/16/18	07:16:23	0.4892597695390782	0.4892597695390782	11.25	0.0	3.6205222945891786	3.6205222945891786	11.25	-0.0	0.4892597695390782	0.48730273046092193	12.74	5.7	295.0	288.38	1011.67	-104.41	0	1
PROTOTYPE	033022	04/16/18	07:16:25	0.4892597695390782	0.4892597695390782	11.26	0.0	3.6205222945891786	3.6205222945891786	11.26	-0.0	0.4892597695390782	0.48730273046092193	12.36	4.84	278.0	286.83	1071.0	-163.74	0	1
PROTOTYPE	033023	04/16/18	07:16:26	0.4892597695390782	0.4892597695390782	11.28	0.0	3.6205222945891786	3.6205222945891786	11.28	-0.0	0.4892597695390782	0.48730273046092193	12.09	4.12	297.0	288.35	1200.53	-34.18	0	1
PROTOTYPE	033024	04/16/18	07:16:28	0.4892597695390782	0.4892597695390782	11.27	0.0	3.6205222945891786	3.6205222945891786	11.27	-0.0	0.4892597695390782	0.48828125	11.86	3.5	303.0	290.55	1355.64	120.94	1	0
PROTOTYPE	033025	04/16/18	07:16:29	0.4892597695390782	0.4892597695390782	11.26	0.0	4.1097820641282565	3.69391126002004	84.86	75.0	0.4892597695390782	0.48828125	11.69	2.97	290.0	290.47	1223.9	252.8	1	0
PROTOTYPE	033026	04/16/18	07:16:31	0.4892597695390782	0.4892597695390782	11.26	0.0	4.501189879759519	3.815247682865732	207.22	198.75	0.4892597695390782	0.48828125	11.57	2.53	294.0	291.0	1125.99	154.88	1	0
PROTOTYPE	033027	04/16/18	07:16:32	0.4892597695390782	0.4892597695390782	11.3	0.0	4.69689378757515	3.947347820641283	341.01	333.94	0.4892597695390782	0.48828125	11.53	2.15	287.0	290.4	1087.67	-3.35	1	0
PROTOTYPE	033028	04/16/18	07:16:33	0.4892597695390782	0.4892597695390782	11.29	0.0	4.892597695390782	4.089233153807615	484.52	478.85	0.4892597695390782	0.48828125	11.45	1.83	300.0	291.84	910.25	462.15	1	0
PROTOTYPE	033029	04/16/18	07:16:35	0.4892597695390782	0.4892597695390782	11.31	0.0	4.990449649298597	4.2242688502004	621.3	617.02	0.4892597695390782	0.48828125	11.43	1.55	291.0	291.71	806.14	332.83	1	0
PROTOTYPE	033030	04/16/18	07:16:36	0.4892597695390782	0.4892597695390782	11.32	0.0	5.088301603206413	4.353433429358718	752.34	749.47	0.4892597695390782	0.4892597695390782	11.4	1.32	297.0	292.51	729.7	567.91	1	0
PROTOTYPE	033031	04/16/18	07:16:38	0.4892597695390782	0.4892597695390782	11.3	0.0	5.1861535571142285	4.478683930360722	878.51	877.05	0.4892597695390782	0.4892597695390782	11.36	1.12	292.0	292.43	584.8	407.72	1	0
PROTOTYPE	033032	04/16/18	07:16:39	0.4892597695390782	0.4892597695390782	11.29	0.0	5.1861535571142285	4.584364040581162	985.56	985.49	0.4892597695390782	0.4892597695390782	11.33	0.95	300.0	293.57	478.64	301.56	1	0
PROTOTYPE	033033	04/16/18	07:16:40	0.4892597695390782	0.4892597695390782	11.28	0.0	5.284005511022044	4.690044150801603	1017.73	1017.67	0.4892597695390782	0.4892597695390782	11.31	0.81	301.0	294.68	581.81	421.33	1	0
PROTOTYPE	033034	04/16/18	07:16:42	0.4892597695390782	0.4892597695390782	11.28	0.0	5.38185746492986	4.793767221943888	1000.08	1000.02	0.4892597695390782	0.4892597695390782	11.3	0.69	298.0	295.18	578.62	418.13	1	0
PROTOTYPE	033035	04/16/18	07:16:43	0.4892597695390782	0.4892597695390782	11.24	0.0	5.38185746492986	4.8818339804609225	955.08	955.01	0.4892597695390782	0.4892597695390782	11.26	0.59	299.0	295.75	575.99	535.41	1	0
PROTOTYPE	033036	04/16/18	07:16:45	0.4892597695390782	0.4892597695390782	11.26	0.0	5.38185746492986	4.957179984969939	886.84	886.76	0.4892597695390782	0.4892597695390782	11.27	0.5	273.0	292.34	773.22	50.1	1	0
PROTOTYPE	033037	04/16/18	07:16:46	0.4892597695390782	0.4892597695390782	11.26	0.0	5.577561372745492	5.050139341182365	843.82	843.75	0.4892597695390782	0.4892597695390782	11.27	0.42	303.0	293.94	920.49	222.58	1	0
PROTOTYPE	033038	04/16/18	07:16:48	0.4892597695390782	0.4892597695390782	11.26	0.0	5.577561372745492	5.129399423847695	792.27	792.19	0.4892597695390782	0.4892597695390782	11.26	0.36	281.0	292.0	1035.24	-50.8	1	0
PROTOTYPE	033039	04/16/18	07:16:49	0.4892597695390782	0.4892597695390782	11.25	0.0	5.577561372745492	5.19593875250501	733.45	733.36	0.4892597695390782	0.4892597695390782	11.25	0.31	289.0	291.55	1072.51	-88.18	1	0
PROTOTYPE	033040	04/16/18	07:16:50	0.4892597695390782	0.4892597695390782	11.26	0.0	5.577561372745492	5.253671405310621	683.45	683.35	0.4892597695390782	0.4892597695390782	11.26	0.26	290.0	291.32	982.2	-224.96	0	0
PROTOTYPE	033041	04/16/18	07:16:52	0.4892597695390782	0.4892597695390782	11.25	0.0	4.1097820641282565	5.082430485971944	751.6	400.85	0.4892597695390782	0.4892597695390782	11.25	0.22	301.0	292.77	1015.94	-191.21	0	0
PROTOTYPE	033042	04/16/18	07:16:53	0.4892597695390782	0.4892597695390782	11.26	0.0	3.6205222945891786	4.862263589679358	869.52	70.72	0.4892597695390782	0.4892597695390782	11.26	0.19	286.0	291.75	1067.66	-342.53	0	0
PROTOTYPE	033043	04/16/18	07:16:55	0.4892597695390782	0.4892597695390782	11.26	0.0	3.522670340681363	4.661667084168337	984.75	-224.89	0.4892597695390782	0.4892597695390782	11.26	0.16	284.0	290.59	1126.62	-516.15	0	0
PROTOTYPE	033044	04/16/18	07:16:56	0.4892597695390782	0.4892597695390782	11.25	0.0	3.424818386773547	4.475748371743488	1097.7	-491.15	0.4892597695390782	0.4892597695390782	11.25	0.14	297.0	291.55	881.51	-78.73	0	0
PROTOTYPE	033045	04/16/18	07:16:57	0.4892597695390782	0.4892597695390782	11.23	0.0	3.3269664328657313	4.303528932865731	1178.7	-762.48	0.4892597695390782	0.4892597695390782	11.23	0.12	303.0	293.27	893.32	-66.92	0	0
PROTOTYPE	033046	04/16/18	07:16:59	0.4892597695390782	0.4892597695390782	11.23	0.0	3.3269664328657313	4.157729521543087	1247.55	-993.11	0.4892597695390782	0.4892597695390782	11.23	0.1	299.0	294.13	785.22	213.12	0	0
PROTOTYPE	033047	04/16/18	07:17:00	0.4892597695390782	0.4892597695390782	11.25	0.0	3.3269664328657313	4.032479020541082	1306.08	-1189.14	0.4892597695390782	0.4892597695390782	11.25	0.08	294.0	294.11	742.63	256.15	0	0
PROTOTYPE	033048	04/16/18	07:17:02	0.4892597695390782	0.4892597695390782	11.25	0.0	3.3269664328657313	3.9267989103206418	1355.82	-1355.77	0.4892597695390782	0.4892597695390782	11.25	0.07	298.0	294.69	777.75	337.73	0	0
PROTOTYPE	033049	04/16/18	07:17:03	0.4892597695390782	0.4892597695390782	11.27	0.0	3.2291144789579156	3.8220973196392785	1287.46	-1287.4	0.4892597695390782	0.4892597695390782	11.27	0.06	292.0	294.29	672.89	152.07	0	0
PROTOTYPE	033050	04/16/18	07:17:04	0.4892597695390782	0.4892597695390782	11.26	0.0	3.2291144789579156	3.733052041583166	1154.35	-1154.29	0.4892597695390782	0.4892597695390782	11.26	0.05	284.0	292.75	725.7	99.26	0	0
PROTOTYPE	033051	04/16/18	07:17:06	0.4892597695390782	0.4892597695390782	11.28	0.0	3.2291144789579156	3.6577060370741483	1026.22	-1026.15	0.4892597695390782	0.4892597695390782	11.28	0.04	288.0	292.03	680.59	144.37	0	0
PROTOTYPE	033052	04/16/18	07:17:07	0.4892597695390782	0.4892597695390782	11.29	0.0	3.2291144789579156	3.5931237474949898	902.31	-902.23	0.4892597695390782	0.4892597695390782	11.29	0.04	290.0	291.73	614.97	17.71	0	0
PROTOTYPE	033053	04/16/18	07:17:09	0.4892597695390782	0.4892597695390782	11.31	0.0	3.2291144789579156	3.538326653306613	781.98	-781.89	0.4892597695390782	0.4892597695390782	11.31	0.03	272.0	288.77	739.17	-449.94	0	0
PROTOTYPE	033054	04/16/18	07:17:10	0.4892597695390782	0.4892597695390782	11.31	0.0	3.2291144789579156	3.49233623496994	679.71	-679.61	0.4892597695390782	0.4892597695390782	11.31	0.03	291.0	289.1	686.68	-502.45	0	0
PROTOTYPE	033055	04/16/18	07:17:11	0.4892597695390782	0.4892597695390782	11.3	0.0	3.2291144789579156	3.4531954534068134	592.79	-592.67	0.4892597695390782	0.4892597695390782	11.3	0.02	283.0	288.19	775.87	-592.08	0	0
PROTOTYPE	033056	04/16/18	07:17:13	0.4892597695390782	0.4892597695390782	11.3	0.0	3.2291144789579156	3.4189472695390783	518.91	-518.77	0.4892597695390782	0.4892597695390782	11.3	0.02	282.0	287.26	810.32	-743.27	0	0
PROTOTYPE	033057	04/16/18	07:17:14	0.4892597695390782	0.4892597695390782	11.3	0.0	3.2291144789579156	3.3905702029058116	441.12	-440.95	0.4892597695390782	0.4892597695390782	11.3	0.02	290.0	287.67	811.03	-661.78	0	0
PROTOTYPE	033058	04/16/18	07:17:16	0.4892597695390782	0.4892597695390782	11.32	0.0	3.2291144789579156	3.3661072144288577	375.01	-374.81	0.4892597695390782	0.4892597695390782	11.32	0.01	292.0	288.32	721.64	-442.51	0	0
PROTOTYPE	033059	04/16/18	07:17:17	0.4892597695390782	0.4892597695390782	11.29	0.0	3.2291144789579156	3.345558304108216	318.82	-318.59	0.4892597695390782	0.4892597695390782	11.29	0.01	290.0	288.57	675.67	-346.14	0	0
PROTOTYPE	033060	04/16/18	07:17:18	0.4892597695390782	0.4892597695390782	11.26	0.0	3.2291144789579156	3.3279449524048097	271.07	-270.8	0.4892597695390782	0.4892597695390782	11.26	0.01	284.0	287.89	713.73	-384.22	0	0
PROTOTYPE	033061	04/16/18	07:17:20	0.4892597695390782	0.4892597695390782	11.25	0.0	3.1312625250501003	3.298589366232465	245.46	-245.18	0.4892597695390782	0.4892597695390782	11.25	0.01	279.0	286.55	551.1	-221.58	0	0
PROTOTYPE	033062	04/16/18	07:17:21	0.4892597695390782	0.4892597695390782	11.21	0.0	3.2291144789579156	3.2888041708416833	208.75	-208.4	0.4892597695390782	0.4892597695390782	11.21	0.01	287.0	286.62	524.45	-248.35	0	0
PROTOTYPE	033063	04/16/18	07:17:23	0.4892597695390782	0.4892597695390782	11.2	0.0	3.2291144789579156	3.2790189754509016	177.57	-177.14	0.4892597695390782	0.4892597695390782	11.2	0.01	287.0	286.68	438.74	-151.09	0	0
PROTOTYPE	033064	04/16/18	07:17:24	0.4892597695390782	0.4892597695390782	11.19	0.0	3.2291144789579156	3.2721693386773545	151.1	-150.57	0.4892597695390782	0.4892597695390782	11.19	0.01	296.0	288.08	485.75	81.57	0	0
PROTOTYPE	033065	04/16/18	07:17:25	0.4892597695390782	0.4892597695390782	11.19	0.0	3.2291144789579156	3.2653197019038074	128.63	-127.99	0.4892597695390782	0.4892597695390782	11.19	0.0	295.0	289.11	548.5	144.33	0	0
PROTOTYPE	033066	04/16/18	07:17:27	0.4892597695390782	0.4892597695390782	11.17	0.0	3.2291144789579156	3.2604271042084165	109.56	-108.79	0.4892597695390782	0.4892597695390782	11.17	0.0	292.0	289.55	526.86	122.68	0	0
PROTOTYPE	033067	04/16/18	07:17:28	0.4892597695390782	0.4892597695390782	11.18	0.0	3.2291144789579156	3.2555345065130266	93.4	-92.47	0.4892597695390782	0.4892597695390782	11.18	0.0	291.0	289.77	523.46	119.28	0	1
PROTOTYPE	033068	04/16/18	07:17:30	0.4892597695390782	0.4892597695390782	11.2	0.0	3.2291144789579156	3.251620428356713	79.72	-78.6	0.4892597695390782	0.4892597695390782	11.2	0.0	289.0	289.65	466.43	176.39	0	1
PROTOTYPE	033069	04/16/18	07:17:31	0.4892597695390782	0.4892597695390782	11.2	0.0	3.1312625250501003	3.2330285571142285	67.95	-66.81	0.4892597695390782	0.4892597695390782	11.2	0.0	295.0	290.45	413.38	389.93	0	1
PROTOTYPE	033070	04/16/18	07:17:32	0.4892597695390782	0.4892597695390782	11.22	0.0	3.1312625250501003	3.218350764028056	72.9	-71.79	0.4892597695390782	0.4892597695390782	11.22	0.0	298.0	291.58	519.76	496.44	0	1
PROTOTYPE	033071	04/16/18	07:17:34	0.4892597695390782	0.4892597695390782	11.22	0.0	3.1312625250501003	3.2046514904809618	77.1	-76.02	0.4892597695390782	0.4892597695390782	11.22	0.0	294.0	291.95	550.15	526.98	0	1
PROTOTYPE	033072	04/16/18	07:17:35	0.4892597695390782	0.4892597695390782	11.23	0.0	3.1312625250501003	3.193887775551102	80.66	-79.62	0.4892597695390782	0.4892597695390782	11.23	0.0	283.0	290.61	544.52	252.93	0	1
PROTOTYPE	033073	04/16/18	07:17:37	0.4892597695390782	0.4892597695390782	11.23	0.0	3.1312625250501003	3.1850810996993983	83.67	-82.67	0.4892597695390782	0.4892597695390782	11.23	0.0	294.0	291.11	491.59	199.99	0	1
PROTOTYPE	033074	04/16/18	07:17:38	0.4892597695390782	0.4892597695390782	11.25	0.0	3.1312625250501003	3.1762744238476954	86.22	-85.27	0.4892597695390782	0.4892597695390782	11.25	0.0	290.0	290.95	465.06	139.99	0	1
PROTOTYPE	033075	04/16/18	07:17:40	0.4892597695390782	0.4892597695390782	11.25	0.0	3.1312625250501003	3.1694247870741483	88.36	-87.48	0.4892597695390782	0.4892597695390782	11.25	0.0	291.0	290.96	444.83	118.99	0	1
PROTOTYPE	033076	04/16/18	07:17:41	0.4892597695390782	0.4892597695390782	11.24	0.0	3.1312625250501003	3.1635536698396796	90.16	-89.36	0.4892597695390782	0.4892597695390782	11.24	0.0	285.0	290.06	522.61	41.14	0	1
PROTOTYPE	033077	04/16/18	07:17:42	0.4892597695390782	0.4892597695390782	11.24	0.0	3.1312625250501003	3.1586610721442887	76.9	-75.96	0.4892597695390782	0.4892597695390782	11.24	0.0	297.0	291.1	546.43	64.97	0	1
PROTOTYPE	033078	04/16/18	07:17:44	0.4892597695390782	0.4892597695390782	11.24	0.0	3.2291144789579156	3.1694247870741483	72.0	-49.56	0.4892597695390782	0.4892597695390782	11.24	0.0	291.0	291.09	435.3	-49.77	0	1
PROTOTYPE	033079	04/16/18	07:17:45	0.4892597695390782	0.4892597695390782	11.26	0.0	3.1312625250501003	3.1635536698396796	64.66	-42.13	0.4892597695390782	0.4892597695390782	11.26	0.0	280.0	289.42	565.36	-252.31	0	1
PROTOTYPE	033080	04/16/18	07:17:47	0.4892597695390782	0.4892597695390782	11.25	0.0	3.1312625250501003	3.1586610721442887	58.45	-35.81	0.4892597695390782	0.4892597695390782	11.25	0.0	297.0	290.56	544.79	-4.46	0	1
PROTOTYPE	033081	04/16/18	07:17:48	0.4892597695390782	0.4892597695390782	11.24	0.0	3.1312625250501003	3.154746993987976	53.2	-30.44	0.4892597695390782	0.4892597695390782	11.24	0.0	292.0	290.78	515.48	-33.79	0	1
PROTOTYPE	033082	04/16/18	07:17:49	0.4892597695390782	0.4892597695390782	11.23	0.0	3.1312625250501003	3.1508329158316637	48.77	-25.87	0.4892597695390782	0.4892597695390782	11.23	0.0	295.0	291.41	562.08	46.28	0	1
PROTOTYPE	033083	04/16/18	07:17:51	0.4892597695390782	0.4892597695390782	11.23	0.0	3.1312625250501003	3.147897357214429	45.06	-21.99	0.4892597695390782	0.4892597695390782	11.23	0.0	289.0	291.05	596.65	9.34	0	1
PROTOTYPE	033084	04/16/18	07:17:52	0.4892597695390782	0.4892597695390782	11.24	0.0	3.1312625250501003	3.1459403181362724	41.95	-18.69	0.4892597695390782	0.4892597695390782	11.24	0.0	282.0	289.69	643.04	-37.07	0	1
PROTOTYPE	033085	04/16/18	07:17:54	0.4892597695390782	0.4892597695390782	11.23	0.0	3.1312625250501003	3.143983279058116	39.36	-15.89	0.4892597695390782	0.4892597695390782	11.23	0.0	293.0	290.19	588.61	-91.51	0	1
PROTOTYPE	033086	04/16/18	07:17:55	0.4892597695390782	0.4892597695390782	11.24	0.0	3.1312625250501003	3.14202623997996	30.89	-28.51	0.4892597695390782	0.4892597695390782	11.24	0.0	277.0	288.21	784.35	-287.78	0	1
PROTOTYPE	033087	04/16/18	07:17:56	0.4892597695390782	0.4892597695390782	11.24	0.0	3.1312625250501003	3.140069200901804	26.98	-24.23	0.4892597695390782	0.4892597695390782	11.24	0.0	291.0	288.63	659.92	-79.61	0	1
PROTOTYPE	033088	04/16/18	07:17:58	0.4892597695390782	0.4892597695390782	11.24	0.0	3.1312625250501003	3.1390906813627253	23.74	-20.6	0.4892597695390782	0.4892597695390782	11.24	0.0	296.0	289.73	656.86	-82.67	0	1
PROTOTYPE	033089	04/16/18	07:17:59	0.4892597695390782	0.4892597695390782	11.23	0.0	3.1312625250501003	3.138112161823647	21.08	-17.51	0.4892597695390782	0.4892597695390782	11.23	0.0	297.0	290.82	744.22	4.73	0	1
PROTOTYPE	033090	04/16/18	07:18:01	0.4892597695390782	0.4892597695390782	11.23	0.0	3.1312625250501003	3.1371336422845695	18.92	-14.88	0.4892597695390782	0.4892597695390782	11.23	0.0	286.0	290.1	753.22	-130.98	0	1
PROTOTYPE	033091	04/16/18	07:18:02	0.4892597695390782	0.4892597695390782	11.25	0.0	3.1312625250501003	3.1361551227454907	17.2	-12.65	0.4892597695390782	0.4892597695390782	11.25	0.0	295.0	290.84	790.56	-21.33	0	1
PROTOTYPE	033092	04/16/18	07:18:03	0.4892597695390782	0.4892597695390782	11.24	0.0	3.1312625250501003	3.135176603206413	15.81	-10.75	0.4892597695390782	0.4892597695390782	11.24	0.0	298.0	291.91	762.31	221.87	0	1
PROTOTYPE	033093	04/16/18	07:18:05	0.4892597695390782	0.4892597695390782	11.25	0.0	3.1312625250501003	3.134198083667335	14.72	-9.14	0.4892597695390782	0.4892597695390782	11.25	0.0	285.0	290.87	816.31	68.59	0	1
PROTOTYPE	033094	04/16/18	07:18:06	0.4892597695390782	0.4892597695390782	11.25	0.0	3.1312625250501003	3.134198083667335	13.87	-7.77	0.4892597695390782	0.4892597695390782	11.25	0.0	294.0	291.34	665.42	313.3	0	1
PROTOTYPE	033095	04/16/18	07:18:08	0.4892597695390782	0.4892597695390782	11.25	0.0	3.1312625250501003	3.133219564128257	13.21	-6.6	0.4892597695390782	0.4892597695390782	11.25	0.0	294.0	291.74	663.42	311.3	0	1
PROTOTYPE	033096	04/16/18	07:18:09	0.4892597695390782	0.4892597695390782	11.28	0.0	3.1312625250501003	3.133219564128257	12.73	-5.61	0.4892597695390782	0.4892597695390782	11.28	0.0	281.0	290.13	713.95	39.61	0	1
PROTOTYPE	033097	04/16/18	07:18:11	0.4892597695390782	0.4892597695390782	11.33	0.0	3.1312625250501003	3.133219564128257	12.4	-4.77	0.4892597695390782	0.4892597695390782	11.33	0.0	301.0	291.76	768.01	93.67	0	1
PROTOTYPE	033098	04/16/18	07:18:12	0.4892597695390782	0.4892597695390782	11.34	0.0	3.1312625250501003	3.133219564128257	12.12	-4.05	0.4892597695390782	0.4892597695390782	11.34	0.0	298.0	292.7	789.25	259.62	0	1
PROTOTYPE	033099	04/16/18	07:18:13	0.4892597695390782	0.4892597695390782	11.32	0.0	3.1312625250501003	3.132241044589178	11.89	-3.45	0.4892597695390782	0.4892597695390782	11.32	0.0	291.0	292.44	741.22	160.67	0	1
PROTOTYPE	033100	04/16/18	07:18:15	0.4892597695390782	0.4892597695390782	11.32	0.0	3.1312625250501003	3.132241044589178	11.74	-2.93	0.4892597695390782	0.4892597695390782	11.32	0.0	288.0	291.78	700.38	-13.43	0	1
PROTOTYPE	033101	04/16/18	07:18:16	0.4892597695390782	0.4892597695390782	11.33	0.0	3.1312625250501003	3.132241044589178	11.63	-2.49	0.4892597695390782	0.4892597695390782	11.33	0.0	293.0	291.96	615.14	108.59	0	1
PROTOTYPE	033102	04/16/18	07:18:18	0.4892597695390782	0.4892597695390782	11.33	0.0	3.1312625250501003	3.132241044589178	11.55	-2.12	0.4892597695390782	0.4892597695390782	11.33	0.0	291.0	291.82	582.68	47.3	0	1
PROTOTYPE	033103	04/16/18	07:18:19	0.4892597695390782	0.4892597695390782	11.33	0.0	3.1312625250501003	3.132241044589178	11.49	-1.8	0.4892597695390782	0.4892597695390782	11.33	0.0	289.0	291.39	585.04	-34.8	0	1
PROTOTYPE	033104	04/16/18	07:18:20	0.4892597695390782	0.4892597695390782	11.33	0.0	3.1312625250501003	3.132241044589178	11.44	-1.53	0.4892597695390782	0.4892597695390782	11.33	0.0	302.0	292.98	583.03	285.42	0	1
PROTOTYPE	033105	04/16/18	07:18:22	0.4892597695390782	0.4892597695390782	11.29	0.0	3.1312625250501003	3.1312625250501003	11.37	-1.3	0.4892597695390782	0.4892597695390782	11.29	0.0	274.0	290.14	704.74	-162.39	0	1
PROTOTYPE	033106	04/16/18	07:18:23	0.4892597695390782	0.4892597695390782	11.28	0.0	3.1312625250501003	3.1312625250501003	11.34	-1.1	0.4892597695390782	0.4892597695390782	11.28	0.0	273.0	287.57	868.19	-513.03	0	1
PROTOTYPE	033107	04/16/18	07:18:25	0.4892597695390782	0.4892597695390782	11.3	0.0	3.1312625250501003	3.1312625250501003	11.34	-0.94	0.4892597695390782	0.4892597695390782	11.3	0.0	292.0	288.23	909.23	-421.08	0	1
PROTOTYPE	033108	04/16/18	07:18:26	0.4892597695390782	0.4892597695390782	11.34	0.0	3.1312625250501003	3.1312625250501003	11.37	-0.8	0.4892597695390782	0.4892597695390782	11.34	0.0	293.0	288.95	914.13	-282.92	0	1
PROTOTYPE	033109	04/16/18	07:18:27	0.4892597695390782	0.4892597695390782	11.32	0.0	3.1312625250501003	3.1312625250501003	11.34	-0.68	0.4892597695390782	0.4892597695390782	11.32	0.0	280.0	287.6	1029.92	-435.48	0	1
PROTOTYPE	033110	04/16/18	07:18:29	0.4892597695390782	0.4892597695390782	11.33	0.0	3.1312625250501003	3.1312625250501003	11.34	-0.58	0.4892597695390782	0.4892597695390782	11.33	0.0	284.0	287.06	1069.54	-475.16	0	1
PROTOTYPE	033111	04/16/18	07:18:30	0.4892597695390782	0.4892597695390782	11.32	0.0	3.1312625250501003	3.1312625250501003	11.33	-0.49	0.4892597695390782	0.4892597695390782	11.32	0.0	285.0	286.75	1058.28	-463.88	0	1
PROTOTYPE	033112	04/16/18	07:18:32	0.4892597695390782	0.4892597695390782	11.31	0.0	3.1312625250501003	3.1312625250501003	11.32	-0.42	0.4892597695390782	0.4892597695390782	11.31	0.0	283.0	286.19	955.5	-679.3	0	1
PROTOTYPE	033113	04/16/18	07:18:33	0.4892597695390782	0.4892597695390782	11.33	0.0	3.1312625250501003	3.1312625250501003	11.33	-0.35	0.4892597695390782	0.4892597695390782	11.33	0.0	290.0	286.76	727.88	-337.41	0	1
PROTOTYPE	033114	04/16/18	07:18:35	0.4892597695390782	0.4892597695390782	11.32	0.0	3.1312625250501003	3.1312625250501003	11.32	-0.3	0.4892597695390782	0.4892597695390782	11.32	0.0	285.0	286.5	497.31	-106.79	0	1
PROTOTYPE	033115	04/16/18	07:18:36	0.4892597695390782	0.4892597695390782	11.29	0.0	3.1312625250501003	3.1312625250501003	11.29	-0.26	0.4892597695390782	0.4892597695390782	11.29	0.0	294.0	287.62	543.32	-60.78	0	1
PROTOTYPE	033116	04/16/18	07:18:37	0.4892597695390782	0.4892597695390782	11.26	0.0	3.1312625250501003	3.1312625250501003	11.26	-0.22	0.4892597695390782	0.4892597695390782	11.26	0.0	275.0	285.73	661.13	-321.66	0	1
PROTOTYPE	033117	04/16/18	07:18:39	0.4892597695390782	0.4892597695390782	11.28	0.0	3.1312625250501003	3.1312625250501003	11.28	-0.18	0.4892597695390782	0.4892597695390782	11.28	0.0	287.0	285.92	546.03	-168.41	0	1
PROTOTYPE	033118	04/16/18	07:18:40	0.4892597695390782	0.4892597695390782	11.27	0.0	3.1312625250501003	3.1312625250501003	11.27	-0.16	0.4892597695390782	0.4892597695390782	11.27	0.0	286.0	285.93	493.79	-113.15	0	1
PROTOTYPE	033119	04/16/18	07:18:42	0.4892597695390782	0.4892597695390782	11.28	0.0	3.1312625250501003	3.1312625250501003	11.28	-0.13	0.4892597695390782	0.4892597695390782	11.28	0.0	292.0	286.84	553.83	8.82	0	1
PROTOTYPE	033120	04/16/18	07:18:43	0.4892597695390782	0.4892597695390782	11.28	0.0	3.1312625250501003	3.1312625250501003	11.28	-0.11	0.4892597695390782	0.4892597695390782	11.28	0.0	301.0	288.97	709.87	277.5	0	1
PROTOTYPE	033121	04/16/18	07:18:44	0.4892597695390782	0.4892597695390782	11.26	0.0	3.1312625250501003	3.1312625250501003	11.26	-0.1	0.4892597695390782	0.4892597695390782	11.26	0.0	288.0	288.82	667.27	205.88	0	1
PROTOTYPE	033122	04/16/18	07:18:46	0.4892597695390782	0.4892597695390782	11.26	0.0	3.1312625250501003	3.1312625250501003	11.26	-0.08	0.4892597695390782	0.4892597695390782	11.26	0.0	292.0	289.3	688.5	279.99	0	1
PROTOTYPE	033123	04/16/18	07:18:47	0.4892597695390782	0.4892597695390782	11.28	0.0	3.1312625250501003	3.1312625250501003	11.28	-0.07	0.4892597695390782	0.4892597695390782	11.28	0.0	295.0	290.15	661.51	252.99	0	1
PROTOTYPE	033124	04/16/18	07:18:49	0.4892597695390782	0.4892597695390782	11.27	0.0	3.1312625250501003	3.1312625250501003	11.27	-0.06	0.4892597695390782	0.4892597695390782	11.27	0.0	274.0	287.73	714.45	200.05	0	1
PROTOTYPE	033125	04/16/18	07:18:50	0.4892597695390782	0.4892597695390782	11.26	0.0	3.1312625250501003	3.1312625250501003	11.26	-0.05	0.4892597695390782	0.4892597695390782	11.26	0.0	288.0	287.77	699.63	185.04	0	1
PROTOTYPE	033126	04/16/18	07:18:51	0.4892597695390782	0.4892597695390782	11.27	0.0	3.1312625250501003	3.1312625250501003	11.27	-0.04	0.4892597695390782	0.4892597695390782	11.27	0.0	286.0	287.51	724.38	157.28	0	1
PROTOTYPE	033127	04/16/18	07:18:53	0.4892597695390782	0.4892597695390782	11.28	0.0	3.1312625250501003	3.1312625250501003	11.28	-0.04	0.4892597695390782	0.4892597695390782	11.28	0.0	289.0	287.73	655.83	88.69	0	1
PROTOTYPE	033128	04/16/18	07:18:54	0.4892597695390782	0.4892597695390782	11.27	0.0	3.1312625250501003	3.1312625250501003	11.27	-0.03	0.4892597695390782	0.4892597695390782	11.27	0.0	292.0	288.37	507.53	-59.61	0	1
PROTOTYPE	033129	04/16/18	07:18:56	0.4892597695390782	0.4892597695390782	11.3	0.0	3.1312625250501003	3.1312625250501003	11.3	-0.03	0.4892597695390782	0.4892597695390782	11.3	0.0	305.0	290.86	742.43	204.33	0	1
PROTOTYPE	033130	04/16/18	07:18:57	0.4892597695390782	0.4892597695390782	11.3	0.0	3.1312625250501003	3.1312625250501003	11.3	-0.02	0.4892597695390782	0.4892597695390782	11.3	0.0	292.0	291.03	711.82	173.68	0	1
PROTOTYPE	033131	04/16/18	07:18:59	0.4892597695390782	0.4892597695390782	11.28	0.0	3.1312625250501003	3.1312625250501003	11.28	-0.02	0.4892597695390782	0.4892597695390782	11.28	0.0	280.0	289.38	791.8	-77.37	0	1
PROTOTYPE	033132	04/16/18	07:19:00	0.4892597695390782	0.4892597695390782	11.28	0.0	3.1312625250501003	3.1312625250501003	11.28	-0.02	0.4892597695390782	0.4892597695390782	11.28	0.0	289.0	289.32	555.36	159.23	0	1
PROTOTYPE	033133	04/16/18	07:19:01	0.4892597695390782	0.4892597695390782	11.27	0.0	3.1312625250501003	3.1312625250501003	11.27	-0.01	0.4892597695390782	0.4892597695390782	11.27	0.0	294.0	290.02	621.25	225.35	0	1
PROTOTYPE	033134	04/16/18	07:19:03	0.4892597695390782	0.4892597695390782	11.26	0.0	3.1312625250501003	3.1312625250501003	11.26	-0.01	0.4892597695390782	0.4892597695390782	11.26	0.0	293.0	290.47	639.31	296.55	0	1
PROTOTYPE	033135	04/16/18	07:19:04	0.4892597695390782	0.4892597695390782	11.24	0.0	3.1312625250501003	3.1312625250501003	11.24	-0.01	0.4892597695390782	0.4892597695390782	11.24	0.0	294.0	291.0	669.8	327.06	0	1
PROTOTYPE	033136	04/16/18	07:19:06	0.4892597695390782	0.4892597695390782	11.23	0.0	3.1312625250501003	3.1312625250501003	11.23	-0.01	0.4892597695390782	0.4892597695390782	11.23	0.0	293.0	291.3	635.76	293.0	0	1
PROTOTYPE	033137	04/16/18	07:19:07	0.4892597695390782	0.4892597695390782	11.21	0.0	3.2291144789579156	3.1459403181362724	24.86	14.99	0.4892597695390782	0.4892597695390782	11.21	0.0	297.0	292.16	471.82	129.05	0	1
PROTOTYPE	033138	04/16/18	07:19:08	0.4892597695390782	0.4892597695390782	11.21	0.0	3.1312625250501003	3.143983279058116	26.11	12.74	0.4892597695390782	0.4892597695390782	11.21	0.0	289.0	291.68	502.07	64.7	0	1
PROTOTYPE	033139	04/16/18	07:19:10	0.4892597695390782	0.4892597695390782	11.24	0.0	3.1312625250501003	3.14202623997996	27.1	10.83	0.4892597695390782	0.4892597695390782	11.24	0.0	296.0	292.33	401.33	294.99	0	1
PROTOTYPE	033140	04/16/18	07:19:11	0.4892597695390782	0.4892597695390782	11.23	0.0	3.1312625250501003	3.140069200901804	27.84	9.21	0.4892597695390782	0.4892597695390782	11.23	0.0	294.0	292.58	420.57	325.74	0	1
PROTOTYPE	033141	04/16/18	07:19:13	0.4892597695390782	0.4892597695390782	11.22	0.0	3.1312625250501003	3.1390906813627253	28.4	7.83	0.4892597695390782	0.4892597695390782	11.22	0.0	284.0	291.29	479.1	126.88	0	1
PROTOTYPE	033142	04/16/18	07:19:14	0.4892597695390782	0.4892597695390782	11.22	0.0	3.1312625250501003	3.138112161823647	28.83	6.65	0.4892597695390782	0.4892597695390782	11.22	0.0	281.0	289.75	588.84	-72.15	0	1
PROTOTYPE	033143	04/16/18	07:19:15	0.4892597695390782	0.4892597695390782	11.22	0.0	3.1312625250501003	3.1371336422845695	29.15	5.65	0.4892597695390782	0.4892597695390782	11.22	0.0	299.0	291.14	674.66	13.67	0	1
PROTOTYPE	033144	04/16/18	07:19:17	0.4892597695390782	0.4892597695390782	11.23	0.0	3.1312625250501003	3.1361551227454907	29.39	4.81	0.4892597695390782	0.4892597695390782	11.23	0.0	291.0	291.12	647.11	-18.38	0	1
PROTOTYPE	033145	04/16/18	07:19:18	0.4892597695390782	0.4892597695390782	11.23	0.0	3.1312625250501003	3.135176603206413	15.91	-10.91	0.4892597695390782	0.4892597695390782	11.23	0.0	297.0	292.0	649.86	-15.62	0	1
PROTOTYPE	033146	04/16/18	07:19:20	0.4892597695390782	0.4892597695390782	11.23	0.0	3.1312625250501003	3.134198083667335	14.79	-9.28	0.4892597695390782	0.4892597695390782	11.23	0.0	283.0	290.65	737.51	-103.28	0	1
PROTOTYPE	033147	04/16/18	07:19:21	0.4892597695390782	0.4892597695390782	11.23	0.0	3.1312625250501003	3.134198083667335	13.92	-7.89	0.4892597695390782	0.4892597695390782	11.23	0.0	283.0	289.5	787.46	-282.79	0	1
PROTOTYPE	033148	04/16/18	07:19:22	0.4892597695390782	0.4892597695390782	11.24	0.0	3.1312625250501003	3.134198083667335	13.25	-6.7	0.4892597695390782	0.4892597695390782	11.24	0.0	289.0	289.43	770.02	-315.37	0	1
PROTOTYPE	033149	04/16/18	07:19:24	0.4892597695390782	0.4892597695390782	11.26	0.0	3.1312625250501003	3.133219564128257	12.75	-5.7	0.4892597695390782	0.4892597695390782	11.26	0.0	286.0	288.91	692.73	-238.06	0	1
PROTOTYPE	033150	04/16/18	07:19:25	0.4892597695390782	0.4892597695390782	11.26	0.0	3.1312625250501003	3.133219564128257	12.36	-4.84	0.4892597695390782	0.4892597695390782	11.26	0.0	284.0	288.18	612.02	-157.35	0	1
PROTOTYPE	033151	04/16/18	07:19:27	0.4892597695390782	0.4892597695390782	11.26	0.0	3.1312625250501003	3.133219564128257	12.07	-4.12	0.4892597695390782	0.4892597695390782	11.26	0.0	279.0	286.8	610.89	-433.75	0	1
PROTOTYPE	033152	04/16/18	07:19:28	0.4892597695390782	0.4892597695390782	11.26	0.0	3.1312625250501003	3.132241044589178	11.85	-3.5	0.4892597695390782	0.4892597695390782	11.26	0.0	281.0	285.93	695.41	-518.69	0	1
PROTOTYPE	033153	04/16/18	07:19:29	0.4892597695390782	0.4892597695390782	11.24	0.0	3.1312625250501003	3.132241044589178	11.67	-2.97	0.4892597695390782	0.4892597695390782	11.24	0.0	297.0	287.59	773.21	-440.89	0	1
PROTOTYPE	033154	04/16/18	07:19:31	0.4892597695390782	0.4892597695390782	11.25	0.0	3.1312625250501003	3.132241044589178	11.56	-2.53	0.4892597695390782	0.4892597695390782	11.25	0.0	275.0	285.7	827.07	-494.75	0	1
PROTOTYPE	033155	04/16/18	07:19:32	0.4892597695390782	0.4892597695390782	11.23	0.0	3.2291144789579156	3.1469188376753503	24.97	12.85	0.4892597695390782	0.4892597695390782	11.23	0.0	290.0	286.35	776.82	-315.54	0	1
PROTOTYPE	033156	04/16/18	07:19:34	0.4892597695390782	0.4892597695390782	11.25	0.0	3.1312625250501003	3.143983279058116	26.27	10.92	0.4892597695390782	0.4892597695390782	11.25	0.0	286.0	286.29	774.55	-313.21	0	1
PROTOTYPE	033157	04/16/18	07:19:35	0.4892597695390782	0.4892597695390782	11.28	0.0	3.1312625250501003	3.14202623997996	27.28	9.28	0.4892597695390782	0.4892597695390782	11.28	0.0	287.0	286.4	733.82	-251.23	0	1
PROTOTYPE	033158	04/16/18	07:19:36	0.4892597695390782	0.4892597695390782	11.27	0.0	3.1312625250501003	3.1410477204408815	28.05	7.89	0.4892597695390782	0.4892597695390782	11.27	0.0	289.0	286.79	699.14	-138.54	0	1
PROTOTYPE	033159	04/16/18	07:19:38	0.4892597695390782	0.4892597695390782	11.27	0.0	3.1312625250501003	3.1390906813627253	28.64	6.71	0.4892597695390782	0.4892597695390782	11.27	0.0	299.0	288.62	744.66	182.24	0	1
PROTOTYPE	033160	04/16/18	07:19:39	0.4892597695390782	0.4892597695390782	11.28	0.0	3.1312625250501003	3.138112161823647	29.1	5.7	0.4892597695390782	0.4892597695390782	11.28	0.0	293.0	289.28	723.35	334.9	0	1
PROTOTYPE	033161	04/16/18	07:19:41	0.4892597695390782	0.4892597695390782	11.31	0.0	3.1312625250501003	3.1371336422845695	29.46	4.85	0.4892597695390782	0.4892597695390782	11.31	0.0	287.0	288.94	591.49	134.67	0	1
PROTOTYPE	033162	04/16/18	07:19:42	0.4892597695390782	0.4892597695390782	11.31	0.0	3.1312625250501003	3.1361551227454907	29.71	4.12	0.4892597695390782	0.4892597695390782	11.31	0.0	295.0	289.85	493.6	414.47	0	1
PROTOTYPE	033163	04/16/18	07:19:44	0.4892597695390782	0.4892597695390782	11.31	0.0	3.1312625250501003	3.135176603206413	16.38	-11.5	0.4892597695390782	0.4892597695390782	11.31	0.0	292.0	290.17	461.44	382.3	0	1
PROTOTYPE	033164	04/16/18	07:19:45	0.4892597695390782	0.4892597695390782	11.3	0.0	3.1312625250501003	3.135176603206413	15.17	-9.77	0.4892597695390782	0.4892597695390782	11.3	0.0	298.0	291.34	573.53	504.95	0	1
PROTOTYPE	033165	04/16/18	07:19:46	0.4892597695390782	0.4892597695390782	11.27	0.0	3.1312625250501003	3.134198083667335	14.21	-8.31	0.4892597695390782	0.4892597695390782	11.27	0.0	290.0	291.14	583.05	474.21	0	1
PROTOTYPE	033166	04/16/18	07:19:48	0.4892597695390782	0.4892597695390782	11.28	0.0	3.1312625250501003	3.134198083667335	13.48	-7.06	0.4892597695390782	0.4892597695390782	11.28	0.0	294.0	291.57	586.92	478.08	0	1
