Dev_id	Index	Date	Time	Sensor1	Sensor1_Filter	Sensor1_LL	Sensor1_Diff	Sensor2	Sensor2_Filter	Sensor2_LL	Sensor2_Diff	Sensor3	Sensor3_Filter	Sensor3_LL	Sensor3_Diff	Sensor4	Sensor4_Filter	Sensor4_LL	Sensor4_Diff	Heater_Status	FSM_Status
PROTOTYPE	037367	04/16/18	08:58:40	0.4892597695390782	0.4892597695390782	11.33	-0.07	4.1097820641282565	4.090211673346693	54.54	53.19	0.4892597695390782	0.4892597695390782	11.33	-0.0	290.0	287.49	668.88	-19.51	0	1
PROTOTYPE	037368	04/16/18	08:58:41	0.4892597695390782	0.4892597695390782	11.32	-0.06	4.1097820641282565	4.093147231963928	46.79	45.21	0.4892597695390782	0.4892597695390782	11.32	-0.0	278.0	286.07	800.86	-151.58	0	1
PROTOTYPE	037369	04/16/18	08:58:43	0.4892597695390782	0.4892597695390782	11.3	-0.05	4.1097820641282565	4.096082790581162	40.26	38.43	0.4892597695390782	0.4892597695390782	11.3	-0.0	287.0	286.21	671.17	6.16	0	1
PROTOTYPE	037370	04/16/18	08:58:44	0.4892597695390782	0.4892597695390782	11.29	-0.04	4.1097820641282565	4.098039829659319	34.79	32.66	0.4892597695390782	0.4892597695390782	11.29	-0.0	289.0	286.63	635.89	125.23	0	1
PROTOTYPE	037371	04/16/18	08:58:46	0.4892597695390782	0.4892597695390782	11.3	-0.04	4.1097820641282565	4.099996868737475	30.22	27.76	0.4892597695390782	0.4892597695390782	11.3	-0.0	300.0	288.63	767.1	256.45	0	1
PROTOTYPE	037372	04/16/18	08:58:47	0.4892597695390782	0.4892597695390782	11.28	-0.03	4.1097820641282565	4.100975388276552	26.42	23.6	0.4892597695390782	0.4892597695390782	11.28	-0.0	286.0	288.24	745.57	277.98	0	1
PROTOTYPE	037373	04/16/18	08:58:48	0.4892597695390782	0.4892597695390782	11.27	-0.03	4.1097820641282565	4.101953907815631	23.29	20.06	0.4892597695390782	0.4892597695390782	11.27	-0.0	291.0	288.65	735.16	371.28	0	1
PROTOTYPE	037374	04/16/18	08:58:50	0.4892597695390782	0.4892597695390782	11.27	-0.02	4.1097820641282565	4.103910946893787	20.73	17.05	0.4892597695390782	0.4892597695390782	11.27	-0.0	286.0	288.25	564.04	120.59	0	1
PROTOTYPE	037375	04/16/18	08:58:51	0.4892597695390782	0.4892597695390782	11.27	-0.02	4.1097820641282565	4.104889466432866	18.65	14.49	0.4892597695390782	0.4892597695390782	11.27	-0.0	289.0	288.37	531.01	87.5	0	1
PROTOTYPE	037376	04/16/18	08:58:53	0.4892597695390782	0.4892597695390782	11.28	-0.02	4.207634018036073	4.119567259519038	31.22	27.32	0.4892597695390782	0.4892597695390782	11.28	-0.0	287.0	288.16	409.18	209.38	0	1
PROTOTYPE	037377	04/16/18	08:58:54	0.4892597695390782	0.4892597695390782	11.3	-0.01	4.1097820641282565	4.11858873997996	30.43	23.22	0.4892597695390782	0.4892597695390782	11.3	-0.0	284.0	287.54	457.55	132.97	0	1
PROTOTYPE	037378	04/16/18	08:58:55	0.4892597695390782	0.4892597695390782	11.29	-0.01	4.207634018036073	4.132288013527054	41.6	34.74	0.4892597695390782	0.4892597695390782	11.29	-0.0	292.0	288.21	482.6	158.02	0	1
PROTOTYPE	037379	04/16/18	08:58:57	0.4892597695390782	0.4892597695390782	11.28	-0.01	4.207634018036073	4.143051728456914	50.99	44.53	0.4892597695390782	0.4892597695390782	11.28	-0.0	301.0	290.13	473.89	149.32	0	1
PROTOTYPE	037380	04/16/18	08:58:58	0.4892597695390782	0.4892597695390782	11.27	-0.01	4.207634018036073	4.152836923847695	58.88	52.85	0.4892597695390782	0.4892597695390782	11.27	-0.0	289.0	289.96	451.32	171.92	0	1
PROTOTYPE	037381	04/16/18	08:59:00	0.4892597695390782	0.4892597695390782	11.26	-0.01	4.207634018036073	4.160665080160321	65.46	59.92	0.4892597695390782	0.4892597695390782	11.26	-0.0	288.0	289.66	439.24	101.13	0	1
PROTOTYPE	037382	04/16/18	08:59:01	0.4892597695390782	0.4892597695390782	11.23	-0.01	4.207634018036073	4.168493236472946	70.92	65.93	0.4892597695390782	0.4892597695390782	11.23	-0.0	293.0	290.16	449.51	190.96	0	1
PROTOTYPE	037383	04/16/18	08:59:02	0.4892597695390782	0.4892597695390782	11.2	-0.01	4.207634018036073	4.174364353707415	75.43	71.04	0.4892597695390782	0.4892597695390782	11.2	-0.0	298.0	291.34	555.79	297.32	0	1
PROTOTYPE	037384	04/16/18	08:59:04	0.4892597695390782	0.4892597695390782	11.18	-0.0	4.207634018036073	4.179256951402805	64.9	60.39	0.4892597695390782	0.4892597695390782	11.18	-0.0	291.0	291.29	540.52	312.72	0	1
PROTOTYPE	037385	04/16/18	08:59:05	0.4892597695390782	0.4892597695390782	11.15	-0.0	4.207634018036073	4.1831710295591185	67.39	66.33	0.4892597695390782	0.4892597695390782	11.15	-0.0	283.0	290.04	602.42	250.81	0	1
PROTOTYPE	037386	04/16/18	08:59:07	0.4892597695390782	0.4892597695390782	11.14	-0.0	4.207634018036073	4.187085107715431	57.62	56.38	0.4892597695390782	0.4892597695390782	11.14	-0.0	287.0	289.59	581.16	138.19	0	1
PROTOTYPE	037387	04/16/18	08:59:08	0.4892597695390782	0.4892597695390782	11.17	-0.0	4.207634018036073	4.190020666332665	49.38	47.92	0.4892597695390782	0.4892597695390782	11.17	-0.0	293.0	290.1	440.44	-2.54	0	1
PROTOTYPE	037388	04/16/18	08:59:09	0.4892597695390782	0.4892597695390782	11.19	-0.0	4.207634018036073	4.1929562249499	42.45	40.73	0.4892597695390782	0.4892597695390782	11.19	-0.0	277.0	288.14	620.01	-182.16	0	1
PROTOTYPE	037389	04/16/18	08:59:11	0.4892597695390782	0.4892597695390782	11.22	-0.0	4.207634018036073	4.194913264028056	36.63	34.62	0.4892597695390782	0.4892597695390782	11.22	-0.0	282.0	287.21	682.66	-244.83	0	1
PROTOTYPE	037390	04/16/18	08:59:12	0.4892597695390782	0.4892597695390782	11.22	-0.0	4.207634018036073	4.196870303106213	31.75	29.43	0.4892597695390782	0.4892597695390782	11.22	-0.0	293.0	288.08	719.38	-208.11	0	1
PROTOTYPE	037391	04/16/18	08:59:14	0.4892597695390782	0.4892597695390782	11.23	-0.0	4.207634018036073	4.1988273421843685	27.69	25.02	0.4892597695390782	0.4892597695390782	11.23	-0.0	291.0	288.52	645.61	-281.89	0	1
PROTOTYPE	037392	04/16/18	08:59:15	0.4892597695390782	0.4892597695390782	11.26	-0.0	4.207634018036073	4.199805861723447	24.34	21.26	0.4892597695390782	0.4892597695390782	11.26	-0.0	288.0	288.44	648.27	-284.61	0	1
PROTOTYPE	037393	04/16/18	08:59:16	0.4892597695390782	0.4892597695390782	11.28	-0.0	4.207634018036073	4.200784381262525	21.59	18.07	0.4892597695390782	0.4892597695390782	11.28	-0.0	281.0	287.33	635.58	-271.92	0	1
PROTOTYPE	037394	04/16/18	08:59:18	0.4892597695390782	0.4892597695390782	11.29	-0.0	4.207634018036073	4.2017629008016035	19.35	15.36	0.4892597695390782	0.4892597695390782	11.29	-0.0	287.0	287.28	594.97	-231.13	0	1
PROTOTYPE	037395	04/16/18	08:59:19	0.4892597695390782	0.4892597695390782	11.27	-0.0	4.207634018036073	4.202741420340682	17.52	13.06	0.4892597695390782	0.4892597695390782	11.27	-0.0	275.0	285.44	727.93	-466.46	0	1
PROTOTYPE	037396	04/16/18	08:59:21	0.4892597695390782	0.4892597695390782	11.26	-0.0	4.207634018036073	4.20371993987976	16.07	11.1	0.4892597695390782	0.4892597695390782	11.26	-0.0	289.0	285.97	584.91	-216.49	0	1
PROTOTYPE	037397	04/16/18	08:59:22	0.4892597695390782	0.4892597695390782	11.28	-0.0	4.207634018036073	4.20371993987976	14.94	9.43	0.4892597695390782	0.4892597695390782	11.28	-0.0	291.0	286.72	568.34	-49.02	0	1
PROTOTYPE	037398	04/16/18	08:59:24	0.4892597695390782	0.4892597695390782	11.31	-0.0	4.207634018036073	4.204698459418838	14.07	8.02	0.4892597695390782	0.4892597695390782	11.31	-0.0	276.0	285.12	642.42	-296.66	0	1
PROTOTYPE	037399	04/16/18	08:59:25	0.4892597695390782	0.4892597695390782	11.31	-0.0	4.207634018036073	4.204698459418838	13.37	6.82	0.4892597695390782	0.4892597695390782	11.31	-0.0	291.0	286.0	686.91	-252.17	0	1
PROTOTYPE	037400	04/16/18	08:59:26	0.4892597695390782	0.4892597695390782	11.3	-0.0	4.207634018036073	4.205676978957915	12.84	5.79	0.4892597695390782	0.4892597695390782	11.3	-0.0	282.0	285.4	738.98	-304.34	0	1
PROTOTYPE	037401	04/16/18	08:59:28	0.4892597695390782	0.4892597695390782	11.29	-0.0	4.207634018036073	4.205676978957915	12.42	4.92	0.4892597695390782	0.4892597695390782	11.29	-0.0	295.0	286.84	771.36	-48.69	0	1
PROTOTYPE	037402	04/16/18	08:59:29	0.4892597695390782	0.4892597695390782	11.31	-0.0	4.207634018036073	4.205676978957915	12.14	4.19	0.4892597695390782	0.4892597695390782	11.31	-0.0	291.0	287.46	828.71	18.61	0	1
PROTOTYPE	037403	04/16/18	08:59:31	0.4892597695390782	0.4892597695390782	11.31	-0.0	4.207634018036073	4.206655498496994	11.92	3.56	0.4892597695390782	0.4892597695390782	11.31	-0.0	291.0	287.99	697.62	255.82	0	1
PROTOTYPE	037404	04/16/18	08:59:32	0.4892597695390782	0.4892597695390782	11.32	-0.0	4.207634018036073	4.206655498496994	11.76	3.02	0.4892597695390782	0.4892597695390782	11.32	-0.0	293.0	288.74	719.24	277.45	0	1
PROTOTYPE	037405	04/16/18	08:59:33	0.4892597695390782	0.4892597695390782	11.27	-0.0	4.207634018036073	4.206655498496994	11.59	2.57	0.4892597695390782	0.4892597695390782	11.27	-0.0	288.0	288.63	655.04	190.83	0	1
PROTOTYPE	037406	04/16/18	08:59:35	0.4892597695390782	0.4892597695390782	11.27	-0.0	4.207634018036073	4.206655498496994	11.5	2.19	0.4892597695390782	0.4892597695390782	11.27	-0.0	294.0	289.44	574.68	432.21	0	1
PROTOTYPE	037407	04/16/18	08:59:36	0.4892597695390782	0.4892597695390782	11.29	-0.0	4.207634018036073	4.206655498496994	11.46	1.86	0.4892597695390782	0.4892597695390782	11.29	-0.0	293.0	289.97	539.86	397.38	0	1
PROTOTYPE	037408	04/16/18	08:59:38	0.4892597695390782	0.4892597695390782	11.3	-0.0	4.207634018036073	4.206655498496994	11.42	1.58	0.4892597695390782	0.4892597695390782	11.3	-0.0	288.0	289.68	509.48	427.77	0	1
PROTOTYPE	037409	04/16/18	08:59:39	0.4892597695390782	0.4892597695390782	11.31	-0.0	4.207634018036073	4.206655498496994	11.4	1.34	0.4892597695390782	0.4892597695390782	11.31	-0.0	291.0	289.87	385.36	303.6	0	1
PROTOTYPE	037410	04/16/18	08:59:41	0.4892597695390782	0.4892597695390782	11.29	-0.0	4.207634018036073	4.207634018036073	11.35	1.14	0.4892597695390782	0.4892597695390782	11.29	-0.0	292.0	290.19	354.83	273.06	0	1
PROTOTYPE	037411	04/16/18	08:59:42	0.4892597695390782	0.4892597695390782	11.3	-0.0	4.207634018036073	4.207634018036073	11.35	0.97	0.4892597695390782	0.4892597695390782	11.3	-0.0	292.0	290.46	328.89	247.1	0	1
PROTOTYPE	037412	04/16/18	08:59:43	0.4892597695390782	0.4892597695390782	11.31	-0.0	4.207634018036073	4.207634018036073	11.34	0.82	0.4892597695390782	0.4892597695390782	11.31	-0.0	295.0	291.14	321.83	240.04	0	1
PROTOTYPE	037413	04/16/18	08:59:45	0.4892597695390782	0.4892597695390782	11.33	-0.0	4.207634018036073	4.207634018036073	11.35	0.7	0.4892597695390782	0.4892597695390782	11.33	-0.0	293.0	291.42	338.43	279.03	0	1
PROTOTYPE	037414	04/16/18	08:59:46	0.4892597695390782	0.4892597695390782	11.31	-0.0	4.207634018036073	4.207634018036073	11.33	0.6	0.4892597695390782	0.4892597695390782	11.31	-0.0	291.0	291.36	264.42	192.18	0	1
PROTOTYPE	037415	04/16/18	08:59:48	0.4892597695390782	0.4892597695390782	11.31	-0.0	4.207634018036073	4.207634018036073	11.32	0.51	0.4892597695390782	0.4892597695390782	11.31	-0.0	277.0	289.21	426.37	-76.65	0	1
PROTOTYPE	037416	04/16/18	08:59:49	0.4892597695390782	0.4892597695390782	11.29	-0.0	4.207634018036073	4.207634018036073	11.3	0.43	0.4892597695390782	0.4892597695390782	11.29	-0.0	295.0	290.07	483.67	39.85	0	1
PROTOTYPE	037417	04/16/18	08:59:50	0.4892597695390782	0.4892597695390782	11.31	-0.0	4.207634018036073	4.207634018036073	11.31	0.37	0.4892597695390782	0.4892597695390782	11.31	-0.0	281.0	288.71	599.9	-116.13	0	1
PROTOTYPE	037418	04/16/18	08:59:52	0.4892597695390782	0.4892597695390782	11.32	-0.0	4.207634018036073	4.207634018036073	11.32	0.31	0.4892597695390782	0.4892597695390782	11.32	-0.0	294.0	289.51	647.3	-68.71	0	1
PROTOTYPE	037419	04/16/18	08:59:53	0.4892597695390782	0.4892597695390782	11.31	-0.0	4.207634018036073	4.207634018036073	11.31	0.26	0.4892597695390782	0.4892597695390782	11.31	0.0	274.0	287.18	852.77	-328.4	0	1
PROTOTYPE	037420	04/16/18	08:59:55	0.4892597695390782	0.4892597695390782	11.3	-0.0	4.207634018036073	4.207634018036073	11.3	0.22	0.4892597695390782	0.4892597695390782	11.3	0.0	292.0	287.9	857.03	-324.14	0	1
PROTOTYPE	037421	04/16/18	08:59:56	0.4892597695390782	0.4892597695390782	11.29	-0.0	4.207634018036073	4.207634018036073	11.29	0.19	0.4892597695390782	0.4892597695390782	11.29	0.0	281.0	286.87	932.74	-455.52	0	1
PROTOTYPE	037422	04/16/18	08:59:57	0.4892597695390782	0.4892597695390782	11.31	-0.0	4.207634018036073	4.207634018036073	11.31	0.16	0.4892597695390782	0.4892597695390782	11.31	0.0	286.0	286.74	939.33	-462.19	0	1
PROTOTYPE	037423	04/16/18	08:59:59	0.4892597695390782	0.4892597695390782	11.29	-0.0	4.207634018036073	4.207634018036073	11.29	0.14	0.4892597695390782	0.4892597695390782	11.29	0.0	286.0	286.63	735.09	-257.86	0	1
PROTOTYPE	037424	04/16/18	09:00:00	0.4892597695390782	0.4892597695390782	11.3	-0.0	4.305485971943888	4.222311811122244	24.96	15.12	0.4892597695390782	0.4892597695390782	11.3	0.0	287.0	286.68	653.93	-339.18	0	1
PROTOTYPE	037425	04/16/18	09:00:02	0.4892597695390782	0.4892597695390782	11.29	-0.0	4.207634018036073	4.220354772044089	26.19	12.85	0.4892597695390782	0.4892597695390782	11.29	0.0	297.0	288.23	672.56	-48.31	0	1
PROTOTYPE	037426	04/16/18	09:00:03	0.4892597695390782	0.4892597695390782	11.28	-0.0	4.207634018036073	4.218397732965931	27.14	10.92	0.4892597695390782	0.4892597695390782	11.28	0.0	274.0	286.1	806.72	-341.06	0	1
PROTOTYPE	037427	04/16/18	09:00:05	0.4892597695390782	0.4892597695390782	11.29	-0.0	4.207634018036073	4.216440693887776	27.89	9.28	0.4892597695390782	0.4892597695390782	11.29	0.0	278.0	284.88	695.56	-229.9	0	1
PROTOTYPE	037428	04/16/18	09:00:06	0.4892597695390782	0.4892597695390782	11.28	-0.0	4.207634018036073	4.215462174348697	28.44	7.89	0.4892597695390782	0.4892597695390782	11.28	0.0	289.0	285.5	685.05	-240.42	0	1
PROTOTYPE	037429	04/16/18	09:00:07	0.4892597695390782	0.4892597695390782	11.27	-0.0	4.207634018036073	4.214483654809619	28.86	6.71	0.4892597695390782	0.4892597695390782	11.27	0.0	272.0	283.47	783.98	-339.35	0	1
PROTOTYPE	037430	04/16/18	09:00:09	0.4892597695390782	0.4892597695390782	11.24	-0.0	4.207634018036073	4.213505135270542	29.15	5.7	0.4892597695390782	0.4892597695390782	11.24	0.0	296.0	285.35	958.77	-138.45	0	1
PROTOTYPE	037431	04/16/18	09:00:10	0.4892597695390782	0.4892597695390782	11.25	-0.0	4.207634018036073	4.212526615731463	29.39	4.85	0.4892597695390782	0.4892597695390782	11.25	0.0	290.0	286.05	1017.33	-57.68	0	1
PROTOTYPE	037432	04/16/18	09:00:12	0.4892597695390782	0.4892597695390782	11.24	-0.0	4.207634018036073	4.211548096192384	15.89	-10.88	0.4892597695390782	0.4892597695390782	11.24	0.0	275.0	284.39	1177.32	-229.03	0	1
PROTOTYPE	037433	04/16/18	09:00:13	0.4892597695390782	0.4892597695390782	11.23	-0.0	4.305485971943888	4.2252473697394795	27.69	5.75	0.4892597695390782	0.4892597695390782	11.23	0.0	284.0	284.33	1028.62	-389.68	0	1
PROTOTYPE	037434	04/16/18	09:00:14	0.4892597695390782	0.4892597695390782	11.25	-0.0	4.207634018036073	4.223290330661322	28.44	4.89	0.4892597695390782	0.4892597695390782	11.25	0.0	288.0	284.88	870.17	-121.22	0	1
PROTOTYPE	037435	04/16/18	09:00:16	0.4892597695390782	0.4892597695390782	11.23	-0.0	4.207634018036073	4.220354772044089	29.02	4.16	0.4892597695390782	0.4892597695390782	11.23	0.0	273.0	283.1	926.98	-178.04	0	1
PROTOTYPE	037436	04/16/18	09:00:17	0.4892597695390782	0.4892597695390782	11.24	-0.0	4.207634018036073	4.218397732965931	29.51	3.53	0.4892597695390782	0.4892597695390782	11.24	0.0	277.0	282.19	956.72	-331.33	0	1
PROTOTYPE	037437	04/16/18	09:00:19	0.4892597695390782	0.4892597695390782	11.28	-0.0	4.207634018036073	4.2174192134268536	29.91	3.0	0.4892597695390782	0.4892597695390782	11.28	0.0	283.0	282.31	766.52	-116.63	0	1
PROTOTYPE	037438	04/16/18	09:00:20	0.4892597695390782	0.4892597695390782	11.3	-0.0	4.305485971943888	4.230139967434869	41.83	17.55	0.4892597695390782	0.4892597695390782	11.3	0.0	294.0	284.06	754.01	-129.14	0	1
PROTOTYPE	037439	04/16/18	09:00:21	0.4892597695390782	0.4892597695390782	11.3	-0.0	4.305485971943888	4.241882201903808	51.79	29.92	0.4892597695390782	0.4892597695390782	11.3	0.0	298.0	286.15	893.37	10.23	0	1
PROTOTYPE	037440	04/16/18	09:00:23	0.4892597695390782	0.4892597695390782	11.31	-0.0	4.305485971943888	4.2516673972945895	60.11	40.43	0.4892597695390782	0.4892597695390782	11.31	0.0	296.0	287.63	875.33	323.7	0	1
PROTOTYPE	037441	04/16/18	09:00:24	0.4892597695390782	0.4892597695390782	11.31	-0.0	4.305485971943888	4.2594955536072145	54.1	34.37	0.4892597695390782	0.4892597695390782	11.31	0.0	291.0	288.14	919.85	380.14	0	1
PROTOTYPE	037442	04/16/18	09:00:26	0.4892597695390782	0.4892597695390782	11.29	-0.0	4.305485971943888	4.266345190380761	58.2	44.21	0.4892597695390782	0.4892597695390782	11.29	0.0	296.0	289.31	982.82	443.12	0	1
PROTOTYPE	037443	04/16/18	09:00:27	0.4892597695390782	0.4892597695390782	11.3	-0.0	4.305485971943888	4.2722163076152295	61.63	52.58	0.4892597695390782	0.4892597695390782	11.3	0.0	280.0	287.92	944.28	481.65	0	1
PROTOTYPE	037444	04/16/18	09:00:28	0.4892597695390782	0.4892597695390782	11.3	-0.0	4.305485971943888	4.277108905310621	64.49	59.69	0.4892597695390782	0.4892597695390782	11.3	0.0	284.0	287.33	911.54	514.4	0	1
PROTOTYPE	037445	04/16/18	09:00:30	0.4892597695390782	0.4892597695390782	11.27	-0.0	4.305485971943888	4.281022983466934	66.83	65.74	0.4892597695390782	0.4892597695390782	11.27	0.0	274.0	285.33	1099.2	302.24	0	1
PROTOTYPE	037446	04/16/18	09:00:31	0.4892597695390782	0.4892597695390782	11.28	-0.0	4.305485971943888	4.284937061623246	57.16	55.88	0.4892597695390782	0.4892597695390782	11.28	0.0	281.0	284.68	988.79	61.91	0	1
PROTOTYPE	037447	04/16/18	09:00:33	0.4892597695390782	0.4892597695390782	11.29	-0.0	4.305485971943888	4.287872620240481	49.0	47.5	0.4892597695390782	0.4892597695390782	11.29	0.0	285.0	284.73	784.71	-142.38	0	1
PROTOTYPE	037448	04/16/18	09:00:34	0.4892597695390782	0.4892597695390782	11.29	-0.0	4.305485971943888	4.2908081788577155	42.12	40.37	0.4892597695390782	0.4892597695390782	11.29	0.0	294.0	286.12	776.06	-151.02	0	1
PROTOTYPE	037449	04/16/18	09:00:36	0.4892597695390782	0.4892597695390782	11.33	-0.0	4.305485971943888	4.292765217935871	36.37	34.32	0.4892597695390782	0.4892597695390782	11.33	0.0	282.0	285.5	787.3	-263.37	0	1
PROTOTYPE	037450	04/16/18	09:00:37	0.4892597695390782	0.4892597695390782	11.33	-0.0	4.305485971943888	4.294722257014028	31.54	29.17	0.4892597695390782	0.4892597695390782	11.33	0.0	288.0	285.88	706.82	-343.86	0	1
PROTOTYPE	037451	04/16/18	09:00:38	0.4892597695390782	0.4892597695390782	11.31	-0.0	4.305485971943888	4.296679296092185	27.52	24.79	0.4892597695390782	0.4892597695390782	11.31	0.0	271.0	283.64	790.24	-427.28	0	1
PROTOTYPE	037452	04/16/18	09:00:40	0.4892597695390782	0.4892597695390782	11.29	-0.0	4.305485971943888	4.297657815631263	24.18	21.07	0.4892597695390782	0.4892597695390782	11.29	0.0	280.0	283.1	786.15	-423.19	0	1
PROTOTYPE	037453	04/16/18	09:00:41	0.4892597695390782	0.4892597695390782	11.29	-0.0	4.305485971943888	4.2986363351703405	21.45	17.91	0.4892597695390782	0.4892597695390782	11.29	0.0	288.0	283.83	659.73	-149.71	0	1
PROTOTYPE	037454	04/16/18	09:00:43	0.4892597695390782	0.4892597695390782	11.26	-0.0	4.305485971943888	4.299614854709419	19.21	15.23	0.4892597695390782	0.4892597695390782	11.26	0.0	288.0	284.46	657.27	-22.26	0	1
PROTOTYPE	037455	04/16/18	09:00:44	0.4892597695390782	0.4892597695390782	11.23	-0.0	4.305485971943888	4.300593374248497	17.4	12.94	0.4892597695390782	0.4892597695390782	11.23	0.0	286.0	284.69	675.45	-3.92	0	1
PROTOTYPE	037456	04/16/18	09:00:45	0.4892597695390782	0.4892597695390782	11.21	-0.0	4.305485971943888	4.301571893787575	15.95	11.0	0.4892597695390782	0.4892597695390782	11.21	0.0	297.0	286.54	721.03	41.67	0	1
PROTOTYPE	037457	04/16/18	09:00:47	0.4892597695390782	0.4892597695390782	11.18	-0.0	4.305485971943888	4.301571893787575	14.8	9.35	0.4892597695390782	0.4892597695390782	11.18	0.0	292.0	287.36	741.19	185.42	0	1
PROTOTYPE	037458	04/16/18	09:00:48	0.4892597695390782	0.4892597695390782	11.17	-0.0	4.305485971943888	4.302550413326654	13.91	7.95	0.4892597695390782	0.4892597695390782	11.17	0.0	289.0	287.6	728.39	172.61	0	1
PROTOTYPE	037459	04/16/18	09:00:50	0.4892597695390782	0.4892597695390782	11.17	-0.0	4.305485971943888	4.302550413326654	13.22	6.76	0.4892597695390782	0.4892597695390782	11.17	0.0	297.0	289.01	646.21	536.72	0	1
PROTOTYPE	037460	04/16/18	09:00:51	0.4892597695390782	0.4892597695390782	11.2	-0.0	4.305485971943888	4.303528932865731	12.72	5.74	0.4892597695390782	0.4892597695390782	11.2	0.0	294.0	289.76	666.36	666.21	0	1
PROTOTYPE	037461	04/16/18	09:00:52	0.4892597695390782	0.4892597695390782	11.22	-0.0	4.305485971943888	4.303528932865731	12.34	4.88	0.4892597695390782	0.4892597695390782	11.22	0.0	293.0	290.25	641.43	641.28	0	1
PROTOTYPE	037462	04/16/18	09:00:54	0.4892597695390782	0.4892597695390782	11.25	-0.0	4.305485971943888	4.303528932865731	12.08	4.15	0.4892597695390782	0.4892597695390782	11.25	0.0	288.0	289.91	612.64	545.09	0	1
PROTOTYPE	037463	04/16/18	09:00:55	0.4892597695390782	0.4892597695390782	11.28	-0.0	4.305485971943888	4.30450745240481	11.88	3.53	0.4892597695390782	0.4892597695390782	11.28	0.0	291.0	290.07	605.9	538.32	0	1
PROTOTYPE	037464	04/16/18	09:00:57	0.4892597695390782	0.4892597695390782	11.3	-0.0	4.305485971943888	4.30450745240481	11.74	3.0	0.4892597695390782	0.4892597695390782	11.3	0.0	293.0	290.51	465.17	397.57	0	1
PROTOTYPE	037465	04/16/18	09:00:58	0.4892597695390782	0.4892597695390782	11.29	-0.0	4.305485971943888	4.30450745240481	11.61	2.55	0.4892597695390782	0.4892597695390782	11.29	0.0	280.0	288.94	540.88	157.94	0	1
PROTOTYPE	037466	04/16/18	09:00:59	0.4892597695390782	0.4892597695390782	11.31	-0.0	4.305485971943888	4.30450745240481	11.54	2.17	0.4892597695390782	0.4892597695390782	11.31	0.0	285.0	288.34	575.23	74.25	0	1
PROTOTYPE	037467	04/16/18	09:01:01	0.4892597695390782	0.4892597695390782	11.35	-0.0	4.305485971943888	4.30450745240481	11.52	1.84	0.4892597695390782	0.4892597695390782	11.35	0.0	296.0	289.49	549.09	48.11	0	1
PROTOTYPE	037468	04/16/18	09:01:02	0.4892597695390782	0.4892597695390782	11.34	-0.0	4.305485971943888	4.30450745240481	11.46	1.56	0.4892597695390782	0.4892597695390782	11.34	0.0	285.0	288.82	541.67	-94.11	0	1
PROTOTYPE	037469	04/16/18	09:01:04	0.4892597695390782	0.4892597695390782	11.34	-0.0	4.305485971943888	4.305485971943888	11.43	1.33	0.4892597695390782	0.4892597695390782	11.34	0.0	294.0	289.6	570.78	-64.99	0	1
PROTOTYPE	037470	04/16/18	09:01:05	0.4892597695390782	0.4892597695390782	11.32	-0.0	4.305485971943888	4.305485971943888	11.38	1.13	0.4892597695390782	0.4892597695390782	11.32	0.0	291.0	289.81	558.16	-10.24	0	1
PROTOTYPE	037471	04/16/18	09:01:07	0.4892597695390782	0.4892597695390782	11.3	-0.0	4.305485971943888	4.305485971943888	11.34	0.96	0.4892597695390782	0.4892597695390782	11.3	0.0	285.0	289.09	613.85	-98.71	0	1
PROTOTYPE	037472	04/16/18	09:01:08	0.4892597695390782	0.4892597695390782	11.3	-0.0	4.305485971943888	4.305485971943888	11.33	0.82	0.4892597695390782	0.4892597695390782	11.3	0.0	295.0	289.97	658.65	-53.9	0	1
PROTOTYPE	037473	04/16/18	09:01:09	0.4892597695390782	0.4892597695390782	11.3	-0.0	4.305485971943888	4.305485971943888	11.32	0.69	0.4892597695390782	0.4892597695390782	11.3	0.0	288.0	289.68	530.59	74.19	0	1
PROTOTYPE	037474	04/16/18	09:01:11	0.4892597695390782	0.4892597695390782	11.3	-0.0	4.305485971943888	4.305485971943888	11.32	0.59	0.4892597695390782	0.4892597695390782	11.3	0.0	296.0	290.63	566.4	228.06	0	1
PROTOTYPE	037475	04/16/18	09:01:12	0.4892597695390782	0.4892597695390782	11.26	-0.0	4.305485971943888	4.305485971943888	11.27	0.5	0.4892597695390782	0.4892597695390782	11.26	0.0	282.0	289.33	580.95	-16.15	0	1
PROTOTYPE	037476	04/16/18	09:01:14	0.4892597695390782	0.4892597695390782	11.26	-0.0	4.305485971943888	4.305485971943888	11.27	0.43	0.4892597695390782	0.4892597695390782	11.26	0.0	285.0	288.68	578.53	-13.73	0	1
PROTOTYPE	037477	04/16/18	09:01:15	0.4892597695390782	0.4892597695390782	11.26	-0.0	4.305485971943888	4.305485971943888	11.26	0.36	0.4892597695390782	0.4892597695390782	11.26	0.0	291.0	289.03	535.61	-56.67	0	1
PROTOTYPE	037478	04/16/18	09:01:16	0.4892597695390782	0.4892597695390782	11.26	-0.0	4.305485971943888	4.305485971943888	11.26	0.31	0.4892597695390782	0.4892597695390782	11.26	0.0	277.0	287.23	694.95	-258.17	0	1
PROTOTYPE	037479	04/16/18	09:01:18	0.4892597695390782	0.4892597695390782	11.28	-0.0	4.207634018036073	4.2908081788577155	24.91	-14.74	0.4892597695390782	0.4892597695390782	11.28	0.0	272.0	284.94	851.22	-414.44	0	1
PROTOTYPE	037480	04/16/18	09:01:19	0.4892597695390782	0.4892597695390782	11.26	-0.0	4.305485971943888	4.292765217935871	26.16	-12.53	0.4892597695390782	0.4892597695390782	11.26	0.0	277.0	283.75	881.62	-622.28	0	1
PROTOTYPE	037481	04/16/18	09:01:21	0.4892597695390782	0.4892597695390782	11.26	-0.0	4.305485971943888	4.294722257014028	27.13	-10.65	0.4892597695390782	0.4892597695390782	11.26	0.0	287.0	284.24	900.76	-543.94	0	1
PROTOTYPE	037482	04/16/18	09:01:22	0.4892597695390782	0.4892597695390782	11.26	-0.0	4.305485971943888	4.296679296092185	27.88	-9.05	0.4892597695390782	0.4892597695390782	11.26	0.0	288.0	284.8	862.36	-582.35	0	1
PROTOTYPE	037483	04/16/18	09:01:23	0.4892597695390782	0.4892597695390782	11.27	-0.0	4.305485971943888	4.297657815631263	28.46	-7.69	0.4892597695390782	0.4892597695390782	11.27	0.0	287.0	285.13	765.97	-419.99	0	1
PROTOTYPE	037484	04/16/18	09:01:25	0.4892597695390782	0.4892597695390782	11.26	-0.0	4.207634018036073	4.283958542084168	40.94	-21.54	0.4892597695390782	0.4892597695390782	11.26	0.0	292.0	286.16	804.02	-251.99	0	1
PROTOTYPE	037485	04/16/18	09:01:26	0.4892597695390782	0.4892597695390782	11.24	-0.0	4.305485971943888	4.287872620240481	43.06	-18.31	0.4892597695390782	0.4892597695390782	11.24	0.0	286.0	286.14	772.02	-289.2	0	1
PROTOTYPE	037486	04/16/18	09:01:28	0.4892597695390782	0.4892597695390782	11.26	-0.0	4.305485971943888	4.289829659318637	44.77	-15.56	0.4892597695390782	0.4892597695390782	11.26	0.0	295.0	287.47	724.51	24.18	0	1
PROTOTYPE	037487	04/16/18	09:01:29	0.4892597695390782	0.4892597695390782	11.3	-0.0	4.305485971943888	4.292765217935871	32.49	1.77	0.4892597695390782	0.4892597695390782	11.3	0.0	290.0	287.85	534.15	290.56	0	1
PROTOTYPE	037488	04/16/18	09:01:31	0.4892597695390782	0.4892597695390782	11.31	-0.0	4.207634018036073	4.280044463927856	42.91	-13.49	0.4892597695390782	0.4892597695390782	11.31	0.0	286.0	287.57	442.76	381.97	0	1
PROTOTYPE	037489	04/16/18	09:01:32	0.4892597695390782	0.4892597695390782	11.3	-0.0	4.305485971943888	4.283958542084168	44.71	-11.47	0.4892597695390782	0.4892597695390782	11.3	0.0	292.0	288.23	460.46	399.68	0	1
PROTOTYPE	037490	04/16/18	09:01:33	0.4892597695390782	0.4892597695390782	11.3	-0.0	4.207634018036073	4.2722163076152295	54.28	-24.75	0.4892597695390782	0.4892597695390782	11.3	0.0	277.0	286.55	572.53	174.73	0	1
PROTOTYPE	037491	04/16/18	09:01:35	0.4892597695390782	0.4892597695390782	11.32	-0.0	4.305485971943888	4.277108905310621	57.6	-21.04	0.4892597695390782	0.4892597695390782	11.32	0.0	272.0	284.37	757.78	-76.48	0	1
PROTOTYPE	037492	04/16/18	09:01:36	0.4892597695390782	0.4892597695390782	11.34	-0.0	4.305485971943888	4.281022983466934	48.28	-2.88	0.4892597695390782	0.4892597695390782	11.34	0.0	287.0	284.76	694.26	-140.01	0	1
PROTOTYPE	037493	04/16/18	09:01:38	0.4892597695390782	0.4892597695390782	11.34	-0.0	4.207634018036073	4.270259268537075	56.14	-17.45	0.4892597695390782	0.4892597695390782	11.34	0.0	286.0	284.95	710.08	-119.01	0	1
PROTOTYPE	037494	04/16/18	09:01:39	0.4892597695390782	0.4892597695390782	11.32	-0.0	4.207634018036073	4.260474073146293	62.74	-29.83	0.4892597695390782	0.4892597695390782	11.32	0.0	288.0	285.41	622.95	-206.16	0	1
PROTOTYPE	037495	04/16/18	09:01:40	0.4892597695390782	0.4892597695390782	11.26	-0.0	4.305485971943888	4.26732370991984	66.94	-25.36	0.4892597695390782	0.4892597695390782	11.26	0.0	288.0	285.79	623.87	-205.23	0	1
PROTOTYPE	037496	04/16/18	09:01:42	0.4892597695390782	0.4892597695390782	11.27	-0.0	4.207634018036073	4.258517034068137	63.17	-21.55	0.4892597695390782	0.4892597695390782	11.27	0.0	284.0	285.53	623.09	-204.45	0	1
PROTOTYPE	037497	04/16/18	09:01:43	0.4892597695390782	0.4892597695390782	11.28	-0.0	4.305485971943888	4.265366670841684	66.3	-18.32	0.4892597695390782	0.4892597695390782	11.28	0.0	289.0	286.05	608.76	-218.78	0	1
PROTOTYPE	037498	04/16/18	09:01:45	0.4892597695390782	0.4892597695390782	11.27	-0.0	4.207634018036073	4.2565599949899795	63.58	-15.57	0.4892597695390782	0.4892597695390782	11.27	0.0	284.0	285.74	470.97	-80.96	0	1
PROTOTYPE	037499	04/16/18	09:01:46	0.4892597695390782	0.4892597695390782	11.26	-0.0	4.305485971943888	4.264388151302605	65.85	-13.24	0.4892597695390782	0.4892597695390782	11.26	0.0	290.0	286.38	316.65	201.18	0	1
PROTOTYPE	037500	04/16/18	09:01:47	0.4892597695390782	0.4892597695390782	11.24	-0.0	4.305485971943888	4.270259268537075	67.76	-11.25	0.4892597695390782	0.4892597695390782	11.24	0.0	282.0	285.72	342.82	96.0	0	1
PROTOTYPE	037501	04/16/18	09:01:49	0.4892597695390782	0.4892597695390782	11.25	-0.0	4.305485971943888	4.276130385771544	61.92	5.44	0.4892597695390782	0.4892597695390782	11.25	0.0	295.0	287.11	463.37	216.6	0	1
PROTOTYPE	037502	04/16/18	09:01:50	0.4892597695390782	0.4892597695390782	11.27	-0.0	4.305485971943888	4.280044463927856	56.99	19.62	0.4892597695390782	0.4892597695390782	11.27	0.0	283.0	286.5	479.28	109.11	0	1
PROTOTYPE	037503	04/16/18	09:01:52	0.4892597695390782	0.4892597695390782	11.27	-0.0	4.305485971943888	4.283958542084168	54.15	16.68	0.4892597695390782	0.4892597695390782	11.27	0.0	295.0	287.77	567.9	197.75	0	1
PROTOTYPE	037504	04/16/18	09:01:53	0.4892597695390782	0.4892597695390782	11.27	-0.0	4.305485971943888	4.286894100701403	48.43	29.18	0.4892597695390782	0.4892597695390782	11.27	0.0	295.0	288.86	649.37	333.08	0	1
PROTOTYPE	037505	04/16/18	09:01:54	0.4892597695390782	0.4892597695390782	11.26	-0.0	4.305485971943888	4.289829659318637	44.25	24.8	0.4892597695390782	0.4892597695390782	11.26	0.0	275.0	286.78	805.08	73.12	0	1
PROTOTYPE	037506	04/16/18	09:01:56	0.4892597695390782	0.4892597695390782	11.27	-0.0	4.305485971943888	4.291786698396794	38.01	36.08	0.4892597695390782	0.4892597695390782	11.27	0.0	277.0	285.31	921.03	-42.85	0	1
PROTOTYPE	037507	04/16/18	09:01:57	0.4892597695390782	0.4892597695390782	11.28	-0.0	4.305485971943888	4.294722257014028	32.92	30.67	0.4892597695390782	0.4892597695390782	11.28	0.0	288.0	285.71	897.46	-66.42	0	1
PROTOTYPE	037508	04/16/18	09:01:59	0.4892597695390782	0.4892597695390782	11.28	-0.0	4.305485971943888	4.2957007765531054	28.66	26.07	0.4892597695390782	0.4892597695390782	11.28	0.0	284.0	285.46	857.52	-26.46	0	1
PROTOTYPE	037509	04/16/18	09:02:00	0.4892597695390782	0.4892597695390782	11.27	-0.0	4.305485971943888	4.297657815631263	25.13	22.16	0.4892597695390782	0.4892597695390782	11.27	0.0	287.0	285.69	741.53	-142.49	0	1
PROTOTYPE	037510	04/16/18	09:02:02	0.4892597695390782	0.4892597695390782	11.29	-0.0	4.305485971943888	4.2986363351703405	22.25	18.83	0.4892597695390782	0.4892597695390782	11.29	0.0	297.0	287.39	849.48	88.88	0	1
PROTOTYPE	037511	04/16/18	09:02:03	0.4892597695390782	0.4892597695390782	11.29	-0.0	4.305485971943888	4.299614854709419	19.88	16.01	0.4892597695390782	0.4892597695390782	11.29	0.0	292.0	288.08	791.16	30.55	0	1
PROTOTYPE	037512	04/16/18	09:02:04	0.4892597695390782	0.4892597695390782	11.3	-0.0	4.305485971943888	4.300593374248497	17.97	13.61	0.4892597695390782	0.4892597695390782	11.3	0.0	288.0	288.07	684.56	-79.03	0	1
PROTOTYPE	037513	04/16/18	09:02:06	0.4892597695390782	0.4892597695390782	11.31	-0.0	4.305485971943888	4.301571893787575	16.44	11.57	0.4892597695390782	0.4892597695390782	11.31	0.0	286.0	287.76	507.74	97.82	0	1
PROTOTYPE	037514	04/16/18	09:02:07	0.4892597695390782	0.4892597695390782	11.33	-0.0	4.305485971943888	4.301571893787575	15.24	9.83	0.4892597695390782	0.4892597695390782	11.33	0.0	285.0	287.34	402.43	203.15	0	1
PROTOTYPE	037515	04/16/18	09:02:09	0.4892597695390782	0.4892597695390782	11.33	-0.0	4.305485971943888	4.302550413326654	14.29	8.36	0.4892597695390782	0.4892597695390782	11.33	0.0	279.0	286.09	487.22	37.68	0	1
PROTOTYPE	037516	04/16/18	09:02:10	0.4892597695390782	0.4892597695390782	11.34	-0.0	4.305485971943888	4.302550413326654	13.56	7.1	0.4892597695390782	0.4892597695390782	11.34	0.0	285.0	285.93	477.89	47.03	0	1
PROTOTYPE	037517	04/16/18	09:02:11	0.4892597695390782	0.4892597695390782	11.36	-0.0	4.305485971943888	4.303528932865731	13.01	6.04	0.4892597695390782	0.4892597695390782	11.36	0.0	284.0	285.64	483.66	-5.03	0	1
PROTOTYPE	037518	04/16/18	09:02:13	0.4892597695390782	0.4892597695390782	11.34	-0.0	4.305485971943888	4.303528932865731	12.56	5.13	0.4892597695390782	0.4892597695390782	11.34	0.0	290.0	286.29	379.42	-109.27	0	1
PROTOTYPE	037519	04/16/18	09:02:14	0.4892597695390782	0.4892597695390782	11.34	-0.0	4.305485971943888	4.303528932865731	12.24	4.36	0.4892597695390782	0.4892597695390782	11.34	0.0	290.0	286.85	365.82	-122.88	0	1
PROTOTYPE	037520	04/16/18	09:02:16	0.4892597695390782	0.4892597695390782	11.33	-0.0	4.305485971943888	4.30450745240481	11.99	3.71	0.4892597695390782	0.4892597695390782	11.33	0.0	292.0	287.62	441.26	-44.45	0	1
PROTOTYPE	037521	04/16/18	09:02:17	0.4892597695390782	0.4892597695390782	11.32	-0.0	4.305485971943888	4.30450745240481	11.8	3.15	0.4892597695390782	0.4892597695390782	11.32	0.0	278.0	286.18	554.57	-157.78	0	1
PROTOTYPE	037522	04/16/18	09:02:19	0.4892597695390782	0.4892597695390782	11.32	-0.0	4.305485971943888	4.30450745240481	11.67	2.68	0.4892597695390782	0.4892597695390782	11.32	0.0	284.0	285.85	545.91	-149.12	0	1
PROTOTYPE	037523	04/16/18	09:02:20	0.4892597695390782	0.4892597695390782	11.3	-0.0	4.305485971943888	4.30450745240481	11.55	2.28	0.4892597695390782	0.4892597695390782	11.3	0.0	277.0	284.52	553.54	-156.75	0	1
PROTOTYPE	037524	04/16/18	09:02:21	0.4892597695390782	0.4892597695390782	11.29	-0.0	4.305485971943888	4.30450745240481	11.47	1.94	0.4892597695390782	0.4892597695390782	11.29	0.0	293.0	285.8	664.26	-13.24	0	1
PROTOTYPE	037525	04/16/18	09:02:23	0.4892597695390782	0.4892597695390782	11.26	-0.0	4.305485971943888	4.30450745240481	11.39	1.65	0.4892597695390782	0.4892597695390782	11.26	0.0	292.0	286.73	728.39	108.75	0	1
PROTOTYPE	037526	04/16/18	09:02:24	0.4892597695390782	0.4892597695390782	11.26	-0.0	4.305485971943888	4.30450745240481	11.36	1.4	0.4892597695390782	0.4892597695390782	11.26	0.0	286.0	286.62	673.94	32.44	0	1
PROTOTYPE	037527	04/16/18	09:02:26	0.4892597695390782	0.4892597695390782	11.28	-0.0	4.305485971943888	4.305485971943888	11.35	1.19	0.4892597695390782	0.4892597695390782	11.28	0.0	287.0	286.67	624.23	-17.43	0	1
PROTOTYPE	037528	04/16/18	09:02:27	0.4892597695390782	0.4892597695390782	11.26	-0.0	4.305485971943888	4.305485971943888	11.31	1.01	0.4892597695390782	0.4892597695390782	11.26	0.0	297.0	288.22	701.83	60.19	0	1
PROTOTYPE	037529	04/16/18	09:02:28	0.4892597695390782	0.4892597695390782	11.27	-0.0	4.305485971943888	4.305485971943888	11.3	0.86	0.4892597695390782	0.4892597695390782	11.27	0.0	285.0	287.74	605.88	156.16	0	1
PROTOTYPE	037530	04/16/18	09:02:30	0.4892597695390782	0.4892597695390782	11.23	0.0	4.305485971943888	4.305485971943888	11.25	0.73	0.39140781563126253	0.4745819764529058	24.9	-15.0	280.0	286.58	689.28	72.73	0	1
PROTOTYPE	037531	04/16/18	09:02:31	0.4892597695390782	0.4892597695390782	11.24	0.0	4.207634018036073	4.2908081788577155	24.87	-14.38	0.4892597695390782	0.4765390155310621	26.16	-12.75	292.0	287.39	637.83	286.82	0	1
PROTOTYPE	037532	04/16/18	09:02:33	0.4892597695390782	0.4892597695390782	11.25	0.0	4.305485971943888	4.292765217935871	26.15	-12.22	0.4892597695390782	0.47849605460921835	27.13	-10.84	270.0	284.78	771.56	-101.2	0	1
PROTOTYPE	037533	04/16/18	09:02:34	0.4892597695390782	0.4892597695390782	11.26	0.0	4.305485971943888	4.294722257014028	27.15	-10.39	0.4892597695390782	0.48045309368737477	27.89	-9.21	283.0	284.52	705.26	-221.02	0	1
PROTOTYPE	037534	04/16/18	09:02:35	0.4892597695390782	0.4892597695390782	11.24	0.0	4.305485971943888	4.296679296092185	27.89	-8.83	0.4892597695390782	0.48143161322645295	28.43	-7.83	275.0	283.09	837.02	-352.87	0	1
PROTOTYPE	037535	04/16/18	09:02:37	0.4892597695390782	0.4892597695390782	11.25	0.0	4.207634018036073	4.2829800225450905	40.14	-22.51	0.4892597695390782	0.482410132765531	28.86	-6.66	290.0	284.13	934.79	-254.94	0	1
PROTOTYPE	037536	04/16/18	09:02:38	0.4892597695390782	0.4892597695390782	11.28	0.0	4.207634018036073	4.271237788076152	50.39	-34.13	0.4892597695390782	0.48338865230460926	29.21	-5.66	292.0	285.31	898.03	-291.7	0	1
PROTOTYPE	037537	04/16/18	09:02:40	0.4892597695390782	0.4892597695390782	11.3	0.0	4.305485971943888	4.277108905310621	54.35	-29.01	0.4892597695390782	0.48436717184368744	29.46	-4.81	284.0	285.11	869.31	-262.94	0	1
PROTOTYPE	037538	04/16/18	09:02:41	0.4892597695390782	0.4892597695390782	11.32	0.0	4.305485971943888	4.281022983466934	57.58	-24.66	0.4892597695390782	0.4853456913827655	15.98	10.91	284.0	284.94	769.92	-163.5	0	1
PROTOTYPE	037539	04/16/18	09:02:43	0.4892597695390782	0.4892597695390782	11.31	0.0	4.305485971943888	4.284937061623246	46.55	-5.96	0.4892597695390782	0.4863242109218437	14.86	9.28	292.0	286.0	794.44	-138.98	0	1
PROTOTYPE	037540	04/16/18	09:02:44	0.4892597695390782	0.4892597695390782	11.3	0.0	4.305485971943888	4.287872620240481	47.33	-5.07	0.4892597695390782	0.4863242109218437	13.97	7.88	289.0	286.45	578.55	166.87	0	1
PROTOTYPE	037541	04/16/18	09:02:45	0.4892597695390782	0.4892597695390782	11.33	0.0	4.207634018036073	4.276130385771544	57.32	-19.31	0.4892597695390782	0.4863242109218437	13.33	6.7	282.0	285.78	618.56	126.84	0	1
PROTOTYPE	037542	04/16/18	09:02:47	0.4892597695390782	0.4892597695390782	11.36	0.0	4.207634018036073	4.265366670841684	65.71	-31.41	0.4892597695390782	0.48730273046092193	12.84	5.7	268.0	283.12	742.58	2.81	0	1
PROTOTYPE	037543	04/16/18	09:02:48	0.4892597695390782	0.4892597695390782	11.34	0.0	4.207634018036073	4.2565599949899795	61.03	-26.7	0.4892597695390782	0.48730273046092193	12.43	4.84	286.0	283.55	682.17	-57.61	0	1
PROTOTYPE	037544	04/16/18	09:02:50	0.4892597695390782	0.4892597695390782	11.34	0.0	4.305485971943888	4.264388151302605	56.97	-7.69	0.4892597695390782	0.48730273046092193	12.14	4.12	285.0	283.77	585.85	-153.97	0	1
PROTOTYPE	037545	04/16/18	09:02:51	0.4892597695390782	0.4892597695390782	11.36	0.0	4.207634018036073	4.255581475450902	60.39	-21.54	0.4892597695390782	0.48828125	11.95	3.5	296.0	285.6	749.71	49.13	0	1
PROTOTYPE	037546	04/16/18	09:02:53	0.4892597695390782	0.4892597695390782	11.38	0.0	4.207634018036073	4.248731838677355	63.27	-33.31	0.4892597695390782	0.48828125	11.81	2.97	289.0	286.11	783.99	116.76	0	1
PROTOTYPE	037547	04/16/18	09:02:54	0.4892597695390782	0.4892597695390782	11.39	0.0	4.305485971943888	4.2565599949899795	68.13	-28.31	0.4892597695390782	0.48828125	11.7	2.53	291.0	286.84	751.48	84.25	0	1
PROTOTYPE	037548	04/16/18	09:02:55	0.4892597695390782	0.4892597695390782	11.4	0.0	4.207634018036073	4.249710358216433	72.36	-39.07	0.4892597695390782	0.48828125	11.62	2.15	286.0	286.72	719.24	26.61	0	1
PROTOTYPE	037549	04/16/18	09:02:57	0.4892597695390782	0.4892597695390782	11.4	0.0	4.207634018036073	4.242860721442886	66.58	-33.21	0.4892597695390782	0.48828125	11.56	1.83	282.0	286.01	723.23	22.62	0	1
PROTOTYPE	037550	04/16/18	09:02:58	0.4892597695390782	0.4892597695390782	11.37	0.0	4.207634018036073	4.237968123747495	61.67	-28.22	0.4892597695390782	0.48828125	11.49	1.55	289.0	286.46	501.33	334.22	0	1
PROTOTYPE	037551	04/16/18	09:03:00	0.4892597695390782	0.4892597695390782	11.38	0.0	4.305485971943888	4.247753319138276	63.12	-8.99	0.4892597695390782	0.4892597695390782	11.46	1.32	283.0	285.94	509.96	239.09	0	1
PROTOTYPE	037552	04/16/18	09:03:01	0.4892597695390782	0.4892597695390782	11.37	0.0	4.207634018036073	4.241882201903808	61.9	-22.64	0.4892597695390782	0.4892597695390782	11.43	1.12	292.0	286.85	579.06	308.23	0	1
PROTOTYPE	037553	04/16/18	09:03:02	0.4892597695390782	0.4892597695390782	11.32	0.0	4.207634018036073	4.236989604208417	58.57	-19.25	0.4892597695390782	0.4892597695390782	11.36	0.95	273.0	284.77	603.29	-83.01	0	1
PROTOTYPE	037554	04/16/18	09:03:04	0.4892597695390782	0.4892597695390782	11.3	0.0	4.207634018036073	4.232097006513026	55.76	-16.36	0.4892597695390782	0.4892597695390782	11.33	0.81	288.0	285.26	600.74	-85.56	0	1
PROTOTYPE	037555	04/16/18	09:03:05	0.4892597695390782	0.4892597695390782	11.29	0.0	4.305485971943888	4.243839240981964	58.19	-13.91	0.4892597695390782	0.4892597695390782	11.31	0.69	290.0	285.97	598.57	-87.72	0	1
PROTOTYPE	037556	04/16/18	09:03:07	0.4892597695390782	0.4892597695390782	11.28	0.0	4.207634018036073	4.237968123747495	56.15	-11.82	0.4892597695390782	0.4892597695390782	11.3	0.59	290.0	286.57	646.33	-14.56	0	1
PROTOTYPE	037557	04/16/18	09:03:08	0.4892597695390782	0.4892597695390782	11.27	0.0	4.207634018036073	4.233075526052104	54.43	-10.05	0.4892597695390782	0.4892597695390782	11.28	0.5	280.0	285.59	674.14	-42.38	0	1
PROTOTYPE	037558	04/16/18	09:03:09	0.4892597695390782	0.4892597695390782	11.28	0.0	4.207634018036073	4.229161447895791	52.99	-8.54	0.4892597695390782	0.4892597695390782	11.29	0.42	285.0	285.5	638.18	-96.02	0	1
PROTOTYPE	037559	04/16/18	09:03:11	0.4892597695390782	0.4892597695390782	11.27	0.0	4.207634018036073	4.226225889278557	46.2	-22.26	0.4892597695390782	0.4892597695390782	11.27	0.36	271.0	283.32	803.77	-261.62	0	1
PROTOTYPE	037560	04/16/18	09:03:12	0.4892597695390782	0.4892597695390782	11.26	0.0	4.207634018036073	4.223290330661322	43.03	-18.92	0.4892597695390782	0.4892597695390782	11.26	0.31	291.0	284.48	828.01	-237.38	0	1
PROTOTYPE	037561	04/16/18	09:03:14	0.4892597695390782	0.4892597695390782	11.28	0.0	4.207634018036073	4.221333291583166	40.39	-16.08	0.4892597695390782	0.4892597695390782	11.28	0.26	279.0	283.65	702.41	-111.77	0	1
PROTOTYPE	037562	04/16/18	09:03:15	0.4892597695390782	0.4892597695390782	11.27	0.0	4.207634018036073	4.21937625250501	38.19	-13.67	0.4892597695390782	0.4892597695390782	11.27	0.22	286.0	284.01	689.18	-125.0	0	1
PROTOTYPE	037563	04/16/18	09:03:17	0.4892597695390782	0.4892597695390782	11.29	0.0	4.305485971943888	4.232097006513026	40.23	-11.62	0.4892597695390782	0.4892597695390782	11.29	0.19	282.0	283.7	648.12	-226.25	0	1
PROTOTYPE	037564	04/16/18	09:03:18	0.4892597695390782	0.4892597695390782	11.3	0.0	4.207634018036073	4.228182928356714	38.57	-9.88	0.4892597695390782	0.4892597695390782	11.3	0.16	287.0	284.2	637.07	-237.32	0	1
PROTOTYPE	037565	04/16/18	09:03:19	0.4892597695390782	0.4892597695390782	11.28	0.0	4.305485971943888	4.239925162825651	45.59	6.61	0.4892597695390782	0.4892597695390782	11.28	0.14	289.0	284.92	610.5	-66.72	0	1
PROTOTYPE	037566	04/16/18	09:03:21	0.4892597695390782	0.4892597695390782	11.28	0.0	4.207634018036073	4.23503256513026	46.53	5.61	0.4892597695390782	0.4892597695390782	11.28	0.12	298.0	286.88	797.8	138.29	0	1
