Dev_id	Index	Date	Time	Sensor1	Sensor1_Filter	Sensor1_LL	Sensor1_Diff	Sensor2	Sensor2_Filter	Sensor2_LL	Sensor2_Diff	Sensor3	Sensor3_Filter	Sensor3_LL	Sensor3_Diff	Sensor4	Sensor4_Filter	Sensor4_LL	Sensor4_Diff	Heater_Status	FSM_Status
PROTOTYPE	034767	04/16/18	07:57:29	0.4892597695390782	0.4892597695390782	11.25	-0.02	3.522670340681363	3.5314770165330667	33.8	-5.11	0.4892597695390782	0.4892597695390782	11.25	0.0	293.0	292.61	710.11	246.79	0	1
PROTOTYPE	034768	04/16/18	07:57:31	0.4892597695390782	0.4892597695390782	11.25	-0.02	3.522670340681363	3.52951997745491	22.66	-19.35	0.4892597695390782	0.4892597695390782	11.25	0.0	295.0	292.97	628.11	164.77	0	1
PROTOTYPE	034769	04/16/18	07:57:32	0.4892597695390782	0.4892597695390782	11.27	-0.02	3.522670340681363	3.528541457915832	20.23	-16.45	0.4892597695390782	0.4892597695390782	11.27	0.0	280.0	291.03	802.78	-9.94	0	1
PROTOTYPE	034770	04/16/18	07:57:34	0.4892597695390782	0.4892597695390782	11.27	-0.01	3.522670340681363	3.5275629383767533	18.24	-13.98	0.4892597695390782	0.4892597695390782	11.27	0.0	292.0	291.17	729.33	-83.45	0	1
PROTOTYPE	034771	04/16/18	07:57:35	0.4892597695390782	0.4892597695390782	11.29	-0.01	3.6205222945891786	3.5412622119238475	29.32	3.12	0.4892597695390782	0.4892597695390782	11.29	0.0	294.0	291.6	681.67	49.07	0	1
PROTOTYPE	034772	04/16/18	07:57:36	0.4892597695390782	0.4892597695390782	11.29	-0.01	3.522670340681363	3.5393051728456917	29.73	2.65	0.4892597695390782	0.4892597695390782	11.29	0.0	296.0	292.26	626.15	236.71	0	1
PROTOTYPE	034773	04/16/18	07:57:38	0.4892597695390782	0.4892597695390782	11.31	-0.01	3.522670340681363	3.536369614228457	30.08	2.25	0.4892597695390782	0.4892597695390782	11.31	0.0	290.0	291.92	508.37	51.2	0	1
PROTOTYPE	034774	04/16/18	07:57:39	0.4892597695390782	0.4892597695390782	11.32	-0.01	3.6205222945891786	3.5490903682364734	40.79	16.92	0.4892597695390782	0.4892597695390782	11.32	0.0	293.0	292.08	410.74	-46.48	0	1
PROTOTYPE	034775	04/16/18	07:57:41	0.4892597695390782	0.4892597695390782	11.33	-0.01	3.522670340681363	3.54517629008016	43.01	14.38	0.4892597695390782	0.4892597695390782	11.33	0.0	286.0	291.17	494.99	-144.51	0	1
PROTOTYPE	034776	04/16/18	07:57:42	0.4892597695390782	0.4892597695390782	11.34	-0.01	3.522670340681363	3.5412622119238475	44.83	12.22	0.4892597695390782	0.4892597695390782	11.34	0.0	294.0	291.59	501.66	-137.83	0	1
PROTOTYPE	034777	04/16/18	07:57:44	0.4892597695390782	0.4892597695390782	11.33	-0.0	3.522670340681363	3.5393051728456917	46.28	10.39	0.4892597695390782	0.4892597695390782	11.33	0.0	290.0	291.35	331.02	32.84	0	1
PROTOTYPE	034778	04/16/18	07:57:45	0.4892597695390782	0.4892597695390782	11.34	-0.0	3.522670340681363	3.536369614228457	47.45	8.83	0.4892597695390782	0.4892597695390782	11.34	0.0	291.0	291.3	321.84	12.92	0	1
PROTOTYPE	034779	04/16/18	07:57:46	0.4892597695390782	0.4892597695390782	11.32	-0.0	3.522670340681363	3.5344125751503004	35.71	-7.49	0.4892597695390782	0.4892597695390782	11.32	0.0	292.0	291.41	289.97	-19.02	0	1
PROTOTYPE	034780	04/16/18	07:57:48	0.4892597695390782	0.4892597695390782	11.33	-0.0	3.522670340681363	3.5324555360721446	34.75	-6.37	0.4892597695390782	0.4892597695390782	11.33	0.0	301.0	292.84	367.82	58.83	0	1
PROTOTYPE	034781	04/16/18	07:57:49	0.4892597695390782	0.4892597695390782	11.34	-0.0	3.522670340681363	3.5314770165330667	33.98	-5.41	0.4892597695390782	0.4892597695390782	11.34	0.0	300.0	293.92	441.27	200.01	0	1
PROTOTYPE	034782	04/16/18	07:57:51	0.4892597695390782	0.4892597695390782	11.33	-0.0	3.522670340681363	3.52951997745491	22.92	-19.6	0.4892597695390782	0.4892597695390782	11.33	0.0	281.0	291.98	618.76	-9.99	0	1
PROTOTYPE	034783	04/16/18	07:57:52	0.4892597695390782	0.4892597695390782	11.32	-0.0	3.522670340681363	3.528541457915832	20.43	-16.66	0.4892597695390782	0.4892597695390782	11.32	0.0	293.0	292.13	542.9	96.51	0	1
PROTOTYPE	034784	04/16/18	07:57:53	0.4892597695390782	0.4892597695390782	11.33	-0.0	3.522670340681363	3.5275629383767533	18.42	-14.16	0.4892597695390782	0.4892597695390782	11.33	0.0	295.0	292.56	543.43	97.03	0	1
PROTOTYPE	034785	04/16/18	07:57:55	0.4892597695390782	0.4892597695390782	11.31	-0.0	3.522670340681363	3.5275629383767533	16.78	-12.04	0.4892597695390782	0.4892597695390782	11.31	0.0	279.0	290.53	722.94	-82.52	0	1
PROTOTYPE	034786	04/16/18	07:57:56	0.4892597695390782	0.4892597695390782	11.31	-0.0	3.522670340681363	3.5265844188376754	15.49	-10.23	0.4892597695390782	0.4892597695390782	11.31	0.0	307.0	293.0	964.52	169.85	0	1
PROTOTYPE	034787	04/16/18	07:57:58	0.4892597695390782	0.4892597695390782	11.32	-0.0	3.522670340681363	3.5256058992985975	14.49	-8.7	0.4892597695390782	0.4892597695390782	11.32	0.0	284.0	291.65	1088.94	24.38	0	1
PROTOTYPE	034788	04/16/18	07:57:59	0.4892597695390782	0.4892597695390782	11.31	-0.0	3.522670340681363	3.5256058992985975	13.69	-7.39	0.4892597695390782	0.4892597695390782	11.31	0.0	293.0	291.85	965.33	-99.28	0	1
PROTOTYPE	034789	04/16/18	07:58:00	0.4892597695390782	0.4892597695390782	11.31	-0.0	3.6205222945891786	3.5393051728456917	26.26	8.72	0.4892597695390782	0.4892597695390782	11.31	0.0	287.0	291.12	930.79	-279.39	0	1
PROTOTYPE	034790	04/16/18	07:58:02	0.4892597695390782	0.4892597695390782	11.31	-0.0	3.522670340681363	3.537348133767535	27.31	7.41	0.4892597695390782	0.4892597695390782	11.31	0.0	294.0	291.56	780.17	-42.48	0	1
PROTOTYPE	034791	04/16/18	07:58:03	0.4892597695390782	0.4892597695390782	11.3	-0.0	3.522670340681363	3.5353910946893787	28.14	6.3	0.4892597695390782	0.4892597695390782	11.3	0.0	295.0	292.07	816.49	-6.11	0	1
PROTOTYPE	034792	04/16/18	07:58:05	0.4892597695390782	0.4892597695390782	11.28	-0.0	3.6205222945891786	3.5481118486973946	39.63	20.35	0.4892597695390782	0.4892597695390782	11.28	0.0	296.0	292.66	832.4	9.81	0	1
PROTOTYPE	034793	04/16/18	07:58:06	0.4892597695390782	0.4892597695390782	11.28	-0.0	3.522670340681363	3.544197770541082	42.11	17.3	0.4892597695390782	0.4892597695390782	11.28	0.0	292.0	292.56	638.97	203.34	0	1
PROTOTYPE	034794	04/16/18	07:58:07	0.4892597695390782	0.4892597695390782	11.26	-0.0	3.6205222945891786	3.5559400050100205	52.36	29.7	0.4892597695390782	0.4892597695390782	11.26	0.0	290.0	292.18	430.35	-82.16	0	1
PROTOTYPE	034795	04/16/18	07:58:09	0.4892597695390782	0.4892597695390782	11.25	-0.0	3.6205222945891786	3.5657252004008013	60.9	40.25	0.4892597695390782	0.4892597695390782	11.25	0.0	295.0	292.6	337.71	95.16	0	1
PROTOTYPE	034796	04/16/18	07:58:10	0.4892597695390782	0.4892597695390782	11.26	-0.0	3.6205222945891786	3.573553356713427	68.0	49.21	0.4892597695390782	0.4892597695390782	11.26	0.0	301.0	293.86	443.39	200.89	0	1
PROTOTYPE	034797	04/16/18	07:58:12	0.4892597695390782	0.4892597695390782	11.26	-0.0	3.6205222945891786	3.5804029934869743	60.68	41.83	0.4892597695390782	0.4892597695390782	11.26	0.0	293.0	293.73	383.59	260.75	0	1
PROTOTYPE	034798	04/16/18	07:58:13	0.4892597695390782	0.4892597695390782	11.26	-0.0	3.6205222945891786	3.586274110721443	64.01	50.56	0.4892597695390782	0.4892597695390782	11.26	0.0	283.0	292.12	501.42	56.64	0	1
PROTOTYPE	034799	04/16/18	07:58:15	0.4892597695390782	0.4892597695390782	11.26	-0.0	3.6205222945891786	3.592145227955912	66.78	57.97	0.4892597695390782	0.4892597695390782	11.26	0.0	288.0	291.5	511.58	-56.86	0	1
PROTOTYPE	034800	04/16/18	07:58:16	0.4892597695390782	0.4892597695390782	11.27	-0.0	3.522670340681363	3.5813815130260522	64.25	34.28	0.4892597695390782	0.4892597695390782	11.27	0.0	291.0	291.43	460.34	-123.33	0	1
PROTOTYPE	034801	04/16/18	07:58:17	0.4892597695390782	0.4892597695390782	11.31	-0.0	3.522670340681363	3.5725748371743484	69.26	29.13	0.4892597695390782	0.4892597695390782	11.31	0.0	293.0	291.66	473.94	-89.83	0	1
PROTOTYPE	034802	04/16/18	07:58:19	0.4892597695390782	0.4892597695390782	11.33	-0.0	3.6205222945891786	3.5794244739478955	64.94	24.76	0.4892597695390782	0.4892597695390782	11.33	0.0	284.0	290.51	550.45	-166.35	0	1
PROTOTYPE	034803	04/16/18	07:58:20	0.4892597695390782	0.4892597695390782	11.34	-0.0	3.6205222945891786	3.586274110721443	61.29	21.05	0.4892597695390782	0.4892597695390782	11.34	0.0	289.0	290.29	530.85	-231.4	0	1
PROTOTYPE	034804	04/16/18	07:58:22	0.4892597695390782	0.4892597695390782	11.32	-0.0	3.522670340681363	3.576488915330661	62.48	2.89	0.4892597695390782	0.4892597695390782	11.32	0.0	290.0	290.24	409.39	-361.69	0	1
PROTOTYPE	034805	04/16/18	07:58:23	0.4892597695390782	0.4892597695390782	11.32	-0.0	3.6205222945891786	3.5833385521042085	62.06	2.46	0.4892597695390782	0.4892597695390782	11.32	0.0	298.0	291.41	512.75	-232.44	0	1
PROTOTYPE	034806	04/16/18	07:58:25	0.4892597695390782	0.4892597695390782	11.34	-0.0	3.6205222945891786	3.5882311497995993	61.7	2.09	0.4892597695390782	0.4892597695390782	11.34	0.0	293.0	291.65	375.69	-47.57	0	1
PROTOTYPE	034807	04/16/18	07:58:26	0.4892597695390782	0.4892597695390782	11.35	-0.0	3.6205222945891786	3.5931237474949898	61.4	1.78	0.4892597695390782	0.4892597695390782	11.35	0.0	294.0	292.0	349.18	49.56	0	1
PROTOTYPE	034808	04/16/18	07:58:27	0.4892597695390782	0.4892597695390782	11.34	-0.0	3.6205222945891786	3.5970378256513027	55.12	16.51	0.4892597695390782	0.4892597695390782	11.34	0.0	278.0	289.9	551.48	-152.87	0	1
PROTOTYPE	034809	04/16/18	07:58:29	0.4892597695390782	0.4892597695390782	11.29	-0.0	3.522670340681363	3.586274110721443	57.56	14.03	0.4892597695390782	0.4892597695390782	11.29	0.0	294.0	290.51	589.39	-114.94	0	1
PROTOTYPE	034810	04/16/18	07:58:30	0.4892597695390782	0.4892597695390782	11.29	-0.0	3.6205222945891786	3.591166708416834	55.51	11.93	0.4892597695390782	0.4892597695390782	11.29	0.0	284.0	289.54	572.15	-97.7	0	1
PROTOTYPE	034811	04/16/18	07:58:32	0.4892597695390782	0.4892597695390782	11.27	-0.0	3.522670340681363	3.5813815130260522	59.72	-4.86	0.4892597695390782	0.4892597695390782	11.27	0.0	285.0	288.86	617.46	-143.04	0	1
PROTOTYPE	034812	04/16/18	07:58:33	0.4892597695390782	0.4892597695390782	11.28	-0.0	3.6205222945891786	3.5872526302605205	56.15	10.87	0.4892597695390782	0.4892597695390782	11.28	0.0	282.0	287.83	715.79	-241.59	0	1
PROTOTYPE	034813	04/16/18	07:58:34	0.4892597695390782	0.4892597695390782	11.28	-0.0	3.6205222945891786	3.592145227955912	54.56	9.24	0.4892597695390782	0.4892597695390782	11.28	0.0	302.0	289.95	812.03	-145.35	0	1
PROTOTYPE	034814	04/16/18	07:58:36	0.4892597695390782	0.4892597695390782	11.26	-0.0	3.6205222945891786	3.5960593061122244	53.22	7.85	0.4892597695390782	0.4892597695390782	11.26	0.0	291.0	290.11	803.85	-153.55	0	1
PROTOTYPE	034815	04/16/18	07:58:37	0.4892597695390782	0.4892597695390782	11.25	-0.0	3.6205222945891786	3.5999733842685373	52.1	6.67	0.4892597695390782	0.4892597695390782	11.25	0.0	289.0	289.94	785.24	-205.51	0	1
PROTOTYPE	034816	04/16/18	07:58:39	0.4892597695390782	0.4892597695390782	11.25	-0.0	3.6205222945891786	3.602908942885772	51.17	5.67	0.4892597695390782	0.4892597695390782	11.25	0.0	286.0	289.35	634.43	-54.69	0	1
PROTOTYPE	034817	04/16/18	07:58:40	0.4892597695390782	0.4892597695390782	11.28	-0.0	3.6205222945891786	3.6058445015030065	42.65	19.82	0.4892597695390782	0.4892597695390782	11.28	0.0	297.0	290.5	687.62	-1.48	0	1
PROTOTYPE	034818	04/16/18	07:58:41	0.4892597695390782	0.4892597695390782	11.27	-0.0	3.6205222945891786	3.607801540581162	39.89	16.85	0.4892597695390782	0.4892597695390782	11.27	0.0	290.0	290.42	597.52	88.74	0	1
PROTOTYPE	034819	04/16/18	07:58:43	0.4892597695390782	0.4892597695390782	11.26	-0.0	3.6205222945891786	3.6097585796593186	31.65	29.32	0.4892597695390782	0.4892597695390782	11.26	0.0	286.0	289.76	595.83	90.43	0	1
PROTOTYPE	034820	04/16/18	07:58:44	0.4892597695390782	0.4892597695390782	11.26	-0.0	3.6205222945891786	3.611715618737475	27.61	24.92	0.4892597695390782	0.4892597695390782	11.26	0.0	295.0	290.55	571.57	271.86	0	1
PROTOTYPE	034821	04/16/18	07:58:46	0.4892597695390782	0.4892597695390782	11.25	-0.0	3.6205222945891786	3.612694138276553	24.27	21.18	0.4892597695390782	0.4892597695390782	11.25	0.0	295.0	291.21	425.8	126.08	0	1
PROTOTYPE	034822	04/16/18	07:58:47	0.4892597695390782	0.4892597695390782	11.25	-0.0	3.6205222945891786	3.613672657815631	21.52	18.01	0.4892597695390782	0.4892597695390782	11.25	0.0	285.0	290.28	503.28	17.17	0	1
PROTOTYPE	034823	04/16/18	07:58:48	0.4892597695390782	0.4892597695390782	11.24	-0.0	3.6205222945891786	3.6146511773547094	19.27	15.31	0.4892597695390782	0.4892597695390782	11.24	0.0	286.0	289.64	550.81	-30.4	0	1
PROTOTYPE	034824	04/16/18	07:58:50	0.4892597695390782	0.4892597695390782	11.25	-0.0	3.6205222945891786	3.6156296968937878	17.47	13.01	0.4892597695390782	0.4892597695390782	11.25	0.0	288.0	289.39	516.27	4.16	0	1
PROTOTYPE	034825	04/16/18	07:58:51	0.4892597695390782	0.4892597695390782	11.23	-0.0	3.6205222945891786	3.6166082164328657	16.02	11.06	0.4892597695390782	0.4892597695390782	11.23	0.0	289.0	289.34	407.63	-116.47	0	1
PROTOTYPE	034826	04/16/18	07:58:53	0.4892597695390782	0.4892597695390782	11.24	-0.0	3.6205222945891786	3.6166082164328657	14.88	9.4	0.4892597695390782	0.4892597695390782	11.24	0.0	291.0	289.58	425.02	-84.0	0	1
PROTOTYPE	034827	04/16/18	07:58:54	0.4892597695390782	0.4892597695390782	11.28	-0.0	3.522670340681363	3.602908942885772	27.04	-7.01	0.4892597695390782	0.4892597695390782	11.28	0.0	284.0	288.75	442.42	-101.4	0	1
PROTOTYPE	034828	04/16/18	07:58:55	0.4892597695390782	0.4892597695390782	11.28	-0.0	3.6205222945891786	3.6058445015030065	27.92	-5.96	0.4892597695390782	0.4892597695390782	11.28	0.0	281.0	287.59	480.03	-296.19	0	1
PROTOTYPE	034829	04/16/18	07:58:57	0.4892597695390782	0.4892597695390782	11.27	-0.0	3.6205222945891786	3.607801540581162	28.62	-5.06	0.4892597695390782	0.4892597695390782	11.27	0.0	287.0	287.5	422.11	-371.76	0	1
PROTOTYPE	034830	04/16/18	07:58:58	0.4892597695390782	0.4892597695390782	11.27	-0.0	3.6205222945891786	3.6097585796593186	29.18	-4.31	0.4892597695390782	0.4892597695390782	11.27	0.0	296.0	288.77	456.42	-151.0	0	1
PROTOTYPE	034831	04/16/18	07:59:00	0.4892597695390782	0.4892597695390782	11.29	-0.0	3.6205222945891786	3.611715618737475	29.63	-3.66	0.4892597695390782	0.4892597695390782	11.29	0.0	275.0	286.71	598.76	-293.35	0	1
PROTOTYPE	034832	04/16/18	07:59:01	0.4892597695390782	0.4892597695390782	11.28	-0.0	3.6205222945891786	3.612694138276553	29.97	-3.11	0.4892597695390782	0.4892597695390782	11.28	0.0	281.0	285.85	659.73	-354.34	0	1
PROTOTYPE	034833	04/16/18	07:59:03	0.4892597695390782	0.4892597695390782	11.29	-0.0	3.6205222945891786	3.613672657815631	30.24	-2.64	0.4892597695390782	0.4892597695390782	11.29	0.0	283.0	285.42	696.44	-391.19	0	1
PROTOTYPE	034834	04/16/18	07:59:04	0.4892597695390782	0.4892597695390782	11.27	-0.0	3.6205222945891786	3.6146511773547094	30.42	-2.25	0.4892597695390782	0.4892597695390782	11.27	0.0	303.0	288.06	935.08	-152.51	0	1
PROTOTYPE	034835	04/16/18	07:59:05	0.4892597695390782	0.4892597695390782	11.26	-0.0	3.6205222945891786	3.6156296968937878	17.54	13.09	0.4892597695390782	0.4892597695390782	11.26	0.0	295.0	289.1	955.41	35.36	0	1
PROTOTYPE	034836	04/16/18	07:59:07	0.4892597695390782	0.4892597695390782	11.25	-0.0	3.6205222945891786	3.6166082164328657	16.08	11.13	0.4892597695390782	0.4892597695390782	11.25	0.0	301.0	290.89	1017.69	330.06	0	1
PROTOTYPE	034837	04/16/18	07:59:08	0.4892597695390782	0.4892597695390782	11.26	-0.0	3.6205222945891786	3.6166082164328657	14.93	9.46	0.4892597695390782	0.4892597695390782	11.26	0.0	291.0	290.9	1011.03	340.55	0	1
PROTOTYPE	034838	04/16/18	07:59:10	0.4892597695390782	0.4892597695390782	11.27	-0.0	3.6205222945891786	3.617586735971944	14.04	8.04	0.4892597695390782	0.4892597695390782	11.27	0.0	288.0	290.47	927.04	169.47	0	1
PROTOTYPE	034839	04/16/18	07:59:11	0.4892597695390782	0.4892597695390782	11.25	-0.0	3.6205222945891786	3.617586735971944	13.33	6.83	0.4892597695390782	0.4892597695390782	11.25	0.0	287.0	289.95	772.48	324.05	0	1
PROTOTYPE	034840	04/16/18	07:59:12	0.4892597695390782	0.4892597695390782	11.25	-0.0	3.6205222945891786	3.6185652555110215	12.8	5.81	0.4892597695390782	0.4892597695390782	11.25	0.0	277.0	288.01	881.08	215.44	0	1
PROTOTYPE	034841	04/16/18	07:59:14	0.4892597695390782	0.4892597695390782	11.23	-0.0	3.6205222945891786	3.6185652555110215	12.37	4.94	0.4892597695390782	0.4892597695390782	11.23	0.0	296.0	289.2	958.23	378.12	0	1
PROTOTYPE	034842	04/16/18	07:59:15	0.4892597695390782	0.4892597695390782	11.28	-0.0	3.6205222945891786	3.6185652555110215	12.12	4.2	0.4892597695390782	0.4892597695390782	11.28	0.0	299.0	290.67	841.51	261.41	0	1
PROTOTYPE	034843	04/16/18	07:59:17	0.4892597695390782	0.4892597695390782	11.27	-0.0	3.6205222945891786	3.6195437750501003	11.88	3.57	0.4892597695390782	0.4892597695390782	11.27	0.0	289.0	290.42	762.54	132.19	0	1
PROTOTYPE	034844	04/16/18	07:59:18	0.4892597695390782	0.4892597695390782	11.28	-0.0	3.6205222945891786	3.6195437750501003	11.73	3.03	0.4892597695390782	0.4892597695390782	11.28	0.0	284.0	289.46	680.4	-142.63	0	1
PROTOTYPE	034845	04/16/18	07:59:19	0.4892597695390782	0.4892597695390782	11.29	-0.0	3.6205222945891786	3.6195437750501003	11.62	2.58	0.4892597695390782	0.4892597695390782	11.29	0.0	295.0	290.29	761.3	-61.24	0	1
PROTOTYPE	034846	04/16/18	07:59:21	0.4892597695390782	0.4892597695390782	11.29	-0.0	3.6205222945891786	3.6195437750501003	11.53	2.19	0.4892597695390782	0.4892597695390782	11.29	0.0	301.0	291.9	878.38	142.95	0	1
PROTOTYPE	034847	04/16/18	07:59:22	0.4892597695390782	0.4892597695390782	11.31	-0.0	3.6205222945891786	3.6195437750501003	11.48	1.86	0.4892597695390782	0.4892597695390782	11.31	0.0	286.0	291.01	914.82	106.5	0	1
PROTOTYPE	034848	04/16/18	07:59:24	0.4892597695390782	0.4892597695390782	11.33	-0.0	3.6205222945891786	3.6195437750501003	11.45	1.58	0.4892597695390782	0.4892597695390782	11.33	0.0	301.0	292.51	870.43	450.53	0	1
PROTOTYPE	034849	04/16/18	07:59:25	0.4892597695390782	0.4892597695390782	11.36	-0.0	3.6205222945891786	3.6195437750501003	11.45	1.35	0.4892597695390782	0.4892597695390782	11.36	0.0	287.0	291.68	833.17	247.95	0	1
PROTOTYPE	034850	04/16/18	07:59:27	0.4892597695390782	0.4892597695390782	11.32	-0.0	3.6205222945891786	3.6205222945891786	11.38	1.14	0.4892597695390782	0.4892597695390782	11.32	0.0	294.0	292.03	720.99	135.76	0	1
PROTOTYPE	034851	04/16/18	07:59:28	0.4892597695390782	0.4892597695390782	11.32	-0.0	3.522670340681363	3.6058445015030065	24.95	-14.03	0.4892597695390782	0.4892597695390782	11.32	0.0	289.0	291.58	741.34	115.39	0	1
PROTOTYPE	034852	04/16/18	07:59:29	0.4892597695390782	0.4892597695390782	11.33	-0.0	3.522670340681363	3.5931237474949898	36.3	-26.92	0.4892597695390782	0.4892597695390782	11.33	0.0	297.0	292.39	726.35	293.08	0	1
PROTOTYPE	034853	04/16/18	07:59:31	0.4892597695390782	0.4892597695390782	11.33	-0.0	3.6205222945891786	3.5970378256513027	39.32	-22.89	0.4892597695390782	0.4892597695390782	11.33	0.0	295.0	292.78	682.4	249.12	0	1
PROTOTYPE	034854	04/16/18	07:59:32	0.4892597695390782	0.4892597695390782	11.34	-0.0	3.6205222945891786	3.6009519038076148	41.75	-19.45	0.4892597695390782	0.4892597695390782	11.34	0.0	288.0	292.06	593.49	16.75	0	1
PROTOTYPE	034855	04/16/18	07:59:34	0.4892597695390782	0.4892597695390782	11.33	-0.0	3.6205222945891786	3.6038874624248494	43.67	-16.53	0.4892597695390782	0.4892597695390782	11.33	0.0	292.0	292.05	506.74	104.24	0	1
PROTOTYPE	034856	04/16/18	07:59:35	0.4892597695390782	0.4892597695390782	11.35	-0.0	3.6205222945891786	3.6058445015030065	45.21	-14.05	0.4892597695390782	0.4892597695390782	11.35	0.0	291.0	291.9	372.8	-61.4	0	1
PROTOTYPE	034857	04/16/18	07:59:36	0.4892597695390782	0.4892597695390782	11.36	-0.0	3.6205222945891786	3.608780060120241	46.41	-11.95	0.4892597695390782	0.4892597695390782	11.36	0.0	290.0	291.61	318.62	-7.19	0	1
PROTOTYPE	034858	04/16/18	07:59:38	0.4892597695390782	0.4892597695390782	11.36	-0.0	3.6205222945891786	3.6097585796593186	47.34	-10.15	0.4892597695390782	0.4892597695390782	11.36	0.0	297.0	292.42	364.68	38.89	0	1
PROTOTYPE	034859	04/16/18	07:59:39	0.4892597695390782	0.4892597695390782	11.37	-0.0	3.6205222945891786	3.611715618737475	34.47	6.37	0.4892597695390782	0.4892597695390782	11.37	0.0	293.0	292.51	328.0	93.06	0	1
PROTOTYPE	034860	04/16/18	07:59:41	0.4892597695390782	0.4892597695390782	11.35	-0.0	3.6205222945891786	3.612694138276553	23.64	20.41	0.4892597695390782	0.4892597695390782	11.35	0.0	282.0	290.93	404.25	-145.9	0	1
PROTOTYPE	034861	04/16/18	07:59:42	0.4892597695390782	0.4892597695390782	11.34	-0.0	3.6205222945891786	3.6146511773547094	21.01	17.35	0.4892597695390782	0.4892597695390782	11.34	0.0	291.0	290.94	366.82	-184.02	0	1
PROTOTYPE	034862	04/16/18	07:59:44	0.4892597695390782	0.4892597695390782	11.34	-0.0	3.6205222945891786	3.6146511773547094	18.89	14.75	0.4892597695390782	0.4892597695390782	11.34	0.0	295.0	291.55	355.98	-51.41	0	1
PROTOTYPE	034863	04/16/18	07:59:45	0.4892597695390782	0.4892597695390782	11.35	-0.0	3.6205222945891786	3.6156296968937878	17.18	12.54	0.4892597695390782	0.4892597695390782	11.35	0.0	300.0	292.82	481.03	76.3	0	1
PROTOTYPE	034864	04/16/18	07:59:46	0.4892597695390782	0.4892597695390782	11.31	-0.0	3.6205222945891786	3.6166082164328657	15.79	10.66	0.4892597695390782	0.4892597695390782	11.31	0.0	295.0	293.15	497.9	124.85	0	1
PROTOTYPE	034865	04/16/18	07:59:48	0.4892597695390782	0.4892597695390782	11.29	-0.0	3.6205222945891786	3.617586735971944	14.7	9.06	0.4892597695390782	0.4892597695390782	11.29	0.0	300.0	294.17	572.25	256.13	0	1
PROTOTYPE	034866	04/16/18	07:59:49	0.4892597695390782	0.4892597695390782	11.29	-0.0	3.6205222945891786	3.617586735971944	13.85	7.7	0.4892597695390782	0.4892597695390782	11.29	0.0	286.0	292.95	614.03	52.71	0	1
PROTOTYPE	034867	04/16/18	07:59:51	0.4892597695390782	0.4892597695390782	11.29	-0.0	3.6205222945891786	3.6185652555110215	13.21	6.54	0.4892597695390782	0.4892597695390782	11.29	0.0	291.0	292.66	634.46	14.8	0	1
PROTOTYPE	034868	04/16/18	07:59:52	0.4892597695390782	0.4892597695390782	11.29	-0.0	3.6205222945891786	3.6185652555110215	12.71	5.56	0.4892597695390782	0.4892597695390782	11.29	0.0	295.0	293.01	512.05	207.58	0	1
PROTOTYPE	034869	04/16/18	07:59:53	0.4892597695390782	0.4892597695390782	11.29	-0.0	3.6205222945891786	3.6185652555110215	12.34	4.73	0.4892597695390782	0.4892597695390782	11.29	0.0	289.0	292.41	570.42	146.44	0	1
PROTOTYPE	034870	04/16/18	07:59:55	0.4892597695390782	0.4892597695390782	11.27	-0.0	3.6205222945891786	3.6185652555110215	12.04	4.02	0.4892597695390782	0.4892597695390782	11.27	0.0	298.0	293.24	593.45	169.48	0	1
PROTOTYPE	034871	04/16/18	07:59:56	0.4892597695390782	0.4892597695390782	11.26	-0.0	3.6205222945891786	3.6195437750501003	11.83	3.42	0.4892597695390782	0.4892597695390782	11.26	0.0	302.0	294.56	598.03	174.06	0	1
PROTOTYPE	034872	04/16/18	07:59:58	0.4892597695390782	0.4892597695390782	11.26	-0.0	3.6205222945891786	3.6195437750501003	11.67	2.9	0.4892597695390782	0.4892597695390782	11.26	0.0	296.0	294.77	586.93	162.95	0	1
PROTOTYPE	034873	04/16/18	07:59:59	0.4892597695390782	0.4892597695390782	11.26	-0.0	3.6205222945891786	3.6195437750501003	11.56	2.47	0.4892597695390782	0.4892597695390782	11.26	0.0	295.0	294.81	487.76	63.51	0	1
PROTOTYPE	034874	04/16/18	08:00:00	0.4892597695390782	0.4892597695390782	11.26	-0.0	3.522670340681363	3.604865981963928	25.0	-12.9	0.4892597695390782	0.4892597695390782	11.26	0.0	303.0	296.04	488.04	308.98	0	1
PROTOTYPE	034875	04/16/18	08:00:02	0.4892597695390782	0.4892597695390782	11.24	-0.0	3.522670340681363	3.5931237474949898	36.22	-25.97	0.4892597695390782	0.4892597695390782	11.24	0.0	283.0	294.08	654.36	142.63	0	1
PROTOTYPE	034876	04/16/18	08:00:03	0.4892597695390782	0.4892597695390782	11.24	-0.0	3.6205222945891786	3.5970378256513027	39.26	-22.07	0.4892597695390782	0.4892597695390782	11.24	0.0	281.0	292.12	815.38	-88.76	0	1
PROTOTYPE	034877	04/16/18	08:00:05	0.4892597695390782	0.4892597695390782	11.24	-0.0	3.6205222945891786	3.5999733842685373	41.7	-18.76	0.4892597695390782	0.4892597695390782	11.24	0.0	301.0	293.45	888.48	104.55	0	1
PROTOTYPE	034878	04/16/18	08:00:06	0.4892597695390782	0.4892597695390782	11.27	-0.0	3.6205222945891786	3.6038874624248494	43.67	-15.95	0.4892597695390782	0.4892597695390782	11.27	0.0	292.0	293.23	826.38	-1.13	0	1
PROTOTYPE	034879	04/16/18	08:00:07	0.4892597695390782	0.4892597695390782	11.26	-0.0	3.6205222945891786	3.6058445015030065	45.21	-13.55	0.4892597695390782	0.4892597695390782	11.26	0.0	293.0	293.2	698.82	-135.96	0	1
PROTOTYPE	034880	04/16/18	08:00:09	0.4892597695390782	0.4892597695390782	11.26	-0.0	3.6205222945891786	3.607801540581162	46.43	-11.52	0.4892597695390782	0.4892597695390782	11.26	0.0	306.0	295.12	869.17	34.43	0	1
PROTOTYPE	034881	04/16/18	08:00:10	0.4892597695390782	0.4892597695390782	11.26	-0.0	3.6205222945891786	3.6097585796593186	47.37	-9.79	0.4892597695390782	0.4892597695390782	11.26	0.0	290.0	294.35	942.3	-45.73	0	1
PROTOTYPE	034882	04/16/18	08:00:12	0.4892597695390782	0.4892597695390782	11.28	-0.0	3.6205222945891786	3.611715618737475	34.58	6.68	0.4892597695390782	0.4892597695390782	11.28	0.0	299.0	295.05	889.17	-98.87	0	1
PROTOTYPE	034883	04/16/18	08:00:13	0.4892597695390782	0.4892597695390782	11.3	-0.0	3.6205222945891786	3.612694138276553	23.85	20.67	0.4892597695390782	0.4892597695390782	11.3	0.0	294.0	294.89	709.4	80.96	0	1
PROTOTYPE	034884	04/16/18	08:00:15	0.4892597695390782	0.4892597695390782	11.31	-0.0	3.522670340681363	3.598994864729459	33.27	2.57	0.4892597695390782	0.4892597695390782	11.31	0.0	288.0	293.86	616.55	173.81	0	1
PROTOTYPE	034885	04/16/18	08:00:16	0.4892597695390782	0.4892597695390782	11.29	-0.0	3.6205222945891786	3.602908942885772	32.91	2.19	0.4892597695390782	0.4892597695390782	11.29	0.0	296.0	294.18	515.5	72.74	0	1
PROTOTYPE	034886	04/16/18	08:00:17	0.4892597695390782	0.4892597695390782	11.27	-0.0	3.6205222945891786	3.604865981963928	32.6	1.86	0.4892597695390782	0.4892597695390782	11.27	0.0	283.0	292.5	661.37	-73.17	0	1
PROTOTYPE	034887	04/16/18	08:00:19	0.4892597695390782	0.4892597695390782	11.29	-0.0	3.6205222945891786	3.607801540581162	32.37	1.58	0.4892597695390782	0.4892597695390782	11.29	0.0	297.0	293.18	725.08	-2.19	0	1
PROTOTYPE	034888	04/16/18	08:00:20	0.4892597695390782	0.4892597695390782	11.3	-0.0	3.6205222945891786	3.6097585796593186	32.18	1.34	0.4892597695390782	0.4892597695390782	11.3	0.0	291.0	292.85	565.73	-226.86	0	1
PROTOTYPE	034889	04/16/18	08:00:22	0.4892597695390782	0.4892597695390782	11.3	-0.0	3.6205222945891786	3.6107370991983965	32.02	1.14	0.4892597695390782	0.4892597695390782	11.3	0.0	292.0	292.72	501.77	-162.83	0	1
PROTOTYPE	034890	04/16/18	08:00:23	0.4892597695390782	0.4892597695390782	11.28	-0.0	3.522670340681363	3.598016345190381	43.51	-14.03	0.4892597695390782	0.4892597695390782	11.28	0.0	301.0	293.96	556.19	-108.41	0	1
PROTOTYPE	034891	04/16/18	08:00:24	0.4892597695390782	0.4892597695390782	11.27	-0.0	3.6205222945891786	3.6009519038076148	45.28	-11.93	0.4892597695390782	0.4892597695390782	11.27	0.0	291.0	293.52	584.88	-137.15	0	1
PROTOTYPE	034892	04/16/18	08:00:26	0.4892597695390782	0.4892597695390782	11.26	-0.0	3.6205222945891786	3.6038874624248494	34.64	4.86	0.4892597695390782	0.4892597695390782	11.26	0.0	295.0	293.74	503.76	-11.58	0	1
PROTOTYPE	034893	04/16/18	08:00:27	0.4892597695390782	0.4892597695390782	11.27	-0.0	3.6205222945891786	3.606823021042084	33.99	4.13	0.4892597695390782	0.4892597695390782	11.27	0.0	290.0	293.18	527.73	-99.84	0	1
PROTOTYPE	034894	04/16/18	08:00:29	0.4892597695390782	0.4892597695390782	11.27	-0.0	3.6205222945891786	3.608780060120241	33.45	3.51	0.4892597695390782	0.4892597695390782	11.27	0.0	288.0	292.4	437.76	-9.86	0	1
PROTOTYPE	034895	04/16/18	08:00:30	0.4892597695390782	0.4892597695390782	11.25	-0.0	3.6205222945891786	3.6107370991983965	33.01	2.99	0.4892597695390782	0.4892597695390782	11.25	0.0	299.0	293.39	469.24	21.62	0	1
PROTOTYPE	034896	04/16/18	08:00:31	0.4892597695390782	0.4892597695390782	11.25	-0.0	3.6205222945891786	3.611715618737475	32.66	2.54	0.4892597695390782	0.4892597695390782	11.25	0.0	292.0	293.18	457.5	33.37	0	1
PROTOTYPE	034897	04/16/18	08:00:33	0.4892597695390782	0.4892597695390782	11.26	-0.0	3.6205222945891786	3.613672657815631	32.39	2.16	0.4892597695390782	0.4892597695390782	11.26	0.0	292.0	293.01	462.48	28.37	0	1
PROTOTYPE	034898	04/16/18	08:00:34	0.4892597695390782	0.4892597695390782	11.26	-0.0	3.6205222945891786	3.6146511773547094	20.54	16.83	0.4892597695390782	0.4892597695390782	11.26	0.0	294.0	293.16	353.28	-80.89	0	1
PROTOTYPE	034899	04/16/18	08:00:36	0.4892597695390782	0.4892597695390782	11.27	-0.0	3.6205222945891786	3.6156296968937878	18.5	14.31	0.4892597695390782	0.4892597695390782	11.27	0.0	289.0	292.53	371.15	-98.75	0	1
PROTOTYPE	034900	04/16/18	08:00:37	0.4892597695390782	0.4892597695390782	11.26	-0.0	3.6205222945891786	3.6156296968937878	16.84	12.16	0.4892597695390782	0.4892597695390782	11.26	0.0	300.0	293.65	460.92	-8.94	0	1
PROTOTYPE	034901	04/16/18	08:00:39	0.4892597695390782	0.4892597695390782	11.27	-0.0	3.6205222945891786	3.6166082164328657	15.54	10.34	0.4892597695390782	0.4892597695390782	11.27	0.0	299.0	294.45	485.01	127.4	0	1
PROTOTYPE	034902	04/16/18	08:00:40	0.4892597695390782	0.4892597695390782	11.26	-0.0	3.6205222945891786	3.617586735971944	14.5	8.79	0.4892597695390782	0.4892597695390782	11.26	0.0	294.0	294.39	414.25	198.29	0	1
PROTOTYPE	034903	04/16/18	08:00:41	0.4892597695390782	0.4892597695390782	11.28	-0.0	3.6205222945891786	3.617586735971944	13.71	7.47	0.4892597695390782	0.4892597695390782	11.28	0.0	292.0	294.03	351.11	63.55	0	1
PROTOTYPE	034904	04/16/18	08:00:43	0.4892597695390782	0.4892597695390782	11.28	-0.0	3.6205222945891786	3.6185652555110215	13.1	6.35	0.4892597695390782	0.4892597695390782	11.28	0.0	291.0	293.57	375.62	39.01	0	1
PROTOTYPE	034905	04/16/18	08:00:44	0.4892597695390782	0.4892597695390782	11.26	-0.0	3.522670340681363	3.6038874624248494	25.87	-9.6	0.4892597695390782	0.4892597695390782	11.26	0.0	285.0	292.29	486.42	-71.84	0	1
PROTOTYPE	034906	04/16/18	08:00:46	0.4892597695390782	0.4892597695390782	11.26	-0.0	3.6205222945891786	3.606823021042084	27.0	-8.16	0.4892597695390782	0.4892597695390782	11.26	0.0	292.0	292.24	475.99	-91.06	0	1
PROTOTYPE	034907	04/16/18	08:00:47	0.4892597695390782	0.4892597695390782	11.25	-0.0	3.6205222945891786	3.608780060120241	27.88	-6.94	0.4892597695390782	0.4892597695390782	11.25	0.0	290.0	291.91	447.34	-62.4	0	1
PROTOTYPE	034908	04/16/18	08:00:48	0.4892597695390782	0.4892597695390782	11.26	-0.0	3.6205222945891786	3.6107370991983965	28.59	-5.9	0.4892597695390782	0.4892597695390782	11.26	0.0	295.0	292.37	381.72	-128.04	0	1
PROTOTYPE	034909	04/16/18	08:00:50	0.4892597695390782	0.4892597695390782	11.26	-0.0	3.6205222945891786	3.611715618737475	29.13	-5.01	0.4892597695390782	0.4892597695390782	11.26	0.0	293.0	292.47	311.02	-198.84	0	1
PROTOTYPE	034910	04/16/18	08:00:51	0.4892597695390782	0.4892597695390782	11.26	-0.0	3.6205222945891786	3.612694138276553	29.55	-4.26	0.4892597695390782	0.4892597695390782	11.26	0.0	297.0	293.15	372.08	-124.01	0	1
PROTOTYPE	034911	04/16/18	08:00:53	0.4892597695390782	0.4892597695390782	11.24	-0.0	3.522670340681363	3.5999733842685373	41.98	-18.62	0.4892597695390782	0.4892597695390782	11.24	0.0	282.0	291.47	503.46	-255.41	0	1
PROTOTYPE	034912	04/16/18	08:00:54	0.4892597695390782	0.4892597695390782	11.23	-0.0	3.6205222945891786	3.602908942885772	44.01	-15.83	0.4892597695390782	0.4892597695390782	11.23	0.0	294.0	291.85	495.92	-172.1	0	1
PROTOTYPE	034913	04/16/18	08:00:55	0.4892597695390782	0.4892597695390782	11.29	-0.0	3.6205222945891786	3.6058445015030065	32.4	1.55	0.4892597695390782	0.4892597695390782	11.29	0.0	287.0	291.13	440.11	-116.28	0	1
PROTOTYPE	034914	04/16/18	08:00:57	0.4892597695390782	0.4892597695390782	11.31	-0.0	3.6205222945891786	3.607801540581162	32.21	1.31	0.4892597695390782	0.4892597695390782	11.31	0.0	290.0	290.96	452.51	-128.84	0	1
PROTOTYPE	034915	04/16/18	08:00:58	0.4892597695390782	0.4892597695390782	11.32	-0.0	3.6205222945891786	3.6097585796593186	32.05	1.12	0.4892597695390782	0.4892597695390782	11.32	0.0	288.0	290.51	463.18	-139.51	0	1
PROTOTYPE	034916	04/16/18	08:01:00	0.4892597695390782	0.4892597695390782	11.33	-0.0	3.6205222945891786	3.6107370991983965	31.93	0.95	0.4892597695390782	0.4892597695390782	11.33	0.0	296.0	291.34	499.1	-103.59	0	1
PROTOTYPE	034917	04/16/18	08:01:01	0.4892597695390782	0.4892597695390782	11.34	-0.0	3.6205222945891786	3.612694138276553	31.83	0.81	0.4892597695390782	0.4892597695390782	11.34	0.0	299.0	292.49	604.54	1.95	0	1
PROTOTYPE	034918	04/16/18	08:01:03	0.4892597695390782	0.4892597695390782	11.35	-0.0	3.6205222945891786	3.613672657815631	31.76	0.69	0.4892597695390782	0.4892597695390782	11.35	0.0	266.0	288.51	933.8	-463.34	0	1
PROTOTYPE	034919	04/16/18	08:01:04	0.4892597695390782	0.4892597695390782	11.34	-0.0	3.6205222945891786	3.6146511773547094	19.55	15.58	0.4892597695390782	0.4892597695390782	11.34	0.0	283.0	287.69	849.31	-378.84	0	1
PROTOTYPE	034920	04/16/18	08:01:05	0.4892597695390782	0.4892597695390782	11.35	-0.0	3.6205222945891786	3.6156296968937878	17.71	13.25	0.4892597695390782	0.4892597695390782	11.35	0.0	288.0	287.73	816.31	-412.01	0	1
PROTOTYPE	034921	04/16/18	08:01:07	0.4892597695390782	0.4892597695390782	11.33	-0.0	3.522670340681363	3.6019304233466936	28.94	-3.74	0.4892597695390782	0.4892597695390782	11.33	0.0	288.0	287.77	747.76	-335.21	0	1
PROTOTYPE	034922	04/16/18	08:01:08	0.4892597695390782	0.4892597695390782	11.31	-0.0	3.6205222945891786	3.604865981963928	29.42	-3.18	0.4892597695390782	0.4892597695390782	11.31	0.0	289.0	287.96	749.28	-299.93	0	1
PROTOTYPE	034923	04/16/18	08:01:10	0.4892597695390782	0.4892597695390782	11.3	0.0	3.6205222945891786	3.606823021042084	29.82	-2.7	0.4892597695390782	0.4892597695390782	11.3	0.0	292.0	288.56	765.57	-194.94	0	1
PROTOTYPE	034924	04/16/18	08:01:11	0.4892597695390782	0.4892597695390782	11.31	0.0	3.6205222945891786	3.608780060120241	30.15	-2.3	0.4892597695390782	0.4892597695390782	11.31	0.0	292.0	289.08	734.82	-225.7	0	1
PROTOTYPE	034925	04/16/18	08:01:12	0.4892597695390782	0.4892597695390782	11.3	0.0	3.6205222945891786	3.6107370991983965	30.4	-1.95	0.4892597695390782	0.4892597695390782	11.3	0.0	296.0	290.12	723.68	-236.84	0	1
PROTOTYPE	034926	04/16/18	08:01:14	0.4892597695390782	0.4892597695390782	11.3	0.0	3.6205222945891786	3.611715618737475	30.6	-1.66	0.4892597695390782	0.4892597695390782	11.3	0.0	291.0	290.25	339.71	173.68	0	1
PROTOTYPE	034927	04/16/18	08:01:15	0.4892597695390782	0.4892597695390782	11.34	0.0	3.6205222945891786	3.613672657815631	30.79	-1.41	0.4892597695390782	0.4892597695390782	11.34	0.0	290.0	290.21	261.01	252.63	0	1
PROTOTYPE	034928	04/16/18	08:01:17	0.4892597695390782	0.4892597695390782	11.34	0.0	3.6205222945891786	3.6146511773547094	30.91	-1.2	0.4892597695390782	0.4892597695390782	11.34	0.0	298.0	291.38	372.92	364.74	0	1
PROTOTYPE	034929	04/16/18	08:01:18	0.4892597695390782	0.4892597695390782	11.31	0.0	3.6205222945891786	3.6156296968937878	18.27	13.98	0.4892597695390782	0.4892597695390782	11.31	0.0	290.0	291.17	389.42	340.02	0	1
PROTOTYPE	034930	04/16/18	08:01:20	0.4892597695390782	0.4892597695390782	11.32	0.0	3.6205222945891786	3.6166082164328657	16.68	11.88	0.4892597695390782	0.4892597695390782	11.32	0.0	290.0	291.0	388.61	304.02	0	1
PROTOTYPE	034931	04/16/18	08:01:21	0.4892597695390782	0.4892597695390782	11.32	0.0	3.6205222945891786	3.6166082164328657	15.41	10.1	0.4892597695390782	0.4892597695390782	11.32	0.0	290.0	290.85	342.98	228.42	0	1
PROTOTYPE	034932	04/16/18	08:01:22	0.4892597695390782	0.4892597695390782	11.3	0.0	3.6205222945891786	3.617586735971944	14.4	8.59	0.4892597695390782	0.4892597695390782	11.3	0.0	291.0	290.87	294.09	179.16	0	1
PROTOTYPE	034933	04/16/18	08:01:24	0.4892597695390782	0.4892597695390782	11.3	0.0	3.6205222945891786	3.617586735971944	13.63	7.3	0.4892597695390782	0.4892597695390782	11.3	0.0	282.0	289.54	323.33	-57.72	0	1
PROTOTYPE	034934	04/16/18	08:01:25	0.4892597695390782	0.4892597695390782	11.32	0.0	3.6205222945891786	3.6185652555110215	13.05	6.2	0.4892597695390782	0.4892597695390782	11.32	0.0	289.0	289.46	318.24	-79.06	0	1
PROTOTYPE	034935	04/16/18	08:01:27	0.4892597695390782	0.4892597695390782	11.3	0.0	3.522670340681363	3.6038874624248494	25.85	-9.73	0.4892597695390782	0.4892597695390782	11.3	0.0	287.0	289.09	351.14	-112.2	0	1
PROTOTYPE	034936	04/16/18	08:01:28	0.4892597695390782	0.4892597695390782	11.31	0.0	3.6205222945891786	3.606823021042084	26.99	-8.27	0.4892597695390782	0.4892597695390782	11.31	0.0	295.0	289.98	322.97	-140.37	0	1
PROTOTYPE	034937	04/16/18	08:01:29	0.4892597695390782	0.4892597695390782	11.32	0.0	3.6205222945891786	3.608780060120241	27.89	-7.03	0.4892597695390782	0.4892597695390782	11.32	0.0	290.0	289.98	303.69	-119.32	0	1
PROTOTYPE	034938	04/16/18	08:01:31	0.4892597695390782	0.4892597695390782	11.31	0.0	3.522670340681363	3.5960593061122244	39.51	-20.97	0.4892597695390782	0.4892597695390782	11.31	0.0	291.0	290.13	301.39	-86.42	0	1
PROTOTYPE	034939	04/16/18	08:01:32	0.4892597695390782	0.4892597695390782	11.31	0.0	3.6205222945891786	3.598994864729459	42.02	-17.83	0.4892597695390782	0.4892597695390782	11.31	0.0	289.0	289.96	303.42	-88.46	0	1
PROTOTYPE	034940	04/16/18	08:01:34	0.4892597695390782	0.4892597695390782	11.31	0.0	3.6205222945891786	3.602908942885772	44.04	-15.15	0.4892597695390782	0.4892597695390782	11.31	0.0	291.0	290.12	316.36	-75.19	0	1
PROTOTYPE	034941	04/16/18	08:01:35	0.4892597695390782	0.4892597695390782	11.32	0.0	3.6205222945891786	3.604865981963928	45.65	-12.88	0.4892597695390782	0.4892597695390782	11.32	0.0	299.0	291.45	316.52	191.09	0	1
PROTOTYPE	034942	04/16/18	08:01:36	0.4892597695390782	0.4892597695390782	11.3	0.0	3.6205222945891786	3.607801540581162	46.89	-10.95	0.4892597695390782	0.4892597695390782	11.3	0.0	280.0	289.73	480.06	27.43	0	1
PROTOTYPE	034943	04/16/18	08:01:38	0.4892597695390782	0.4892597695390782	11.29	0.0	3.522670340681363	3.5950807865731464	45.26	-9.31	0.4892597695390782	0.4892597695390782	11.29	0.0	290.0	289.77	447.39	68.31	0	1
PROTOTYPE	034944	04/16/18	08:01:39	0.4892597695390782	0.4892597695390782	11.27	0.0	3.6205222945891786	3.598994864729459	46.52	-7.91	0.4892597695390782	0.4892597695390782	11.27	0.0	298.0	291.01	482.14	103.07	0	1
PROTOTYPE	034945	04/16/18	08:01:41	0.4892597695390782	0.4892597695390782	11.27	0.0	3.6205222945891786	3.6019304233466936	47.57	-6.72	0.4892597695390782	0.4892597695390782	11.27	0.0	294.0	291.46	525.59	147.61	0	1
PROTOTYPE	034946	04/16/18	08:01:42	0.4892597695390782	0.4892597695390782	11.27	0.0	3.522670340681363	3.590188188877755	46.57	-5.72	0.4892597695390782	0.4892597695390782	11.27	0.0	290.0	291.24	532.12	110.47	0	1
PROTOTYPE	034947	04/16/18	08:01:44	0.4892597695390782	0.4892597695390782	11.28	0.0	3.522670340681363	3.5804029934869743	52.93	-19.86	0.4892597695390782	0.4892597695390782	11.28	0.0	292.0	291.35	526.58	138.9	0	1
PROTOTYPE	034948	04/16/18	08:01:45	0.4892597695390782	0.4892597695390782	11.31	0.0	3.6205222945891786	3.586274110721443	55.78	-16.88	0.4892597695390782	0.4892597695390782	11.31	0.0	293.0	291.6	535.73	148.06	0	1
PROTOTYPE	034949	04/16/18	08:01:46	0.4892597695390782	0.4892597695390782	11.29	0.0	3.6205222945891786	3.591166708416834	58.15	-14.35	0.4892597695390782	0.4892597695390782	11.29	0.0	287.0	290.91	471.5	-54.15	0	1
PROTOTYPE	034950	04/16/18	08:01:48	0.4892597695390782	0.4892597695390782	11.29	0.0	3.6205222945891786	3.5960593061122244	60.13	-12.2	0.4892597695390782	0.4892597695390782	11.29	0.0	282.0	289.57	433.38	-16.03	0	1
PROTOTYPE	034951	04/16/18	08:01:49	0.4892597695390782	0.4892597695390782	11.29	0.0	3.522670340681363	3.584317071643287	58.31	-10.37	0.4892597695390782	0.4892597695390782	11.29	0.0	283.0	288.59	527.75	-118.62	0	1
PROTOTYPE	034952	04/16/18	08:01:51	0.4892597695390782	0.4892597695390782	11.3	0.0	3.522670340681363	3.575510395791583	63.74	-23.81	0.4892597695390782	0.4892597695390782	11.3	0.0	291.0	288.95	440.56	-205.83	0	1
PROTOTYPE	034953	04/16/18	08:01:52	0.4892597695390782	0.4892597695390782	11.29	0.0	3.522670340681363	3.567682239478958	68.3	-35.24	0.4892597695390782	0.4892597695390782	11.29	0.0	282.0	287.91	499.89	-354.95	0	1
PROTOTYPE	034954	04/16/18	08:01:53	0.4892597695390782	0.4892597695390782	11.28	0.0	3.522670340681363	3.560832602705411	63.07	-29.95	0.4892597695390782	0.4892597695390782	11.28	0.0	280.0	286.72	596.61	-451.71	0	1
PROTOTYPE	034955	04/16/18	08:01:55	0.4892597695390782	0.4892597695390782	11.28	0.0	3.6205222945891786	3.569639278557114	61.92	-10.46	0.4892597695390782	0.4892597695390782	11.28	0.0	299.0	288.56	769.29	-278.95	0	1
PROTOTYPE	034956	04/16/18	08:01:56	0.4892597695390782	0.4892597695390782	11.26	0.0	3.6205222945891786	3.5774674348697397	63.45	-8.89	0.4892597695390782	0.4892597695390782	11.26	0.0	294.0	289.38	826.1	-222.11	0	1
PROTOTYPE	034957	04/16/18	08:01:58	0.4892597695390782	0.4892597695390782	11.28	0.0	3.6205222945891786	3.5833385521042085	64.75	-7.56	0.4892597695390782	0.4892597695390782	11.28	0.0	298.0	290.67	886.43	-23.79	0	1
PROTOTYPE	034958	04/16/18	08:01:59	0.4892597695390782	0.4892597695390782	11.29	0.0	3.522670340681363	3.574531876252505	69.52	-21.42	0.4892597695390782	0.4892597695390782	11.29	0.0	299.0	291.92	877.72	234.77	0	1
PROTOTYPE	034959	04/16/18	08:02:00	0.4892597695390782	0.4892597695390782	11.3	0.0	3.522670340681363	3.5667037199398797	66.34	-18.21	0.4892597695390782	0.4892597695390782	11.3	0.0	294.0	292.23	810.34	364.56	0	1
PROTOTYPE	034960	04/16/18	08:02:02	0.4892597695390782	0.4892597695390782	11.29	0.0	3.6205222945891786	3.574531876252505	65.08	-0.48	0.4892597695390782	0.4892597695390782	11.29	0.0	281.0	290.55	942.61	159.87	0	1
PROTOTYPE	034961	04/16/18	08:02:03	0.4892597695390782	0.4892597695390782	11.29	0.0	3.522670340681363	3.5667037199398797	65.01	-0.41	0.4892597695390782	0.4892597695390782	11.29	0.0	292.0	290.77	860.2	285.89	0	1
PROTOTYPE	034962	04/16/18	08:02:05	0.4892597695390782	0.4892597695390782	11.33	0.0	3.6205222945891786	3.575510395791583	66.33	14.65	0.4892597695390782	0.4892597695390782	11.33	0.0	279.0	289.0	918.08	228.01	0	1
PROTOTYPE	034963	04/16/18	08:02:06	0.4892597695390782	0.4892597695390782	11.33	0.0	3.6205222945891786	3.58236003256513	64.16	12.46	0.4892597695390782	0.4892597695390782	11.33	0.0	300.0	290.65	898.88	208.81	0	1
PROTOTYPE	034964	04/16/18	08:02:08	0.4892597695390782	0.4892597695390782	11.32	0.0	3.522670340681363	3.5725748371743484	65.43	-4.41	0.4892597695390782	0.4892597695390782	11.32	0.0	292.0	290.85	837.59	147.49	0	1
PROTOTYPE	034965	04/16/18	08:02:09	0.4892597695390782	0.4892597695390782	11.34	0.0	3.6205222945891786	3.5804029934869743	66.08	-3.75	0.4892597695390782	0.4892597695390782	11.34	0.0	302.0	292.53	875.47	185.36	0	1
PROTOTYPE	034966	04/16/18	08:02:10	0.4892597695390782	0.4892597695390782	11.32	0.0	3.522670340681363	3.5715963176352705	65.53	-3.19	0.4892597695390782	0.4892597695390782	11.32	0.0	284.0	291.25	878.41	-67.44	0	1
