Dev_id	Index	Date	Time	Sensor1	Sensor1_Filter	Sensor1_LL	Sensor1_Diff	Sensor2	Sensor2_Filter	Sensor2_LL	Sensor2_Diff	Sensor3	Sensor3_Filter	Sensor3_LL	Sensor3_Diff	Sensor4	Sensor4_Filter	Sensor4_LL	Sensor4_Diff	Heater_Status	FSM_Status
PROTOTYPE	019167	04/16/18	01:50:39	0.4892597695390782	0.4892597695390782	11.24	0.0	3.424818386773547	3.423839867234469	11.96	3.87	0.4892597695390782	0.4892597695390782	11.24	0.0	295.0	291.23	601.41	274.57	0	1
PROTOTYPE	019168	04/16/18	01:50:40	0.4892597695390782	0.4892597695390782	11.24	0.0	3.424818386773547	3.423839867234469	11.77	3.29	0.4892597695390782	0.4892597695390782	11.24	0.0	299.0	292.4	650.22	323.38	0	1
PROTOTYPE	019169	04/16/18	01:50:42	0.4892597695390782	0.4892597695390782	11.25	0.0	3.424818386773547	3.423839867234469	11.63	2.79	0.4892597695390782	0.4892597695390782	11.25	0.0	292.0	292.34	608.87	364.87	0	1
PROTOTYPE	019170	04/16/18	01:50:43	0.4892597695390782	0.4892597695390782	11.22	0.0	3.424818386773547	3.423839867234469	11.5	2.38	0.4892597695390782	0.4892597695390782	11.22	0.0	278.0	290.19	774.27	100.14	0	1
PROTOTYPE	019171	04/16/18	01:50:44	0.4892597695390782	0.4892597695390782	11.22	0.0	3.424818386773547	3.423839867234469	11.42	2.02	0.4892597695390782	0.4892597695390782	11.22	0.0	298.0	291.36	849.23	175.12	0	1
PROTOTYPE	019172	04/16/18	01:50:46	0.4892597695390782	0.4892597695390782	11.24	0.0	3.424818386773547	3.423839867234469	11.39	1.72	0.4892597695390782	0.4892597695390782	11.24	0.0	285.0	290.41	878.73	13.85	0	1
PROTOTYPE	019173	04/16/18	01:50:47	0.4892597695390782	0.4892597695390782	11.26	0.0	3.424818386773547	3.423839867234469	11.36	1.46	0.4892597695390782	0.4892597695390782	11.26	0.0	297.0	291.39	831.66	-33.22	0	1
PROTOTYPE	019174	04/16/18	01:50:49	0.4892597695390782	0.4892597695390782	11.26	0.0	3.424818386773547	3.424818386773547	11.33	1.24	0.4892597695390782	0.4892597695390782	11.26	0.0	287.0	290.74	781.68	16.76	0	1
PROTOTYPE	019175	04/16/18	01:50:50	0.4892597695390782	0.4892597695390782	11.25	0.0	3.424818386773547	3.424818386773547	11.3	1.05	0.4892597695390782	0.4892597695390782	11.25	0.0	286.0	290.03	786.23	-120.75	0	1
PROTOTYPE	019176	04/16/18	01:50:51	0.4892597695390782	0.4892597695390782	11.24	0.0	3.424818386773547	3.424818386773547	11.28	0.9	0.4892597695390782	0.4892597695390782	11.24	0.0	289.0	289.87	685.15	-252.64	0	1
PROTOTYPE	019177	04/16/18	01:50:53	0.4892597695390782	0.4892597695390782	11.23	0.0	3.424818386773547	3.424818386773547	11.26	0.76	0.4892597695390782	0.4892597695390782	11.23	0.0	283.0	288.84	782.1	-349.75	0	1
PROTOTYPE	019178	04/16/18	01:50:54	0.4892597695390782	0.4892597695390782	11.23	0.0	3.424818386773547	3.424818386773547	11.25	0.65	0.4892597695390782	0.4892597695390782	11.23	0.0	293.0	289.46	629.43	-72.28	0	1
PROTOTYPE	019179	04/16/18	01:50:56	0.4892597695390782	0.4892597695390782	11.23	0.0	3.424818386773547	3.424818386773547	11.24	0.55	0.4892597695390782	0.4892597695390782	11.23	0.0	288.0	289.24	534.24	-211.44	0	1
PROTOTYPE	019180	04/16/18	01:50:57	0.4892597695390782	0.4892597695390782	11.21	0.0	3.424818386773547	3.424818386773547	11.22	0.47	0.4892597695390782	0.4892597695390782	11.21	0.0	294.0	289.96	510.19	-44.72	0	1
PROTOTYPE	019181	04/16/18	01:50:58	0.4892597695390782	0.4892597695390782	11.21	0.0	3.424818386773547	3.424818386773547	11.22	0.4	0.4892597695390782	0.4892597695390782	11.21	0.0	298.0	291.16	531.89	-23.02	0	1
PROTOTYPE	019182	04/16/18	01:51:00	0.4892597695390782	0.4892597695390782	11.22	0.0	3.424818386773547	3.424818386773547	11.22	0.34	0.4892597695390782	0.4892597695390782	11.22	0.0	296.0	291.89	538.51	115.44	0	1
PROTOTYPE	019183	04/16/18	01:51:01	0.4892597695390782	0.4892597695390782	11.21	0.0	3.424818386773547	3.424818386773547	11.21	0.29	0.39140781563126253	0.4745819764529058	24.87	-15.0	275.0	289.36	720.81	-66.88	0	1
PROTOTYPE	019184	04/16/18	01:51:03	0.4892597695390782	0.4892597695390782	11.23	0.0	3.424818386773547	3.424818386773547	11.23	0.24	0.4892597695390782	0.4765390155310621	26.14	-12.75	295.0	290.2	790.04	33.15	0	1
PROTOTYPE	019185	04/16/18	01:51:04	0.4892597695390782	0.4892597695390782	11.26	0.0	3.424818386773547	3.424818386773547	11.26	0.21	0.4892597695390782	0.47849605460921835	27.13	-10.84	299.0	291.52	818.93	268.18	0	1
PROTOTYPE	019186	04/16/18	01:51:06	0.4892597695390782	0.4892597695390782	11.27	0.0	3.424818386773547	3.424818386773547	11.27	0.18	0.4892597695390782	0.48045309368737477	27.88	-9.21	292.0	291.59	763.82	212.95	0	1
PROTOTYPE	019187	04/16/18	01:51:07	0.4892597695390782	0.4892597695390782	11.26	0.0	3.424818386773547	3.424818386773547	11.26	0.15	0.4892597695390782	0.48143161322645295	28.44	-7.83	287.0	290.9	810.73	166.01	0	1
PROTOTYPE	019188	04/16/18	01:51:08	0.4892597695390782	0.4892597695390782	11.28	0.0	3.424818386773547	3.424818386773547	11.28	0.13	0.4892597695390782	0.482410132765531	28.88	-6.66	288.0	290.47	782.99	51.11	0	1
PROTOTYPE	019189	04/16/18	01:51:10	0.4892597695390782	0.4892597695390782	11.27	0.0	3.424818386773547	3.424818386773547	11.27	0.11	0.4892597695390782	0.48338865230460926	29.19	-5.66	287.0	289.95	714.41	-121.56	0	1
PROTOTYPE	019190	04/16/18	01:51:11	0.4892597695390782	0.4892597695390782	11.28	0.0	3.424818386773547	3.424818386773547	11.28	0.09	0.4892597695390782	0.48436717184368744	29.43	-4.81	296.0	290.86	732.64	-103.32	0	1
PROTOTYPE	019191	04/16/18	01:51:13	0.4892597695390782	0.4892597695390782	11.29	0.0	3.424818386773547	3.424818386773547	11.29	0.08	0.4892597695390782	0.4853456913827655	15.95	10.91	297.0	291.78	571.46	242.17	0	1
PROTOTYPE	019192	04/16/18	01:51:14	0.4892597695390782	0.4892597695390782	11.3	0.0	3.424818386773547	3.424818386773547	11.3	0.07	0.4892597695390782	0.4863242109218437	14.85	9.28	288.0	291.21	543.48	100.85	0	1
PROTOTYPE	019193	04/16/18	01:51:15	0.4892597695390782	0.4892597695390782	11.28	0.0	3.424818386773547	3.424818386773547	11.28	0.06	0.4892597695390782	0.4863242109218437	13.96	7.88	300.0	292.53	543.35	100.72	0	1
PROTOTYPE	019194	04/16/18	01:51:17	0.4892597695390782	0.4892597695390782	11.27	0.0	3.424818386773547	3.424818386773547	11.27	0.05	0.4892597695390782	0.4863242109218437	13.27	6.7	291.0	292.3	559.03	70.61	0	1
PROTOTYPE	019195	04/16/18	01:51:18	0.4892597695390782	0.4892597695390782	11.29	0.0	3.424818386773547	3.424818386773547	11.29	0.04	0.4892597695390782	0.48730273046092193	12.78	5.7	292.0	292.26	494.83	135.02	0	1
PROTOTYPE	019196	04/16/18	01:51:20	0.4892597695390782	0.4892597695390782	11.29	0.0	3.424818386773547	3.424818386773547	11.29	0.03	0.4892597695390782	0.48730273046092193	12.39	4.84	299.0	293.27	552.42	279.77	0	1
PROTOTYPE	019197	04/16/18	01:51:21	0.4892597695390782	0.4892597695390782	11.32	0.0	3.424818386773547	3.424818386773547	11.32	0.03	0.4892597695390782	0.48730273046092193	12.13	4.12	293.0	293.23	504.61	327.8	0	1
PROTOTYPE	019198	04/16/18	01:51:23	0.4892597695390782	0.4892597695390782	11.32	0.0	3.424818386773547	3.424818386773547	11.32	0.03	0.4892597695390782	0.48828125	11.91	3.5	291.0	292.89	447.26	203.63	0	1
PROTOTYPE	019199	04/16/18	01:51:24	0.4892597695390782	0.4892597695390782	11.31	0.0	3.424818386773547	3.424818386773547	11.31	0.02	0.4892597695390782	0.48828125	11.74	2.97	301.0	294.11	476.72	233.09	0	1
PROTOTYPE	019200	04/16/18	01:51:25	0.4892597695390782	0.4892597695390782	11.3	0.0	3.424818386773547	3.424818386773547	11.3	0.02	0.4892597695390782	0.48828125	11.61	2.53	298.0	294.69	478.41	348.12	0	1
PROTOTYPE	019201	04/16/18	01:51:27	0.4892597695390782	0.4892597695390782	11.3	0.0	3.424818386773547	3.424818386773547	11.3	0.02	0.4892597695390782	0.48828125	11.53	2.15	294.0	294.59	357.06	205.91	0	1
PROTOTYPE	019202	04/16/18	01:51:28	0.4892597695390782	0.4892597695390782	11.29	0.0	3.424818386773547	3.424818386773547	11.29	0.01	0.4892597695390782	0.48828125	11.45	1.83	286.0	293.3	462.91	100.02	0	1
PROTOTYPE	019203	04/16/18	01:51:30	0.4892597695390782	0.4892597695390782	11.29	0.0	3.424818386773547	3.424818386773547	11.29	0.01	0.4892597695390782	0.48828125	11.41	1.55	284.0	291.91	597.7	-34.98	0	1
PROTOTYPE	019204	04/16/18	01:51:31	0.4892597695390782	0.4892597695390782	11.28	0.0	3.424818386773547	3.424818386773547	11.28	0.01	0.4892597695390782	0.4892597695390782	11.36	1.32	297.0	292.67	572.95	-59.74	0	1
PROTOTYPE	019205	04/16/18	01:51:32	0.4892597695390782	0.4892597695390782	11.27	0.0	3.424818386773547	3.424818386773547	11.27	0.01	0.4892597695390782	0.4892597695390782	11.33	1.12	280.0	290.77	758.75	-245.78	0	1
PROTOTYPE	019206	04/16/18	01:51:34	0.4892597695390782	0.4892597695390782	11.28	0.0	3.424818386773547	3.424818386773547	11.28	0.01	0.4892597695390782	0.4892597695390782	11.32	0.95	287.0	290.2	781.87	-268.91	0	1
PROTOTYPE	019207	04/16/18	01:51:35	0.4892597695390782	0.4892597695390782	11.3	0.0	3.424818386773547	3.424818386773547	11.3	0.01	0.4892597695390782	0.4892597695390782	11.33	0.81	294.0	290.77	717.21	-333.57	0	1
PROTOTYPE	019208	04/16/18	01:51:37	0.4892597695390782	0.4892597695390782	11.29	0.0	3.424818386773547	3.424818386773547	11.29	0.0	0.4892597695390782	0.4892597695390782	11.31	0.69	279.0	289.01	835.43	-568.54	0	1
PROTOTYPE	019209	04/16/18	01:51:38	0.4892597695390782	0.4892597695390782	11.31	0.0	3.424818386773547	3.424818386773547	11.31	0.0	0.4892597695390782	0.4892597695390782	11.33	0.59	290.0	289.16	839.91	-543.26	0	1
PROTOTYPE	019210	04/16/18	01:51:39	0.4892597695390782	0.4892597695390782	11.33	0.0	3.424818386773547	3.424818386773547	11.33	0.0	0.4892597695390782	0.4892597695390782	11.34	0.5	285.0	288.53	773.43	-476.77	0	1
PROTOTYPE	019211	04/16/18	01:51:41	0.4892597695390782	0.4892597695390782	11.31	0.0	3.424818386773547	3.424818386773547	11.31	0.0	0.4892597695390782	0.4892597695390782	11.32	0.42	283.0	287.7	716.92	-420.25	0	1
PROTOTYPE	019212	04/16/18	01:51:42	0.4892597695390782	0.4892597695390782	11.31	0.0	3.424818386773547	3.424818386773547	11.31	0.0	0.4892597695390782	0.4892597695390782	11.31	0.36	290.0	288.05	674.97	-462.21	0	1
PROTOTYPE	019213	04/16/18	01:51:44	0.4892597695390782	0.4892597695390782	11.31	0.0	3.424818386773547	3.424818386773547	11.31	0.0	0.4892597695390782	0.4892597695390782	11.31	0.31	291.0	288.49	529.24	-227.88	0	1
PROTOTYPE	019214	04/16/18	01:51:45	0.4892597695390782	0.4892597695390782	11.29	0.0	3.424818386773547	3.424818386773547	11.29	0.0	0.4892597695390782	0.4892597695390782	11.29	0.26	297.0	289.77	600.34	-43.7	0	1
PROTOTYPE	019215	04/16/18	01:51:47	0.4892597695390782	0.4892597695390782	11.29	0.0	3.424818386773547	3.424818386773547	11.29	0.0	0.4892597695390782	0.4892597695390782	11.29	0.22	296.0	290.7	636.89	-7.15	0	1
PROTOTYPE	019216	04/16/18	01:51:48	0.4892597695390782	0.4892597695390782	11.3	0.0	3.424818386773547	3.424818386773547	11.3	0.0	0.4892597695390782	0.4892597695390782	11.3	0.19	293.0	291.05	494.79	203.93	0	1
PROTOTYPE	019217	04/16/18	01:51:49	0.4892597695390782	0.4892597695390782	11.3	0.0	3.424818386773547	3.424818386773547	11.3	0.0	0.4892597695390782	0.4892597695390782	11.3	0.16	288.0	290.59	525.54	143.34	0	1
PROTOTYPE	019218	04/16/18	01:51:51	0.4892597695390782	0.4892597695390782	11.31	0.0	3.424818386773547	3.424818386773547	11.31	0.0	0.4892597695390782	0.4892597695390782	11.31	0.14	280.0	289.0	622.04	46.84	0	1
PROTOTYPE	019219	04/16/18	01:51:52	0.4892597695390782	0.4892597695390782	11.39	0.0	3.424818386773547	3.424818386773547	11.39	0.0	0.4892597695390782	0.4892597695390782	11.39	0.12	289.0	289.0	540.51	129.81	0	1
PROTOTYPE	019220	04/16/18	01:51:54	0.4892597695390782	0.4892597695390782	11.39	0.0	3.424818386773547	3.424818386773547	11.39	0.0	0.4892597695390782	0.4892597695390782	11.39	0.1	290.0	289.15	521.08	110.34	0	1
PROTOTYPE	019221	04/16/18	01:51:55	0.4892597695390782	0.4892597695390782	11.37	0.0	3.424818386773547	3.424818386773547	11.37	0.0	0.4892597695390782	0.4892597695390782	11.37	0.08	285.0	288.53	539.05	3.79	0	1
PROTOTYPE	019222	04/16/18	01:51:56	0.4892597695390782	0.4892597695390782	11.38	0.0	3.424818386773547	3.424818386773547	11.38	0.0	0.4892597695390782	0.4892597695390782	11.38	0.07	288.0	288.45	419.44	-131.78	0	1
PROTOTYPE	019223	04/16/18	01:51:58	0.4892597695390782	0.4892597695390782	11.38	0.0	3.424818386773547	3.424818386773547	11.38	0.0	0.4892597695390782	0.4892597695390782	11.38	0.06	291.0	288.83	364.22	-187.01	0	1
PROTOTYPE	019224	04/16/18	01:51:59	0.4892597695390782	0.4892597695390782	11.37	0.0	3.424818386773547	3.424818386773547	11.37	0.0	0.4892597695390782	0.4892597695390782	11.37	0.05	289.0	288.86	332.61	-218.96	0	1
PROTOTYPE	019225	04/16/18	01:52:01	0.4892597695390782	0.4892597695390782	11.36	0.0	3.424818386773547	3.424818386773547	11.36	0.0	0.4892597695390782	0.4892597695390782	11.36	0.04	296.0	289.93	394.04	-66.12	0	1
PROTOTYPE	019226	04/16/18	01:52:02	0.4892597695390782	0.4892597695390782	11.37	0.0	3.424818386773547	3.424818386773547	11.37	0.0	0.4892597695390782	0.4892597695390782	11.37	0.04	294.0	290.54	296.29	153.8	0	1
PROTOTYPE	019227	04/16/18	01:52:04	0.4892597695390782	0.4892597695390782	11.34	0.0	3.424818386773547	3.424818386773547	11.34	0.0	0.4892597695390782	0.4892597695390782	11.34	0.03	275.0	288.21	527.9	-79.27	0	1
PROTOTYPE	019228	04/16/18	01:52:05	0.4892597695390782	0.4892597695390782	11.35	0.0	3.424818386773547	3.424818386773547	11.35	0.0	0.4892597695390782	0.4892597695390782	11.35	0.03	290.0	288.48	539.76	-67.38	0	1
PROTOTYPE	019229	04/16/18	01:52:06	0.4892597695390782	0.4892597695390782	11.34	0.0	3.424818386773547	3.424818386773547	11.34	0.0	0.4892597695390782	0.4892597695390782	11.34	0.02	297.0	289.76	605.33	122.73	0	1
PROTOTYPE	019230	04/16/18	01:52:08	0.4892597695390782	0.4892597695390782	11.35	0.0	3.522670340681363	3.4394961798597192	24.99	15.0	0.4892597695390782	0.4892597695390782	11.35	0.02	290.0	289.79	601.22	134.32	0	1
PROTOTYPE	019231	04/16/18	01:52:09	0.4892597695390782	0.4892597695390782	11.35	0.0	3.424818386773547	3.4375391407815634	26.23	12.75	0.4892597695390782	0.4892597695390782	11.35	0.02	286.0	289.22	619.83	39.17	0	1
PROTOTYPE	019232	04/16/18	01:52:11	0.4892597695390782	0.4892597695390782	11.36	0.0	3.424818386773547	3.4355821017034067	27.21	10.84	0.4892597695390782	0.4892597695390782	11.36	0.01	282.0	288.14	725.3	-71.7	0	1
PROTOTYPE	019233	04/16/18	01:52:12	0.4892597695390782	0.4892597695390782	11.35	0.0	3.522670340681363	3.448302855711423	39.25	24.21	0.4892597695390782	0.4892597695390782	11.35	0.01	287.0	287.97	635.3	-195.95	0	1
PROTOTYPE	019234	04/16/18	01:52:13	0.4892597695390782	0.4892597695390782	11.31	0.0	3.424818386773547	3.4453672970941884	41.7	20.58	0.4892597695390782	0.4892597695390782	11.31	0.01	300.0	289.77	754.68	-76.56	0	1
PROTOTYPE	019235	04/16/18	01:52:15	0.4892597695390782	0.4892597695390782	11.28	0.0	3.424818386773547	3.441453218937876	43.65	17.49	0.4892597695390782	0.4892597695390782	11.28	0.01	292.0	290.11	555.01	189.93	0	1
PROTOTYPE	019236	04/16/18	01:52:16	0.4892597695390782	0.4892597695390782	11.27	0.0	3.424818386773547	3.4394961798597192	45.21	14.87	0.4892597695390782	0.4892597695390782	11.27	0.01	292.0	290.39	556.52	191.44	0	1
PROTOTYPE	019237	04/16/18	01:52:18	0.4892597695390782	0.4892597695390782	11.29	0.0	3.424818386773547	3.4375391407815634	46.46	12.64	0.4892597695390782	0.4892597695390782	11.29	0.01	296.0	291.23	512.81	147.72	0	1
PROTOTYPE	019238	04/16/18	01:52:19	0.4892597695390782	0.4892597695390782	11.26	0.0	3.424818386773547	3.4355821017034067	33.74	-4.26	0.4892597695390782	0.4892597695390782	11.26	0.01	298.0	292.25	610.4	245.56	0	1
PROTOTYPE	019239	04/16/18	01:52:20	0.4892597695390782	0.4892597695390782	11.23	0.0	3.424818386773547	3.433625062625251	33.21	-3.62	0.4892597695390782	0.4892597695390782	11.23	0.0	292.0	292.21	557.47	298.73	0	1
PROTOTYPE	019240	04/16/18	01:52:22	0.4892597695390782	0.4892597695390782	11.25	0.0	3.424818386773547	3.432646543086172	32.81	-3.08	0.4892597695390782	0.4892597695390782	11.25	0.0	297.0	292.93	520.96	478.92	0	1
PROTOTYPE	019241	04/16/18	01:52:23	0.4892597695390782	0.4892597695390782	11.25	0.0	3.424818386773547	3.431668023547094	21.19	-17.61	0.4892597695390782	0.4892597695390782	11.25	0.0	282.0	291.29	667.75	332.08	0	1
PROTOTYPE	019242	04/16/18	01:52:25	0.4892597695390782	0.4892597695390782	11.26	0.0	3.424818386773547	3.4306895040080163	19.01	-14.97	0.4892597695390782	0.4892597695390782	11.26	0.0	281.0	289.75	641.63	-2.73	0	1
PROTOTYPE	019243	04/16/18	01:52:26	0.4892597695390782	0.4892597695390782	11.25	0.0	3.424818386773547	3.4297109844689375	17.26	-12.73	0.4892597695390782	0.4892597695390782	11.25	0.0	293.0	290.23	657.03	12.68	0	1
PROTOTYPE	019244	04/16/18	01:52:28	0.4892597695390782	0.4892597695390782	11.26	0.0	3.424818386773547	3.4287324649298596	15.87	-10.82	0.4892597695390782	0.4892597695390782	11.26	0.0	304.0	292.3	835.09	190.78	0	1
PROTOTYPE	019245	04/16/18	01:52:29	0.4892597695390782	0.4892597695390782	11.25	0.0	3.424818386773547	3.4277539453907817	14.76	-9.19	0.4892597695390782	0.4892597695390782	11.25	0.0	289.0	291.8	800.46	57.16	0	1
PROTOTYPE	019246	04/16/18	01:52:30	0.4892597695390782	0.4892597695390782	11.25	0.0	3.522670340681363	3.442431738476954	26.96	7.18	0.4892597695390782	0.4892597695390782	11.25	0.0	286.0	290.93	786.02	-131.41	0	1
PROTOTYPE	019247	04/16/18	01:52:32	0.4892597695390782	0.4892597695390782	11.26	0.0	3.522670340681363	3.4541739729458913	37.22	21.11	0.4892597695390782	0.4892597695390782	11.26	0.0	285.0	290.04	871.06	-216.7	0	1
PROTOTYPE	019248	04/16/18	01:52:33	0.4892597695390782	0.4892597695390782	11.24	0.0	3.522670340681363	3.464937687875751	45.8	32.94	0.4892597695390782	0.4892597695390782	11.24	0.0	287.0	289.59	844.88	-334.2	0	1
PROTOTYPE	019249	04/16/18	01:52:35	0.4892597695390782	0.4892597695390782	11.25	0.0	3.522670340681363	3.4737443637274548	52.98	43.0	0.4892597695390782	0.4892597695390782	11.25	0.0	299.0	291.0	822.14	-29.07	0	1
PROTOTYPE	019250	04/16/18	01:52:36	0.4892597695390782	0.4892597695390782	11.26	0.0	3.424818386773547	3.4659162074148298	58.84	36.55	0.4892597695390782	0.4892597695390782	11.26	0.0	260.0	286.35	1132.78	-339.71	0	1
PROTOTYPE	019251	04/16/18	01:52:37	0.4892597695390782	0.4892597695390782	11.25	0.0	3.522670340681363	3.474722883266533	65.98	46.07	0.4892597695390782	0.4892597695390782	11.25	0.0	303.0	288.85	1333.72	-138.75	0	1
PROTOTYPE	019252	04/16/18	01:52:39	0.4892597695390782	0.4892597695390782	11.23	0.0	3.522670340681363	3.4815725200400798	71.9	54.16	0.4892597695390782	0.4892597695390782	11.23	0.0	291.0	289.17	1159.56	-312.94	0	1
PROTOTYPE	019253	04/16/18	01:52:40	0.4892597695390782	0.4892597695390782	11.23	0.0	3.424818386773547	3.4727658441883773	79.22	46.03	0.4892597695390782	0.4892597695390782	11.23	0.0	292.0	289.59	1152.53	-221.0	0	1
PROTOTYPE	019254	04/16/18	01:52:42	0.4892597695390782	0.4892597695390782	11.25	0.0	3.424818386773547	3.4659162074148298	72.22	24.13	0.4892597695390782	0.4892597695390782	11.25	0.0	301.0	291.31	1236.54	37.15	0	1
PROTOTYPE	019255	04/16/18	01:52:43	0.4892597695390782	0.4892597695390782	11.26	0.0	3.424818386773547	3.4600450901803605	66.29	5.51	0.4892597695390782	0.4892597695390782	11.26	0.0	297.0	292.16	1232.96	211.58	0	1
PROTOTYPE	019256	04/16/18	01:52:44	0.4892597695390782	0.4892597695390782	11.28	0.0	3.522670340681363	3.4688517660320644	65.48	4.68	0.4892597695390782	0.4892597695390782	11.28	0.0	278.0	290.04	1399.68	44.84	0	1
PROTOTYPE	019257	04/16/18	01:52:46	0.4892597695390782	0.4892597695390782	11.31	0.0	3.424818386773547	3.462980648797595	63.43	-11.02	0.4892597695390782	0.4892597695390782	11.31	0.0	292.0	290.33	1287.98	-66.88	0	1
PROTOTYPE	019258	04/16/18	01:52:47	0.4892597695390782	0.4892597695390782	11.3	0.0	3.522670340681363	3.4717873246492985	65.18	5.63	0.4892597695390782	0.4892597695390782	11.3	0.0	305.0	292.53	1043.05	618.15	0	1
PROTOTYPE	019259	04/16/18	01:52:49	0.4892597695390782	0.4892597695390782	11.31	0.0	3.522670340681363	3.479615480961924	64.35	4.79	0.4892597695390782	0.4892597695390782	11.31	0.0	286.0	291.55	891.25	270.43	0	1
PROTOTYPE	019260	04/16/18	01:52:50	0.4892597695390782	0.4892597695390782	11.31	0.0	3.522670340681363	3.4854865981963927	63.64	4.07	0.4892597695390782	0.4892597695390782	11.31	0.0	289.0	291.17	897.21	199.86	0	1
PROTOTYPE	019261	04/16/18	01:52:51	0.4892597695390782	0.4892597695390782	11.31	0.0	3.522670340681363	3.491357715430862	60.63	18.46	0.4892597695390782	0.4892597695390782	11.31	0.0	302.0	292.79	1017.22	319.88	0	1
PROTOTYPE	019262	04/16/18	01:52:53	0.4892597695390782	0.4892597695390782	11.3	0.0	3.522670340681363	3.496250313126252	58.08	30.69	0.4892597695390782	0.4892597695390782	11.3	0.0	292.0	292.67	858.11	136.9	0	1
PROTOTYPE	019263	04/16/18	01:52:54	0.4892597695390782	0.4892597695390782	11.31	0.0	3.522670340681363	3.5001643912825657	55.95	41.09	0.4892597695390782	0.4892597695390782	11.31	0.0	287.0	291.82	857.8	-33.63	0	1
PROTOTYPE	019264	04/16/18	01:52:56	0.4892597695390782	0.4892597695390782	11.29	0.0	3.522670340681363	3.5030999498997994	49.95	34.92	0.4892597695390782	0.4892597695390782	11.29	0.0	292.0	291.85	648.41	181.41	0	1
PROTOTYPE	019265	04/16/18	01:52:57	0.4892597695390782	0.4892597695390782	11.25	0.0	3.522670340681363	3.506035508517034	46.26	44.69	0.4892597695390782	0.4892597695390782	11.25	0.0	290.0	291.57	646.68	124.2	0	1
PROTOTYPE	019266	04/16/18	01:52:59	0.4892597695390782	0.4892597695390782	11.26	0.0	3.522670340681363	3.5089710671342687	39.83	37.98	0.4892597695390782	0.4892597695390782	11.26	0.0	291.0	291.49	435.33	-104.43	0	1
PROTOTYPE	019267	04/16/18	01:53:00	0.4892597695390782	0.4892597695390782	11.33	0.0	3.424818386773547	3.496250313126252	44.82	17.29	0.4892597695390782	0.4892597695390782	11.33	0.0	297.0	292.31	420.08	76.23	0	1
PROTOTYPE	019268	04/16/18	01:53:01	0.4892597695390782	0.4892597695390782	11.35	0.0	3.522670340681363	3.5001643912825657	42.32	14.69	0.4892597695390782	0.4892597695390782	11.35	0.0	298.0	293.17	467.1	199.8	0	1
PROTOTYPE	019269	04/16/18	01:53:03	0.4892597695390782	0.4892597695390782	11.35	0.0	3.424818386773547	3.4884221568136273	48.12	-2.51	0.4892597695390782	0.4892597695390782	11.35	0.0	298.0	293.89	377.13	109.83	0	1
PROTOTYPE	019270	04/16/18	01:53:04	0.4892597695390782	0.4892597695390782	11.35	0.0	3.522670340681363	3.4942932740480965	48.49	-2.13	0.4892597695390782	0.4892597695390782	11.35	0.0	297.0	294.36	411.8	168.35	0	1
PROTOTYPE	019271	04/16/18	01:53:06	0.4892597695390782	0.4892597695390782	11.32	0.0	3.424818386773547	3.483529559118237	54.84	-16.81	0.4892597695390782	0.4892597695390782	11.32	0.0	298.0	294.9	381.33	308.1	0	1
PROTOTYPE	019272	04/16/18	01:53:07	0.4892597695390782	0.4892597695390782	11.31	0.0	3.522670340681363	3.4894006763527052	57.25	-14.29	0.4892597695390782	0.4892597695390782	11.31	0.0	294.0	294.77	391.96	291.89	0	1
PROTOTYPE	019273	04/16/18	01:53:08	0.4892597695390782	0.4892597695390782	11.32	0.0	3.522670340681363	3.4942932740480965	59.27	-12.15	0.4892597695390782	0.4892597695390782	11.32	0.0	297.0	295.1	397.68	353.1	0	1
PROTOTYPE	019274	04/16/18	01:53:10	0.4892597695390782	0.4892597695390782	11.32	0.0	3.522670340681363	3.498207352204409	60.95	-10.33	0.4892597695390782	0.4892597695390782	11.32	0.0	292.0	294.64	435.55	315.14	0	1
PROTOTYPE	019275	04/16/18	01:53:11	0.4892597695390782	0.4892597695390782	11.24	0.0	3.424818386773547	3.487443637274549	59.4	-8.78	0.4892597695390782	0.4892597695390782	11.24	0.0	291.0	294.09	407.42	177.87	0	1
PROTOTYPE	019276	04/16/18	01:53:13	0.4892597695390782	0.4892597695390782	11.21	0.0	3.522670340681363	3.493314754509018	60.65	-7.46	0.4892597695390782	0.4892597695390782	11.21	0.0	292.0	293.78	353.52	61.19	0	1
PROTOTYPE	019277	04/16/18	01:53:14	0.4892597695390782	0.4892597695390782	11.31	0.0	3.424818386773547	3.4825510395791586	59.55	-6.34	0.4892597695390782	0.4892597695390782	11.31	0.0	282.0	292.01	457.68	-187.99	0	1
PROTOTYPE	019278	04/16/18	01:53:16	0.4892597695390782	0.4892597695390782	11.33	0.0	3.424818386773547	3.4737443637274548	63.16	-20.39	0.4892597695390782	0.4892597695390782	11.33	0.0	294.0	292.31	440.89	-204.79	0	1
PROTOTYPE	019279	04/16/18	01:53:17	0.4892597695390782	0.4892597695390782	11.34	0.0	3.424818386773547	3.466894726953908	60.14	-17.33	0.4892597695390782	0.4892597695390782	11.34	0.0	289.0	291.81	435.91	-309.07	0	1
PROTOTYPE	019280	04/16/18	01:53:18	0.4892597695390782	0.4892597695390782	11.35	0.0	3.424818386773547	3.4600450901803605	60.54	-29.73	0.4892597695390782	0.4892597695390782	11.35	0.0	296.0	292.44	485.09	-232.71	0	1
PROTOTYPE	019281	04/16/18	01:53:20	0.4892597695390782	0.4892597695390782	11.36	0.0	3.424818386773547	3.45515249248497	60.87	-40.27	0.4892597695390782	0.4892597695390782	11.36	0.0	297.0	293.13	519.98	-197.81	0	1
PROTOTYPE	019282	04/16/18	01:53:21	0.4892597695390782	0.4892597695390782	11.35	0.0	3.424818386773547	3.4502598947895793	61.15	-49.23	0.4892597695390782	0.4892597695390782	11.35	0.0	281.0	291.31	655.3	-333.13	0	1
PROTOTYPE	019283	04/16/18	01:53:23	0.4892597695390782	0.4892597695390782	11.34	0.0	3.522670340681363	3.461023609719439	60.9	-26.85	0.4892597695390782	0.4892597695390782	11.34	0.0	290.0	291.11	620.36	-298.16	0	1
PROTOTYPE	019284	04/16/18	01:53:24	0.4892597695390782	0.4892597695390782	11.36	0.0	3.424818386773547	3.456131012024048	61.11	-37.82	0.4892597695390782	0.4892597695390782	11.36	0.0	286.0	290.34	665.61	-343.44	0	1
PROTOTYPE	019285	04/16/18	01:53:25	0.4892597695390782	0.4892597695390782	11.26	0.0	3.424818386773547	3.4512384143286576	55.53	-32.15	0.4892597695390782	0.4892597695390782	11.26	0.0	271.0	287.44	779.1	-456.92	0	1
PROTOTYPE	019286	04/16/18	01:53:27	0.4892597695390782	0.4892597695390782	11.23	0.0	3.424818386773547	3.4473243361723447	50.83	-27.32	0.4892597695390782	0.4892597695390782	11.23	0.0	289.0	287.68	772.64	-463.39	0	1
PROTOTYPE	019287	04/16/18	01:53:28	0.4892597695390782	0.4892597695390782	11.25	0.0	3.424818386773547	3.4434102580160317	46.88	-23.23	0.4892597695390782	0.4892597695390782	11.25	0.0	289.0	287.87	742.89	-393.88	0	1
PROTOTYPE	019288	04/16/18	01:53:30	0.4892597695390782	0.4892597695390782	11.3	0.0	3.424818386773547	3.441453218937876	43.59	-19.74	0.4892597695390782	0.4892597695390782	11.3	0.0	289.0	288.04	697.02	-439.8	0	1
PROTOTYPE	019289	04/16/18	01:53:31	0.4892597695390782	0.4892597695390782	11.28	0.0	3.424818386773547	3.4385176603206413	40.82	-16.78	0.4892597695390782	0.4892597695390782	11.28	0.0	286.0	287.74	659.3	-538.83	0	1
PROTOTYPE	019290	04/16/18	01:53:33	0.4892597695390782	0.4892597695390782	11.3	0.0	3.424818386773547	3.4365606212424846	38.53	-14.26	0.4892597695390782	0.4892597695390782	11.3	0.0	300.0	289.58	661.37	-173.0	0	1
PROTOTYPE	019291	04/16/18	01:53:34	0.4892597695390782	0.4892597695390782	11.31	0.0	3.424818386773547	3.434603582164329	29.65	-27.12	0.4892597695390782	0.4892597695390782	11.31	0.0	278.0	287.84	815.38	-327.05	0	1
PROTOTYPE	019292	04/16/18	01:53:35	0.4892597695390782	0.4892597695390782	11.29	0.0	3.424818386773547	3.433625062625251	25.94	-23.06	0.4892597695390782	0.4892597695390782	11.29	0.0	279.0	286.51	871.32	-382.99	0	1
PROTOTYPE	019293	04/16/18	01:53:37	0.4892597695390782	0.4892597695390782	11.29	0.0	3.424818386773547	3.431668023547094	22.89	-19.6	0.4892597695390782	0.4892597695390782	11.29	0.0	285.0	286.29	603.91	-115.55	0	1
PROTOTYPE	019294	04/16/18	01:53:38	0.4892597695390782	0.4892597695390782	11.29	0.0	3.424818386773547	3.4306895040080163	20.39	-16.66	0.4892597695390782	0.4892597695390782	11.29	0.0	291.0	286.99	651.21	-68.21	0	1
PROTOTYPE	019295	04/16/18	01:53:40	0.4892597695390782	0.4892597695390782	11.29	0.0	3.424818386773547	3.4297109844689375	18.38	-14.16	0.4892597695390782	0.4892597695390782	11.29	0.0	290.0	287.44	676.41	-42.98	0	1
PROTOTYPE	019296	04/16/18	01:53:41	0.4892597695390782	0.4892597695390782	11.22	0.0	3.522670340681363	3.4443887775551105	29.39	2.96	0.4892597695390782	0.4892597695390782	11.22	0.0	291.0	287.98	712.82	-6.53	0	1
PROTOTYPE	019297	04/16/18	01:53:42	0.4892597695390782	0.4892597695390782	11.25	0.0	3.424818386773547	3.441453218937876	29.8	2.52	0.4892597695390782	0.4892597695390782	11.25	0.0	290.0	288.28	712.5	54.45	0	1
PROTOTYPE	019298	04/16/18	01:53:44	0.4892597695390782	0.4892597695390782	11.24	0.0	3.424818386773547	3.4385176603206413	30.11	2.14	0.4892597695390782	0.4892597695390782	11.24	0.0	286.0	287.94	562.79	-163.72	0	1
PROTOTYPE	019299	04/16/18	01:53:45	0.4892597695390782	0.4892597695390782	11.25	0.0	3.522670340681363	3.4512384143286576	40.8	16.82	0.4892597695390782	0.4892597695390782	11.25	0.0	304.0	290.35	630.06	250.84	0	1
PROTOTYPE	019300	04/16/18	01:53:47	0.4892597695390782	0.4892597695390782	11.28	0.0	3.424818386773547	3.4473243361723447	43.03	14.3	0.4892597695390782	0.4892597695390782	11.28	0.0	298.0	291.5	612.24	498.21	0	1
PROTOTYPE	019301	04/16/18	01:53:48	0.4892597695390782	0.4892597695390782	11.28	0.0	3.424818386773547	3.4434102580160317	44.83	12.15	0.4892597695390782	0.4892597695390782	11.28	0.0	294.0	291.87	627.08	558.48	0	1
PROTOTYPE	019302	04/16/18	01:53:49	0.4892597695390782	0.4892597695390782	11.31	0.0	3.424818386773547	3.441453218937876	46.31	10.33	0.4892597695390782	0.4892597695390782	11.31	0.0	279.0	289.94	749.44	294.71	0	1
PROTOTYPE	019303	04/16/18	01:53:51	0.4892597695390782	0.4892597695390782	11.3	0.0	3.424818386773547	3.4385176603206413	47.46	8.78	0.4892597695390782	0.4892597695390782	11.3	0.0	282.0	288.75	823.45	130.5	0	1
PROTOTYPE	019304	04/16/18	01:53:52	0.4892597695390782	0.4892597695390782	11.32	0.0	3.424818386773547	3.4365606212424846	35.73	-7.54	0.4892597695390782	0.4892597695390782	11.32	0.0	293.0	289.39	833.87	140.93	0	1
PROTOTYPE	019305	04/16/18	01:53:54	0.4892597695390782	0.4892597695390782	11.3	0.0	3.424818386773547	3.434603582164329	34.76	-6.41	0.4892597695390782	0.4892597695390782	11.3	0.0	279.0	287.83	959.32	-45.21	0	1
PROTOTYPE	019306	04/16/18	01:53:55	0.4892597695390782	0.4892597695390782	11.29	0.0	3.424818386773547	3.433625062625251	33.97	-5.45	0.4892597695390782	0.4892597695390782	11.29	0.0	292.0	288.45	987.65	51.57	0	1
PROTOTYPE	019307	04/16/18	01:53:56	0.4892597695390782	0.4892597695390782	11.29	0.0	3.522670340681363	3.4463458166332663	34.78	-4.63	0.4892597695390782	0.4892597695390782	11.29	0.0	286.0	288.09	783.58	-226.17	0	1
PROTOTYPE	019308	04/16/18	01:53:58	0.4892597695390782	0.4892597695390782	11.29	0.0	3.424818386773547	3.4434102580160317	34.14	-3.93	0.4892597695390782	0.4892597695390782	11.29	0.0	297.0	289.42	802.51	-207.24	0	1
PROTOTYPE	019309	04/16/18	01:53:59	0.4892597695390782	0.4892597695390782	11.28	0.0	3.424818386773547	3.440474699398797	33.59	-3.34	0.4892597695390782	0.4892597695390782	11.28	0.0	289.0	289.36	771.43	-251.15	0	1
PROTOTYPE	019310	04/16/18	01:54:01	0.4892597695390782	0.4892597695390782	11.28	0.0	3.424818386773547	3.4385176603206413	33.15	-2.84	0.4892597695390782	0.4892597695390782	11.28	0.0	286.0	288.86	628.77	-108.48	0	1
PROTOTYPE	019311	04/16/18	01:54:02	0.4892597695390782	0.4892597695390782	11.26	0.0	3.522670340681363	3.4512384143286576	43.31	12.58	0.4892597695390782	0.4892597695390782	11.26	0.0	277.0	287.08	687.49	-167.21	0	1
PROTOTYPE	019312	04/16/18	01:54:04	0.4892597695390782	0.4892597695390782	11.26	0.0	3.424818386773547	3.4473243361723447	45.01	10.7	0.4892597695390782	0.4892597695390782	11.26	0.0	297.0	288.57	772.56	-82.13	0	1
PROTOTYPE	019313	04/16/18	01:54:05	0.4892597695390782	0.4892597695390782	11.26	0.0	3.424818386773547	3.4434102580160317	46.41	9.09	0.4892597695390782	0.4892597695390782	11.26	0.0	276.0	286.68	805.24	-114.81	0	1
PROTOTYPE	019314	04/16/18	01:54:06	0.4892597695390782	0.4892597695390782	11.25	0.0	3.424818386773547	3.440474699398797	47.54	7.73	0.4892597695390782	0.4892597695390782	11.25	0.0	285.0	286.43	767.92	-202.59	0	1
PROTOTYPE	019315	04/16/18	01:54:08	0.4892597695390782	0.4892597695390782	11.26	0.0	3.424818386773547	3.4385176603206413	36.61	-8.43	0.4892597695390782	0.4892597695390782	11.26	0.0	293.0	287.41	829.65	-67.2	0	1
PROTOTYPE	019316	04/16/18	01:54:09	0.4892597695390782	0.4892597695390782	11.23	0.0	3.424818386773547	3.4365606212424846	35.47	-7.17	0.4892597695390782	0.4892597695390782	11.23	0.0	289.0	287.65	719.76	-177.12	0	1
PROTOTYPE	019317	04/16/18	01:54:11	0.4892597695390782	0.4892597695390782	11.26	0.0	3.522670340681363	3.449281375250501	45.6	8.91	0.4892597695390782	0.4892597695390782	11.26	0.0	286.0	287.4	738.08	-195.55	0	1
PROTOTYPE	019318	04/16/18	01:54:12	0.4892597695390782	0.4892597695390782	11.26	0.0	3.424818386773547	3.4453672970941884	46.81	7.57	0.4892597695390782	0.4892597695390782	11.26	0.0	296.0	288.69	816.6	-16.22	0	1
PROTOTYPE	019319	04/16/18	01:54:13	0.4892597695390782	0.4892597695390782	11.26	0.0	3.424818386773547	3.442431738476954	37.28	-8.56	0.4892597695390782	0.4892597695390782	11.26	0.0	298.0	290.09	778.36	301.21	0	1
PROTOTYPE	019320	04/16/18	01:54:15	0.4892597695390782	0.4892597695390782	11.26	0.0	3.424818386773547	3.4394961798597192	36.1	-7.28	0.4892597695390782	0.4892597695390782	11.26	0.0	292.0	290.38	658.2	181.03	0	1
PROTOTYPE	019321	04/16/18	01:54:16	0.4892597695390782	0.4892597695390782	11.25	0.0	3.424818386773547	3.4375391407815634	35.12	-6.19	0.4892597695390782	0.4892597695390782	11.25	0.0	290.0	290.32	475.52	363.88	0	1
PROTOTYPE	019322	04/16/18	01:54:18	0.4892597695390782	0.4892597695390782	11.26	0.0	3.424818386773547	3.4355821017034067	34.32	-5.26	0.4892597695390782	0.4892597695390782	11.26	0.0	291.0	290.42	460.57	399.3	0	1
PROTOTYPE	019323	04/16/18	01:54:19	0.4892597695390782	0.4892597695390782	11.26	0.0	3.424818386773547	3.433625062625251	33.68	-4.47	0.4892597695390782	0.4892597695390782	11.26	0.0	295.0	291.11	430.68	369.4	0	1
PROTOTYPE	019324	04/16/18	01:54:20	0.4892597695390782	0.4892597695390782	11.28	0.0	3.424818386773547	3.432646543086172	33.17	-3.8	0.4892597695390782	0.4892597695390782	11.28	0.0	299.0	292.29	525.23	463.99	0	1
PROTOTYPE	019325	04/16/18	01:54:22	0.4892597695390782	0.4892597695390782	11.28	0.0	3.424818386773547	3.431668023547094	21.73	-18.23	0.4892597695390782	0.4892597695390782	11.28	0.0	290.0	291.95	534.82	454.39	0	1
PROTOTYPE	019326	04/16/18	01:54:23	0.4892597695390782	0.4892597695390782	11.27	0.0	3.424818386773547	3.4306895040080163	19.45	-15.5	0.4892597695390782	0.4892597695390782	11.27	0.0	287.0	291.21	480.12	251.23	0	1
PROTOTYPE	019327	04/16/18	01:54:25	0.4892597695390782	0.4892597695390782	11.29	0.0	3.424818386773547	3.4297109844689375	17.63	-13.17	0.4892597695390782	0.4892597695390782	11.29	0.0	290.0	291.03	358.67	93.55	0	1
PROTOTYPE	019328	04/16/18	01:54:26	0.4892597695390782	0.4892597695390782	11.3	0.0	3.424818386773547	3.4287324649298596	16.17	-11.2	0.4892597695390782	0.4892597695390782	11.3	0.0	284.0	289.97	435.37	-40.48	0	1
PROTOTYPE	019329	04/16/18	01:54:27	0.4892597695390782	0.4892597695390782	11.31	0.0	3.424818386773547	3.4287324649298596	15.01	-9.52	0.4892597695390782	0.4892597695390782	11.31	0.0	285.0	289.23	504.14	-109.41	0	1
PROTOTYPE	019330	04/16/18	01:54:29	0.4892597695390782	0.4892597695390782	11.31	0.0	3.424818386773547	3.4277539453907817	14.1	-8.09	0.4892597695390782	0.4892597695390782	11.31	0.0	289.0	289.19	497.51	-123.0	0	1
PROTOTYPE	019331	04/16/18	01:54:30	0.4892597695390782	0.4892597695390782	11.29	0.0	3.424818386773547	3.4277539453907817	13.38	-6.88	0.4892597695390782	0.4892597695390782	11.29	0.0	290.0	289.31	441.02	-179.55	0	1
PROTOTYPE	019332	04/16/18	01:54:32	0.4892597695390782	0.4892597695390782	11.29	0.0	3.522670340681363	3.441453218937876	26.07	9.16	0.4892597695390782	0.4892597695390782	11.29	0.0	274.0	287.02	552.34	-527.62	0	1
PROTOTYPE	019333	04/16/18	01:54:33	0.4892597695390782	0.4892597695390782	11.29	0.0	3.424818386773547	3.4394961798597192	27.15	7.78	0.4892597695390782	0.4892597695390782	11.29	0.0	282.0	286.26	593.19	-568.47	0	1
PROTOTYPE	019334	04/16/18	01:54:35	0.4892597695390782	0.4892597695390782	11.31	0.0	3.424818386773547	3.4365606212424846	28.02	6.62	0.4892597695390782	0.4892597695390782	11.31	0.0	282.0	285.62	582.92	-558.2	0	1
PROTOTYPE	019335	04/16/18	01:54:36	0.4892597695390782	0.4892597695390782	11.31	0.0	3.522670340681363	3.4502598947895793	39.58	20.62	0.4892597695390782	0.4892597695390782	11.31	0.0	286.0	285.68	570.58	-534.47	0	1
PROTOTYPE	019336	04/16/18	01:54:37	0.4892597695390782	0.4892597695390782	11.3	0.0	3.424818386773547	3.4463458166332663	42.06	17.53	0.4892597695390782	0.4892597695390782	11.3	0.0	297.0	287.38	634.99	-259.3	0	1
PROTOTYPE	019337	04/16/18	01:54:39	0.4892597695390782	0.4892597695390782	11.29	0.0	3.424818386773547	3.442431738476954	44.06	14.9	0.4892597695390782	0.4892597695390782	11.29	0.0	304.0	289.87	809.73	64.59	0	1
PROTOTYPE	019338	04/16/18	01:54:40	0.4892597695390782	0.4892597695390782	11.27	0.0	3.424818386773547	3.440474699398797	45.66	12.67	0.4892597695390782	0.4892597695390782	11.27	0.0	296.0	290.79	898.0	159.9	0	1
PROTOTYPE	019339	04/16/18	01:54:42	0.4892597695390782	0.4892597695390782	11.27	0.0	3.522670340681363	3.4522169338677355	56.91	25.77	0.4892597695390782	0.4892597695390782	11.27	0.0	294.0	291.27	933.96	195.92	0	1
PROTOTYPE	019340	04/16/18	01:54:43	0.4892597695390782	0.4892597695390782	11.27	0.0	3.522670340681363	3.462980648797595	53.06	21.9	0.4892597695390782	0.4892597695390782	11.27	0.0	293.0	291.53	730.21	451.53	0	1
PROTOTYPE	019341	04/16/18	01:54:44	0.4892597695390782	0.4892597695390782	11.24	0.0	3.424818386773547	3.457109531563126	56.15	18.62	0.4892597695390782	0.4892597695390782	11.24	0.0	288.0	291.0	707.94	473.8	0	1
PROTOTYPE	019342	04/16/18	01:54:46	0.4892597695390782	0.4892597695390782	11.22	0.0	3.424818386773547	3.4522169338677355	58.71	15.82	0.4892597695390782	0.4892597695390782	11.22	0.0	296.0	291.75	718.96	612.73	0	1
PROTOTYPE	019343	04/16/18	01:54:47	0.4892597695390782	0.4892597695390782	11.23	0.0	3.424818386773547	3.448302855711423	49.97	-1.55	0.4892597695390782	0.4892597695390782	11.23	0.0	290.0	291.49	739.46	580.82	0	1
PROTOTYPE	019344	04/16/18	01:54:49	0.4892597695390782	0.4892597695390782	11.24	0.0	3.424818386773547	3.4443887775551105	49.75	-1.32	0.4892597695390782	0.4892597695390782	11.24	0.0	295.0	292.02	622.35	463.7	0	1
PROTOTYPE	019345	04/16/18	01:54:50	0.4892597695390782	0.4892597695390782	11.23	0.0	3.424818386773547	3.441453218937876	49.57	-1.12	0.4892597695390782	0.4892597695390782	11.23	0.0	283.0	290.66	508.26	79.14	0	1
PROTOTYPE	019346	04/16/18	01:54:51	0.4892597695390782	0.4892597695390782	11.26	0.0	3.424818386773547	3.4394961798597192	49.43	-0.95	0.4892597695390782	0.4892597695390782	11.26	0.0	295.0	291.31	481.39	52.27	0	1
PROTOTYPE	019347	04/16/18	01:54:53	0.4892597695390782	0.4892597695390782	11.28	0.0	3.424818386773547	3.4375391407815634	39.34	-15.81	0.4892597695390782	0.4892597695390782	11.28	0.0	299.0	292.47	548.54	119.43	0	1
PROTOTYPE	019348	04/16/18	01:54:54	0.4892597695390782	0.4892597695390782	11.29	0.0	3.424818386773547	3.4355821017034067	30.85	-28.44	0.4892597695390782	0.4892597695390782	11.29	0.0	271.0	289.25	844.59	-228.48	0	1
PROTOTYPE	019349	04/16/18	01:54:56	0.4892597695390782	0.4892597695390782	11.33	0.0	3.424818386773547	3.433625062625251	26.97	-24.17	0.4892597695390782	0.4892597695390782	11.33	0.0	290.0	289.36	802.99	-164.21	0	1
PROTOTYPE	019350	04/16/18	01:54:57	0.4892597695390782	0.4892597695390782	11.31	0.0	3.424818386773547	3.432646543086172	23.73	-20.55	0.4892597695390782	0.4892597695390782	11.31	0.0	298.0	290.66	857.62	-109.58	0	1
PROTOTYPE	019351	04/16/18	01:54:59	0.4892597695390782	0.4892597695390782	11.29	0.0	3.424818386773547	3.431668023547094	21.08	-17.46	0.4892597695390782	0.4892597695390782	11.29	0.0	301.0	292.21	986.48	71.86	0	1
PROTOTYPE	019352	04/16/18	01:55:00	0.4892597695390782	0.4892597695390782	11.28	0.0	3.424818386773547	3.4306895040080163	18.93	-14.84	0.4892597695390782	0.4892597695390782	11.28	0.0	292.0	292.18	937.2	16.08	0	1
PROTOTYPE	019353	04/16/18	01:55:01	0.4892597695390782	0.4892597695390782	11.3	0.0	3.424818386773547	3.4297109844689375	17.21	-12.62	0.4892597695390782	0.4892597695390782	11.3	0.0	278.0	290.05	1014.61	-61.33	0	1
PROTOTYPE	019354	04/16/18	01:55:03	0.4892597695390782	0.4892597695390782	11.29	0.0	3.424818386773547	3.4287324649298596	15.82	-10.73	0.4892597695390782	0.4892597695390782	11.29	0.0	285.0	289.29	1025.3	-202.13	0	1
PROTOTYPE	019355	04/16/18	01:55:04	0.4892597695390782	0.4892597695390782	11.29	0.0	3.424818386773547	3.4277539453907817	14.73	-9.12	0.4892597695390782	0.4892597695390782	11.29	0.0	292.0	289.7	950.64	-276.81	0	1
PROTOTYPE	019356	04/16/18	01:55:06	0.4892597695390782	0.4892597695390782	11.29	0.0	3.424818386773547	3.4277539453907817	13.89	-7.75	0.4892597695390782	0.4892597695390782	11.29	0.0	295.0	290.49	708.17	124.71	0	1
PROTOTYPE	019357	04/16/18	01:55:07	0.4892597695390782	0.4892597695390782	11.27	0.0	3.424818386773547	3.426775425851704	13.22	-6.59	0.4892597695390782	0.4892597695390782	11.27	0.0	296.0	291.32	779.39	196.0	0	1
PROTOTYPE	019358	04/16/18	01:55:08	0.4892597695390782	0.4892597695390782	11.28	0.0	3.522670340681363	3.441453218937876	25.97	9.4	0.4892597695390782	0.4892597695390782	11.28	0.0	288.0	290.82	699.59	16.6	0	1
PROTOTYPE	019359	04/16/18	01:55:10	0.4892597695390782	0.4892597695390782	11.3	0.0	3.424818386773547	3.4394961798597192	27.09	7.99	0.4892597695390782	0.4892597695390782	11.3	0.0	290.0	290.7	556.83	-150.89	0	1
PROTOTYPE	019360	04/16/18	01:55:11	0.4892597695390782	0.4892597695390782	11.29	0.0	3.424818386773547	3.4365606212424846	27.96	6.79	0.4892597695390782	0.4892597695390782	11.29	0.0	272.0	287.89	833.89	-428.25	0	1
PROTOTYPE	019361	04/16/18	01:55:13	0.4892597695390782	0.4892597695390782	11.27	0.0	3.424818386773547	3.434603582164329	28.64	5.77	0.4892597695390782	0.4892597695390782	11.27	0.0	286.0	287.61	649.68	-244.02	0	1
PROTOTYPE	019362	04/16/18	01:55:14	0.4892597695390782	0.4892597695390782	11.26	0.0	3.424818386773547	3.433625062625251	29.17	4.91	0.4892597695390782	0.4892597695390782	11.26	0.0	295.0	288.72	684.79	-57.41	0	1
PROTOTYPE	019363	04/16/18	01:55:15	0.4892597695390782	0.4892597695390782	11.26	0.0	3.522670340681363	3.4473243361723447	41.36	19.17	0.4892597695390782	0.4892597695390782	11.26	0.0	294.0	289.51	723.39	-18.8	0	1
PROTOTYPE	019364	04/16/18	01:55:17	0.4892597695390782	0.4892597695390782	11.27	0.0	3.522670340681363	3.4580880511022047	51.55	31.3	0.4892597695390782	0.4892597695390782	11.27	0.0	292.0	289.88	681.22	-60.98	0	1
PROTOTYPE	019365	04/16/18	01:55:18	0.4892597695390782	0.4892597695390782	11.27	0.0	3.424818386773547	3.4531954534068134	55.39	26.6	0.4892597695390782	0.4892597695390782	11.27	0.0	285.0	289.15	671.89	-216.83	0	1
PROTOTYPE	019366	04/16/18	01:55:20	0.4892597695390782	0.4892597695390782	11.28	0.0	3.424818386773547	3.449281375250501	45.28	7.61	0.4892597695390782	0.4892597695390782	11.28	0.0	286.0	288.68	669.36	-214.31	0	1
