Dev_id	Index	Date	Time	Sensor1	Sensor1_Filter	Sensor1_LL	Sensor1_Diff	Sensor2	Sensor2_Filter	Sensor2_LL	Sensor2_Diff	Sensor3	Sensor3_Filter	Sensor3_LL	Sensor3_Diff	Sensor4	Sensor4_Filter	Sensor4_LL	Sensor4_Diff	Heater_Status	FSM_Status
PROTOTYPE	024967	04/16/18	04:06:59	0.4892597695390782	0.4892597695390782	11.29	0.0	3.1312625250501003	3.065701715931864	52.43	30.61	0.4892597695390782	0.4892597695390782	11.32	0.81	299.0	294.0	510.94	244.45	0	1
PROTOTYPE	024968	04/16/18	04:07:00	0.4892597695390782	0.4892597695390782	11.29	0.0	3.0334105711422845	3.0608091182364734	42.95	11.02	0.4892597695390782	0.4892597695390782	11.31	0.69	283.0	292.35	654.38	57.78	0	1
PROTOTYPE	024969	04/16/18	04:07:02	0.4892597695390782	0.4892597695390782	11.29	0.0	3.0334105711422845	3.05689504008016	44.48	9.37	0.4892597695390782	0.4892597695390782	11.31	0.59	291.0	292.15	596.38	-40.89	0	1
PROTOTYPE	024970	04/16/18	04:07:03	0.4892597695390782	0.4892597695390782	11.31	0.0	3.0334105711422845	3.0529809619238475	45.74	7.96	0.4892597695390782	0.4892597695390782	11.32	0.5	286.0	291.23	650.23	-94.76	0	1
PROTOTYPE	024971	04/16/18	04:07:05	0.4892597695390782	0.4892597695390782	11.31	0.0	3.0334105711422845	3.0500454033066133	46.77	6.77	0.4892597695390782	0.4892597695390782	11.32	0.42	284.0	290.14	681.01	-125.54	0	1
PROTOTYPE	024972	04/16/18	04:07:06	0.4892597695390782	0.4892597695390782	11.31	0.0	3.1312625250501003	3.062766157314629	57.13	20.75	0.4892597695390782	0.4892597695390782	11.31	0.36	299.0	291.47	639.84	-166.71	0	1
PROTOTYPE	024973	04/16/18	04:07:07	0.4892597695390782	0.4892597695390782	11.31	0.0	3.0334105711422845	3.057873559619239	59.85	17.64	0.4892597695390782	0.4892597695390782	11.31	0.31	290.0	291.25	644.82	-171.7	0	1
PROTOTYPE	024974	04/16/18	04:07:09	0.4892597695390782	0.4892597695390782	11.29	0.0	3.0334105711422845	3.054938001002004	49.97	-0.01	0.4892597695390782	0.4892597695390782	11.29	0.26	295.0	291.81	685.53	-130.95	0	1
PROTOTYPE	024975	04/16/18	04:07:10	0.4892597695390782	0.4892597695390782	11.27	0.0	3.0334105711422845	3.0510239228456912	41.63	-15.0	0.4892597695390782	0.4892597695390782	11.27	0.22	291.0	291.69	609.66	-231.31	0	1
PROTOTYPE	024976	04/16/18	04:07:12	0.4892597695390782	0.4892597695390782	11.28	0.0	3.1312625250501003	3.0637446768537075	48.79	2.25	0.4892597695390782	0.4892597695390782	11.28	0.19	279.0	289.79	634.96	-256.61	0	1
PROTOTYPE	024977	04/16/18	04:07:13	0.4892597695390782	0.4892597695390782	11.27	0.0	3.0334105711422845	3.0588520791583167	49.1	1.91	0.4892597695390782	0.4892597695390782	11.27	0.16	290.0	289.82	618.08	-233.12	0	1
PROTOTYPE	024978	04/16/18	04:07:14	0.4892597695390782	0.4892597695390782	11.27	0.0	3.1312625250501003	3.0696157940881768	56.42	16.62	0.4892597695390782	0.4892597695390782	11.27	0.14	297.0	290.9	633.51	-33.15	0	1
PROTOTYPE	024979	04/16/18	04:07:16	0.4892597695390782	0.4892597695390782	11.26	0.0	3.0334105711422845	3.0647231963927855	58.78	14.13	0.4892597695390782	0.4892597695390782	11.26	0.12	276.0	288.66	748.54	-148.18	0	1
PROTOTYPE	024980	04/16/18	04:07:17	0.4892597695390782	0.4892597695390782	11.25	0.0	3.1312625250501003	3.0745083917835676	56.68	12.01	0.4892597695390782	0.4892597695390782	11.25	0.1	288.0	288.56	625.72	-290.95	0	1
PROTOTYPE	024981	04/16/18	04:07:19	0.4892597695390782	0.4892597695390782	11.22	0.0	3.0334105711422845	3.0686372745490984	58.41	10.21	0.4892597695390782	0.4892597695390782	11.22	0.08	290.0	288.78	625.19	-247.31	0	1
PROTOTYPE	024982	04/16/18	04:07:20	0.4892597695390782	0.4892597695390782	11.22	0.0	3.0334105711422845	3.062766157314629	59.87	8.68	0.4892597695390782	0.4892597695390782	11.22	0.07	281.0	287.61	685.63	-420.21	0	1
PROTOTYPE	024983	04/16/18	04:07:21	0.4892597695390782	0.4892597695390782	11.19	0.0	3.0334105711422845	3.0588520791583167	61.09	7.38	0.4892597695390782	0.4892597695390782	11.19	0.06	289.0	287.82	694.21	-387.18	0	1
PROTOTYPE	024984	04/16/18	04:07:23	0.4892597695390782	0.4892597695390782	11.18	0.0	3.0334105711422845	3.054938001002004	52.84	-8.73	0.4892597695390782	0.4892597695390782	11.18	0.05	293.0	288.6	581.54	-119.1	0	1
PROTOTYPE	024985	04/16/18	04:07:24	0.4892597695390782	0.4892597695390782	11.19	0.0	3.0334105711422845	3.0520024423847696	51.62	-7.42	0.4892597695390782	0.4892597695390782	11.19	0.04	278.0	287.01	737.03	-281.24	0	1
PROTOTYPE	024986	04/16/18	04:07:26	0.4892597695390782	0.4892597695390782	11.18	0.0	3.0334105711422845	3.049066883767535	43.54	-21.31	0.4892597695390782	0.4892597695390782	11.18	0.04	296.0	288.36	764.21	-254.05	0	1
PROTOTYPE	024987	04/16/18	04:07:27	0.4892597695390782	0.4892597695390782	11.18	0.0	3.0334105711422845	3.0461313251503004	40.55	-18.11	0.4892597695390782	0.4892597695390782	11.18	0.03	286.0	288.0	576.13	-65.94	0	1
PROTOTYPE	024988	04/16/18	04:07:29	0.4892597695390782	0.4892597695390782	11.22	0.0	3.0334105711422845	3.0441742860721446	32.65	-30.39	0.4892597695390782	0.4892597695390782	11.22	0.03	292.0	288.6	626.07	3.95	0	1
PROTOTYPE	024989	04/16/18	04:07:30	0.4892597695390782	0.4892597695390782	11.23	0.0	3.0334105711422845	3.0431957665330662	28.44	-25.84	0.4892597695390782	0.4892597695390782	11.23	0.02	297.0	289.86	730.44	108.36	0	1
PROTOTYPE	024990	04/16/18	04:07:31	0.4892597695390782	0.4892597695390782	11.23	0.0	3.1312625250501003	3.055916520541082	36.55	-6.96	0.4892597695390782	0.4892597695390782	11.23	0.02	295.0	290.63	690.84	302.1	0	1
PROTOTYPE	024991	04/16/18	04:07:33	0.4892597695390782	0.4892597695390782	11.25	0.0	3.0334105711422845	3.0529809619238475	35.57	-5.92	0.4892597695390782	0.4892597695390782	11.25	0.02	284.0	289.64	769.47	181.79	0	1
PROTOTYPE	024992	04/16/18	04:07:34	0.4892597695390782	0.4892597695390782	11.24	0.0	3.0334105711422845	3.0500454033066133	34.75	-5.03	0.4892597695390782	0.4892597695390782	11.24	0.01	297.0	290.74	802.2	214.52	0	1
PROTOTYPE	024993	04/16/18	04:07:36	0.4892597695390782	0.4892597695390782	11.24	0.0	3.1312625250501003	3.061787637775551	43.75	10.73	0.4892597695390782	0.4892597695390782	11.24	0.01	291.0	290.78	647.35	377.34	0	1
PROTOTYPE	024994	04/16/18	04:07:37	0.4892597695390782	0.4892597695390782	11.23	0.0	3.1312625250501003	3.072551352705411	51.33	24.12	0.4892597695390782	0.4892597695390782	11.23	0.01	286.0	290.06	584.18	170.74	0	1
PROTOTYPE	024995	04/16/18	04:07:38	0.4892597695390782	0.4892597695390782	11.27	0.0	3.0334105711422845	3.066680235470942	54.74	20.5	0.4892597695390782	0.4892597695390782	11.27	0.01	295.0	290.8	622.87	280.13	0	1
PROTOTYPE	024996	04/16/18	04:07:40	0.4892597695390782	0.4892597695390782	11.24	0.0	3.1312625250501003	3.0764654308617234	62.29	32.42	0.4892597695390782	0.4892597695390782	11.24	0.01	290.0	290.68	575.04	208.11	0	1
PROTOTYPE	024997	04/16/18	04:07:41	0.4892597695390782	0.4892597695390782	11.26	0.0	3.0334105711422845	3.0696157940881768	66.8	27.56	0.4892597695390782	0.4892597695390782	11.26	0.01	298.0	291.78	558.82	191.89	0	1
PROTOTYPE	024998	04/16/18	04:07:43	0.4892597695390782	0.4892597695390782	11.27	0.0	3.1312625250501003	3.0794009894789576	62.7	23.43	0.4892597695390782	0.4892597695390782	11.27	0.01	287.0	291.06	553.47	43.11	0	1
PROTOTYPE	024999	04/16/18	04:07:44	0.4892597695390782	0.4892597695390782	11.28	0.0	3.1312625250501003	3.087229145791583	67.07	34.91	0.4892597695390782	0.4892597695390782	11.28	0.0	279.0	289.25	634.93	-38.36	0	1
PROTOTYPE	025000	04/16/18	04:07:45	0.4892597695390782	0.4892597695390782	11.3	0.0	3.1312625250501003	3.093100263026052	70.75	44.68	0.4892597695390782	0.4892597695390782	11.3	0.0	288.0	289.07	543.36	-167.6	0	1
PROTOTYPE	025001	04/16/18	04:07:47	0.4892597695390782	0.4892597695390782	11.29	0.0	3.1312625250501003	3.098971380260521	64.13	37.97	0.4892597695390782	0.4892597695390782	11.29	0.0	293.0	289.66	598.27	-112.46	0	1
PROTOTYPE	025002	04/16/18	04:07:48	0.4892597695390782	0.4892597695390782	11.29	0.0	3.1312625250501003	3.103863977955912	58.54	32.28	0.4892597695390782	0.4892597695390782	11.29	0.0	300.0	291.21	681.7	114.41	0	1
PROTOTYPE	025003	04/16/18	04:07:50	0.4892597695390782	0.4892597695390782	11.27	0.0	3.1312625250501003	3.1077780561122244	56.8	42.44	0.4892597695390782	0.4892597695390782	11.27	0.0	282.0	289.83	745.77	-97.75	0	1
PROTOTYPE	025004	04/16/18	04:07:51	0.4892597695390782	0.4892597695390782	11.28	0.0	3.1312625250501003	3.1116921342685373	50.61	36.07	0.4892597695390782	0.4892597695390782	11.28	0.0	293.0	290.3	781.25	-38.09	0	1
PROTOTYPE	025005	04/16/18	04:07:52	0.4892597695390782	0.4892597695390782	11.26	0.0	3.1312625250501003	3.1146276928857715	47.21	45.66	0.4892597695390782	0.4892597695390782	11.26	0.0	282.0	289.06	796.04	-272.38	0	1
PROTOTYPE	025006	04/16/18	04:07:54	0.4892597695390782	0.4892597695390782	11.27	0.0	3.1312625250501003	3.116584731963928	40.62	38.81	0.4892597695390782	0.4892597695390782	11.27	0.0	302.0	291.0	918.46	-6.52	0	1
PROTOTYPE	025007	04/16/18	04:07:55	0.4892597695390782	0.4892597695390782	11.28	0.0	3.1312625250501003	3.1195202905811623	35.1	32.99	0.4892597695390782	0.4892597695390782	11.28	0.0	286.0	290.25	812.49	99.46	0	1
PROTOTYPE	025008	04/16/18	04:07:57	0.4892597695390782	0.4892597695390782	11.27	0.0	3.1312625250501003	3.1204988101202407	30.47	28.04	0.4892597695390782	0.4892597695390782	11.27	0.0	300.0	291.71	939.89	264.54	0	1
PROTOTYPE	025009	04/16/18	04:07:58	0.4892597695390782	0.4892597695390782	11.27	0.0	3.1312625250501003	3.122455849198397	26.63	23.83	0.4892597695390782	0.4892597695390782	11.27	0.0	287.0	291.0	951.56	134.86	0	1
PROTOTYPE	025010	04/16/18	04:07:59	0.4892597695390782	0.4892597695390782	11.26	0.0	3.1312625250501003	3.1234343687374753	23.45	20.26	0.4892597695390782	0.4892597695390782	11.26	0.0	299.0	292.2	916.33	99.63	0	1
PROTOTYPE	025011	04/16/18	04:08:01	0.4892597695390782	0.4892597695390782	11.26	0.0	3.1312625250501003	3.1253914078156315	20.86	17.22	0.4892597695390782	0.4892597695390782	11.26	0.0	282.0	290.67	931.27	84.68	0	1
PROTOTYPE	025012	04/16/18	04:08:02	0.4892597695390782	0.4892597695390782	11.26	0.0	3.1312625250501003	3.1263699273547094	18.75	14.64	0.4892597695390782	0.4892597695390782	11.26	0.0	304.0	292.67	1083.55	236.98	0	1
PROTOTYPE	025013	04/16/18	04:08:04	0.4892597695390782	0.4892597695390782	11.26	0.0	3.1312625250501003	3.1263699273547094	17.05	12.44	0.4892597695390782	0.4892597695390782	11.26	0.0	288.0	291.97	1029.11	291.43	0	1
PROTOTYPE	025014	04/16/18	04:08:05	0.4892597695390782	0.4892597695390782	11.29	0.0	3.1312625250501003	3.1273484468937878	15.72	10.58	0.4892597695390782	0.4892597695390782	11.29	0.0	288.0	291.38	894.55	37.72	0	1
PROTOTYPE	025015	04/16/18	04:08:07	0.4892597695390782	0.4892597695390782	11.27	0.0	3.1312625250501003	3.1283269664328657	14.64	8.99	0.4892597695390782	0.4892597695390782	11.27	0.0	288.0	290.87	870.22	62.06	0	1
PROTOTYPE	025016	04/16/18	04:08:08	0.4892597695390782	0.4892597695390782	11.26	0.0	3.1312625250501003	3.1283269664328657	13.8	7.64	0.4892597695390782	0.4892597695390782	11.26	0.0	296.0	291.64	800.91	-7.25	0	1
PROTOTYPE	025017	04/16/18	04:08:09	0.4892597695390782	0.4892597695390782	11.28	0.0	3.0334105711422845	3.1146276928857715	26.33	-8.51	0.4892597695390782	0.4892597695390782	11.28	0.0	290.0	291.39	754.85	38.84	0	1
PROTOTYPE	025018	04/16/18	04:08:11	0.4892597695390782	0.4892597695390782	11.28	0.0	3.1312625250501003	3.116584731963928	27.36	-7.23	0.4892597695390782	0.4892597695390782	11.28	0.0	290.0	291.18	655.86	-101.99	0	1
PROTOTYPE	025019	04/16/18	04:08:12	0.4892597695390782	0.4892597695390782	11.26	0.0	3.1312625250501003	3.118541771042084	28.17	-6.15	0.4892597695390782	0.4892597695390782	11.26	0.0	290.0	291.01	520.61	33.31	0	1
PROTOTYPE	025020	04/16/18	04:08:14	0.4892597695390782	0.4892597695390782	11.26	0.0	3.1312625250501003	3.1204988101202407	28.81	-5.22	0.4892597695390782	0.4892597695390782	11.26	0.0	295.0	291.61	380.63	-106.69	0	1
PROTOTYPE	025021	04/16/18	04:08:15	0.4892597695390782	0.4892597695390782	11.26	0.0	3.1312625250501003	3.122455849198397	29.32	-4.44	0.4892597695390782	0.4892597695390782	11.26	0.0	279.0	289.71	499.61	-225.68	0	1
PROTOTYPE	025022	04/16/18	04:08:16	0.4892597695390782	0.4892597695390782	11.21	0.0	3.1312625250501003	3.1234343687374753	29.67	-3.77	0.4892597695390782	0.4892597695390782	11.21	0.0	296.0	290.66	534.31	-71.83	0	1
PROTOTYPE	025023	04/16/18	04:08:18	0.4892597695390782	0.4892597695390782	11.2	0.0	3.1312625250501003	3.124412888276553	29.96	-3.21	0.4892597695390782	0.4892597695390782	11.2	0.0	279.0	288.91	658.52	-196.06	0	1
PROTOTYPE	025024	04/16/18	04:08:19	0.4892597695390782	0.4892597695390782	11.22	0.0	3.1312625250501003	3.1253914078156315	30.2	-2.73	0.4892597695390782	0.4892597695390782	11.22	0.0	295.0	289.82	672.93	-181.65	0	1
PROTOTYPE	025025	04/16/18	04:08:21	0.4892597695390782	0.4892597695390782	11.2	0.0	3.1312625250501003	3.1263699273547094	17.19	12.68	0.4892597695390782	0.4892597695390782	11.2	0.0	296.0	290.75	740.98	-64.4	0	1
PROTOTYPE	025026	04/16/18	04:08:22	0.4892597695390782	0.4892597695390782	11.23	0.0	3.1312625250501003	3.1273484468937878	15.82	10.78	0.4892597695390782	0.4892597695390782	11.23	0.0	289.0	290.49	746.31	-69.74	0	1
PROTOTYPE	025027	04/16/18	04:08:23	0.4892597695390782	0.4892597695390782	11.25	0.0	3.1312625250501003	3.1283269664328657	14.74	9.16	0.4892597695390782	0.4892597695390782	11.25	0.0	297.0	291.46	826.2	45.72	0	1
PROTOTYPE	025028	04/16/18	04:08:25	0.4892597695390782	0.4892597695390782	11.25	0.0	3.1312625250501003	3.1283269664328657	13.88	7.79	0.4892597695390782	0.4892597695390782	11.25	0.0	293.0	291.69	789.37	8.86	0	1
PROTOTYPE	025029	04/16/18	04:08:26	0.4892597695390782	0.4892597695390782	11.25	0.0	3.1312625250501003	3.129305485971944	13.22	6.62	0.4892597695390782	0.4892597695390782	11.25	0.0	295.0	292.19	649.88	247.53	0	1
PROTOTYPE	025030	04/16/18	04:08:28	0.4892597695390782	0.4892597695390782	11.26	0.0	3.1312625250501003	3.129305485971944	12.72	5.63	0.4892597695390782	0.4892597695390782	11.26	0.0	290.0	291.86	588.48	120.4	0	1
PROTOTYPE	025031	04/16/18	04:08:29	0.4892597695390782	0.4892597695390782	11.29	0.0	3.1312625250501003	3.129305485971944	12.36	4.78	0.4892597695390782	0.4892597695390782	11.29	0.0	282.0	290.38	561.54	147.34	0	1
PROTOTYPE	025032	04/16/18	04:08:30	0.4892597695390782	0.4892597695390782	11.3	0.0	3.1312625250501003	3.129305485971944	12.09	4.07	0.4892597695390782	0.4892597695390782	11.3	0.0	295.0	291.07	539.44	125.24	0	1
PROTOTYPE	025033	04/16/18	04:08:32	0.4892597695390782	0.4892597695390782	11.29	0.0	3.1312625250501003	3.130284005511022	11.87	3.46	0.4892597695390782	0.4892597695390782	11.29	0.0	296.0	291.81	520.66	106.46	0	1
PROTOTYPE	025034	04/16/18	04:08:33	0.4892597695390782	0.4892597695390782	11.26	0.0	3.1312625250501003	3.130284005511022	11.68	2.94	0.4892597695390782	0.4892597695390782	11.26	0.0	296.0	292.44	557.19	195.49	0	1
PROTOTYPE	025035	04/16/18	04:08:35	0.4892597695390782	0.4892597695390782	11.25	0.0	3.1312625250501003	3.130284005511022	11.56	2.5	0.4892597695390782	0.4892597695390782	11.25	0.0	278.0	290.28	676.11	-118.84	0	1
PROTOTYPE	025036	04/16/18	04:08:36	0.4892597695390782	0.4892597695390782	11.24	0.0	3.1312625250501003	3.130284005511022	11.46	2.12	0.4892597695390782	0.4892597695390782	11.24	0.0	290.0	290.23	657.39	-146.01	0	1
PROTOTYPE	025037	04/16/18	04:08:37	0.4892597695390782	0.4892597695390782	11.26	0.0	3.1312625250501003	3.130284005511022	11.42	1.8	0.4892597695390782	0.4892597695390782	11.26	0.0	287.0	289.75	656.31	-244.11	0	1
PROTOTYPE	025038	04/16/18	04:08:39	0.4892597695390782	0.4892597695390782	11.26	0.0	3.1312625250501003	3.130284005511022	11.38	1.53	0.4892597695390782	0.4892597695390782	11.26	0.0	294.0	290.39	687.21	-147.49	0	1
PROTOTYPE	025039	04/16/18	04:08:40	0.4892597695390782	0.4892597695390782	11.25	0.0	3.1312625250501003	3.1312625250501003	11.33	1.3	0.4892597695390782	0.4892597695390782	11.25	0.0	287.0	289.88	590.1	-50.37	0	1
PROTOTYPE	025040	04/16/18	04:08:42	0.4892597695390782	0.4892597695390782	11.23	0.0	3.1312625250501003	3.1312625250501003	11.29	1.11	0.4892597695390782	0.4892597695390782	11.23	0.0	300.0	291.4	672.65	32.19	0	1
PROTOTYPE	025041	04/16/18	04:08:43	0.4892597695390782	0.4892597695390782	11.23	0.0	3.1312625250501003	3.1312625250501003	11.27	0.94	0.4892597695390782	0.4892597695390782	11.23	0.0	293.0	291.64	622.85	-17.64	0	1
PROTOTYPE	025042	04/16/18	04:08:45	0.4892597695390782	0.4892597695390782	11.26	0.0	3.1312625250501003	3.1312625250501003	11.29	0.8	0.4892597695390782	0.4892597695390782	11.26	0.0	274.0	288.99	824.6	-345.0	0	1
PROTOTYPE	025043	04/16/18	04:08:46	0.4892597695390782	0.4892597695390782	11.26	0.0	3.1312625250501003	3.1312625250501003	11.28	0.68	0.4892597695390782	0.4892597695390782	11.26	0.0	289.0	288.99	609.39	-128.25	0	1
PROTOTYPE	025044	04/16/18	04:08:47	0.4892597695390782	0.4892597695390782	11.26	0.0	3.1312625250501003	3.1312625250501003	11.27	0.58	0.4892597695390782	0.4892597695390782	11.26	0.0	291.0	289.29	635.16	-94.01	0	1
PROTOTYPE	025045	04/16/18	04:08:49	0.4892597695390782	0.4892597695390782	11.23	0.0	3.1312625250501003	3.1312625250501003	11.24	0.49	0.4892597695390782	0.4892597695390782	11.23	0.0	291.0	289.55	612.26	-19.91	0	1
PROTOTYPE	025046	04/16/18	04:08:50	0.4892597695390782	0.4892597695390782	11.24	0.0	3.1312625250501003	3.1312625250501003	11.25	0.42	0.4892597695390782	0.4892597695390782	11.24	0.0	294.0	290.22	615.25	-16.92	0	1
PROTOTYPE	025047	04/16/18	04:08:52	0.4892597695390782	0.4892597695390782	11.23	0.0	3.1312625250501003	3.1312625250501003	11.23	0.36	0.4892597695390782	0.4892597695390782	11.23	0.0	302.0	291.98	741.17	210.62	0	1
PROTOTYPE	025048	04/16/18	04:08:53	0.4892597695390782	0.4892597695390782	11.23	0.0	3.1312625250501003	3.1312625250501003	11.23	0.3	0.4892597695390782	0.4892597695390782	11.23	0.0	283.0	290.64	724.12	-75.98	0	1
PROTOTYPE	025049	04/16/18	04:08:54	0.4892597695390782	0.4892597695390782	11.23	0.0	3.1312625250501003	3.1312625250501003	11.23	0.26	0.4892597695390782	0.4892597695390782	11.23	0.0	289.0	290.39	724.63	-124.58	0	1
PROTOTYPE	025050	04/16/18	04:08:56	0.4892597695390782	0.4892597695390782	11.22	0.0	3.1312625250501003	3.1312625250501003	11.22	0.22	0.4892597695390782	0.4892597695390782	11.22	0.0	282.0	289.13	585.95	14.11	0	1
PROTOTYPE	025051	04/16/18	04:08:57	0.4892597695390782	0.4892597695390782	11.21	0.0	3.1312625250501003	3.1312625250501003	11.21	0.19	0.4892597695390782	0.4892597695390782	11.21	0.0	303.0	291.21	792.54	221.99	0	1
PROTOTYPE	025052	04/16/18	04:08:59	0.4892597695390782	0.4892597695390782	11.2	0.0	3.1312625250501003	3.1312625250501003	11.2	0.16	0.4892597695390782	0.4892597695390782	11.2	0.0	292.0	291.33	774.29	203.69	0	1
PROTOTYPE	025053	04/16/18	04:09:00	0.4892597695390782	0.4892597695390782	11.23	0.0	3.1312625250501003	3.1312625250501003	11.23	0.13	0.4892597695390782	0.4892597695390782	11.23	0.0	277.0	289.18	963.64	-36.86	0	1
PROTOTYPE	025054	04/16/18	04:09:01	0.4892597695390782	0.4892597695390782	11.21	0.0	3.1312625250501003	3.1312625250501003	11.21	0.11	0.4892597695390782	0.4892597695390782	11.21	0.0	296.0	290.2	999.16	-1.33	0	1
PROTOTYPE	025055	04/16/18	04:09:03	0.4892597695390782	0.4892597695390782	11.21	0.0	3.1312625250501003	3.1312625250501003	11.21	0.1	0.4892597695390782	0.4892597695390782	11.21	0.0	295.0	290.92	894.37	-106.13	0	1
PROTOTYPE	025056	04/16/18	04:09:04	0.4892597695390782	0.4892597695390782	11.2	0.0	3.1312625250501003	3.1312625250501003	11.2	0.08	0.4892597695390782	0.4892597695390782	11.2	0.0	278.0	288.98	953.45	-165.21	0	1
PROTOTYPE	025057	04/16/18	04:09:06	0.4892597695390782	0.4892597695390782	11.22	0.0	3.1312625250501003	3.1312625250501003	11.22	0.07	0.4892597695390782	0.4892597695390782	11.22	0.0	284.0	288.24	1003.64	-215.43	0	1
PROTOTYPE	025058	04/16/18	04:09:07	0.4892597695390782	0.4892597695390782	11.23	0.0	3.1312625250501003	3.1312625250501003	11.23	0.06	0.4892597695390782	0.4892597695390782	11.23	0.0	302.0	290.3	1084.2	116.88	0	1
PROTOTYPE	025059	04/16/18	04:09:08	0.4892597695390782	0.4892597695390782	11.25	0.0	3.1312625250501003	3.1312625250501003	11.25	0.05	0.4892597695390782	0.4892597695390782	11.25	0.0	288.0	289.96	910.74	-125.65	0	1
PROTOTYPE	025060	04/16/18	04:09:10	0.4892597695390782	0.4892597695390782	11.26	0.0	3.1312625250501003	3.1312625250501003	11.26	0.04	0.4892597695390782	0.4892597695390782	11.26	0.0	292.0	290.26	929.54	-106.8	0	1
PROTOTYPE	025061	04/16/18	04:09:11	0.4892597695390782	0.4892597695390782	11.23	0.0	3.1312625250501003	3.1312625250501003	11.23	0.04	0.4892597695390782	0.4892597695390782	11.23	0.0	295.0	290.97	785.64	179.22	0	1
PROTOTYPE	025062	04/16/18	04:09:13	0.4892597695390782	0.4892597695390782	11.25	0.0	3.1312625250501003	3.1312625250501003	11.25	0.03	0.4892597695390782	0.4892597695390782	11.25	0.0	288.0	290.53	727.98	32.34	0	1
PROTOTYPE	025063	04/16/18	04:09:14	0.4892597695390782	0.4892597695390782	11.27	0.0	3.1312625250501003	3.1312625250501003	11.27	0.03	0.4892597695390782	0.4892597695390782	11.27	0.0	295.0	291.2	723.13	27.49	0	1
PROTOTYPE	025064	04/16/18	04:09:15	0.4892597695390782	0.4892597695390782	11.28	0.0	3.1312625250501003	3.1312625250501003	11.28	0.02	0.4892597695390782	0.4892597695390782	11.28	0.0	290.0	291.02	547.3	203.36	0	1
PROTOTYPE	025065	04/16/18	04:09:17	0.4892597695390782	0.4892597695390782	11.27	0.0	3.1312625250501003	3.1312625250501003	11.27	0.02	0.4892597695390782	0.4892597695390782	11.27	0.0	294.0	291.47	517.26	322.86	0	1
PROTOTYPE	025066	04/16/18	04:09:18	0.4892597695390782	0.4892597695390782	11.27	0.0	3.1312625250501003	3.1312625250501003	11.27	0.02	0.4892597695390782	0.4892597695390782	11.27	0.0	295.0	292.0	363.84	169.43	0	1
PROTOTYPE	025067	04/16/18	04:09:20	0.4892597695390782	0.4892597695390782	11.26	0.0	3.1312625250501003	3.1312625250501003	11.26	0.01	0.4892597695390782	0.4892597695390782	11.26	0.0	301.0	293.35	464.36	339.02	0	1
PROTOTYPE	025068	04/16/18	04:09:21	0.4892597695390782	0.4892597695390782	11.26	0.0	3.1312625250501003	3.1312625250501003	11.26	0.01	0.4892597695390782	0.4892597695390782	11.26	0.0	280.0	291.34	633.87	108.16	0	1
PROTOTYPE	025069	04/16/18	04:09:22	0.4892597695390782	0.4892597695390782	11.28	0.0	3.1312625250501003	3.1312625250501003	11.28	0.01	0.4892597695390782	0.4892597695390782	11.28	0.0	288.0	290.84	612.99	-13.06	0	1
PROTOTYPE	025070	04/16/18	04:09:24	0.4892597695390782	0.4892597695390782	11.29	0.0	3.1312625250501003	3.1312625250501003	11.29	0.01	0.4892597695390782	0.4892597695390782	11.29	0.0	299.0	292.07	690.73	153.9	0	1
PROTOTYPE	025071	04/16/18	04:09:25	0.4892597695390782	0.4892597695390782	11.27	0.0	3.1312625250501003	3.1312625250501003	11.27	0.01	0.4892597695390782	0.4892597695390782	11.27	0.0	291.0	291.91	639.69	70.81	0	1
PROTOTYPE	025072	04/16/18	04:09:27	0.4892597695390782	0.4892597695390782	11.29	0.0	3.1312625250501003	3.1312625250501003	11.29	0.01	0.4892597695390782	0.4892597695390782	11.29	0.0	299.0	292.97	728.07	195.19	0	1
PROTOTYPE	025073	04/16/18	04:09:28	0.4892597695390782	0.4892597695390782	11.31	0.0	3.1312625250501003	3.1312625250501003	11.31	0.01	0.4892597695390782	0.4892597695390782	11.31	0.0	292.0	292.82	697.95	135.91	0	1
PROTOTYPE	025074	04/16/18	04:09:30	0.4892597695390782	0.4892597695390782	11.3	0.0	3.1312625250501003	3.1312625250501003	11.3	0.0	0.4892597695390782	0.4892597695390782	11.3	0.0	294.0	293.0	662.6	100.53	0	1
PROTOTYPE	025075	04/16/18	04:09:31	0.4892597695390782	0.4892597695390782	11.3	0.0	3.2291144789579156	3.1459403181362724	24.95	15.0	0.4892597695390782	0.4892597695390782	11.3	0.0	288.0	292.25	602.57	-109.55	0	1
PROTOTYPE	025076	04/16/18	04:09:32	0.4892597695390782	0.4892597695390782	11.29	0.0	3.1312625250501003	3.143983279058116	26.2	12.75	0.4892597695390782	0.4892597695390782	11.29	0.0	297.0	292.96	473.61	161.88	0	1
PROTOTYPE	025077	04/16/18	04:09:34	0.4892597695390782	0.4892597695390782	11.28	0.0	3.2291144789579156	3.156704033066132	37.95	25.84	0.4892597695390782	0.4892597695390782	11.28	0.0	291.0	292.67	452.91	182.6	0	1
PROTOTYPE	025078	04/16/18	04:09:35	0.4892597695390782	0.4892597695390782	11.26	0.0	3.1312625250501003	3.1527899549098195	40.65	21.96	0.4892597695390782	0.4892597695390782	11.26	0.0	301.0	293.92	455.52	185.21	0	1
PROTOTYPE	025079	04/16/18	04:09:37	0.4892597695390782	0.4892597695390782	11.26	0.0	3.2291144789579156	3.164532189378758	51.04	33.67	0.4892597695390782	0.4892597695390782	11.26	0.0	296.0	294.23	470.71	232.43	0	1
PROTOTYPE	025080	04/16/18	04:09:38	0.4892597695390782	0.4892597695390782	11.25	0.0	3.1312625250501003	3.1596395916833666	54.86	28.62	0.4892597695390782	0.4892597695390782	11.25	0.0	293.0	294.05	382.82	107.56	0	1
PROTOTYPE	025081	04/16/18	04:09:39	0.4892597695390782	0.4892597695390782	11.25	0.0	3.2291144789579156	3.1694247870741483	64.24	39.33	0.4892597695390782	0.4892597695390782	11.25	0.0	284.0	292.54	518.89	-28.57	0	1
PROTOTYPE	025082	04/16/18	04:09:41	0.4892597695390782	0.4892597695390782	11.24	0.0	3.1312625250501003	3.1635536698396796	68.89	33.43	0.4892597695390782	0.4892597695390782	11.24	0.0	293.0	292.61	508.26	-39.29	0	1
PROTOTYPE	025083	04/16/18	04:09:42	0.4892597695390782	0.4892597695390782	11.24	0.0	3.1312625250501003	3.1586610721442887	59.03	13.41	0.4892597695390782	0.4892597695390782	11.24	0.0	292.0	292.52	442.46	26.61	0	1
PROTOTYPE	025084	04/16/18	04:09:44	0.4892597695390782	0.4892597695390782	11.25	0.0	3.1312625250501003	3.154746993987976	60.88	11.4	0.4892597695390782	0.4892597695390782	11.25	0.0	287.0	291.69	453.98	-127.38	0	1
PROTOTYPE	025085	04/16/18	04:09:45	0.4892597695390782	0.4892597695390782	11.26	0.0	3.1312625250501003	3.1518114353707416	51.6	-5.31	0.4892597695390782	0.4892597695390782	11.26	0.0	304.0	293.54	609.16	86.72	0	1
PROTOTYPE	025086	04/16/18	04:09:46	0.4892597695390782	0.4892597695390782	11.29	0.0	3.1312625250501003	3.147897357214429	50.87	-4.51	0.4892597695390782	0.4892597695390782	11.29	0.0	290.0	293.01	537.24	-91.28	0	1
PROTOTYPE	025087	04/16/18	04:09:48	0.4892597695390782	0.4892597695390782	11.32	0.0	3.2291144789579156	3.160618111222445	51.55	-3.84	0.4892597695390782	0.4892597695390782	11.32	0.0	285.0	291.8	626.08	-242.59	0	1
PROTOTYPE	025088	04/16/18	04:09:49	0.4892597695390782	0.4892597695390782	11.3	0.0	3.2291144789579156	3.1704033066132262	56.92	11.74	0.4892597695390782	0.4892597695390782	11.3	0.0	280.0	290.03	784.65	-401.2	0	1
PROTOTYPE	025089	04/16/18	04:09:51	0.4892597695390782	0.4892597695390782	11.27	0.0	3.2291144789579156	3.17920998246493	55.18	9.98	0.4892597695390782	0.4892597695390782	11.27	0.0	295.0	290.78	708.45	-176.02	0	1
PROTOTYPE	025090	04/16/18	04:09:52	0.4892597695390782	0.4892597695390782	11.28	0.0	3.2291144789579156	3.187038138777555	56.85	23.48	0.4892597695390782	0.4892597695390782	11.28	0.0	287.0	290.21	758.1	-239.62	0	1
PROTOTYPE	025091	04/16/18	04:09:53	0.4892597695390782	0.4892597695390782	11.28	0.0	3.2291144789579156	3.1929092560120242	58.26	34.96	0.4892597695390782	0.4892597695390782	11.28	0.0	287.0	289.73	797.07	-278.68	0	1
PROTOTYPE	025092	04/16/18	04:09:55	0.4892597695390782	0.4892597695390782	11.28	0.0	3.2291144789579156	3.1987803732464926	59.44	44.72	0.4892597695390782	0.4892597695390782	11.28	0.0	290.0	289.77	718.58	-191.88	0	1
PROTOTYPE	025093	04/16/18	04:09:56	0.4892597695390782	0.4892597695390782	11.27	0.0	3.2291144789579156	3.203672970941884	60.43	53.01	0.4892597695390782	0.4892597695390782	11.27	0.0	286.0	289.21	590.5	-433.09	0	1
PROTOTYPE	025094	04/16/18	04:09:58	0.4892597695390782	0.4892597695390782	11.25	0.0	3.2291144789579156	3.2075870490981964	61.25	60.06	0.4892597695390782	0.4892597695390782	11.25	0.0	290.0	289.32	549.44	-368.13	0	1
PROTOTYPE	025095	04/16/18	04:09:59	0.4892597695390782	0.4892597695390782	11.24	0.0	3.2291144789579156	3.210522607715431	52.44	51.05	0.4892597695390782	0.4892597695390782	11.24	0.0	296.0	290.33	529.49	-147.91	0	1
PROTOTYPE	025096	04/16/18	04:10:01	0.4892597695390782	0.4892597695390782	11.25	0.0	3.2291144789579156	3.2134581663326656	45.02	43.39	0.4892597695390782	0.4892597695390782	11.25	0.0	302.0	292.08	527.54	204.28	0	1
PROTOTYPE	025097	04/16/18	04:10:02	0.4892597695390782	0.4892597695390782	11.28	0.0	3.2291144789579156	3.2154152054108214	38.78	36.88	0.4892597695390782	0.4892597695390782	11.28	0.0	301.0	293.42	586.89	263.63	0	1
PROTOTYPE	025098	04/16/18	04:10:03	0.4892597695390782	0.4892597695390782	11.28	0.0	3.2291144789579156	3.2173722444889785	33.56	31.35	0.4892597695390782	0.4892597695390782	11.28	0.0	288.0	292.6	611.43	239.09	0	1
PROTOTYPE	025099	04/16/18	04:10:05	0.4892597695390782	0.4892597695390782	11.3	0.0	3.2291144789579156	3.2193292835671343	29.21	26.65	0.4892597695390782	0.4892597695390782	11.3	0.0	289.0	292.06	617.29	233.23	0	1
PROTOTYPE	025100	04/16/18	04:10:06	0.4892597695390782	0.4892597695390782	11.31	0.0	3.2291144789579156	3.2212863226452906	25.6	22.65	0.4892597695390782	0.4892597695390782	11.31	0.0	283.0	290.7	748.96	93.24	0	1
PROTOTYPE	025101	04/16/18	04:10:08	0.4892597695390782	0.4892597695390782	11.31	0.0	3.2291144789579156	3.222264842184369	22.61	19.25	0.4892597695390782	0.4892597695390782	11.31	0.0	304.0	292.7	891.83	349.26	0	1
PROTOTYPE	025102	04/16/18	04:10:09	0.4892597695390782	0.4892597695390782	11.31	0.0	3.2291144789579156	3.223243361723447	20.18	16.36	0.4892597695390782	0.4892597695390782	11.31	0.0	285.0	291.54	995.3	221.87	0	1
PROTOTYPE	025103	04/16/18	04:10:10	0.4892597695390782	0.4892597695390782	11.3	0.0	3.2291144789579156	3.224221881262525	18.2	13.91	0.4892597695390782	0.4892597695390782	11.3	0.0	298.0	292.51	992.02	218.59	0	1
PROTOTYPE	025104	04/16/18	04:10:12	0.4892597695390782	0.4892597695390782	11.3	0.0	3.2291144789579156	3.2252004008016035	16.61	11.82	0.4892597695390782	0.4892597695390782	11.3	0.0	286.0	291.53	914.59	-54.2	0	1
PROTOTYPE	025105	04/16/18	04:10:13	0.4892597695390782	0.4892597695390782	11.28	0.0	3.2291144789579156	3.2252004008016035	15.34	10.05	0.4892597695390782	0.4892597695390782	11.28	0.0	299.0	292.65	892.72	-76.07	0	1
PROTOTYPE	025106	04/16/18	04:10:15	0.4892597695390782	0.4892597695390782	11.26	0.0	3.2291144789579156	3.226178920340681	14.34	8.54	0.4892597695390782	0.4892597695390782	11.26	0.0	294.0	292.86	831.7	25.34	0	1
PROTOTYPE	025107	04/16/18	04:10:16	0.4892597695390782	0.4892597695390782	11.25	0.0	3.2291144789579156	3.226178920340681	13.57	7.26	0.4892597695390782	0.4892597695390782	11.25	0.0	289.0	292.28	835.5	21.54	0	1
PROTOTYPE	025108	04/16/18	04:10:17	0.4892597695390782	0.4892597695390782	11.26	0.0	3.2291144789579156	3.2271574398797593	12.99	6.17	0.4892597695390782	0.4892597695390782	11.26	0.0	288.0	291.64	763.74	93.31	0	1
PROTOTYPE	025109	04/16/18	04:10:19	0.4892597695390782	0.4892597695390782	11.25	0.0	3.2291144789579156	3.2271574398797593	12.53	5.25	0.4892597695390782	0.4892597695390782	11.25	0.0	294.0	291.99	599.77	-70.69	0	1
PROTOTYPE	025110	04/16/18	04:10:20	0.4892597695390782	0.4892597695390782	11.27	0.0	3.2291144789579156	3.2271574398797593	12.21	4.46	0.4892597695390782	0.4892597695390782	11.27	0.0	299.0	293.04	589.44	149.92	0	1
PROTOTYPE	025111	04/16/18	04:10:22	0.4892597695390782	0.4892597695390782	11.25	0.0	3.2291144789579156	3.228135959418838	11.94	3.79	0.4892597695390782	0.4892597695390782	11.25	0.0	290.0	292.59	538.23	7.43	0	1
PROTOTYPE	025112	04/16/18	04:10:23	0.4892597695390782	0.4892597695390782	11.26	0.0	3.2291144789579156	3.228135959418838	11.76	3.22	0.4892597695390782	0.4892597695390782	11.26	0.0	293.0	292.65	446.92	111.31	0	1
PROTOTYPE	025113	04/16/18	04:10:25	0.4892597695390782	0.4892597695390782	11.26	0.0	3.2291144789579156	3.228135959418838	11.63	2.74	0.4892597695390782	0.4892597695390782	11.26	0.0	299.0	293.6	430.22	94.62	0	1
PROTOTYPE	025114	04/16/18	04:10:26	0.4892597695390782	0.4892597695390782	11.28	0.0	3.2291144789579156	3.228135959418838	11.55	2.33	0.4892597695390782	0.4892597695390782	11.28	0.0	279.0	291.41	629.01	-144.58	0	1
PROTOTYPE	025115	04/16/18	04:10:27	0.4892597695390782	0.4892597695390782	11.28	0.0	3.2291144789579156	3.228135959418838	11.47	1.98	0.4892597695390782	0.4892597695390782	11.28	0.0	299.0	292.55	685.0	27.11	0	1
PROTOTYPE	025116	04/16/18	04:10:29	0.4892597695390782	0.4892597695390782	11.28	0.0	3.2291144789579156	3.228135959418838	11.42	1.68	0.4892597695390782	0.4892597695390782	11.28	0.0	294.0	292.77	642.62	113.04	0	1
PROTOTYPE	025117	04/16/18	04:10:30	0.4892597695390782	0.4892597695390782	11.29	0.0	3.2291144789579156	3.228135959418838	11.39	1.43	0.4892597695390782	0.4892597695390782	11.29	0.0	296.0	293.25	655.66	126.09	0	1
PROTOTYPE	025118	04/16/18	04:10:32	0.4892597695390782	0.4892597695390782	11.26	0.0	3.2291144789579156	3.2291144789579156	11.33	1.22	0.4892597695390782	0.4892597695390782	11.26	0.0	297.0	293.81	606.75	77.17	0	1
PROTOTYPE	025119	04/16/18	04:10:33	0.4892597695390782	0.4892597695390782	11.27	0.0	3.2291144789579156	3.2291144789579156	11.32	1.03	0.4892597695390782	0.4892597695390782	11.27	0.0	279.0	291.59	783.31	-99.4	0	1
PROTOTYPE	025120	04/16/18	04:10:34	0.4892597695390782	0.4892597695390782	11.26	0.0	3.2291144789579156	3.2291144789579156	11.3	0.88	0.4892597695390782	0.4892597695390782	11.26	0.0	290.0	291.35	800.86	-129.49	0	1
PROTOTYPE	025121	04/16/18	04:10:36	0.4892597695390782	0.4892597695390782	11.27	0.0	3.2291144789579156	3.2291144789579156	11.3	0.75	0.4892597695390782	0.4892597695390782	11.27	0.0	300.0	292.65	835.28	-95.07	0	1
PROTOTYPE	025122	04/16/18	04:10:37	0.4892597695390782	0.4892597695390782	11.26	0.0	3.2291144789579156	3.2291144789579156	11.28	0.63	0.4892597695390782	0.4892597695390782	11.26	0.0	292.0	292.55	626.12	114.19	0	1
PROTOTYPE	025123	04/16/18	04:10:39	0.4892597695390782	0.4892597695390782	11.25	0.0	3.2291144789579156	3.2291144789579156	11.26	0.54	0.4892597695390782	0.4892597695390782	11.25	0.0	289.0	292.02	565.58	-52.94	0	1
PROTOTYPE	025124	04/16/18	04:10:40	0.4892597695390782	0.4892597695390782	11.23	0.0	3.2291144789579156	3.2291144789579156	11.24	0.46	0.4892597695390782	0.4892597695390782	11.23	0.0	292.0	292.02	545.2	-75.0	0	1
PROTOTYPE	025125	04/16/18	04:10:41	0.4892597695390782	0.4892597695390782	11.23	0.0	3.2291144789579156	3.2291144789579156	11.24	0.39	0.4892597695390782	0.4892597695390782	11.23	0.0	294.0	292.31	526.46	-93.75	0	1
PROTOTYPE	025126	04/16/18	04:10:43	0.4892597695390782	0.4892597695390782	11.24	0.0	3.2291144789579156	3.2291144789579156	11.24	0.33	0.4892597695390782	0.4892597695390782	11.24	0.0	276.0	289.87	714.93	-394.68	0	1
PROTOTYPE	025127	04/16/18	04:10:44	0.4892597695390782	0.4892597695390782	11.23	0.0	3.2291144789579156	3.2291144789579156	11.23	0.28	0.4892597695390782	0.4892597695390782	11.23	0.0	293.0	290.34	539.74	-125.48	0	1
PROTOTYPE	025128	04/16/18	04:10:46	0.4892597695390782	0.4892597695390782	11.23	0.0	3.2291144789579156	3.2291144789579156	11.23	0.24	0.4892597695390782	0.4892597695390782	11.23	0.0	302.0	292.09	690.77	73.34	0	1
PROTOTYPE	025129	04/16/18	04:10:47	0.4892597695390782	0.4892597695390782	11.21	0.0	3.2291144789579156	3.2291144789579156	11.21	0.2	0.4892597695390782	0.4892597695390782	11.21	0.0	301.0	293.42	694.76	77.34	0	1
PROTOTYPE	025130	04/16/18	04:10:48	0.4892597695390782	0.4892597695390782	11.22	0.0	3.2291144789579156	3.2291144789579156	11.22	0.17	0.4892597695390782	0.4892597695390782	11.22	0.0	290.0	292.91	736.28	35.74	0	1
PROTOTYPE	025131	04/16/18	04:10:50	0.4892597695390782	0.4892597695390782	11.21	0.0	3.2291144789579156	3.2291144789579156	11.21	0.15	0.4892597695390782	0.4892597695390782	11.21	0.0	287.0	292.02	771.64	0.38	0	1
PROTOTYPE	025132	04/16/18	04:10:51	0.4892597695390782	0.4892597695390782	11.2	0.0	3.2291144789579156	3.2291144789579156	11.2	0.12	0.4892597695390782	0.4892597695390782	11.2	0.0	292.0	292.02	771.64	0.32	0	1
PROTOTYPE	025133	04/16/18	04:10:53	0.4892597695390782	0.4892597695390782	11.21	0.0	3.2291144789579156	3.2291144789579156	11.21	0.11	0.4892597695390782	0.4892597695390782	11.21	0.0	287.0	291.27	817.17	-104.73	0	1
PROTOTYPE	025134	04/16/18	04:10:54	0.4892597695390782	0.4892597695390782	11.2	0.0	3.2291144789579156	3.2291144789579156	11.2	0.09	0.4892597695390782	0.4892597695390782	11.2	0.0	290.0	291.08	591.51	120.98	0	1
PROTOTYPE	025135	04/16/18	04:10:55	0.4892597695390782	0.4892597695390782	11.23	0.0	3.2291144789579156	3.2291144789579156	11.23	0.08	0.4892597695390782	0.4892597695390782	11.23	0.0	290.0	290.92	560.71	57.83	0	1
PROTOTYPE	025136	04/16/18	04:10:57	0.4892597695390782	0.4892597695390782	11.25	0.0	3.2291144789579156	3.2291144789579156	11.25	0.07	0.4892597695390782	0.4892597695390782	11.25	0.0	286.0	290.18	459.51	-190.84	0	1
PROTOTYPE	025137	04/16/18	04:10:58	0.4892597695390782	0.4892597695390782	11.3	0.0	3.2291144789579156	3.2291144789579156	11.3	0.06	0.4892597695390782	0.4892597695390782	11.3	0.0	290.0	290.15	328.83	-327.21	0	1
PROTOTYPE	025138	04/16/18	04:11:00	0.4892597695390782	0.4892597695390782	11.3	0.0	3.2291144789579156	3.2291144789579156	11.3	0.05	0.4892597695390782	0.4892597695390782	11.3	0.0	301.0	291.78	440.2	-113.13	0	1
PROTOTYPE	025139	04/16/18	04:11:01	0.4892597695390782	0.4892597695390782	11.31	0.0	3.2291144789579156	3.2291144789579156	11.31	0.04	0.4892597695390782	0.4892597695390782	11.31	0.0	282.0	290.31	498.22	-171.16	0	1
PROTOTYPE	025140	04/16/18	04:11:03	0.4892597695390782	0.4892597695390782	11.33	0.0	3.2291144789579156	3.2291144789579156	11.33	0.03	0.4892597695390782	0.4892597695390782	11.33	0.0	293.0	290.72	537.13	-130.49	0	1
PROTOTYPE	025141	04/16/18	04:11:04	0.4892597695390782	0.4892597695390782	11.32	0.0	3.2291144789579156	3.2291144789579156	11.32	0.03	0.4892597695390782	0.4892597695390782	11.32	0.0	299.0	291.96	586.1	69.09	0	1
PROTOTYPE	025142	04/16/18	04:11:05	0.4892597695390782	0.4892597695390782	11.32	0.0	3.2291144789579156	3.2291144789579156	11.32	0.02	0.4892597695390782	0.4892597695390782	11.32	0.0	292.0	291.96	568.58	88.72	0	1
PROTOTYPE	025143	04/16/18	04:11:07	0.4892597695390782	0.4892597695390782	11.31	0.0	3.2291144789579156	3.2291144789579156	11.31	0.02	0.4892597695390782	0.4892597695390782	11.31	0.0	289.0	291.52	596.85	60.41	0	1
PROTOTYPE	025144	04/16/18	04:11:08	0.4892597695390782	0.4892597695390782	11.3	0.0	3.2291144789579156	3.2291144789579156	11.3	0.02	0.4892597695390782	0.4892597695390782	11.3	0.0	303.0	293.24	695.32	306.35	0	1
PROTOTYPE	025145	04/16/18	04:11:10	0.4892597695390782	0.4892597695390782	11.26	0.0	3.2291144789579156	3.2291144789579156	11.26	0.02	0.4892597695390782	0.4892597695390782	11.26	0.0	293.0	293.21	696.17	305.4	0	1
PROTOTYPE	025146	04/16/18	04:11:11	0.4892597695390782	0.4892597695390782	11.26	0.0	3.2291144789579156	3.2291144789579156	11.26	0.01	0.4892597695390782	0.4892597695390782	11.26	0.0	296.0	293.62	575.38	184.59	0	1
PROTOTYPE	025147	04/16/18	04:11:12	0.4892597695390782	0.4892597695390782	11.28	0.0	3.2291144789579156	3.2291144789579156	11.28	0.01	0.4892597695390782	0.4892597695390782	11.28	0.0	294.0	293.68	434.5	336.9	0	1
PROTOTYPE	025148	04/16/18	04:11:14	0.4892597695390782	0.4892597695390782	11.27	0.0	3.2291144789579156	3.2291144789579156	11.27	0.01	0.4892597695390782	0.4892597695390782	11.27	0.0	301.0	294.78	503.95	406.37	0	1
PROTOTYPE	025149	04/16/18	04:11:15	0.4892597695390782	0.4892597695390782	11.27	0.0	3.2291144789579156	3.2291144789579156	11.27	0.01	0.4892597695390782	0.4892597695390782	11.27	0.0	294.0	294.66	391.43	270.41	0	1
PROTOTYPE	025150	04/16/18	04:11:17	0.4892597695390782	0.4892597695390782	11.28	0.0	3.2291144789579156	3.2291144789579156	11.28	0.01	0.4892597695390782	0.4892597695390782	11.28	0.0	285.0	293.21	534.83	124.85	0	1
PROTOTYPE	025151	04/16/18	04:11:18	0.4892597695390782	0.4892597695390782	11.27	0.0	3.2291144789579156	3.2291144789579156	11.27	0.01	0.4892597695390782	0.4892597695390782	11.27	0.0	298.0	293.93	562.17	241.12	0	1
PROTOTYPE	025152	04/16/18	04:11:19	0.4892597695390782	0.4892597695390782	11.26	0.0	3.2291144789579156	3.2291144789579156	11.26	0.0	0.4892597695390782	0.4892597695390782	11.26	0.0	300.0	294.84	481.01	159.95	0	1
PROTOTYPE	025153	04/16/18	04:11:21	0.4892597695390782	0.4892597695390782	11.27	0.0	3.2291144789579156	3.2291144789579156	11.27	0.0	0.4892597695390782	0.4892597695390782	11.27	0.0	300.0	295.61	554.52	240.96	0	1
PROTOTYPE	025154	04/16/18	04:11:22	0.4892597695390782	0.4892597695390782	11.27	0.0	3.2291144789579156	3.2291144789579156	11.27	0.0	0.4892597695390782	0.4892597695390782	11.27	0.0	287.0	294.32	641.81	69.82	0	1
PROTOTYPE	025155	04/16/18	04:11:24	0.4892597695390782	0.4892597695390782	11.24	0.0	3.2291144789579156	3.2291144789579156	11.24	0.0	0.4892597695390782	0.4892597695390782	11.24	0.0	293.0	294.12	655.89	44.34	0	1
PROTOTYPE	025156	04/16/18	04:11:25	0.4892597695390782	0.4892597695390782	11.25	0.0	3.2291144789579156	3.2291144789579156	11.25	0.0	0.4892597695390782	0.4892597695390782	11.25	0.0	299.0	294.86	619.24	7.69	0	1
PROTOTYPE	025157	04/16/18	04:11:26	0.4892597695390782	0.4892597695390782	11.26	0.0	3.2291144789579156	3.2291144789579156	11.26	0.0	0.4892597695390782	0.4892597695390782	11.26	0.0	290.0	294.13	680.33	-53.46	0	1
PROTOTYPE	025158	04/16/18	04:11:28	0.4892597695390782	0.4892597695390782	11.26	0.0	3.2291144789579156	3.2291144789579156	11.26	0.0	0.4892597695390782	0.4892597695390782	11.26	0.0	295.0	294.26	548.56	104.56	0	1
PROTOTYPE	025159	04/16/18	04:11:29	0.4892597695390782	0.4892597695390782	11.27	0.0	3.2291144789579156	3.2291144789579156	11.27	0.0	0.4892597695390782	0.4892597695390782	11.27	0.0	283.0	292.57	645.61	-136.13	0	1
PROTOTYPE	025160	04/16/18	04:11:31	0.4892597695390782	0.4892597695390782	11.28	0.0	3.2291144789579156	3.2291144789579156	11.28	0.0	0.4892597695390782	0.4892597695390782	11.28	0.0	298.0	293.38	636.03	-145.71	0	1
PROTOTYPE	025161	04/16/18	04:11:32	0.4892597695390782	0.4892597695390782	11.28	0.0	3.2291144789579156	3.2291144789579156	11.28	0.0	0.4892597695390782	0.4892597695390782	11.28	0.0	294.0	293.48	567.98	-213.85	0	1
PROTOTYPE	025162	04/16/18	04:11:34	0.4892597695390782	0.4892597695390782	11.28	0.0	3.2291144789579156	3.2291144789579156	11.28	0.0	0.4892597695390782	0.4892597695390782	11.28	0.0	293.0	293.4	446.03	-91.77	0	1
PROTOTYPE	025163	04/16/18	04:11:35	0.4892597695390782	0.4892597695390782	11.29	0.0	3.2291144789579156	3.2291144789579156	11.29	0.0	0.4892597695390782	0.4892597695390782	11.29	0.0	293.0	293.34	432.38	-78.01	0	1
PROTOTYPE	025164	04/16/18	04:11:36	0.4892597695390782	0.4892597695390782	11.29	0.0	3.2291144789579156	3.2291144789579156	11.29	0.0	0.4892597695390782	0.4892597695390782	11.29	0.0	293.0	293.29	364.58	-156.31	0	1
PROTOTYPE	025165	04/16/18	04:11:38	0.4892597695390782	0.4892597695390782	11.3	0.0	3.2291144789579156	3.2291144789579156	11.3	0.0	0.4892597695390782	0.4892597695390782	11.3	0.0	292.0	293.1	311.18	-102.86	0	1
PROTOTYPE	025166	04/16/18	04:11:39	0.4892597695390782	0.4892597695390782	11.29	0.0	3.2291144789579156	3.2291144789579156	11.29	0.0	0.4892597695390782	0.4892597695390782	11.29	0.0	291.0	292.78	329.52	-147.43	0	1
