Dev_id	Index	Date	Time	Sensor1	Sensor1_Filter	Sensor1_LL	Sensor1_Diff	Sensor2	Sensor2_Filter	Sensor2_LL	Sensor2_Diff	Sensor3	Sensor3_Filter	Sensor3_LL	Sensor3_Diff	Sensor4	Sensor4_Filter	Sensor4_LL	Sensor4_Diff	Heater_Status	FSM_Status
PROTOTYPE	027767	04/16/18	05:12:47	0.4892597695390782	0.4892597695390782	11.29	-0.0	3.522670340681363	3.522670340681363	11.38	1.32	0.4892597695390782	0.4892597695390782	11.29	0.0	293.0	290.42	729.95	-200.3	0	1
PROTOTYPE	027768	04/16/18	05:12:48	0.4892597695390782	0.4892597695390782	11.3	-0.0	3.522670340681363	3.522670340681363	11.36	1.12	0.4892597695390782	0.4892597695390782	11.3	0.0	287.0	289.91	594.92	-65.25	0	1
PROTOTYPE	027769	04/16/18	05:12:50	0.4892597695390782	0.4892597695390782	11.33	-0.0	3.522670340681363	3.522670340681363	11.37	0.95	0.4892597695390782	0.4892597695390782	11.33	0.0	280.0	288.42	720.09	-190.47	0	1
PROTOTYPE	027770	04/16/18	05:12:51	0.4892597695390782	0.4892597695390782	11.34	-0.0	3.522670340681363	3.522670340681363	11.37	0.81	0.4892597695390782	0.4892597695390782	11.34	0.0	289.0	288.51	598.77	-311.9	0	1
PROTOTYPE	027771	04/16/18	05:12:53	0.4892597695390782	0.4892597695390782	11.33	-0.0	3.522670340681363	3.522670340681363	11.35	0.69	0.4892597695390782	0.4892597695390782	11.33	0.0	289.0	288.58	570.66	-340.11	0	1
PROTOTYPE	027772	04/16/18	05:12:54	0.4892597695390782	0.4892597695390782	11.34	-0.0	3.522670340681363	3.522670340681363	11.36	0.59	0.4892597695390782	0.4892597695390782	11.34	0.0	292.0	289.09	427.19	-94.1	0	1
PROTOTYPE	027773	04/16/18	05:12:55	0.4892597695390782	0.4892597695390782	11.34	-0.0	3.522670340681363	3.522670340681363	11.35	0.5	0.4892597695390782	0.4892597695390782	11.34	0.0	283.0	288.18	458.07	-124.98	0	1
PROTOTYPE	027774	04/16/18	05:12:57	0.4892597695390782	0.4892597695390782	11.34	-0.0	3.522670340681363	3.522670340681363	11.35	0.42	0.4892597695390782	0.4892597695390782	11.34	0.0	272.0	285.75	647.22	-421.23	0	1
PROTOTYPE	027775	04/16/18	05:12:58	0.4892597695390782	0.4892597695390782	11.34	-0.0	3.522670340681363	3.522670340681363	11.34	0.36	0.4892597695390782	0.4892597695390782	11.34	0.0	296.0	287.29	755.39	-313.05	0	1
PROTOTYPE	027776	04/16/18	05:13:00	0.4892597695390782	0.4892597695390782	11.35	-0.0	3.522670340681363	3.522670340681363	11.35	0.31	0.4892597695390782	0.4892597695390782	11.35	0.0	287.0	287.25	708.64	-266.09	0	1
PROTOTYPE	027777	04/16/18	05:13:01	0.4892597695390782	0.4892597695390782	11.35	-0.0	3.522670340681363	3.522670340681363	11.35	0.26	0.4892597695390782	0.4892597695390782	11.35	0.0	298.0	288.86	721.32	43.82	0	1
PROTOTYPE	027778	04/16/18	05:13:03	0.4892597695390782	0.4892597695390782	11.34	-0.0	3.522670340681363	3.522670340681363	11.34	0.22	0.4892597695390782	0.4892597695390782	11.34	0.0	300.0	290.53	879.64	202.25	0	1
PROTOTYPE	027779	04/16/18	05:13:04	0.4892597695390782	0.4892597695390782	11.34	-0.0	3.522670340681363	3.522670340681363	11.34	0.19	0.4892597695390782	0.4892597695390782	11.34	0.0	275.0	288.2	1105.1	-38.09	0	1
PROTOTYPE	027780	04/16/18	05:13:05	0.4892597695390782	0.4892597695390782	11.31	-0.0	3.522670340681363	3.522670340681363	11.31	0.16	0.4892597695390782	0.4892597695390782	11.31	0.0	304.0	290.57	1290.8	147.62	0	1
PROTOTYPE	027781	04/16/18	05:13:07	0.4892597695390782	0.4892597695390782	11.31	-0.0	3.522670340681363	3.522670340681363	11.31	0.14	0.4892597695390782	0.4892597695390782	11.31	0.0	284.0	289.59	1297.94	140.48	0	1
PROTOTYPE	027782	04/16/18	05:13:08	0.4892597695390782	0.4892597695390782	11.3	-0.0	3.522670340681363	3.522670340681363	11.3	0.12	0.4892597695390782	0.4892597695390782	11.3	0.0	287.0	289.2	1094.03	344.41	0	1
PROTOTYPE	027783	04/16/18	05:13:10	0.4892597695390782	0.4892597695390782	11.28	-0.0	3.522670340681363	3.522670340681363	11.28	0.1	0.4892597695390782	0.4892597695390782	11.28	0.0	294.0	289.92	1012.38	262.75	0	1
PROTOTYPE	027784	04/16/18	05:13:11	0.4892597695390782	0.4892597695390782	11.26	-0.0	3.522670340681363	3.522670340681363	11.26	0.08	0.4892597695390782	0.4892597695390782	11.26	0.0	298.0	291.13	1129.03	388.34	0	1
PROTOTYPE	027785	04/16/18	05:13:12	0.4892597695390782	0.4892597695390782	11.25	-0.0	3.522670340681363	3.522670340681363	11.25	0.07	0.4892597695390782	0.4892597695390782	11.25	0.0	292.0	291.26	980.85	240.09	0	1
PROTOTYPE	027786	04/16/18	05:13:14	0.4892597695390782	0.4892597695390782	11.28	-0.0	3.522670340681363	3.522670340681363	11.28	0.06	0.4892597695390782	0.4892597695390782	11.28	0.0	293.0	291.52	839.87	99.07	0	1
PROTOTYPE	027787	04/16/18	05:13:15	0.4892597695390782	0.4892597695390782	11.29	-0.0	3.522670340681363	3.522670340681363	11.29	0.05	0.4892597695390782	0.4892597695390782	11.29	0.0	298.0	292.49	704.09	429.21	0	1
PROTOTYPE	027788	04/16/18	05:13:17	0.4892597695390782	0.4892597695390782	11.31	-0.0	3.522670340681363	3.522670340681363	11.31	0.04	0.4892597695390782	0.4892597695390782	11.31	0.0	296.0	293.02	519.73	244.83	0	1
PROTOTYPE	027789	04/16/18	05:13:18	0.4892597695390782	0.4892597695390782	11.3	-0.0	3.522670340681363	3.522670340681363	11.3	0.04	0.4892597695390782	0.4892597695390782	11.3	0.0	288.0	292.27	496.45	268.11	0	1
PROTOTYPE	027790	04/16/18	05:13:19	0.4892597695390782	0.4892597695390782	11.3	-0.0	3.522670340681363	3.522670340681363	11.3	0.03	0.4892597695390782	0.4892597695390782	11.3	0.0	297.0	292.98	528.66	377.89	0	1
PROTOTYPE	027791	04/16/18	05:13:21	0.4892597695390782	0.4892597695390782	11.3	-0.0	3.522670340681363	3.522670340681363	11.3	0.03	0.4892597695390782	0.4892597695390782	11.3	0.0	290.0	292.53	501.28	261.21	0	1
PROTOTYPE	027792	04/16/18	05:13:22	0.4892597695390782	0.4892597695390782	11.3	-0.0	3.522670340681363	3.522670340681363	11.3	0.02	0.4892597695390782	0.4892597695390782	11.3	0.0	289.0	292.0	433.01	87.03	0	1
PROTOTYPE	027793	04/16/18	05:13:24	0.4892597695390782	0.4892597695390782	11.31	-0.0	3.522670340681363	3.522670340681363	11.31	0.02	0.4892597695390782	0.4892597695390782	11.31	0.0	292.0	292.0	421.31	73.97	0	1
PROTOTYPE	027794	04/16/18	05:13:25	0.4892597695390782	0.4892597695390782	11.3	-0.0	3.522670340681363	3.522670340681363	11.3	0.02	0.4892597695390782	0.4892597695390782	11.3	0.0	294.0	292.3	425.21	77.88	0	1
PROTOTYPE	027795	04/16/18	05:13:27	0.4892597695390782	0.4892597695390782	11.29	-0.0	3.522670340681363	3.522670340681363	11.29	0.01	0.4892597695390782	0.4892597695390782	11.29	0.0	281.0	290.61	497.54	-188.81	0	1
PROTOTYPE	027796	04/16/18	05:13:28	0.4892597695390782	0.4892597695390782	11.28	-0.0	3.522670340681363	3.522670340681363	11.28	0.01	0.4892597695390782	0.4892597695390782	11.28	0.0	297.0	291.56	540.85	-145.48	0	1
PROTOTYPE	027797	04/16/18	05:13:29	0.4892597695390782	0.4892597695390782	11.3	-0.0	3.522670340681363	3.522670340681363	11.3	0.01	0.4892597695390782	0.4892597695390782	11.3	0.0	281.0	289.98	624.02	-228.66	0	1
PROTOTYPE	027798	04/16/18	05:13:31	0.4892597695390782	0.4892597695390782	11.31	-0.0	3.522670340681363	3.522670340681363	11.31	0.01	0.4892597695390782	0.4892597695390782	11.31	0.0	293.0	290.43	598.33	-254.36	0	1
PROTOTYPE	027799	04/16/18	05:13:32	0.4892597695390782	0.4892597695390782	11.3	-0.0	3.522670340681363	3.522670340681363	11.3	0.01	0.4892597695390782	0.4892597695390782	11.3	0.0	286.0	289.77	620.17	-276.21	0	1
PROTOTYPE	027800	04/16/18	05:13:34	0.4892597695390782	0.4892597695390782	11.31	-0.0	3.522670340681363	3.522670340681363	11.31	0.01	0.4892597695390782	0.4892597695390782	11.31	0.0	293.0	290.25	615.7	-174.78	0	1
PROTOTYPE	027801	04/16/18	05:13:35	0.4892597695390782	0.4892597695390782	11.3	-0.0	3.522670340681363	3.522670340681363	11.3	0.01	0.4892597695390782	0.4892597695390782	11.3	0.0	296.0	291.11	700.5	-88.56	0	1
PROTOTYPE	027802	04/16/18	05:13:36	0.4892597695390782	0.4892597695390782	11.3	-0.0	3.522670340681363	3.522670340681363	11.3	0.0	0.4892597695390782	0.4892597695390782	11.3	0.0	296.0	291.85	743.76	-45.28	0	1
PROTOTYPE	027803	04/16/18	05:13:38	0.4892597695390782	0.4892597695390782	11.3	-0.0	3.522670340681363	3.522670340681363	11.3	0.0	0.4892597695390782	0.4892597695390782	11.3	0.0	295.0	292.32	621.56	171.52	0	1
PROTOTYPE	027804	04/16/18	05:13:39	0.4892597695390782	0.4892597695390782	11.3	-0.0	3.522670340681363	3.522670340681363	11.3	0.0	0.4892597695390782	0.4892597695390782	11.3	0.0	286.0	291.37	620.44	-19.21	0	1
PROTOTYPE	027805	04/16/18	05:13:41	0.4892597695390782	0.4892597695390782	11.28	-0.0	3.522670340681363	3.522670340681363	11.28	0.0	0.4892597695390782	0.4892597695390782	11.28	0.0	293.0	291.62	486.42	163.67	0	1
PROTOTYPE	027806	04/16/18	05:13:42	0.4892597695390782	0.4892597695390782	11.28	-0.0	3.522670340681363	3.522670340681363	11.28	0.0	0.4892597695390782	0.4892597695390782	11.28	0.0	291.0	291.52	450.46	109.12	0	1
PROTOTYPE	027807	04/16/18	05:13:43	0.4892597695390782	0.4892597695390782	11.28	-0.0	3.522670340681363	3.522670340681363	11.28	0.0	0.4892597695390782	0.4892597695390782	11.28	0.0	299.0	292.65	496.1	287.75	0	1
PROTOTYPE	027808	04/16/18	05:13:45	0.4892597695390782	0.4892597695390782	11.29	-0.0	3.522670340681363	3.522670340681363	11.29	0.0	0.4892597695390782	0.4892597695390782	11.29	0.0	285.0	291.5	562.29	124.59	0	1
PROTOTYPE	027809	04/16/18	05:13:46	0.4892597695390782	0.4892597695390782	11.3	-0.0	3.522670340681363	3.522670340681363	11.3	0.0	0.4892597695390782	0.4892597695390782	11.3	0.0	287.0	290.82	543.56	-29.1	0	1
PROTOTYPE	027810	04/16/18	05:13:48	0.4892597695390782	0.4892597695390782	11.3	-0.0	3.522670340681363	3.522670340681363	11.3	0.0	0.4892597695390782	0.4892597695390782	11.3	0.0	285.0	289.95	557.64	-189.73	0	1
PROTOTYPE	027811	04/16/18	05:13:49	0.4892597695390782	0.4892597695390782	11.31	-0.0	3.522670340681363	3.522670340681363	11.31	0.0	0.4892597695390782	0.4892597695390782	11.31	0.0	294.0	290.56	571.09	-176.27	0	1
PROTOTYPE	027812	04/16/18	05:13:51	0.4892597695390782	0.4892597695390782	11.32	-0.0	3.522670340681363	3.522670340681363	11.32	0.0	0.4892597695390782	0.4892597695390782	11.32	0.0	297.0	291.52	572.92	15.17	0	1
PROTOTYPE	027813	04/16/18	05:13:52	0.4892597695390782	0.4892597695390782	11.33	-0.0	3.522670340681363	3.522670340681363	11.33	0.0	0.4892597695390782	0.4892597695390782	11.33	0.0	290.0	291.3	571.37	-32.11	0	1
PROTOTYPE	027814	04/16/18	05:13:53	0.4892597695390782	0.4892597695390782	11.32	-0.0	3.522670340681363	3.522670340681363	11.32	0.0	0.4892597695390782	0.4892597695390782	11.32	0.0	289.0	290.95	596.47	-57.29	0	1
PROTOTYPE	027815	04/16/18	05:13:55	0.4892597695390782	0.4892597695390782	11.34	-0.0	3.522670340681363	3.522670340681363	11.34	0.0	0.4892597695390782	0.4892597695390782	11.34	0.0	292.0	291.11	500.12	-153.7	0	1
PROTOTYPE	027816	04/16/18	05:13:56	0.4892597695390782	0.4892597695390782	11.33	-0.0	3.424818386773547	3.5079925475951903	24.98	-15.0	0.4892597695390782	0.4892597695390782	11.33	0.0	283.0	289.89	507.07	-160.64	0	1
PROTOTYPE	027817	04/16/18	05:13:58	0.4892597695390782	0.4892597695390782	11.42	-0.0	3.522670340681363	3.5099495866733466	26.27	-12.75	0.4892597695390782	0.4892597695390782	11.42	0.0	288.0	289.61	468.0	-121.55	0	1
PROTOTYPE	027818	04/16/18	05:13:59	0.4892597695390782	0.4892597695390782	11.43	-0.0	3.522670340681363	3.5119066257515033	27.24	-10.84	0.4892597695390782	0.4892597695390782	11.43	0.0	280.0	288.17	524.76	-178.31	0	1
PROTOTYPE	027819	04/16/18	05:14:01	0.4892597695390782	0.4892597695390782	11.4	-0.0	3.424818386773547	3.4991858717434865	39.27	-24.21	0.4892597695390782	0.4892597695390782	11.4	0.0	300.0	289.94	641.5	-61.57	0	1
PROTOTYPE	027820	04/16/18	05:14:02	0.4892597695390782	0.4892597695390782	11.38	-0.0	3.522670340681363	3.502121430360721	41.74	-20.58	0.4892597695390782	0.4892597695390782	11.38	0.0	290.0	289.95	546.5	-157.33	0	1
PROTOTYPE	027821	04/16/18	05:14:03	0.4892597695390782	0.4892597695390782	11.36	-0.0	3.522670340681363	3.506035508517034	43.72	-17.49	0.4892597695390782	0.4892597695390782	11.36	0.0	282.0	288.76	642.87	-253.73	0	1
PROTOTYPE	027822	04/16/18	05:14:05	0.4892597695390782	0.4892597695390782	11.37	-0.0	3.424818386773547	3.493314754509018	54.76	-29.87	0.4892597695390782	0.4892597695390782	11.37	0.0	297.0	289.99	732.04	-95.67	0	1
PROTOTYPE	027823	04/16/18	05:14:06	0.4892597695390782	0.4892597695390782	11.37	-0.0	3.522670340681363	3.498207352204409	58.04	-25.39	0.4892597695390782	0.4892597695390782	11.37	0.0	282.0	288.8	836.17	-231.32	0	1
PROTOTYPE	027824	04/16/18	05:14:08	0.4892597695390782	0.4892597695390782	11.35	-0.0	3.522670340681363	3.5011429108216436	47.03	-6.58	0.4892597695390782	0.4892597695390782	11.35	0.0	293.0	289.43	777.62	-46.62	0	1
PROTOTYPE	027825	04/16/18	05:14:09	0.4892597695390782	0.4892597695390782	11.24	-0.0	3.424818386773547	3.4903791958917836	56.17	-20.59	0.4892597695390782	0.4892597695390782	11.24	0.0	293.0	289.96	802.83	35.37	0	1
PROTOTYPE	027826	04/16/18	05:14:10	0.4892597695390782	0.4892597695390782	11.23	-0.0	3.522670340681363	3.4952717935871744	58.98	-17.5	0.4892597695390782	0.4892597695390782	11.23	0.0	291.0	290.12	674.33	195.06	0	1
PROTOTYPE	027827	04/16/18	05:14:12	0.4892597695390782	0.4892597695390782	11.24	-0.0	3.522670340681363	3.4991858717434865	50.01	0.12	0.4892597695390782	0.4892597695390782	11.24	0.0	292.0	290.4	525.1	45.8	0	1
PROTOTYPE	027828	04/16/18	05:14:13	0.4892597695390782	0.4892597695390782	11.25	-0.0	3.522670340681363	3.5030999498997994	50.0	0.1	0.4892597695390782	0.4892597695390782	11.25	0.0	294.0	290.94	577.46	98.93	0	1
PROTOTYPE	027829	04/16/18	05:14:15	0.4892597695390782	0.4892597695390782	11.26	-0.0	3.522670340681363	3.506035508517034	49.99	0.09	0.4892597695390782	0.4892597695390782	11.26	0.0	297.0	291.85	549.1	309.09	0	1
PROTOTYPE	027830	04/16/18	05:14:16	0.4892597695390782	0.4892597695390782	11.25	-0.0	3.522670340681363	3.5079925475951903	40.5	15.07	0.4892597695390782	0.4892597695390782	11.25	0.0	298.0	292.77	517.74	277.73	0	1
PROTOTYPE	027831	04/16/18	05:14:17	0.4892597695390782	0.4892597695390782	11.25	-0.0	3.522670340681363	3.5099495866733466	38.43	12.81	0.4892597695390782	0.4892597695390782	11.25	0.0	287.0	291.91	484.41	311.07	0	1
PROTOTYPE	027832	04/16/18	05:14:19	0.4892597695390782	0.4892597695390782	11.26	-0.0	3.522670340681363	3.5119066257515033	36.73	10.89	0.4892597695390782	0.4892597695390782	11.26	0.0	291.0	291.77	434.98	234.41	0	1
PROTOTYPE	027833	04/16/18	05:14:20	0.4892597695390782	0.4892597695390782	11.26	-0.0	3.522670340681363	3.513863664829659	27.01	24.26	0.4892597695390782	0.4892597695390782	11.26	0.0	290.0	291.5	407.94	154.25	0	1
PROTOTYPE	027834	04/16/18	05:14:22	0.4892597695390782	0.4892597695390782	11.27	-0.0	3.522670340681363	3.514842184368738	23.78	20.62	0.4892597695390782	0.4892597695390782	11.27	0.0	284.0	290.38	504.88	26.11	0	1
PROTOTYPE	027835	04/16/18	05:14:23	0.4892597695390782	0.4892597695390782	11.28	-0.0	3.522670340681363	3.5158207039078153	21.13	17.53	0.39140781563126253	0.4745819764529058	24.93	-15.0	281.0	288.97	617.31	-142.81	0	1
PROTOTYPE	027836	04/16/18	05:14:25	0.4892597695390782	0.4892597695390782	11.31	-0.0	3.522670340681363	3.5167992234468937	19.0	14.9	0.4892597695390782	0.4765390155310621	26.19	-12.75	302.0	290.93	758.71	-1.38	0	1
PROTOTYPE	027837	04/16/18	05:14:26	0.4892597695390782	0.4892597695390782	11.34	-0.0	3.522670340681363	3.5177777429859725	17.28	12.66	0.4892597695390782	0.47849605460921835	27.18	-10.84	291.0	290.94	669.61	-91.18	0	1
PROTOTYPE	027838	04/16/18	05:14:27	0.4892597695390782	0.4892597695390782	11.35	-0.0	3.522670340681363	3.51875626252505	15.9	10.76	0.4892597695390782	0.48045309368737477	27.93	-9.21	289.0	290.65	606.43	-212.5	0	1
PROTOTYPE	027839	04/16/18	05:14:29	0.4892597695390782	0.4892597695390782	11.33	-0.0	3.522670340681363	3.5197347820641283	14.79	9.15	0.4892597695390782	0.48143161322645295	28.48	-7.83	297.0	291.6	615.15	-30.63	0	1
PROTOTYPE	027840	04/16/18	05:14:30	0.4892597695390782	0.4892597695390782	11.33	-0.0	3.424818386773547	3.5050569889779557	27.0	-7.22	0.4892597695390782	0.482410132765531	28.9	-6.66	303.0	293.31	772.5	153.97	0	1
PROTOTYPE	027841	04/16/18	05:14:32	0.5871117234468938	0.5039375626252506	24.99	15.0	3.522670340681363	3.5079925475951903	27.9	-6.14	0.4892597695390782	0.48338865230460926	29.22	-5.66	296.0	293.71	786.29	220.87	0	1
PROTOTYPE	027842	04/16/18	05:14:33	0.4892597695390782	0.5019805235470942	26.23	12.75	3.522670340681363	3.5099495866733466	28.61	-5.22	0.4892597695390782	0.48436717184368744	29.45	-4.81	298.0	294.36	738.03	397.74	0	1
PROTOTYPE	027843	04/16/18	05:14:34	0.4892597695390782	0.5000234844689379	27.19	10.84	3.522670340681363	3.5119066257515033	29.19	-4.44	0.4892597695390782	0.4853456913827655	15.97	10.91	284.0	292.8	752.69	383.08	0	1
PROTOTYPE	027844	04/16/18	05:14:36	0.4892597695390782	0.4980664453907815	27.9	9.21	3.522670340681363	3.513863664829659	29.61	-3.77	0.4892597695390782	0.4863242109218437	14.83	9.28	291.0	292.53	584.35	160.62	0	1
PROTOTYPE	027845	04/16/18	05:14:37	0.4892597695390782	0.4970879258517034	28.44	7.83	3.522670340681363	3.514842184368738	29.94	-3.21	0.4892597695390782	0.4863242109218437	13.94	7.88	302.0	293.95	724.56	301.53	0	1
PROTOTYPE	027846	04/16/18	05:14:39	0.4892597695390782	0.49610940631262535	28.86	6.66	3.522670340681363	3.5158207039078153	30.19	-2.72	0.4892597695390782	0.4863242109218437	13.26	6.7	285.0	292.61	829.76	196.3	0	1
PROTOTYPE	027847	04/16/18	05:14:40	0.4892597695390782	0.49513088677354705	29.19	5.66	3.522670340681363	3.5167992234468937	30.41	-2.32	0.4892597695390782	0.48730273046092193	12.76	5.7	299.0	293.57	830.32	196.85	0	1
PROTOTYPE	027848	04/16/18	05:14:41	0.4892597695390782	0.4941523672344689	29.43	4.81	3.522670340681363	3.5177777429859725	17.51	13.03	0.4892597695390782	0.48730273046092193	12.37	4.84	285.0	292.28	787.84	-102.68	0	1
PROTOTYPE	027849	04/16/18	05:14:43	0.4892597695390782	0.49317384769539074	15.95	-10.91	3.522670340681363	3.51875626252505	16.06	11.08	0.4892597695390782	0.48730273046092193	12.09	4.12	292.0	292.24	751.93	-147.27	0	1
PROTOTYPE	027850	04/16/18	05:14:44	0.4892597695390782	0.4921953281563127	14.83	-9.28	3.522670340681363	3.51875626252505	14.92	9.42	0.4892597695390782	0.48828125	11.87	3.5	288.0	291.6	751.24	-275.18	0	1
PROTOTYPE	027851	04/16/18	05:14:46	0.4892597695390782	0.4921953281563127	13.96	-7.88	3.522670340681363	3.5197347820641283	14.03	8.0	0.4892597695390782	0.48828125	11.71	2.97	284.0	290.46	709.96	-233.91	0	1
PROTOTYPE	027852	04/16/18	05:14:47	0.4892597695390782	0.4921953281563127	13.27	-6.7	3.522670340681363	3.5197347820641283	13.33	6.8	0.4892597695390782	0.48828125	11.58	2.53	292.0	290.69	705.97	-183.82	0	1
PROTOTYPE	027853	04/16/18	05:14:49	0.4892597695390782	0.4912168086172345	12.79	-5.7	3.522670340681363	3.520713301603206	12.83	5.78	0.4892597695390782	0.48828125	11.53	2.15	302.0	292.39	733.54	-156.25	0	1
PROTOTYPE	027854	04/16/18	05:14:50	0.4892597695390782	0.4912168086172345	12.39	-4.84	3.522670340681363	3.520713301603206	12.42	4.91	0.4892597695390782	0.48828125	11.45	1.83	294.0	292.63	623.44	2.19	0	1
PROTOTYPE	027855	04/16/18	05:14:51	0.4892597695390782	0.4912168086172345	12.08	-4.12	3.522670340681363	3.520713301603206	12.1	4.18	0.4892597695390782	0.48828125	11.39	1.55	294.0	292.84	548.15	-73.14	0	1
PROTOTYPE	027856	04/16/18	05:14:53	0.4892597695390782	0.49023828907815625	11.87	-3.5	3.522670340681363	3.5216918211422845	11.89	3.55	0.4892597695390782	0.4892597695390782	11.37	1.32	298.0	293.61	497.07	132.83	0	1
PROTOTYPE	027857	04/16/18	05:14:54	0.4892597695390782	0.49023828907815625	11.72	-2.97	3.424818386773547	3.5070140280561124	25.17	-11.98	0.4892597695390782	0.4892597695390782	11.35	1.12	288.0	292.77	576.78	52.91	0	1
PROTOTYPE	027858	04/16/18	05:14:56	0.4892597695390782	0.49023828907815625	11.59	-2.53	3.424818386773547	3.4942932740480965	36.28	-25.18	0.4892597695390782	0.4892597695390782	11.32	0.95	297.0	293.4	576.63	179.97	0	1
PROTOTYPE	027859	04/16/18	05:14:57	0.4892597695390782	0.49023828907815625	11.51	-2.15	3.522670340681363	3.4991858717434865	39.31	-21.41	0.4892597695390782	0.4892597695390782	11.31	0.81	284.0	291.99	603.62	152.98	0	1
PROTOTYPE	027860	04/16/18	05:14:58	0.4892597695390782	0.49023828907815625	11.44	-1.83	3.522670340681363	3.502121430360721	41.76	-18.2	0.4892597695390782	0.4892597695390782	11.3	0.69	293.0	292.14	595.7	145.03	0	1
PROTOTYPE	027861	04/16/18	05:15:00	0.4892597695390782	0.49023828907815625	11.38	-1.55	3.522670340681363	3.5050569889779557	43.69	-15.47	0.4892597695390782	0.4892597695390782	11.28	0.59	303.0	293.77	588.95	138.27	0	1
PROTOTYPE	027862	04/16/18	05:15:01	0.4892597695390782	0.4892597695390782	11.35	-1.32	3.522670340681363	3.5079925475951903	45.25	-13.15	0.4892597695390782	0.4892597695390782	11.27	0.5	303.0	295.16	703.17	252.53	0	1
PROTOTYPE	027863	04/16/18	05:15:03	0.4892597695390782	0.4892597695390782	11.33	-1.12	3.522670340681363	3.5099495866733466	46.47	-11.17	0.4892597695390782	0.4892597695390782	11.28	0.42	292.0	294.68	729.97	184.65	0	1
PROTOTYPE	027864	04/16/18	05:15:04	0.4892597695390782	0.4892597695390782	11.31	-0.95	3.522670340681363	3.5119066257515033	47.42	-9.5	0.4892597695390782	0.4892597695390782	11.27	0.36	286.0	293.38	782.77	-23.04	0	1
PROTOTYPE	027865	04/16/18	05:15:05	0.4892597695390782	0.4892597695390782	11.29	-0.81	3.522670340681363	3.513863664829659	34.7	6.93	0.4892597695390782	0.4892597695390782	11.26	0.31	298.0	294.07	767.89	130.41	0	1
PROTOTYPE	027866	04/16/18	05:15:07	0.4892597695390782	0.4892597695390782	11.28	-0.69	3.522670340681363	3.514842184368738	24.01	20.89	0.4892597695390782	0.4892597695390782	11.26	0.26	293.0	293.91	720.59	50.85	0	1
PROTOTYPE	027867	04/16/18	05:15:08	0.4892597695390782	0.4892597695390782	11.29	-0.59	3.522670340681363	3.5158207039078153	21.32	17.75	0.4892597695390782	0.4892597695390782	11.27	0.22	287.0	292.88	683.22	88.22	0	1
PROTOTYPE	027868	04/16/18	05:15:10	0.4892597695390782	0.4892597695390782	11.29	-0.5	3.522670340681363	3.5167992234468937	19.13	15.09	0.4892597695390782	0.4892597695390782	11.28	0.19	296.0	293.34	714.94	119.99	0	1
PROTOTYPE	027869	04/16/18	05:15:11	0.4892597695390782	0.4892597695390782	11.28	-0.42	3.522670340681363	3.5177777429859725	17.35	12.83	0.4892597695390782	0.4892597695390782	11.27	0.16	288.0	292.54	632.28	-123.01	0	1
PROTOTYPE	027870	04/16/18	05:15:12	0.4892597695390782	0.4892597695390782	11.26	-0.36	3.522670340681363	3.51875626252505	15.92	10.9	0.4892597695390782	0.4892597695390782	11.26	0.14	290.0	292.16	532.03	-299.56	0	1
PROTOTYPE	027871	04/16/18	05:15:14	0.4892597695390782	0.4892597695390782	11.26	-0.31	3.522670340681363	3.5197347820641283	14.81	9.27	0.4892597695390782	0.4892597695390782	11.26	0.12	283.0	290.79	622.08	-389.62	0	1
PROTOTYPE	027872	04/16/18	05:15:15	0.4892597695390782	0.4892597695390782	11.25	-0.26	3.522670340681363	3.5197347820641283	13.93	7.88	0.4892597695390782	0.4892597695390782	11.25	0.1	302.0	292.47	660.02	-91.18	0	1
PROTOTYPE	027873	04/16/18	05:15:17	0.4892597695390782	0.4892597695390782	11.26	-0.22	3.522670340681363	3.5197347820641283	13.26	6.7	0.4892597695390782	0.4892597695390782	11.26	0.08	296.0	293.0	643.71	-107.5	0	1
PROTOTYPE	027874	04/16/18	05:15:18	0.4892597695390782	0.4892597695390782	11.26	-0.19	3.522670340681363	3.520713301603206	12.75	5.69	0.4892597695390782	0.4892597695390782	11.26	0.07	291.0	292.7	657.55	-121.38	0	1
PROTOTYPE	027875	04/16/18	05:15:19	0.4892597695390782	0.4892597695390782	11.23	-0.16	3.522670340681363	3.520713301603206	12.33	4.84	0.4892597695390782	0.4892597695390782	11.23	0.06	295.0	293.04	588.4	16.83	0	1
PROTOTYPE	027876	04/16/18	05:15:21	0.4892597695390782	0.4892597695390782	11.23	-0.14	3.522670340681363	3.520713301603206	12.04	4.11	0.4892597695390782	0.4892597695390782	11.23	0.05	290.0	292.59	587.19	-75.7	0	1
PROTOTYPE	027877	04/16/18	05:15:22	0.4892597695390782	0.4892597695390782	11.25	-0.12	3.522670340681363	3.5216918211422845	11.84	3.5	0.4892597695390782	0.4892597695390782	11.25	0.04	293.0	292.65	513.37	10.66	0	1
PROTOTYPE	027878	04/16/18	05:15:24	0.4892597695390782	0.4892597695390782	11.28	-0.1	3.522670340681363	3.5216918211422845	11.71	2.97	0.4892597695390782	0.4892597695390782	11.28	0.04	290.0	292.25	514.96	9.06	0	1
PROTOTYPE	027879	04/16/18	05:15:25	0.4892597695390782	0.4892597695390782	11.27	-0.08	3.522670340681363	3.5216918211422845	11.58	2.53	0.4892597695390782	0.4892597695390782	11.27	0.03	279.0	290.26	576.32	-52.3	0	1
PROTOTYPE	027880	04/16/18	05:15:27	0.4892597695390782	0.4892597695390782	11.29	-0.07	3.522670340681363	3.5216918211422845	11.52	2.15	0.4892597695390782	0.4892597695390782	11.29	0.03	300.0	291.72	554.17	-74.45	0	1
PROTOTYPE	027881	04/16/18	05:15:28	0.4892597695390782	0.4892597695390782	11.28	-0.06	3.522670340681363	3.5216918211422845	11.44	1.82	0.4892597695390782	0.4892597695390782	11.28	0.02	290.0	291.47	527.09	-153.29	0	1
PROTOTYPE	027882	04/16/18	05:15:29	0.4892597695390782	0.4892597695390782	11.28	-0.05	3.522670340681363	3.5216918211422845	11.4	1.55	0.4892597695390782	0.4892597695390782	11.28	0.02	286.0	290.65	579.08	-205.29	0	1
PROTOTYPE	027883	04/16/18	05:15:31	0.4892597695390782	0.4892597695390782	11.3	-0.04	3.522670340681363	3.522670340681363	11.38	1.32	0.4892597695390782	0.4892597695390782	11.3	0.02	286.0	289.95	614.24	-309.5	0	1
PROTOTYPE	027884	04/16/18	05:15:32	0.4892597695390782	0.4892597695390782	11.29	-0.04	3.522670340681363	3.522670340681363	11.35	1.12	0.4892597695390782	0.4892597695390782	11.29	0.01	292.0	290.26	599.35	-233.07	0	1
PROTOTYPE	027885	04/16/18	05:15:34	0.4892597695390782	0.4892597695390782	11.28	-0.03	3.522670340681363	3.522670340681363	11.32	0.95	0.4892597695390782	0.4892597695390782	11.28	0.01	294.0	290.82	649.17	-183.11	0	1
PROTOTYPE	027886	04/16/18	05:15:35	0.4892597695390782	0.4892597695390782	11.27	-0.03	3.522670340681363	3.522670340681363	11.3	0.81	0.4892597695390782	0.4892597695390782	11.27	0.01	278.0	288.9	801.68	-335.65	0	1
PROTOTYPE	027887	04/16/18	05:15:36	0.4892597695390782	0.4892597695390782	11.28	-0.02	3.522670340681363	3.522670340681363	11.3	0.69	0.4892597695390782	0.4892597695390782	11.28	0.01	287.0	288.61	631.36	-165.3	0	1
PROTOTYPE	027888	04/16/18	05:15:38	0.4892597695390782	0.4892597695390782	11.25	-0.02	3.522670340681363	3.522670340681363	11.27	0.58	0.4892597695390782	0.4892597695390782	11.25	0.01	297.0	289.87	611.16	-185.5	0	1
PROTOTYPE	027889	04/16/18	05:15:39	0.4892597695390782	0.4892597695390782	11.26	-0.02	3.522670340681363	3.522670340681363	11.27	0.5	0.4892597695390782	0.4892597695390782	11.26	0.01	290.0	289.89	587.67	-157.68	0	1
PROTOTYPE	027890	04/16/18	05:15:41	0.4892597695390782	0.4892597695390782	11.25	-0.01	3.522670340681363	3.522670340681363	11.26	0.42	0.4892597695390782	0.4892597695390782	11.25	0.01	291.0	290.06	522.39	-59.03	0	1
PROTOTYPE	027891	04/16/18	05:15:42	0.4892597695390782	0.4892597695390782	11.24	-0.01	3.522670340681363	3.522670340681363	11.24	0.36	0.4892597695390782	0.4892597695390782	11.24	0.0	294.0	290.65	511.87	69.83	0	1
PROTOTYPE	027892	04/16/18	05:15:43	0.4892597695390782	0.4892597695390782	11.23	-0.01	3.522670340681363	3.522670340681363	11.23	0.31	0.4892597695390782	0.4892597695390782	11.23	0.0	297.0	291.6	576.38	134.35	0	1
PROTOTYPE	027893	04/16/18	05:15:45	0.4892597695390782	0.4892597695390782	11.21	-0.01	3.522670340681363	3.522670340681363	11.21	0.26	0.4892597695390782	0.4892597695390782	11.21	0.0	291.0	291.51	529.32	69.2	0	1
PROTOTYPE	027894	04/16/18	05:15:46	0.4892597695390782	0.4892597695390782	11.19	-0.01	3.522670340681363	3.522670340681363	11.19	0.22	0.4892597695390782	0.4892597695390782	11.19	0.0	291.0	291.43	344.82	253.82	0	1
PROTOTYPE	027895	04/16/18	05:15:48	0.4892597695390782	0.4892597695390782	11.17	-0.01	3.522670340681363	3.522670340681363	11.17	0.19	0.4892597695390782	0.4892597695390782	11.17	0.0	279.0	289.57	502.86	95.75	0	1
PROTOTYPE	027896	04/16/18	05:15:49	0.4892597695390782	0.4892597695390782	11.18	-0.01	3.522670340681363	3.522670340681363	11.18	0.16	0.4892597695390782	0.4892597695390782	11.18	0.0	297.0	290.68	488.5	81.39	0	1
PROTOTYPE	027897	04/16/18	05:15:50	0.4892597695390782	0.4892597695390782	11.18	-0.0	3.522670340681363	3.522670340681363	11.18	0.14	0.4892597695390782	0.4892597695390782	11.18	0.0	288.0	290.28	526.36	39.18	0	1
PROTOTYPE	027898	04/16/18	05:15:52	0.4892597695390782	0.4892597695390782	11.21	-0.0	3.522670340681363	3.522670340681363	11.21	0.12	0.4892597695390782	0.4892597695390782	11.21	0.0	284.0	289.34	603.86	-71.7	0	1
PROTOTYPE	027899	04/16/18	05:15:53	0.4892597695390782	0.4892597695390782	11.22	-0.0	3.522670340681363	3.522670340681363	11.22	0.1	0.4892597695390782	0.4892597695390782	11.22	0.0	281.0	288.09	669.77	-255.94	0	1
PROTOTYPE	027900	04/16/18	05:15:55	0.4892597695390782	0.4892597695390782	11.26	-0.0	3.522670340681363	3.522670340681363	11.26	0.08	0.4892597695390782	0.4892597695390782	11.26	0.0	287.0	287.92	590.85	-367.55	0	1
PROTOTYPE	027901	04/16/18	05:15:56	0.4892597695390782	0.4892597695390782	11.28	-0.0	3.522670340681363	3.522670340681363	11.28	0.07	0.4892597695390782	0.4892597695390782	11.28	0.0	287.0	287.79	595.68	-372.42	0	1
PROTOTYPE	027902	04/16/18	05:15:58	0.4892597695390782	0.4892597695390782	11.29	-0.0	3.522670340681363	3.522670340681363	11.29	0.06	0.4892597695390782	0.4892597695390782	11.29	0.0	298.0	289.32	741.12	-211.56	0	1
PROTOTYPE	027903	04/16/18	05:15:59	0.4892597695390782	0.4892597695390782	11.31	-0.0	3.522670340681363	3.522670340681363	11.31	0.05	0.4892597695390782	0.4892597695390782	11.31	0.0	296.0	290.32	654.84	75.18	0	1
PROTOTYPE	027904	04/16/18	05:16:00	0.4892597695390782	0.4892597695390782	11.32	-0.0	3.424818386773547	3.5079925475951903	24.97	-14.96	0.4892597695390782	0.4892597695390782	11.32	0.0	275.0	288.02	773.18	-266.1	0	1
PROTOTYPE	027905	04/16/18	05:16:02	0.4892597695390782	0.4892597695390782	11.29	-0.0	3.522670340681363	3.5099495866733466	26.2	-12.71	0.4892597695390782	0.4892597695390782	11.29	0.0	303.0	290.27	957.57	-1.18	0	1
PROTOTYPE	027906	04/16/18	05:16:03	0.4892597695390782	0.4892597695390782	11.28	-0.0	3.522670340681363	3.5119066257515033	27.15	-10.81	0.4892597695390782	0.4892597695390782	11.28	0.0	286.0	289.63	927.4	28.99	0	1
PROTOTYPE	027907	04/16/18	05:16:05	0.4892597695390782	0.4892597695390782	11.29	-0.0	3.522670340681363	3.513863664829659	27.9	-9.19	0.4892597695390782	0.4892597695390782	11.29	0.0	292.0	289.98	837.91	189.64	0	1
PROTOTYPE	027908	04/16/18	05:16:06	0.4892597695390782	0.4892597695390782	11.27	-0.0	3.522670340681363	3.514842184368738	28.45	-7.81	0.4892597695390782	0.4892597695390782	11.27	0.0	291.0	290.14	836.83	221.2	0	1
PROTOTYPE	027909	04/16/18	05:16:07	0.4892597695390782	0.4892597695390782	11.26	-0.0	3.522670340681363	3.5158207039078153	28.87	-6.64	0.4892597695390782	0.4892597695390782	11.26	0.0	271.0	287.27	1109.94	-51.98	0	1
PROTOTYPE	027910	04/16/18	05:16:09	0.4892597695390782	0.4892597695390782	11.26	-0.0	3.522670340681363	3.5167992234468937	29.19	-5.64	0.4892597695390782	0.4892597695390782	11.26	0.0	296.0	288.58	1087.74	-74.18	0	1
PROTOTYPE	027911	04/16/18	05:16:10	0.4892597695390782	0.4892597695390782	11.26	-0.0	3.522670340681363	3.5177777429859725	29.42	-4.79	0.4892597695390782	0.4892597695390782	11.26	0.0	296.0	289.69	1098.86	-63.06	0	1
PROTOTYPE	027912	04/16/18	05:16:12	0.4892597695390782	0.4892597695390782	11.27	-0.0	3.522670340681363	3.51875626252505	15.95	10.92	0.4892597695390782	0.4892597695390782	11.27	0.0	294.0	290.34	933.72	231.4	0	1
PROTOTYPE	027913	04/16/18	05:16:13	0.4892597695390782	0.4892597695390782	11.28	-0.0	3.522670340681363	3.5197347820641283	14.84	9.29	0.4892597695390782	0.4892597695390782	11.28	0.0	277.0	288.34	909.1	-193.31	0	1
PROTOTYPE	027914	04/16/18	05:16:14	0.4892597695390782	0.4892597695390782	11.28	-0.0	3.522670340681363	3.5197347820641283	13.96	7.89	0.4892597695390782	0.4892597695390782	11.28	0.0	287.0	288.14	865.14	-149.31	0	1
PROTOTYPE	027915	04/16/18	05:16:16	0.4892597695390782	0.4892597695390782	11.26	-0.0	3.522670340681363	3.5197347820641283	13.27	6.71	0.4892597695390782	0.4892597695390782	11.26	0.0	292.0	288.72	887.52	-126.92	0	1
PROTOTYPE	027916	04/16/18	05:16:17	0.4892597695390782	0.4892597695390782	11.27	-0.0	3.522670340681363	3.520713301603206	12.76	5.7	0.4892597695390782	0.4892597695390782	11.27	0.0	284.0	288.01	942.97	-212.88	0	1
PROTOTYPE	027917	04/16/18	05:16:19	0.4892597695390782	0.4892597695390782	11.29	-0.0	3.522670340681363	3.520713301603206	12.39	4.85	0.4892597695390782	0.4892597695390782	11.29	0.0	290.0	288.31	685.83	104.05	0	1
PROTOTYPE	027918	04/16/18	05:16:20	0.4892597695390782	0.4892597695390782	11.3	-0.0	3.522670340681363	3.520713301603206	12.11	4.12	0.4892597695390782	0.4892597695390782	11.3	0.0	299.0	289.91	715.22	133.45	0	1
PROTOTYPE	027919	04/16/18	05:16:21	0.4892597695390782	0.4892597695390782	11.29	-0.0	3.522670340681363	3.5216918211422845	11.88	3.5	0.4892597695390782	0.4892597695390782	11.29	0.0	294.0	290.52	665.21	83.43	0	1
PROTOTYPE	027920	04/16/18	05:16:23	0.4892597695390782	0.4892597695390782	11.26	-0.0	3.522670340681363	3.5216918211422845	11.69	2.98	0.4892597695390782	0.4892597695390782	11.26	0.0	296.0	291.35	682.69	100.91	0	1
PROTOTYPE	027921	04/16/18	05:16:24	0.4892597695390782	0.4892597695390782	11.27	-0.0	3.522670340681363	3.5216918211422845	11.58	2.53	0.4892597695390782	0.4892597695390782	11.27	0.0	290.0	291.14	502.87	280.78	0	1
PROTOTYPE	027922	04/16/18	05:16:26	0.4892597695390782	0.4892597695390782	11.26	-0.0	3.522670340681363	3.5216918211422845	11.49	2.15	0.4892597695390782	0.4892597695390782	11.26	0.0	296.0	291.87	555.64	373.66	0	1
PROTOTYPE	027923	04/16/18	05:16:27	0.4892597695390782	0.4892597695390782	11.27	-0.0	3.522670340681363	3.5216918211422845	11.43	1.83	0.4892597695390782	0.4892597695390782	11.27	0.0	292.0	291.89	500.04	317.61	0	1
PROTOTYPE	027924	04/16/18	05:16:29	0.4892597695390782	0.4892597695390782	11.25	-0.0	3.522670340681363	3.5216918211422845	11.37	1.55	0.4892597695390782	0.4892597695390782	11.25	0.0	287.0	291.16	502.68	314.97	0	1
PROTOTYPE	027925	04/16/18	05:16:30	0.4892597695390782	0.4892597695390782	11.26	-0.0	3.522670340681363	3.522670340681363	11.35	1.32	0.4892597695390782	0.4892597695390782	11.26	0.0	292.0	291.28	485.48	297.72	0	1
PROTOTYPE	027926	04/16/18	05:16:31	0.4892597695390782	0.4892597695390782	11.28	-0.0	3.522670340681363	3.522670340681363	11.34	1.12	0.4892597695390782	0.4892597695390782	11.28	0.0	290.0	291.09	344.39	118.07	0	1
PROTOTYPE	027927	04/16/18	05:16:33	0.4892597695390782	0.4892597695390782	11.3	-0.0	3.522670340681363	3.522670340681363	11.34	0.95	0.4892597695390782	0.4892597695390782	11.3	0.0	296.0	291.83	356.68	130.36	0	1
PROTOTYPE	027928	04/16/18	05:16:34	0.4892597695390782	0.4892597695390782	11.31	-0.0	3.522670340681363	3.522670340681363	11.34	0.81	0.4892597695390782	0.4892597695390782	11.31	0.0	283.0	290.5	406.95	-84.2	0	1
PROTOTYPE	027929	04/16/18	05:16:36	0.4892597695390782	0.4892597695390782	11.3	-0.0	3.522670340681363	3.522670340681363	11.32	0.69	0.4892597695390782	0.4892597695390782	11.3	0.0	281.0	289.08	529.28	-206.57	0	1
PROTOTYPE	027930	04/16/18	05:16:37	0.4892597695390782	0.4892597695390782	11.3	-0.0	3.522670340681363	3.522670340681363	11.32	0.59	0.4892597695390782	0.4892597695390782	11.3	0.0	284.0	288.32	532.6	-355.58	0	1
PROTOTYPE	027931	04/16/18	05:16:38	0.4892597695390782	0.4892597695390782	11.29	-0.0	3.522670340681363	3.522670340681363	11.3	0.5	0.4892597695390782	0.4892597695390782	11.29	0.0	299.0	289.92	690.48	-197.25	0	1
PROTOTYPE	027932	04/16/18	05:16:40	0.4892597695390782	0.4892597695390782	11.31	-0.0	3.522670340681363	3.522670340681363	11.32	0.42	0.4892597695390782	0.4892597695390782	11.31	0.0	284.0	289.03	705.89	-212.66	0	1
PROTOTYPE	027933	04/16/18	05:16:41	0.4892597695390782	0.4892597695390782	11.29	-0.0	3.522670340681363	3.522670340681363	11.29	0.36	0.4892597695390782	0.4892597695390782	11.29	0.0	303.0	291.13	902.72	-15.76	0	1
PROTOTYPE	027934	04/16/18	05:16:43	0.4892597695390782	0.4892597695390782	11.27	-0.0	3.522670340681363	3.522670340681363	11.27	0.31	0.4892597695390782	0.4892597695390782	11.27	0.0	282.0	289.76	1020.31	-133.4	0	1
PROTOTYPE	027935	04/16/18	05:16:44	0.4892597695390782	0.4892597695390782	11.24	-0.0	3.522670340681363	3.522670340681363	11.24	0.26	0.4892597695390782	0.4892597695390782	11.24	0.0	296.0	290.69	1040.31	-113.39	0	1
PROTOTYPE	027936	04/16/18	05:16:45	0.4892597695390782	0.4892597695390782	11.26	-0.0	3.522670340681363	3.522670340681363	11.26	0.22	0.4892597695390782	0.4892597695390782	11.26	0.0	284.0	289.69	1008.31	-81.38	0	1
PROTOTYPE	027937	04/16/18	05:16:47	0.4892597695390782	0.4892597695390782	11.29	-0.0	3.522670340681363	3.522670340681363	11.29	0.19	0.4892597695390782	0.4892597695390782	11.29	0.0	296.0	290.64	960.41	155.83	0	1
PROTOTYPE	027938	04/16/18	05:16:48	0.4892597695390782	0.4892597695390782	11.29	-0.0	3.522670340681363	3.522670340681363	11.29	0.16	0.4892597695390782	0.4892597695390782	11.29	0.0	295.0	291.29	949.7	297.45	0	1
PROTOTYPE	027939	04/16/18	05:16:50	0.4892597695390782	0.4892597695390782	11.31	-0.0	3.522670340681363	3.522670340681363	11.31	0.14	0.4892597695390782	0.4892597695390782	11.31	0.0	301.0	292.75	935.08	282.84	0	1
PROTOTYPE	027940	04/16/18	05:16:51	0.4892597695390782	0.4892597695390782	11.29	-0.0	3.522670340681363	3.522670340681363	11.29	0.12	0.4892597695390782	0.4892597695390782	11.29	0.0	287.0	291.89	932.51	285.41	0	1
PROTOTYPE	027941	04/16/18	05:16:53	0.4892597695390782	0.4892597695390782	11.29	-0.0	3.522670340681363	3.522670340681363	11.29	0.1	0.4892597695390782	0.4892597695390782	11.29	0.0	280.0	290.1	901.25	-102.4	0	1
PROTOTYPE	027942	04/16/18	05:16:54	0.4892597695390782	0.4892597695390782	11.28	-0.0	3.522670340681363	3.522670340681363	11.28	0.08	0.4892597695390782	0.4892597695390782	11.28	0.0	282.0	288.89	885.89	-87.04	0	1
PROTOTYPE	027943	04/16/18	05:16:55	0.4892597695390782	0.4892597695390782	11.33	-0.0	3.522670340681363	3.522670340681363	11.33	0.07	0.4892597695390782	0.4892597695390782	11.33	0.0	298.0	290.25	928.95	-43.98	0	1
PROTOTYPE	027944	04/16/18	05:16:57	0.4892597695390782	0.4892597695390782	11.33	-0.0	3.522670340681363	3.522670340681363	11.33	0.06	0.4892597695390782	0.4892597695390782	11.33	0.0	297.0	291.27	929.73	157.61	0	1
PROTOTYPE	027945	04/16/18	05:16:58	0.4892597695390782	0.4892597695390782	11.3	-0.0	3.522670340681363	3.522670340681363	11.3	0.05	0.4892597695390782	0.4892597695390782	11.3	0.0	296.0	291.98	906.09	133.97	0	1
PROTOTYPE	027946	04/16/18	05:17:00	0.4892597695390782	0.4892597695390782	11.32	-0.0	3.522670340681363	3.522670340681363	11.32	0.04	0.4892597695390782	0.4892597695390782	11.32	0.0	285.0	290.93	945.27	-36.12	0	1
PROTOTYPE	027947	04/16/18	05:17:01	0.4892597695390782	0.4892597695390782	11.32	-0.0	3.522670340681363	3.522670340681363	11.32	0.04	0.4892597695390782	0.4892597695390782	11.32	0.0	301.0	292.44	950.69	-30.71	0	1
PROTOTYPE	027948	04/16/18	05:17:02	0.4892597695390782	0.4892597695390782	11.33	-0.0	3.522670340681363	3.522670340681363	11.33	0.03	0.4892597695390782	0.4892597695390782	11.33	0.0	285.0	291.32	976.08	-56.1	0	1
PROTOTYPE	027949	04/16/18	05:17:04	0.4892597695390782	0.4892597695390782	11.32	-0.0	3.522670340681363	3.522670340681363	11.32	0.03	0.4892597695390782	0.4892597695390782	11.32	0.0	292.0	291.43	808.03	132.31	0	1
PROTOTYPE	027950	04/16/18	05:17:05	0.4892597695390782	0.4892597695390782	11.33	-0.0	3.522670340681363	3.522670340681363	11.33	0.02	0.4892597695390782	0.4892597695390782	11.33	0.0	291.0	291.36	693.02	247.47	0	1
PROTOTYPE	027951	04/16/18	05:17:07	0.4892597695390782	0.4892597695390782	11.29	-0.0	3.522670340681363	3.522670340681363	11.29	0.02	0.4892597695390782	0.4892597695390782	11.29	0.0	297.0	292.21	640.91	195.35	0	1
PROTOTYPE	027952	04/16/18	05:17:08	0.4892597695390782	0.4892597695390782	11.27	-0.0	3.522670340681363	3.522670340681363	11.27	0.02	0.4892597695390782	0.4892597695390782	11.27	0.0	294.0	292.48	566.63	121.05	0	1
PROTOTYPE	027953	04/16/18	05:17:09	0.4892597695390782	0.4892597695390782	11.28	-0.0	3.522670340681363	3.522670340681363	11.28	0.01	0.4892597695390782	0.4892597695390782	11.28	0.0	293.0	292.55	503.59	57.89	0	1
PROTOTYPE	027954	04/16/18	05:17:11	0.4892597695390782	0.4892597695390782	11.27	-0.0	3.522670340681363	3.522670340681363	11.27	0.01	0.4892597695390782	0.4892597695390782	11.27	0.0	302.0	293.97	540.62	304.21	0	1
PROTOTYPE	027955	04/16/18	05:17:12	0.4892597695390782	0.4892597695390782	11.25	-0.0	3.522670340681363	3.522670340681363	11.25	0.01	0.4892597695390782	0.4892597695390782	11.25	0.0	291.0	293.53	434.16	108.57	0	1
PROTOTYPE	027956	04/16/18	05:17:14	0.4892597695390782	0.4892597695390782	11.26	-0.0	3.522670340681363	3.522670340681363	11.26	0.01	0.4892597695390782	0.4892597695390782	11.26	0.0	297.0	294.05	374.68	272.29	0	1
PROTOTYPE	027957	04/16/18	05:17:15	0.4892597695390782	0.4892597695390782	11.29	-0.0	3.522670340681363	3.522670340681363	11.29	0.01	0.4892597695390782	0.4892597695390782	11.29	0.0	292.0	293.74	395.18	231.45	0	1
PROTOTYPE	027958	04/16/18	05:17:17	0.4892597695390782	0.4892597695390782	11.29	-0.0	3.522670340681363	3.522670340681363	11.29	0.01	0.4892597695390782	0.4892597695390782	11.29	0.0	291.0	293.33	429.77	196.73	0	1
PROTOTYPE	027959	04/16/18	05:17:18	0.4892597695390782	0.4892597695390782	11.28	-0.0	3.522670340681363	3.522670340681363	11.28	0.01	0.4892597695390782	0.4892597695390782	11.28	0.0	287.0	292.38	440.12	17.22	0	1
PROTOTYPE	027960	04/16/18	05:17:19	0.4892597695390782	0.4892597695390782	11.3	-0.0	3.522670340681363	3.522670340681363	11.3	0.0	0.4892597695390782	0.4892597695390782	11.3	0.0	286.0	291.42	508.9	-105.36	0	1
PROTOTYPE	027961	04/16/18	05:17:21	0.4892597695390782	0.4892597695390782	11.31	-0.0	3.522670340681363	3.522670340681363	11.31	0.0	0.4892597695390782	0.4892597695390782	11.31	0.0	293.0	291.66	524.63	-89.56	0	1
PROTOTYPE	027962	04/16/18	05:17:22	0.4892597695390782	0.4892597695390782	11.3	-0.0	3.522670340681363	3.522670340681363	11.3	0.0	0.4892597695390782	0.4892597695390782	11.3	0.0	290.0	291.41	407.87	-256.13	0	1
PROTOTYPE	027963	04/16/18	05:17:24	0.4892597695390782	0.4892597695390782	11.31	-0.0	3.522670340681363	3.522670340681363	11.31	0.0	0.4892597695390782	0.4892597695390782	11.31	0.0	285.0	290.45	459.44	-307.71	0	1
PROTOTYPE	027964	04/16/18	05:17:25	0.4892597695390782	0.4892597695390782	11.29	-0.0	3.522670340681363	3.522670340681363	11.29	0.0	0.4892597695390782	0.4892597695390782	11.29	0.0	279.0	288.73	579.05	-531.55	0	1
PROTOTYPE	027965	04/16/18	05:17:26	0.4892597695390782	0.4892597695390782	11.25	-0.0	3.522670340681363	3.522670340681363	11.25	0.0	0.4892597695390782	0.4892597695390782	11.25	0.0	295.0	289.67	642.35	-406.82	0	1
PROTOTYPE	027966	04/16/18	05:17:28	0.4892597695390782	0.4892597695390782	11.24	-0.0	3.522670340681363	3.522670340681363	11.24	0.0	0.4892597695390782	0.4892597695390782	11.24	0.0	285.0	288.97	671.31	-435.8	0	1
