Dev_id	Index	Date	Time	Sensor1	Sensor1_Filter	Sensor1_LL	Sensor1_Diff	Sensor2	Sensor2_Filter	Sensor2_LL	Sensor2_Diff	Sensor3	Sensor3_Filter	Sensor3_LL	Sensor3_Diff	Sensor4	Sensor4_Filter	Sensor4_LL	Sensor4_Diff	Heater_Status	FSM_Status
PROTOTYPE	024567	04/16/18	03:57:35	0.4892597695390782	0.4912168086172345	12.38	-4.84	3.522670340681363	3.5265844188376754	15.75	-10.61	0.4892597695390782	0.4892597695390782	11.28	0.01	294.0	293.26	655.94	497.18	0	1
PROTOTYPE	024568	04/16/18	03:57:36	0.4892597695390782	0.4912168086172345	12.12	-4.12	3.522670340681363	3.5256058992985975	14.7	-9.02	0.4892597695390782	0.4892597695390782	11.31	0.01	286.0	292.17	685.52	467.6	0	1
PROTOTYPE	024569	04/16/18	03:57:38	0.4892597695390782	0.49023828907815625	11.88	-3.5	3.522670340681363	3.5256058992985975	13.84	-7.67	0.4892597695390782	0.4892597695390782	11.29	0.01	292.0	292.14	560.8	337.46	0	1
PROTOTYPE	024570	04/16/18	03:57:39	0.4892597695390782	0.49023828907815625	11.74	-2.97	3.522670340681363	3.524627379759519	13.21	-6.52	0.4892597695390782	0.4892597695390782	11.31	0.01	280.0	290.32	604.49	16.84	0	1
PROTOTYPE	024571	04/16/18	03:57:40	0.4892597695390782	0.49023828907815625	11.64	-2.53	3.522670340681363	3.524627379759519	12.74	-5.54	0.4892597695390782	0.4892597695390782	11.33	0.01	287.0	289.82	566.63	-120.68	0	1
PROTOTYPE	024572	04/16/18	03:57:42	0.4892597695390782	0.49023828907815625	11.59	-2.15	3.522670340681363	3.524627379759519	12.41	-4.71	0.4892597695390782	0.4892597695390782	11.37	0.01	287.0	289.4	474.47	-297.58	0	1
PROTOTYPE	024573	04/16/18	03:57:43	0.4892597695390782	0.49023828907815625	11.53	-1.83	3.522670340681363	3.5236488602204408	12.13	-4.0	0.4892597695390782	0.4892597695390782	11.37	0.01	290.0	289.49	459.17	-312.94	0	1
PROTOTYPE	024574	04/16/18	03:57:45	0.4892597695390782	0.49023828907815625	11.47	-1.55	3.522670340681363	3.5236488602204408	11.9	-3.4	0.4892597695390782	0.4892597695390782	11.35	0.0	296.0	290.47	506.1	-266.0	0	1
PROTOTYPE	024575	04/16/18	03:57:46	0.4892597695390782	0.4892597695390782	11.39	-1.32	3.522670340681363	3.5236488602204408	11.72	-2.89	0.4892597695390782	0.4892597695390782	11.31	0.0	293.0	290.85	530.95	-241.1	0	1
PROTOTYPE	024576	04/16/18	03:57:47	0.4892597695390782	0.4892597695390782	11.34	-1.12	3.522670340681363	3.5236488602204408	11.58	-2.46	0.4892597695390782	0.4892597695390782	11.28	0.0	298.0	291.92	529.38	-24.94	0	1
PROTOTYPE	024577	04/16/18	03:57:49	0.4892597695390782	0.4892597695390782	11.33	-0.95	3.522670340681363	3.5236488602204408	11.5	-2.09	0.4892597695390782	0.4892597695390782	11.29	0.0	280.0	290.13	705.29	-201.2	0	1
PROTOTYPE	024578	04/16/18	03:57:50	0.4892597695390782	0.4892597695390782	11.32	-0.81	3.522670340681363	3.5236488602204408	11.44	-1.78	0.4892597695390782	0.4892597695390782	11.29	0.0	290.0	290.11	525.56	-21.02	0	1
PROTOTYPE	024579	04/16/18	03:57:52	0.4892597695390782	0.4892597695390782	11.29	-0.69	3.522670340681363	3.5236488602204408	11.38	-1.51	0.4892597695390782	0.4892597695390782	11.27	0.0	283.0	289.05	582.4	-77.86	0	1
PROTOTYPE	024580	04/16/18	03:57:53	0.4892597695390782	0.4892597695390782	11.26	-0.59	3.522670340681363	3.522670340681363	11.32	-1.28	0.4892597695390782	0.4892597695390782	11.24	0.0	296.0	290.09	644.35	68.82	0	1
PROTOTYPE	024581	04/16/18	03:57:54	0.4892597695390782	0.4892597695390782	11.24	-0.5	3.522670340681363	3.522670340681363	11.29	-1.09	0.4892597695390782	0.4892597695390782	11.23	0.0	290.0	290.08	637.17	58.49	0	1
PROTOTYPE	024582	04/16/18	03:57:56	0.4892597695390782	0.4892597695390782	11.24	-0.42	3.522670340681363	3.522670340681363	11.27	-0.93	0.4892597695390782	0.4892597695390782	11.23	0.0	275.0	287.81	765.64	-265.28	0	1
PROTOTYPE	024583	04/16/18	03:57:57	0.4892597695390782	0.4892597695390782	11.22	-0.36	3.522670340681363	3.522670340681363	11.25	-0.79	0.4892597695390782	0.4892597695390782	11.22	0.0	292.0	288.44	790.43	-240.49	0	1
PROTOTYPE	024584	04/16/18	03:57:59	0.4892597695390782	0.4892597695390782	11.23	-0.31	3.522670340681363	3.522670340681363	11.25	-0.67	0.4892597695390782	0.4892597695390782	11.23	0.0	287.0	288.23	704.79	-369.42	0	1
PROTOTYPE	024585	04/16/18	03:58:00	0.4892597695390782	0.4892597695390782	11.23	-0.26	3.522670340681363	3.522670340681363	11.24	-0.57	0.39140781563126253	0.4745819764529058	24.89	-15.0	281.0	287.14	634.38	-299.0	0	1
PROTOTYPE	024586	04/16/18	03:58:01	0.4892597695390782	0.4892597695390782	11.21	-0.22	3.522670340681363	3.522670340681363	11.22	-0.48	0.4892597695390782	0.4765390155310621	26.13	-12.75	290.0	287.57	674.85	-254.15	0	1
PROTOTYPE	024587	04/16/18	03:58:03	0.4892597695390782	0.4892597695390782	11.23	-0.19	3.522670340681363	3.522670340681363	11.24	-0.41	0.4892597695390782	0.47849605460921835	27.11	-10.84	293.0	288.38	649.62	-66.03	0	1
PROTOTYPE	024588	04/16/18	03:58:04	0.4892597695390782	0.4892597695390782	11.24	-0.16	3.522670340681363	3.522670340681363	11.24	-0.35	0.4892597695390782	0.48045309368737477	27.86	-9.21	290.0	288.63	569.55	-146.13	0	1
PROTOTYPE	024589	04/16/18	03:58:06	0.4892597695390782	0.4892597695390782	11.26	-0.14	3.522670340681363	3.522670340681363	11.26	-0.3	0.4892597695390782	0.48143161322645295	28.44	-7.83	280.0	287.33	697.04	-274.21	0	1
PROTOTYPE	024590	04/16/18	03:58:07	0.4892597695390782	0.4892597695390782	11.26	-0.12	3.522670340681363	3.522670340681363	11.26	-0.25	0.4892597695390782	0.482410132765531	28.87	-6.66	287.0	287.28	476.1	-53.08	0	1
PROTOTYPE	024591	04/16/18	03:58:09	0.4892597695390782	0.4892597695390782	11.26	-0.1	3.522670340681363	3.522670340681363	11.26	-0.21	0.4892597695390782	0.48338865230460926	29.19	-5.66	290.0	287.69	454.07	-75.11	0	1
PROTOTYPE	024592	04/16/18	03:58:10	0.4892597695390782	0.4892597695390782	11.25	-0.08	3.522670340681363	3.522670340681363	11.25	-0.18	0.4892597695390782	0.48436717184368744	29.41	-4.81	301.0	289.69	632.04	146.15	0	1
PROTOTYPE	024593	04/16/18	03:58:11	0.4892597695390782	0.4892597695390782	11.26	-0.07	3.522670340681363	3.522670340681363	11.26	-0.16	0.4892597695390782	0.4853456913827655	15.93	10.91	288.0	289.43	548.99	229.23	0	1
PROTOTYPE	024594	04/16/18	03:58:13	0.4892597695390782	0.4892597695390782	11.27	-0.06	3.522670340681363	3.522670340681363	11.27	-0.13	0.4892597695390782	0.4863242109218437	14.82	9.28	297.0	290.57	619.59	299.85	0	1
PROTOTYPE	024595	04/16/18	03:58:14	0.4892597695390782	0.4892597695390782	11.25	-0.05	3.522670340681363	3.522670340681363	11.25	-0.11	0.4892597695390782	0.4863242109218437	13.93	7.88	285.0	289.73	621.68	134.87	0	1
PROTOTYPE	024596	04/16/18	03:58:16	0.4892597695390782	0.4892597695390782	11.25	-0.04	3.522670340681363	3.522670340681363	11.25	-0.1	0.4892597695390782	0.4863242109218437	13.26	6.7	288.0	289.47	623.46	84.64	0	1
PROTOTYPE	024597	04/16/18	03:58:17	0.4892597695390782	0.4892597695390782	11.25	-0.04	3.522670340681363	3.522670340681363	11.25	-0.08	0.4892597695390782	0.48730273046092193	12.74	5.7	292.0	289.85	531.97	251.94	0	1
PROTOTYPE	024598	04/16/18	03:58:18	0.4892597695390782	0.4892597695390782	11.25	-0.03	3.522670340681363	3.522670340681363	11.25	-0.07	0.4892597695390782	0.48730273046092193	12.35	4.84	293.0	290.32	574.01	304.15	0	1
PROTOTYPE	024599	04/16/18	03:58:20	0.4892597695390782	0.4892597695390782	11.26	-0.03	3.522670340681363	3.522670340681363	11.26	-0.06	0.4892597695390782	0.48730273046092193	12.07	4.12	296.0	291.18	618.38	348.53	0	1
PROTOTYPE	024600	04/16/18	03:58:21	0.4892597695390782	0.4892597695390782	11.28	-0.02	3.522670340681363	3.522670340681363	11.28	-0.05	0.4892597695390782	0.48828125	11.87	3.5	299.0	292.35	536.1	266.25	0	1
PROTOTYPE	024601	04/16/18	03:58:23	0.4892597695390782	0.4892597695390782	11.28	-0.02	3.522670340681363	3.522670340681363	11.28	-0.04	0.4892597695390782	0.48828125	11.71	2.97	285.0	291.25	621.01	181.31	0	1
PROTOTYPE	024602	04/16/18	03:58:24	0.4892597695390782	0.4892597695390782	11.28	-0.02	3.522670340681363	3.522670340681363	11.28	-0.04	0.4892597695390782	0.48828125	11.59	2.53	301.0	292.71	653.81	214.12	0	1
PROTOTYPE	024603	04/16/18	03:58:25	0.4892597695390782	0.4892597695390782	11.3	-0.01	3.522670340681363	3.522670340681363	11.3	-0.03	0.4892597695390782	0.48828125	11.53	2.15	294.0	292.9	589.66	317.0	0	1
PROTOTYPE	024604	04/16/18	03:58:27	0.4892597695390782	0.4892597695390782	11.31	-0.01	3.522670340681363	3.522670340681363	11.31	-0.03	0.4892597695390782	0.48828125	11.47	1.83	279.0	290.82	772.18	134.45	0	1
PROTOTYPE	024605	04/16/18	03:58:28	0.4892597695390782	0.4892597695390782	11.3	-0.01	3.522670340681363	3.522670340681363	11.3	-0.02	0.4892597695390782	0.48828125	11.42	1.55	300.0	292.2	871.99	234.28	0	1
PROTOTYPE	024606	04/16/18	03:58:30	0.4892597695390782	0.4892597695390782	11.33	-0.01	3.522670340681363	3.522670340681363	11.33	-0.02	0.4892597695390782	0.4892597695390782	11.41	1.32	285.0	291.12	932.7	79.14	0	1
PROTOTYPE	024607	04/16/18	03:58:31	0.4892597695390782	0.4892597695390782	11.32	-0.01	3.522670340681363	3.522670340681363	11.32	-0.02	0.4892597695390782	0.4892597695390782	11.38	1.12	296.0	291.85	920.83	67.27	0	1
PROTOTYPE	024608	04/16/18	03:58:33	0.4892597695390782	0.4892597695390782	11.29	-0.01	3.522670340681363	3.522670340681363	11.29	-0.01	0.4892597695390782	0.4892597695390782	11.33	0.95	290.0	291.57	831.22	-77.82	0	1
PROTOTYPE	024609	04/16/18	03:58:34	0.4892597695390782	0.4892597695390782	11.29	-0.01	3.522670340681363	3.522670340681363	11.29	-0.01	0.4892597695390782	0.4892597695390782	11.32	0.81	284.0	290.44	834.55	-81.15	0	1
PROTOTYPE	024610	04/16/18	03:58:35	0.4892597695390782	0.4892597695390782	11.29	-0.0	3.522670340681363	3.522670340681363	11.29	-0.01	0.4892597695390782	0.4892597695390782	11.31	0.69	289.0	290.22	709.83	-248.98	0	1
PROTOTYPE	024611	04/16/18	03:58:37	0.4892597695390782	0.4892597695390782	11.29	-0.0	3.522670340681363	3.522670340681363	11.29	-0.01	0.4892597695390782	0.4892597695390782	11.31	0.59	286.0	289.59	753.75	-331.63	0	1
PROTOTYPE	024612	04/16/18	03:58:38	0.4892597695390782	0.4892597695390782	11.27	-0.0	3.522670340681363	3.522670340681363	11.27	-0.01	0.4892597695390782	0.4892597695390782	11.28	0.5	291.0	289.8	566.43	-101.89	0	1
PROTOTYPE	024613	04/16/18	03:58:40	0.4892597695390782	0.4892597695390782	11.27	-0.0	3.522670340681363	3.522670340681363	11.27	-0.01	0.4892597695390782	0.4892597695390782	11.28	0.42	295.0	290.58	506.72	-161.6	0	1
PROTOTYPE	024614	04/16/18	03:58:41	0.4892597695390782	0.4892597695390782	11.24	-0.0	3.522670340681363	3.522670340681363	11.24	-0.01	0.4892597695390782	0.4892597695390782	11.24	0.36	276.0	288.39	617.47	-272.36	0	1
PROTOTYPE	024615	04/16/18	03:58:42	0.4892597695390782	0.4892597695390782	11.26	-0.0	3.522670340681363	3.522670340681363	11.26	-0.0	0.4892597695390782	0.4892597695390782	11.26	0.31	290.0	288.63	568.36	-321.51	0	1
PROTOTYPE	024616	04/16/18	03:58:44	0.4892597695390782	0.4892597695390782	11.28	-0.0	3.522670340681363	3.522670340681363	11.28	-0.0	0.4892597695390782	0.4892597695390782	11.28	0.26	281.0	287.49	655.1	-408.28	0	1
PROTOTYPE	024617	04/16/18	03:58:45	0.4892597695390782	0.4892597695390782	11.27	-0.0	3.522670340681363	3.522670340681363	11.27	-0.0	0.4892597695390782	0.4892597695390782	11.27	0.22	295.0	288.62	654.21	-182.04	0	1
PROTOTYPE	024618	04/16/18	03:58:47	0.4892597695390782	0.4892597695390782	11.27	-0.0	3.522670340681363	3.522670340681363	11.27	-0.0	0.4892597695390782	0.4892597695390782	11.27	0.19	300.0	290.32	803.4	10.27	0	1
PROTOTYPE	024619	04/16/18	03:58:48	0.4892597695390782	0.4892597695390782	11.25	-0.0	3.522670340681363	3.522670340681363	11.25	-0.0	0.4892597695390782	0.4892597695390782	11.25	0.16	291.0	290.42	750.34	83.73	0	1
PROTOTYPE	024620	04/16/18	03:58:49	0.4892597695390782	0.4892597695390782	11.27	-0.0	3.522670340681363	3.522670340681363	11.27	-0.0	0.4892597695390782	0.4892597695390782	11.27	0.14	294.0	290.96	782.75	116.17	0	1
PROTOTYPE	024621	04/16/18	03:58:51	0.4892597695390782	0.4892597695390782	11.26	-0.0	3.522670340681363	3.522670340681363	11.26	-0.0	0.4892597695390782	0.4892597695390782	11.26	0.12	296.0	291.72	780.32	113.74	0	1
PROTOTYPE	024622	04/16/18	03:58:52	0.4892597695390782	0.4892597695390782	11.27	-0.0	3.522670340681363	3.522670340681363	11.27	-0.0	0.4892597695390782	0.4892597695390782	11.27	0.1	302.0	293.26	715.89	486.68	0	1
PROTOTYPE	024623	04/16/18	03:58:54	0.4892597695390782	0.4892597695390782	11.25	-0.0	3.522670340681363	3.522670340681363	11.25	-0.0	0.4892597695390782	0.4892597695390782	11.25	0.08	288.0	292.47	770.63	383.68	0	1
PROTOTYPE	024624	04/16/18	03:58:55	0.4892597695390782	0.4892597695390782	11.26	-0.0	3.522670340681363	3.522670340681363	11.26	-0.0	0.4892597695390782	0.4892597695390782	11.26	0.07	299.0	293.45	754.07	596.13	0	1
PROTOTYPE	024625	04/16/18	03:58:57	0.4892597695390782	0.4892597695390782	11.28	-0.0	3.522670340681363	3.522670340681363	11.28	-0.0	0.4892597695390782	0.4892597695390782	11.28	0.06	289.0	292.78	708.15	416.71	0	1
PROTOTYPE	024626	04/16/18	03:58:58	0.4892597695390782	0.4892597695390782	11.3	-0.0	3.522670340681363	3.522670340681363	11.3	-0.0	0.4892597695390782	0.4892597695390782	11.3	0.05	301.0	294.01	660.65	369.2	0	1
PROTOTYPE	024627	04/16/18	03:58:59	0.4892597695390782	0.4892597695390782	11.32	-0.0	3.522670340681363	3.522670340681363	11.32	-0.0	0.4892597695390782	0.4892597695390782	11.32	0.04	295.0	294.16	665.24	373.82	0	1
PROTOTYPE	024628	04/16/18	03:59:01	0.4892597695390782	0.4892597695390782	11.31	-0.0	3.522670340681363	3.522670340681363	11.31	-0.0	0.4892597695390782	0.4892597695390782	11.31	0.04	275.0	291.29	899.04	32.75	0	1
PROTOTYPE	024629	04/16/18	03:59:02	0.4892597695390782	0.4892597695390782	11.32	-0.0	3.6205222945891786	3.537348133767535	24.97	15.0	0.4892597695390782	0.4892597695390782	11.32	0.03	286.0	290.5	902.77	-122.16	0	1
PROTOTYPE	024630	04/16/18	03:59:04	0.4892597695390782	0.4892597695390782	11.32	-0.0	3.522670340681363	3.5353910946893787	26.22	12.75	0.4892597695390782	0.4892597695390782	11.32	0.03	291.0	290.57	756.22	-268.84	0	1
PROTOTYPE	024631	04/16/18	03:59:05	0.4892597695390782	0.4892597695390782	11.32	-0.0	3.522670340681363	3.5334340556112225	27.19	10.84	0.4892597695390782	0.4892597695390782	11.32	0.02	294.0	291.09	728.78	-138.51	0	1
PROTOTYPE	024632	04/16/18	03:59:06	0.4892597695390782	0.4892597695390782	11.29	-0.0	3.522670340681363	3.5314770165330667	27.91	9.21	0.4892597695390782	0.4892597695390782	11.29	0.02	280.0	289.42	797.11	-402.74	0	1
PROTOTYPE	024633	04/16/18	03:59:08	0.4892597695390782	0.4892597695390782	11.26	-0.0	3.522670340681363	3.530498496993988	28.45	7.83	0.4892597695390782	0.4892597695390782	11.26	0.02	295.0	290.26	814.02	-252.33	0	1
PROTOTYPE	024634	04/16/18	03:59:09	0.4892597695390782	0.4892597695390782	11.24	-0.0	3.522670340681363	3.52951997745491	28.85	6.66	0.4892597695390782	0.4892597695390782	11.24	0.01	294.0	290.82	746.88	-319.48	0	1
PROTOTYPE	024635	04/16/18	03:59:11	0.4892597695390782	0.4892597695390782	11.22	-0.0	3.6205222945891786	3.543219251002004	41.5	20.66	0.4892597695390782	0.4892597695390782	11.22	0.01	289.0	290.55	759.37	-361.56	0	1
PROTOTYPE	024636	04/16/18	03:59:12	0.4892597695390782	0.4892597695390782	11.22	-0.0	3.6205222945891786	3.5549614854709417	52.08	32.56	0.4892597695390782	0.4892597695390782	11.22	0.01	294.0	291.07	523.74	-22.32	0	1
PROTOTYPE	024637	04/16/18	03:59:13	0.4892597695390782	0.4892597695390782	11.24	-0.0	3.6205222945891786	3.5647466808617234	47.23	27.67	0.4892597695390782	0.4892597695390782	11.24	0.01	290.0	290.91	460.44	41.03	0	1
PROTOTYPE	024638	04/16/18	03:59:15	0.4892597695390782	0.4892597695390782	11.24	-0.0	3.522670340681363	3.5578970440881763	51.13	23.52	0.4892597695390782	0.4892597695390782	11.24	0.01	283.0	289.72	571.33	-85.13	0	1
PROTOTYPE	024639	04/16/18	03:59:16	0.4892597695390782	0.4892597695390782	11.25	-0.0	3.6205222945891786	3.567682239478958	58.42	34.99	0.4892597695390782	0.4892597695390782	11.25	0.01	296.0	290.66	614.09	-42.36	0	1
PROTOTYPE	024640	04/16/18	03:59:18	0.4892597695390782	0.4892597695390782	11.26	-0.0	3.522670340681363	3.560832602705411	63.3	29.75	0.4892597695390782	0.4892597695390782	11.26	0.01	294.0	291.16	497.9	174.0	0	1
PROTOTYPE	024641	04/16/18	03:59:19	0.4892597695390782	0.4892597695390782	11.28	-0.0	3.522670340681363	3.5549614854709417	67.35	25.28	0.4892597695390782	0.4892597695390782	11.28	0.0	287.0	290.54	476.68	27.9	0	1
PROTOTYPE	024642	04/16/18	03:59:20	0.4892597695390782	0.4892597695390782	11.28	-0.0	3.522670340681363	3.5500688877755513	70.68	21.49	0.4892597695390782	0.4892597695390782	11.28	0.0	286.0	289.86	488.63	-96.29	0	1
PROTOTYPE	024643	04/16/18	03:59:22	0.4892597695390782	0.4892597695390782	11.3	-0.0	3.6205222945891786	3.560832602705411	67.48	18.27	0.4892597695390782	0.4892597695390782	11.3	0.0	302.0	291.68	643.44	113.15	0	1
PROTOTYPE	024644	04/16/18	03:59:23	0.4892597695390782	0.4892597695390782	11.3	-0.0	3.522670340681363	3.5549614854709417	61.5	0.53	0.4892597695390782	0.4892597695390782	11.3	0.0	278.0	289.63	796.81	-143.82	0	1
PROTOTYPE	024645	04/16/18	03:59:25	0.4892597695390782	0.4892597695390782	11.29	-0.0	3.522670340681363	3.5500688877755513	56.45	-14.55	0.4892597695390782	0.4892597695390782	11.29	0.0	285.0	288.93	850.19	-197.25	0	1
PROTOTYPE	024646	04/16/18	03:59:26	0.4892597695390782	0.4892597695390782	11.28	-0.0	3.6205222945891786	3.560832602705411	60.76	2.63	0.4892597695390782	0.4892597695390782	11.28	0.0	300.0	290.59	897.61	87.34	0	1
PROTOTYPE	024647	04/16/18	03:59:28	0.4892597695390782	0.4892597695390782	11.27	-0.0	3.6205222945891786	3.569639278557114	60.37	2.24	0.4892597695390782	0.4892597695390782	11.27	0.0	294.0	291.1	854.52	44.24	0	1
PROTOTYPE	024648	04/16/18	03:59:29	0.4892597695390782	0.4892597695390782	11.26	-0.0	3.6205222945891786	3.5774674348697397	61.27	16.9	0.4892597695390782	0.4892597695390782	11.26	0.0	291.0	291.09	806.51	-7.4	0	1
PROTOTYPE	024649	04/16/18	03:59:30	0.4892597695390782	0.4892597695390782	11.26	-0.0	3.6205222945891786	3.5833385521042085	62.03	29.37	0.4892597695390782	0.4892597695390782	11.26	0.0	279.0	289.28	925.39	-126.29	0	1
PROTOTYPE	024650	04/16/18	03:59:32	0.4892597695390782	0.4892597695390782	11.26	-0.0	3.6205222945891786	3.5892096693386777	62.67	39.96	0.4892597695390782	0.4892597695390782	11.26	0.0	280.0	287.88	996.44	-197.34	0	1
PROTOTYPE	024651	04/16/18	03:59:33	0.4892597695390782	0.4892597695390782	11.26	-0.0	3.522670340681363	3.5794244739478955	62.11	18.97	0.4892597695390782	0.4892597695390782	11.26	0.0	295.0	288.95	921.05	-272.74	0	1
PROTOTYPE	024652	04/16/18	03:59:35	0.4892597695390782	0.4892597695390782	11.26	-0.0	3.6205222945891786	3.5852955911823647	62.57	31.12	0.4892597695390782	0.4892597695390782	11.26	0.0	283.0	288.06	805.14	-156.83	0	1
PROTOTYPE	024653	04/16/18	03:59:36	0.4892597695390782	0.4892597695390782	11.26	-0.0	3.6205222945891786	3.591166708416834	62.97	41.45	0.4892597695390782	0.4892597695390782	11.26	0.0	300.0	289.85	914.85	91.69	0	1
PROTOTYPE	024654	04/16/18	03:59:37	0.4892597695390782	0.4892597695390782	11.27	-0.0	3.6205222945891786	3.5950807865731464	56.87	35.24	0.4892597695390782	0.4892597695390782	11.27	0.0	288.0	289.57	776.62	-102.06	0	1
PROTOTYPE	024655	04/16/18	03:59:39	0.4892597695390782	0.4892597695390782	11.26	-0.0	3.6205222945891786	3.598994864729459	51.72	29.95	0.4892597695390782	0.4892597695390782	11.26	0.0	284.0	288.74	809.09	-236.75	0	1
PROTOTYPE	024656	04/16/18	03:59:40	0.4892597695390782	0.4892597695390782	11.28	-0.0	3.6205222945891786	3.6019304233466936	47.39	25.46	0.4892597695390782	0.4892597695390782	11.28	0.0	288.0	288.63	818.14	-246.24	0	1
PROTOTYPE	024657	04/16/18	03:59:42	0.4892597695390782	0.4892597695390782	11.29	-0.0	3.6205222945891786	3.604865981963928	43.77	21.64	0.4892597695390782	0.4892597695390782	11.29	0.0	296.0	289.73	747.43	45.7	0	1
PROTOTYPE	024658	04/16/18	03:59:43	0.4892597695390782	0.4892597695390782	11.31	-0.0	3.6205222945891786	3.607801540581162	40.74	18.39	0.4892597695390782	0.4892597695390782	11.31	0.0	301.0	291.42	777.32	353.84	0	1
PROTOTYPE	024659	04/16/18	03:59:44	0.4892597695390782	0.4892597695390782	11.3	-0.0	3.6205222945891786	3.6097585796593186	32.89	30.63	0.4892597695390782	0.4892597695390782	11.3	0.0	289.0	291.06	706.93	210.77	0	1
PROTOTYPE	024660	04/16/18	03:59:46	0.4892597695390782	0.4892597695390782	11.31	-0.0	3.6205222945891786	3.6107370991983965	28.65	26.04	0.4892597695390782	0.4892597695390782	11.31	0.0	306.0	293.3	841.77	524.15	0	1
PROTOTYPE	024661	04/16/18	03:59:47	0.4892597695390782	0.4892597695390782	11.3	-0.0	3.6205222945891786	3.612694138276553	25.13	22.13	0.4892597695390782	0.4892597695390782	11.3	0.0	298.0	294.01	733.15	415.53	0	1
PROTOTYPE	024662	04/16/18	03:59:49	0.4892597695390782	0.4892597695390782	11.3	-0.0	3.522670340681363	3.598994864729459	34.18	3.81	0.4892597695390782	0.4892597695390782	11.3	0.0	291.0	293.55	750.47	398.2	0	1
PROTOTYPE	024663	04/16/18	03:59:50	0.4892597695390782	0.4892597695390782	11.31	-0.0	3.6205222945891786	3.6019304233466936	33.65	3.24	0.4892597695390782	0.4892597695390782	11.31	0.0	299.0	294.37	748.57	563.47	0	1
PROTOTYPE	024664	04/16/18	03:59:52	0.4892597695390782	0.4892597695390782	11.31	-0.0	3.6205222945891786	3.604865981963928	33.21	2.76	0.4892597695390782	0.4892597695390782	11.31	0.0	299.0	295.07	806.88	643.95	0	1
PROTOTYPE	024665	04/16/18	03:59:53	0.4892597695390782	0.4892597695390782	11.35	-0.0	3.6205222945891786	3.606823021042084	32.87	2.34	0.4892597695390782	0.4892597695390782	11.35	0.0	302.0	296.11	800.29	637.36	0	1
PROTOTYPE	024666	04/16/18	03:59:54	0.4892597695390782	0.4892597695390782	11.35	-0.0	3.6205222945891786	3.608780060120241	32.58	1.99	0.4892597695390782	0.4892597695390782	11.35	0.0	287.0	294.74	767.86	331.75	0	1
PROTOTYPE	024667	04/16/18	03:59:56	0.4892597695390782	0.4892597695390782	11.36	-0.0	3.522670340681363	3.5960593061122244	43.46	-13.31	0.4892597695390782	0.4892597695390782	11.36	0.0	287.0	293.58	847.6	251.99	0	1
PROTOTYPE	024668	04/16/18	03:59:57	0.4892597695390782	0.4892597695390782	11.35	-0.0	3.522670340681363	3.5852955911823647	52.6	-26.31	0.4892597695390782	0.4892597695390782	11.35	0.0	291.0	293.19	662.19	-10.81	0	1
PROTOTYPE	024669	04/16/18	03:59:59	0.4892597695390782	0.4892597695390782	11.36	-0.0	3.6205222945891786	3.590188188877755	56.16	-22.37	0.4892597695390782	0.4892597695390782	11.36	0.0	294.0	293.31	603.88	-69.19	0	1
PROTOTYPE	024670	04/16/18	04:00:00	0.4892597695390782	0.4892597695390782	11.36	-0.0	3.6205222945891786	3.5950807865731464	47.14	-4.01	0.4892597695390782	0.4892597695390782	11.36	0.0	299.0	294.17	644.09	61.19	0	1
PROTOTYPE	024671	04/16/18	04:00:01	0.4892597695390782	0.4892597695390782	11.36	-0.0	3.6205222945891786	3.598994864729459	47.7	-3.41	0.4892597695390782	0.4892597695390782	11.36	0.0	295.0	294.29	574.98	-7.99	0	1
PROTOTYPE	024672	04/16/18	04:00:03	0.4892597695390782	0.4892597695390782	11.37	-0.0	3.6205222945891786	3.6019304233466936	48.17	-2.9	0.4892597695390782	0.4892597695390782	11.37	0.0	287.0	293.2	614.91	-186.79	0	1
PROTOTYPE	024673	04/16/18	04:00:04	0.4892597695390782	0.4892597695390782	11.31	-0.0	3.522670340681363	3.590188188877755	57.62	-17.46	0.4892597695390782	0.4892597695390782	11.31	0.0	296.0	293.62	552.95	-248.77	0	1
PROTOTYPE	024674	04/16/18	04:00:06	0.4892597695390782	0.4892597695390782	11.3	-0.0	3.522670340681363	3.5804029934869743	65.59	-29.84	0.4892597695390782	0.4892597695390782	11.3	0.0	291.0	293.23	455.65	-151.46	0	1
PROTOTYPE	024675	04/16/18	04:00:07	0.4892597695390782	0.4892597695390782	11.28	-0.0	3.6205222945891786	3.586274110721443	58.6	-10.37	0.4892597695390782	0.4892597695390782	11.28	0.0	296.0	293.64	381.19	6.26	0	1
PROTOTYPE	024676	04/16/18	04:00:08	0.4892597695390782	0.4892597695390782	11.26	-0.0	3.6205222945891786	3.591166708416834	52.68	6.19	0.4892597695390782	0.4892597695390782	11.26	0.0	302.0	294.9	467.86	170.32	0	1
PROTOTYPE	024677	04/16/18	04:00:10	0.4892597695390782	0.4892597695390782	11.26	-0.0	3.522670340681363	3.5813815130260522	57.7	-9.74	0.4892597695390782	0.4892597695390782	11.26	0.0	297.0	295.21	487.26	189.77	0	1
PROTOTYPE	024678	04/16/18	04:00:11	0.4892597695390782	0.4892597695390782	11.26	-0.0	3.6205222945891786	3.5872526302605205	59.11	-8.28	0.4892597695390782	0.4892597695390782	11.26	0.0	287.0	293.98	525.12	-18.69	0	1
PROTOTYPE	024679	04/16/18	04:00:13	0.4892597695390782	0.4892597695390782	11.26	-0.0	3.522670340681363	3.5774674348697397	64.91	-22.04	0.4892597695390782	0.4892597695390782	11.26	0.0	290.0	293.38	572.24	-90.89	0	1
PROTOTYPE	024680	04/16/18	04:00:14	0.4892597695390782	0.4892597695390782	11.24	-0.0	3.522670340681363	3.568660759018036	69.79	-33.73	0.4892597695390782	0.4892597695390782	11.24	0.0	293.0	293.33	468.77	12.75	0	1
PROTOTYPE	024681	04/16/18	04:00:16	0.4892597695390782	0.4892597695390782	11.26	-0.0	3.6205222945891786	3.576488915330661	65.54	-13.67	0.4892597695390782	0.4892597695390782	11.26	0.0	297.0	293.88	481.85	25.83	0	1
PROTOTYPE	024682	04/16/18	04:00:17	0.4892597695390782	0.4892597695390782	11.28	-0.0	3.522670340681363	3.568660759018036	63.52	-11.62	0.4892597695390782	0.4892597695390782	11.28	0.0	297.0	294.34	489.44	111.96	0	1
PROTOTYPE	024683	04/16/18	04:00:18	0.4892597695390782	0.4892597695390782	11.28	-0.0	3.6205222945891786	3.576488915330661	65.23	-9.88	0.4892597695390782	0.4892597695390782	11.28	0.0	295.0	294.44	457.72	80.16	0	1
PROTOTYPE	024684	04/16/18	04:00:20	0.4892597695390782	0.4892597695390782	11.32	-0.0	3.522670340681363	3.568660759018036	68.14	-23.4	0.4892597695390782	0.4892597695390782	11.32	0.0	289.0	293.63	413.99	-126.86	0	1
PROTOTYPE	024685	04/16/18	04:00:21	0.4892597695390782	0.4892597695390782	11.31	-0.0	3.522670340681363	3.561811122244489	64.68	-19.89	0.4892597695390782	0.4892597695390782	11.31	0.0	277.0	291.13	631.79	-407.83	0	1
PROTOTYPE	024686	04/16/18	04:00:23	0.4892597695390782	0.4892597695390782	11.29	-0.0	3.522670340681363	3.5559400050100205	64.57	-31.9	0.4892597695390782	0.4892597695390782	11.29	0.0	289.0	290.81	540.64	-316.66	0	1
PROTOTYPE	024687	04/16/18	04:00:24	0.4892597695390782	0.4892597695390782	11.31	-0.0	3.522670340681363	3.551047407314629	59.89	-27.12	0.4892597695390782	0.4892597695390782	11.31	0.0	290.0	290.69	493.21	-269.16	0	1
PROTOTYPE	024688	04/16/18	04:00:25	0.4892597695390782	0.4892597695390782	11.31	-0.0	3.6205222945891786	3.560832602705411	62.18	-8.05	0.4892597695390782	0.4892597695390782	11.31	0.0	290.0	290.59	497.76	-273.78	0	1
PROTOTYPE	024689	04/16/18	04:00:27	0.4892597695390782	0.4892597695390782	11.29	-0.0	3.6205222945891786	3.569639278557114	63.37	-6.84	0.4892597695390782	0.4892597695390782	11.29	0.0	295.0	291.25	508.82	-262.72	0	1
PROTOTYPE	024690	04/16/18	04:00:28	0.4892597695390782	0.4892597695390782	11.27	-0.0	3.6205222945891786	3.5774674348697397	62.81	9.18	0.4892597695390782	0.4892597695390782	11.27	0.0	296.0	291.96	533.22	-238.31	0	1
PROTOTYPE	024691	04/16/18	04:00:30	0.4892597695390782	0.4892597695390782	11.28	-0.0	3.6205222945891786	3.584317071643287	61.46	7.81	0.4892597695390782	0.4892597695390782	11.28	0.0	300.0	293.17	643.88	-127.56	0	1
PROTOTYPE	024692	04/16/18	04:00:31	0.4892597695390782	0.4892597695390782	11.25	-0.0	3.522670340681363	3.574531876252505	62.61	6.64	0.4892597695390782	0.4892597695390782	11.25	0.0	293.0	293.14	565.1	-48.43	0	1
PROTOTYPE	024693	04/16/18	04:00:32	0.4892597695390782	0.4892597695390782	11.26	-0.0	3.522670340681363	3.5667037199398797	63.59	5.64	0.4892597695390782	0.4892597695390782	11.26	0.0	296.0	293.57	358.58	243.84	0	1
PROTOTYPE	024694	04/16/18	04:00:34	0.4892597695390782	0.4892597695390782	11.27	-0.0	3.522670340681363	3.560832602705411	64.42	4.79	0.4892597695390782	0.4892597695390782	11.27	0.0	298.0	294.24	393.01	342.26	0	1
PROTOTYPE	024695	04/16/18	04:00:35	0.4892597695390782	0.4892597695390782	11.28	-0.0	3.6205222945891786	3.569639278557114	68.48	19.07	0.4892597695390782	0.4892597695390782	11.28	0.0	286.0	293.0	504.28	230.92	0	1
PROTOTYPE	024696	04/16/18	04:00:37	0.4892597695390782	0.4892597695390782	11.28	-0.0	3.6205222945891786	3.5774674348697397	65.65	16.21	0.4892597695390782	0.4892597695390782	11.28	0.0	291.0	292.7	523.85	211.28	0	1
PROTOTYPE	024697	04/16/18	04:00:38	0.4892597695390782	0.4892597695390782	11.3	-0.0	3.6205222945891786	3.5833385521042085	63.27	13.78	0.4892597695390782	0.4892597695390782	11.3	0.0	294.0	292.9	477.2	164.59	0	1
PROTOTYPE	024698	04/16/18	04:00:40	0.4892597695390782	0.4892597695390782	11.31	-0.0	3.522670340681363	3.574531876252505	64.86	-3.29	0.4892597695390782	0.4892597695390782	11.31	0.0	292.0	292.76	419.42	79.9	0	1
PROTOTYPE	024699	04/16/18	04:00:41	0.4892597695390782	0.4892597695390782	11.3	-0.0	3.6205222945891786	3.5813815130260522	65.34	-2.79	0.4892597695390782	0.4892597695390782	11.3	0.0	286.0	291.75	400.26	-142.08	0	1
PROTOTYPE	024700	04/16/18	04:00:42	0.4892597695390782	0.4892597695390782	11.29	-0.0	3.6205222945891786	3.5872526302605205	61.98	12.63	0.4892597695390782	0.4892597695390782	11.29	0.0	298.0	292.68	491.19	-45.77	0	1
PROTOTYPE	024701	04/16/18	04:00:44	0.4892597695390782	0.4892597695390782	11.28	-0.0	3.6205222945891786	3.592145227955912	59.14	25.73	0.4892597695390782	0.4892597695390782	11.28	0.0	281.0	290.93	623.58	-263.91	0	1
PROTOTYPE	024702	04/16/18	04:00:45	0.4892597695390782	0.4892597695390782	11.28	-0.0	3.6205222945891786	3.5960593061122244	56.75	36.87	0.4892597695390782	0.4892597695390782	11.28	0.0	299.0	292.14	678.16	-209.32	0	1
PROTOTYPE	024703	04/16/18	04:00:47	0.4892597695390782	0.4892597695390782	11.27	-0.0	3.6205222945891786	3.5999733842685373	51.38	31.34	0.4892597695390782	0.4892597695390782	11.27	0.0	296.0	292.72	612.51	-27.92	0	1
PROTOTYPE	024704	04/16/18	04:00:48	0.4892597695390782	0.4892597695390782	11.26	-0.0	3.522670340681363	3.5882311497995993	55.37	11.64	0.4892597695390782	0.4892597695390782	11.26	0.0	296.0	293.21	631.68	51.27	0	1
PROTOTYPE	024705	04/16/18	04:00:49	0.4892597695390782	0.4892597695390782	11.23	-0.0	3.6205222945891786	3.5931237474949898	53.66	9.89	0.4892597695390782	0.4892597695390782	11.23	0.0	268.0	289.43	990.32	-346.42	0	1
PROTOTYPE	024706	04/16/18	04:00:51	0.4892597695390782	0.4892597695390782	11.21	-0.0	3.522670340681363	3.58236003256513	55.13	8.41	0.4892597695390782	0.4892597695390782	11.21	0.0	263.0	285.47	1373.29	-729.46	0	1
PROTOTYPE	024707	04/16/18	04:00:52	0.4892597695390782	0.4892597695390782	11.23	-0.0	3.6205222945891786	3.5882311497995993	53.9	7.15	0.4892597695390782	0.4892597695390782	11.23	0.0	286.0	285.55	1280.0	-620.04	0	1
PROTOTYPE	024708	04/16/18	04:00:54	0.4892597695390782	0.4892597695390782	11.23	-0.0	3.522670340681363	3.5784459544088176	57.91	-8.92	0.4892597695390782	0.4892597695390782	11.23	0.0	297.0	287.26	1358.0	-542.03	0	1
PROTOTYPE	024709	04/16/18	04:00:55	0.4892597695390782	0.4892597695390782	11.24	-0.0	3.522670340681363	3.5706177980961926	61.29	-22.59	0.4892597695390782	0.4892597695390782	11.24	0.0	285.0	286.92	1216.72	-400.73	0	1
PROTOTYPE	024710	04/16/18	04:00:56	0.4892597695390782	0.4892597695390782	11.25	-0.0	3.522670340681363	3.5627896417835667	64.14	-34.2	0.4892597695390782	0.4892597695390782	11.25	0.0	289.0	287.24	1126.85	-490.62	0	1
PROTOTYPE	024711	04/16/18	04:00:58	0.4892597695390782	0.4892597695390782	11.23	-0.0	3.6205222945891786	3.5715963176352705	69.12	-29.07	0.4892597695390782	0.4892597695390782	11.23	0.0	296.0	288.55	1200.43	-417.03	0	1
PROTOTYPE	024712	04/16/18	04:00:59	0.4892597695390782	0.4892597695390782	11.26	-0.0	3.522670340681363	3.5647466808617234	64.81	-24.71	0.4892597695390782	0.4892597695390782	11.26	0.0	297.0	289.82	1277.98	-339.47	0	1
PROTOTYPE	024713	04/16/18	04:01:01	0.4892597695390782	0.4892597695390782	11.29	-0.0	3.6205222945891786	3.5725748371743484	68.44	-21.0	0.4892597695390782	0.4892597695390782	11.29	0.0	304.0	291.95	1112.52	251.45	0	1
PROTOTYPE	024714	04/16/18	04:01:02	0.4892597695390782	0.4892597695390782	11.3	-0.0	3.6205222945891786	3.5794244739478955	64.99	-2.85	0.4892597695390782	0.4892597695390782	11.3	0.0	285.0	290.9	820.24	543.73	0	1
PROTOTYPE	024715	04/16/18	04:01:03	0.4892597695390782	0.4892597695390782	11.29	-0.0	3.6205222945891786	3.586274110721443	65.4	-2.42	0.4892597695390782	0.4892597695390782	11.29	0.0	285.0	290.02	900.67	447.17	0	1
PROTOTYPE	024716	04/16/18	04:01:05	0.4892597695390782	0.4892597695390782	11.31	-0.0	3.6205222945891786	3.591166708416834	60.71	12.94	0.4892597695390782	0.4892597695390782	11.31	0.0	287.0	289.57	774.15	230.1	0	1
PROTOTYPE	024717	04/16/18	04:01:06	0.4892597695390782	0.4892597695390782	11.31	-0.0	3.6205222945891786	3.5960593061122244	56.76	26.0	0.4892597695390782	0.4892597695390782	11.31	0.0	297.0	290.68	851.69	375.58	0	1
PROTOTYPE	024718	04/16/18	04:01:08	0.4892597695390782	0.4892597695390782	11.32	-0.0	3.6205222945891786	3.598994864729459	53.42	37.1	0.4892597695390782	0.4892597695390782	11.32	0.0	286.0	289.98	890.75	274.24	0	1
PROTOTYPE	024719	04/16/18	04:01:09	0.4892597695390782	0.4892597695390782	11.33	-0.0	3.6205222945891786	3.602908942885772	48.04	31.53	0.4892597695390782	0.4892597695390782	11.33	0.0	285.0	289.23	833.97	68.11	0	1
PROTOTYPE	024720	04/16/18	04:01:11	0.4892597695390782	0.4892597695390782	11.33	-0.0	3.6205222945891786	3.604865981963928	43.51	41.8	0.4892597695390782	0.4892597695390782	11.33	0.0	277.0	287.4	890.7	-242.11	0	1
PROTOTYPE	024721	04/16/18	04:01:12	0.4892597695390782	0.4892597695390782	11.32	-0.0	3.522670340681363	3.5931237474949898	47.5	20.53	0.4892597695390782	0.4892597695390782	11.32	0.0	286.0	287.19	698.97	-475.79	0	1
PROTOTYPE	024722	04/16/18	04:01:13	0.4892597695390782	0.4892597695390782	11.31	-0.0	3.6205222945891786	3.5970378256513027	44.51	17.45	0.4892597695390782	0.4892597695390782	11.31	0.0	296.0	288.51	726.97	-239.42	0	1
PROTOTYPE	024723	04/16/18	04:01:15	0.4892597695390782	0.4892597695390782	11.3	-0.0	3.6205222945891786	3.6009519038076148	42.0	14.84	0.4892597695390782	0.4892597695390782	11.3	0.0	300.0	290.23	810.78	21.49	0	1
PROTOTYPE	024724	04/16/18	04:01:16	0.4892597695390782	0.4892597695390782	11.31	-0.0	3.6205222945891786	3.6038874624248494	39.9	12.61	0.4892597695390782	0.4892597695390782	11.31	0.0	297.0	291.25	867.0	168.27	0	1
PROTOTYPE	024725	04/16/18	04:01:18	0.4892597695390782	0.4892597695390782	11.32	-0.0	3.6205222945891786	3.6058445015030065	38.16	10.72	0.4892597695390782	0.4892597695390782	11.32	0.0	295.0	291.81	811.77	113.03	0	1
PROTOTYPE	024726	04/16/18	04:01:19	0.4892597695390782	0.4892597695390782	11.3	-0.0	3.522670340681363	3.5931237474949898	46.94	-5.89	0.4892597695390782	0.4892597695390782	11.3	0.0	290.0	291.54	768.75	156.07	0	1
PROTOTYPE	024727	04/16/18	04:01:20	0.4892597695390782	0.4892597695390782	11.31	-0.0	3.6205222945891786	3.598016345190381	47.77	-5.01	0.4892597695390782	0.4892597695390782	11.31	0.0	287.0	290.86	762.16	162.66	0	1
PROTOTYPE	024728	04/16/18	04:01:22	0.4892597695390782	0.4892597695390782	11.29	-0.0	3.6205222945891786	3.6009519038076148	48.44	-4.25	0.4892597695390782	0.4892597695390782	11.29	0.0	286.0	290.13	651.57	273.26	0	1
PROTOTYPE	024729	04/16/18	04:01:23	0.4892597695390782	0.4892597695390782	11.29	-0.0	3.6205222945891786	3.6038874624248494	39.02	11.38	0.4892597695390782	0.4892597695390782	11.29	0.0	295.0	290.86	703.64	367.27	0	1
PROTOTYPE	024730	04/16/18	04:01:25	0.4892597695390782	0.4892597695390782	11.32	-0.0	3.6205222945891786	3.606823021042084	37.46	9.68	0.4892597695390782	0.4892597695390782	11.32	0.0	282.0	289.53	704.35	102.18	0	1
PROTOTYPE	024731	04/16/18	04:01:26	0.4892597695390782	0.4892597695390782	11.33	-0.0	3.6205222945891786	3.608780060120241	36.17	8.22	0.4892597695390782	0.4892597695390782	11.33	0.0	293.0	290.05	584.04	-18.15	0	1
PROTOTYPE	024732	04/16/18	04:01:28	0.4892597695390782	0.4892597695390782	11.31	-0.0	3.6205222945891786	3.6107370991983965	35.09	6.99	0.4892597695390782	0.4892597695390782	11.31	0.0	280.0	288.54	633.3	-270.42	0	1
PROTOTYPE	024733	04/16/18	04:01:29	0.4892597695390782	0.4892597695390782	11.29	-0.0	3.6205222945891786	3.611715618737475	34.22	5.94	0.4892597695390782	0.4892597695390782	11.29	0.0	287.0	288.31	600.2	-349.86	0	1
PROTOTYPE	024734	04/16/18	04:01:30	0.4892597695390782	0.4892597695390782	11.29	-0.0	3.522670340681363	3.598016345190381	35.11	5.05	0.4892597695390782	0.4892597695390782	11.29	0.0	295.0	289.32	673.33	-222.38	0	1
PROTOTYPE	024735	04/16/18	04:01:32	0.4892597695390782	0.4892597695390782	11.28	-0.0	3.522670340681363	3.5872526302605205	42.45	-10.71	0.4892597695390782	0.4892597695390782	11.28	0.0	279.0	287.77	759.96	-309.02	0	1
PROTOTYPE	024736	04/16/18	04:01:33	0.4892597695390782	0.4892597695390782	11.28	-0.0	3.6205222945891786	3.592145227955912	43.97	-9.1	0.4892597695390782	0.4892597695390782	11.28	0.0	293.0	288.55	765.57	-157.67	0	1
PROTOTYPE	024737	04/16/18	04:01:35	0.4892597695390782	0.4892597695390782	11.29	-0.0	3.6205222945891786	3.5960593061122244	45.25	-7.74	0.4892597695390782	0.4892597695390782	11.29	0.0	290.0	288.77	714.25	-209.02	0	1
PROTOTYPE	024738	04/16/18	04:01:36	0.4892597695390782	0.4892597695390782	11.27	-0.0	3.6205222945891786	3.5999733842685373	46.29	-6.58	0.4892597695390782	0.4892597695390782	11.27	0.0	290.0	288.95	599.84	-57.67	0	1
PROTOTYPE	024739	04/16/18	04:01:37	0.4892597695390782	0.4892597695390782	11.27	-0.0	3.6205222945891786	3.602908942885772	47.16	-5.59	0.4892597695390782	0.4892597695390782	11.27	0.0	290.0	289.11	563.54	-94.02	0	1
PROTOTYPE	024740	04/16/18	04:01:39	0.4892597695390782	0.4892597695390782	11.28	-0.0	3.6205222945891786	3.6058445015030065	47.87	-4.75	0.4892597695390782	0.4892597695390782	11.28	0.0	297.0	290.29	531.1	175.09	0	1
PROTOTYPE	024741	04/16/18	04:01:40	0.4892597695390782	0.4892597695390782	11.27	-0.0	3.6205222945891786	3.607801540581162	48.44	-4.04	0.4892597695390782	0.4892597695390782	11.27	0.0	290.0	290.25	512.54	193.82	0	1
PROTOTYPE	024742	04/16/18	04:01:42	0.4892597695390782	0.4892597695390782	11.28	-0.0	3.6205222945891786	3.6097585796593186	37.08	11.57	0.4892597695390782	0.4892597695390782	11.28	0.0	289.0	290.06	431.02	74.75	0	1
PROTOTYPE	024743	04/16/18	04:01:43	0.4892597695390782	0.4892597695390782	11.27	-0.0	3.6205222945891786	3.611715618737475	27.53	24.83	0.4892597695390782	0.4892597695390782	11.27	0.0	288.0	289.75	307.26	198.54	0	1
PROTOTYPE	024744	04/16/18	04:01:44	0.4892597695390782	0.4892597695390782	11.28	-0.0	3.522670340681363	3.598016345190381	35.9	6.11	0.4892597695390782	0.4892597695390782	11.28	0.0	290.0	289.79	232.72	123.76	0	1
PROTOTYPE	024745	04/16/18	04:01:46	0.4892597695390782	0.4892597695390782	11.26	-0.0	3.522670340681363	3.5872526302605205	42.97	-9.81	0.4892597695390782	0.4892597695390782	11.26	0.0	299.0	291.17	349.12	240.19	0	1
PROTOTYPE	024746	04/16/18	04:01:47	0.4892597695390782	0.4892597695390782	11.27	-0.0	3.6205222945891786	3.592145227955912	44.38	-8.34	0.4892597695390782	0.4892597695390782	11.27	0.0	294.0	291.6	373.06	264.16	0	1
PROTOTYPE	024747	04/16/18	04:01:49	0.4892597695390782	0.4892597695390782	11.29	-0.0	3.522670340681363	3.5813815130260522	51.63	-22.09	0.4892597695390782	0.4892597695390782	11.29	0.0	292.0	291.66	363.54	254.54	0	1
PROTOTYPE	024748	04/16/18	04:01:50	0.4892597695390782	0.4892597695390782	11.31	-0.0	3.6205222945891786	3.5872526302605205	54.76	-18.77	0.4892597695390782	0.4892597695390782	11.31	0.0	288.0	291.11	300.07	81.36	0	1
PROTOTYPE	024749	04/16/18	04:01:52	0.4892597695390782	0.4892597695390782	11.31	-0.0	3.6205222945891786	3.592145227955912	57.37	-15.96	0.4892597695390782	0.4892597695390782	11.31	0.0	297.0	291.99	383.82	174.15	0	1
PROTOTYPE	024750	04/16/18	04:01:53	0.4892597695390782	0.4892597695390782	11.32	-0.0	3.6205222945891786	3.5960593061122244	59.53	-13.56	0.4892597695390782	0.4892597695390782	11.32	0.0	298.0	292.89	455.15	283.03	0	1
PROTOTYPE	024751	04/16/18	04:01:54	0.4892597695390782	0.4892597695390782	11.34	-0.0	3.6205222945891786	3.5999733842685373	61.31	-11.53	0.4892597695390782	0.4892597695390782	11.34	0.0	287.0	292.01	512.58	225.58	0	1
PROTOTYPE	024752	04/16/18	04:01:56	0.4892597695390782	0.4892597695390782	11.34	-0.0	3.6205222945891786	3.602908942885772	51.07	5.2	0.4892597695390782	0.4892597695390782	11.34	0.0	303.0	293.66	673.49	386.74	0	1
PROTOTYPE	024753	04/16/18	04:01:57	0.4892597695390782	0.4892597695390782	11.36	-0.0	3.6205222945891786	3.6058445015030065	42.43	19.42	0.4892597695390782	0.4892597695390782	11.36	0.0	294.0	293.71	540.66	253.73	0	1
PROTOTYPE	024754	04/16/18	04:01:59	0.4892597695390782	0.4892597695390782	11.36	-0.0	3.6205222945891786	3.607801540581162	39.73	16.51	0.4892597695390782	0.4892597695390782	11.36	0.0	293.0	293.6	508.95	200.67	0	1
PROTOTYPE	024755	04/16/18	04:02:00	0.4892597695390782	0.4892597695390782	11.33	-0.0	3.6205222945891786	3.6097585796593186	31.41	29.03	0.4892597695390782	0.4892597695390782	11.33	0.0	294.0	293.66	508.85	200.57	0	1
PROTOTYPE	024756	04/16/18	04:02:01	0.4892597695390782	0.4892597695390782	11.31	0.0	3.522670340681363	3.5970378256513027	38.7	9.68	0.4892597695390782	0.4892597695390782	11.31	0.0	286.0	292.51	568.92	140.48	0	1
PROTOTYPE	024757	04/16/18	04:02:03	0.4892597695390782	0.4892597695390782	11.39	0.0	3.6205222945891786	3.5999733842685373	37.35	8.22	0.4892597695390782	0.4892597695390782	11.39	0.0	287.0	291.69	563.24	-30.59	0	1
PROTOTYPE	024758	04/16/18	04:02:04	0.4892597695390782	0.4892597695390782	11.39	0.0	3.522670340681363	3.5882311497995993	44.79	-8.01	0.4892597695390782	0.4892597695390782	11.39	0.0	302.0	293.23	627.82	34.0	0	1
PROTOTYPE	024759	04/16/18	04:02:06	0.4892597695390782	0.4892597695390782	11.37	0.0	3.6205222945891786	3.5931237474949898	45.92	-6.81	0.4892597695390782	0.4892597695390782	11.37	0.0	303.0	294.7	685.92	268.9	0	1
PROTOTYPE	024760	04/16/18	04:02:07	0.4892597695390782	0.4892597695390782	11.38	0.0	3.6205222945891786	3.598016345190381	46.88	-5.79	0.4892597695390782	0.4892597695390782	11.38	0.0	295.0	294.74	525.8	108.56	0	1
PROTOTYPE	024761	04/16/18	04:02:09	0.4892597695390782	0.4892597695390782	11.38	0.0	3.522670340681363	3.586274110721443	55.43	-19.92	0.4892597695390782	0.4892597695390782	11.38	0.0	292.0	294.33	561.65	62.28	0	1
PROTOTYPE	024762	04/16/18	04:02:10	0.4892597695390782	0.4892597695390782	11.37	0.0	3.6205222945891786	3.591166708416834	58.19	-16.93	0.4892597695390782	0.4892597695390782	11.37	0.0	302.0	295.48	665.95	187.94	0	1
PROTOTYPE	024763	04/16/18	04:02:11	0.4892597695390782	0.4892597695390782	11.37	0.0	3.522670340681363	3.5813815130260522	66.45	-29.39	0.4892597695390782	0.4892597695390782	11.37	0.0	297.0	295.71	682.64	204.75	0	1
PROTOTYPE	024764	04/16/18	04:02:13	0.4892597695390782	0.4892597695390782	11.38	0.0	3.522670340681363	3.5725748371743484	62.08	-24.98	0.4892597695390782	0.4892597695390782	11.38	0.0	285.0	294.1	728.35	159.04	0	1
PROTOTYPE	024765	04/16/18	04:02:14	0.4892597695390782	0.4892597695390782	11.32	0.0	3.522670340681363	3.5647466808617234	65.9	-36.24	0.4892597695390782	0.4892597695390782	11.32	0.0	295.0	294.24	659.17	255.18	0	1
PROTOTYPE	024766	04/16/18	04:02:16	0.4892597695390782	0.4892597695390782	11.31	0.0	3.6205222945891786	3.573553356713427	62.55	-15.8	0.4892597695390782	0.4892597695390782	11.31	0.0	291.0	293.75	553.04	51.9	0	1
