Dev_id	Index	Date	Time	Sensor1	Sensor1_Filter	Sensor1_LL	Sensor1_Diff	Sensor2	Sensor2_Filter	Sensor2_LL	Sensor2_Diff	Sensor3	Sensor3_Filter	Sensor3_LL	Sensor3_Diff	Sensor4	Sensor4_Filter	Sensor4_LL	Sensor4_Diff	Heater_Status	FSM_Status
PROTOTYPE	025567	04/16/18	04:21:05	0.4892597695390782	0.4892597695390782	11.27	0.0	3.424818386773547	3.424818386773547	11.27	0.01	0.4892597695390782	0.4892597695390782	11.27	0.0	294.0	292.71	414.23	73.58	0	1
PROTOTYPE	025568	04/16/18	04:21:06	0.4892597695390782	0.4892597695390782	11.26	0.0	3.424818386773547	3.424818386773547	11.26	0.01	0.4892597695390782	0.4892597695390782	11.26	0.0	284.0	291.4	515.24	-27.46	0	1
PROTOTYPE	025569	04/16/18	04:21:07	0.4892597695390782	0.4892597695390782	11.33	0.0	3.424818386773547	3.424818386773547	11.33	0.01	0.4892597695390782	0.4892597695390782	11.33	0.0	287.0	290.74	571.05	-83.34	0	1
PROTOTYPE	025570	04/16/18	04:21:09	0.4892597695390782	0.4892597695390782	11.32	0.0	3.424818386773547	3.424818386773547	11.32	0.01	0.4892597695390782	0.4892597695390782	11.32	0.0	295.0	291.38	628.41	-25.84	0	1
PROTOTYPE	025571	04/16/18	04:21:10	0.4892597695390782	0.4892597695390782	11.34	0.0	3.424818386773547	3.424818386773547	11.34	0.01	0.4892597695390782	0.4892597695390782	11.34	0.0	303.0	293.12	797.11	143.04	0	1
PROTOTYPE	025572	04/16/18	04:21:12	0.4892597695390782	0.4892597695390782	11.33	0.0	3.424818386773547	3.424818386773547	11.33	0.01	0.4892597695390782	0.4892597695390782	11.33	0.0	297.0	293.7	724.91	331.58	0	1
PROTOTYPE	025573	04/16/18	04:21:13	0.4892597695390782	0.4892597695390782	11.32	0.0	3.424818386773547	3.424818386773547	11.32	0.01	0.4892597695390782	0.4892597695390782	11.32	0.0	291.0	293.3	636.3	161.85	0	1
PROTOTYPE	025574	04/16/18	04:21:15	0.4892597695390782	0.4892597695390782	11.32	0.0	3.424818386773547	3.424818386773547	11.32	0.0	0.4892597695390782	0.4892597695390782	11.32	0.0	298.0	294.0	627.03	152.57	0	1
PROTOTYPE	025575	04/16/18	04:21:16	0.4892597695390782	0.4892597695390782	11.32	0.0	3.424818386773547	3.424818386773547	11.32	0.0	0.4892597695390782	0.4892597695390782	11.32	0.0	287.0	292.95	709.22	24.68	0	1
PROTOTYPE	025576	04/16/18	04:21:17	0.4892597695390782	0.4892597695390782	11.32	0.0	3.424818386773547	3.424818386773547	11.32	0.0	0.4892597695390782	0.4892597695390782	11.32	0.0	279.0	290.86	787.92	-54.02	0	1
PROTOTYPE	025577	04/16/18	04:21:19	0.4892597695390782	0.4892597695390782	11.24	0.0	3.424818386773547	3.424818386773547	11.24	0.0	0.4892597695390782	0.4892597695390782	11.24	0.0	295.0	291.48	784.01	74.08	0	1
PROTOTYPE	025578	04/16/18	04:21:20	0.4892597695390782	0.4892597695390782	11.24	0.0	3.424818386773547	3.424818386773547	11.24	0.0	0.39140781563126253	0.4745819764529058	24.9	-15.0	264.0	287.36	1132.32	-402.03	0	1
PROTOTYPE	025579	04/16/18	04:21:22	0.4892597695390782	0.4892597695390782	11.23	0.0	3.424818386773547	3.424818386773547	11.23	0.0	0.4892597695390782	0.4765390155310621	26.14	-12.75	294.0	288.36	1057.63	-476.72	0	1
PROTOTYPE	025580	04/16/18	04:21:23	0.4892597695390782	0.4892597695390782	11.21	0.0	3.424818386773547	3.424818386773547	11.21	0.0	0.4892597695390782	0.47849605460921835	27.09	-10.84	285.0	287.85	1049.79	-585.22	0	1
PROTOTYPE	025581	04/16/18	04:21:24	0.4892597695390782	0.4892597695390782	11.23	0.0	3.424818386773547	3.424818386773547	11.23	0.0	0.4892597695390782	0.48045309368737477	27.85	-9.21	298.0	289.37	1161.44	-392.43	0	1
PROTOTYPE	025582	04/16/18	04:21:26	0.4892597695390782	0.4892597695390782	11.22	0.0	3.424818386773547	3.424818386773547	11.22	0.0	0.4892597695390782	0.48143161322645295	28.41	-7.83	284.0	288.57	1171.52	-543.57	0	1
PROTOTYPE	025583	04/16/18	04:21:27	0.4892597695390782	0.4892597695390782	11.21	0.0	3.424818386773547	3.424818386773547	11.21	0.0	0.4892597695390782	0.482410132765531	28.83	-6.66	292.0	289.08	1117.96	-387.03	0	1
PROTOTYPE	025584	04/16/18	04:21:29	0.4892597695390782	0.4892597695390782	11.23	0.0	3.424818386773547	3.424818386773547	11.23	0.0	0.4892597695390782	0.48338865230460926	29.16	-5.66	295.0	289.97	997.43	-88.98	0	1
PROTOTYPE	025585	04/16/18	04:21:30	0.4892597695390782	0.4892597695390782	11.23	0.0	3.424818386773547	3.424818386773547	11.23	0.0	0.4892597695390782	0.48436717184368744	29.4	-4.81	298.0	291.17	1055.77	-30.63	0	1
PROTOTYPE	025586	04/16/18	04:21:31	0.4892597695390782	0.4892597695390782	11.22	0.0	3.424818386773547	3.424818386773547	11.22	0.0	0.4892597695390782	0.4853456913827655	15.9	10.91	284.0	290.1	751.18	273.96	0	1
PROTOTYPE	025587	04/16/18	04:21:33	0.4892597695390782	0.4892597695390782	11.23	0.0	3.424818386773547	3.424818386773547	11.23	0.0	0.4892597695390782	0.4863242109218437	14.79	9.28	298.0	291.28	770.08	292.87	0	1
PROTOTYPE	025588	04/16/18	04:21:34	0.4892597695390782	0.4892597695390782	11.26	0.0	3.424818386773547	3.424818386773547	11.26	0.0	0.4892597695390782	0.4863242109218437	13.94	7.88	278.0	289.29	919.0	143.94	0	1
PROTOTYPE	025589	04/16/18	04:21:36	0.4892597695390782	0.4892597695390782	11.26	0.0	3.424818386773547	3.424818386773547	11.26	0.0	0.4892597695390782	0.4863242109218437	13.27	6.7	289.0	289.25	771.36	-12.65	0	1
PROTOTYPE	025590	04/16/18	04:21:37	0.4892597695390782	0.4892597695390782	11.29	0.0	3.424818386773547	3.424818386773547	11.29	0.0	0.4892597695390782	0.48730273046092193	12.78	5.7	297.0	290.41	807.03	184.25	0	1
PROTOTYPE	025591	04/16/18	04:21:38	0.4892597695390782	0.4892597695390782	11.33	0.0	3.424818386773547	3.424818386773547	11.33	0.0	0.4892597695390782	0.48730273046092193	12.43	4.84	298.0	291.55	869.39	246.61	0	1
PROTOTYPE	025592	04/16/18	04:21:40	0.4892597695390782	0.4892597695390782	11.31	0.0	3.424818386773547	3.424818386773547	11.31	0.0	0.4892597695390782	0.48730273046092193	12.12	4.12	288.0	291.02	833.87	104.62	0	1
PROTOTYPE	025593	04/16/18	04:21:41	0.4892597695390782	0.4892597695390782	11.33	0.0	3.424818386773547	3.424818386773547	11.33	0.0	0.4892597695390782	0.48828125	11.92	3.5	291.0	291.01	714.85	-16.08	0	1
PROTOTYPE	025594	04/16/18	04:21:43	0.4892597695390782	0.4892597695390782	11.37	0.0	3.424818386773547	3.424818386773547	11.37	0.0	0.4892597695390782	0.48828125	11.8	2.97	297.0	291.91	697.02	181.34	0	1
PROTOTYPE	025595	04/16/18	04:21:44	0.4892597695390782	0.4892597695390782	11.36	0.0	3.424818386773547	3.424818386773547	11.36	0.0	0.4892597695390782	0.48828125	11.67	2.53	284.0	290.73	697.18	-55.86	0	1
PROTOTYPE	025596	04/16/18	04:21:46	0.4892597695390782	0.4892597695390782	11.35	0.0	3.424818386773547	3.424818386773547	11.35	0.0	0.4892597695390782	0.48828125	11.58	2.15	290.0	290.62	508.88	132.52	0	1
PROTOTYPE	025597	04/16/18	04:21:47	0.4892597695390782	0.4892597695390782	11.36	0.0	3.424818386773547	3.424818386773547	11.36	0.0	0.4892597695390782	0.48828125	11.52	1.83	297.0	291.57	600.05	232.64	0	1
PROTOTYPE	025598	04/16/18	04:21:48	0.4892597695390782	0.4892597695390782	11.34	0.0	3.424818386773547	3.424818386773547	11.34	0.0	0.4892597695390782	0.48828125	11.46	1.55	286.0	290.74	567.38	32.74	0	1
PROTOTYPE	025599	04/16/18	04:21:50	0.4892597695390782	0.4892597695390782	11.34	0.0	3.424818386773547	3.424818386773547	11.34	0.0	0.4892597695390782	0.4892597695390782	11.42	1.32	293.0	291.08	487.49	-47.17	0	1
PROTOTYPE	025600	04/16/18	04:21:51	0.4892597695390782	0.4892597695390782	11.36	0.0	3.424818386773547	3.424818386773547	11.36	0.0	0.4892597695390782	0.4892597695390782	11.42	1.12	287.0	290.47	495.41	-55.09	0	1
PROTOTYPE	025601	04/16/18	04:21:53	0.4892597695390782	0.4892597695390782	11.35	0.0	3.424818386773547	3.424818386773547	11.35	0.0	0.4892597695390782	0.4892597695390782	11.39	0.95	296.0	291.3	577.01	28.17	0	1
PROTOTYPE	025602	04/16/18	04:21:54	0.4892597695390782	0.4892597695390782	11.33	0.0	3.424818386773547	3.424818386773547	11.33	0.0	0.4892597695390782	0.4892597695390782	11.36	0.81	284.0	290.2	596.65	-171.06	0	1
PROTOTYPE	025603	04/16/18	04:21:55	0.4892597695390782	0.4892597695390782	11.34	0.0	3.424818386773547	3.424818386773547	11.34	0.0	0.4892597695390782	0.4892597695390782	11.36	0.69	293.0	290.62	519.97	-10.4	0	1
PROTOTYPE	025604	04/16/18	04:21:57	0.4892597695390782	0.4892597695390782	11.33	0.0	3.424818386773547	3.424818386773547	11.33	0.0	0.4892597695390782	0.4892597695390782	11.35	0.59	281.0	289.18	653.32	-143.84	0	1
PROTOTYPE	025605	04/16/18	04:21:58	0.4892597695390782	0.4892597695390782	11.31	0.0	3.424818386773547	3.424818386773547	11.31	0.0	0.4892597695390782	0.4892597695390782	11.32	0.5	296.0	290.2	659.9	-137.26	0	1
PROTOTYPE	025606	04/16/18	04:22:00	0.4892597695390782	0.4892597695390782	11.33	0.0	3.424818386773547	3.424818386773547	11.33	0.0	0.4892597695390782	0.4892597695390782	11.34	0.42	299.0	291.52	708.27	78.33	0	1
PROTOTYPE	025607	04/16/18	04:22:01	0.4892597695390782	0.4892597695390782	11.3	0.0	3.424818386773547	3.424818386773547	11.3	0.0	0.4892597695390782	0.4892597695390782	11.3	0.36	293.0	291.74	696.53	66.58	0	1
PROTOTYPE	025608	04/16/18	04:22:03	0.4892597695390782	0.4892597695390782	11.27	0.0	3.424818386773547	3.424818386773547	11.27	0.0	0.4892597695390782	0.4892597695390782	11.27	0.31	290.0	291.48	661.54	101.59	0	1
PROTOTYPE	025609	04/16/18	04:22:04	0.4892597695390782	0.4892597695390782	11.28	0.0	3.424818386773547	3.424818386773547	11.28	0.0	0.4892597695390782	0.4892597695390782	11.28	0.26	293.0	291.71	601.33	41.35	0	1
PROTOTYPE	025610	04/16/18	04:22:05	0.4892597695390782	0.4892597695390782	11.28	0.0	3.424818386773547	3.424818386773547	11.28	0.0	0.4892597695390782	0.4892597695390782	11.28	0.22	294.0	292.05	526.28	185.15	0	1
PROTOTYPE	025611	04/16/18	04:22:07	0.4892597695390782	0.4892597695390782	11.25	0.0	3.424818386773547	3.424818386773547	11.25	0.0	0.4892597695390782	0.4892597695390782	11.25	0.19	296.0	292.64	543.5	202.38	0	1
PROTOTYPE	025612	04/16/18	04:22:08	0.4892597695390782	0.4892597695390782	11.25	0.0	3.424818386773547	3.424818386773547	11.25	0.0	0.4892597695390782	0.4892597695390782	11.25	0.16	277.0	290.3	633.85	112.02	0	1
PROTOTYPE	025613	04/16/18	04:22:10	0.4892597695390782	0.4892597695390782	11.24	0.0	3.424818386773547	3.424818386773547	11.24	0.0	0.4892597695390782	0.4892597695390782	11.24	0.14	294.0	290.85	587.05	65.22	0	1
PROTOTYPE	025614	04/16/18	04:22:11	0.4892597695390782	0.4892597695390782	11.24	0.0	3.424818386773547	3.424818386773547	11.24	0.0	0.4892597695390782	0.4892597695390782	11.24	0.12	293.0	291.18	487.3	-34.56	0	1
PROTOTYPE	025615	04/16/18	04:22:12	0.4892597695390782	0.4892597695390782	11.24	0.0	3.424818386773547	3.424818386773547	11.24	0.0	0.4892597695390782	0.4892597695390782	11.24	0.1	296.0	291.9	537.45	15.62	0	1
PROTOTYPE	025616	04/16/18	04:22:14	0.4892597695390782	0.4892597695390782	11.27	0.0	3.424818386773547	3.424818386773547	11.27	0.0	0.4892597695390782	0.4892597695390782	11.27	0.08	297.0	292.66	587.79	118.28	0	1
PROTOTYPE	025617	04/16/18	04:22:15	0.4892597695390782	0.4892597695390782	11.29	0.0	3.424818386773547	3.424818386773547	11.29	0.0	0.4892597695390782	0.4892597695390782	11.29	0.07	296.0	293.16	615.03	145.54	0	1
PROTOTYPE	025618	04/16/18	04:22:17	0.4892597695390782	0.4892597695390782	11.28	0.0	3.424818386773547	3.424818386773547	11.28	0.0	0.4892597695390782	0.4892597695390782	11.28	0.06	278.0	290.89	808.11	-116.29	0	1
PROTOTYPE	025619	04/16/18	04:22:18	0.4892597695390782	0.4892597695390782	11.29	0.0	3.424818386773547	3.424818386773547	11.29	0.0	0.4892597695390782	0.4892597695390782	11.29	0.05	286.0	290.16	822.25	-248.85	0	1
PROTOTYPE	025620	04/16/18	04:22:19	0.4892597695390782	0.4892597695390782	11.28	0.0	3.424818386773547	3.424818386773547	11.28	0.0	0.4892597695390782	0.4892597695390782	11.28	0.04	291.0	290.28	600.3	-1.52	0	1
PROTOTYPE	025621	04/16/18	04:22:21	0.4892597695390782	0.4892597695390782	11.29	0.0	3.424818386773547	3.424818386773547	11.29	0.0	0.4892597695390782	0.4892597695390782	11.29	0.04	287.0	289.79	594.02	-106.29	0	1
PROTOTYPE	025622	04/16/18	04:22:22	0.4892597695390782	0.4892597695390782	11.27	0.0	3.424818386773547	3.424818386773547	11.27	0.0	0.4892597695390782	0.4892597695390782	11.27	0.03	287.0	289.37	603.68	-180.35	0	1
PROTOTYPE	025623	04/16/18	04:22:24	0.4892597695390782	0.4892597695390782	11.25	0.0	3.424818386773547	3.424818386773547	11.25	0.0	0.4892597695390782	0.4892597695390782	11.25	0.03	303.0	291.42	735.72	-48.3	0	1
PROTOTYPE	025624	04/16/18	04:22:25	0.4892597695390782	0.4892597695390782	11.23	0.0	3.424818386773547	3.424818386773547	11.23	0.0	0.4892597695390782	0.4892597695390782	11.23	0.02	281.0	289.85	815.44	-281.05	0	1
PROTOTYPE	025625	04/16/18	04:22:26	0.4892597695390782	0.4892597695390782	11.21	0.0	3.424818386773547	3.424818386773547	11.21	0.0	0.4892597695390782	0.4892597695390782	11.21	0.02	293.0	290.33	812.6	-283.9	0	1
PROTOTYPE	025626	04/16/18	04:22:28	0.4892597695390782	0.4892597695390782	11.23	0.0	3.424818386773547	3.424818386773547	11.23	0.0	0.4892597695390782	0.4892597695390782	11.23	0.02	290.0	290.28	590.21	-61.31	0	1
PROTOTYPE	025627	04/16/18	04:22:29	0.4892597695390782	0.4892597695390782	11.25	0.0	3.424818386773547	3.424818386773547	11.25	0.0	0.4892597695390782	0.4892597695390782	11.25	0.01	298.0	291.44	632.71	127.89	0	1
PROTOTYPE	025628	04/16/18	04:22:31	0.4892597695390782	0.4892597695390782	11.26	0.0	3.424818386773547	3.424818386773547	11.26	0.0	0.4892597695390782	0.4892597695390782	11.26	0.01	293.0	291.67	643.49	138.7	0	1
PROTOTYPE	025629	04/16/18	04:22:32	0.4892597695390782	0.4892597695390782	11.26	0.0	3.424818386773547	3.424818386773547	11.26	0.0	0.4892597695390782	0.4892597695390782	11.26	0.01	283.0	290.37	724.28	57.9	0	1
PROTOTYPE	025630	04/16/18	04:22:33	0.4892597695390782	0.4892597695390782	11.26	0.0	3.424818386773547	3.424818386773547	11.26	0.0	0.4892597695390782	0.4892597695390782	11.26	0.01	292.0	290.61	706.9	124.21	0	1
PROTOTYPE	025631	04/16/18	04:22:35	0.4892597695390782	0.4892597695390782	11.28	0.0	3.424818386773547	3.424818386773547	11.28	0.0	0.4892597695390782	0.4892597695390782	11.28	0.01	283.0	289.47	616.7	-194.42	0	1
PROTOTYPE	025632	04/16/18	04:22:36	0.4892597695390782	0.4892597695390782	11.3	0.0	3.424818386773547	3.424818386773547	11.3	0.0	0.4892597695390782	0.4892597695390782	11.3	0.01	294.0	290.15	528.38	29.74	0	1
PROTOTYPE	025633	04/16/18	04:22:38	0.4892597695390782	0.4892597695390782	11.3	0.0	3.424818386773547	3.424818386773547	11.3	0.0	0.4892597695390782	0.4892597695390782	11.3	0.01	279.0	288.48	648.44	-184.72	0	1
PROTOTYPE	025634	04/16/18	04:22:39	0.4892597695390782	0.4892597695390782	11.29	0.0	3.424818386773547	3.424818386773547	11.29	0.0	0.4892597695390782	0.4892597695390782	11.29	0.0	300.0	290.21	816.18	-7.01	0	1
PROTOTYPE	025635	04/16/18	04:22:41	0.4892597695390782	0.4892597695390782	11.29	0.0	3.424818386773547	3.424818386773547	11.29	0.0	0.4892597695390782	0.4892597695390782	11.29	0.0	300.0	291.68	847.23	24.04	0	1
PROTOTYPE	025636	04/16/18	04:22:42	0.4892597695390782	0.4892597695390782	11.3	0.0	3.424818386773547	3.424818386773547	11.3	0.0	0.4892597695390782	0.4892597695390782	11.3	0.0	293.0	291.87	843.63	20.44	0	1
PROTOTYPE	025637	04/16/18	04:22:43	0.4892597695390782	0.4892597695390782	11.3	0.0	3.424818386773547	3.424818386773547	11.3	0.0	0.4892597695390782	0.4892597695390782	11.3	0.0	292.0	291.89	715.93	152.37	0	1
PROTOTYPE	025638	04/16/18	04:22:45	0.4892597695390782	0.4892597695390782	11.33	0.0	3.424818386773547	3.424818386773547	11.33	0.0	0.4892597695390782	0.4892597695390782	11.33	0.0	285.0	290.86	794.84	24.51	0	1
PROTOTYPE	025639	04/16/18	04:22:46	0.4892597695390782	0.4892597695390782	11.34	0.0	3.424818386773547	3.424818386773547	11.34	0.0	0.4892597695390782	0.4892597695390782	11.34	0.0	289.0	290.58	708.54	110.84	0	1
PROTOTYPE	025640	04/16/18	04:22:48	0.4892597695390782	0.4892597695390782	11.32	0.0	3.424818386773547	3.424818386773547	11.32	0.0	0.4892597695390782	0.4892597695390782	11.32	0.0	291.0	290.64	647.06	49.21	0	1
PROTOTYPE	025641	04/16/18	04:22:49	0.4892597695390782	0.4892597695390782	11.33	0.0	3.424818386773547	3.424818386773547	11.33	0.0	0.4892597695390782	0.4892597695390782	11.33	0.0	284.0	289.65	579.44	116.83	0	1
PROTOTYPE	025642	04/16/18	04:22:50	0.4892597695390782	0.4892597695390782	11.32	0.0	3.424818386773547	3.424818386773547	11.32	0.0	0.4892597695390782	0.4892597695390782	11.32	0.0	302.0	291.5	591.92	129.31	0	1
PROTOTYPE	025643	04/16/18	04:22:52	0.4892597695390782	0.4892597695390782	11.29	0.0	3.424818386773547	3.424818386773547	11.29	0.0	0.4892597695390782	0.4892597695390782	11.29	0.0	288.0	290.97	497.53	-70.09	0	1
PROTOTYPE	025644	04/16/18	04:22:53	0.4892597695390782	0.4892597695390782	11.3	0.0	3.424818386773547	3.424818386773547	11.3	0.0	0.4892597695390782	0.4892597695390782	11.3	0.0	288.0	290.53	522.26	-134.58	0	1
PROTOTYPE	025645	04/16/18	04:22:55	0.4892597695390782	0.4892597695390782	11.31	0.0	3.424818386773547	3.424818386773547	11.31	0.0	0.4892597695390782	0.4892597695390782	11.31	0.0	289.0	290.3	542.88	-159.39	0	1
PROTOTYPE	025646	04/16/18	04:22:56	0.4892597695390782	0.4892597695390782	11.3	0.0	3.424818386773547	3.424818386773547	11.3	0.0	0.4892597695390782	0.4892597695390782	11.3	0.0	295.0	291.0	509.99	14.52	0	1
PROTOTYPE	025647	04/16/18	04:22:58	0.4892597695390782	0.4892597695390782	11.27	0.0	3.424818386773547	3.424818386773547	11.27	0.0	0.4892597695390782	0.4892597695390782	11.27	0.0	289.0	290.7	512.17	12.34	0	1
PROTOTYPE	025648	04/16/18	04:22:59	0.4892597695390782	0.4892597695390782	11.29	0.0	3.424818386773547	3.424818386773547	11.29	0.0	0.4892597695390782	0.4892597695390782	11.29	0.0	287.0	290.15	561.29	-49.51	0	1
PROTOTYPE	025649	04/16/18	04:23:00	0.4892597695390782	0.4892597695390782	11.29	0.0	3.424818386773547	3.424818386773547	11.29	0.0	0.4892597695390782	0.4892597695390782	11.29	0.0	288.0	289.83	493.89	17.92	0	1
PROTOTYPE	025650	04/16/18	04:23:02	0.4892597695390782	0.4892597695390782	11.3	0.0	3.424818386773547	3.424818386773547	11.3	0.0	0.4892597695390782	0.4892597695390782	11.3	0.0	293.0	290.3	356.22	-119.77	0	1
PROTOTYPE	025651	04/16/18	04:23:03	0.4892597695390782	0.4892597695390782	11.34	0.0	3.424818386773547	3.424818386773547	11.34	0.0	0.4892597695390782	0.4892597695390782	11.34	0.0	295.0	291.01	374.18	3.19	0	1
PROTOTYPE	025652	04/16/18	04:23:05	0.4892597695390782	0.4892597695390782	11.31	0.0	3.424818386773547	3.424818386773547	11.31	0.0	0.4892597695390782	0.4892597695390782	11.31	0.0	290.0	290.86	344.7	32.72	0	1
PROTOTYPE	025653	04/16/18	04:23:06	0.4892597695390782	0.4892597695390782	11.3	0.0	3.424818386773547	3.424818386773547	11.3	0.0	0.4892597695390782	0.4892597695390782	11.3	0.0	287.0	290.28	379.59	-2.19	0	1
PROTOTYPE	025654	04/16/18	04:23:07	0.4892597695390782	0.4892597695390782	11.29	0.0	3.424818386773547	3.424818386773547	11.29	0.0	0.4892597695390782	0.4892597695390782	11.29	0.0	307.0	292.79	559.9	178.14	0	1
PROTOTYPE	025655	04/16/18	04:23:09	0.4892597695390782	0.4892597695390782	11.31	0.0	3.424818386773547	3.424818386773547	11.31	0.0	0.4892597695390782	0.4892597695390782	11.31	0.0	285.0	291.62	646.6	91.42	0	1
PROTOTYPE	025656	04/16/18	04:23:10	0.4892597695390782	0.4892597695390782	11.29	0.0	3.424818386773547	3.424818386773547	11.29	0.0	0.4892597695390782	0.4892597695390782	11.29	0.0	286.0	290.78	675.31	62.7	0	1
PROTOTYPE	025657	04/16/18	04:23:12	0.4892597695390782	0.4892597695390782	11.28	0.0	3.424818386773547	3.424818386773547	11.28	0.0	0.4892597695390782	0.4892597695390782	11.28	0.0	297.0	291.71	736.43	188.3	0	1
PROTOTYPE	025658	04/16/18	04:23:13	0.4892597695390782	0.4892597695390782	11.29	0.0	3.424818386773547	3.424818386773547	11.29	0.0	0.4892597695390782	0.4892597695390782	11.29	0.0	281.0	290.1	849.44	-19.95	0	1
PROTOTYPE	025659	04/16/18	04:23:14	0.4892597695390782	0.4892597695390782	11.27	0.0	3.424818386773547	3.424818386773547	11.27	0.0	0.4892597695390782	0.4892597695390782	11.27	0.0	288.0	289.79	810.53	-121.95	0	1
PROTOTYPE	025660	04/16/18	04:23:16	0.4892597695390782	0.4892597695390782	11.28	0.0	3.424818386773547	3.424818386773547	11.28	0.0	0.4892597695390782	0.4892597695390782	11.28	0.0	283.0	288.77	897.18	-208.66	0	1
PROTOTYPE	025661	04/16/18	04:23:17	0.4892597695390782	0.4892597695390782	11.32	0.0	3.424818386773547	3.424818386773547	11.32	0.0	0.4892597695390782	0.4892597695390782	11.32	0.0	285.0	288.2	895.89	-207.36	0	1
PROTOTYPE	025662	04/16/18	04:23:19	0.4892597695390782	0.4892597695390782	11.31	0.0	3.424818386773547	3.424818386773547	11.31	0.0	0.4892597695390782	0.4892597695390782	11.31	0.0	303.0	290.42	866.99	-236.26	0	1
PROTOTYPE	025663	04/16/18	04:23:20	0.4892597695390782	0.4892597695390782	11.31	0.0	3.424818386773547	3.424818386773547	11.31	0.0	0.4892597695390782	0.4892597695390782	11.31	0.0	291.0	290.51	758.96	-110.82	0	1
PROTOTYPE	025664	04/16/18	04:23:22	0.4892597695390782	0.4892597695390782	11.34	0.0	3.424818386773547	3.424818386773547	11.34	0.0	0.4892597695390782	0.4892597695390782	11.34	0.0	286.0	289.83	742.34	-94.2	0	1
PROTOTYPE	025665	04/16/18	04:23:23	0.4892597695390782	0.4892597695390782	11.34	0.0	3.424818386773547	3.424818386773547	11.34	0.0	0.4892597695390782	0.4892597695390782	11.34	0.0	299.0	291.21	786.47	-50.07	0	1
PROTOTYPE	025666	04/16/18	04:23:24	0.4892597695390782	0.4892597695390782	11.34	0.0	3.424818386773547	3.424818386773547	11.34	0.0	0.4892597695390782	0.4892597695390782	11.34	0.0	288.0	290.73	673.97	62.44	0	1
PROTOTYPE	025667	04/16/18	04:23:26	0.4892597695390782	0.4892597695390782	11.33	0.0	3.424818386773547	3.424818386773547	11.33	0.0	0.4892597695390782	0.4892597695390782	11.33	0.0	277.0	288.67	848.31	-111.92	0	1
PROTOTYPE	025668	04/16/18	04:23:27	0.4892597695390782	0.4892597695390782	11.34	0.0	3.424818386773547	3.424818386773547	11.34	0.0	0.4892597695390782	0.4892597695390782	11.34	0.0	285.0	288.12	801.53	-65.13	0	1
PROTOTYPE	025669	04/16/18	04:23:29	0.4892597695390782	0.4892597695390782	11.29	0.0	3.424818386773547	3.424818386773547	11.29	0.0	0.4892597695390782	0.4892597695390782	11.29	0.0	284.0	287.5	806.76	-70.36	0	1
PROTOTYPE	025670	04/16/18	04:23:30	0.4892597695390782	0.4892597695390782	11.3	0.0	3.424818386773547	3.424818386773547	11.3	0.0	0.4892597695390782	0.4892597695390782	11.3	0.0	291.0	288.03	637.33	-239.81	0	1
PROTOTYPE	025671	04/16/18	04:23:31	0.4892597695390782	0.4892597695390782	11.3	0.0	3.424818386773547	3.424818386773547	11.3	0.0	0.4892597695390782	0.4892597695390782	11.3	0.0	291.0	288.47	673.21	-203.84	0	1
PROTOTYPE	025672	04/16/18	04:23:33	0.4892597695390782	0.4892597695390782	11.28	0.0	3.424818386773547	3.424818386773547	11.28	0.0	0.4892597695390782	0.4892597695390782	11.28	0.0	290.0	288.7	628.52	-113.26	0	1
PROTOTYPE	025673	04/16/18	04:23:34	0.4892597695390782	0.4892597695390782	11.28	0.0	3.424818386773547	3.424818386773547	11.28	0.0	0.4892597695390782	0.4892597695390782	11.28	0.0	290.0	288.9	510.55	-231.27	0	1
PROTOTYPE	025674	04/16/18	04:23:36	0.4892597695390782	0.4892597695390782	11.28	0.0	3.522670340681363	3.4394961798597192	24.92	15.0	0.4892597695390782	0.4892597695390782	11.28	0.0	284.0	288.16	535.86	-256.58	0	1
PROTOTYPE	025675	04/16/18	04:23:37	0.4892597695390782	0.4892597695390782	11.3	0.0	3.424818386773547	3.4375391407815634	26.18	12.75	0.4892597695390782	0.4892597695390782	11.3	0.0	293.0	288.89	402.54	21.91	0	1
PROTOTYPE	025676	04/16/18	04:23:39	0.4892597695390782	0.4892597695390782	11.29	0.0	3.522670340681363	3.4502598947895793	37.94	25.84	0.4892597695390782	0.4892597695390782	11.29	0.0	279.0	287.4	495.82	-71.38	0	1
PROTOTYPE	025677	04/16/18	04:23:40	0.4892597695390782	0.4892597695390782	11.29	0.0	3.424818386773547	3.4463458166332663	40.66	21.96	0.4892597695390782	0.4892597695390782	11.29	0.0	284.0	286.89	485.11	-60.67	0	1
PROTOTYPE	025678	04/16/18	04:23:41	0.4892597695390782	0.4892597695390782	11.3	0.0	3.424818386773547	3.4434102580160317	42.83	18.67	0.4892597695390782	0.4892597695390782	11.3	0.0	298.0	288.56	599.2	53.43	0	1
PROTOTYPE	025679	04/16/18	04:23:43	0.4892597695390782	0.4892597695390782	11.3	0.0	3.424818386773547	3.440474699398797	44.56	15.87	0.4892597695390782	0.4892597695390782	11.3	0.0	292.0	289.08	606.18	60.41	0	1
PROTOTYPE	025680	04/16/18	04:23:44	0.4892597695390782	0.4892597695390782	11.29	0.0	3.424818386773547	3.4375391407815634	45.91	13.49	0.4892597695390782	0.4892597695390782	11.29	0.0	294.0	289.81	657.09	111.35	0	1
PROTOTYPE	025681	04/16/18	04:23:46	0.4892597695390782	0.4892597695390782	11.29	0.0	3.424818386773547	3.4355821017034067	46.96	11.46	0.4892597695390782	0.4892597695390782	11.29	0.0	288.0	289.54	664.8	64.65	0	1
PROTOTYPE	025682	04/16/18	04:23:47	0.4892597695390782	0.4892597695390782	11.27	0.0	3.424818386773547	3.434603582164329	34.11	-5.26	0.4892597695390782	0.4892597695390782	11.27	0.0	282.0	288.41	704.49	24.95	0	1
PROTOTYPE	025683	04/16/18	04:23:48	0.4892597695390782	0.4892597695390782	11.27	0.0	3.424818386773547	3.432646543086172	33.49	-4.47	0.4892597695390782	0.4892597695390782	11.27	0.0	278.0	286.85	788.06	-203.79	0	1
PROTOTYPE	025684	04/16/18	04:23:50	0.4892597695390782	0.4892597695390782	11.27	0.0	3.424818386773547	3.431668023547094	22.2	-18.8	0.4892597695390782	0.4892597695390782	11.27	0.0	298.0	288.52	807.02	111.78	0	1
PROTOTYPE	025685	04/16/18	04:23:51	0.4892597695390782	0.4892597695390782	11.27	0.0	3.424818386773547	3.4306895040080163	19.84	-15.98	0.4892597695390782	0.4892597695390782	11.27	0.0	286.0	288.14	793.79	125.01	0	1
PROTOTYPE	025686	04/16/18	04:23:53	0.4892597695390782	0.4892597695390782	11.27	0.0	3.424818386773547	3.4297109844689375	17.93	-13.58	0.4892597695390782	0.4892597695390782	11.27	0.0	291.0	288.57	670.06	1.26	0	1
PROTOTYPE	025687	04/16/18	04:23:54	0.4892597695390782	0.4892597695390782	11.27	0.0	3.424818386773547	3.4287324649298596	16.4	-11.54	0.4892597695390782	0.4892597695390782	11.27	0.0	291.0	288.94	654.88	-13.93	0	1
PROTOTYPE	025688	04/16/18	04:23:55	0.4892597695390782	0.4892597695390782	11.27	0.0	3.424818386773547	3.4287324649298596	15.18	-9.81	0.4892597695390782	0.4892597695390782	11.27	0.0	297.0	290.15	701.96	33.16	0	1
PROTOTYPE	025689	04/16/18	04:23:57	0.4892597695390782	0.4892597695390782	11.26	0.0	3.424818386773547	3.4277539453907817	14.22	-8.34	0.4892597695390782	0.4892597695390782	11.26	0.0	296.0	291.02	762.54	148.19	0	1
PROTOTYPE	025690	04/16/18	04:23:58	0.4892597695390782	0.4892597695390782	11.25	0.0	3.424818386773547	3.4277539453907817	13.47	-7.09	0.4892597695390782	0.4892597695390782	11.25	0.0	293.0	291.32	679.07	290.96	0	1
PROTOTYPE	025691	04/16/18	04:24:00	0.4892597695390782	0.4892597695390782	11.23	0.0	3.424818386773547	3.426775425851704	12.89	-6.03	0.4892597695390782	0.4892597695390782	11.23	0.0	282.0	289.92	662.72	307.31	0	1
PROTOTYPE	025692	04/16/18	04:24:01	0.4892597695390782	0.4892597695390782	11.24	0.0	3.424818386773547	3.426775425851704	12.46	-5.12	0.4892597695390782	0.4892597695390782	11.24	0.0	283.0	288.88	599.29	36.22	0	1
PROTOTYPE	025693	04/16/18	04:24:02	0.4892597695390782	0.4892597695390782	11.24	0.0	3.424818386773547	3.426775425851704	12.14	-4.35	0.4892597695390782	0.4892597695390782	11.24	0.0	299.0	290.4	713.19	225.78	0	1
PROTOTYPE	025694	04/16/18	04:24:04	0.4892597695390782	0.4892597695390782	11.22	0.0	3.424818386773547	3.425796906312625	11.88	-3.7	0.4892597695390782	0.4892597695390782	11.22	0.0	296.0	291.24	754.31	266.92	0	1
PROTOTYPE	025695	04/16/18	04:24:05	0.4892597695390782	0.4892597695390782	11.21	0.0	3.424818386773547	3.425796906312625	11.69	-3.15	0.4892597695390782	0.4892597695390782	11.21	0.0	291.0	291.2	721.74	226.88	0	1
PROTOTYPE	025696	04/16/18	04:24:07	0.4892597695390782	0.4892597695390782	11.21	0.0	3.424818386773547	3.425796906312625	11.56	-2.67	0.4892597695390782	0.4892597695390782	11.21	0.0	298.0	292.22	702.71	207.85	0	1
PROTOTYPE	025697	04/16/18	04:24:08	0.4892597695390782	0.4892597695390782	11.21	0.0	3.424818386773547	3.425796906312625	11.47	-2.27	0.4892597695390782	0.4892597695390782	11.21	0.0	286.0	291.29	708.26	26.67	0	1
PROTOTYPE	025698	04/16/18	04:24:09	0.4892597695390782	0.4892597695390782	11.23	0.0	3.424818386773547	3.425796906312625	11.41	-1.93	0.4892597695390782	0.4892597695390782	11.23	0.0	296.0	292.0	749.24	67.67	0	1
PROTOTYPE	025699	04/16/18	04:24:11	0.4892597695390782	0.4892597695390782	11.23	0.0	3.424818386773547	3.425796906312625	11.36	-1.64	0.4892597695390782	0.4892597695390782	11.23	0.0	279.0	290.05	804.39	12.52	0	1
PROTOTYPE	025700	04/16/18	04:24:12	0.4892597695390782	0.4892597695390782	11.21	0.0	3.424818386773547	3.425796906312625	11.31	-1.4	0.4892597695390782	0.4892597695390782	11.21	0.0	293.0	290.49	744.85	160.64	0	1
PROTOTYPE	025701	04/16/18	04:24:14	0.4892597695390782	0.4892597695390782	11.2	0.0	3.424818386773547	3.424818386773547	11.27	-1.19	0.4892597695390782	0.4892597695390782	11.2	0.0	280.0	288.92	750.47	-148.45	0	1
PROTOTYPE	025702	04/16/18	04:24:15	0.4892597695390782	0.4892597695390782	11.2	0.0	3.424818386773547	3.424818386773547	11.25	-1.01	0.4892597695390782	0.4892597695390782	11.2	0.0	286.0	288.48	710.25	-276.19	0	1
PROTOTYPE	025703	04/16/18	04:24:16	0.4892597695390782	0.4892597695390782	11.19	0.0	3.424818386773547	3.424818386773547	11.23	-0.86	0.4892597695390782	0.4892597695390782	11.19	0.0	285.0	287.96	758.58	-324.76	0	1
PROTOTYPE	025704	04/16/18	04:24:18	0.4892597695390782	0.4892597695390782	11.21	0.0	3.424818386773547	3.424818386773547	11.23	-0.73	0.4892597695390782	0.4892597695390782	11.21	0.0	288.0	287.96	658.2	-426.04	0	1
PROTOTYPE	025705	04/16/18	04:24:19	0.4892597695390782	0.4892597695390782	11.22	0.0	3.424818386773547	3.424818386773547	11.24	-0.62	0.4892597695390782	0.4892597695390782	11.22	0.0	296.0	289.17	685.38	-212.14	0	1
PROTOTYPE	025706	04/16/18	04:24:21	0.4892597695390782	0.4892597695390782	11.23	0.0	3.424818386773547	3.424818386773547	11.24	-0.53	0.4892597695390782	0.4892597695390782	11.23	0.0	296.0	290.19	717.19	-180.32	0	1
PROTOTYPE	025707	04/16/18	04:24:22	0.4892597695390782	0.4892597695390782	11.27	0.0	3.424818386773547	3.424818386773547	11.28	-0.45	0.4892597695390782	0.4892597695390782	11.27	0.0	298.0	291.36	639.34	131.73	0	1
PROTOTYPE	025708	04/16/18	04:24:24	0.4892597695390782	0.4892597695390782	11.29	0.0	3.424818386773547	3.424818386773547	11.3	-0.38	0.4892597695390782	0.4892597695390782	11.29	0.0	300.0	292.66	724.56	216.97	0	1
PROTOTYPE	025709	04/16/18	04:24:25	0.4892597695390782	0.4892597695390782	11.29	0.0	3.424818386773547	3.424818386773547	11.29	-0.32	0.4892597695390782	0.4892597695390782	11.29	0.0	290.0	292.26	607.13	334.43	0	1
PROTOTYPE	025710	04/16/18	04:24:26	0.4892597695390782	0.4892597695390782	11.3	0.0	3.424818386773547	3.424818386773547	11.3	-0.27	0.4892597695390782	0.4892597695390782	11.3	0.0	301.0	293.57	694.44	509.26	0	1
PROTOTYPE	025711	04/16/18	04:24:28	0.4892597695390782	0.4892597695390782	11.31	0.0	3.424818386773547	3.424818386773547	11.31	-0.23	0.4892597695390782	0.4892597695390782	11.31	0.0	291.0	293.19	680.84	522.87	0	1
PROTOTYPE	025712	04/16/18	04:24:29	0.4892597695390782	0.4892597695390782	11.3	0.0	3.424818386773547	3.424818386773547	11.3	-0.2	0.4892597695390782	0.4892597695390782	11.3	0.0	290.0	292.71	727.09	474.44	0	1
PROTOTYPE	025713	04/16/18	04:24:31	0.4892597695390782	0.4892597695390782	11.29	0.0	3.424818386773547	3.424818386773547	11.29	-0.17	0.4892597695390782	0.4892597695390782	11.29	0.0	288.0	292.0	677.18	283.28	0	1
PROTOTYPE	025714	04/16/18	04:24:32	0.4892597695390782	0.4892597695390782	11.27	0.0	3.424818386773547	3.424818386773547	11.27	-0.14	0.4892597695390782	0.4892597695390782	11.27	0.0	300.0	293.2	694.69	300.78	0	1
PROTOTYPE	025715	04/16/18	04:24:33	0.4892597695390782	0.4892597695390782	11.24	0.0	3.424818386773547	3.424818386773547	11.24	-0.12	0.4892597695390782	0.4892597695390782	11.24	0.0	289.0	292.57	640.63	120.67	0	1
PROTOTYPE	025716	04/16/18	04:24:35	0.4892597695390782	0.4892597695390782	11.23	0.0	3.424818386773547	3.424818386773547	11.23	-0.1	0.4892597695390782	0.4892597695390782	11.23	0.0	295.0	292.94	547.54	27.57	0	1
PROTOTYPE	025717	04/16/18	04:24:36	0.4892597695390782	0.4892597695390782	11.26	0.0	3.424818386773547	3.424818386773547	11.26	-0.09	0.4892597695390782	0.4892597695390782	11.26	0.0	297.0	293.55	568.6	128.43	0	1
PROTOTYPE	025718	04/16/18	04:24:38	0.4892597695390782	0.4892597695390782	11.27	0.0	3.424818386773547	3.424818386773547	11.27	-0.07	0.4892597695390782	0.4892597695390782	11.27	0.0	292.0	293.31	460.73	-25.83	0	1
PROTOTYPE	025719	04/16/18	04:24:39	0.4892597695390782	0.4892597695390782	11.28	0.0	3.424818386773547	3.424818386773547	11.28	-0.06	0.4892597695390782	0.4892597695390782	11.28	0.0	286.0	292.22	531.84	-96.96	0	1
PROTOTYPE	025720	04/16/18	04:24:40	0.4892597695390782	0.4892597695390782	11.27	0.0	3.424818386773547	3.424818386773547	11.27	-0.05	0.4892597695390782	0.4892597695390782	11.27	0.0	290.0	291.88	517.31	-82.41	0	1
PROTOTYPE	025721	04/16/18	04:24:42	0.4892597695390782	0.4892597695390782	11.28	0.0	3.424818386773547	3.424818386773547	11.28	-0.05	0.4892597695390782	0.4892597695390782	11.28	0.0	293.0	292.05	463.47	4.95	0	1
PROTOTYPE	025722	04/16/18	04:24:43	0.4892597695390782	0.4892597695390782	11.3	0.0	3.424818386773547	3.424818386773547	11.3	-0.04	0.4892597695390782	0.4892597695390782	11.3	0.0	297.0	292.79	417.73	-40.79	0	1
PROTOTYPE	025723	04/16/18	04:24:45	0.4892597695390782	0.4892597695390782	11.29	0.0	3.424818386773547	3.424818386773547	11.29	-0.03	0.4892597695390782	0.4892597695390782	11.29	0.0	295.0	293.12	387.81	55.32	0	1
PROTOTYPE	025724	04/16/18	04:24:46	0.4892597695390782	0.4892597695390782	11.28	0.0	3.424818386773547	3.424818386773547	11.28	-0.03	0.4892597695390782	0.4892597695390782	11.28	0.0	290.0	292.66	398.25	-27.97	0	1
PROTOTYPE	025725	04/16/18	04:24:47	0.4892597695390782	0.4892597695390782	11.26	0.0	3.424818386773547	3.424818386773547	11.26	-0.02	0.4892597695390782	0.4892597695390782	11.26	0.0	295.0	293.01	372.46	-53.78	0	1
PROTOTYPE	025726	04/16/18	04:24:49	0.4892597695390782	0.4892597695390782	11.26	0.0	3.424818386773547	3.424818386773547	11.26	-0.02	0.4892597695390782	0.4892597695390782	11.26	0.0	292.0	292.86	364.41	-45.71	0	1
PROTOTYPE	025727	04/16/18	04:24:50	0.4892597695390782	0.4892597695390782	11.26	0.0	3.424818386773547	3.424818386773547	11.26	-0.02	0.4892597695390782	0.4892597695390782	11.26	0.0	284.0	291.53	387.56	-68.85	0	1
PROTOTYPE	025728	04/16/18	04:24:52	0.4892597695390782	0.4892597695390782	11.26	0.0	3.424818386773547	3.424818386773547	11.26	-0.01	0.4892597695390782	0.4892597695390782	11.26	0.0	282.0	290.1	497.2	-178.53	0	1
PROTOTYPE	025729	04/16/18	04:24:53	0.4892597695390782	0.4892597695390782	11.24	0.0	3.424818386773547	3.424818386773547	11.24	-0.01	0.4892597695390782	0.4892597695390782	11.24	0.0	299.0	291.43	613.93	-61.75	0	1
PROTOTYPE	025730	04/16/18	04:24:55	0.4892597695390782	0.4892597695390782	11.24	0.0	3.424818386773547	3.424818386773547	11.24	-0.01	0.4892597695390782	0.4892597695390782	11.24	0.0	285.0	290.47	636.21	-232.49	0	1
PROTOTYPE	025731	04/16/18	04:24:56	0.4892597695390782	0.4892597695390782	11.24	0.0	3.424818386773547	3.424818386773547	11.24	-0.01	0.4892597695390782	0.4892597695390782	11.24	0.0	286.0	289.8	670.13	-332.61	0	1
PROTOTYPE	025732	04/16/18	04:24:57	0.4892597695390782	0.4892597695390782	11.25	0.0	3.424818386773547	3.424818386773547	11.25	-0.01	0.4892597695390782	0.4892597695390782	11.25	0.0	295.0	290.58	701.28	-207.72	0	1
PROTOTYPE	025733	04/16/18	04:24:59	0.4892597695390782	0.4892597695390782	11.25	0.0	3.424818386773547	3.424818386773547	11.25	-0.01	0.4892597695390782	0.4892597695390782	11.25	0.0	298.0	291.69	777.42	-131.56	0	1
PROTOTYPE	025734	04/16/18	04:25:00	0.4892597695390782	0.4892597695390782	11.24	0.0	3.424818386773547	3.424818386773547	11.24	-0.01	0.4892597695390782	0.4892597695390782	11.24	0.0	291.0	291.59	772.71	-126.83	0	1
PROTOTYPE	025735	04/16/18	04:25:02	0.4892597695390782	0.4892597695390782	11.26	0.0	3.424818386773547	3.424818386773547	11.26	-0.0	0.4892597695390782	0.4892597695390782	11.26	0.0	291.0	291.5	648.79	-2.8	0	1
PROTOTYPE	025736	04/16/18	04:25:03	0.4892597695390782	0.4892597695390782	11.28	0.0	3.424818386773547	3.424818386773547	11.28	-0.0	0.4892597695390782	0.4892597695390782	11.28	0.0	291.0	291.42	513.5	132.62	0	1
PROTOTYPE	025737	04/16/18	04:25:04	0.4892597695390782	0.4892597695390782	11.31	0.0	3.424818386773547	3.424818386773547	11.31	-0.0	0.4892597695390782	0.4892597695390782	11.31	0.0	299.0	292.56	493.61	112.72	0	1
PROTOTYPE	025738	04/16/18	04:25:06	0.4892597695390782	0.4892597695390782	11.3	0.0	3.424818386773547	3.424818386773547	11.3	-0.0	0.4892597695390782	0.4892597695390782	11.3	0.0	288.0	291.88	465.52	140.82	0	1
PROTOTYPE	025739	04/16/18	04:25:07	0.4892597695390782	0.4892597695390782	11.31	0.0	3.424818386773547	3.424818386773547	11.31	-0.0	0.4892597695390782	0.4892597695390782	11.31	0.0	287.0	291.15	471.64	134.69	0	1
PROTOTYPE	025740	04/16/18	04:25:09	0.4892597695390782	0.4892597695390782	11.31	0.0	3.424818386773547	3.424818386773547	11.31	-0.0	0.4892597695390782	0.4892597695390782	11.31	0.0	290.0	290.97	410.85	39.49	0	1
PROTOTYPE	025741	04/16/18	04:25:10	0.4892597695390782	0.4892597695390782	11.32	0.0	3.424818386773547	3.424818386773547	11.32	-0.0	0.4892597695390782	0.4892597695390782	11.32	0.0	283.0	289.78	419.13	-191.43	0	1
PROTOTYPE	025742	04/16/18	04:25:11	0.4892597695390782	0.4892597695390782	11.32	0.0	3.424818386773547	3.424818386773547	11.32	-0.0	0.4892597695390782	0.4892597695390782	11.32	0.0	296.0	290.71	502.0	-87.72	0	1
PROTOTYPE	025743	04/16/18	04:25:13	0.4892597695390782	0.4892597695390782	11.3	0.0	3.522670340681363	3.4394961798597192	24.95	15.0	0.4892597695390782	0.4892597695390782	11.3	0.0	296.0	291.5	572.42	0.44	0	1
PROTOTYPE	025744	04/16/18	04:25:14	0.4892597695390782	0.4892597695390782	11.29	0.0	3.522670340681363	3.4522169338677355	36.36	27.75	0.4892597695390782	0.4892597695390782	11.29	0.0	289.0	291.13	602.37	-29.63	0	1
PROTOTYPE	025745	04/16/18	04:25:16	0.4892597695390782	0.4892597695390782	11.28	0.0	3.424818386773547	3.448302855711423	39.33	23.59	0.4892597695390782	0.4892597695390782	11.28	0.0	283.0	289.91	610.68	-265.18	0	1
PROTOTYPE	025746	04/16/18	04:25:17	0.4892597695390782	0.4892597695390782	11.26	0.0	3.424818386773547	3.4443887775551105	41.72	20.05	0.4892597695390782	0.4892597695390782	11.26	0.0	299.0	291.27	678.61	-60.41	0	1
PROTOTYPE	025747	04/16/18	04:25:19	0.4892597695390782	0.4892597695390782	11.29	0.0	3.424818386773547	3.441453218937876	43.65	17.04	0.4892597695390782	0.4892597695390782	11.29	0.0	283.0	290.03	729.55	-111.34	0	1
PROTOTYPE	025748	04/16/18	04:25:20	0.4892597695390782	0.4892597695390782	11.29	0.0	3.424818386773547	3.4385176603206413	45.16	14.49	0.4892597695390782	0.4892597695390782	11.29	0.0	294.0	290.63	771.84	-34.64	0	1
PROTOTYPE	025749	04/16/18	04:25:21	0.4892597695390782	0.4892597695390782	11.3	0.0	3.424818386773547	3.4365606212424846	46.35	12.31	0.4892597695390782	0.4892597695390782	11.3	0.0	298.0	291.73	762.83	195.55	0	1
PROTOTYPE	025750	04/16/18	04:25:23	0.4892597695390782	0.4892597695390782	11.32	0.0	3.424818386773547	3.434603582164329	47.27	10.47	0.4892597695390782	0.4892597695390782	11.32	0.0	295.0	292.22	718.51	151.22	0	1
PROTOTYPE	025751	04/16/18	04:25:24	0.4892597695390782	0.4892597695390782	11.31	0.0	3.424818386773547	3.433625062625251	34.31	-6.1	0.4892597695390782	0.4892597695390782	11.31	0.0	285.0	291.14	747.52	-36.46	0	1
PROTOTYPE	025752	04/16/18	04:25:26	0.4892597695390782	0.4892597695390782	11.29	0.0	3.424818386773547	3.432646543086172	23.41	-20.19	0.4892597695390782	0.4892597695390782	11.29	0.0	296.0	291.87	782.84	74.01	0	1
PROTOTYPE	025753	04/16/18	04:25:27	0.4892597695390782	0.4892597695390782	11.28	0.0	3.424818386773547	3.4306895040080163	20.82	-17.16	0.4892597695390782	0.4892597695390782	11.28	0.0	295.0	292.34	707.89	242.91	0	1
PROTOTYPE	025754	04/16/18	04:25:28	0.4892597695390782	0.4892597695390782	11.33	0.0	3.424818386773547	3.4297109844689375	18.75	-14.59	0.4892597695390782	0.4892597695390782	11.33	0.0	293.0	292.44	581.56	116.47	0	1
PROTOTYPE	025755	04/16/18	04:25:30	0.4892597695390782	0.4892597695390782	11.29	0.0	3.424818386773547	3.4297109844689375	17.04	-12.4	0.4892597695390782	0.4892597695390782	11.29	0.0	299.0	293.42	555.9	339.0	0	1
PROTOTYPE	025756	04/16/18	04:25:31	0.4892597695390782	0.4892597695390782	11.29	0.0	3.522670340681363	3.4434102580160317	28.5	4.46	0.4892597695390782	0.4892597695390782	11.29	0.0	299.0	294.26	580.04	363.15	0	1
PROTOTYPE	025757	04/16/18	04:25:33	0.4892597695390782	0.4892597695390782	11.29	0.0	3.424818386773547	3.440474699398797	29.08	3.79	0.4892597695390782	0.4892597695390782	11.29	0.0	282.0	292.42	653.33	68.68	0	1
PROTOTYPE	025758	04/16/18	04:25:34	0.4892597695390782	0.4892597695390782	11.27	0.0	3.424818386773547	3.4385176603206413	29.54	3.22	0.4892597695390782	0.4892597695390782	11.27	0.0	292.0	292.36	610.76	13.38	0	1
PROTOTYPE	025759	04/16/18	04:25:35	0.4892597695390782	0.4892597695390782	11.29	0.0	3.424818386773547	3.4365606212424846	29.93	2.74	0.4892597695390782	0.4892597695390782	11.29	0.0	290.0	292.0	537.79	86.37	0	1
PROTOTYPE	025760	04/16/18	04:25:37	0.4892597695390782	0.4892597695390782	11.29	0.0	3.424818386773547	3.434603582164329	30.24	2.33	0.4892597695390782	0.4892597695390782	11.29	0.0	291.0	291.85	479.98	-1.59	0	1
PROTOTYPE	025761	04/16/18	04:25:38	0.4892597695390782	0.4892597695390782	11.29	0.0	3.424818386773547	3.432646543086172	30.47	1.98	0.4892597695390782	0.4892597695390782	11.29	0.0	301.0	293.22	570.21	88.65	0	1
PROTOTYPE	025762	04/16/18	04:25:40	0.4892597695390782	0.4892597695390782	11.26	0.0	3.424818386773547	3.431668023547094	30.63	1.68	0.4892597695390782	0.4892597695390782	11.26	0.0	287.0	292.29	653.56	-14.65	0	1
PROTOTYPE	025763	04/16/18	04:25:41	0.4892597695390782	0.4892597695390782	11.27	0.0	3.424818386773547	3.4306895040080163	30.78	1.43	0.4892597695390782	0.4892597695390782	11.27	0.0	282.0	290.75	709.49	-267.45	0	1
PROTOTYPE	025764	04/16/18	04:25:42	0.4892597695390782	0.4892597695390782	11.26	0.0	3.424818386773547	3.4297109844689375	18.07	-13.78	0.4892597695390782	0.4892597695390782	11.26	0.0	285.0	289.89	712.04	-437.33	0	1
PROTOTYPE	025765	04/16/18	04:25:44	0.4892597695390782	0.4892597695390782	11.23	0.0	3.424818386773547	3.4287324649298596	16.49	-11.72	0.4892597695390782	0.4892597695390782	11.23	0.0	299.0	291.25	664.88	-116.73	0	1
PROTOTYPE	025766	04/16/18	04:25:45	0.4892597695390782	0.4892597695390782	11.22	0.0	3.424818386773547	3.4287324649298596	15.24	-9.96	0.4892597695390782	0.4892597695390782	11.22	0.0	290.0	291.06	677.26	-129.22	0	1
