Dev_id	Index	Date	Time	Sensor1	Sensor1_Filter	Sensor1_LL	Sensor1_Diff	Sensor2	Sensor2_Filter	Sensor2_LL	Sensor2_Diff	Sensor3	Sensor3_Filter	Sensor3_LL	Sensor3_Diff	Sensor4	Sensor4_Filter	Sensor4_LL	Sensor4_Diff	Heater_Status	FSM_Status
PROTOTYPE	038367	04/16/18	09:22:12	0.4892597695390782	0.4892597695390782	11.31	0.0	4.207634018036073	4.20371993987976	15.97	10.91	0.4892597695390782	0.48730273046092193	12.8	5.7	274.0	285.67	716.03	107.63	0	1
PROTOTYPE	038368	04/16/18	09:22:14	0.4892597695390782	0.4892597695390782	11.31	0.0	4.207634018036073	4.204698459418838	14.86	9.28	0.4892597695390782	0.48730273046092193	12.41	4.84	291.0	286.47	744.87	136.49	0	1
PROTOTYPE	038369	04/16/18	09:22:15	0.4892597695390782	0.4892597695390782	11.31	0.0	4.207634018036073	4.204698459418838	13.98	7.88	0.4892597695390782	0.48730273046092193	12.12	4.12	279.0	285.35	840.3	41.02	0	1
PROTOTYPE	038370	04/16/18	09:22:17	0.4892597695390782	0.4892597695390782	11.29	0.0	4.207634018036073	4.204698459418838	13.29	6.7	0.4892597695390782	0.48828125	11.88	3.5	286.0	285.44	684.24	-115.14	0	1
PROTOTYPE	038371	04/16/18	09:22:18	0.4892597695390782	0.4892597695390782	11.28	0.0	4.207634018036073	4.205676978957915	12.77	5.7	0.4892597695390782	0.48828125	11.71	2.97	278.0	284.33	726.96	-157.87	0	1
PROTOTYPE	038372	04/16/18	09:22:20	0.4892597695390782	0.4892597695390782	11.28	0.0	4.207634018036073	4.205676978957915	12.38	4.84	0.4892597695390782	0.48828125	11.59	2.53	292.0	285.48	720.64	-164.19	0	1
PROTOTYPE	038373	04/16/18	09:22:21	0.4892597695390782	0.4892597695390782	11.29	0.0	4.207634018036073	4.205676978957915	12.1	4.12	0.4892597695390782	0.48828125	11.52	2.15	288.0	285.86	685.28	-199.56	0	1
PROTOTYPE	038374	04/16/18	09:22:22	0.4892597695390782	0.4892597695390782	11.27	0.0	4.207634018036073	4.206655498496994	11.86	3.5	0.4892597695390782	0.48828125	11.43	1.83	287.0	286.03	689.63	-169.62	0	1
PROTOTYPE	038375	04/16/18	09:22:24	0.4892597695390782	0.4892597695390782	11.27	0.0	4.207634018036073	4.206655498496994	11.7	2.97	0.4892597695390782	0.48828125	11.39	1.55	275.0	284.37	649.19	-129.18	0	1
PROTOTYPE	038376	04/16/18	09:22:25	0.4892597695390782	0.4892597695390782	11.24	0.0	4.207634018036073	4.206655498496994	11.55	2.53	0.4892597695390782	0.4892597695390782	11.33	1.32	285.0	284.47	578.65	-199.8	0	1
PROTOTYPE	038377	04/16/18	09:22:27	0.4892597695390782	0.4892597695390782	11.25	0.0	4.207634018036073	4.206655498496994	11.48	2.15	0.4892597695390782	0.4892597695390782	11.31	1.12	287.0	284.85	504.67	-49.83	0	1
PROTOTYPE	038378	04/16/18	09:22:28	0.4892597695390782	0.4892597695390782	11.27	0.0	4.207634018036073	4.206655498496994	11.43	1.83	0.4892597695390782	0.4892597695390782	11.31	0.95	290.0	285.62	572.06	17.64	0	1
PROTOTYPE	038379	04/16/18	09:22:29	0.4892597695390782	0.4892597695390782	11.27	0.0	4.207634018036073	4.206655498496994	11.39	1.55	0.4892597695390782	0.4892597695390782	11.3	0.81	289.0	286.13	511.1	180.0	0	1
PROTOTYPE	038380	04/16/18	09:22:31	0.4892597695390782	0.4892597695390782	11.28	0.0	4.207634018036073	4.207634018036073	11.36	1.32	0.4892597695390782	0.4892597695390782	11.3	0.69	288.0	286.41	424.13	93.0	0	1
PROTOTYPE	038381	04/16/18	09:22:32	0.4892597695390782	0.4892597695390782	11.24	0.0	4.207634018036073	4.207634018036073	11.3	1.12	0.4892597695390782	0.4892597695390782	11.26	0.59	285.0	286.2	407.44	34.05	0	1
PROTOTYPE	038382	04/16/18	09:22:34	0.4892597695390782	0.4892597695390782	11.23	0.0	4.207634018036073	4.207634018036073	11.27	0.95	0.4892597695390782	0.4892597695390782	11.24	0.5	277.0	284.82	528.2	-121.06	0	1
PROTOTYPE	038383	04/16/18	09:22:35	0.4892597695390782	0.4892597695390782	11.22	0.0	4.207634018036073	4.207634018036073	11.25	0.81	0.4892597695390782	0.4892597695390782	11.23	0.42	288.0	285.29	410.53	92.1	0	1
PROTOTYPE	038384	04/16/18	09:22:36	0.4892597695390782	0.4892597695390782	11.25	0.0	4.207634018036073	4.207634018036073	11.27	0.69	0.4892597695390782	0.4892597695390782	11.25	0.36	284.0	285.1	420.51	63.28	0	1
PROTOTYPE	038385	04/16/18	09:22:38	0.4892597695390782	0.4892597695390782	11.24	0.0	4.207634018036073	4.207634018036073	11.26	0.59	0.4892597695390782	0.4892597695390782	11.24	0.31	282.0	284.64	429.03	-21.21	0	1
PROTOTYPE	038386	04/16/18	09:22:39	0.4892597695390782	0.4892597695390782	11.21	0.0	4.207634018036073	4.207634018036073	11.22	0.5	0.4892597695390782	0.4892597695390782	11.21	0.26	275.0	283.19	496.27	-243.03	0	1
PROTOTYPE	038387	04/16/18	09:22:41	0.4892597695390782	0.4892597695390782	11.22	0.0	4.207634018036073	4.207634018036073	11.23	0.42	0.4892597695390782	0.4892597695390782	11.22	0.22	280.0	282.71	493.43	-341.57	0	1
PROTOTYPE	038388	04/16/18	09:22:42	0.4892597695390782	0.4892597695390782	11.21	0.0	4.207634018036073	4.207634018036073	11.21	0.36	0.4892597695390782	0.4892597695390782	11.21	0.19	288.0	283.5	544.65	-290.34	0	1
PROTOTYPE	038389	04/16/18	09:22:43	0.4892597695390782	0.4892597695390782	11.24	0.0	4.207634018036073	4.207634018036073	11.24	0.31	0.4892597695390782	0.4892597695390782	11.24	0.16	295.0	285.23	695.91	-96.79	0	1
PROTOTYPE	038390	04/16/18	09:22:45	0.4892597695390782	0.4892597695390782	11.25	0.0	4.207634018036073	4.207634018036073	11.25	0.26	0.4892597695390782	0.4892597695390782	11.25	0.14	293.0	286.39	674.52	157.73	0	1
PROTOTYPE	038391	04/16/18	09:22:46	0.4892597695390782	0.4892597695390782	11.24	0.0	4.207634018036073	4.207634018036073	11.24	0.22	0.4892597695390782	0.4892597695390782	11.24	0.12	297.0	287.99	785.84	269.07	0	1
PROTOTYPE	038392	04/16/18	09:22:48	0.4892597695390782	0.4892597695390782	11.22	0.0	4.207634018036073	4.207634018036073	11.22	0.19	0.4892597695390782	0.4892597695390782	11.22	0.1	278.0	286.49	916.16	138.71	0	1
PROTOTYPE	038393	04/16/18	09:22:49	0.4892597695390782	0.4892597695390782	11.24	0.0	4.207634018036073	4.207634018036073	11.24	0.16	0.4892597695390782	0.4892597695390782	11.24	0.08	291.0	287.16	937.33	252.9	0	1
PROTOTYPE	038394	04/16/18	09:22:50	0.4892597695390782	0.4892597695390782	11.26	0.0	4.207634018036073	4.207634018036073	11.26	0.14	0.4892597695390782	0.4892597695390782	11.26	0.07	291.0	287.74	850.34	454.97	0	1
PROTOTYPE	038395	04/16/18	09:22:52	0.4892597695390782	0.4892597695390782	11.24	0.0	4.207634018036073	4.207634018036073	11.24	0.12	0.4892597695390782	0.4892597695390782	11.24	0.06	290.0	288.08	836.39	536.72	0	1
PROTOTYPE	038396	04/16/18	09:22:53	0.4892597695390782	0.4892597695390782	11.25	0.0	4.207634018036073	4.207634018036073	11.25	0.1	0.4892597695390782	0.4892597695390782	11.25	0.05	293.0	288.82	830.88	531.21	0	1
PROTOTYPE	038397	04/16/18	09:22:55	0.4892597695390782	0.4892597695390782	11.26	0.0	4.207634018036073	4.207634018036073	11.26	0.08	0.4892597695390782	0.4892597695390782	11.26	0.04	275.0	286.74	865.71	151.53	0	1
PROTOTYPE	038398	04/16/18	09:22:56	0.4892597695390782	0.4892597695390782	11.28	0.0	4.207634018036073	4.207634018036073	11.28	0.07	0.4892597695390782	0.4892597695390782	11.28	0.04	287.0	286.78	753.23	38.8	0	1
PROTOTYPE	038399	04/16/18	09:22:58	0.4892597695390782	0.4892597695390782	11.29	0.0	4.207634018036073	4.207634018036073	11.29	0.06	0.4892597695390782	0.4892597695390782	11.29	0.03	289.0	287.12	627.43	-87.02	0	1
PROTOTYPE	038400	04/16/18	09:22:59	0.4892597695390782	0.4892597695390782	11.3	0.0	4.207634018036073	4.207634018036073	11.3	0.05	0.4892597695390782	0.4892597695390782	11.3	0.03	283.0	286.5	539.39	1.03	0	1
PROTOTYPE	038401	04/16/18	09:23:00	0.4892597695390782	0.4892597695390782	11.28	0.0	4.207634018036073	4.207634018036073	11.28	0.04	0.4892597695390782	0.4892597695390782	11.28	0.02	283.0	285.97	524.18	-119.12	0	1
PROTOTYPE	038402	04/16/18	09:23:02	0.4892597695390782	0.4892597695390782	11.26	0.0	4.207634018036073	4.207634018036073	11.26	0.04	0.4892597695390782	0.4892597695390782	11.26	0.02	293.0	287.03	572.04	-71.25	0	1
PROTOTYPE	038403	04/16/18	09:23:03	0.4892597695390782	0.4892597695390782	11.3	0.0	4.207634018036073	4.207634018036073	11.3	0.03	0.4892597695390782	0.4892597695390782	11.3	0.02	288.0	287.17	552.77	-90.56	0	1
PROTOTYPE	038404	04/16/18	09:23:05	0.4892597695390782	0.4892597695390782	11.31	0.0	4.207634018036073	4.207634018036073	11.31	0.03	0.4892597695390782	0.4892597695390782	11.31	0.01	284.0	286.7	526.56	-211.98	0	1
PROTOTYPE	038405	04/16/18	09:23:06	0.4892597695390782	0.4892597695390782	11.29	0.0	4.207634018036073	4.207634018036073	11.29	0.02	0.4892597695390782	0.4892597695390782	11.29	0.01	293.0	287.64	413.85	89.82	0	1
PROTOTYPE	038406	04/16/18	09:23:07	0.4892597695390782	0.4892597695390782	11.27	0.0	4.207634018036073	4.207634018036073	11.27	0.02	0.4892597695390782	0.4892597695390782	11.27	0.01	276.0	285.9	584.41	-88.66	0	1
PROTOTYPE	038407	04/16/18	09:23:09	0.4892597695390782	0.4892597695390782	11.27	0.0	4.207634018036073	4.207634018036073	11.27	0.02	0.4892597695390782	0.4892597695390782	11.27	0.01	283.0	285.46	594.59	-165.36	0	1
PROTOTYPE	038408	04/16/18	09:23:10	0.4892597695390782	0.4892597695390782	11.28	0.0	4.207634018036073	4.207634018036073	11.28	0.01	0.4892597695390782	0.4892597695390782	11.28	0.01	288.0	285.84	570.94	-65.55	0	1
PROTOTYPE	038409	04/16/18	09:23:12	0.4892597695390782	0.4892597695390782	11.28	0.0	4.207634018036073	4.207634018036073	11.28	0.01	0.4892597695390782	0.4892597695390782	11.28	0.01	282.0	285.27	576.11	-70.72	0	1
PROTOTYPE	038410	04/16/18	09:23:13	0.4892597695390782	0.4892597695390782	11.3	0.0	4.207634018036073	4.207634018036073	11.3	0.01	0.4892597695390782	0.4892597695390782	11.3	0.01	289.0	285.83	526.72	-120.11	0	1
PROTOTYPE	038411	04/16/18	09:23:14	0.4892597695390782	0.4892597695390782	11.27	0.0	4.207634018036073	4.207634018036073	11.27	0.01	0.4892597695390782	0.4892597695390782	11.27	0.0	293.0	286.9	619.68	-27.1	0	1
PROTOTYPE	038412	04/16/18	09:23:16	0.4892597695390782	0.4892597695390782	11.27	0.0	4.207634018036073	4.207634018036073	11.27	0.01	0.4892597695390782	0.4892597695390782	11.27	0.0	286.0	286.77	585.67	6.97	0	1
PROTOTYPE	038413	04/16/18	09:23:17	0.4892597695390782	0.4892597695390782	11.29	0.0	4.207634018036073	4.207634018036073	11.29	0.01	0.4892597695390782	0.4892597695390782	11.29	0.0	291.0	287.4	554.63	-24.08	0	1
PROTOTYPE	038414	04/16/18	09:23:19	0.4892597695390782	0.4892597695390782	11.3	0.0	4.207634018036073	4.207634018036073	11.3	0.01	0.4892597695390782	0.4892597695390782	11.3	0.0	290.0	287.79	418.98	189.53	0	1
PROTOTYPE	038415	04/16/18	09:23:20	0.4892597695390782	0.4892597695390782	11.29	0.0	4.207634018036073	4.207634018036073	11.29	0.0	0.4892597695390782	0.4892597695390782	11.29	0.0	290.0	288.12	408.67	266.1	0	1
PROTOTYPE	038416	04/16/18	09:23:21	0.4892597695390782	0.4892597695390782	11.27	0.0	4.207634018036073	4.207634018036073	11.27	0.0	0.4892597695390782	0.4892597695390782	11.27	0.0	290.0	288.4	398.76	256.19	0	1
PROTOTYPE	038417	04/16/18	09:23:23	0.4892597695390782	0.4892597695390782	11.28	0.0	4.207634018036073	4.207634018036073	11.28	0.0	0.4892597695390782	0.4892597695390782	11.28	0.0	286.0	288.04	377.2	277.76	0	1
PROTOTYPE	038418	04/16/18	09:23:24	0.4892597695390782	0.4892597695390782	11.29	0.0	4.207634018036073	4.207634018036073	11.29	0.0	0.4892597695390782	0.4892597695390782	11.29	0.0	288.0	288.04	322.74	221.1	0	1
PROTOTYPE	038419	04/16/18	09:23:26	0.4892597695390782	0.4892597695390782	11.31	0.0	4.207634018036073	4.207634018036073	11.31	0.0	0.4892597695390782	0.4892597695390782	11.31	0.0	278.0	286.53	365.69	-37.07	0	1
PROTOTYPE	038420	04/16/18	09:23:27	0.4892597695390782	0.4892597695390782	11.29	0.0	4.207634018036073	4.207634018036073	11.29	0.0	0.4892597695390782	0.4892597695390782	11.29	0.0	280.0	285.55	450.06	-121.51	0	1
PROTOTYPE	038421	04/16/18	09:23:29	0.4892597695390782	0.4892597695390782	11.28	0.0	4.207634018036073	4.207634018036073	11.28	0.0	0.4892597695390782	0.4892597695390782	11.28	0.0	285.0	285.47	394.95	-193.28	0	1
PROTOTYPE	038422	04/16/18	09:23:30	0.4892597695390782	0.4892597695390782	11.29	0.0	4.207634018036073	4.207634018036073	11.29	0.0	0.4892597695390782	0.4892597695390782	11.29	0.0	278.0	284.35	468.0	-344.29	0	1
PROTOTYPE	038423	04/16/18	09:23:31	0.4892597695390782	0.4892597695390782	11.3	0.0	4.207634018036073	4.207634018036073	11.3	0.0	0.4892597695390782	0.4892597695390782	11.3	0.0	291.0	285.35	534.62	-277.65	0	1
PROTOTYPE	038424	04/16/18	09:23:33	0.4892597695390782	0.4892597695390782	11.31	0.0	4.207634018036073	4.207634018036073	11.31	0.0	0.4892597695390782	0.4892597695390782	11.31	0.0	294.0	286.64	636.24	-176.0	0	1
PROTOTYPE	038425	04/16/18	09:23:34	0.4892597695390782	0.4892597695390782	11.32	0.0	4.207634018036073	4.207634018036073	11.32	0.0	0.4892597695390782	0.4892597695390782	11.32	0.0	279.0	285.5	714.82	-254.6	0	1
PROTOTYPE	038426	04/16/18	09:23:36	0.4892597695390782	0.4892597695390782	11.31	0.0	4.207634018036073	4.207634018036073	11.31	0.0	0.4892597695390782	0.4892597695390782	11.31	0.0	293.0	286.62	825.8	-141.41	0	1
PROTOTYPE	038427	04/16/18	09:23:37	0.4892597695390782	0.4892597695390782	11.31	0.0	4.207634018036073	4.207634018036073	11.31	0.0	0.4892597695390782	0.4892597695390782	11.31	0.0	286.0	286.53	684.69	-0.2	0	1
PROTOTYPE	038428	04/16/18	09:23:38	0.4892597695390782	0.4892597695390782	11.33	0.0	4.207634018036073	4.207634018036073	11.33	0.0	0.4892597695390782	0.4892597695390782	11.33	0.0	279.0	285.4	699.66	-15.17	0	1
PROTOTYPE	038429	04/16/18	09:23:40	0.4892597695390782	0.4892597695390782	11.32	0.0	4.207634018036073	4.207634018036073	11.32	0.0	0.4892597695390782	0.4892597695390782	11.32	0.0	270.0	283.09	922.27	-237.89	0	1
PROTOTYPE	038430	04/16/18	09:23:41	0.4892597695390782	0.4892597695390782	11.3	0.0	4.207634018036073	4.207634018036073	11.3	0.0	0.4892597695390782	0.4892597695390782	11.3	0.0	284.0	283.23	823.94	-112.21	0	1
PROTOTYPE	038431	04/16/18	09:23:43	0.4892597695390782	0.4892597695390782	11.32	0.0	4.207634018036073	4.207634018036073	11.32	0.0	0.4892597695390782	0.4892597695390782	11.32	0.0	288.0	283.94	795.78	-140.38	0	1
PROTOTYPE	038432	04/16/18	09:23:44	0.4892597695390782	0.4892597695390782	11.31	0.0	4.207634018036073	4.207634018036073	11.31	0.0	0.4892597695390782	0.4892597695390782	11.31	0.0	286.0	284.25	696.86	-239.32	0	1
PROTOTYPE	038433	04/16/18	09:23:46	0.4892597695390782	0.4892597695390782	11.31	0.0	4.207634018036073	4.207634018036073	11.31	0.0	0.4892597695390782	0.4892597695390782	11.31	0.0	295.0	285.86	743.42	36.58	0	1
PROTOTYPE	038434	04/16/18	09:23:47	0.4892597695390782	0.4892597695390782	11.31	0.0	4.207634018036073	4.207634018036073	11.31	0.0	0.4892597695390782	0.4892597695390782	11.31	0.0	286.0	285.88	633.36	-73.91	0	1
PROTOTYPE	038435	04/16/18	09:23:48	0.4892597695390782	0.4892597695390782	11.29	0.0	4.207634018036073	4.207634018036073	11.29	0.0	0.4892597695390782	0.4892597695390782	11.29	0.0	290.0	286.5	685.67	-2.82	0	1
PROTOTYPE	038436	04/16/18	09:23:50	0.4892597695390782	0.4892597695390782	11.27	0.0	4.207634018036073	4.207634018036073	11.27	0.0	0.4892597695390782	0.4892597695390782	11.27	0.0	292.0	287.33	655.2	192.6	0	1
PROTOTYPE	038437	04/16/18	09:23:51	0.4892597695390782	0.4892597695390782	11.26	0.0	4.207634018036073	4.207634018036073	11.26	0.0	0.4892597695390782	0.4892597695390782	11.26	0.0	289.0	287.58	449.34	448.71	0	1
PROTOTYPE	038438	04/16/18	09:23:53	0.4892597695390782	0.4892597695390782	11.27	0.0	4.207634018036073	4.207634018036073	11.27	0.0	0.4892597695390782	0.4892597695390782	11.27	0.0	281.0	286.59	534.29	336.4	0	1
PROTOTYPE	038439	04/16/18	09:23:54	0.4892597695390782	0.4892597695390782	11.24	0.0	4.207634018036073	4.207634018036073	11.24	0.0	0.4892597695390782	0.4892597695390782	11.24	0.0	285.0	286.35	486.58	240.94	0	1
PROTOTYPE	038440	04/16/18	09:23:55	0.4892597695390782	0.4892597695390782	11.23	0.0	4.207634018036073	4.207634018036073	11.23	0.0	0.4892597695390782	0.4892597695390782	11.23	0.0	278.0	285.1	580.97	84.8	0	1
PROTOTYPE	038441	04/16/18	09:23:57	0.4892597695390782	0.4892597695390782	11.2	0.0	4.207634018036073	4.207634018036073	11.2	0.0	0.4892597695390782	0.4892597695390782	11.2	0.0	271.0	282.98	631.23	-287.92	0	1
PROTOTYPE	038442	04/16/18	09:23:58	0.4892597695390782	0.4892597695390782	11.18	0.0	4.207634018036073	4.207634018036073	11.18	0.0	0.4892597695390782	0.4892597695390782	11.18	0.0	292.0	284.34	763.99	-154.73	0	1
PROTOTYPE	038443	04/16/18	09:24:00	0.4892597695390782	0.4892597695390782	11.17	0.0	4.207634018036073	4.207634018036073	11.17	0.0	0.4892597695390782	0.4892597695390782	11.17	0.0	296.0	286.09	877.19	-41.52	0	1
PROTOTYPE	038444	04/16/18	09:24:01	0.4892597695390782	0.4892597695390782	11.15	0.0	4.207634018036073	4.207634018036073	11.15	0.0	0.4892597695390782	0.4892597695390782	11.15	0.0	282.0	285.47	856.0	-185.29	0	1
PROTOTYPE	038445	04/16/18	09:24:02	0.4892597695390782	0.4892597695390782	11.19	0.0	4.207634018036073	4.207634018036073	11.19	0.0	0.4892597695390782	0.4892597695390782	11.19	0.0	300.0	287.65	1048.76	7.5	0	1
PROTOTYPE	038446	04/16/18	09:24:04	0.4892597695390782	0.4892597695390782	11.19	0.0	4.207634018036073	4.207634018036073	11.19	0.0	0.4892597695390782	0.4892597695390782	11.19	0.0	290.0	288.0	985.34	141.38	0	1
PROTOTYPE	038447	04/16/18	09:24:05	0.4892597695390782	0.4892597695390782	11.2	0.0	4.207634018036073	4.207634018036073	11.2	0.0	0.4892597695390782	0.4892597695390782	11.2	0.0	270.0	285.3	1231.51	-104.83	0	1
PROTOTYPE	038448	04/16/18	09:24:07	0.4892597695390782	0.4892597695390782	11.2	0.0	4.207634018036073	4.207634018036073	11.2	0.0	0.4892597695390782	0.4892597695390782	11.2	0.0	291.0	286.16	1191.67	105.89	0	1
PROTOTYPE	038449	04/16/18	09:24:08	0.4892597695390782	0.4892597695390782	11.2	0.0	4.207634018036073	4.207634018036073	11.2	0.0	0.4892597695390782	0.4892597695390782	11.2	0.0	280.0	285.23	1072.56	225.01	0	1
PROTOTYPE	038450	04/16/18	09:24:09	0.4892597695390782	0.4892597695390782	11.23	0.0	4.207634018036073	4.207634018036073	11.23	0.0	0.4892597695390782	0.4892597695390782	11.23	0.0	287.0	285.5	963.84	116.26	0	1
PROTOTYPE	038451	04/16/18	09:24:11	0.4892597695390782	0.4892597695390782	11.24	0.0	4.207634018036073	4.207634018036073	11.24	0.0	0.4892597695390782	0.4892597695390782	11.24	0.0	288.0	285.87	826.42	-21.18	0	1
PROTOTYPE	038452	04/16/18	09:24:12	0.4892597695390782	0.4892597695390782	11.27	0.0	4.207634018036073	4.207634018036073	11.27	0.0	0.4892597695390782	0.4892597695390782	11.27	0.0	292.0	286.79	857.01	132.0	0	1
PROTOTYPE	038453	04/16/18	09:24:14	0.4892597695390782	0.4892597695390782	11.26	0.0	4.207634018036073	4.207634018036073	11.26	0.0	0.4892597695390782	0.4892597695390782	11.26	0.0	295.0	288.02	762.21	37.2	0	1
PROTOTYPE	038454	04/16/18	09:24:15	0.4892597695390782	0.4892597695390782	11.26	0.0	4.207634018036073	4.207634018036073	11.26	0.0	0.4892597695390782	0.4892597695390782	11.26	0.0	288.0	288.02	728.43	1.62	0	1
PROTOTYPE	038455	04/16/18	09:24:16	0.4892597695390782	0.4892597695390782	11.26	0.0	4.207634018036073	4.207634018036073	11.26	0.0	0.4892597695390782	0.4892597695390782	11.26	0.0	271.0	285.47	713.67	16.37	0	1
PROTOTYPE	038456	04/16/18	09:24:18	0.4892597695390782	0.4892597695390782	11.28	0.0	4.207634018036073	4.207634018036073	11.28	0.0	0.4892597695390782	0.4892597695390782	11.28	0.0	294.0	286.75	756.21	58.92	0	1
PROTOTYPE	038457	04/16/18	09:24:19	0.4892597695390782	0.4892597695390782	11.31	0.0	4.207634018036073	4.207634018036073	11.31	0.0	0.4892597695390782	0.4892597695390782	11.31	0.0	284.0	286.34	705.06	110.08	0	1
PROTOTYPE	038458	04/16/18	09:24:21	0.4892597695390782	0.4892597695390782	11.29	0.0	4.207634018036073	4.207634018036073	11.29	0.0	0.4892597695390782	0.4892597695390782	11.29	0.0	279.0	285.23	788.58	-26.43	0	1
PROTOTYPE	038459	04/16/18	09:24:22	0.4892597695390782	0.4892597695390782	11.29	0.0	4.207634018036073	4.207634018036073	11.29	0.0	0.4892597695390782	0.4892597695390782	11.29	0.0	291.0	286.1	837.53	22.53	0	1
PROTOTYPE	038460	04/16/18	09:24:23	0.4892597695390782	0.4892597695390782	11.29	0.0	4.207634018036073	4.207634018036073	11.29	0.0	0.4892597695390782	0.4892597695390782	11.29	0.0	298.0	287.88	924.14	109.15	0	1
PROTOTYPE	038461	04/16/18	09:24:25	0.4892597695390782	0.4892597695390782	11.27	0.0	4.207634018036073	4.207634018036073	11.27	0.0	0.4892597695390782	0.4892597695390782	11.27	0.0	287.0	287.75	814.38	-27.22	0	1
PROTOTYPE	038462	04/16/18	09:24:26	0.4892597695390782	0.4892597695390782	11.27	0.0	4.207634018036073	4.207634018036073	11.27	0.0	0.4892597695390782	0.4892597695390782	11.27	0.0	287.0	287.64	824.29	-38.14	0	1
PROTOTYPE	038463	04/16/18	09:24:28	0.4892597695390782	0.4892597695390782	11.26	0.0	4.207634018036073	4.207634018036073	11.26	0.0	0.4892597695390782	0.4892597695390782	11.26	0.0	277.0	286.04	728.57	57.58	0	1
PROTOTYPE	038464	04/16/18	09:24:29	0.4892597695390782	0.4892597695390782	11.26	0.0	4.207634018036073	4.207634018036073	11.26	0.0	0.4892597695390782	0.4892597695390782	11.26	0.0	287.0	286.19	615.0	-56.05	0	1
PROTOTYPE	038465	04/16/18	09:24:31	0.4892597695390782	0.4892597695390782	11.26	0.0	4.207634018036073	4.207634018036073	11.26	0.0	0.4892597695390782	0.4892597695390782	11.26	0.0	275.0	284.51	741.57	-182.65	0	1
PROTOTYPE	038466	04/16/18	09:24:32	0.4892597695390782	0.4892597695390782	11.26	0.0	4.207634018036073	4.207634018036073	11.26	0.0	0.4892597695390782	0.4892597695390782	11.26	0.0	284.0	284.43	639.29	-80.25	0	1
PROTOTYPE	038467	04/16/18	09:24:33	0.4892597695390782	0.4892597695390782	11.29	0.0	4.207634018036073	4.207634018036073	11.29	0.0	0.4892597695390782	0.4892597695390782	11.29	0.0	291.0	285.42	651.33	-68.21	0	1
PROTOTYPE	038468	04/16/18	09:24:35	0.4892597695390782	0.4892597695390782	11.28	0.0	4.207634018036073	4.207634018036073	11.28	0.0	0.4892597695390782	0.4892597695390782	11.28	0.0	298.0	287.3	661.56	-57.98	0	1
PROTOTYPE	038469	04/16/18	09:24:36	0.4892597695390782	0.4892597695390782	11.29	0.0	4.207634018036073	4.207634018036073	11.29	0.0	0.4892597695390782	0.4892597695390782	11.29	0.0	282.0	286.51	727.8	-124.28	0	1
PROTOTYPE	038470	04/16/18	09:24:38	0.4892597695390782	0.4892597695390782	11.28	0.0	4.207634018036073	4.207634018036073	11.28	0.0	0.4892597695390782	0.4892597695390782	11.28	0.0	285.0	286.28	739.12	-135.64	0	1
PROTOTYPE	038471	04/16/18	09:24:39	0.4892597695390782	0.4892597695390782	11.28	0.0	4.207634018036073	4.207634018036073	11.28	0.0	0.4892597695390782	0.4892597695390782	11.28	0.0	281.0	285.49	658.78	-55.29	0	1
PROTOTYPE	038472	04/16/18	09:24:40	0.4892597695390782	0.4892597695390782	11.28	0.0	4.207634018036073	4.207634018036073	11.28	0.0	0.4892597695390782	0.4892597695390782	11.28	0.0	281.0	284.82	711.73	-137.0	0	1
PROTOTYPE	038473	04/16/18	09:24:42	0.4892597695390782	0.4892597695390782	11.26	0.0	4.207634018036073	4.207634018036073	11.26	0.0	0.4892597695390782	0.4892597695390782	11.26	0.0	282.0	284.39	586.2	-11.45	0	1
PROTOTYPE	038474	04/16/18	09:24:43	0.4892597695390782	0.4892597695390782	11.27	0.0	4.207634018036073	4.207634018036073	11.27	0.0	0.4892597695390782	0.4892597695390782	11.27	0.0	285.0	284.49	587.63	5.27	0	1
PROTOTYPE	038475	04/16/18	09:24:45	0.4892597695390782	0.4892597695390782	11.25	0.0	4.207634018036073	4.207634018036073	11.25	0.0	0.4892597695390782	0.4892597695390782	11.25	0.0	272.0	282.61	676.39	-280.52	0	1
PROTOTYPE	038476	04/16/18	09:24:46	0.4892597695390782	0.4892597695390782	11.25	0.0	4.207634018036073	4.207634018036073	11.25	0.0	0.4892597695390782	0.4892597695390782	11.25	0.0	291.0	283.87	613.47	-343.44	0	1
PROTOTYPE	038477	04/16/18	09:24:47	0.4892597695390782	0.4892597695390782	11.26	0.0	4.207634018036073	4.207634018036073	11.26	0.0	0.4892597695390782	0.4892597695390782	11.26	0.0	290.0	284.79	625.84	-171.93	0	1
PROTOTYPE	038478	04/16/18	09:24:49	0.4892597695390782	0.4892597695390782	11.26	0.0	4.207634018036073	4.207634018036073	11.26	0.0	0.4892597695390782	0.4892597695390782	11.26	0.0	286.0	284.97	621.36	-131.14	0	1
PROTOTYPE	038479	04/16/18	09:24:50	0.4892597695390782	0.4892597695390782	11.28	0.0	4.207634018036073	4.207634018036073	11.28	0.0	0.4892597695390782	0.4892597695390782	11.28	0.0	293.0	286.18	662.54	68.53	0	1
PROTOTYPE	038480	04/16/18	09:24:52	0.4892597695390782	0.4892597695390782	11.28	0.0	4.207634018036073	4.207634018036073	11.28	0.0	0.4892597695390782	0.4892597695390782	11.28	0.0	295.0	287.5	727.54	268.25	0	1
PROTOTYPE	038481	04/16/18	09:24:53	0.4892597695390782	0.4892597695390782	11.3	0.0	4.207634018036073	4.207634018036073	11.3	0.0	0.4892597695390782	0.4892597695390782	11.3	0.0	288.0	287.57	692.91	318.01	0	1
PROTOTYPE	038482	04/16/18	09:24:55	0.4892597695390782	0.4892597695390782	11.29	0.0	4.207634018036073	4.207634018036073	11.29	0.0	0.4892597695390782	0.4892597695390782	11.29	0.0	286.0	287.34	707.37	285.31	0	1
PROTOTYPE	038483	04/16/18	09:24:56	0.4892597695390782	0.4892597695390782	11.3	0.0	4.207634018036073	4.207634018036073	11.3	0.0	0.4892597695390782	0.4892597695390782	11.3	0.0	283.0	286.69	585.18	407.52	0	1
PROTOTYPE	038484	04/16/18	09:24:57	0.4892597695390782	0.4892597695390782	11.31	0.0	4.207634018036073	4.207634018036073	11.31	0.0	0.4892597695390782	0.4892597695390782	11.31	0.0	286.0	286.58	469.77	271.39	0	1
PROTOTYPE	038485	04/16/18	09:24:59	0.4892597695390782	0.4892597695390782	11.29	0.0	4.207634018036073	4.207634018036073	11.29	0.0	0.4892597695390782	0.4892597695390782	11.29	0.0	292.0	287.4	459.06	260.68	0	1
PROTOTYPE	038486	04/16/18	09:25:00	0.4892597695390782	0.4892597695390782	11.29	0.0	4.207634018036073	4.207634018036073	11.29	0.0	0.4892597695390782	0.4892597695390782	11.29	0.0	288.0	287.49	450.01	251.58	0	1
PROTOTYPE	038487	04/16/18	09:25:02	0.4892597695390782	0.4892597695390782	11.28	0.0	4.207634018036073	4.207634018036073	11.28	0.0	0.4892597695390782	0.4892597695390782	11.28	0.0	286.0	287.26	351.93	108.84	0	1
PROTOTYPE	038488	04/16/18	09:25:03	0.4892597695390782	0.4892597695390782	11.29	0.0	4.207634018036073	4.207634018036073	11.29	0.0	0.4892597695390782	0.4892597695390782	11.29	0.0	279.0	286.02	343.53	-147.48	0	1
PROTOTYPE	038489	04/16/18	09:25:04	0.4892597695390782	0.4892597695390782	11.3	0.0	4.207634018036073	4.207634018036073	11.3	0.0	0.4892597695390782	0.4892597695390782	11.3	0.0	275.0	284.37	501.26	-320.36	0	1
PROTOTYPE	038490	04/16/18	09:25:06	0.4892597695390782	0.4892597695390782	11.29	0.0	4.207634018036073	4.207634018036073	11.29	0.0	0.4892597695390782	0.4892597695390782	11.29	0.0	291.0	285.37	577.05	-197.31	0	1
PROTOTYPE	038491	04/16/18	09:25:07	0.4892597695390782	0.4892597695390782	11.28	0.0	4.207634018036073	4.207634018036073	11.28	0.0	0.4892597695390782	0.4892597695390782	11.28	0.0	285.0	285.31	517.61	-137.71	0	1
PROTOTYPE	038492	04/16/18	09:25:09	0.4892597695390782	0.4892597695390782	11.27	0.0	4.207634018036073	4.207634018036073	11.27	0.0	0.4892597695390782	0.4892597695390782	11.27	0.0	287.0	285.56	532.59	-102.05	0	1
PROTOTYPE	038493	04/16/18	09:25:10	0.4892597695390782	0.4892597695390782	11.28	0.0	4.207634018036073	4.207634018036073	11.28	0.0	0.4892597695390782	0.4892597695390782	11.28	0.0	283.0	285.18	489.82	-221.75	0	1
PROTOTYPE	038494	04/16/18	09:25:11	0.4892597695390782	0.4892597695390782	11.3	0.0	4.207634018036073	4.207634018036073	11.3	0.0	0.4892597695390782	0.4892597695390782	11.3	0.0	285.0	285.15	483.71	-233.48	0	1
PROTOTYPE	038495	04/16/18	09:25:13	0.4892597695390782	0.4892597695390782	11.29	0.0	4.207634018036073	4.207634018036073	11.29	0.0	0.4892597695390782	0.4892597695390782	11.29	0.0	277.0	283.93	583.65	-333.46	0	1
PROTOTYPE	038496	04/16/18	09:25:14	0.4892597695390782	0.4892597695390782	11.27	0.0	4.1097820641282565	4.1929562249499	24.93	-15.0	0.4892597695390782	0.4892597695390782	11.27	0.0	283.0	283.79	473.69	-223.44	0	1
PROTOTYPE	038497	04/16/18	09:25:16	0.4892597695390782	0.4892597695390782	11.25	0.0	4.207634018036073	4.194913264028056	26.16	-12.75	0.4892597695390782	0.4892597695390782	11.25	0.0	287.0	284.27	356.49	-9.93	0	1
PROTOTYPE	038498	04/16/18	09:25:17	0.4892597695390782	0.4892597695390782	11.26	0.0	4.207634018036073	4.196870303106213	27.14	-10.84	0.4892597695390782	0.4892597695390782	11.26	0.0	273.0	282.58	426.12	-278.44	0	1
PROTOTYPE	038499	04/16/18	09:25:18	0.5871117234468938	0.5039375626252506	24.91	15.0	4.207634018036073	4.1988273421843685	27.88	-9.21	0.4892597695390782	0.4892597695390782	11.26	0.0	278.0	281.89	489.19	-341.67	0	1
PROTOTYPE	038500	04/16/18	09:25:20	0.4892597695390782	0.5019805235470942	26.17	12.75	4.207634018036073	4.199805861723447	28.45	-7.83	0.4892597695390782	0.4892597695390782	11.27	0.0	263.0	279.06	747.22	-650.42	0	1
PROTOTYPE	038501	04/16/18	09:25:21	0.4892597695390782	0.5000234844689379	27.13	10.84	4.207634018036073	4.200784381262525	28.87	-6.66	0.4892597695390782	0.4892597695390782	11.26	0.0	278.0	278.9	724.69	-627.86	0	1
PROTOTYPE	038502	04/16/18	09:25:23	0.4892597695390782	0.4980664453907815	27.87	9.21	4.207634018036073	4.2017629008016035	29.19	-5.66	0.4892597695390782	0.4892597695390782	11.26	0.0	287.0	280.12	843.15	-503.68	0	1
PROTOTYPE	038503	04/16/18	09:25:24	0.4892597695390782	0.4970879258517034	28.43	7.83	4.207634018036073	4.202741420340682	29.42	-4.81	0.4892597695390782	0.4892597695390782	11.26	0.0	275.0	279.35	797.6	-458.13	0	1
PROTOTYPE	038504	04/16/18	09:25:26	0.4892597695390782	0.49610940631262535	28.87	6.66	4.207634018036073	4.20371993987976	15.94	10.91	0.4892597695390782	0.4892597695390782	11.27	0.0	285.0	280.2	868.37	-359.41	0	1
PROTOTYPE	038505	04/16/18	09:25:27	0.4892597695390782	0.49513088677354705	29.18	5.66	4.207634018036073	4.204698459418838	14.81	9.28	0.4892597695390782	0.4892597695390782	11.26	0.0	286.0	281.07	907.28	-320.5	0	1
PROTOTYPE	038506	04/16/18	09:25:28	0.4892597695390782	0.4941523672344689	29.42	4.81	4.207634018036073	4.204698459418838	13.95	7.88	0.4892597695390782	0.4892597695390782	11.27	0.0	274.0	280.01	844.21	-257.42	0	1
PROTOTYPE	038507	04/16/18	09:25:30	0.4892597695390782	0.49317384769539074	15.95	-10.91	4.207634018036073	4.204698459418838	13.28	6.7	0.4892597695390782	0.4892597695390782	11.28	0.0	286.0	280.91	865.39	-98.81	0	1
PROTOTYPE	038508	04/16/18	09:25:31	0.4892597695390782	0.4921953281563127	14.83	-9.28	4.207634018036073	4.205676978957915	12.77	5.7	0.4892597695390782	0.4892597695390782	11.28	0.0	281.0	280.92	583.98	186.01	0	1
PROTOTYPE	038509	04/16/18	09:25:33	0.4892597695390782	0.4921953281563127	13.98	-7.88	4.207634018036073	4.205676978957915	12.41	4.84	0.4892597695390782	0.4892597695390782	11.31	0.0	289.0	282.13	689.23	323.11	0	1
PROTOTYPE	038510	04/16/18	09:25:34	0.4892597695390782	0.4921953281563127	13.31	-6.7	4.207634018036073	4.205676978957915	12.12	4.12	0.4892597695390782	0.4892597695390782	11.31	0.0	291.0	283.46	700.77	334.64	0	1
PROTOTYPE	038511	04/16/18	09:25:35	0.4892597695390782	0.4912168086172345	12.8	-5.7	4.207634018036073	4.206655498496994	11.9	3.5	0.4892597695390782	0.4892597695390782	11.31	0.0	298.0	285.64	842.09	629.45	0	1
PROTOTYPE	038512	04/16/18	09:25:37	0.4892597695390782	0.4912168086172345	12.42	-4.84	4.207634018036073	4.206655498496994	11.75	2.97	0.4892597695390782	0.4892597695390782	11.32	0.0	290.0	286.3	822.68	610.03	0	1
PROTOTYPE	038513	04/16/18	09:25:38	0.4892597695390782	0.4912168086172345	12.13	-4.12	4.207634018036073	4.206655498496994	11.64	2.53	0.4892597695390782	0.4892597695390782	11.33	0.0	280.0	285.35	830.06	428.53	0	1
PROTOTYPE	038514	04/16/18	09:25:40	0.4892597695390782	0.49023828907815625	11.91	-3.5	4.207634018036073	4.206655498496994	11.55	2.15	0.4892597695390782	0.4892597695390782	11.32	0.0	287.0	285.6	748.82	559.25	0	1
PROTOTYPE	038515	04/16/18	09:25:41	0.4892597695390782	0.49023828907815625	11.72	-2.97	4.207634018036073	4.206655498496994	11.45	1.83	0.4892597695390782	0.4892597695390782	11.29	0.0	291.0	286.41	739.93	550.36	0	1
PROTOTYPE	038516	04/16/18	09:25:42	0.4892597695390782	0.49023828907815625	11.6	-2.53	4.207634018036073	4.206655498496994	11.41	1.55	0.4892597695390782	0.4892597695390782	11.29	0.0	287.0	286.5	746.91	557.81	0	1
PROTOTYPE	038517	04/16/18	09:25:44	0.4892597695390782	0.49023828907815625	11.52	-2.15	4.207634018036073	4.207634018036073	11.37	1.32	0.4892597695390782	0.4892597695390782	11.29	0.0	282.0	285.82	693.18	369.13	0	1
PROTOTYPE	038518	04/16/18	09:25:45	0.4892597695390782	0.49023828907815625	11.44	-1.83	4.207634018036073	4.207634018036073	11.34	1.12	0.4892597695390782	0.4892597695390782	11.28	0.0	289.0	286.3	607.82	283.76	0	1
PROTOTYPE	038519	04/16/18	09:25:47	0.4892597695390782	0.49023828907815625	11.4	-1.55	4.207634018036073	4.207634018036073	11.32	0.95	0.4892597695390782	0.4892597695390782	11.28	0.0	292.0	287.15	475.26	151.2	0	1
PROTOTYPE	038520	04/16/18	09:25:48	0.4892597695390782	0.4892597695390782	11.35	-1.32	4.207634018036073	4.207634018036073	11.29	0.81	0.4892597695390782	0.4892597695390782	11.26	0.0	291.0	287.73	467.58	143.52	0	1
PROTOTYPE	038521	04/16/18	09:25:50	0.4892597695390782	0.4892597695390782	11.33	-1.12	4.207634018036073	4.207634018036073	11.29	0.69	0.4892597695390782	0.4892597695390782	11.27	0.0	293.0	288.52	452.17	316.99	0	1
PROTOTYPE	038522	04/16/18	09:25:51	0.4892597695390782	0.4892597695390782	11.3	-0.95	4.207634018036073	4.207634018036073	11.28	0.59	0.4892597695390782	0.4892597695390782	11.26	0.0	288.0	288.44	435.36	284.44	0	1
PROTOTYPE	038523	04/16/18	09:25:52	0.4892597695390782	0.4892597695390782	11.29	-0.81	4.207634018036073	4.207634018036073	11.27	0.5	0.4892597695390782	0.4892597695390782	11.26	0.0	286.0	288.08	391.01	166.78	0	1
PROTOTYPE	038524	04/16/18	09:25:54	0.4892597695390782	0.4892597695390782	11.29	-0.69	4.207634018036073	4.207634018036073	11.28	0.42	0.4892597695390782	0.4892597695390782	11.27	0.0	290.0	288.37	410.92	186.76	0	1
PROTOTYPE	038525	04/16/18	09:25:55	0.4892597695390782	0.4892597695390782	11.26	-0.59	4.207634018036073	4.207634018036073	11.24	0.36	0.4892597695390782	0.4892597695390782	11.24	0.0	291.0	288.76	382.98	293.75	0	1
PROTOTYPE	038526	04/16/18	09:25:57	0.4892597695390782	0.4892597695390782	11.25	-0.5	4.207634018036073	4.207634018036073	11.24	0.31	0.4892597695390782	0.4892597695390782	11.24	0.0	291.0	289.1	368.92	279.68	0	1
PROTOTYPE	038527	04/16/18	09:25:58	0.4892597695390782	0.4892597695390782	11.27	-0.42	4.207634018036073	4.207634018036073	11.26	0.26	0.4892597695390782	0.4892597695390782	11.26	0.0	293.0	289.68	341.98	252.73	0	1
PROTOTYPE	038528	04/16/18	09:25:59	0.4892597695390782	0.4892597695390782	11.28	-0.36	4.207634018036073	4.207634018036073	11.28	0.22	0.4892597695390782	0.4892597695390782	11.28	0.0	289.0	289.58	294.61	184.82	0	1
PROTOTYPE	038529	04/16/18	09:26:01	0.4892597695390782	0.4892597695390782	11.26	-0.31	4.207634018036073	4.207634018036073	11.26	0.19	0.4892597695390782	0.4892597695390782	11.26	0.0	274.0	287.24	449.27	-127.9	0	1
PROTOTYPE	038530	04/16/18	09:26:02	0.4892597695390782	0.4892597695390782	11.28	-0.26	4.207634018036073	4.207634018036073	11.28	0.16	0.4892597695390782	0.4892597695390782	11.28	0.0	295.0	288.41	557.69	-3.72	0	1
PROTOTYPE	038531	04/16/18	09:26:04	0.4892597695390782	0.4892597695390782	11.29	-0.22	4.207634018036073	4.207634018036073	11.29	0.14	0.4892597695390782	0.4892597695390782	11.29	0.0	287.0	288.2	542.15	11.84	0	1
PROTOTYPE	038532	04/16/18	09:26:05	0.4892597695390782	0.4892597695390782	11.27	-0.19	4.207634018036073	4.207634018036073	11.27	0.12	0.4892597695390782	0.4892597695390782	11.27	0.0	282.0	287.27	606.21	-109.93	0	1
PROTOTYPE	038533	04/16/18	09:26:06	0.4892597695390782	0.4892597695390782	11.28	-0.16	4.207634018036073	4.207634018036073	11.28	0.1	0.4892597695390782	0.4892597695390782	11.28	0.0	285.0	286.93	600.69	-183.44	0	1
PROTOTYPE	038534	04/16/18	09:26:08	0.4892597695390782	0.4892597695390782	11.27	-0.14	4.207634018036073	4.207634018036073	11.27	0.08	0.4892597695390782	0.4892597695390782	11.27	0.0	289.0	287.24	598.21	-185.93	0	1
PROTOTYPE	038535	04/16/18	09:26:09	0.4892597695390782	0.4892597695390782	11.26	-0.12	4.207634018036073	4.207634018036073	11.26	0.07	0.4892597695390782	0.4892597695390782	11.26	0.0	286.0	287.05	558.25	-263.04	0	1
PROTOTYPE	038536	04/16/18	09:26:11	0.4892597695390782	0.4892597695390782	11.26	-0.1	4.1097820641282565	4.1929562249499	24.9	-14.94	0.4892597695390782	0.4892597695390782	11.26	0.0	290.0	287.49	592.17	-208.58	0	1
PROTOTYPE	038537	04/16/18	09:26:12	0.4892597695390782	0.4892597695390782	11.28	-0.08	4.1097820641282565	4.180235470941884	36.32	-27.7	0.4892597695390782	0.4892597695390782	11.28	0.0	294.0	288.47	456.07	122.7	0	1
PROTOTYPE	038538	04/16/18	09:26:13	0.4892597695390782	0.4892597695390782	11.27	-0.07	4.207634018036073	4.184149549098196	39.31	-23.54	0.4892597695390782	0.4892597695390782	11.27	0.0	296.0	289.6	452.67	119.3	0	1
PROTOTYPE	038539	04/16/18	09:26:15	0.4892597695390782	0.4892597695390782	11.28	-0.06	4.207634018036073	4.188063627254508	41.72	-20.01	0.4892597695390782	0.4892597695390782	11.28	0.0	286.0	289.06	485.53	86.4	0	1
PROTOTYPE	038540	04/16/18	09:26:16	0.4892597695390782	0.4892597695390782	11.3	-0.05	4.207634018036073	4.1909991858717435	43.65	-17.01	0.4892597695390782	0.4892597695390782	11.3	0.0	286.0	288.6	438.51	133.44	0	1
PROTOTYPE	038541	04/16/18	09:26:18	0.4892597695390782	0.4892597695390782	11.29	-0.04	4.207634018036073	4.193934744488978	45.15	-14.46	0.4892597695390782	0.4892597695390782	11.29	0.0	284.0	287.91	473.51	98.43	0	1
PROTOTYPE	038542	04/16/18	09:26:19	0.4892597695390782	0.4892597695390782	11.29	-0.04	4.207634018036073	4.195891783567134	46.34	-12.29	0.4892597695390782	0.4892597695390782	11.29	0.0	278.0	286.42	591.03	-81.34	0	1
PROTOTYPE	038543	04/16/18	09:26:21	0.4892597695390782	0.4892597695390782	11.28	-0.03	4.207634018036073	4.197848822645291	47.25	-10.45	0.4892597695390782	0.4892597695390782	11.28	0.0	287.0	286.51	581.17	-54.14	0	1
PROTOTYPE	038544	04/16/18	09:26:22	0.4892597695390782	0.4892597695390782	11.28	-0.03	4.207634018036073	4.1988273421843685	34.3	6.12	0.4892597695390782	0.4892597695390782	11.28	0.0	288.0	286.73	559.32	-76.02	0	1
PROTOTYPE	038545	04/16/18	09:26:23	0.4892597695390782	0.4892597695390782	11.28	-0.02	4.1097820641282565	4.185128068637274	35.21	5.2	0.4892597695390782	0.4892597695390782	11.28	0.0	293.0	287.67	555.72	-79.61	0	1
PROTOTYPE	038546	04/16/18	09:26:25	0.4892597695390782	0.4892597695390782	11.28	-0.02	4.1097820641282565	4.174364353707415	42.52	-10.58	0.4892597695390782	0.4892597695390782	11.28	0.0	290.0	288.02	477.68	-157.67	0	1
PROTOTYPE	038547	04/16/18	09:26:26	0.4892597695390782	0.4892597695390782	11.29	-0.02	4.1097820641282565	4.164579158316633	48.68	-23.99	0.4892597695390782	0.4892597695390782	11.29	0.0	284.0	287.42	484.03	-164.02	0	1
PROTOTYPE	038548	04/16/18	09:26:28	0.4892597695390782	0.4892597695390782	11.28	-0.01	4.207634018036073	4.171428795090181	52.11	-20.39	0.4892597695390782	0.4892597695390782	11.28	0.0	281.0	286.46	534.41	-214.42	0	1
PROTOTYPE	038549	04/16/18	09:26:29	0.4892597695390782	0.4892597695390782	11.28	-0.01	4.207634018036073	4.176321392785571	54.98	-17.33	0.4892597695390782	0.4892597695390782	11.28	0.0	289.0	286.84	503.57	-107.26	0	1
PROTOTYPE	038550	04/16/18	09:26:30	0.4892597695390782	0.4892597695390782	11.28	-0.01	4.1097820641282565	4.166536197394789	62.72	-29.73	0.4892597695390782	0.4892597695390782	11.28	0.0	278.0	285.51	487.48	-91.17	0	1
PROTOTYPE	038551	04/16/18	09:26:32	0.4892597695390782	0.4892597695390782	11.29	-0.01	4.207634018036073	4.172407314629258	66.86	-25.27	0.4892597695390782	0.4892597695390782	11.29	0.0	284.0	285.29	501.46	-122.49	0	1
PROTOTYPE	038552	04/16/18	09:26:33	0.4892597695390782	0.4892597695390782	11.27	-0.01	4.1097820641282565	4.163600638777555	74.48	-36.48	0.4892597695390782	0.4892597695390782	11.27	0.0	288.0	285.69	519.81	-104.12	0	1
PROTOTYPE	038553	04/16/18	09:26:35	0.4892597695390782	0.4892597695390782	11.26	-0.01	4.207634018036073	4.169471756012024	67.7	-16.01	0.4892597695390782	0.4892597695390782	11.26	0.0	292.0	286.64	520.43	-103.5	0	1
PROTOTYPE	038554	04/16/18	09:26:36	0.4892597695390782	0.4892597695390782	11.26	-0.01	4.1097820641282565	4.160665080160321	65.32	-13.61	0.4892597695390782	0.4892597695390782	11.26	0.0	282.0	285.94	555.1	-207.98	0	1
PROTOTYPE	038555	04/16/18	09:26:37	0.4892597695390782	0.4892597695390782	11.25	-0.0	4.207634018036073	4.1675147169338675	62.65	3.43	0.4892597695390782	0.4892597695390782	11.25	0.0	284.0	285.65	523.92	-176.78	0	1
PROTOTYPE	038556	04/16/18	09:26:39	0.4892597695390782	0.4892597695390782	11.24	-0.0	4.1097820641282565	4.158708041082164	64.91	-12.08	0.4892597695390782	0.4892597695390782	11.24	0.0	290.0	286.3	492.86	-15.26	0	1
PROTOTYPE	038557	04/16/18	09:26:40	0.4892597695390782	0.4892597695390782	11.27	-0.0	4.1097820641282565	4.1518584043086175	66.82	-25.27	0.4892597695390782	0.4892597695390782	11.27	0.0	288.0	286.56	480.17	-27.97	0	1
PROTOTYPE	038558	04/16/18	09:26:42	0.4892597695390782	0.4892597695390782	11.28	-0.0	4.207634018036073	4.1596865606212425	65.18	-6.48	0.4892597695390782	0.4892597695390782	11.28	0.0	287.0	286.62	354.37	111.22	0	1
PROTOTYPE	038559	04/16/18	09:26:43	0.4892597695390782	0.4892597695390782	11.29	-0.0	4.1097820641282565	4.152836923847695	66.57	-20.51	0.4892597695390782	0.4892597695390782	11.29	0.0	293.0	287.58	427.28	229.54	0	1
PROTOTYPE	038560	04/16/18	09:26:45	0.4892597695390782	0.4892597695390782	11.31	-0.0	4.207634018036073	4.160665080160321	65.39	-2.43	0.4892597695390782	0.4892597695390782	11.31	0.0	277.0	285.99	545.26	30.11	0	1
PROTOTYPE	038561	04/16/18	09:26:46	0.4892597695390782	0.4892597695390782	11.31	-0.0	4.1097820641282565	4.152836923847695	66.39	-17.07	0.4892597695390782	0.4892597695390782	11.31	0.0	294.0	287.19	570.74	55.59	0	1
PROTOTYPE	038562	04/16/18	09:26:47	0.4892597695390782	0.4892597695390782	11.31	-0.0	4.1097820641282565	4.146965806613227	63.87	-14.51	0.4892597695390782	0.4892597695390782	11.31	0.0	295.0	288.37	618.24	242.25	0	1
PROTOTYPE	038563	04/16/18	09:26:49	0.4892597695390782	0.4892597695390782	11.31	-0.0	4.207634018036073	4.155772482464929	66.01	-12.33	0.4892597695390782	0.4892597695390782	11.31	0.0	291.0	288.76	628.6	310.92	0	1
PROTOTYPE	038564	04/16/18	09:26:50	0.4892597695390782	0.4892597695390782	11.31	-0.0	4.1097820641282565	4.1489228456913825	64.19	-10.48	0.4892597695390782	0.4892597695390782	11.31	0.0	274.0	286.55	784.77	24.28	0	1
PROTOTYPE	038565	04/16/18	09:26:52	0.4892597695390782	0.4892597695390782	11.31	-0.0	4.1097820641282565	4.143051728456914	62.65	-8.91	0.4892597695390782	0.4892597695390782	11.31	0.0	287.0	286.61	766.24	5.64	0	1
PROTOTYPE	038566	04/16/18	09:26:53	0.4892597695390782	0.4892597695390782	11.34	-0.0	4.1097820641282565	4.138159130761523	59.27	-22.57	0.4892597695390782	0.4892597695390782	11.34	0.0	281.0	285.77	843.69	-85.21	0	1
