Dev_id	Index	Date	Time	Sensor1	Sensor1_Filter	Sensor1_LL	Sensor1_Diff	Sensor2	Sensor2_Filter	Sensor2_LL	Sensor2_Diff	Sensor3	Sensor3_Filter	Sensor3_LL	Sensor3_Diff	Sensor4	Sensor4_Filter	Sensor4_LL	Sensor4_Diff	Heater_Status	FSM_Status
PROTOTYPE	022967	04/16/18	03:19:58	0.4892597695390782	0.4892597695390782	11.25	0.0	3.1312625250501003	3.1312625250501003	11.25	0.14	0.4892597695390782	0.4892597695390782	11.25	0.0	292.0	290.41	638.76	-53.53	0	1
PROTOTYPE	022968	04/16/18	03:19:59	0.4892597695390782	0.4892597695390782	11.25	0.0	3.1312625250501003	3.1312625250501003	11.25	0.12	0.4892597695390782	0.4892597695390782	11.25	0.0	295.0	291.1	661.78	-30.5	0	1
PROTOTYPE	022969	04/16/18	03:20:01	0.4892597695390782	0.4892597695390782	11.26	0.0	3.1312625250501003	3.1312625250501003	11.26	0.1	0.4892597695390782	0.4892597695390782	11.26	0.0	278.0	289.13	792.2	-160.92	0	1
PROTOTYPE	022970	04/16/18	03:20:02	0.4892597695390782	0.4892597695390782	11.27	0.0	3.1312625250501003	3.1312625250501003	11.27	0.08	0.4892597695390782	0.4892597695390782	11.27	0.0	298.0	290.46	906.29	-46.78	0	1
PROTOTYPE	022971	04/16/18	03:20:03	0.4892597695390782	0.4892597695390782	11.28	0.0	3.1312625250501003	3.1312625250501003	11.28	0.07	0.4892597695390782	0.4892597695390782	11.28	0.0	290.0	290.39	794.41	65.23	0	1
PROTOTYPE	022972	04/16/18	03:20:05	0.4892597695390782	0.4892597695390782	11.29	0.0	3.1312625250501003	3.1312625250501003	11.29	0.06	0.4892597695390782	0.4892597695390782	11.29	0.0	290.0	290.33	639.36	220.45	0	1
PROTOTYPE	022973	04/16/18	03:20:06	0.4892597695390782	0.4892597695390782	11.3	0.0	3.1312625250501003	3.1312625250501003	11.3	0.05	0.4892597695390782	0.4892597695390782	11.3	0.0	281.0	288.93	736.28	37.38	0	1
PROTOTYPE	022974	04/16/18	03:20:08	0.4892597695390782	0.4892597695390782	11.31	0.0	3.1312625250501003	3.1312625250501003	11.31	0.04	0.4892597695390782	0.4892597695390782	11.31	0.0	292.0	289.39	625.69	-73.23	0	1
PROTOTYPE	022975	04/16/18	03:20:09	0.4892597695390782	0.4892597695390782	11.29	0.0	3.1312625250501003	3.1312625250501003	11.29	0.04	0.4892597695390782	0.4892597695390782	11.29	0.0	284.0	288.58	678.46	-182.24	0	1
PROTOTYPE	022976	04/16/18	03:20:11	0.4892597695390782	0.4892597695390782	11.28	0.0	3.1312625250501003	3.1312625250501003	11.28	0.03	0.4892597695390782	0.4892597695390782	11.28	0.0	297.0	289.85	735.79	-124.91	0	1
PROTOTYPE	022977	04/16/18	03:20:12	0.4892597695390782	0.4892597695390782	11.27	0.0	3.1312625250501003	3.1312625250501003	11.27	0.03	0.4892597695390782	0.4892597695390782	11.27	0.0	287.0	289.42	582.07	28.83	0	1
PROTOTYPE	022978	04/16/18	03:20:13	0.4892597695390782	0.4892597695390782	11.27	0.0	3.1312625250501003	3.1312625250501003	11.27	0.02	0.4892597695390782	0.4892597695390782	11.27	0.0	289.0	289.36	455.49	-110.49	0	1
PROTOTYPE	022979	04/16/18	03:20:15	0.4892597695390782	0.4892597695390782	11.26	0.0	3.1312625250501003	3.1312625250501003	11.26	0.02	0.4892597695390782	0.4892597695390782	11.26	0.0	293.0	289.9	503.09	-48.92	0	1
PROTOTYPE	022980	04/16/18	03:20:16	0.4892597695390782	0.4892597695390782	11.25	0.0	3.1312625250501003	3.1312625250501003	11.25	0.02	0.4892597695390782	0.4892597695390782	11.25	0.0	288.0	289.62	525.61	-71.58	0	1
PROTOTYPE	022981	04/16/18	03:20:18	0.4892597695390782	0.4892597695390782	11.24	0.0	3.1312625250501003	3.1312625250501003	11.24	0.01	0.4892597695390782	0.4892597695390782	11.24	0.0	296.0	290.58	481.35	164.16	0	1
PROTOTYPE	022982	04/16/18	03:20:19	0.4892597695390782	0.4892597695390782	11.25	0.0	3.1312625250501003	3.1312625250501003	11.25	0.01	0.4892597695390782	0.4892597695390782	11.25	0.0	289.0	290.34	459.0	94.53	0	1
PROTOTYPE	022983	04/16/18	03:20:20	0.4892597695390782	0.4892597695390782	11.25	0.0	3.1312625250501003	3.1312625250501003	11.25	0.01	0.4892597695390782	0.4892597695390782	11.25	0.0	284.0	289.39	473.17	80.35	0	1
PROTOTYPE	022984	04/16/18	03:20:22	0.4892597695390782	0.4892597695390782	11.25	0.0	3.1312625250501003	3.1312625250501003	11.25	0.01	0.4892597695390782	0.4892597695390782	11.25	0.0	288.0	289.18	367.8	-66.7	0	1
PROTOTYPE	022985	04/16/18	03:20:23	0.4892597695390782	0.4892597695390782	11.26	0.0	3.1312625250501003	3.1312625250501003	11.26	0.01	0.4892597695390782	0.4892597695390782	11.26	0.0	285.0	288.55	387.79	-86.7	0	1
PROTOTYPE	022986	04/16/18	03:20:25	0.4892597695390782	0.4892597695390782	11.32	0.0	3.1312625250501003	3.1312625250501003	11.32	0.01	0.4892597695390782	0.4892597695390782	11.32	0.0	282.0	287.57	479.64	-178.69	0	1
PROTOTYPE	022987	04/16/18	03:20:26	0.4892597695390782	0.4892597695390782	11.34	0.0	3.1312625250501003	3.1312625250501003	11.34	0.01	0.4892597695390782	0.4892597695390782	11.34	0.0	289.0	287.78	446.47	-211.89	0	1
PROTOTYPE	022988	04/16/18	03:20:27	0.4892597695390782	0.4892597695390782	11.33	0.0	3.1312625250501003	3.1312625250501003	11.33	0.0	0.4892597695390782	0.4892597695390782	11.33	0.0	283.0	287.07	489.67	-255.1	0	1
PROTOTYPE	022989	04/16/18	03:20:29	0.4892597695390782	0.4892597695390782	11.32	0.0	3.1312625250501003	3.1312625250501003	11.32	0.0	0.4892597695390782	0.4892597695390782	11.32	0.0	299.0	288.86	572.93	-171.84	0	1
PROTOTYPE	022990	04/16/18	03:20:30	0.4892597695390782	0.4892597695390782	11.3	0.0	3.1312625250501003	3.1312625250501003	11.3	0.0	0.4892597695390782	0.4892597695390782	11.3	0.0	282.0	287.83	652.12	-251.06	0	1
PROTOTYPE	022991	04/16/18	03:20:32	0.4892597695390782	0.4892597695390782	11.29	0.0	3.1312625250501003	3.1312625250501003	11.29	0.0	0.4892597695390782	0.4892597695390782	11.29	0.0	287.0	287.7	569.53	-168.4	0	1
PROTOTYPE	022992	04/16/18	03:20:33	0.4892597695390782	0.4892597695390782	11.32	0.0	3.1312625250501003	3.1312625250501003	11.32	0.0	0.4892597695390782	0.4892597695390782	11.32	0.0	296.0	288.95	673.11	-23.14	0	1
PROTOTYPE	022993	04/16/18	03:20:34	0.4892597695390782	0.4892597695390782	11.29	0.0	3.1312625250501003	3.1312625250501003	11.29	0.0	0.4892597695390782	0.4892597695390782	11.29	0.0	294.0	289.71	686.18	115.33	0	1
PROTOTYPE	022994	04/16/18	03:20:36	0.4892597695390782	0.4892597695390782	11.22	0.0	3.1312625250501003	3.1312625250501003	11.22	0.0	0.4892597695390782	0.4892597695390782	11.22	0.0	299.0	291.1	727.29	353.03	0	1
PROTOTYPE	022995	04/16/18	03:20:37	0.4892597695390782	0.4892597695390782	11.19	0.0	3.1312625250501003	3.1312625250501003	11.19	0.0	0.4892597695390782	0.4892597695390782	11.19	0.0	295.0	291.69	764.31	390.07	0	1
PROTOTYPE	022996	04/16/18	03:20:39	0.4892597695390782	0.4892597695390782	11.17	0.0	3.1312625250501003	3.1312625250501003	11.17	0.0	0.4892597695390782	0.4892597695390782	11.17	0.0	286.0	290.83	777.82	376.56	0	1
PROTOTYPE	022997	04/16/18	03:20:40	0.4892597695390782	0.4892597695390782	11.19	0.0	3.1312625250501003	3.1312625250501003	11.19	0.0	0.4892597695390782	0.4892597695390782	11.19	0.0	300.0	292.21	736.33	335.08	0	1
PROTOTYPE	022998	04/16/18	03:20:41	0.4892597695390782	0.4892597695390782	11.22	0.0	3.1312625250501003	3.1312625250501003	11.22	0.0	0.4892597695390782	0.4892597695390782	11.22	0.0	280.0	290.38	816.59	254.82	0	1
PROTOTYPE	022999	04/16/18	03:20:43	0.4892597695390782	0.4892597695390782	11.23	0.0	3.1312625250501003	3.1312625250501003	11.23	0.0	0.4892597695390782	0.4892597695390782	11.23	0.0	288.0	290.02	839.77	231.59	0	1
PROTOTYPE	023000	04/16/18	03:20:44	0.4892597695390782	0.4892597695390782	11.21	0.0	3.1312625250501003	3.1312625250501003	11.21	0.0	0.4892597695390782	0.4892597695390782	11.21	0.0	277.0	288.07	910.62	-88.14	0	1
PROTOTYPE	023001	04/16/18	03:20:46	0.4892597695390782	0.4892597695390782	11.22	0.0	3.1312625250501003	3.1312625250501003	11.22	0.0	0.4892597695390782	0.4892597695390782	11.22	0.0	293.0	288.81	908.84	-89.92	0	1
PROTOTYPE	023002	04/16/18	03:20:47	0.4892597695390782	0.4892597695390782	11.22	0.0	3.1312625250501003	3.1312625250501003	11.22	0.0	0.4892597695390782	0.4892597695390782	11.22	0.0	276.0	286.89	961.54	-421.43	0	1
PROTOTYPE	023003	04/16/18	03:20:49	0.4892597695390782	0.4892597695390782	11.24	0.0	3.1312625250501003	3.1312625250501003	11.24	0.0	0.4892597695390782	0.4892597695390782	11.24	0.0	291.0	287.5	964.75	-418.22	0	1
PROTOTYPE	023004	04/16/18	03:20:50	0.4892597695390782	0.4892597695390782	11.26	0.0	3.1312625250501003	3.1312625250501003	11.26	0.0	0.4892597695390782	0.4892597695390782	11.26	0.0	301.0	289.53	1081.92	-130.49	0	1
PROTOTYPE	023005	04/16/18	03:20:51	0.4892597695390782	0.4892597695390782	11.26	0.0	3.1312625250501003	3.1312625250501003	11.26	0.0	0.4892597695390782	0.4892597695390782	11.26	0.0	292.0	289.9	981.52	-230.91	0	1
PROTOTYPE	023006	04/16/18	03:20:53	0.4892597695390782	0.4892597695390782	11.24	0.0	3.1312625250501003	3.1312625250501003	11.24	0.0	0.4892597695390782	0.4892597695390782	11.24	0.0	278.0	288.11	976.88	-226.28	0	1
PROTOTYPE	023007	04/16/18	03:20:54	0.4892597695390782	0.4892597695390782	11.27	0.0	3.1312625250501003	3.1312625250501003	11.27	0.0	0.4892597695390782	0.4892597695390782	11.27	0.0	283.0	287.35	1017.92	-267.33	0	1
PROTOTYPE	023008	04/16/18	03:20:56	0.4892597695390782	0.4892597695390782	11.26	0.0	3.1312625250501003	3.1312625250501003	11.26	0.0	0.4892597695390782	0.4892597695390782	11.26	0.0	296.0	288.64	952.43	57.77	0	1
PROTOTYPE	023009	04/16/18	03:20:57	0.4892597695390782	0.4892597695390782	11.28	0.0	3.2291144789579156	3.1459403181362724	24.92	15.0	0.4892597695390782	0.4892597695390782	11.28	0.0	297.0	289.9	1003.76	109.1	0	1
PROTOTYPE	023010	04/16/18	03:20:58	0.4892597695390782	0.4892597695390782	11.28	0.0	3.1312625250501003	3.143983279058116	26.17	12.75	0.4892597695390782	0.4892597695390782	11.28	0.0	285.0	289.16	885.13	227.74	0	1
PROTOTYPE	023011	04/16/18	03:21:00	0.4892597695390782	0.4892597695390782	11.28	0.0	3.1312625250501003	3.14202623997996	27.14	10.84	0.4892597695390782	0.4892597695390782	11.28	0.0	301.0	290.94	1000.96	343.58	0	1
PROTOTYPE	023012	04/16/18	03:21:01	0.4892597695390782	0.4892597695390782	11.28	0.0	3.2291144789579156	3.154746993987976	39.19	24.21	0.4892597695390782	0.4892597695390782	11.28	0.0	291.0	290.95	800.18	142.04	0	1
PROTOTYPE	023013	04/16/18	03:21:03	0.4892597695390782	0.4892597695390782	11.27	0.0	3.1312625250501003	3.1518114353707416	41.67	20.58	0.4892597695390782	0.4892597695390782	11.27	0.0	289.0	290.66	792.31	75.73	0	1
PROTOTYPE	023014	04/16/18	03:21:04	0.4892597695390782	0.4892597695390782	11.26	0.0	3.2291144789579156	3.162575150300601	52.26	32.49	0.4892597695390782	0.4892597695390782	11.26	0.0	296.0	291.46	694.01	334.37	0	1
PROTOTYPE	023015	04/16/18	03:21:05	0.4892597695390782	0.4892597695390782	11.24	0.0	3.1312625250501003	3.1586610721442887	55.9	27.62	0.4892597695390782	0.4892597695390782	11.24	0.0	291.0	291.39	624.29	404.22	0	1
PROTOTYPE	023016	04/16/18	03:21:07	0.4892597695390782	0.4892597695390782	11.24	0.0	3.2291144789579156	3.1684462675350704	65.45	38.48	0.4892597695390782	0.4892597695390782	11.24	0.0	279.0	289.53	680.32	88.58	0	1
PROTOTYPE	023017	04/16/18	03:21:08	0.4892597695390782	0.4892597695390782	11.23	0.0	3.1312625250501003	3.1635536698396796	56.32	17.7	0.4892597695390782	0.4892597695390782	11.23	0.0	282.0	288.4	667.95	-149.7	0	1
PROTOTYPE	023018	04/16/18	03:21:10	0.4892597695390782	0.4892597695390782	11.23	0.0	3.2291144789579156	3.173338865230461	63.86	30.05	0.4892597695390782	0.4892597695390782	11.23	0.0	270.0	285.64	870.48	-352.25	0	1
PROTOTYPE	023019	04/16/18	03:21:11	0.4892597695390782	0.4892597695390782	11.25	0.0	3.2291144789579156	3.181167021543086	70.19	40.54	0.4892597695390782	0.4892597695390782	11.25	0.0	282.0	285.09	747.56	-584.41	0	1
PROTOTYPE	023020	04/16/18	03:21:12	0.4892597695390782	0.4892597695390782	11.25	0.0	3.2291144789579156	3.1889951778557117	64.17	34.46	0.4892597695390782	0.4892597695390782	11.25	0.0	300.0	287.33	969.47	-361.75	0	1
PROTOTYPE	023021	04/16/18	03:21:14	0.4892597695390782	0.4892597695390782	11.25	0.0	3.1312625250501003	3.1801885020040084	69.18	29.29	0.4892597695390782	0.4892597695390782	11.25	0.0	293.0	288.18	1025.27	-247.49	0	1
PROTOTYPE	023022	04/16/18	03:21:15	0.4892597695390782	0.4892597695390782	11.26	0.0	3.2291144789579156	3.187038138777555	64.84	24.9	0.4892597695390782	0.4892597695390782	11.26	0.0	294.0	289.05	1032.39	-240.36	0	1
PROTOTYPE	023023	04/16/18	03:21:17	0.4892597695390782	0.4892597695390782	11.25	0.0	3.2291144789579156	3.193887775551102	66.31	36.16	0.4892597695390782	0.4892597695390782	11.25	0.0	298.0	290.4	1159.59	-99.31	0	1
PROTOTYPE	023024	04/16/18	03:21:18	0.4892597695390782	0.4892597695390782	11.28	0.0	3.2291144789579156	3.1987803732464926	60.98	30.74	0.4892597695390782	0.4892597695390782	11.28	0.0	287.0	289.89	1024.71	35.59	0	1
PROTOTYPE	023025	04/16/18	03:21:20	0.4892597695390782	0.4892597695390782	11.31	0.0	3.2291144789579156	3.203672970941884	59.88	41.13	0.4892597695390782	0.4892597695390782	11.31	0.0	290.0	289.9	913.97	150.25	0	1
PROTOTYPE	023026	04/16/18	03:21:21	0.4892597695390782	0.4892597695390782	11.33	0.0	3.2291144789579156	3.2075870490981964	53.86	34.96	0.4892597695390782	0.4892597695390782	11.33	0.0	294.0	290.52	699.42	487.71	0	1
PROTOTYPE	023027	04/16/18	03:21:22	0.4892597695390782	0.4892597695390782	11.32	0.0	3.2291144789579156	3.210522607715431	48.79	29.71	0.4892597695390782	0.4892597695390782	11.32	0.0	299.0	291.79	772.03	669.56	0	1
PROTOTYPE	023028	04/16/18	03:21:24	0.4892597695390782	0.4892597695390782	11.32	0.0	3.2291144789579156	3.2134581663326656	44.52	25.26	0.4892597695390782	0.4892597695390782	11.32	0.0	286.0	290.92	635.31	359.12	0	1
PROTOTYPE	023029	04/16/18	03:21:25	0.4892597695390782	0.4892597695390782	11.33	0.0	3.2291144789579156	3.2154152054108214	38.4	36.47	0.4892597695390782	0.4892597695390782	11.33	0.0	286.0	290.18	624.1	200.25	0	1
PROTOTYPE	023030	04/16/18	03:21:27	0.4892597695390782	0.4892597695390782	11.34	0.0	3.2291144789579156	3.2173722444889785	33.24	31.0	0.4892597695390782	0.4892597695390782	11.34	0.0	286.0	289.56	599.56	50.22	0	1
PROTOTYPE	023031	04/16/18	03:21:28	0.4892597695390782	0.4892597695390782	11.35	0.0	3.2291144789579156	3.2193292835671343	28.94	26.35	0.4892597695390782	0.4892597695390782	11.35	0.0	287.0	289.17	503.73	-122.32	0	1
PROTOTYPE	023032	04/16/18	03:21:29	0.4892597695390782	0.4892597695390782	11.32	0.0	3.2291144789579156	3.2212863226452906	25.36	22.4	0.4892597695390782	0.4892597695390782	11.32	0.0	295.0	290.05	540.2	16.03	0	1
PROTOTYPE	023033	04/16/18	03:21:31	0.4892597695390782	0.4892597695390782	11.29	0.0	3.2291144789579156	3.222264842184369	22.41	19.04	0.4892597695390782	0.4892597695390782	11.29	0.0	291.0	290.19	552.33	28.63	0	1
PROTOTYPE	023034	04/16/18	03:21:32	0.4892597695390782	0.4892597695390782	11.27	0.0	3.2291144789579156	3.223243361723447	20.0	16.18	0.4892597695390782	0.4892597695390782	11.27	0.0	287.0	289.71	538.73	-80.67	0	1
PROTOTYPE	023035	04/16/18	03:21:34	0.4892597695390782	0.4892597695390782	11.26	0.0	3.2291144789579156	3.224221881262525	18.06	13.75	0.4892597695390782	0.4892597695390782	11.26	0.0	292.0	290.05	445.85	-173.57	0	1
PROTOTYPE	023036	04/16/18	03:21:35	0.4892597695390782	0.4892597695390782	11.26	0.0	3.2291144789579156	3.2252004008016035	16.49	11.69	0.4892597695390782	0.4892597695390782	11.26	0.0	288.0	289.75	389.84	-117.53	0	1
PROTOTYPE	023037	04/16/18	03:21:37	0.4892597695390782	0.4892597695390782	11.3	0.0	3.2291144789579156	3.2252004008016035	15.29	9.94	0.4892597695390782	0.4892597695390782	11.3	0.0	291.0	289.93	334.86	-24.9	0	1
PROTOTYPE	023038	04/16/18	03:21:38	0.4892597695390782	0.4892597695390782	11.31	0.0	3.2291144789579156	3.226178920340681	14.33	8.45	0.4892597695390782	0.4892597695390782	11.31	0.0	282.0	288.74	391.12	-81.17	0	1
PROTOTYPE	023039	04/16/18	03:21:39	0.4892597695390782	0.4892597695390782	11.31	0.0	3.2291144789579156	3.226178920340681	13.58	7.18	0.4892597695390782	0.4892597695390782	11.31	0.0	296.0	289.83	461.6	66.01	0	1
PROTOTYPE	023040	04/16/18	03:21:41	0.4892597695390782	0.4892597695390782	11.31	0.0	3.2291144789579156	3.2271574398797593	13.0	6.1	0.4892597695390782	0.4892597695390782	11.31	0.0	290.0	289.86	377.05	-18.89	0	1
PROTOTYPE	023041	04/16/18	03:21:42	0.4892597695390782	0.4892597695390782	11.29	0.0	3.2291144789579156	3.2271574398797593	12.54	5.19	0.4892597695390782	0.4892597695390782	11.29	0.0	286.0	289.28	420.56	-91.06	0	1
PROTOTYPE	023042	04/16/18	03:21:44	0.4892597695390782	0.4892597695390782	11.29	0.0	3.2291144789579156	3.2271574398797593	12.21	4.41	0.4892597695390782	0.4892597695390782	11.29	0.0	287.0	288.94	406.91	-77.4	0	1
PROTOTYPE	023043	04/16/18	03:21:45	0.4892597695390782	0.4892597695390782	11.31	0.0	3.2291144789579156	3.228135959418838	11.98	3.75	0.4892597695390782	0.4892597695390782	11.31	0.0	294.0	289.7	448.51	-35.79	0	1
PROTOTYPE	023044	04/16/18	03:21:46	0.4892597695390782	0.4892597695390782	11.32	0.0	3.2291144789579156	3.228135959418838	11.81	3.19	0.4892597695390782	0.4892597695390782	11.32	0.0	280.0	288.24	563.11	-150.42	0	1
PROTOTYPE	023045	04/16/18	03:21:48	0.4892597695390782	0.4892597695390782	11.28	0.0	3.2291144789579156	3.228135959418838	11.64	2.71	0.4892597695390782	0.4892597695390782	11.28	0.0	277.0	286.56	712.89	-337.86	0	1
PROTOTYPE	023046	04/16/18	03:21:49	0.4892597695390782	0.4892597695390782	11.28	0.0	3.2291144789579156	3.228135959418838	11.54	2.3	0.4892597695390782	0.4892597695390782	11.28	0.0	284.0	286.17	632.23	-257.18	0	1
PROTOTYPE	023047	04/16/18	03:21:51	0.4892597695390782	0.4892597695390782	11.27	0.0	3.2291144789579156	3.228135959418838	11.46	1.96	0.4892597695390782	0.4892597695390782	11.27	0.0	291.0	286.9	595.81	-293.6	0	1
PROTOTYPE	023048	04/16/18	03:21:52	0.4892597695390782	0.4892597695390782	11.26	0.0	3.2291144789579156	3.228135959418838	11.4	1.66	0.4892597695390782	0.4892597695390782	11.26	0.0	289.0	287.21	624.52	-264.56	0	1
PROTOTYPE	023049	04/16/18	03:21:53	0.4892597695390782	0.4892597695390782	11.3	0.0	3.2291144789579156	3.228135959418838	11.4	1.41	0.4892597695390782	0.4892597695390782	11.3	0.0	281.0	286.28	659.83	-299.88	0	1
PROTOTYPE	023050	04/16/18	03:21:55	0.4892597695390782	0.4892597695390782	11.31	0.0	3.2291144789579156	3.2291144789579156	11.38	1.2	0.4892597695390782	0.4892597695390782	11.31	0.0	290.0	286.84	681.43	-209.9	0	1
PROTOTYPE	023051	04/16/18	03:21:56	0.4892597695390782	0.4892597695390782	11.29	0.0	3.2291144789579156	3.2291144789579156	11.34	1.02	0.4892597695390782	0.4892597695390782	11.29	0.0	287.0	286.86	608.28	-283.41	0	1
PROTOTYPE	023052	04/16/18	03:21:58	0.4892597695390782	0.4892597695390782	11.3	0.0	3.2291144789579156	3.2291144789579156	11.34	0.87	0.4892597695390782	0.4892597695390782	11.3	0.0	291.0	287.48	524.9	-75.9	0	1
PROTOTYPE	023053	04/16/18	03:21:59	0.4892597695390782	0.4892597695390782	11.31	0.0	3.2291144789579156	3.2291144789579156	11.34	0.74	0.4892597695390782	0.4892597695390782	11.31	0.0	292.0	288.16	424.03	160.48	0	1
PROTOTYPE	023054	04/16/18	03:22:01	0.4892597695390782	0.4892597695390782	11.29	0.0	3.2291144789579156	3.2291144789579156	11.31	0.63	0.4892597695390782	0.4892597695390782	11.29	0.0	276.0	286.34	568.08	16.41	0	1
PROTOTYPE	023055	04/16/18	03:22:02	0.4892597695390782	0.4892597695390782	11.3	0.0	3.2291144789579156	3.2291144789579156	11.31	0.53	0.4892597695390782	0.4892597695390782	11.3	0.0	290.0	286.89	550.63	-1.05	0	1
PROTOTYPE	023056	04/16/18	03:22:03	0.4892597695390782	0.4892597695390782	11.32	0.0	3.2291144789579156	3.2291144789579156	11.33	0.45	0.4892597695390782	0.4892597695390782	11.32	0.0	291.0	287.5	580.77	29.11	0	1
PROTOTYPE	023057	04/16/18	03:22:05	0.4892597695390782	0.4892597695390782	11.31	0.0	3.2291144789579156	3.2291144789579156	11.32	0.39	0.4892597695390782	0.4892597695390782	11.31	0.0	298.0	289.08	645.04	279.74	0	1
PROTOTYPE	023058	04/16/18	03:22:06	0.4892597695390782	0.4892597695390782	11.3	0.0	3.2291144789579156	3.2291144789579156	11.3	0.33	0.4892597695390782	0.4892597695390782	11.3	0.0	293.0	289.67	648.07	282.78	0	1
PROTOTYPE	023059	04/16/18	03:22:08	0.4892597695390782	0.4892597695390782	11.3	0.0	3.2291144789579156	3.2291144789579156	11.3	0.28	0.4892597695390782	0.4892597695390782	11.3	0.0	282.0	288.52	760.27	165.36	0	1
PROTOTYPE	023060	04/16/18	03:22:09	0.4892597695390782	0.4892597695390782	11.28	0.0	3.2291144789579156	3.2291144789579156	11.28	0.24	0.4892597695390782	0.4892597695390782	11.28	0.0	291.0	288.89	735.47	140.56	0	1
PROTOTYPE	023061	04/16/18	03:22:10	0.4892597695390782	0.4892597695390782	11.27	0.0	3.2291144789579156	3.2291144789579156	11.27	0.2	0.4892597695390782	0.4892597695390782	11.27	0.0	290.0	289.06	684.43	89.48	0	1
PROTOTYPE	023062	04/16/18	03:22:12	0.4892597695390782	0.4892597695390782	11.28	0.0	3.2291144789579156	3.2291144789579156	11.28	0.17	0.4892597695390782	0.4892597695390782	11.28	0.0	280.0	287.7	637.86	136.05	0	1
PROTOTYPE	023063	04/16/18	03:22:13	0.4892597695390782	0.4892597695390782	11.28	0.0	3.2291144789579156	3.2291144789579156	11.28	0.15	0.4892597695390782	0.4892597695390782	11.28	0.0	296.0	288.94	707.44	205.65	0	1
PROTOTYPE	023064	04/16/18	03:22:15	0.4892597695390782	0.4892597695390782	11.27	0.0	3.2291144789579156	3.2291144789579156	11.27	0.12	0.4892597695390782	0.4892597695390782	11.27	0.0	288.0	288.8	659.92	129.8	0	1
PROTOTYPE	023065	04/16/18	03:22:16	0.4892597695390782	0.4892597695390782	11.24	0.0	3.2291144789579156	3.2291144789579156	11.24	0.1	0.4892597695390782	0.4892597695390782	11.24	0.0	293.0	289.43	565.46	35.33	0	1
PROTOTYPE	023066	04/16/18	03:22:17	0.4892597695390782	0.4892597695390782	11.23	0.0	3.2291144789579156	3.2291144789579156	11.23	0.09	0.4892597695390782	0.4892597695390782	11.23	0.0	289.0	289.37	513.22	-29.97	0	1
PROTOTYPE	023067	04/16/18	03:22:19	0.4892597695390782	0.4892597695390782	11.22	0.0	3.2291144789579156	3.2291144789579156	11.22	0.08	0.4892597695390782	0.4892597695390782	11.22	0.0	285.0	288.71	463.73	19.53	0	1
PROTOTYPE	023068	04/16/18	03:22:20	0.4892597695390782	0.4892597695390782	11.22	0.0	3.2291144789579156	3.2291144789579156	11.22	0.06	0.4892597695390782	0.4892597695390782	11.22	0.0	295.0	289.65	520.79	76.6	0	1
PROTOTYPE	023069	04/16/18	03:22:22	0.4892597695390782	0.4892597695390782	11.22	0.0	3.2291144789579156	3.2291144789579156	11.22	0.05	0.4892597695390782	0.4892597695390782	11.22	0.0	294.0	290.31	569.25	125.11	0	1
PROTOTYPE	023070	04/16/18	03:22:23	0.4892597695390782	0.4892597695390782	11.22	0.0	3.2291144789579156	3.2291144789579156	11.22	0.05	0.4892597695390782	0.4892597695390782	11.22	0.0	289.0	290.11	453.06	241.34	0	1
PROTOTYPE	023071	04/16/18	03:22:24	0.4892597695390782	0.4892597695390782	11.21	0.0	3.2291144789579156	3.2291144789579156	11.21	0.04	0.4892597695390782	0.4892597695390782	11.21	0.0	292.0	290.39	356.89	145.14	0	1
PROTOTYPE	023072	04/16/18	03:22:26	0.4892597695390782	0.4892597695390782	11.2	0.0	3.2291144789579156	3.2291144789579156	11.2	0.03	0.4892597695390782	0.4892597695390782	11.2	0.0	299.0	291.68	471.78	288.37	0	1
PROTOTYPE	023073	04/16/18	03:22:27	0.4892597695390782	0.4892597695390782	11.2	0.0	3.2291144789579156	3.2291144789579156	11.2	0.03	0.4892597695390782	0.4892597695390782	11.2	0.0	277.0	289.48	629.06	5.11	0	1
PROTOTYPE	023074	04/16/18	03:22:29	0.4892597695390782	0.4892597695390782	11.2	0.0	3.2291144789579156	3.2291144789579156	11.2	0.02	0.4892597695390782	0.4892597695390782	11.2	0.0	288.0	289.26	644.72	-10.65	0	1
PROTOTYPE	023075	04/16/18	03:22:30	0.4892597695390782	0.4892597695390782	11.22	0.0	3.2291144789579156	3.2291144789579156	11.22	0.02	0.4892597695390782	0.4892597695390782	11.22	0.0	291.0	289.52	605.35	80.94	0	1
PROTOTYPE	023076	04/16/18	03:22:31	0.4892597695390782	0.4892597695390782	11.22	0.0	3.2291144789579156	3.2291144789579156	11.22	0.02	0.4892597695390782	0.4892597695390782	11.22	0.0	273.0	287.04	758.83	-261.2	0	1
PROTOTYPE	023077	04/16/18	03:22:33	0.4892597695390782	0.4892597695390782	11.2	0.0	3.2291144789579156	3.2291144789579156	11.2	0.01	0.4892597695390782	0.4892597695390782	11.2	0.0	293.0	287.94	783.0	-237.02	0	1
PROTOTYPE	023078	04/16/18	03:22:34	0.4892597695390782	0.4892597695390782	11.2	0.0	3.2291144789579156	3.2291144789579156	11.2	0.01	0.4892597695390782	0.4892597695390782	11.2	0.0	280.0	286.75	882.41	-336.46	0	1
PROTOTYPE	023079	04/16/18	03:22:36	0.4892597695390782	0.4892597695390782	11.2	0.0	3.2291144789579156	3.2291144789579156	11.2	0.01	0.4892597695390782	0.4892597695390782	11.2	0.0	299.0	288.58	1037.85	-181.0	0	1
PROTOTYPE	023080	04/16/18	03:22:37	0.4892597695390782	0.4892597695390782	11.22	0.0	3.2291144789579156	3.2291144789579156	11.22	0.01	0.4892597695390782	0.4892597695390782	11.22	0.0	287.0	288.35	932.55	-333.85	0	1
PROTOTYPE	023081	04/16/18	03:22:38	0.4892597695390782	0.4892597695390782	11.23	0.0	3.2291144789579156	3.2291144789579156	11.23	0.01	0.4892597695390782	0.4892597695390782	11.23	0.0	277.0	286.64	882.48	-283.77	0	1
PROTOTYPE	023082	04/16/18	03:22:40	0.4892597695390782	0.4892597695390782	11.25	0.0	3.2291144789579156	3.2291144789579156	11.25	0.01	0.4892597695390782	0.4892597695390782	11.25	0.0	291.0	287.3	925.55	-196.2	0	1
PROTOTYPE	023083	04/16/18	03:22:41	0.4892597695390782	0.4892597695390782	11.23	0.0	3.2291144789579156	3.2291144789579156	11.23	0.01	0.4892597695390782	0.4892597695390782	11.23	0.0	290.0	287.7	939.97	-181.77	0	1
PROTOTYPE	023084	04/16/18	03:22:43	0.4892597695390782	0.4892597695390782	11.23	0.0	3.2291144789579156	3.2291144789579156	11.23	0.0	0.4892597695390782	0.4892597695390782	11.23	0.0	285.0	287.3	732.72	25.49	0	1
PROTOTYPE	023085	04/16/18	03:22:44	0.4892597695390782	0.4892597695390782	11.26	0.0	3.2291144789579156	3.2291144789579156	11.26	0.0	0.4892597695390782	0.4892597695390782	11.26	0.0	295.0	288.45	758.89	51.67	0	1
PROTOTYPE	023086	04/16/18	03:22:45	0.4892597695390782	0.4892597695390782	11.24	0.0	3.3269664328657313	3.243792272044088	24.91	15.0	0.4892597695390782	0.4892597695390782	11.24	0.0	290.0	288.69	663.09	193.92	0	1
PROTOTYPE	023087	04/16/18	03:22:47	0.4892597695390782	0.4892597695390782	11.25	0.0	3.3269664328657313	3.2565130260521045	36.34	27.75	0.4892597695390782	0.4892597695390782	11.25	0.0	295.0	289.63	574.01	104.83	0	1
PROTOTYPE	023088	04/16/18	03:22:48	0.4892597695390782	0.4892597695390782	11.24	0.0	3.2291144789579156	3.252598947895792	39.32	23.59	0.4892597695390782	0.4892597695390782	11.24	0.0	297.0	290.74	660.73	239.11	0	1
PROTOTYPE	023089	04/16/18	03:22:50	0.4892597695390782	0.4892597695390782	11.25	0.0	3.3269664328657313	3.263362662825651	49.47	35.05	0.4892597695390782	0.4892597695390782	11.25	0.0	285.0	289.88	576.6	323.24	0	1
PROTOTYPE	023090	04/16/18	03:22:51	0.4892597695390782	0.4892597695390782	11.28	0.0	3.3269664328657313	3.2731478582164333	57.9	44.79	0.4892597695390782	0.4892597695390782	11.28	0.0	304.0	292.0	723.1	469.75	0	1
PROTOTYPE	023091	04/16/18	03:22:53	0.4892597695390782	0.4892597695390782	11.28	0.0	3.3269664328657313	3.2809760145290583	64.9	53.07	0.4892597695390782	0.4892597695390782	11.28	0.0	296.0	292.6	742.63	489.29	0	1
PROTOTYPE	023092	04/16/18	03:22:54	0.4892597695390782	0.4892597695390782	11.3	0.0	3.2291144789579156	3.2731478582164333	71.59	45.11	0.4892597695390782	0.4892597695390782	11.3	0.0	292.0	292.51	711.12	520.9	0	1
PROTOTYPE	023093	04/16/18	03:22:55	0.4892597695390782	0.4892597695390782	11.28	0.0	3.3269664328657313	3.2809760145290583	78.52	53.35	0.4892597695390782	0.4892597695390782	11.28	0.0	294.0	292.73	618.02	427.76	0	1
PROTOTYPE	023094	04/16/18	03:22:57	0.4892597695390782	0.4892597695390782	11.31	0.0	3.3269664328657313	3.2878256513026054	70.6	45.34	0.4892597695390782	0.4892597695390782	11.31	0.0	294.0	292.92	613.86	423.6	0	1
PROTOTYPE	023095	04/16/18	03:22:58	0.4892597695390782	0.4892597695390782	11.32	0.0	3.3269664328657313	3.293696768537074	63.88	38.54	0.4892597695390782	0.4892597695390782	11.32	0.0	295.0	293.23	550.34	360.06	0	1
PROTOTYPE	023096	04/16/18	03:23:00	0.4892597695390782	0.4892597695390782	11.33	0.0	3.3269664328657313	3.298589366232465	64.74	47.76	0.4892597695390782	0.4892597695390782	11.33	0.0	297.0	293.8	496.34	306.05	0	1
PROTOTYPE	023097	04/16/18	03:23:01	0.4892597695390782	0.4892597695390782	11.34	0.0	3.3269664328657313	3.3034819639278554	57.72	40.6	0.4892597695390782	0.4892597695390782	11.34	0.0	292.0	293.53	437.28	365.14	0	1
PROTOTYPE	023098	04/16/18	03:23:02	0.4892597695390782	0.4892597695390782	11.3	0.0	3.3269664328657313	3.30641752254509	51.78	34.51	0.4892597695390782	0.4892597695390782	11.3	0.0	281.0	291.65	413.35	-34.63	0	1
PROTOTYPE	023099	04/16/18	03:23:04	0.4892597695390782	0.4892597695390782	11.31	0.0	3.2291144789579156	3.2946752880761525	55.36	14.33	0.4892597695390782	0.4892597695390782	11.31	0.0	300.0	292.9	478.54	30.57	0	1
PROTOTYPE	023100	04/16/18	03:23:05	0.4892597695390782	0.4892597695390782	11.29	0.0	3.3269664328657313	3.2995678857715434	52.36	27.18	0.4892597695390782	0.4892597695390782	11.29	0.0	289.0	292.32	528.03	-19.02	0	1
PROTOTYPE	023101	04/16/18	03:23:07	0.4892597695390782	0.4892597695390782	11.29	0.0	3.3269664328657313	3.3034819639278554	48.4	23.1	0.4892597695390782	0.4892597695390782	11.29	0.0	293.0	292.42	515.93	-31.17	0	1
PROTOTYPE	023102	04/16/18	03:23:08	0.4892597695390782	0.4892597695390782	11.28	0.0	3.3269664328657313	3.307396042084168	45.06	19.64	0.4892597695390782	0.4892597695390782	11.28	0.0	293.0	292.51	505.67	-41.49	0	1
PROTOTYPE	023103	04/16/18	03:23:09	0.4892597695390782	0.4892597695390782	11.28	0.0	3.2291144789579156	3.2956538076152304	51.02	1.69	0.4892597695390782	0.4892597695390782	11.28	0.0	284.0	291.23	602.05	-200.27	0	1
PROTOTYPE	023104	04/16/18	03:23:11	0.4892597695390782	0.4892597695390782	11.28	0.0	3.3269664328657313	3.300546405310621	50.78	1.44	0.4892597695390782	0.4892597695390782	11.28	0.0	294.0	291.65	587.1	-215.23	0	1
PROTOTYPE	023105	04/16/18	03:23:12	0.4892597695390782	0.4892597695390782	11.3	0.0	3.3269664328657313	3.304460483466934	50.58	1.22	0.4892597695390782	0.4892597695390782	11.3	0.0	295.0	292.15	610.43	-137.94	0	1
PROTOTYPE	023106	04/16/18	03:23:14	0.4892597695390782	0.4892597695390782	11.31	0.0	3.3269664328657313	3.307396042084168	50.41	1.04	0.4892597695390782	0.4892597695390782	11.31	0.0	282.0	290.63	574.74	-102.25	0	1
PROTOTYPE	023107	04/16/18	03:23:15	0.4892597695390782	0.4892597695390782	11.32	0.0	3.3269664328657313	3.3103316007014025	41.71	15.88	0.4892597695390782	0.4892597695390782	11.32	0.0	293.0	290.98	485.1	-191.91	0	1
PROTOTYPE	023108	04/16/18	03:23:17	0.4892597695390782	0.4892597695390782	11.34	0.0	3.3269664328657313	3.313267159318637	39.51	13.5	0.4892597695390782	0.4892597695390782	11.34	0.0	305.0	293.09	636.82	76.87	0	1
PROTOTYPE	023109	04/16/18	03:23:18	0.4892597695390782	0.4892597695390782	11.35	0.0	3.3269664328657313	3.315224198396794	37.68	11.48	0.4892597695390782	0.4892597695390782	11.35	0.0	301.0	294.27	745.2	185.34	0	1
PROTOTYPE	023110	04/16/18	03:23:19	0.4892597695390782	0.4892597695390782	11.34	0.0	3.3269664328657313	3.3171812374749496	36.16	9.75	0.4892597695390782	0.4892597695390782	11.34	0.0	285.0	292.88	875.47	37.54	0	1
PROTOTYPE	023111	04/16/18	03:23:21	0.4892597695390782	0.4892597695390782	11.32	0.0	3.2291144789579156	3.3034819639278554	37.61	8.29	0.4892597695390782	0.4892597695390782	11.32	0.0	289.0	292.3	806.11	106.91	0	1
PROTOTYPE	023112	04/16/18	03:23:22	0.4892597695390782	0.4892597695390782	11.33	0.0	3.3269664328657313	3.307396042084168	36.44	7.05	0.4892597695390782	0.4892597695390782	11.33	0.0	297.0	293.0	835.06	135.87	0	1
PROTOTYPE	023113	04/16/18	03:23:24	0.4892597695390782	0.4892597695390782	11.3	0.0	3.3269664328657313	3.3103316007014025	35.45	5.99	0.4892597695390782	0.4892597695390782	11.3	0.0	291.0	292.7	814.82	55.49	0	1
PROTOTYPE	023114	04/16/18	03:23:25	0.4892597695390782	0.4892597695390782	11.29	0.0	3.3269664328657313	3.3122886397795592	34.63	5.09	0.4892597695390782	0.4892597695390782	11.29	0.0	302.0	294.1	802.04	347.17	0	1
PROTOTYPE	023115	04/16/18	03:23:26	0.4892597695390782	0.4892597695390782	11.28	0.0	3.3269664328657313	3.315224198396794	33.96	4.33	0.4892597695390782	0.4892597695390782	11.28	0.0	279.0	291.83	992.88	85.09	0	1
PROTOTYPE	023116	04/16/18	03:23:28	0.4892597695390782	0.4892597695390782	11.26	0.0	3.3269664328657313	3.3162027179358717	33.4	3.68	0.4892597695390782	0.4892597695390782	11.26	0.0	297.0	292.61	860.13	-47.67	0	1
PROTOTYPE	023117	04/16/18	03:23:29	0.4892597695390782	0.4892597695390782	11.27	0.0	3.3269664328657313	3.3181597570140275	32.97	3.13	0.4892597695390782	0.4892597695390782	11.27	0.0	289.0	292.07	795.54	-220.52	0	1
PROTOTYPE	023118	04/16/18	03:23:31	0.4892597695390782	0.4892597695390782	11.26	0.0	3.3269664328657313	3.3191382765531063	32.62	2.66	0.4892597695390782	0.4892597695390782	11.26	0.0	293.0	292.21	670.51	-67.44	0	1
PROTOTYPE	023119	04/16/18	03:23:32	0.4892597695390782	0.4892597695390782	11.26	0.0	3.3269664328657313	3.321095315631262	20.89	17.26	0.4892597695390782	0.4892597695390782	11.26	0.0	281.0	290.53	780.38	-177.33	0	1
PROTOTYPE	023120	04/16/18	03:23:33	0.4892597695390782	0.4892597695390782	11.25	0.0	3.3269664328657313	3.322073835170341	18.77	14.67	0.4892597695390782	0.4892597695390782	11.25	0.0	291.0	290.6	717.11	-240.73	0	1
PROTOTYPE	023121	04/16/18	03:23:35	0.4892597695390782	0.4892597695390782	11.24	0.0	3.3269664328657313	3.322073835170341	17.06	12.47	0.4892597695390782	0.4892597695390782	11.24	0.0	280.0	289.01	845.97	-369.62	0	1
PROTOTYPE	023122	04/16/18	03:23:36	0.4892597695390782	0.4892597695390782	11.26	0.0	3.3269664328657313	3.323052354709419	15.71	10.6	0.4892597695390782	0.4892597695390782	11.26	0.0	289.0	289.01	707.94	-509.18	0	1
PROTOTYPE	023123	04/16/18	03:23:38	0.4892597695390782	0.4892597695390782	11.26	0.0	3.3269664328657313	3.3240308742484967	14.64	9.01	0.4892597695390782	0.4892597695390782	11.26	0.0	287.0	288.71	511.6	-312.8	0	1
PROTOTYPE	023124	04/16/18	03:23:39	0.4892597695390782	0.4892597695390782	11.28	0.0	3.3269664328657313	3.3240308742484967	13.83	7.66	0.4892597695390782	0.4892597695390782	11.28	0.0	293.0	289.35	498.52	-325.88	0	1
PROTOTYPE	023125	04/16/18	03:23:41	0.4892597695390782	0.4892597695390782	11.28	0.0	3.3269664328657313	3.325009393787575	13.19	6.51	0.4892597695390782	0.4892597695390782	11.28	0.0	282.0	288.25	554.63	-382.0	0	1
PROTOTYPE	023126	04/16/18	03:23:42	0.4892597695390782	0.4892597695390782	11.29	0.0	3.3269664328657313	3.325009393787575	12.7	5.53	0.4892597695390782	0.4892597695390782	11.29	0.0	288.0	288.21	544.53	-399.7	0	1
PROTOTYPE	023127	04/16/18	03:23:43	0.4892597695390782	0.4892597695390782	11.31	0.0	3.3269664328657313	3.325009393787575	12.35	4.7	0.4892597695390782	0.4892597695390782	11.31	0.0	287.0	288.03	394.62	-249.74	0	1
PROTOTYPE	023128	04/16/18	03:23:45	0.4892597695390782	0.4892597695390782	11.29	0.0	3.3269664328657313	3.3259879133266534	12.05	4.0	0.4892597695390782	0.4892597695390782	11.29	0.0	284.0	287.42	447.82	-317.28	0	1
PROTOTYPE	023129	04/16/18	03:23:46	0.4892597695390782	0.4892597695390782	11.28	0.0	3.3269664328657313	3.3259879133266534	11.84	3.4	0.4892597695390782	0.4892597695390782	11.28	0.0	291.0	287.96	342.51	-104.69	0	1
PROTOTYPE	023130	04/16/18	03:23:48	0.4892597695390782	0.4892597695390782	11.28	0.0	3.3269664328657313	3.3259879133266534	11.69	2.89	0.4892597695390782	0.4892597695390782	11.28	0.0	293.0	288.72	416.69	-28.99	0	1
PROTOTYPE	023131	04/16/18	03:23:49	0.4892597695390782	0.4892597695390782	11.27	0.0	3.3269664328657313	3.3259879133266534	11.56	2.45	0.4892597695390782	0.4892597695390782	11.27	0.0	301.0	290.56	570.82	185.36	0	1
PROTOTYPE	023132	04/16/18	03:23:50	0.4892597695390782	0.4892597695390782	11.28	0.0	3.3269664328657313	3.3259879133266534	11.49	2.09	0.4892597695390782	0.4892597695390782	11.28	0.0	294.0	291.08	558.02	172.56	0	1
PROTOTYPE	023133	04/16/18	03:23:52	0.4892597695390782	0.4892597695390782	11.27	0.0	3.3269664328657313	3.3259879133266534	11.43	1.77	0.4892597695390782	0.4892597695390782	11.27	0.0	290.0	290.91	463.95	266.67	0	1
PROTOTYPE	023134	04/16/18	03:23:53	0.4892597695390782	0.4892597695390782	11.28	0.0	3.3269664328657313	3.3259879133266534	11.39	1.51	0.4892597695390782	0.4892597695390782	11.28	0.0	286.0	290.18	533.71	196.67	0	1
PROTOTYPE	023135	04/16/18	03:23:55	0.4892597695390782	0.4892597695390782	11.27	0.0	3.3269664328657313	3.3269664328657313	11.35	1.28	0.4892597695390782	0.4892597695390782	11.27	0.0	293.0	290.6	557.88	257.17	0	1
PROTOTYPE	023136	04/16/18	03:23:56	0.4892597695390782	0.4892597695390782	11.29	0.0	3.3269664328657313	3.3269664328657313	11.35	1.09	0.4892597695390782	0.4892597695390782	11.29	0.0	288.0	290.21	536.46	278.6	0	1
PROTOTYPE	023137	04/16/18	03:23:57	0.4892597695390782	0.4892597695390782	11.31	0.0	3.3269664328657313	3.3269664328657313	11.35	0.93	0.4892597695390782	0.4892597695390782	11.31	0.0	300.0	291.68	629.66	371.81	0	1
PROTOTYPE	023138	04/16/18	03:23:59	0.4892597695390782	0.4892597695390782	11.28	0.0	3.3269664328657313	3.3269664328657313	11.31	0.79	0.4892597695390782	0.4892597695390782	11.28	0.0	293.0	291.88	573.92	316.04	0	1
PROTOTYPE	023139	04/16/18	03:24:00	0.4892597695390782	0.4892597695390782	11.28	0.0	3.3269664328657313	3.3269664328657313	11.3	0.67	0.4892597695390782	0.4892597695390782	11.28	0.0	296.0	292.5	451.53	193.63	0	1
PROTOTYPE	023140	04/16/18	03:24:02	0.4892597695390782	0.4892597695390782	11.25	0.0	3.3269664328657313	3.3269664328657313	11.26	0.57	0.4892597695390782	0.4892597695390782	11.25	0.0	285.0	291.37	512.34	29.59	0	1
PROTOTYPE	023141	04/16/18	03:24:03	0.4892597695390782	0.4892597695390782	11.23	0.0	3.3269664328657313	3.3269664328657313	11.24	0.48	0.4892597695390782	0.4892597695390782	11.23	0.0	301.0	292.82	640.59	190.15	0	1
PROTOTYPE	023142	04/16/18	03:24:04	0.4892597695390782	0.4892597695390782	11.22	0.0	3.3269664328657313	3.3269664328657313	11.23	0.41	0.4892597695390782	0.4892597695390782	11.22	0.0	286.0	291.79	669.1	161.63	0	1
PROTOTYPE	023143	04/16/18	03:24:06	0.4892597695390782	0.4892597695390782	11.22	0.0	3.3269664328657313	3.3269664328657313	11.22	0.35	0.4892597695390782	0.4892597695390782	11.22	0.0	298.0	292.72	719.85	212.38	0	1
PROTOTYPE	023144	04/16/18	03:24:07	0.4892597695390782	0.4892597695390782	11.22	0.0	3.3269664328657313	3.3269664328657313	11.22	0.3	0.4892597695390782	0.4892597695390782	11.22	0.0	293.0	292.77	685.19	255.52	0	1
PROTOTYPE	023145	04/16/18	03:24:09	0.4892597695390782	0.4892597695390782	11.21	0.0	3.3269664328657313	3.3269664328657313	11.21	0.25	0.4892597695390782	0.4892597695390782	11.21	0.0	284.0	291.45	669.83	-22.8	0	1
PROTOTYPE	023146	04/16/18	03:24:10	0.4892597695390782	0.4892597695390782	11.21	0.0	3.3269664328657313	3.3269664328657313	11.21	0.21	0.4892597695390782	0.4892597695390782	11.21	0.0	292.0	291.53	658.32	-34.38	0	1
PROTOTYPE	023147	04/16/18	03:24:11	0.4892597695390782	0.4892597695390782	11.21	0.0	3.3269664328657313	3.3269664328657313	11.21	0.18	0.4892597695390782	0.4892597695390782	11.21	0.0	292.0	291.6	603.6	-89.23	0	1
PROTOTYPE	023148	04/16/18	03:24:13	0.4892597695390782	0.4892597695390782	11.22	0.0	3.3269664328657313	3.3269664328657313	11.22	0.15	0.4892597695390782	0.4892597695390782	11.22	0.0	286.0	290.76	575.22	-60.84	0	1
PROTOTYPE	023149	04/16/18	03:24:14	0.4892597695390782	0.4892597695390782	11.23	0.0	3.3269664328657313	3.3269664328657313	11.23	0.13	0.4892597695390782	0.4892597695390782	11.23	0.0	295.0	291.4	494.35	-141.72	0	1
PROTOTYPE	023150	04/16/18	03:24:16	0.4892597695390782	0.4892597695390782	11.24	0.0	3.3269664328657313	3.3269664328657313	11.24	0.11	0.4892597695390782	0.4892597695390782	11.24	0.0	279.0	289.54	578.09	-225.46	0	1
PROTOTYPE	023151	04/16/18	03:24:17	0.4892597695390782	0.4892597695390782	11.23	0.0	3.3269664328657313	3.3269664328657313	11.23	0.1	0.4892597695390782	0.4892597695390782	11.23	0.0	276.0	287.51	688.06	-521.64	0	1
PROTOTYPE	023152	04/16/18	03:24:19	0.4892597695390782	0.4892597695390782	11.21	0.0	3.3269664328657313	3.3269664328657313	11.21	0.08	0.4892597695390782	0.4892597695390782	11.21	0.0	279.0	286.23	811.31	-653.39	0	1
PROTOTYPE	023153	04/16/18	03:24:20	0.4892597695390782	0.4892597695390782	11.22	0.0	3.3269664328657313	3.3269664328657313	11.22	0.07	0.4892597695390782	0.4892597695390782	11.22	0.0	291.0	286.95	751.36	-450.38	0	1
PROTOTYPE	023154	04/16/18	03:24:21	0.4892597695390782	0.4892597695390782	11.23	0.0	3.3269664328657313	3.3269664328657313	11.23	0.06	0.4892597695390782	0.4892597695390782	11.23	0.0	291.0	287.55	803.82	-397.83	0	1
PROTOTYPE	023155	04/16/18	03:24:23	0.4892597695390782	0.4892597695390782	11.24	0.0	3.3269664328657313	3.3269664328657313	11.24	0.05	0.4892597695390782	0.4892597695390782	11.24	0.0	288.0	287.62	803.5	-398.15	0	1
PROTOTYPE	023156	04/16/18	03:24:24	0.4892597695390782	0.4892597695390782	11.23	0.0	3.3269664328657313	3.3269664328657313	11.23	0.04	0.4892597695390782	0.4892597695390782	11.23	0.0	287.0	287.53	728.87	-323.43	0	1
PROTOTYPE	023157	04/16/18	03:24:26	0.4892597695390782	0.4892597695390782	11.25	0.0	3.3269664328657313	3.3269664328657313	11.25	0.04	0.4892597695390782	0.4892597695390782	11.25	0.0	287.0	287.45	673.34	-394.92	0	1
PROTOTYPE	023158	04/16/18	03:24:27	0.4892597695390782	0.4892597695390782	11.24	0.0	3.3269664328657313	3.3269664328657313	11.24	0.03	0.4892597695390782	0.4892597695390782	11.24	0.0	289.0	287.68	510.67	-185.68	0	1
PROTOTYPE	023159	04/16/18	03:24:28	0.4892597695390782	0.4892597695390782	11.25	0.0	3.3269664328657313	3.3269664328657313	11.25	0.03	0.4892597695390782	0.4892597695390782	11.25	0.0	295.0	288.78	417.37	127.17	0	1
PROTOTYPE	023160	04/16/18	03:24:30	0.4892597695390782	0.4892597695390782	11.26	0.0	3.3269664328657313	3.3269664328657313	11.26	0.02	0.4892597695390782	0.4892597695390782	11.26	0.0	290.0	288.96	308.11	273.1	0	1
PROTOTYPE	023161	04/16/18	03:24:31	0.4892597695390782	0.4892597695390782	11.25	0.0	3.3269664328657313	3.3269664328657313	11.25	0.02	0.4892597695390782	0.4892597695390782	11.25	0.0	295.0	289.87	327.14	292.13	0	1
PROTOTYPE	023162	04/16/18	03:24:33	0.4892597695390782	0.4892597695390782	11.26	0.0	3.3269664328657313	3.3269664328657313	11.26	0.02	0.4892597695390782	0.4892597695390782	11.26	0.0	298.0	291.09	388.31	353.31	0	1
PROTOTYPE	023163	04/16/18	03:24:34	0.4892597695390782	0.4892597695390782	11.27	0.0	3.3269664328657313	3.3269664328657313	11.27	0.01	0.4892597695390782	0.4892597695390782	11.27	0.0	282.0	289.72	517.82	210.32	0	1
PROTOTYPE	023164	04/16/18	03:24:35	0.4892597695390782	0.4892597695390782	11.28	0.0	3.3269664328657313	3.3269664328657313	11.28	0.01	0.4892597695390782	0.4892597695390782	11.28	0.0	285.0	289.02	579.27	148.77	0	1
PROTOTYPE	023165	04/16/18	03:24:37	0.4892597695390782	0.4892597695390782	11.27	0.0	3.3269664328657313	3.3269664328657313	11.27	0.01	0.4892597695390782	0.4892597695390782	11.27	0.0	302.0	290.96	765.98	351.45	0	1
PROTOTYPE	023166	04/16/18	03:24:38	0.4892597695390782	0.4892597695390782	11.28	0.0	3.3269664328657313	3.3269664328657313	11.28	0.01	0.4892597695390782	0.4892597695390782	11.28	0.0	289.0	290.67	772.17	298.74	0	1
