Dev_id	Index	Date	Time	Sensor1	Sensor1_Filter	Sensor1_LL	Sensor1_Diff	Sensor2	Sensor2_Filter	Sensor2_LL	Sensor2_Diff	Sensor3	Sensor3_Filter	Sensor3_LL	Sensor3_Diff	Sensor4	Sensor4_Filter	Sensor4_LL	Sensor4_Diff	Heater_Status	FSM_Status
PROTOTYPE	020167	04/16/18	02:14:11	0.4892597695390782	0.4892597695390782	11.22	-0.0	3.522670340681363	3.5627896417835667	65.45	-23.31	0.4892597695390782	0.4892597695390782	11.22	0.0	284.0	287.81	800.09	-51.94	0	1
PROTOTYPE	020168	04/16/18	02:14:12	0.4892597695390782	0.4892597695390782	11.22	-0.0	3.522670340681363	3.5569185245490984	62.01	-19.82	0.4892597695390782	0.4892597695390782	11.22	0.0	293.0	288.59	738.06	165.85	0	1
PROTOTYPE	020169	04/16/18	02:14:14	0.4892597695390782	0.4892597695390782	11.23	-0.0	3.6205222945891786	3.5667037199398797	63.49	-1.84	0.4892597695390782	0.4892597695390782	11.23	0.0	288.0	288.5	565.9	-24.02	0	1
PROTOTYPE	020170	04/16/18	02:14:15	0.4892597695390782	0.4892597695390782	11.22	-0.0	3.522670340681363	3.559854083166333	62.24	-16.57	0.4892597695390782	0.4892597695390782	11.22	0.0	286.0	288.12	449.5	-215.42	0	1
PROTOTYPE	020171	04/16/18	02:14:17	0.4892597695390782	0.4892597695390782	11.23	-0.0	3.522670340681363	3.553982965931864	61.19	-29.08	0.4892597695390782	0.4892597695390782	11.23	0.0	287.0	287.96	357.23	-123.11	0	1
PROTOTYPE	020172	04/16/18	02:14:18	0.4892597695390782	0.4892597695390782	11.25	-0.0	3.522670340681363	3.5500688877755513	60.31	-39.72	0.4892597695390782	0.4892597695390782	11.25	0.0	294.0	288.86	435.63	-44.64	0	1
PROTOTYPE	020173	04/16/18	02:14:19	0.4892597695390782	0.4892597695390782	11.26	-0.0	3.6205222945891786	3.559854083166333	61.08	-18.76	0.4892597695390782	0.4892597695390782	11.26	0.0	298.0	290.23	463.06	202.06	0	1
PROTOTYPE	020174	04/16/18	02:14:21	0.4892597695390782	0.4892597695390782	11.28	-0.0	3.6205222945891786	3.569639278557114	61.74	-0.95	0.4892597695390782	0.4892597695390782	11.28	0.0	301.0	291.85	597.72	336.75	0	1
PROTOTYPE	020175	04/16/18	02:14:22	0.4892597695390782	0.4892597695390782	11.3	-0.0	3.6205222945891786	3.5774674348697397	62.3	14.19	0.4892597695390782	0.4892597695390782	11.3	0.0	303.0	293.52	697.79	571.23	0	1
PROTOTYPE	020176	04/16/18	02:14:24	0.4892597695390782	0.4892597695390782	11.31	-0.0	3.522670340681363	3.568660759018036	64.39	12.07	0.4892597695390782	0.4892597695390782	11.31	0.0	288.0	292.69	702.73	410.55	0	1
PROTOTYPE	020177	04/16/18	02:14:25	0.4892597695390782	0.4892597695390782	11.31	-0.0	3.522670340681363	3.561811122244489	61.77	-4.74	0.4892597695390782	0.4892597695390782	11.31	0.0	306.0	294.69	893.42	618.97	0	1
PROTOTYPE	020178	04/16/18	02:14:27	0.4892597695390782	0.4892597695390782	11.31	-0.0	3.522670340681363	3.5559400050100205	61.08	-4.03	0.4892597695390782	0.4892597695390782	11.31	0.0	296.0	294.89	875.63	676.12	0	1
PROTOTYPE	020179	04/16/18	02:14:28	0.4892597695390782	0.4892597695390782	11.33	-0.0	3.6205222945891786	3.5657252004008013	65.18	11.57	0.4892597695390782	0.4892597695390782	11.33	0.0	294.0	294.75	872.06	679.7	0	1
PROTOTYPE	020180	04/16/18	02:14:29	0.4892597695390782	0.4892597695390782	11.31	-0.0	3.6205222945891786	3.573553356713427	68.63	24.84	0.4892597695390782	0.4892597695390782	11.31	0.0	296.0	294.94	800.15	607.75	0	1
PROTOTYPE	020181	04/16/18	02:14:31	0.4892597695390782	0.4892597695390782	11.3	-0.0	3.522670340681363	3.5667037199398797	65.65	6.11	0.4892597695390782	0.4892597695390782	11.3	0.0	298.0	295.4	709.0	516.59	0	1
PROTOTYPE	020182	04/16/18	02:14:32	0.4892597695390782	0.4892597695390782	11.29	-0.0	3.522670340681363	3.559854083166333	63.13	-9.81	0.4892597695390782	0.4892597695390782	11.29	0.0	291.0	294.74	613.49	289.1	0	1
PROTOTYPE	020183	04/16/18	02:14:34	0.4892597695390782	0.4892597695390782	11.27	-0.0	3.522670340681363	3.553982965931864	61.0	-23.33	0.4892597695390782	0.4892597695390782	11.27	0.0	286.0	293.43	577.29	-9.27	0	1
PROTOTYPE	020184	04/16/18	02:14:35	0.4892597695390782	0.4892597695390782	11.26	-0.0	3.522670340681363	3.5490903682364734	57.58	-19.83	0.4892597695390782	0.4892597695390782	11.26	0.0	282.0	291.71	665.9	-97.88	0	1
PROTOTYPE	020185	04/16/18	02:14:36	0.4892597695390782	0.4892597695390782	11.26	-0.0	3.522670340681363	3.54517629008016	54.7	-16.86	0.4892597695390782	0.4892597695390782	11.26	0.0	296.0	292.36	530.59	-233.2	0	1
PROTOTYPE	020186	04/16/18	02:14:38	0.4892597695390782	0.4892597695390782	11.26	-0.0	3.522670340681363	3.5422407314629263	52.28	-14.33	0.4892597695390782	0.4892597695390782	11.26	0.0	288.0	291.7	576.24	-318.22	0	1
PROTOTYPE	020187	04/16/18	02:14:39	0.4892597695390782	0.4892597695390782	11.27	-0.0	3.522670340681363	3.5393051728456917	45.58	-27.18	0.4892597695390782	0.4892597695390782	11.27	0.0	301.0	293.1	702.34	-165.48	0	1
PROTOTYPE	020188	04/16/18	02:14:41	0.4892597695390782	0.4892597695390782	11.28	-0.0	3.522670340681363	3.536369614228457	39.95	-38.1	0.4892597695390782	0.4892597695390782	11.28	0.0	292.0	292.93	700.1	-200.66	0	1
PROTOTYPE	020189	04/16/18	02:14:42	0.4892597695390782	0.4892597695390782	11.28	-0.0	3.522670340681363	3.5344125751503004	34.53	-32.39	0.4892597695390782	0.4892597695390782	11.28	0.0	291.0	292.64	683.21	-275.56	0	1
PROTOTYPE	020190	04/16/18	02:14:43	0.4892597695390782	0.4892597695390782	11.27	-0.0	3.522670340681363	3.5324555360721446	30.0	-27.53	0.4892597695390782	0.4892597695390782	11.27	0.0	283.0	291.2	761.86	-354.23	0	1
PROTOTYPE	020191	04/16/18	02:14:45	0.4892597695390782	0.4892597695390782	11.27	-0.0	3.6205222945891786	3.546154809619239	37.68	-8.4	0.4892597695390782	0.4892597695390782	11.27	0.0	299.0	292.37	747.83	-106.09	0	1
PROTOTYPE	020192	04/16/18	02:14:46	0.4892597695390782	0.4892597695390782	11.27	-0.0	3.522670340681363	3.5422407314629263	36.48	-7.14	0.4892597695390782	0.4892597695390782	11.27	0.0	288.0	291.71	641.93	-0.18	0	1
PROTOTYPE	020193	04/16/18	02:14:48	0.4892597695390782	0.4892597695390782	11.26	-0.0	3.6205222945891786	3.553982965931864	44.2	8.93	0.4892597695390782	0.4892597695390782	11.26	0.0	292.0	291.76	582.16	-60.15	0	1
PROTOTYPE	020194	04/16/18	02:14:49	0.4892597695390782	0.4892597695390782	11.26	-0.0	3.522670340681363	3.5490903682364734	45.47	7.59	0.4892597695390782	0.4892597695390782	11.26	0.0	284.0	290.59	633.13	-111.13	0	1
PROTOTYPE	020195	04/16/18	02:14:51	0.4892597695390782	0.4892597695390782	11.25	-0.0	3.522670340681363	3.54517629008016	46.52	6.45	0.4892597695390782	0.4892597695390782	11.25	0.0	295.0	291.25	559.8	-184.46	0	1
PROTOTYPE	020196	04/16/18	02:14:52	0.4892597695390782	0.4892597695390782	11.26	-0.0	3.6205222945891786	3.5569185245490984	55.23	20.48	0.4892597695390782	0.4892597695390782	11.26	0.0	283.0	290.02	667.08	-291.79	0	1
PROTOTYPE	020197	04/16/18	02:14:53	0.4892597695390782	0.4892597695390782	11.29	-0.0	3.522670340681363	3.552025926853707	58.08	17.41	0.4892597695390782	0.4892597695390782	11.29	0.0	295.0	290.76	712.84	-188.02	0	1
PROTOTYPE	020198	04/16/18	02:14:55	0.4892597695390782	0.4892597695390782	11.3	-0.0	3.522670340681363	3.5471333291583167	60.43	14.8	0.4892597695390782	0.4892597695390782	11.3	0.0	284.0	289.75	669.64	-144.82	0	1
PROTOTYPE	020199	04/16/18	02:14:56	0.4892597695390782	0.4892597695390782	11.31	-0.0	3.6205222945891786	3.5578970440881763	58.23	12.58	0.4892597695390782	0.4892597695390782	11.31	0.0	295.0	290.54	631.36	-183.1	0	1
PROTOTYPE	020200	04/16/18	02:14:58	0.4892597695390782	0.4892597695390782	11.33	-0.0	3.6205222945891786	3.567682239478958	64.05	25.69	0.4892597695390782	0.4892597695390782	11.33	0.0	295.0	291.21	632.81	-50.63	0	1
PROTOTYPE	020201	04/16/18	02:14:59	0.4892597695390782	0.4892597695390782	11.34	-0.0	3.522670340681363	3.560832602705411	59.03	6.84	0.4892597695390782	0.4892597695390782	11.34	0.0	284.0	290.12	736.37	-163.04	0	1
PROTOTYPE	020202	04/16/18	02:15:00	0.4892597695390782	0.4892597695390782	11.33	-0.0	3.522670340681363	3.5549614854709417	60.02	5.81	0.4892597695390782	0.4892597695390782	11.33	0.0	299.0	291.46	753.17	86.42	0	1
PROTOTYPE	020203	04/16/18	02:15:02	0.4892597695390782	0.4892597695390782	11.3	-0.0	3.6205222945891786	3.5647466808617234	65.8	19.94	0.4892597695390782	0.4892597695390782	11.3	0.0	293.0	291.69	710.23	43.46	0	1
PROTOTYPE	020204	04/16/18	02:15:03	0.4892597695390782	0.4892597695390782	11.3	-0.0	3.6205222945891786	3.573553356713427	62.84	16.95	0.4892597695390782	0.4892597695390782	11.3	0.0	291.0	291.58	596.84	156.94	0	1
PROTOTYPE	020205	04/16/18	02:15:05	0.4892597695390782	0.4892597695390782	11.28	-0.0	3.6205222945891786	3.5804029934869743	64.81	29.41	0.4892597695390782	0.4892597695390782	11.28	0.0	286.0	290.75	605.83	-1.6	0	1
PROTOTYPE	020206	04/16/18	02:15:06	0.4892597695390782	0.4892597695390782	11.29	-0.0	3.6205222945891786	3.586274110721443	66.48	40.0	0.4892597695390782	0.4892597695390782	11.29	0.0	294.0	291.23	553.2	148.64	0	1
PROTOTYPE	020207	04/16/18	02:15:08	0.4892597695390782	0.4892597695390782	11.34	-0.0	3.522670340681363	3.576488915330661	65.03	19.0	0.4892597695390782	0.4892597695390782	11.34	0.0	294.0	291.65	515.91	111.34	0	1
PROTOTYPE	020208	04/16/18	02:15:09	0.4892597695390782	0.4892597695390782	11.34	-0.0	3.522670340681363	3.568660759018036	63.8	1.15	0.4892597695390782	0.4892597695390782	11.34	0.0	282.0	290.2	593.69	-100.36	0	1
PROTOTYPE	020209	04/16/18	02:15:10	0.4892597695390782	0.4892597695390782	11.34	-0.0	3.6205222945891786	3.576488915330661	64.84	15.98	0.4892597695390782	0.4892597695390782	11.34	0.0	282.0	288.97	608.64	-115.31	0	1
PROTOTYPE	020210	04/16/18	02:15:12	0.4892597695390782	0.4892597695390782	11.34	-0.0	3.522670340681363	3.568660759018036	67.19	13.58	0.4892597695390782	0.4892597695390782	11.34	0.0	282.0	287.93	580.09	-353.01	0	1
PROTOTYPE	020211	04/16/18	02:15:13	0.4892597695390782	0.4892597695390782	11.35	-0.0	3.522670340681363	3.561811122244489	64.22	-3.46	0.4892597695390782	0.4892597695390782	11.35	0.0	299.0	289.59	723.01	-210.06	0	1
PROTOTYPE	020212	04/16/18	02:15:15	0.4892597695390782	0.4892597695390782	11.36	-0.0	3.6205222945891786	3.5706177980961926	64.73	-2.94	0.4892597695390782	0.4892597695390782	11.36	0.0	294.0	290.25	778.8	-133.55	0	1
PROTOTYPE	020213	04/16/18	02:15:16	0.4892597695390782	0.4892597695390782	11.36	-0.0	3.522670340681363	3.5627896417835667	64.8	-17.5	0.4892597695390782	0.4892597695390782	11.36	0.0	291.0	290.36	706.37	-38.52	0	1
PROTOTYPE	020214	04/16/18	02:15:17	0.4892597695390782	0.4892597695390782	11.34	-0.0	3.522670340681363	3.5569185245490984	64.86	-29.87	0.4892597695390782	0.4892597695390782	11.34	0.0	300.0	291.81	802.14	57.26	0	1
PROTOTYPE	020215	04/16/18	02:15:19	0.4892597695390782	0.4892597695390782	11.27	-0.0	3.6205222945891786	3.5667037199398797	64.8	-10.39	0.4892597695390782	0.4892597695390782	11.27	0.0	278.0	289.74	967.75	-191.33	0	1
PROTOTYPE	020216	04/16/18	02:15:20	0.4892597695390782	0.4892597695390782	11.24	-0.0	3.522670340681363	3.559854083166333	63.26	-8.83	0.4892597695390782	0.4892597695390782	11.24	0.0	293.0	290.23	871.97	2.37	0	1
PROTOTYPE	020217	04/16/18	02:15:22	0.4892597695390782	0.4892597695390782	11.26	-0.0	3.6205222945891786	3.568660759018036	64.57	-7.51	0.4892597695390782	0.4892597695390782	11.26	0.0	290.0	290.19	752.61	122.02	0	1
PROTOTYPE	020218	04/16/18	02:15:23	0.4892597695390782	0.4892597695390782	11.27	-0.0	3.522670340681363	3.561811122244489	63.46	-6.38	0.4892597695390782	0.4892597695390782	11.27	0.0	296.0	291.06	735.15	313.71	0	1
PROTOTYPE	020219	04/16/18	02:15:25	0.4892597695390782	0.4892597695390782	11.3	-0.0	3.522670340681363	3.5559400050100205	62.53	-5.42	0.4892597695390782	0.4892597695390782	11.3	0.0	293.0	291.35	598.12	176.66	0	1
PROTOTYPE	020220	04/16/18	02:15:26	0.4892597695390782	0.4892597695390782	11.31	-0.0	3.6205222945891786	3.5657252004008013	63.34	-4.61	0.4892597695390782	0.4892597695390782	11.31	0.0	294.0	291.75	571.64	150.16	0	1
PROTOTYPE	020221	04/16/18	02:15:27	0.4892597695390782	0.4892597695390782	11.3	-0.0	3.6205222945891786	3.574531876252505	64.38	11.08	0.4892597695390782	0.4892597695390782	11.3	0.0	295.0	292.24	609.05	187.63	0	1
PROTOTYPE	020222	04/16/18	02:15:29	0.4892597695390782	0.4892597695390782	11.32	-0.0	3.6205222945891786	3.5813815130260522	65.27	24.42	0.4892597695390782	0.4892597695390782	11.32	0.0	295.0	292.65	505.92	84.49	0	1
PROTOTYPE	020223	04/16/18	02:15:30	0.4892597695390782	0.4892597695390782	11.33	-0.0	3.6205222945891786	3.5872526302605205	61.67	20.76	0.4892597695390782	0.4892597695390782	11.33	0.0	286.0	291.65	398.6	191.82	0	1
PROTOTYPE	020224	04/16/18	02:15:32	0.4892597695390782	0.4892597695390782	11.34	-0.0	3.6205222945891786	3.592145227955912	60.12	32.64	0.4892597695390782	0.4892597695390782	11.34	0.0	292.0	291.71	354.99	148.04	0	1
PROTOTYPE	020225	04/16/18	02:15:33	0.4892597695390782	0.4892597695390782	11.33	-0.0	3.6205222945891786	3.5960593061122244	55.33	27.75	0.4892597695390782	0.4892597695390782	11.33	0.0	293.0	291.9	370.77	170.84	0	1
PROTOTYPE	020226	04/16/18	02:15:34	0.4892597695390782	0.4892597695390782	11.32	-0.0	3.6205222945891786	3.5999733842685373	52.05	38.58	0.4892597695390782	0.4892597695390782	11.32	0.0	279.0	289.97	477.15	-109.79	0	1
PROTOTYPE	020227	04/16/18	02:15:36	0.4892597695390782	0.4892597695390782	11.31	-0.0	3.6205222945891786	3.602908942885772	49.29	47.8	0.4892597695390782	0.4892597695390782	11.31	0.0	299.0	291.32	583.59	-3.32	0	1
PROTOTYPE	020228	04/16/18	02:15:37	0.4892597695390782	0.4892597695390782	11.28	-0.0	3.6205222945891786	3.6058445015030065	42.36	40.63	0.4892597695390782	0.4892597695390782	11.28	0.0	297.0	292.17	629.08	42.18	0	1
PROTOTYPE	020229	04/16/18	02:15:39	0.4892597695390782	0.4892597695390782	11.29	-0.0	3.6205222945891786	3.607801540581162	36.55	34.53	0.4892597695390782	0.4892597695390782	11.29	0.0	301.0	293.5	712.74	125.85	0	1
PROTOTYPE	020230	04/16/18	02:15:40	0.4892597695390782	0.4892597695390782	11.27	-0.0	3.6205222945891786	3.6097585796593186	31.69	29.35	0.4892597695390782	0.4892597695390782	11.27	0.0	290.0	292.97	723.75	31.97	0	1
PROTOTYPE	020231	04/16/18	02:15:41	0.4892597695390782	0.4892597695390782	11.27	-0.0	3.522670340681363	3.5970378256513027	38.9	9.95	0.4892597695390782	0.4892597695390782	11.27	0.0	285.0	291.78	743.54	12.18	0	1
PROTOTYPE	020232	04/16/18	02:15:43	0.4892597695390782	0.4892597695390782	11.26	-0.0	3.6205222945891786	3.5999733842685373	37.47	8.46	0.4892597695390782	0.4892597695390782	11.26	0.0	288.0	291.21	794.84	-49.65	0	1
PROTOTYPE	020233	04/16/18	02:15:44	0.4892597695390782	0.4892597695390782	11.24	-0.0	3.6205222945891786	3.602908942885772	36.28	7.19	0.4892597695390782	0.4892597695390782	11.24	0.0	292.0	291.33	787.32	-57.2	0	1
PROTOTYPE	020234	04/16/18	02:15:46	0.4892597695390782	0.4892597695390782	11.23	-0.0	3.522670340681363	3.591166708416834	44.75	-8.89	0.4892597695390782	0.4892597695390782	11.23	0.0	291.0	291.28	598.92	131.38	0	1
PROTOTYPE	020235	04/16/18	02:15:47	0.4892597695390782	0.4892597695390782	11.2	0.0	3.6205222945891786	3.5960593061122244	45.99	-7.56	0.4892597695390782	0.4892597695390782	11.2	0.0	294.0	291.69	504.23	36.67	0	1
PROTOTYPE	020236	04/16/18	02:15:48	0.4892597695390782	0.4892597695390782	11.19	0.0	3.522670340681363	3.584317071643287	54.22	-21.42	0.4892597695390782	0.4892597695390782	11.19	0.0	289.0	291.28	459.36	-88.83	0	1
PROTOTYPE	020237	04/16/18	02:15:50	0.4892597695390782	0.4892597695390782	11.2	0.0	3.6205222945891786	3.590188188877755	57.22	-18.21	0.4892597695390782	0.4892597695390782	11.2	0.0	289.0	290.94	361.23	-255.5	0	1
PROTOTYPE	020238	04/16/18	02:15:51	0.4892597695390782	0.4892597695390782	11.19	0.0	3.6205222945891786	3.5950807865731464	59.7	-15.48	0.4892597695390782	0.4892597695390782	11.19	0.0	288.0	290.5	352.91	-247.18	0	1
PROTOTYPE	020239	04/16/18	02:15:53	0.4892597695390782	0.4892597695390782	11.17	0.0	3.6205222945891786	3.598016345190381	50.48	1.84	0.4892597695390782	0.4892597695390782	11.17	0.0	280.0	288.93	390.83	-285.1	0	1
PROTOTYPE	020240	04/16/18	02:15:54	0.4892597695390782	0.4892597695390782	11.19	0.0	3.6205222945891786	3.6019304233466936	50.23	1.57	0.4892597695390782	0.4892597695390782	11.19	0.0	295.0	289.84	425.3	-137.34	0	1
PROTOTYPE	020241	04/16/18	02:15:55	0.4892597695390782	0.4892597695390782	11.21	0.0	3.6205222945891786	3.604865981963928	50.03	1.33	0.4892597695390782	0.4892597695390782	11.21	0.0	278.0	288.06	590.92	-326.74	0	1
PROTOTYPE	020242	04/16/18	02:15:57	0.4892597695390782	0.4892597695390782	11.22	0.0	3.6205222945891786	3.606823021042084	40.4	16.13	0.4892597695390782	0.4892597695390782	11.22	0.0	292.0	288.65	644.9	-262.73	0	1
PROTOTYPE	020243	04/16/18	02:15:58	0.4892597695390782	0.4892597695390782	11.22	0.0	3.6205222945891786	3.608780060120241	38.19	13.71	0.4892597695390782	0.4892597695390782	11.22	0.0	297.0	289.9	729.3	-178.32	0	1
PROTOTYPE	020244	04/16/18	02:16:00	0.4892597695390782	0.4892597695390782	11.22	0.0	3.6205222945891786	3.6107370991983965	29.17	26.66	0.4892597695390782	0.4892597695390782	11.22	0.0	283.0	288.87	792.53	-241.57	0	1
PROTOTYPE	020245	04/16/18	02:16:01	0.4892597695390782	0.4892597695390782	11.24	0.0	3.522670340681363	3.598016345190381	37.08	7.66	0.4892597695390782	0.4892597695390782	11.24	0.0	297.0	290.09	880.22	-85.33	0	1
PROTOTYPE	020246	04/16/18	02:16:02	0.4892597695390782	0.4892597695390782	11.25	0.0	3.6205222945891786	3.6009519038076148	35.99	6.51	0.4892597695390782	0.4892597695390782	11.25	0.0	304.0	292.17	1044.76	167.47	0	1
PROTOTYPE	020247	04/16/18	02:16:04	0.4892597695390782	0.4892597695390782	11.29	0.0	3.6205222945891786	3.6038874624248494	35.1	5.53	0.4892597695390782	0.4892597695390782	11.29	0.0	285.0	291.1	994.88	217.35	0	1
PROTOTYPE	020248	04/16/18	02:16:05	0.4892597695390782	0.4892597695390782	11.28	0.0	3.6205222945891786	3.606823021042084	34.35	4.7	0.4892597695390782	0.4892597695390782	11.28	0.0	283.0	289.88	1025.24	4.74	0	1
PROTOTYPE	020249	04/16/18	02:16:07	0.4892597695390782	0.4892597695390782	11.28	0.0	3.6205222945891786	3.608780060120241	33.74	4.0	0.4892597695390782	0.4892597695390782	11.28	0.0	294.0	290.5	909.45	244.03	0	1
PROTOTYPE	020250	04/16/18	02:16:08	0.4892597695390782	0.4892597695390782	11.28	0.0	3.6205222945891786	3.6107370991983965	33.24	3.4	0.4892597695390782	0.4892597695390782	11.28	0.0	282.0	289.23	977.87	57.43	0	1
PROTOTYPE	020251	04/16/18	02:16:10	0.4892597695390782	0.4892597695390782	11.29	0.0	3.6205222945891786	3.611715618737475	32.84	2.89	0.4892597695390782	0.4892597695390782	11.29	0.0	298.0	290.54	984.26	63.81	0	1
PROTOTYPE	020252	04/16/18	02:16:11	0.4892597695390782	0.4892597695390782	11.3	0.0	3.6205222945891786	3.612694138276553	32.53	2.45	0.4892597695390782	0.4892597695390782	11.3	0.0	300.0	291.96	1022.56	309.24	0	1
PROTOTYPE	020253	04/16/18	02:16:12	0.4892597695390782	0.4892597695390782	11.26	0.0	3.6205222945891786	3.6146511773547094	20.75	17.09	0.4892597695390782	0.4892597695390782	11.26	0.0	299.0	293.02	1006.18	292.86	0	1
PROTOTYPE	020254	04/16/18	02:16:14	0.4892597695390782	0.4892597695390782	11.27	0.0	3.6205222945891786	3.6156296968937878	18.66	14.52	0.4892597695390782	0.4892597695390782	11.27	0.0	287.0	292.11	887.76	-6.07	0	1
PROTOTYPE	020255	04/16/18	02:16:15	0.4892597695390782	0.4892597695390782	11.26	0.0	3.522670340681363	3.6009519038076148	29.6	-2.65	0.4892597695390782	0.4892597695390782	11.26	0.0	293.0	292.25	793.48	114.84	0	1
PROTOTYPE	020256	04/16/18	02:16:17	0.4892597695390782	0.4892597695390782	11.26	0.0	3.6205222945891786	3.6038874624248494	29.95	-2.26	0.4892597695390782	0.4892597695390782	11.26	0.0	292.0	292.21	675.96	232.61	0	1
PROTOTYPE	020257	04/16/18	02:16:18	0.4892597695390782	0.4892597695390782	11.27	0.0	3.522670340681363	3.592145227955912	39.95	-16.92	0.4892597695390782	0.4892597695390782	11.27	0.0	294.0	292.48	641.09	197.72	0	1
PROTOTYPE	020258	04/16/18	02:16:19	0.4892597695390782	0.4892597695390782	11.29	0.0	3.6205222945891786	3.5960593061122244	42.24	-14.38	0.4892597695390782	0.4892597695390782	11.29	0.0	298.0	293.31	596.39	408.06	0	1
PROTOTYPE	020259	04/16/18	02:16:21	0.4892597695390782	0.4892597695390782	11.29	0.0	3.522670340681363	3.5852955911823647	51.51	-27.22	0.4892597695390782	0.4892597695390782	11.29	0.0	272.0	290.11	784.38	-43.15	0	1
PROTOTYPE	020260	04/16/18	02:16:22	0.4892597695390782	0.4892597695390782	11.28	0.0	3.6205222945891786	3.590188188877755	55.16	-23.14	0.4892597695390782	0.4892597695390782	11.28	0.0	291.0	290.24	655.92	-171.67	0	1
PROTOTYPE	020261	04/16/18	02:16:24	0.4892597695390782	0.4892597695390782	11.28	0.0	3.6205222945891786	3.5950807865731464	58.17	-19.67	0.4892597695390782	0.4892597695390782	11.28	0.0	292.0	290.51	576.7	-250.92	0	1
PROTOTYPE	020262	04/16/18	02:16:25	0.4892597695390782	0.4892597695390782	11.27	0.0	3.6205222945891786	3.598994864729459	60.61	-16.72	0.4892597695390782	0.4892597695390782	11.27	0.0	288.0	290.13	524.08	-198.29	0	1
PROTOTYPE	020263	04/16/18	02:16:26	0.4892597695390782	0.4892597695390782	11.27	0.0	3.522670340681363	3.5872526302605205	58.12	-14.21	0.4892597695390782	0.4892597695390782	11.27	0.0	279.0	288.46	677.69	-378.54	0	1
PROTOTYPE	020264	04/16/18	02:16:28	0.4892597695390782	0.4892597695390782	11.28	0.0	3.6205222945891786	3.592145227955912	60.13	-12.08	0.4892597695390782	0.4892597695390782	11.28	0.0	284.0	287.79	740.67	-441.76	0	1
PROTOTYPE	020265	04/16/18	02:16:29	0.4892597695390782	0.4892597695390782	11.26	0.0	3.6205222945891786	3.5970378256513027	52.09	4.73	0.4892597695390782	0.4892597695390782	11.26	0.0	305.0	290.37	971.9	-210.5	0	1
PROTOTYPE	020266	04/16/18	02:16:31	0.4892597695390782	0.4892597695390782	11.26	0.0	3.522670340681363	3.5852955911823647	58.91	-10.98	0.4892597695390782	0.4892597695390782	11.26	0.0	288.0	290.02	924.7	-328.92	0	1
PROTOTYPE	020267	04/16/18	02:16:32	0.4892597695390782	0.4892597695390782	11.27	0.0	3.522670340681363	3.576488915330661	57.28	-9.33	0.4892597695390782	0.4892597695390782	11.27	0.0	292.0	290.31	634.86	20.42	0	1
PROTOTYPE	020268	04/16/18	02:16:34	0.4892597695390782	0.4892597695390782	11.29	0.0	3.6205222945891786	3.58236003256513	58.64	-7.93	0.4892597695390782	0.4892597695390782	11.29	0.0	276.0	288.17	836.18	-207.65	0	1
PROTOTYPE	020269	04/16/18	02:16:35	0.4892597695390782	0.4892597695390782	11.33	0.0	3.6205222945891786	3.5882311497995993	59.8	-6.74	0.4892597695390782	0.4892597695390782	11.33	0.0	288.0	288.14	812.7	-236.5	0	1
PROTOTYPE	020270	04/16/18	02:16:36	0.4892597695390782	0.4892597695390782	11.33	0.0	3.6205222945891786	3.5931237474949898	60.77	-5.73	0.4892597695390782	0.4892597695390782	11.33	0.0	290.0	288.42	802.96	-171.02	0	1
PROTOTYPE	020271	04/16/18	02:16:38	0.4892597695390782	0.4892597695390782	11.31	0.0	3.6205222945891786	3.5970378256513027	53.42	10.13	0.4892597695390782	0.4892597695390782	11.31	0.0	296.0	289.56	749.68	109.63	0	1
PROTOTYPE	020272	04/16/18	02:16:39	0.4892597695390782	0.4892597695390782	11.32	0.0	3.6205222945891786	3.6009519038076148	51.98	8.61	0.4892597695390782	0.4892597695390782	11.32	0.0	284.0	288.72	766.12	93.18	0	1
PROTOTYPE	020273	04/16/18	02:16:41	0.4892597695390782	0.4892597695390782	11.33	0.0	3.6205222945891786	3.6038874624248494	50.78	7.32	0.4892597695390782	0.4892597695390782	11.33	0.0	292.0	289.22	557.16	-115.79	0	1
PROTOTYPE	020274	04/16/18	02:16:42	0.4892597695390782	0.4892597695390782	11.31	0.0	3.6205222945891786	3.6058445015030065	42.28	21.22	0.4892597695390782	0.4892597695390782	11.31	0.0	283.0	288.28	614.77	-173.42	0	1
PROTOTYPE	020275	04/16/18	02:16:43	0.4892597695390782	0.4892597695390782	11.29	0.0	3.6205222945891786	3.608780060120241	35.13	33.04	0.4892597695390782	0.4892597695390782	11.29	0.0	281.0	287.19	694.26	-312.41	0	1
PROTOTYPE	020276	04/16/18	02:16:45	0.4892597695390782	0.4892597695390782	11.27	0.0	3.6205222945891786	3.6097585796593186	30.5	28.08	0.4892597695390782	0.4892597695390782	11.27	0.0	300.0	289.11	671.67	94.45	0	1
PROTOTYPE	020277	04/16/18	02:16:46	0.4892597695390782	0.4892597695390782	11.25	0.0	3.6205222945891786	3.611715618737475	26.66	23.87	0.4892597695390782	0.4892597695390782	11.25	0.0	299.0	290.6	817.1	245.28	0	1
PROTOTYPE	020278	04/16/18	02:16:48	0.4892597695390782	0.4892597695390782	11.26	0.0	3.6205222945891786	3.612694138276553	23.49	20.29	0.4892597695390782	0.4892597695390782	11.26	0.0	297.0	291.56	885.28	313.49	0	1
PROTOTYPE	020279	04/16/18	02:16:49	0.4892597695390782	0.4892597695390782	11.26	0.0	3.522670340681363	3.5999733842685373	33.01	2.25	0.4892597695390782	0.4892597695390782	11.26	0.0	287.0	290.87	839.94	131.47	0	1
PROTOTYPE	020280	04/16/18	02:16:50	0.4892597695390782	0.4892597695390782	11.24	0.0	3.6205222945891786	3.602908942885772	32.69	1.91	0.4892597695390782	0.4892597695390782	11.24	0.0	280.0	289.24	919.66	51.75	0	1
PROTOTYPE	020281	04/16/18	02:16:52	0.4892597695390782	0.4892597695390782	11.24	0.0	3.6205222945891786	3.604865981963928	32.43	1.62	0.4892597695390782	0.4892597695390782	11.24	0.0	291.0	289.51	896.91	28.99	0	1
PROTOTYPE	020282	04/16/18	02:16:53	0.4892597695390782	0.4892597695390782	11.24	0.0	3.6205222945891786	3.607801540581162	32.22	1.38	0.4892597695390782	0.4892597695390782	11.24	0.0	297.0	290.63	916.09	234.64	0	1
PROTOTYPE	020283	04/16/18	02:16:55	0.4892597695390782	0.4892597695390782	11.26	0.0	3.6205222945891786	3.6097585796593186	32.06	1.17	0.4892597695390782	0.4892597695390782	11.26	0.0	292.0	290.84	827.44	364.44	0	1
PROTOTYPE	020284	04/16/18	02:16:56	0.4892597695390782	0.4892597695390782	11.28	0.0	3.6205222945891786	3.6107370991983965	31.93	1.0	0.4892597695390782	0.4892597695390782	11.28	0.0	287.0	290.26	692.84	114.78	0	1
PROTOTYPE	020285	04/16/18	02:16:57	0.4892597695390782	0.4892597695390782	11.28	0.0	3.6205222945891786	3.612694138276553	31.83	0.85	0.4892597695390782	0.4892597695390782	11.28	0.0	285.0	289.47	623.43	-112.44	0	1
PROTOTYPE	020286	04/16/18	02:16:59	0.4892597695390782	0.4892597695390782	11.28	0.0	3.6205222945891786	3.613672657815631	31.74	0.72	0.4892597695390782	0.4892597695390782	11.28	0.0	288.0	289.25	549.46	-230.57	0	1
PROTOTYPE	020287	04/16/18	02:17:00	0.4892597695390782	0.4892597695390782	11.3	0.0	3.6205222945891786	3.6146511773547094	19.57	15.61	0.4892597695390782	0.4892597695390782	11.3	0.0	297.0	290.41	597.36	-45.99	0	1
PROTOTYPE	020288	04/16/18	02:17:02	0.4892597695390782	0.4892597695390782	11.3	0.0	3.6205222945891786	3.6156296968937878	17.71	13.27	0.4892597695390782	0.4892597695390782	11.3	0.0	305.0	292.6	653.08	335.91	0	1
PROTOTYPE	020289	04/16/18	02:17:03	0.4892597695390782	0.4892597695390782	11.29	0.0	3.6205222945891786	3.6166082164328657	16.22	11.28	0.4892597695390782	0.4892597695390782	11.29	0.0	294.0	292.81	647.7	330.52	0	1
PROTOTYPE	020290	04/16/18	02:17:05	0.4892597695390782	0.4892597695390782	11.3	0.0	3.6205222945891786	3.6166082164328657	15.05	9.59	0.4892597695390782	0.4892597695390782	11.3	0.0	291.0	292.54	562.47	190.94	0	1
PROTOTYPE	020291	04/16/18	02:17:06	0.4892597695390782	0.4892597695390782	11.29	0.0	3.6205222945891786	3.617586735971944	14.12	8.15	0.4892597695390782	0.4892597695390782	11.29	0.0	277.0	290.21	774.96	-62.7	0	1
PROTOTYPE	020292	04/16/18	02:17:07	0.4892597695390782	0.4892597695390782	11.28	0.0	3.6205222945891786	3.617586735971944	13.4	6.93	0.4892597695390782	0.4892597695390782	11.28	0.0	286.0	289.58	780.55	-68.29	0	1
PROTOTYPE	020293	04/16/18	02:17:09	0.4892597695390782	0.4892597695390782	11.26	0.0	3.6205222945891786	3.6185652555110215	12.84	5.89	0.4892597695390782	0.4892597695390782	11.26	0.0	288.0	289.34	725.33	-13.05	0	1
PROTOTYPE	020294	04/16/18	02:17:10	0.4892597695390782	0.4892597695390782	11.27	0.0	3.6205222945891786	3.6185652555110215	12.44	5.0	0.4892597695390782	0.4892597695390782	11.27	0.0	273.0	286.89	948.34	-236.09	0	1
PROTOTYPE	020295	04/16/18	02:17:12	0.4892597695390782	0.4892597695390782	11.26	0.0	3.6205222945891786	3.6185652555110215	12.12	4.25	0.4892597695390782	0.4892597695390782	11.26	0.0	301.0	289.01	1043.75	-140.68	0	1
PROTOTYPE	020296	04/16/18	02:17:13	0.4892597695390782	0.4892597695390782	11.26	0.0	3.6205222945891786	3.6195437750501003	11.89	3.62	0.4892597695390782	0.4892597695390782	11.26	0.0	288.0	288.86	840.09	-374.58	0	1
PROTOTYPE	020297	04/16/18	02:17:14	0.4892597695390782	0.4892597695390782	11.29	0.0	3.522670340681363	3.604865981963928	25.17	-11.93	0.4892597695390782	0.4892597695390782	11.29	0.0	282.0	287.83	921.89	-498.39	0	1
PROTOTYPE	020298	04/16/18	02:17:16	0.4892597695390782	0.4892597695390782	11.29	0.0	3.6205222945891786	3.606823021042084	26.43	-10.14	0.4892597695390782	0.4892597695390782	11.29	0.0	280.0	286.65	1012.1	-588.63	0	1
PROTOTYPE	020299	04/16/18	02:17:17	0.4892597695390782	0.4892597695390782	11.31	0.0	3.6205222945891786	3.608780060120241	27.43	-8.62	0.4892597695390782	0.4892597695390782	11.31	0.0	291.0	287.3	844.24	-290.34	0	1
PROTOTYPE	020300	04/16/18	02:17:19	0.4892597695390782	0.4892597695390782	11.29	0.0	3.6205222945891786	3.6107370991983965	28.18	-7.32	0.4892597695390782	0.4892597695390782	11.29	0.0	286.0	287.11	800.72	-246.79	0	1
PROTOTYPE	020301	04/16/18	02:17:20	0.4892597695390782	0.4892597695390782	11.28	0.0	3.6205222945891786	3.612694138276553	28.76	-6.23	0.4892597695390782	0.4892597695390782	11.28	0.0	286.0	286.94	793.72	-239.77	0	1
PROTOTYPE	020302	04/16/18	02:17:21	0.4892597695390782	0.4892597695390782	11.26	0.0	3.522670340681363	3.598994864729459	41.11	-20.29	0.4892597695390782	0.4892597695390782	11.26	0.0	293.0	287.85	639.48	96.2	0	1
PROTOTYPE	020303	04/16/18	02:17:23	0.4892597695390782	0.4892597695390782	11.24	0.0	3.6205222945891786	3.6019304233466936	43.28	-17.25	0.39140781563126253	0.4745819764529058	24.91	-15.0	278.0	286.37	575.59	-263.23	0	1
PROTOTYPE	020304	04/16/18	02:17:24	0.4892597695390782	0.4892597695390782	11.24	0.0	3.6205222945891786	3.604865981963928	45.01	-14.66	0.4892597695390782	0.4765390155310621	26.16	-12.75	288.0	286.62	584.87	-223.75	0	1
PROTOTYPE	020305	04/16/18	02:17:26	0.4892597695390782	0.4892597695390782	11.24	0.0	3.6205222945891786	3.606823021042084	32.94	2.54	0.4892597695390782	0.47849605460921835	27.12	-10.84	303.0	289.07	727.77	124.81	0	1
PROTOTYPE	020306	04/16/18	02:17:27	0.4892597695390782	0.4892597695390782	11.23	0.0	3.6205222945891786	3.608780060120241	32.61	2.16	0.4892597695390782	0.48045309368737477	27.85	-9.21	296.0	290.11	714.25	346.09	0	1
PROTOTYPE	020307	04/16/18	02:17:28	0.4892597695390782	0.4892597695390782	11.23	0.0	3.6205222945891786	3.6107370991983965	32.35	1.83	0.4892597695390782	0.48143161322645295	28.41	-7.83	285.0	289.35	725.74	204.18	0	1
PROTOTYPE	020308	04/16/18	02:17:30	0.4892597695390782	0.4892597695390782	11.23	0.0	3.6205222945891786	3.612694138276553	32.15	1.56	0.4892597695390782	0.482410132765531	28.84	-6.66	285.0	288.69	771.34	158.55	0	1
PROTOTYPE	020309	04/16/18	02:17:31	0.4892597695390782	0.4892597695390782	11.26	0.0	3.6205222945891786	3.613672657815631	32.0	1.33	0.4892597695390782	0.48338865230460926	29.19	-5.66	284.0	287.99	825.07	104.77	0	1
PROTOTYPE	020310	04/16/18	02:17:33	0.4892597695390782	0.4892597695390782	11.26	0.0	3.6205222945891786	3.6146511773547094	19.96	16.13	0.4892597695390782	0.48436717184368744	29.43	-4.81	301.0	289.94	929.35	209.05	0	1
PROTOTYPE	020311	04/16/18	02:17:34	0.4892597695390782	0.4892597695390782	11.28	0.0	3.6205222945891786	3.6156296968937878	18.03	13.71	0.4892597695390782	0.4853456913827655	15.95	10.91	296.0	290.85	872.46	447.7	0	1
PROTOTYPE	020312	04/16/18	02:17:36	0.4892597695390782	0.4892597695390782	11.33	0.0	3.6205222945891786	3.6166082164328657	16.52	11.65	0.4892597695390782	0.4863242109218437	14.87	9.28	306.0	293.12	1075.27	650.54	0	1
PROTOTYPE	020313	04/16/18	02:17:37	0.4892597695390782	0.4892597695390782	11.37	0.0	3.6205222945891786	3.6166082164328657	15.33	9.9	0.4892597695390782	0.4863242109218437	14.04	7.88	303.0	294.6	977.69	552.96	0	1
PROTOTYPE	020314	04/16/18	02:17:38	0.4892597695390782	0.4892597695390782	11.37	0.0	3.522670340681363	3.602908942885772	27.37	-6.58	0.4892597695390782	0.4863242109218437	13.37	6.7	288.0	293.61	972.88	350.02	0	1
PROTOTYPE	020315	04/16/18	02:17:40	0.4892597695390782	0.4892597695390782	11.35	0.0	3.522670340681363	3.591166708416834	37.48	-20.59	0.4892597695390782	0.48730273046092193	12.84	5.7	290.0	293.07	950.39	372.51	0	1
PROTOTYPE	020316	04/16/18	02:17:41	0.4892597695390782	0.4892597695390782	11.37	0.0	3.6205222945891786	3.5950807865731464	40.23	-17.51	0.4892597695390782	0.48730273046092193	12.46	4.84	291.0	292.76	916.29	406.64	0	1
PROTOTYPE	020317	04/16/18	02:17:43	0.4892597695390782	0.4892597695390782	11.37	0.0	3.6205222945891786	3.598994864729459	42.47	-14.88	0.4892597695390782	0.48730273046092193	12.17	4.12	303.0	294.3	999.44	630.64	0	1
PROTOTYPE	020318	04/16/18	02:17:44	0.4892597695390782	0.4892597695390782	11.39	0.0	3.6205222945891786	3.6019304233466936	44.3	-12.65	0.4892597695390782	0.48828125	11.97	3.5	284.0	292.75	958.75	281.04	0	1
PROTOTYPE	020319	04/16/18	02:17:46	0.4892597695390782	0.4892597695390782	11.38	0.0	3.6205222945891786	3.604865981963928	45.76	-10.75	0.4892597695390782	0.48828125	11.8	2.97	286.0	291.74	969.17	88.89	0	1
PROTOTYPE	020320	04/16/18	02:17:47	0.4892597695390782	0.4892597695390782	11.34	0.0	3.6205222945891786	3.606823021042084	46.88	-9.14	0.4892597695390782	0.48828125	11.65	2.53	293.0	291.93	760.88	-119.45	0	1
PROTOTYPE	020321	04/16/18	02:17:48	0.4892597695390782	0.4892597695390782	11.27	0.0	3.522670340681363	3.5950807865731464	58.32	-22.77	0.4892597695390782	0.48828125	11.5	2.15	301.0	293.29	748.8	-131.53	0	1
PROTOTYPE	020322	04/16/18	02:17:50	0.4892597695390782	0.4892597695390782	11.29	0.0	3.6205222945891786	3.598016345190381	48.03	-4.35	0.4892597695390782	0.48828125	11.45	1.83	300.0	294.3	750.39	68.2	0	1
PROTOTYPE	020323	04/16/18	02:17:51	0.4892597695390782	0.4892597695390782	11.3	0.0	3.6205222945891786	3.6019304233466936	39.33	11.3	0.4892597695390782	0.48828125	11.42	1.55	288.0	293.35	790.61	27.97	0	1
PROTOTYPE	020324	04/16/18	02:17:53	0.4892597695390782	0.4892597695390782	11.3	0.0	3.6205222945891786	3.604865981963928	37.75	9.61	0.4892597695390782	0.4892597695390782	11.38	1.32	294.0	293.45	769.33	68.78	0	1
PROTOTYPE	020325	04/16/18	02:17:54	0.5871117234468938	0.5039375626252506	24.94	15.0	3.6205222945891786	3.606823021042084	36.44	8.16	0.4892597695390782	0.4892597695390782	11.35	1.12	285.0	292.18	742.48	-211.54	0	1
PROTOTYPE	020326	04/16/18	02:17:55	0.4892597695390782	0.5019805235470942	26.18	12.75	3.6205222945891786	3.608780060120241	35.35	6.94	0.4892597695390782	0.4892597695390782	11.32	0.95	288.0	291.55	650.76	-119.81	0	1
PROTOTYPE	020327	04/16/18	02:17:57	0.4892597695390782	0.5000234844689379	27.15	10.84	3.6205222945891786	3.6107370991983965	34.47	5.9	0.4892597695390782	0.4892597695390782	11.31	0.81	287.0	290.87	617.79	-86.84	0	1
PROTOTYPE	020328	04/16/18	02:17:58	0.4892597695390782	0.4980664453907815	27.89	9.21	3.6205222945891786	3.612694138276553	33.76	5.01	0.4892597695390782	0.4892597695390782	11.3	0.69	297.0	291.79	690.78	-13.81	0	1
PROTOTYPE	020329	04/16/18	02:18:00	0.4892597695390782	0.4970879258517034	28.47	7.83	3.6205222945891786	3.613672657815631	22.62	19.26	0.4892597695390782	0.4892597695390782	11.32	0.59	287.0	291.07	626.57	-221.74	0	1
PROTOTYPE	020330	04/16/18	02:18:01	0.4892597695390782	0.49610940631262535	28.86	6.66	3.6205222945891786	3.6146511773547094	20.15	16.37	0.4892597695390782	0.4892597695390782	11.27	0.5	293.0	291.36	554.85	-293.48	0	1
PROTOTYPE	020331	04/16/18	02:18:02	0.4892597695390782	0.49513088677354705	29.18	5.66	3.6205222945891786	3.6156296968937878	18.18	13.92	0.4892597695390782	0.4892597695390782	11.27	0.42	298.0	292.36	560.0	-99.46	0	1
PROTOTYPE	020332	04/16/18	02:18:04	0.4892597695390782	0.4941523672344689	29.41	4.81	3.6205222945891786	3.6166082164328657	16.59	11.83	0.4892597695390782	0.4892597695390782	11.25	0.36	302.0	293.8	694.82	35.46	0	1
PROTOTYPE	020333	04/16/18	02:18:05	0.4892597695390782	0.49317384769539074	15.93	-10.91	3.6205222945891786	3.6166082164328657	15.33	10.05	0.4892597695390782	0.4892597695390782	11.25	0.31	276.0	291.13	835.14	-104.86	0	1
PROTOTYPE	020334	04/16/18	02:18:07	0.4892597695390782	0.4921953281563127	14.82	-9.28	3.6205222945891786	3.617586735971944	14.35	8.55	0.4892597695390782	0.4892597695390782	11.26	0.26	293.0	291.41	800.44	-14.13	0	1
PROTOTYPE	020335	04/16/18	02:18:08	0.4892597695390782	0.4921953281563127	13.95	-7.88	3.6205222945891786	3.617586735971944	13.59	7.26	0.4892597695390782	0.4892597695390782	11.27	0.22	290.0	291.2	753.35	32.99	0	1
PROTOTYPE	020336	04/16/18	02:18:09	0.4892597695390782	0.4921953281563127	13.3	-6.7	3.6205222945891786	3.6185652555110215	13.02	6.17	0.4892597695390782	0.4892597695390782	11.29	0.19	297.0	292.07	748.41	28.04	0	1
PROTOTYPE	020337	04/16/18	02:18:11	0.4892597695390782	0.4912168086172345	12.76	-5.7	3.6205222945891786	3.6185652555110215	12.55	5.25	0.4892597695390782	0.4892597695390782	11.27	0.16	285.0	291.01	782.61	-6.16	0	1
PROTOTYPE	020338	04/16/18	02:18:12	0.4892597695390782	0.4912168086172345	12.4	-4.84	3.6205222945891786	3.6185652555110215	12.24	4.46	0.4892597695390782	0.4892597695390782	11.3	0.14	296.0	291.76	828.51	39.76	0	1
PROTOTYPE	020339	04/16/18	02:18:14	0.4892597695390782	0.4912168086172345	12.1	-4.12	3.6205222945891786	3.6195437750501003	11.98	3.79	0.4892597695390782	0.4892597695390782	11.29	0.12	285.0	290.74	830.31	-161.2	0	1
PROTOTYPE	020340	04/16/18	02:18:15	0.4892597695390782	0.49023828907815625	11.9	-3.5	3.6205222945891786	3.6195437750501003	11.81	3.22	0.4892597695390782	0.4892597695390782	11.31	0.1	292.0	290.93	704.54	-287.02	0	1
PROTOTYPE	020341	04/16/18	02:18:17	0.4892597695390782	0.49023828907815625	11.74	-2.97	3.6205222945891786	3.6195437750501003	11.68	2.74	0.4892597695390782	0.4892597695390782	11.31	0.08	296.0	291.69	513.5	56.03	0	1
PROTOTYPE	020342	04/16/18	02:18:18	0.4892597695390782	0.49023828907815625	11.6	-2.53	3.6205222945891786	3.6195437750501003	11.56	2.33	0.4892597695390782	0.4892597695390782	11.29	0.07	290.0	291.44	510.89	2.63	0	1
PROTOTYPE	020343	04/16/18	02:18:19	0.4892597695390782	0.49023828907815625	11.51	-2.15	3.6205222945891786	3.6195437750501003	11.47	1.98	0.4892597695390782	0.4892597695390782	11.28	0.06	290.0	291.22	511.28	2.23	0	1
PROTOTYPE	020344	04/16/18	02:18:21	0.4892597695390782	0.49023828907815625	11.43	-1.83	3.6205222945891786	3.6195437750501003	11.41	1.68	0.4892597695390782	0.4892597695390782	11.27	0.05	293.0	291.49	450.98	-58.1	0	1
PROTOTYPE	020345	04/16/18	02:18:22	0.4892597695390782	0.49023828907815625	11.4	-1.55	3.6205222945891786	3.6195437750501003	11.38	1.43	0.4892597695390782	0.4892597695390782	11.28	0.04	279.0	289.62	532.26	-139.39	0	1
PROTOTYPE	020346	04/16/18	02:18:24	0.4892597695390782	0.4892597695390782	11.38	-1.32	3.6205222945891786	3.6205222945891786	11.36	1.22	0.4892597695390782	0.4892597695390782	11.29	0.04	285.0	288.92	526.66	-283.48	0	1
PROTOTYPE	020347	04/16/18	02:18:25	0.4892597695390782	0.4892597695390782	11.37	-1.12	3.6205222945891786	3.6205222945891786	11.36	1.03	0.4892597695390782	0.4892597695390782	11.31	0.03	286.0	288.49	469.15	-225.96	0	1
PROTOTYPE	020348	04/16/18	02:18:26	0.4892597695390782	0.4892597695390782	11.33	-0.95	3.6205222945891786	3.6205222945891786	11.33	0.88	0.4892597695390782	0.4892597695390782	11.29	0.03	289.0	288.56	458.11	-237.06	0	1
PROTOTYPE	020349	04/16/18	02:18:28	0.4892597695390782	0.4892597695390782	11.32	-0.81	3.6205222945891786	3.6205222945891786	11.32	0.75	0.4892597695390782	0.4892597695390782	11.29	0.02	287.0	288.33	405.58	-336.5	0	1
PROTOTYPE	020350	04/16/18	02:18:29	0.4892597695390782	0.4892597695390782	11.31	-0.69	3.6205222945891786	3.6205222945891786	11.31	0.63	0.4892597695390782	0.4892597695390782	11.29	0.02	294.0	289.18	465.23	-226.03	0	1
PROTOTYPE	020351	04/16/18	02:18:31	0.4892597695390782	0.4892597695390782	11.32	-0.59	3.6205222945891786	3.6205222945891786	11.31	0.54	0.4892597695390782	0.4892597695390782	11.3	0.02	290.0	289.3	455.99	-192.12	0	1
PROTOTYPE	020352	04/16/18	02:18:32	0.4892597695390782	0.4892597695390782	11.3	-0.5	3.6205222945891786	3.6205222945891786	11.3	0.46	0.4892597695390782	0.4892597695390782	11.29	0.01	289.0	289.26	434.05	-223.31	0	1
PROTOTYPE	020353	04/16/18	02:18:34	0.4892597695390782	0.4892597695390782	11.28	-0.42	3.6205222945891786	3.6205222945891786	11.28	0.39	0.4892597695390782	0.4892597695390782	11.27	0.01	288.0	289.07	265.6	-54.81	0	1
PROTOTYPE	020354	04/16/18	02:18:35	0.4892597695390782	0.4892597695390782	11.31	-0.36	3.6205222945891786	3.6205222945891786	11.31	0.33	0.4892597695390782	0.4892597695390782	11.31	0.01	299.0	290.56	345.33	163.41	0	1
PROTOTYPE	020355	04/16/18	02:18:36	0.5871117234468938	0.5039375626252506	24.94	14.69	3.6205222945891786	3.6205222945891786	11.29	0.28	0.4892597695390782	0.4892597695390782	11.29	0.01	293.0	290.92	338.1	243.9	0	1
PROTOTYPE	020356	04/16/18	02:18:38	0.4892597695390782	0.5019805235470942	26.2	12.49	3.6205222945891786	3.6205222945891786	11.3	0.24	0.4892597695390782	0.4892597695390782	11.3	0.01	292.0	291.09	346.45	252.31	0	1
PROTOTYPE	020357	04/16/18	02:18:39	0.4892597695390782	0.5000234844689379	27.19	10.62	3.6205222945891786	3.6205222945891786	11.32	0.2	0.4892597695390782	0.4892597695390782	11.32	0.01	286.0	290.32	399.27	199.47	0	1
PROTOTYPE	020358	04/16/18	02:18:41	0.4892597695390782	0.4980664453907815	27.95	9.02	3.6205222945891786	3.6205222945891786	11.33	0.17	0.4892597695390782	0.4892597695390782	11.33	0.01	281.0	288.92	454.03	-25.45	0	1
PROTOTYPE	020359	04/16/18	02:18:42	0.4892597695390782	0.4970879258517034	28.52	7.67	3.6205222945891786	3.6205222945891786	11.32	0.15	0.4892597695390782	0.4892597695390782	11.32	0.0	280.0	287.59	575.51	-171.63	0	1
PROTOTYPE	020360	04/16/18	02:18:43	0.4892597695390782	0.49610940631262535	28.95	6.52	3.6205222945891786	3.6205222945891786	11.33	0.12	0.4892597695390782	0.4892597695390782	11.33	0.0	300.0	289.45	756.98	19.11	0	1
PROTOTYPE	020361	04/16/18	02:18:45	0.4892597695390782	0.49513088677354705	29.3	5.54	3.6205222945891786	3.6205222945891786	11.36	0.11	0.4892597695390782	0.4892597695390782	11.36	0.0	289.0	289.38	744.94	31.24	0	1
PROTOTYPE	020362	04/16/18	02:18:46	0.4892597695390782	0.4941523672344689	29.49	4.71	3.6205222945891786	3.6205222945891786	11.31	0.09	0.4892597695390782	0.4892597695390782	11.31	0.0	291.0	289.62	620.29	-93.44	0	1
PROTOTYPE	020363	04/16/18	02:18:48	0.4892597695390782	0.49317384769539074	16.04	-11.0	3.6205222945891786	3.6205222945891786	11.32	0.08	0.4892597695390782	0.4892597695390782	11.32	0.0	289.0	289.53	593.09	-139.43	0	1
PROTOTYPE	020364	04/16/18	02:18:49	0.4892597695390782	0.49317384769539074	14.9	-9.35	3.6205222945891786	3.6205222945891786	11.31	0.07	0.4892597695390782	0.4892597695390782	11.31	0.0	302.0	291.4	763.95	31.49	0	1
PROTOTYPE	020365	04/16/18	02:18:50	0.4892597695390782	0.4921953281563127	13.99	-7.94	3.6205222945891786	3.6205222945891786	11.28	0.06	0.4892597695390782	0.4892597695390782	11.28	0.0	301.0	292.84	831.65	251.76	0	1
PROTOTYPE	020366	04/16/18	02:18:52	0.4892597695390782	0.4921953281563127	13.32	-6.75	3.6205222945891786	3.6205222945891786	11.29	0.05	0.4892597695390782	0.4892597695390782	11.29	0.0	292.0	292.71	704.49	379.0	0	1
