Dev_id	Index	Date	Time	Sensor1	Sensor1_Filter	Sensor1_LL	Sensor1_Diff	Sensor2	Sensor2_Filter	Sensor2_LL	Sensor2_Diff	Sensor3	Sensor3_Filter	Sensor3_LL	Sensor3_Diff	Sensor4	Sensor4_Filter	Sensor4_LL	Sensor4_Diff	Heater_Status	FSM_Status
PROTOTYPE	028567	04/16/18	05:31:36	0.4892597695390782	0.4892597695390782	11.31	0.0	3.522670340681363	3.522670340681363	11.31	-0.0	0.4892597695390782	0.4892597695390782	11.31	0.0	291.0	288.82	554.07	4.79	0	1
PROTOTYPE	028568	04/16/18	05:31:38	0.4892597695390782	0.4892597695390782	11.3	0.0	3.522670340681363	3.522670340681363	11.3	-0.0	0.4892597695390782	0.4892597695390782	11.3	0.0	292.0	289.29	568.34	19.07	0	1
PROTOTYPE	028569	04/16/18	05:31:39	0.4892597695390782	0.4892597695390782	11.27	0.0	3.522670340681363	3.522670340681363	11.27	-0.0	0.4892597695390782	0.4892597695390782	11.27	0.0	295.0	290.15	610.46	61.21	0	1
PROTOTYPE	028570	04/16/18	05:31:41	0.4892597695390782	0.4892597695390782	11.26	0.0	3.522670340681363	3.522670340681363	11.26	-0.0	0.4892597695390782	0.4892597695390782	11.26	0.0	284.0	289.23	635.79	-97.97	0	1
PROTOTYPE	028571	04/16/18	05:31:42	0.4892597695390782	0.4892597695390782	11.26	0.0	3.522670340681363	3.522670340681363	11.26	-0.0	0.4892597695390782	0.4892597695390782	11.26	0.0	294.0	289.94	599.26	81.73	0	1
PROTOTYPE	028572	04/16/18	05:31:44	0.4892597695390782	0.4892597695390782	11.25	0.0	3.522670340681363	3.522670340681363	11.25	-0.0	0.4892597695390782	0.4892597695390782	11.25	0.0	288.0	289.65	600.31	24.47	0	1
PROTOTYPE	028573	04/16/18	05:31:45	0.4892597695390782	0.4892597695390782	11.26	0.0	3.522670340681363	3.522670340681363	11.26	-0.0	0.4892597695390782	0.4892597695390782	11.26	0.0	295.0	290.45	611.64	35.8	0	1
PROTOTYPE	028574	04/16/18	05:31:46	0.4892597695390782	0.4892597695390782	11.26	0.0	3.522670340681363	3.522670340681363	11.26	-0.0	0.4892597695390782	0.4892597695390782	11.26	0.0	292.0	290.69	468.42	225.43	0	1
PROTOTYPE	028575	04/16/18	05:31:48	0.4892597695390782	0.4892597695390782	11.25	0.0	3.522670340681363	3.522670340681363	11.25	-0.0	0.4892597695390782	0.4892597695390782	11.25	0.0	296.0	291.48	509.59	266.61	0	1
PROTOTYPE	028576	04/16/18	05:31:49	0.4892597695390782	0.4892597695390782	11.25	0.0	3.522670340681363	3.522670340681363	11.25	-0.0	0.4892597695390782	0.4892597695390782	11.25	0.0	285.0	290.51	559.08	121.62	0	1
PROTOTYPE	028577	04/16/18	05:31:51	0.4892597695390782	0.4892597695390782	11.28	0.0	3.522670340681363	3.522670340681363	11.28	-0.0	0.4892597695390782	0.4892597695390782	11.28	0.0	284.0	289.53	571.16	-61.62	0	1
PROTOTYPE	028578	04/16/18	05:31:52	0.4892597695390782	0.4892597695390782	11.26	0.0	3.522670340681363	3.522670340681363	11.26	-0.0	0.4892597695390782	0.4892597695390782	11.26	0.0	301.0	291.25	650.89	202.62	0	1
PROTOTYPE	028579	04/16/18	05:31:53	0.4892597695390782	0.4892597695390782	11.27	0.0	3.522670340681363	3.522670340681363	11.27	-0.0	0.4892597695390782	0.4892597695390782	11.27	0.0	293.0	291.52	605.52	157.23	0	1
PROTOTYPE	028580	04/16/18	05:31:55	0.4892597695390782	0.4892597695390782	11.27	0.0	3.522670340681363	3.522670340681363	11.27	-0.0	0.4892597695390782	0.4892597695390782	11.27	0.0	277.0	289.34	794.07	-31.36	0	1
PROTOTYPE	028581	04/16/18	05:31:56	0.4892597695390782	0.4892597695390782	11.25	0.0	3.522670340681363	3.522670340681363	11.25	-0.0	0.4892597695390782	0.4892597695390782	11.25	0.0	290.0	289.44	723.86	-101.65	0	1
PROTOTYPE	028582	04/16/18	05:31:58	0.4892597695390782	0.4892597695390782	11.26	0.0	3.522670340681363	3.522670340681363	11.26	-0.0	0.4892597695390782	0.4892597695390782	11.26	0.0	289.0	289.37	707.35	-131.4	0	1
PROTOTYPE	028583	04/16/18	05:31:59	0.4892597695390782	0.4892597695390782	11.24	0.0	3.522670340681363	3.522670340681363	11.24	-0.0	0.4892597695390782	0.4892597695390782	11.24	0.0	297.0	290.52	742.06	-96.69	0	1
PROTOTYPE	028584	04/16/18	05:32:00	0.4892597695390782	0.4892597695390782	11.25	0.0	3.522670340681363	3.522670340681363	11.25	-0.0	0.4892597695390782	0.4892597695390782	11.25	0.0	277.0	288.49	847.55	-202.19	0	1
PROTOTYPE	028585	04/16/18	05:32:02	0.4892597695390782	0.4892597695390782	11.25	0.0	3.522670340681363	3.522670340681363	11.25	-0.0	0.4892597695390782	0.4892597695390782	11.25	0.0	294.0	289.32	832.56	-21.86	0	1
PROTOTYPE	028586	04/16/18	05:32:03	0.4892597695390782	0.4892597695390782	11.28	0.0	3.522670340681363	3.522670340681363	11.28	-0.0	0.4892597695390782	0.4892597695390782	11.28	0.0	285.0	288.67	725.31	-258.58	0	1
PROTOTYPE	028587	04/16/18	05:32:05	0.4892597695390782	0.4892597695390782	11.27	0.0	3.522670340681363	3.522670340681363	11.27	-0.0	0.4892597695390782	0.4892597695390782	11.27	0.0	293.0	289.32	764.08	-219.79	0	1
PROTOTYPE	028588	04/16/18	05:32:06	0.4892597695390782	0.4892597695390782	11.27	0.0	3.522670340681363	3.522670340681363	11.27	-0.0	0.4892597695390782	0.4892597695390782	11.27	0.0	287.0	288.97	581.13	-36.83	0	1
PROTOTYPE	028589	04/16/18	05:32:07	0.4892597695390782	0.4892597695390782	11.29	0.0	3.522670340681363	3.522670340681363	11.29	-0.0	0.4892597695390782	0.4892597695390782	11.29	0.0	292.0	289.42	616.58	-1.3	0	1
PROTOTYPE	028590	04/16/18	05:32:09	0.4892597695390782	0.4892597695390782	11.3	0.0	3.522670340681363	3.522670340681363	11.3	-0.0	0.4892597695390782	0.4892597695390782	11.3	0.0	282.0	288.31	721.24	-106.11	0	1
PROTOTYPE	028591	04/16/18	05:32:10	0.4892597695390782	0.4892597695390782	11.31	0.0	3.522670340681363	3.522670340681363	11.31	-0.0	0.4892597695390782	0.4892597695390782	11.31	0.0	285.0	287.81	656.5	-270.19	0	1
PROTOTYPE	028592	04/16/18	05:32:12	0.4892597695390782	0.4892597695390782	11.3	0.0	3.522670340681363	3.522670340681363	11.3	-0.0	0.4892597695390782	0.4892597695390782	11.3	0.0	292.0	288.44	516.55	-4.66	0	1
PROTOTYPE	028593	04/16/18	05:32:13	0.4892597695390782	0.4892597695390782	11.29	0.0	3.522670340681363	3.522670340681363	11.29	-0.0	0.4892597695390782	0.4892597695390782	11.29	0.0	282.0	287.48	530.52	-183.96	0	1
PROTOTYPE	028594	04/16/18	05:32:15	0.4892597695390782	0.4892597695390782	11.27	0.0	3.522670340681363	3.522670340681363	11.27	-0.0	0.4892597695390782	0.4892597695390782	11.27	0.0	292.0	288.15	533.64	-51.37	0	1
PROTOTYPE	028595	04/16/18	05:32:16	0.4892597695390782	0.4892597695390782	11.28	0.0	3.522670340681363	3.522670340681363	11.28	-0.0	0.39140781563126253	0.4745819764529058	24.93	-15.0	284.0	287.53	530.98	-178.66	0	1
PROTOTYPE	028596	04/16/18	05:32:17	0.4892597695390782	0.4892597695390782	11.27	0.0	3.522670340681363	3.522670340681363	11.27	-0.0	0.4892597695390782	0.4765390155310621	26.17	-12.75	282.0	286.7	579.17	-226.86	0	1
PROTOTYPE	028597	04/16/18	05:32:19	0.4892597695390782	0.4892597695390782	11.26	0.0	3.522670340681363	3.522670340681363	11.26	-0.0	0.4892597695390782	0.47849605460921835	27.13	-10.84	292.0	287.5	613.19	-192.83	0	1
PROTOTYPE	028598	04/16/18	05:32:20	0.4892597695390782	0.4892597695390782	11.26	0.0	3.522670340681363	3.522670340681363	11.26	-0.0	0.4892597695390782	0.48045309368737477	27.87	-9.21	278.0	286.07	644.26	-223.91	0	1
PROTOTYPE	028599	04/16/18	05:32:22	0.4892597695390782	0.4892597695390782	11.26	0.0	3.522670340681363	3.522670340681363	11.26	-0.0	0.4892597695390782	0.48143161322645295	28.43	-7.83	291.0	286.81	668.51	-100.32	0	1
PROTOTYPE	028600	04/16/18	05:32:23	0.4892597695390782	0.4892597695390782	11.27	0.0	3.522670340681363	3.522670340681363	11.27	-0.0	0.4892597695390782	0.482410132765531	28.87	-6.66	281.0	285.94	692.89	-250.27	0	1
PROTOTYPE	028601	04/16/18	05:32:24	0.4892597695390782	0.4892597695390782	11.26	0.0	3.522670340681363	3.522670340681363	11.26	-0.0	0.4892597695390782	0.48338865230460926	29.18	-5.66	304.0	288.65	867.16	117.27	0	1
PROTOTYPE	028602	04/16/18	05:32:26	0.4892597695390782	0.4892597695390782	11.27	0.0	3.522670340681363	3.522670340681363	11.27	-0.0	0.4892597695390782	0.48436717184368744	29.42	-4.81	296.0	289.75	909.56	159.68	0	1
PROTOTYPE	028603	04/16/18	05:32:27	0.4892597695390782	0.4892597695390782	11.26	0.0	3.522670340681363	3.522670340681363	11.26	-0.0	0.4892597695390782	0.4853456913827655	15.93	10.91	297.0	290.84	955.97	330.73	0	1
PROTOTYPE	028604	04/16/18	05:32:29	0.4892597695390782	0.4892597695390782	11.25	0.0	3.522670340681363	3.522670340681363	11.25	-0.0	0.4892597695390782	0.4863242109218437	14.8	9.28	291.0	290.86	875.78	416.12	0	1
PROTOTYPE	028605	04/16/18	05:32:30	0.4892597695390782	0.4892597695390782	11.24	0.0	3.522670340681363	3.522670340681363	11.24	-0.0	0.4892597695390782	0.4863242109218437	13.92	7.88	299.0	292.08	918.36	458.7	0	1
PROTOTYPE	028606	04/16/18	05:32:31	0.4892597695390782	0.4892597695390782	11.21	0.0	3.522670340681363	3.522670340681363	11.21	-0.0	0.4892597695390782	0.4863242109218437	13.22	6.7	296.0	292.67	834.67	659.89	0	1
PROTOTYPE	028607	04/16/18	05:32:33	0.4892597695390782	0.4892597695390782	11.2	0.0	3.522670340681363	3.522670340681363	11.2	-0.0	0.4892597695390782	0.48730273046092193	12.69	5.7	291.0	292.42	785.84	560.91	0	1
PROTOTYPE	028608	04/16/18	05:32:34	0.4892597695390782	0.4892597695390782	11.19	0.0	3.522670340681363	3.522670340681363	11.19	-0.0	0.4892597695390782	0.48730273046092193	12.3	4.84	291.0	292.21	720.01	626.77	0	1
PROTOTYPE	028609	04/16/18	05:32:36	0.4892597695390782	0.4892597695390782	11.2	0.0	3.522670340681363	3.522670340681363	11.2	-0.0	0.4892597695390782	0.48730273046092193	12.01	4.12	300.0	293.38	566.0	472.76	0	1
PROTOTYPE	028610	04/16/18	05:32:37	0.4892597695390782	0.4892597695390782	11.21	0.0	3.522670340681363	3.522670340681363	11.21	-0.0	0.4892597695390782	0.48828125	11.81	3.5	291.0	293.02	491.39	326.84	0	1
PROTOTYPE	028611	04/16/18	05:32:38	0.4892597695390782	0.4892597695390782	11.21	0.0	3.522670340681363	3.522670340681363	11.21	-0.0	0.4892597695390782	0.48828125	11.64	2.97	300.0	294.07	487.36	322.82	0	1
PROTOTYPE	028612	04/16/18	05:32:40	0.4892597695390782	0.4892597695390782	11.23	0.0	3.522670340681363	3.522670340681363	11.23	-0.0	0.4892597695390782	0.48828125	11.55	2.53	292.0	293.76	515.6	289.39	0	1
PROTOTYPE	028613	04/16/18	05:32:41	0.4892597695390782	0.4892597695390782	11.23	0.0	3.6205222945891786	3.537348133767535	24.89	15.0	0.4892597695390782	0.48828125	11.46	2.15	290.0	293.19	449.9	110.99	0	1
PROTOTYPE	028614	04/16/18	05:32:43	0.4892597695390782	0.4892597695390782	11.25	0.0	3.522670340681363	3.5353910946893787	26.16	12.75	0.4892597695390782	0.48828125	11.41	1.83	295.0	293.46	418.28	79.34	0	1
PROTOTYPE	028615	04/16/18	05:32:44	0.4892597695390782	0.4892597695390782	11.26	0.0	3.522670340681363	3.5334340556112225	27.14	10.84	0.4892597695390782	0.48828125	11.38	1.55	299.0	294.29	476.22	187.44	0	1
PROTOTYPE	028616	04/16/18	05:32:45	0.4892597695390782	0.4892597695390782	11.28	0.0	3.522670340681363	3.5314770165330667	27.9	9.21	0.4892597695390782	0.4892597695390782	11.37	1.32	292.0	293.95	489.32	174.32	0	1
PROTOTYPE	028617	04/16/18	05:32:47	0.4892597695390782	0.4892597695390782	11.29	0.0	3.522670340681363	3.530498496993988	28.47	7.83	0.4892597695390782	0.4892597695390782	11.35	1.12	289.0	293.21	446.69	-16.83	0	1
PROTOTYPE	028618	04/16/18	05:32:48	0.4892597695390782	0.4892597695390782	11.31	0.0	3.522670340681363	3.52951997745491	28.9	6.66	0.4892597695390782	0.4892597695390782	11.35	0.95	279.0	291.08	624.14	-194.3	0	1
PROTOTYPE	028619	04/16/18	05:32:50	0.4892597695390782	0.4892597695390782	11.31	0.0	3.522670340681363	3.528541457915832	29.22	5.66	0.4892597695390782	0.4892597695390782	11.34	0.81	275.0	288.67	760.58	-540.16	0	1
PROTOTYPE	028620	04/16/18	05:32:51	0.4892597695390782	0.4892597695390782	11.3	0.0	3.522670340681363	3.5275629383767533	29.45	4.81	0.4892597695390782	0.4892597695390782	11.32	0.69	296.0	289.77	839.58	-399.13	0	1
PROTOTYPE	028621	04/16/18	05:32:53	0.4892597695390782	0.4892597695390782	11.29	0.0	3.522670340681363	3.5265844188376754	15.95	-10.91	0.4892597695390782	0.4892597695390782	11.31	0.59	276.0	287.7	989.7	-549.26	0	1
PROTOTYPE	028622	04/16/18	05:32:54	0.4892597695390782	0.4892597695390782	11.29	0.0	3.522670340681363	3.5256058992985975	14.83	-9.28	0.4892597695390782	0.4892597695390782	11.3	0.5	278.0	286.25	1108.08	-721.87	0	1
PROTOTYPE	028623	04/16/18	05:32:55	0.4892597695390782	0.4892597695390782	11.29	0.0	3.522670340681363	3.5256058992985975	13.96	-7.88	0.4892597695390782	0.4892597695390782	11.3	0.42	291.0	286.96	1096.36	-733.59	0	1
PROTOTYPE	028624	04/16/18	05:32:57	0.4892597695390782	0.4892597695390782	11.28	0.0	3.522670340681363	3.5256058992985975	13.28	-6.7	0.4892597695390782	0.4892597695390782	11.28	0.36	287.0	286.96	1063.45	-698.55	0	1
PROTOTYPE	028625	04/16/18	05:32:58	0.4892597695390782	0.4892597695390782	11.26	0.0	3.522670340681363	3.524627379759519	12.75	-5.7	0.4892597695390782	0.4892597695390782	11.26	0.31	291.0	287.57	1049.72	-563.77	0	1
PROTOTYPE	028626	04/16/18	05:33:00	0.4892597695390782	0.4892597695390782	11.21	0.0	3.522670340681363	3.524627379759519	12.32	-4.84	0.4892597695390782	0.4892597695390782	11.21	0.26	289.0	287.78	858.1	-329.21	0	1
PROTOTYPE	028627	04/16/18	05:33:01	0.4892597695390782	0.4892597695390782	11.22	0.0	3.522670340681363	3.524627379759519	12.03	-4.12	0.4892597695390782	0.4892597695390782	11.22	0.22	295.0	288.87	725.18	20.18	0	1
PROTOTYPE	028628	04/16/18	05:33:02	0.4892597695390782	0.4892597695390782	11.23	0.0	3.522670340681363	3.5236488602204408	11.82	-3.5	0.4892597695390782	0.4892597695390782	11.23	0.19	288.0	288.74	628.23	-102.85	0	1
PROTOTYPE	028629	04/16/18	05:33:04	0.4892597695390782	0.4892597695390782	11.24	0.0	3.522670340681363	3.5236488602204408	11.67	-2.97	0.4892597695390782	0.4892597695390782	11.24	0.16	286.0	288.33	462.82	62.58	0	1
PROTOTYPE	028630	04/16/18	05:33:05	0.4892597695390782	0.4892597695390782	11.24	0.0	3.522670340681363	3.5236488602204408	11.55	-2.53	0.4892597695390782	0.4892597695390782	11.24	0.14	273.0	286.03	547.21	-21.81	0	1
PROTOTYPE	028631	04/16/18	05:33:07	0.4892597695390782	0.4892597695390782	11.24	0.0	3.522670340681363	3.5236488602204408	11.47	-2.15	0.4892597695390782	0.4892597695390782	11.24	0.12	284.0	285.72	506.32	-123.54	0	1
PROTOTYPE	028632	04/16/18	05:33:08	0.4892597695390782	0.4892597695390782	11.23	0.0	3.522670340681363	3.5236488602204408	11.39	-1.83	0.4892597695390782	0.4892597695390782	11.23	0.1	286.0	285.76	509.16	-120.01	0	1
PROTOTYPE	028633	04/16/18	05:33:09	0.4892597695390782	0.4892597695390782	11.25	0.0	3.522670340681363	3.5236488602204408	11.37	-1.55	0.4892597695390782	0.4892597695390782	11.25	0.08	279.0	284.75	550.1	-282.01	0	1
PROTOTYPE	028634	04/16/18	05:33:11	0.4892597695390782	0.4892597695390782	11.27	0.0	3.522670340681363	3.522670340681363	11.36	-1.32	0.4892597695390782	0.4892597695390782	11.27	0.07	294.0	286.14	667.36	-164.71	0	1
PROTOTYPE	028635	04/16/18	05:33:12	0.4892597695390782	0.4892597695390782	11.26	0.0	3.522670340681363	3.522670340681363	11.32	-1.12	0.4892597695390782	0.4892597695390782	11.26	0.06	295.0	287.47	692.06	-140.0	0	1
PROTOTYPE	028636	04/16/18	05:33:14	0.4892597695390782	0.4892597695390782	11.27	0.0	3.522670340681363	3.522670340681363	11.31	-0.95	0.4892597695390782	0.4892597695390782	11.27	0.05	301.0	289.5	881.98	76.0	0	1
PROTOTYPE	028637	04/16/18	05:33:15	0.4892597695390782	0.4892597695390782	11.28	0.0	3.522670340681363	3.522670340681363	11.31	-0.81	0.4892597695390782	0.4892597695390782	11.28	0.04	292.0	289.87	878.48	154.6	0	1
PROTOTYPE	028638	04/16/18	05:33:16	0.4892597695390782	0.4892597695390782	11.29	0.0	3.522670340681363	3.522670340681363	11.31	-0.69	0.4892597695390782	0.4892597695390782	11.29	0.04	289.0	289.74	661.74	371.41	0	1
PROTOTYPE	028639	04/16/18	05:33:18	0.4892597695390782	0.4892597695390782	11.31	0.0	3.522670340681363	3.522670340681363	11.33	-0.59	0.4892597695390782	0.4892597695390782	11.31	0.03	291.0	289.93	650.23	420.7	0	1
PROTOTYPE	028640	04/16/18	05:33:19	0.4892597695390782	0.4892597695390782	11.31	0.0	3.522670340681363	3.522670340681363	11.32	-0.5	0.4892597695390782	0.4892597695390782	11.31	0.03	294.0	290.54	706.91	477.59	0	1
PROTOTYPE	028641	04/16/18	05:33:21	0.4892597695390782	0.4892597695390782	11.28	0.0	3.522670340681363	3.522670340681363	11.29	-0.42	0.4892597695390782	0.4892597695390782	11.28	0.02	296.0	291.36	687.33	660.95	0	1
PROTOTYPE	028642	04/16/18	05:33:22	0.4892597695390782	0.4892597695390782	11.28	0.0	3.522670340681363	3.522670340681363	11.28	-0.36	0.4892597695390782	0.4892597695390782	11.28	0.02	281.0	289.81	703.97	366.81	0	1
PROTOTYPE	028643	04/16/18	05:33:24	0.4892597695390782	0.4892597695390782	11.3	0.0	3.522670340681363	3.522670340681363	11.3	-0.31	0.4892597695390782	0.4892597695390782	11.3	0.02	287.0	289.38	613.14	191.79	0	1
PROTOTYPE	028644	04/16/18	05:33:25	0.4892597695390782	0.4892597695390782	11.28	0.0	3.522670340681363	3.522670340681363	11.28	-0.26	0.4892597695390782	0.4892597695390782	11.28	0.01	297.0	290.53	524.38	103.02	0	1
PROTOTYPE	028645	04/16/18	05:33:26	0.4892597695390782	0.4892597695390782	11.28	0.0	3.522670340681363	3.522670340681363	11.28	-0.22	0.4892597695390782	0.4892597695390782	11.28	0.01	289.0	290.3	509.75	42.57	0	1
PROTOTYPE	028646	04/16/18	05:33:28	0.4892597695390782	0.4892597695390782	11.26	0.0	3.522670340681363	3.522670340681363	11.26	-0.19	0.4892597695390782	0.4892597695390782	11.26	0.01	295.0	291.0	567.13	126.18	0	1
PROTOTYPE	028647	04/16/18	05:33:29	0.4892597695390782	0.4892597695390782	11.26	0.0	3.522670340681363	3.522670340681363	11.26	-0.16	0.4892597695390782	0.4892597695390782	11.26	0.01	291.0	291.0	549.62	107.26	0	1
PROTOTYPE	028648	04/16/18	05:33:31	0.4892597695390782	0.4892597695390782	11.26	0.0	3.522670340681363	3.522670340681363	11.26	-0.14	0.4892597695390782	0.4892597695390782	11.26	0.01	275.0	288.6	728.61	-193.83	0	1
PROTOTYPE	028649	04/16/18	05:33:32	0.4892597695390782	0.4892597695390782	11.28	0.0	3.522670340681363	3.522670340681363	11.28	-0.12	0.4892597695390782	0.4892597695390782	11.28	0.01	283.0	287.76	730.76	-359.76	0	1
PROTOTYPE	028650	04/16/18	05:33:33	0.4892597695390782	0.4892597695390782	11.27	0.0	3.522670340681363	3.522670340681363	11.27	-0.1	0.4892597695390782	0.4892597695390782	11.27	0.01	286.0	287.5	601.82	-230.79	0	1
PROTOTYPE	028651	04/16/18	05:33:35	0.4892597695390782	0.4892597695390782	11.24	0.0	3.522670340681363	3.522670340681363	11.24	-0.08	0.4892597695390782	0.4892597695390782	11.24	0.0	283.0	286.82	627.19	-256.18	0	1
PROTOTYPE	028652	04/16/18	05:33:36	0.4892597695390782	0.4892597695390782	11.26	0.0	3.522670340681363	3.522670340681363	11.26	-0.07	0.4892597695390782	0.4892597695390782	11.26	0.0	291.0	287.45	575.63	-307.75	0	1
PROTOTYPE	028653	04/16/18	05:33:38	0.4892597695390782	0.4892597695390782	11.26	0.0	3.522670340681363	3.522670340681363	11.26	-0.06	0.4892597695390782	0.4892597695390782	11.26	0.0	282.0	286.63	634.43	-366.59	0	1
PROTOTYPE	028654	04/16/18	05:33:39	0.4892597695390782	0.4892597695390782	11.26	0.0	3.522670340681363	3.522670340681363	11.26	-0.05	0.4892597695390782	0.4892597695390782	11.26	0.0	293.0	287.59	659.42	-341.6	0	1
PROTOTYPE	028655	04/16/18	05:33:40	0.4892597695390782	0.4892597695390782	11.25	0.0	3.522670340681363	3.522670340681363	11.25	-0.04	0.4892597695390782	0.4892597695390782	11.25	0.0	280.0	286.45	771.82	-455.36	0	1
PROTOTYPE	028656	04/16/18	05:33:42	0.4892597695390782	0.4892597695390782	11.28	0.0	3.522670340681363	3.522670340681363	11.28	-0.04	0.4892597695390782	0.4892597695390782	11.28	0.0	293.0	287.43	630.04	-117.05	0	1
PROTOTYPE	028657	04/16/18	05:33:43	0.4892597695390782	0.4892597695390782	11.28	0.0	3.522670340681363	3.522670340681363	11.28	-0.03	0.4892597695390782	0.4892597695390782	11.28	0.0	288.0	287.52	554.63	-24.5	0	1
PROTOTYPE	028658	04/16/18	05:33:45	0.4892597695390782	0.4892597695390782	11.28	0.0	3.522670340681363	3.522670340681363	11.28	-0.03	0.4892597695390782	0.4892597695390782	11.28	0.0	289.0	287.74	550.45	24.18	0	1
PROTOTYPE	028659	04/16/18	05:33:46	0.4892597695390782	0.4892597695390782	11.31	0.0	3.522670340681363	3.522670340681363	11.31	-0.02	0.4892597695390782	0.4892597695390782	11.31	0.0	302.0	289.88	696.88	305.55	0	1
PROTOTYPE	028660	04/16/18	05:33:47	0.4892597695390782	0.4892597695390782	11.3	0.0	3.6205222945891786	3.537348133767535	24.95	14.98	0.4892597695390782	0.4892597695390782	11.3	0.0	277.0	287.95	827.4	49.72	0	1
PROTOTYPE	028661	04/16/18	05:33:49	0.4892597695390782	0.4892597695390782	11.31	0.0	3.522670340681363	3.5353910946893787	26.2	12.73	0.4892597695390782	0.4892597695390782	11.31	0.0	292.0	288.55	806.45	192.26	0	1
PROTOTYPE	028662	04/16/18	05:33:50	0.4892597695390782	0.4892597695390782	11.32	0.0	3.522670340681363	3.5334340556112225	27.18	10.82	0.4892597695390782	0.4892597695390782	11.32	0.0	282.0	287.57	809.26	-1.58	0	1
PROTOTYPE	028663	04/16/18	05:33:52	0.4892597695390782	0.4892597695390782	11.34	0.0	3.522670340681363	3.5314770165330667	27.93	9.2	0.4892597695390782	0.4892597695390782	11.34	0.0	294.0	288.54	791.88	208.66	0	1
PROTOTYPE	028664	04/16/18	05:33:53	0.4892597695390782	0.4892597695390782	11.31	0.0	3.522670340681363	3.530498496993988	28.47	7.82	0.4892597695390782	0.4892597695390782	11.31	0.0	289.0	288.61	700.71	117.36	0	1
PROTOTYPE	028665	04/16/18	05:33:55	0.4892597695390782	0.4892597695390782	11.32	0.0	3.522670340681363	3.52951997745491	28.9	6.65	0.4892597695390782	0.4892597695390782	11.32	0.0	292.0	289.11	743.01	159.76	0	1
PROTOTYPE	028666	04/16/18	05:33:56	0.4892597695390782	0.4892597695390782	11.31	0.0	3.522670340681363	3.528541457915832	29.22	5.65	0.4892597695390782	0.4892597695390782	11.31	0.0	296.0	290.15	824.01	240.79	0	1
PROTOTYPE	028667	04/16/18	05:33:57	0.4892597695390782	0.4892597695390782	11.31	0.0	3.522670340681363	3.5275629383767533	29.45	4.8	0.4892597695390782	0.4892597695390782	11.31	0.0	290.0	290.13	612.73	24.67	0	1
PROTOTYPE	028668	04/16/18	05:33:59	0.4892597695390782	0.4892597695390782	11.3	0.0	3.522670340681363	3.5265844188376754	15.96	-10.92	0.4892597695390782	0.4892597695390782	11.3	0.0	275.0	287.86	646.43	-9.03	0	1
PROTOTYPE	028669	04/16/18	05:34:00	0.4892597695390782	0.4892597695390782	11.29	0.0	3.522670340681363	3.5256058992985975	14.84	-9.28	0.4892597695390782	0.4892597695390782	11.29	0.0	279.0	286.53	718.47	-202.67	0	1
PROTOTYPE	028670	04/16/18	05:34:02	0.4892597695390782	0.4892597695390782	11.28	0.0	3.522670340681363	3.5256058992985975	13.96	-7.89	0.4892597695390782	0.4892597695390782	11.28	0.0	285.0	286.3	643.1	-127.27	0	1
PROTOTYPE	028671	04/16/18	05:34:03	0.4892597695390782	0.4892597695390782	11.24	0.0	3.522670340681363	3.5256058992985975	13.25	-6.7	0.4892597695390782	0.4892597695390782	11.24	0.0	288.0	286.55	572.22	-198.18	0	1
PROTOTYPE	028672	04/16/18	05:34:04	0.4892597695390782	0.4892597695390782	11.24	0.0	3.522670340681363	3.524627379759519	12.73	-5.7	0.4892597695390782	0.4892597695390782	11.24	0.0	289.0	286.92	601.83	-168.45	0	1
PROTOTYPE	028673	04/16/18	05:34:06	0.4892597695390782	0.4892597695390782	11.21	0.0	3.522670340681363	3.524627379759519	12.32	-4.84	0.4892597695390782	0.4892597695390782	11.21	0.0	293.0	287.83	642.09	-128.19	0	1
PROTOTYPE	028674	04/16/18	05:34:07	0.4892597695390782	0.4892597695390782	11.21	0.0	3.522670340681363	3.524627379759519	12.02	-4.12	0.4892597695390782	0.4892597695390782	11.21	0.0	287.0	287.71	551.37	-243.96	0	1
PROTOTYPE	028675	04/16/18	05:34:09	0.4892597695390782	0.4892597695390782	11.18	0.0	3.522670340681363	3.5236488602204408	11.77	-3.5	0.4892597695390782	0.4892597695390782	11.18	0.0	298.0	289.25	703.13	-87.36	0	1
PROTOTYPE	028676	04/16/18	05:34:10	0.4892597695390782	0.4892597695390782	11.17	0.0	3.522670340681363	3.5236488602204408	11.6	-2.98	0.4892597695390782	0.4892597695390782	11.17	0.0	296.0	290.26	577.48	240.74	0	1
PROTOTYPE	028677	04/16/18	05:34:11	0.4892597695390782	0.4892597695390782	11.16	0.0	3.522670340681363	3.5236488602204408	11.48	-2.53	0.4892597695390782	0.4892597695390782	11.16	0.0	292.0	290.52	470.7	399.63	0	1
PROTOTYPE	028678	04/16/18	05:34:13	0.4892597695390782	0.4892597695390782	11.15	0.0	3.522670340681363	3.5236488602204408	11.38	-2.15	0.4892597695390782	0.4892597695390782	11.15	0.0	301.0	292.1	604.88	579.68	0	1
PROTOTYPE	028679	04/16/18	05:34:14	0.4892597695390782	0.4892597695390782	11.18	0.0	3.522670340681363	3.5236488602204408	11.35	-1.83	0.4892597695390782	0.4892597695390782	11.18	0.0	291.0	291.93	595.82	537.73	0	1
PROTOTYPE	028680	04/16/18	05:34:16	0.4892597695390782	0.4892597695390782	11.19	0.0	3.522670340681363	3.5236488602204408	11.31	-1.55	0.4892597695390782	0.4892597695390782	11.19	0.0	289.0	291.49	603.1	457.07	0	1
PROTOTYPE	028681	04/16/18	05:34:17	0.4892597695390782	0.4892597695390782	11.22	0.0	3.522670340681363	3.522670340681363	11.31	-1.32	0.4892597695390782	0.4892597695390782	11.22	0.0	287.0	290.82	579.29	298.51	0	1
PROTOTYPE	028682	04/16/18	05:34:18	0.4892597695390782	0.4892597695390782	11.25	0.0	3.522670340681363	3.522670340681363	11.31	-1.12	0.4892597695390782	0.4892597695390782	11.25	0.0	286.0	290.1	639.0	238.73	0	1
PROTOTYPE	028683	04/16/18	05:34:20	0.4892597695390782	0.4892597695390782	11.28	0.0	3.522670340681363	3.522670340681363	11.32	-0.95	0.4892597695390782	0.4892597695390782	11.28	0.0	280.0	288.58	636.05	-67.08	0	1
PROTOTYPE	028684	04/16/18	05:34:21	0.4892597695390782	0.4892597695390782	11.29	0.0	3.522670340681363	3.522670340681363	11.32	-0.81	0.4892597695390782	0.4892597695390782	11.29	0.0	286.0	288.19	573.55	-207.01	0	1
PROTOTYPE	028685	04/16/18	05:34:23	0.4892597695390782	0.4892597695390782	11.31	0.0	3.522670340681363	3.522670340681363	11.33	-0.69	0.4892597695390782	0.4892597695390782	11.31	0.0	286.0	287.86	580.41	-265.96	0	1
PROTOTYPE	028686	04/16/18	05:34:24	0.4892597695390782	0.4892597695390782	11.33	0.0	3.522670340681363	3.522670340681363	11.35	-0.59	0.4892597695390782	0.4892597695390782	11.33	0.0	289.0	288.04	440.36	-406.07	0	1
PROTOTYPE	028687	04/16/18	05:34:26	0.4892597695390782	0.4892597695390782	11.33	0.0	3.522670340681363	3.522670340681363	11.34	-0.5	0.4892597695390782	0.4892597695390782	11.33	0.0	296.0	289.23	543.35	-270.16	0	1
PROTOTYPE	028688	04/16/18	05:34:27	0.4892597695390782	0.4892597695390782	11.32	0.0	3.522670340681363	3.522670340681363	11.33	-0.42	0.4892597695390782	0.4892597695390782	11.32	0.0	290.0	289.35	510.99	-214.63	0	1
PROTOTYPE	028689	04/16/18	05:34:28	0.4892597695390782	0.4892597695390782	11.31	0.0	3.522670340681363	3.522670340681363	11.31	-0.36	0.4892597695390782	0.4892597695390782	11.31	0.0	285.0	288.69	508.8	-212.44	0	1
PROTOTYPE	028690	04/16/18	05:34:30	0.4892597695390782	0.4892597695390782	11.29	0.0	3.522670340681363	3.522670340681363	11.29	-0.31	0.4892597695390782	0.4892597695390782	11.29	0.0	293.0	289.34	501.13	-75.57	0	1
PROTOTYPE	028691	04/16/18	05:34:31	0.4892597695390782	0.4892597695390782	11.27	0.0	3.522670340681363	3.522670340681363	11.27	-0.26	0.4892597695390782	0.4892597695390782	11.27	0.0	295.0	290.19	434.61	160.76	0	1
PROTOTYPE	028692	04/16/18	05:34:33	0.4892597695390782	0.4892597695390782	11.31	0.0	3.522670340681363	3.522670340681363	11.31	-0.22	0.4892597695390782	0.4892597695390782	11.31	0.0	291.0	290.31	408.13	211.65	0	1
PROTOTYPE	028693	04/16/18	05:34:34	0.4892597695390782	0.4892597695390782	11.29	0.0	3.522670340681363	3.522670340681363	11.29	-0.19	0.4892597695390782	0.4892597695390782	11.29	0.0	294.0	290.86	430.56	299.9	0	1
PROTOTYPE	028694	04/16/18	05:34:35	0.4892597695390782	0.4892597695390782	11.29	0.0	3.522670340681363	3.522670340681363	11.29	-0.16	0.4892597695390782	0.4892597695390782	11.29	0.0	288.0	290.43	456.45	239.92	0	1
PROTOTYPE	028695	04/16/18	05:34:37	0.4892597695390782	0.4892597695390782	11.28	0.0	3.522670340681363	3.522670340681363	11.28	-0.14	0.4892597695390782	0.4892597695390782	11.28	0.0	299.0	291.72	465.46	248.93	0	1
PROTOTYPE	028696	04/16/18	05:34:38	0.4892597695390782	0.4892597695390782	11.28	0.0	3.522670340681363	3.522670340681363	11.28	-0.12	0.4892597695390782	0.4892597695390782	11.28	0.0	289.0	291.31	494.63	196.59	0	1
PROTOTYPE	028697	04/16/18	05:34:40	0.4892597695390782	0.4892597695390782	11.29	0.0	3.522670340681363	3.522670340681363	11.29	-0.1	0.4892597695390782	0.4892597695390782	11.29	0.0	282.0	289.91	569.11	122.1	0	1
PROTOTYPE	028698	04/16/18	05:34:41	0.4892597695390782	0.4892597695390782	11.29	0.0	3.522670340681363	3.522670340681363	11.29	-0.08	0.4892597695390782	0.4892597695390782	11.29	0.0	296.0	290.83	595.79	148.79	0	1
PROTOTYPE	028699	04/16/18	05:34:42	0.4892597695390782	0.4892597695390782	11.31	0.0	3.522670340681363	3.522670340681363	11.31	-0.07	0.4892597695390782	0.4892597695390782	11.31	0.0	296.0	291.6	588.48	141.47	0	1
PROTOTYPE	028700	04/16/18	05:34:44	0.4892597695390782	0.4892597695390782	11.26	0.0	3.522670340681363	3.522670340681363	11.26	-0.06	0.4892597695390782	0.4892597695390782	11.26	0.0	285.0	290.61	675.28	30.25	0	1
PROTOTYPE	028701	04/16/18	05:34:45	0.4892597695390782	0.4892597695390782	11.27	0.0	3.522670340681363	3.522670340681363	11.27	-0.05	0.4892597695390782	0.4892597695390782	11.27	0.0	285.0	289.77	704.12	-109.29	0	1
PROTOTYPE	028702	04/16/18	05:34:47	0.4892597695390782	0.4892597695390782	11.26	0.0	3.522670340681363	3.522670340681363	11.26	-0.04	0.4892597695390782	0.4892597695390782	11.26	0.0	298.0	291.01	784.58	57.1	0	1
PROTOTYPE	028703	04/16/18	05:34:48	0.4892597695390782	0.4892597695390782	11.26	0.0	3.522670340681363	3.522670340681363	11.26	-0.04	0.4892597695390782	0.4892597695390782	11.26	0.0	291.0	291.0	657.5	-71.46	0	1
PROTOTYPE	028704	04/16/18	05:34:49	0.4892597695390782	0.4892597695390782	11.26	0.0	3.522670340681363	3.522670340681363	11.26	-0.03	0.4892597695390782	0.4892597695390782	11.26	0.0	291.0	291.0	618.09	-30.74	0	1
PROTOTYPE	028705	04/16/18	05:34:51	0.5871117234468938	0.5039375626252506	24.9	15.0	3.522670340681363	3.522670340681363	11.25	-0.03	0.4892597695390782	0.4892597695390782	11.25	0.0	295.0	291.6	538.38	168.87	0	1
PROTOTYPE	028706	04/16/18	05:34:52	0.4892597695390782	0.5019805235470942	26.16	12.75	3.522670340681363	3.522670340681363	11.27	-0.02	0.4892597695390782	0.4892597695390782	11.27	0.0	291.0	291.51	456.24	68.54	0	1
PROTOTYPE	028707	04/16/18	05:34:54	0.4892597695390782	0.5000234844689379	27.12	10.84	3.522670340681363	3.522670340681363	11.26	-0.02	0.4892597695390782	0.4892597695390782	11.26	0.0	302.0	293.09	535.96	148.26	0	1
PROTOTYPE	028708	04/16/18	05:34:55	0.4892597695390782	0.4980664453907815	27.87	9.21	3.522670340681363	3.522670340681363	11.26	-0.02	0.4892597695390782	0.4892597695390782	11.26	0.0	296.0	293.52	480.63	291.02	0	1
PROTOTYPE	028709	04/16/18	05:34:56	0.4892597695390782	0.4970879258517034	28.42	7.83	3.522670340681363	3.522670340681363	11.24	-0.01	0.4892597695390782	0.4892597695390782	11.24	0.0	283.0	291.94	554.28	217.37	0	1
PROTOTYPE	028710	04/16/18	05:34:58	0.4892597695390782	0.49610940631262535	28.85	6.66	3.522670340681363	3.522670340681363	11.25	-0.01	0.4892597695390782	0.4892597695390782	11.25	0.0	294.0	292.25	461.7	124.76	0	1
PROTOTYPE	028711	04/16/18	05:34:59	0.4892597695390782	0.49513088677354705	29.16	5.66	3.522670340681363	3.522670340681363	11.24	-0.01	0.4892597695390782	0.4892597695390782	11.24	0.0	304.0	294.01	636.5	301.05	0	1
PROTOTYPE	028712	04/16/18	05:35:01	0.4892597695390782	0.4941523672344689	29.41	4.81	3.522670340681363	3.522670340681363	11.25	-0.01	0.4892597695390782	0.4892597695390782	11.25	0.0	292.0	293.71	665.35	270.89	0	1
PROTOTYPE	028713	04/16/18	05:35:02	0.4892597695390782	0.49317384769539074	15.93	-10.91	3.522670340681363	3.522670340681363	11.26	-0.01	0.4892597695390782	0.4892597695390782	11.26	0.0	291.0	293.31	646.11	170.26	0	1
PROTOTYPE	028714	04/16/18	05:35:04	0.4892597695390782	0.4921953281563127	14.8	-9.28	3.522670340681363	3.522670340681363	11.24	-0.01	0.4892597695390782	0.4892597695390782	11.24	0.0	292.0	293.11	656.59	159.72	0	1
PROTOTYPE	028715	04/16/18	05:35:05	0.4892597695390782	0.4921953281563127	13.93	-7.88	3.522670340681363	3.522670340681363	11.24	-0.01	0.4892597695390782	0.4892597695390782	11.24	0.0	292.0	292.94	515.98	-14.24	0	1
PROTOTYPE	028716	04/16/18	05:35:06	0.4892597695390782	0.4921953281563127	13.27	-6.7	3.522670340681363	3.522670340681363	11.26	-0.0	0.4892597695390782	0.4892597695390782	11.26	0.0	287.0	292.05	561.41	-147.1	0	1
PROTOTYPE	028717	04/16/18	05:35:08	0.4892597695390782	0.4912168086172345	12.77	-5.7	3.522670340681363	3.522670340681363	11.28	-0.0	0.4892597695390782	0.4892597695390782	11.28	0.0	292.0	292.04	405.17	9.96	0	1
PROTOTYPE	028718	04/16/18	05:35:09	0.4892597695390782	0.4912168086172345	12.37	-4.84	3.522670340681363	3.522670340681363	11.27	-0.0	0.4892597695390782	0.4892597695390782	11.27	0.0	288.0	291.44	434.98	-81.53	0	1
PROTOTYPE	028719	04/16/18	05:35:11	0.4892597695390782	0.4912168086172345	12.1	-4.12	3.522670340681363	3.522670340681363	11.29	-0.0	0.4892597695390782	0.4892597695390782	11.29	0.0	282.0	290.02	400.34	-399.3	0	1
PROTOTYPE	028720	04/16/18	05:35:12	0.4892597695390782	0.49023828907815625	11.88	-3.5	3.522670340681363	3.522670340681363	11.29	-0.0	0.4892597695390782	0.4892597695390782	11.29	0.0	289.0	289.87	385.47	-384.41	0	1
PROTOTYPE	028721	04/16/18	05:35:13	0.4892597695390782	0.49023828907815625	11.7	-2.97	3.522670340681363	3.522670340681363	11.27	-0.0	0.4892597695390782	0.4892597695390782	11.27	0.0	295.0	290.64	421.74	-266.75	0	1
PROTOTYPE	028722	04/16/18	05:35:15	0.4892597695390782	0.49023828907815625	11.59	-2.53	3.522670340681363	3.522670340681363	11.28	-0.0	0.4892597695390782	0.4892597695390782	11.28	0.0	300.0	292.04	542.54	-106.73	0	1
PROTOTYPE	028723	04/16/18	05:35:16	0.4892597695390782	0.49023828907815625	11.51	-2.15	3.522670340681363	3.522670340681363	11.28	-0.0	0.4892597695390782	0.4892597695390782	11.28	0.0	298.0	292.94	615.2	-0.72	0	1
PROTOTYPE	028724	04/16/18	05:35:18	0.4892597695390782	0.49023828907815625	11.42	-1.83	3.522670340681363	3.522670340681363	11.26	-0.0	0.4892597695390782	0.4892597695390782	11.26	0.0	292.0	292.8	540.15	74.38	0	1
PROTOTYPE	028725	04/16/18	05:35:19	0.4892597695390782	0.49023828907815625	11.36	-1.55	3.522670340681363	3.522670340681363	11.24	-0.0	0.4892597695390782	0.4892597695390782	11.24	0.0	294.0	292.98	556.66	93.23	0	1
PROTOTYPE	028726	04/16/18	05:35:20	0.4892597695390782	0.4892597695390782	11.34	-1.32	3.522670340681363	3.522670340681363	11.25	-0.0	0.4892597695390782	0.4892597695390782	11.25	0.0	293.0	292.98	497.44	154.24	0	1
PROTOTYPE	028727	04/16/18	05:35:22	0.4892597695390782	0.4892597695390782	11.35	-1.12	3.522670340681363	3.522670340681363	11.29	-0.0	0.4892597695390782	0.4892597695390782	11.29	0.0	297.0	293.58	416.18	356.11	0	1
PROTOTYPE	028728	04/16/18	05:35:23	0.4892597695390782	0.4892597695390782	11.33	-0.95	3.522670340681363	3.522670340681363	11.29	-0.0	0.4892597695390782	0.4892597695390782	11.29	0.0	281.0	291.7	589.54	182.69	0	1
PROTOTYPE	028729	04/16/18	05:35:25	0.4892597695390782	0.4892597695390782	11.33	-0.81	3.522670340681363	3.522670340681363	11.3	-0.0	0.4892597695390782	0.4892597695390782	11.3	0.0	287.0	290.99	583.0	35.29	0	1
PROTOTYPE	028730	04/16/18	05:35:26	0.4892597695390782	0.4892597695390782	11.32	-0.69	3.522670340681363	3.522670340681363	11.3	-0.0	0.4892597695390782	0.4892597695390782	11.3	0.0	295.0	291.59	502.72	-45.01	0	1
PROTOTYPE	028731	04/16/18	05:35:28	0.4892597695390782	0.4892597695390782	11.32	-0.59	3.522670340681363	3.522670340681363	11.3	-0.0	0.4892597695390782	0.4892597695390782	11.3	0.0	295.0	292.1	464.48	-83.26	0	1
PROTOTYPE	028732	04/16/18	05:35:29	0.4892597695390782	0.4892597695390782	11.32	-0.5	3.522670340681363	3.522670340681363	11.31	-0.0	0.4892597695390782	0.4892597695390782	11.31	0.0	289.0	291.64	496.94	-115.77	0	1
PROTOTYPE	028733	04/16/18	05:35:30	0.4892597695390782	0.4892597695390782	11.35	-0.42	3.522670340681363	3.522670340681363	11.34	-0.0	0.4892597695390782	0.4892597695390782	11.34	0.0	281.0	290.04	638.4	-293.4	0	1
PROTOTYPE	028734	04/16/18	05:35:32	0.4892597695390782	0.4892597695390782	11.34	-0.36	3.522670340681363	3.522670340681363	11.34	-0.0	0.4892597695390782	0.4892597695390782	11.34	0.0	290.0	290.04	638.5	-294.39	0	1
PROTOTYPE	028735	04/16/18	05:35:33	0.4892597695390782	0.4892597695390782	11.28	-0.31	3.522670340681363	3.522670340681363	11.28	-0.0	0.4892597695390782	0.4892597695390782	11.28	0.0	288.0	289.73	608.75	-385.23	0	1
PROTOTYPE	028736	04/16/18	05:35:35	0.4892597695390782	0.4892597695390782	11.29	-0.26	3.522670340681363	3.522670340681363	11.29	-0.0	0.4892597695390782	0.4892597695390782	11.29	0.0	291.0	289.92	439.09	-177.45	0	1
PROTOTYPE	028737	04/16/18	05:35:36	0.4892597695390782	0.4892597695390782	11.29	-0.22	3.522670340681363	3.522670340681363	11.29	-0.0	0.4892597695390782	0.4892597695390782	11.29	0.0	293.0	290.38	414.85	-60.83	0	1
PROTOTYPE	028738	04/16/18	05:35:37	0.4892597695390782	0.4892597695390782	11.28	-0.19	3.522670340681363	3.522670340681363	11.28	-0.0	0.4892597695390782	0.4892597695390782	11.28	0.0	283.0	289.28	465.46	-231.71	0	1
PROTOTYPE	028739	04/16/18	05:35:39	0.4892597695390782	0.4892597695390782	11.26	-0.16	3.522670340681363	3.522670340681363	11.26	-0.0	0.4892597695390782	0.4892597695390782	11.26	0.0	299.0	290.73	560.2	-136.95	0	1
PROTOTYPE	028740	04/16/18	05:35:40	0.4892597695390782	0.4892597695390782	11.27	-0.14	3.522670340681363	3.522670340681363	11.27	-0.0	0.4892597695390782	0.4892597695390782	11.27	0.0	299.0	291.97	637.62	33.59	0	1
PROTOTYPE	028741	04/16/18	05:35:42	0.4892597695390782	0.4892597695390782	11.25	-0.12	3.522670340681363	3.522670340681363	11.25	-0.0	0.4892597695390782	0.4892597695390782	11.25	0.0	286.0	291.08	567.66	103.55	0	1
PROTOTYPE	028742	04/16/18	05:35:43	0.4892597695390782	0.4892597695390782	11.26	-0.1	3.522670340681363	3.522670340681363	11.26	-0.0	0.4892597695390782	0.4892597695390782	11.26	0.0	283.0	289.87	687.29	-16.98	0	1
PROTOTYPE	028743	04/16/18	05:35:44	0.4892597695390782	0.4892597695390782	11.28	-0.08	3.522670340681363	3.522670340681363	11.28	-0.0	0.4892597695390782	0.4892597695390782	11.28	0.0	291.0	290.04	673.79	30.57	0	1
PROTOTYPE	028744	04/16/18	05:35:46	0.4892597695390782	0.4892597695390782	11.24	-0.07	3.6205222945891786	3.537348133767535	24.92	15.0	0.4892597695390782	0.4892597695390782	11.24	0.0	282.0	288.83	775.25	-109.02	0	1
PROTOTYPE	028745	04/16/18	05:35:47	0.4892597695390782	0.4892597695390782	11.22	-0.06	3.522670340681363	3.5353910946893787	26.15	12.75	0.4892597695390782	0.4892597695390782	11.22	0.0	298.0	290.21	866.58	-17.67	0	1
PROTOTYPE	028746	04/16/18	05:35:49	0.4892597695390782	0.4892597695390782	11.22	-0.05	3.6205222945891786	3.5481118486973946	37.92	25.84	0.4892597695390782	0.4892597695390782	11.22	0.0	284.0	289.28	848.94	-0.02	0	1
PROTOTYPE	028747	04/16/18	05:35:50	0.4892597695390782	0.4892597695390782	11.26	-0.04	3.6205222945891786	3.558875563627254	47.74	36.96	0.4892597695390782	0.4892597695390782	11.26	0.0	297.0	290.43	818.94	-30.01	0	1
PROTOTYPE	028748	04/16/18	05:35:51	0.4892597695390782	0.4892597695390782	11.26	-0.04	3.6205222945891786	3.567682239478958	55.89	46.42	0.4892597695390782	0.4892597695390782	11.26	0.0	285.0	289.62	776.47	-235.51	0	1
PROTOTYPE	028749	04/16/18	05:35:53	0.4892597695390782	0.4892597695390782	11.26	-0.03	3.6205222945891786	3.575510395791583	62.65	54.45	0.4892597695390782	0.4892597695390782	11.26	0.0	281.0	288.33	816.14	-275.18	0	1
PROTOTYPE	028750	04/16/18	05:35:54	0.4892597695390782	0.4892597695390782	11.24	-0.03	3.522670340681363	3.567682239478958	69.51	46.29	0.4892597695390782	0.4892597695390782	11.24	0.0	276.0	286.48	879.86	-338.91	0	1
PROTOTYPE	028751	04/16/18	05:35:56	0.4892597695390782	0.4892597695390782	11.23	-0.02	3.6205222945891786	3.575510395791583	76.27	54.34	0.4892597695390782	0.4892597695390782	11.23	0.0	286.0	286.41	870.08	-363.07	0	1
PROTOTYPE	028752	04/16/18	05:35:57	0.4892597695390782	0.4892597695390782	11.25	-0.02	3.522670340681363	3.567682239478958	69.48	31.19	0.4892597695390782	0.4892597695390782	11.25	0.0	290.0	286.94	803.47	-188.61	0	1
PROTOTYPE	028753	04/16/18	05:35:58	0.4892597695390782	0.4892597695390782	11.26	-0.02	3.6205222945891786	3.575510395791583	75.03	41.51	0.4892597695390782	0.4892597695390782	11.26	0.0	290.0	287.4	711.77	-280.32	0	1
PROTOTYPE	028754	04/16/18	05:36:00	0.4892597695390782	0.4892597695390782	11.26	-0.01	3.6205222945891786	3.58236003256513	68.87	35.29	0.4892597695390782	0.4892597695390782	11.26	0.0	291.0	287.94	672.64	-133.27	0	1
PROTOTYPE	028755	04/16/18	05:36:01	0.4892597695390782	0.4892597695390782	11.24	-0.01	3.6205222945891786	3.5882311497995993	63.65	29.99	0.4892597695390782	0.4892597695390782	11.24	0.0	299.0	289.6	722.63	-83.28	0	1
PROTOTYPE	028756	04/16/18	05:36:03	0.4892597695390782	0.4892597695390782	11.26	-0.01	3.522670340681363	3.5784459544088176	64.24	10.49	0.4892597695390782	0.4892597695390782	11.26	0.0	284.0	288.76	725.14	-85.79	0	1
PROTOTYPE	028757	04/16/18	05:36:04	0.4892597695390782	0.4892597695390782	11.27	-0.01	3.6205222945891786	3.584317071643287	62.69	8.92	0.4892597695390782	0.4892597695390782	11.27	0.0	300.0	290.45	764.44	212.08	0	1
PROTOTYPE	028758	04/16/18	05:36:06	0.4892597695390782	0.4892597695390782	11.28	-0.01	3.6205222945891786	3.590188188877755	60.08	22.58	0.4892597695390782	0.4892597695390782	11.28	0.0	291.0	290.53	587.96	405.27	0	1
PROTOTYPE	028759	04/16/18	05:36:07	0.4892597695390782	0.4892597695390782	11.3	-0.01	3.6205222945891786	3.5950807865731464	56.78	19.19	0.4892597695390782	0.4892597695390782	11.3	0.0	292.0	290.75	602.76	434.48	0	1
PROTOTYPE	028760	04/16/18	05:36:08	0.4892597695390782	0.4892597695390782	11.3	-0.01	3.6205222945891786	3.598994864729459	52.72	31.32	0.4892597695390782	0.4892597695390782	11.3	0.0	291.0	290.79	552.82	384.31	0	1
PROTOTYPE	028761	04/16/18	05:36:10	0.4892597695390782	0.4892597695390782	11.32	-0.0	3.6205222945891786	3.6019304233466936	48.19	26.62	0.4892597695390782	0.4892597695390782	11.32	0.0	293.0	291.12	540.19	371.66	0	1
PROTOTYPE	028762	04/16/18	05:36:11	0.4892597695390782	0.4892597695390782	11.34	-0.0	3.6205222945891786	3.604865981963928	44.39	22.63	0.4892597695390782	0.4892597695390782	11.34	0.0	297.0	292.0	574.43	405.91	0	1
PROTOTYPE	028763	04/16/18	05:36:13	0.4892597695390782	0.4892597695390782	11.34	-0.0	3.6205222945891786	3.606823021042084	41.2	19.23	0.4892597695390782	0.4892597695390782	11.34	0.0	289.0	291.55	453.61	195.02	0	1
PROTOTYPE	028764	04/16/18	05:36:14	0.4892597695390782	0.4892597695390782	11.32	-0.0	3.6205222945891786	3.608780060120241	33.57	31.35	0.4892597695390782	0.4892597695390782	11.32	0.0	284.0	290.42	482.86	165.77	0	1
PROTOTYPE	028765	04/16/18	05:36:16	0.4892597695390782	0.4892597695390782	11.34	-0.0	3.6205222945891786	3.6107370991983965	29.22	26.64	0.4892597695390782	0.4892597695390782	11.34	0.0	297.0	291.41	413.0	95.91	0	1
PROTOTYPE	028766	04/16/18	05:36:17	0.4892597695390782	0.4892597695390782	11.33	-0.0	3.6205222945891786	3.612694138276553	25.6	22.65	0.4892597695390782	0.4892597695390782	11.33	0.0	286.0	290.6	485.69	6.52	0	1
