Dev_id	Index	Date	Time	Sensor1	Sensor1_Filter	Sensor1_LL	Sensor1_Diff	Sensor2	Sensor2_Filter	Sensor2_LL	Sensor2_Diff	Sensor3	Sensor3_Filter	Sensor3_LL	Sensor3_Diff	Sensor4	Sensor4_Filter	Sensor4_LL	Sensor4_Diff	Heater_Status	FSM_Status
PROTOTYPE	033367	04/16/18	07:24:31	0.4892597695390782	0.4892597695390782	11.32	0.0	3.424818386773547	3.378827968436874	69.0	38.15	0.4892597695390782	0.4863242109218437	14.86	9.28	299.0	289.46	773.15	57.16	0	1
PROTOTYPE	033368	04/16/18	07:24:33	0.4892597695390782	0.4892597695390782	11.33	0.0	3.424818386773547	3.3856776052104207	63.35	32.43	0.4892597695390782	0.4863242109218437	14.0	7.88	287.0	289.09	796.67	33.59	0	1
PROTOTYPE	033369	04/16/18	07:24:34	0.4892597695390782	0.4892597695390782	11.32	0.0	3.424818386773547	3.3915487224448895	58.55	27.56	0.4892597695390782	0.4863242109218437	13.32	6.7	290.0	289.23	806.45	43.55	0	1
PROTOTYPE	033370	04/16/18	07:24:35	0.4892597695390782	0.4892597695390782	11.31	0.0	3.424818386773547	3.3964413201402803	57.87	38.43	0.4892597695390782	0.48730273046092193	12.79	5.7	305.0	291.59	919.91	157.02	0	1
PROTOTYPE	033371	04/16/18	07:24:37	0.4892597695390782	0.4892597695390782	11.3	0.0	3.424818386773547	3.401333917835671	57.29	47.66	0.4892597695390782	0.48730273046092193	12.4	4.84	286.0	290.75	884.1	-46.54	0	1
PROTOTYPE	033372	04/16/18	07:24:38	0.4892597695390782	0.4892597695390782	11.3	0.0	3.424818386773547	3.404269476452906	56.81	55.51	0.4892597695390782	0.48730273046092193	12.1	4.12	300.0	292.14	914.54	200.44	0	1
PROTOTYPE	033373	04/16/18	07:24:40	0.4892597695390782	0.4892597695390782	11.27	0.0	3.424818386773547	3.4072050350701404	48.69	47.19	0.4892597695390782	0.48828125	11.86	3.5	293.0	292.27	775.49	365.38	0	1
PROTOTYPE	033374	04/16/18	07:24:41	0.4892597695390782	0.4892597695390782	11.28	0.0	3.424818386773547	3.410140593687375	41.86	40.11	0.4892597695390782	0.48828125	11.71	2.97	290.0	291.93	725.31	415.57	0	1
PROTOTYPE	033375	04/16/18	07:24:42	0.4892597695390782	0.4892597695390782	11.26	0.0	3.424818386773547	3.412097632765531	36.13	34.09	0.4892597695390782	0.48828125	11.57	2.53	286.0	291.04	645.83	158.24	0	1
PROTOTYPE	033376	04/16/18	07:24:44	0.4892597695390782	0.4892597695390782	11.25	0.0	3.424818386773547	3.4140546718436875	31.33	28.98	0.4892597695390782	0.48828125	11.48	2.15	289.0	290.73	639.57	164.5	0	1
PROTOTYPE	033377	04/16/18	07:24:45	0.4892597695390782	0.4892597695390782	11.25	0.0	3.424818386773547	3.4160117109218437	27.34	24.63	0.4892597695390782	0.48828125	11.41	1.83	293.0	291.07	659.86	184.83	0	1
PROTOTYPE	033378	04/16/18	07:24:47	0.4892597695390782	0.4892597695390782	11.24	0.0	3.424818386773547	3.416990230460922	24.04	20.94	0.4892597695390782	0.48828125	11.36	1.55	270.0	287.91	739.33	-367.9	0	1
PROTOTYPE	033379	04/16/18	07:24:48	0.4892597695390782	0.4892597695390782	11.25	0.0	3.424818386773547	3.41796875	21.34	17.8	0.4892597695390782	0.4892597695390782	11.34	1.32	281.0	286.88	759.14	-387.71	0	1
PROTOTYPE	033380	04/16/18	07:24:49	0.4892597695390782	0.4892597695390782	11.24	0.0	3.424818386773547	3.4189472695390783	19.13	15.13	0.4892597695390782	0.4892597695390782	11.3	1.12	290.0	287.34	667.31	-479.56	0	1
PROTOTYPE	033381	04/16/18	07:24:51	0.4892597695390782	0.4892597695390782	11.25	0.0	3.424818386773547	3.4199257890781567	17.36	12.86	0.4892597695390782	0.4892597695390782	11.29	0.95	290.0	287.74	694.2	-452.62	0	1
PROTOTYPE	033382	04/16/18	07:24:52	0.4892597695390782	0.4892597695390782	11.25	0.0	3.424818386773547	3.4209043086172346	15.94	10.93	0.4892597695390782	0.4892597695390782	11.28	0.81	297.0	289.13	799.01	-279.73	0	1
PROTOTYPE	033383	04/16/18	07:24:54	0.4892597695390782	0.4892597695390782	11.24	0.0	3.3269664328657313	3.4072050350701404	27.74	-5.71	0.4892597695390782	0.4892597695390782	11.26	0.69	277.0	287.31	892.04	-372.77	0	1
PROTOTYPE	033384	04/16/18	07:24:55	0.4892597695390782	0.4892597695390782	11.22	0.0	3.424818386773547	3.409162074148297	28.46	-4.85	0.4892597695390782	0.4892597695390782	11.24	0.59	299.0	289.06	1036.75	-166.85	0	1
PROTOTYPE	033385	04/16/18	07:24:57	0.4892597695390782	0.4892597695390782	11.23	0.0	3.424818386773547	3.412097632765531	29.06	-4.13	0.4892597695390782	0.4892597695390782	11.24	0.5	293.0	289.66	1061.77	-141.83	0	1
PROTOTYPE	033386	04/16/18	07:24:58	0.4892597695390782	0.4892597695390782	11.24	0.0	3.424818386773547	3.4140546718436875	29.54	-3.51	0.4892597695390782	0.4892597695390782	11.25	0.42	289.0	289.56	755.59	164.45	0	1
PROTOTYPE	033387	04/16/18	07:24:59	0.4892597695390782	0.4892597695390782	11.23	0.0	3.424818386773547	3.4150331913827654	29.91	-2.98	0.4892597695390782	0.4892597695390782	11.23	0.36	287.0	289.17	690.28	229.78	0	1
PROTOTYPE	033388	04/16/18	07:25:01	0.4892597695390782	0.4892597695390782	11.25	0.0	3.424818386773547	3.416990230460922	30.22	-2.53	0.4892597695390782	0.4892597695390782	11.25	0.31	285.0	288.55	706.0	120.31	0	1
PROTOTYPE	033389	04/16/18	07:25:02	0.4892597695390782	0.4892597695390782	11.24	0.0	3.424818386773547	3.41796875	30.43	-2.15	0.4892597695390782	0.4892597695390782	11.24	0.26	289.0	288.62	673.07	87.27	0	1
PROTOTYPE	033390	04/16/18	07:25:04	0.4892597695390782	0.4892597695390782	11.22	0.0	3.424818386773547	3.4189472695390783	30.59	-1.83	0.4892597695390782	0.4892597695390782	11.22	0.22	295.0	289.57	629.99	44.18	0	1
PROTOTYPE	033391	04/16/18	07:25:05	0.4892597695390782	0.4892597695390782	11.24	0.0	3.424818386773547	3.4199257890781567	17.8	13.44	0.4892597695390782	0.4892597695390782	11.24	0.19	282.0	288.44	561.62	112.55	0	1
PROTOTYPE	033392	04/16/18	07:25:06	0.4892597695390782	0.4892597695390782	11.25	0.0	3.424818386773547	3.4209043086172346	16.29	11.43	0.4892597695390782	0.4892597695390782	11.25	0.16	291.0	288.82	424.75	-24.33	0	1
PROTOTYPE	033393	04/16/18	07:25:08	0.4892597695390782	0.4892597695390782	11.25	0.0	3.424818386773547	3.4209043086172346	15.1	9.71	0.4892597695390782	0.4892597695390782	11.25	0.14	291.0	289.15	398.42	-50.68	0	1
PROTOTYPE	033394	04/16/18	07:25:09	0.4892597695390782	0.4892597695390782	11.24	0.0	3.424818386773547	3.4218828281563125	14.15	8.26	0.4892597695390782	0.4892597695390782	11.24	0.12	296.0	290.18	491.28	61.92	0	1
PROTOTYPE	033395	04/16/18	07:25:11	0.4892597695390782	0.4892597695390782	11.25	0.0	3.424818386773547	3.4218828281563125	13.43	7.02	0.4892597695390782	0.4892597695390782	11.25	0.1	289.0	290.0	470.6	82.63	0	1
PROTOTYPE	033396	04/16/18	07:25:12	0.4892597695390782	0.4892597695390782	11.23	0.0	3.424818386773547	3.4228613476953904	12.86	5.97	0.4892597695390782	0.4892597695390782	11.23	0.08	299.0	291.35	542.99	280.24	0	1
PROTOTYPE	033397	04/16/18	07:25:13	0.4892597695390782	0.4892597695390782	11.25	0.0	3.424818386773547	3.4228613476953904	12.45	5.07	0.4892597695390782	0.4892597695390782	11.25	0.07	289.0	291.0	571.33	238.2	0	1
PROTOTYPE	033398	04/16/18	07:25:15	0.4892597695390782	0.4892597695390782	11.26	0.0	3.424818386773547	3.4228613476953904	12.14	4.31	0.4892597695390782	0.4892597695390782	11.26	0.06	295.0	291.6	535.61	202.47	0	1
PROTOTYPE	033399	04/16/18	07:25:16	0.4892597695390782	0.4892597695390782	11.26	0.0	3.424818386773547	3.423839867234469	11.91	3.66	0.4892597695390782	0.4892597695390782	11.26	0.05	271.0	288.51	730.98	7.1	0	1
PROTOTYPE	033400	04/16/18	07:25:18	0.4892597695390782	0.4892597695390782	11.28	0.0	3.424818386773547	3.423839867234469	11.75	3.11	0.4892597695390782	0.4892597695390782	11.28	0.04	302.0	290.53	894.89	171.04	0	1
PROTOTYPE	033401	04/16/18	07:25:19	0.4892597695390782	0.4892597695390782	11.27	0.0	3.424818386773547	3.423839867234469	11.61	2.65	0.4892597695390782	0.4892597695390782	11.27	0.04	288.0	290.15	900.18	100.38	0	1
PROTOTYPE	033402	04/16/18	07:25:20	0.4892597695390782	0.4892597695390782	11.28	0.0	3.424818386773547	3.423839867234469	11.53	2.25	0.4892597695390782	0.4892597695390782	11.28	0.03	280.0	288.63	949.68	-154.68	0	1
PROTOTYPE	033403	04/16/18	07:25:22	0.4892597695390782	0.4892597695390782	11.27	0.0	3.424818386773547	3.423839867234469	11.45	1.91	0.4892597695390782	0.4892597695390782	11.27	0.03	295.0	289.58	1027.56	-41.48	0	1
PROTOTYPE	033404	04/16/18	07:25:23	0.4892597695390782	0.4892597695390782	11.29	0.0	3.424818386773547	3.423839867234469	11.42	1.63	0.4892597695390782	0.4892597695390782	11.29	0.02	279.0	288.0	1051.32	-335.25	0	1
PROTOTYPE	033405	04/16/18	07:25:25	0.4892597695390782	0.4892597695390782	11.28	0.0	3.424818386773547	3.423839867234469	11.37	1.38	0.4892597695390782	0.4892597695390782	11.28	0.02	288.0	288.0	1017.46	-299.97	0	1
PROTOTYPE	033406	04/16/18	07:25:26	0.4892597695390782	0.4892597695390782	11.28	0.0	3.424818386773547	3.424818386773547	11.35	1.17	0.4892597695390782	0.4892597695390782	11.28	0.02	279.0	286.65	1092.38	-494.97	0	1
PROTOTYPE	033407	04/16/18	07:25:28	0.4892597695390782	0.4892597695390782	11.29	0.0	3.424818386773547	3.424818386773547	11.34	1.0	0.4892597695390782	0.4892597695390782	11.29	0.01	293.0	287.6	878.7	-90.73	0	1
PROTOTYPE	033408	04/16/18	07:25:29	0.4892597695390782	0.4892597695390782	11.27	0.0	3.424818386773547	3.424818386773547	11.3	0.85	0.4892597695390782	0.4892597695390782	11.27	0.01	292.0	288.26	742.32	-227.12	0	1
PROTOTYPE	033409	04/16/18	07:25:30	0.4892597695390782	0.4892597695390782	11.26	0.0	3.424818386773547	3.424818386773547	11.28	0.72	0.4892597695390782	0.4892597695390782	11.26	0.01	291.0	288.67	745.43	-148.05	0	1
PROTOTYPE	033410	04/16/18	07:25:32	0.4892597695390782	0.4892597695390782	11.24	0.0	3.424818386773547	3.424818386773547	11.26	0.61	0.4892597695390782	0.4892597695390782	11.24	0.01	307.0	291.42	868.07	279.16	0	1
PROTOTYPE	033411	04/16/18	07:25:33	0.4892597695390782	0.4892597695390782	11.23	0.0	3.424818386773547	3.424818386773547	11.24	0.52	0.4892597695390782	0.4892597695390782	11.23	0.01	286.0	290.61	853.83	102.28	0	1
PROTOTYPE	033412	04/16/18	07:25:35	0.4892597695390782	0.4892597695390782	11.23	0.0	3.424818386773547	3.424818386773547	11.24	0.44	0.4892597695390782	0.4892597695390782	11.23	0.01	292.0	290.82	715.98	281.94	0	1
PROTOTYPE	033413	04/16/18	07:25:36	0.4892597695390782	0.4892597695390782	11.23	0.0	3.424818386773547	3.424818386773547	11.24	0.38	0.4892597695390782	0.4892597695390782	11.23	0.01	294.0	291.29	762.34	329.65	0	1
PROTOTYPE	033414	04/16/18	07:25:37	0.4892597695390782	0.4892597695390782	11.23	0.0	3.424818386773547	3.424818386773547	11.23	0.32	0.4892597695390782	0.4892597695390782	11.23	0.0	284.0	290.2	736.79	355.2	0	1
PROTOTYPE	033415	04/16/18	07:25:39	0.4892597695390782	0.4892597695390782	11.21	0.0	3.424818386773547	3.424818386773547	11.21	0.27	0.4892597695390782	0.4892597695390782	11.21	0.0	301.0	291.82	803.51	421.92	0	1
PROTOTYPE	033416	04/16/18	07:25:40	0.4892597695390782	0.4892597695390782	11.2	0.0	3.424818386773547	3.424818386773547	11.2	0.23	0.4892597695390782	0.4892597695390782	11.2	0.0	291.0	291.7	749.88	343.63	0	1
PROTOTYPE	033417	04/16/18	07:25:42	0.4892597695390782	0.4892597695390782	11.2	0.0	3.424818386773547	3.424818386773547	11.2	0.2	0.4892597695390782	0.4892597695390782	11.2	0.0	282.0	290.24	854.23	157.09	0	1
PROTOTYPE	033418	04/16/18	07:25:43	0.4892597695390782	0.4892597695390782	11.2	0.0	3.424818386773547	3.424818386773547	11.2	0.17	0.4892597695390782	0.4892597695390782	11.2	0.0	297.0	291.26	680.67	-16.47	0	1
PROTOTYPE	033419	04/16/18	07:25:44	0.4892597695390782	0.4892597695390782	11.2	0.0	3.424818386773547	3.424818386773547	11.2	0.14	0.4892597695390782	0.4892597695390782	11.2	0.0	296.0	291.97	670.52	136.0	0	1
PROTOTYPE	033420	04/16/18	07:25:46	0.4892597695390782	0.4892597695390782	11.18	0.0	3.424818386773547	3.424818386773547	11.18	0.12	0.4892597695390782	0.4892597695390782	11.18	0.0	304.0	293.77	830.08	295.6	0	1
PROTOTYPE	033421	04/16/18	07:25:47	0.4892597695390782	0.4892597695390782	11.16	0.0	3.424818386773547	3.424818386773547	11.16	0.1	0.4892597695390782	0.4892597695390782	11.16	0.0	296.0	294.11	815.74	281.26	0	1
PROTOTYPE	033422	04/16/18	07:25:48	0.4892597695390782	0.4892597695390782	11.15	0.0	3.424818386773547	3.424818386773547	11.15	0.09	0.4892597695390782	0.4892597695390782	11.15	0.0	297.0	294.54	749.75	434.07	0	1
PROTOTYPE	033423	04/16/18	07:25:50	0.4892597695390782	0.4892597695390782	11.14	0.0	3.424818386773547	3.424818386773547	11.14	0.07	0.4892597695390782	0.4892597695390782	11.14	0.0	295.0	294.61	594.77	278.96	0	1
PROTOTYPE	033424	04/16/18	07:25:51	0.4892597695390782	0.4892597695390782	11.16	0.0	3.424818386773547	3.424818386773547	11.16	0.06	0.4892597695390782	0.4892597695390782	11.16	0.0	285.0	293.17	726.54	147.11	0	1
PROTOTYPE	033425	04/16/18	07:25:53	0.4892597695390782	0.4892597695390782	11.17	0.0	3.424818386773547	3.424818386773547	11.17	0.05	0.4892597695390782	0.4892597695390782	11.17	0.0	297.0	293.74	638.58	350.05	0	1
PROTOTYPE	033426	04/16/18	07:25:54	0.4892597695390782	0.4892597695390782	11.2	0.0	3.424818386773547	3.424818386773547	11.2	0.05	0.4892597695390782	0.4892597695390782	11.2	0.0	303.0	295.13	676.07	387.54	0	1
PROTOTYPE	033427	04/16/18	07:25:56	0.4892597695390782	0.4892597695390782	11.24	0.0	3.424818386773547	3.424818386773547	11.24	0.04	0.4892597695390782	0.4892597695390782	11.24	0.0	290.0	294.36	681.88	239.41	0	1
PROTOTYPE	033428	04/16/18	07:25:57	0.4892597695390782	0.4892597695390782	11.27	0.0	3.424818386773547	3.424818386773547	11.27	0.03	0.4892597695390782	0.4892597695390782	11.27	0.0	298.0	294.91	555.98	113.5	0	1
PROTOTYPE	033429	04/16/18	07:25:58	0.4892597695390782	0.4892597695390782	11.28	0.0	3.424818386773547	3.424818386773547	11.28	0.03	0.4892597695390782	0.4892597695390782	11.28	0.0	286.0	293.57	656.16	-53.53	0	1
PROTOTYPE	033430	04/16/18	07:26:00	0.4892597695390782	0.4892597695390782	11.3	0.0	3.424818386773547	3.424818386773547	11.3	0.02	0.4892597695390782	0.4892597695390782	11.3	0.0	280.0	291.54	816.31	-300.5	0	1
PROTOTYPE	033431	04/16/18	07:26:01	0.4892597695390782	0.4892597695390782	11.31	0.0	3.424818386773547	3.424818386773547	11.31	0.02	0.4892597695390782	0.4892597695390782	11.31	0.0	292.0	291.61	816.39	-300.42	0	1
PROTOTYPE	033432	04/16/18	07:26:03	0.4892597695390782	0.4892597695390782	11.32	0.0	3.424818386773547	3.424818386773547	11.32	0.02	0.4892597695390782	0.4892597695390782	11.32	0.0	298.0	292.56	768.17	-60.36	0	1
PROTOTYPE	033433	04/16/18	07:26:04	0.4892597695390782	0.4892597695390782	11.32	0.0	3.424818386773547	3.424818386773547	11.32	0.01	0.4892597695390782	0.4892597695390782	11.32	0.0	292.0	292.48	719.25	-126.31	0	1
PROTOTYPE	033434	04/16/18	07:26:05	0.4892597695390782	0.4892597695390782	11.29	0.0	3.424818386773547	3.424818386773547	11.29	0.01	0.4892597695390782	0.4892597695390782	11.29	0.0	288.0	291.81	647.6	-332.36	0	1
PROTOTYPE	033435	04/16/18	07:26:07	0.4892597695390782	0.4892597695390782	11.27	0.0	3.424818386773547	3.424818386773547	11.27	0.01	0.4892597695390782	0.4892597695390782	11.27	0.0	298.0	292.74	663.51	-162.51	0	1
PROTOTYPE	033436	04/16/18	07:26:08	0.4892597695390782	0.4892597695390782	11.26	0.0	3.424818386773547	3.424818386773547	11.26	0.01	0.4892597695390782	0.4892597695390782	11.26	0.0	291.0	292.48	635.01	-243.13	0	1
PROTOTYPE	033437	04/16/18	07:26:10	0.4892597695390782	0.4892597695390782	11.28	0.0	3.424818386773547	3.424818386773547	11.28	0.01	0.4892597695390782	0.4892597695390782	11.28	0.0	286.0	291.5	598.54	-206.66	0	1
PROTOTYPE	033438	04/16/18	07:26:11	0.4892597695390782	0.4892597695390782	11.3	0.0	3.424818386773547	3.424818386773547	11.3	0.01	0.39140781563126253	0.4745819764529058	24.94	-15.0	275.0	289.03	642.54	-250.66	0	1
PROTOTYPE	033439	04/16/18	07:26:12	0.4892597695390782	0.4892597695390782	11.31	0.0	3.424818386773547	3.424818386773547	11.31	0.01	0.4892597695390782	0.4765390155310621	26.19	-12.75	285.0	288.42	695.89	-318.06	0	1
PROTOTYPE	033440	04/16/18	07:26:14	0.4892597695390782	0.4892597695390782	11.29	0.0	3.424818386773547	3.424818386773547	11.29	0.0	0.4892597695390782	0.47849605460921835	27.14	-10.84	295.0	289.41	698.6	-315.35	0	1
PROTOTYPE	033441	04/16/18	07:26:15	0.4892597695390782	0.4892597695390782	11.3	0.0	3.424818386773547	3.424818386773547	11.3	0.0	0.4892597695390782	0.48045309368737477	27.89	-9.21	293.0	289.95	743.87	-253.05	0	1
PROTOTYPE	033442	04/16/18	07:26:17	0.4892597695390782	0.4892597695390782	11.34	0.0	3.424818386773547	3.424818386773547	11.34	0.0	0.4892597695390782	0.48143161322645295	28.49	-7.83	294.0	290.56	737.43	-125.09	0	1
PROTOTYPE	033443	04/16/18	07:26:18	0.4892597695390782	0.4892597695390782	11.33	0.0	3.424818386773547	3.424818386773547	11.33	0.0	0.4892597695390782	0.482410132765531	28.91	-6.66	289.0	290.32	667.94	-241.33	0	1
PROTOTYPE	033444	04/16/18	07:26:20	0.4892597695390782	0.4892597695390782	11.31	0.0	3.424818386773547	3.424818386773547	11.31	0.0	0.4892597695390782	0.48338865230460926	29.21	-5.66	276.0	288.17	856.7	-430.13	0	1
PROTOTYPE	033445	04/16/18	07:26:21	0.4892597695390782	0.4892597695390782	11.3	0.0	3.424818386773547	3.424818386773547	11.3	0.0	0.4892597695390782	0.48436717184368744	29.43	-4.81	288.0	288.15	762.53	-335.61	0	1
PROTOTYPE	033446	04/16/18	07:26:22	0.4892597695390782	0.4892597695390782	11.26	0.0	3.424818386773547	3.424818386773547	11.26	0.0	0.4892597695390782	0.4853456913827655	15.93	10.91	293.0	288.88	587.74	-15.27	0	1
PROTOTYPE	033447	04/16/18	07:26:24	0.4892597695390782	0.4892597695390782	11.27	0.0	3.424818386773547	3.424818386773547	11.27	0.0	0.4892597695390782	0.4863242109218437	14.82	9.28	288.0	288.74	540.51	32.02	0	1
PROTOTYPE	033448	04/16/18	07:26:25	0.4892597695390782	0.4892597695390782	11.29	0.0	3.424818386773547	3.424818386773547	11.29	0.0	0.4892597695390782	0.4863242109218437	13.96	7.88	282.0	287.73	543.05	-167.78	0	1
PROTOTYPE	033449	04/16/18	07:26:27	0.4892597695390782	0.4892597695390782	11.29	0.0	3.424818386773547	3.424818386773547	11.29	0.0	0.4892597695390782	0.4863242109218437	13.29	6.7	294.0	288.67	583.21	-127.61	0	1
PROTOTYPE	033450	04/16/18	07:26:28	0.4892597695390782	0.4892597695390782	11.26	0.0	3.424818386773547	3.424818386773547	11.26	0.0	0.4892597695390782	0.48730273046092193	12.75	5.7	290.0	288.87	542.38	-168.47	0	1
PROTOTYPE	033451	04/16/18	07:26:29	0.4892597695390782	0.4892597695390782	11.27	0.0	3.424818386773547	3.424818386773547	11.27	0.0	0.4892597695390782	0.48730273046092193	12.37	4.84	292.0	289.34	565.93	-98.2	0	1
PROTOTYPE	033452	04/16/18	07:26:31	0.4892597695390782	0.4892597695390782	11.27	0.0	3.424818386773547	3.424818386773547	11.27	0.0	0.4892597695390782	0.48730273046092193	12.08	4.12	295.0	290.19	435.96	201.53	0	1
PROTOTYPE	033453	04/16/18	07:26:32	0.4892597695390782	0.4892597695390782	11.27	0.0	3.424818386773547	3.424818386773547	11.27	0.0	0.4892597695390782	0.48828125	11.86	3.5	294.0	290.76	490.15	261.3	0	1
PROTOTYPE	033454	04/16/18	07:26:34	0.4892597695390782	0.4892597695390782	11.29	0.0	3.424818386773547	3.424818386773547	11.29	0.0	0.4892597695390782	0.48828125	11.72	2.97	288.0	290.35	458.81	147.1	0	1
PROTOTYPE	033455	04/16/18	07:26:35	0.4892597695390782	0.4892597695390782	11.26	0.0	3.424818386773547	3.424818386773547	11.26	0.0	0.4892597695390782	0.48828125	11.57	2.53	287.0	289.85	495.82	110.04	0	1
PROTOTYPE	033456	04/16/18	07:26:36	0.4892597695390782	0.4892597695390782	11.26	0.0	3.424818386773547	3.424818386773547	11.26	0.0	0.4892597695390782	0.48828125	11.49	2.15	299.0	291.22	531.97	348.53	0	1
PROTOTYPE	033457	04/16/18	07:26:38	0.4892597695390782	0.4892597695390782	11.28	0.0	3.424818386773547	3.424818386773547	11.28	0.0	0.4892597695390782	0.48828125	11.44	1.83	295.0	291.79	494.69	311.25	0	1
PROTOTYPE	033458	04/16/18	07:26:39	0.4892597695390782	0.4892597695390782	11.28	0.0	3.424818386773547	3.424818386773547	11.28	0.0	0.4892597695390782	0.48828125	11.4	1.55	286.0	290.92	561.54	204.57	0	1
PROTOTYPE	033459	04/16/18	07:26:41	0.4892597695390782	0.4892597695390782	11.27	0.0	3.424818386773547	3.424818386773547	11.27	0.0	0.4892597695390782	0.4892597695390782	11.36	1.32	295.0	291.53	575.85	218.88	0	1
PROTOTYPE	033460	04/16/18	07:26:42	0.4892597695390782	0.4892597695390782	11.29	0.0	3.424818386773547	3.424818386773547	11.29	0.0	0.4892597695390782	0.4892597695390782	11.35	1.12	293.0	291.75	513.05	156.05	0	1
PROTOTYPE	033461	04/16/18	07:26:44	0.4892597695390782	0.4892597695390782	11.3	0.0	3.424818386773547	3.424818386773547	11.3	0.0	0.4892597695390782	0.4892597695390782	11.34	0.95	291.0	291.64	467.23	87.64	0	1
PROTOTYPE	033462	04/16/18	07:26:45	0.4892597695390782	0.4892597695390782	11.28	0.0	3.424818386773547	3.424818386773547	11.28	0.0	0.4892597695390782	0.4892597695390782	11.31	0.81	288.0	291.09	480.37	74.49	0	1
PROTOTYPE	033463	04/16/18	07:26:46	0.4892597695390782	0.4892597695390782	11.3	0.0	3.424818386773547	3.424818386773547	11.3	0.0	0.4892597695390782	0.4892597695390782	11.32	0.69	304.0	293.03	623.76	318.32	0	1
PROTOTYPE	033464	04/16/18	07:26:48	0.4892597695390782	0.4892597695390782	11.28	0.0	3.424818386773547	3.424818386773547	11.28	0.0	0.4892597695390782	0.4892597695390782	11.3	0.59	300.0	294.07	591.02	285.57	0	1
PROTOTYPE	033465	04/16/18	07:26:49	0.4892597695390782	0.4892597695390782	11.27	0.0	3.424818386773547	3.424818386773547	11.27	0.0	0.4892597695390782	0.4892597695390782	11.28	0.5	284.0	292.56	685.4	77.74	0	1
PROTOTYPE	033466	04/16/18	07:26:51	0.4892597695390782	0.4892597695390782	11.28	0.0	3.424818386773547	3.424818386773547	11.28	0.0	0.4892597695390782	0.4892597695390782	11.29	0.42	302.0	293.98	740.16	306.08	0	1
PROTOTYPE	033467	04/16/18	07:26:52	0.4892597695390782	0.4892597695390782	11.3	0.0	3.424818386773547	3.424818386773547	11.3	0.0	0.4892597695390782	0.4892597695390782	11.3	0.36	291.0	293.53	723.62	200.16	0	1
PROTOTYPE	033468	04/16/18	07:26:53	0.4892597695390782	0.4892597695390782	11.28	0.0	3.424818386773547	3.424818386773547	11.28	0.0	0.4892597695390782	0.4892597695390782	11.28	0.31	295.0	293.75	723.59	200.14	0	1
PROTOTYPE	033469	04/16/18	07:26:55	0.4892597695390782	0.4892597695390782	11.26	0.0	3.424818386773547	3.424818386773547	11.26	0.0	0.4892597695390782	0.4892597695390782	11.26	0.26	287.0	292.74	813.53	110.12	0	1
PROTOTYPE	033470	04/16/18	07:26:56	0.4892597695390782	0.4892597695390782	11.27	0.0	3.424818386773547	3.424818386773547	11.27	0.0	0.4892597695390782	0.4892597695390782	11.27	0.22	285.0	291.58	875.04	48.6	0	1
PROTOTYPE	033471	04/16/18	07:26:58	0.4892597695390782	0.4892597695390782	11.27	0.0	3.424818386773547	3.424818386773547	11.27	0.0	0.4892597695390782	0.4892597695390782	11.27	0.19	293.0	291.79	702.79	-123.69	0	1
PROTOTYPE	033472	04/16/18	07:26:59	0.4892597695390782	0.4892597695390782	11.28	0.0	3.424818386773547	3.424818386773547	11.28	0.0	0.4892597695390782	0.4892597695390782	11.28	0.16	295.0	292.27	646.36	-180.14	0	1
PROTOTYPE	033473	04/16/18	07:27:00	0.4892597695390782	0.4892597695390782	11.26	0.0	3.424818386773547	3.424818386773547	11.26	0.0	0.4892597695390782	0.4892597695390782	11.26	0.14	300.0	293.43	611.15	86.88	0	1
PROTOTYPE	033474	04/16/18	07:27:02	0.4892597695390782	0.4892597695390782	11.26	0.0	3.424818386773547	3.424818386773547	11.26	0.0	0.4892597695390782	0.4892597695390782	11.26	0.12	295.0	293.67	493.15	-31.15	0	1
PROTOTYPE	033475	04/16/18	07:27:03	0.4892597695390782	0.4892597695390782	11.26	0.0	3.424818386773547	3.424818386773547	11.26	0.0	0.4892597695390782	0.4892597695390782	11.26	0.1	294.0	293.72	453.64	18.52	0	1
PROTOTYPE	033476	04/16/18	07:27:05	0.4892597695390782	0.4892597695390782	11.26	0.0	3.424818386773547	3.424818386773547	11.26	0.0	0.4892597695390782	0.4892597695390782	11.26	0.08	280.0	291.66	637.34	-209.25	0	1
PROTOTYPE	033477	04/16/18	07:27:06	0.4892597695390782	0.4892597695390782	11.27	0.0	3.424818386773547	3.424818386773547	11.27	0.0	0.4892597695390782	0.4892597695390782	11.27	0.07	298.0	292.61	631.16	-12.87	0	1
PROTOTYPE	033478	04/16/18	07:27:07	0.4892597695390782	0.4892597695390782	11.27	0.0	3.424818386773547	3.424818386773547	11.27	0.0	0.4892597695390782	0.4892597695390782	11.27	0.06	298.0	293.42	595.92	184.06	0	1
PROTOTYPE	033479	04/16/18	07:27:09	0.4892597695390782	0.4892597695390782	11.26	0.0	3.424818386773547	3.424818386773547	11.26	0.0	0.4892597695390782	0.4892597695390782	11.26	0.05	299.0	294.26	658.28	246.45	0	1
PROTOTYPE	033480	04/16/18	07:27:10	0.4892597695390782	0.4892597695390782	11.28	0.0	3.424818386773547	3.424818386773547	11.28	0.0	0.4892597695390782	0.4892597695390782	11.28	0.04	283.0	292.57	778.98	29.49	0	1
PROTOTYPE	033481	04/16/18	07:27:12	0.4892597695390782	0.4892597695390782	11.31	0.0	3.424818386773547	3.424818386773547	11.31	0.0	0.4892597695390782	0.4892597695390782	11.31	0.04	300.0	293.68	774.55	25.06	0	1
PROTOTYPE	033482	04/16/18	07:27:13	0.4892597695390782	0.4892597695390782	11.3	0.0	3.424818386773547	3.424818386773547	11.3	0.0	0.4892597695390782	0.4892597695390782	11.3	0.03	291.0	293.28	791.25	-38.7	0	1
PROTOTYPE	033483	04/16/18	07:27:15	0.4892597695390782	0.4892597695390782	11.29	0.0	3.424818386773547	3.424818386773547	11.29	0.0	0.4892597695390782	0.4892597695390782	11.29	0.03	296.0	293.69	826.88	-2.89	0	1
PROTOTYPE	033484	04/16/18	07:27:16	0.4892597695390782	0.4892597695390782	11.29	0.0	3.424818386773547	3.424818386773547	11.29	0.0	0.4892597695390782	0.4892597695390782	11.29	0.02	295.0	293.88	640.85	222.54	0	1
PROTOTYPE	033485	04/16/18	07:27:17	0.4892597695390782	0.4892597695390782	11.3	0.0	3.424818386773547	3.424818386773547	11.3	0.0	0.4892597695390782	0.4892597695390782	11.3	0.02	291.0	293.45	589.03	84.16	0	1
PROTOTYPE	033486	04/16/18	07:27:19	0.4892597695390782	0.4892597695390782	11.3	0.0	3.424818386773547	3.424818386773547	11.3	0.0	0.4892597695390782	0.4892597695390782	11.3	0.02	275.0	290.68	784.96	-273.46	0	1
PROTOTYPE	033487	04/16/18	07:27:20	0.4892597695390782	0.4892597695390782	11.3	0.0	3.424818386773547	3.424818386773547	11.3	0.0	0.4892597695390782	0.4892597695390782	11.3	0.01	292.0	290.88	721.02	-337.44	0	1
PROTOTYPE	033488	04/16/18	07:27:22	0.4892597695390782	0.4892597695390782	11.26	0.0	3.424818386773547	3.424818386773547	11.26	0.0	0.4892597695390782	0.4892597695390782	11.26	0.01	295.0	291.5	613.96	-106.83	0	1
PROTOTYPE	033489	04/16/18	07:27:23	0.4892597695390782	0.4892597695390782	11.23	0.0	3.424818386773547	3.424818386773547	11.23	0.0	0.4892597695390782	0.4892597695390782	11.23	0.01	289.0	291.12	539.99	-255.8	0	1
PROTOTYPE	033490	04/16/18	07:27:24	0.4892597695390782	0.4892597695390782	11.23	0.0	3.424818386773547	3.424818386773547	11.23	0.0	0.4892597695390782	0.4892597695390782	11.23	0.01	300.0	292.46	632.86	-82.43	0	1
PROTOTYPE	033491	04/16/18	07:27:26	0.4892597695390782	0.4892597695390782	11.25	0.0	3.424818386773547	3.424818386773547	11.25	0.0	0.4892597695390782	0.4892597695390782	11.25	0.01	299.0	293.44	690.22	-25.07	0	1
PROTOTYPE	033492	04/16/18	07:27:27	0.4892597695390782	0.4892597695390782	11.25	0.0	3.424818386773547	3.424818386773547	11.25	0.0	0.4892597695390782	0.4892597695390782	11.25	0.01	283.0	291.87	827.06	-201.31	0	1
PROTOTYPE	033493	04/16/18	07:27:29	0.4892597695390782	0.4892597695390782	11.25	0.0	3.424818386773547	3.424818386773547	11.25	0.0	0.4892597695390782	0.4892597695390782	11.25	0.01	287.0	291.14	856.85	-231.11	0	1
PROTOTYPE	033494	04/16/18	07:27:30	0.4892597695390782	0.4892597695390782	11.24	0.0	3.424818386773547	3.424818386773547	11.24	0.0	0.4892597695390782	0.4892597695390782	11.24	0.0	296.0	291.87	652.96	118.56	0	1
PROTOTYPE	033495	04/16/18	07:27:31	0.4892597695390782	0.4892597695390782	11.23	0.0	3.424818386773547	3.424818386773547	11.23	0.0	0.4892597695390782	0.4892597695390782	11.23	0.0	294.0	292.19	665.16	130.77	0	1
PROTOTYPE	033496	04/16/18	07:27:33	0.4892597695390782	0.4892597695390782	11.26	0.0	3.424818386773547	3.424818386773547	11.26	0.0	0.4892597695390782	0.4892597695390782	11.26	0.0	274.0	289.46	876.21	-203.84	0	1
PROTOTYPE	033497	04/16/18	07:27:34	0.4892597695390782	0.4892597695390782	11.28	0.0	3.424818386773547	3.424818386773547	11.28	0.0	0.4892597695390782	0.4892597695390782	11.28	0.0	298.0	290.74	966.79	-38.27	0	1
PROTOTYPE	033498	04/16/18	07:27:36	0.4892597695390782	0.4892597695390782	11.28	0.0	3.424818386773547	3.424818386773547	11.28	0.0	0.4892597695390782	0.4892597695390782	11.28	0.0	295.0	291.38	897.54	-107.53	0	1
PROTOTYPE	033499	04/16/18	07:27:37	0.4892597695390782	0.4892597695390782	11.27	0.0	3.424818386773547	3.424818386773547	11.27	0.0	0.4892597695390782	0.4892597695390782	11.27	0.0	288.0	290.87	850.09	-256.4	0	1
PROTOTYPE	033500	04/16/18	07:27:39	0.4892597695390782	0.4892597695390782	11.29	0.0	3.424818386773547	3.424818386773547	11.29	0.0	0.4892597695390782	0.4892597695390782	11.29	0.0	298.0	291.94	800.43	7.06	0	1
PROTOTYPE	033501	04/16/18	07:27:40	0.4892597695390782	0.4892597695390782	11.28	0.0	3.424818386773547	3.424818386773547	11.28	0.0	0.4892597695390782	0.4892597695390782	11.28	0.0	273.0	289.1	1011.48	-204.0	0	1
PROTOTYPE	033502	04/16/18	07:27:41	0.4892597695390782	0.4892597695390782	11.3	0.0	3.424818386773547	3.424818386773547	11.3	0.0	0.4892597695390782	0.4892597695390782	11.3	0.0	288.0	288.94	955.16	-293.4	0	1
PROTOTYPE	033503	04/16/18	07:27:43	0.4892597695390782	0.4892597695390782	11.32	0.0	3.424818386773547	3.424818386773547	11.32	0.0	0.4892597695390782	0.4892597695390782	11.32	0.0	280.0	287.6	1057.22	-459.39	0	1
PROTOTYPE	033504	04/16/18	07:27:44	0.4892597695390782	0.4892597695390782	11.3	0.0	3.424818386773547	3.424818386773547	11.3	0.0	0.4892597695390782	0.4892597695390782	11.3	0.0	281.0	286.61	883.32	-285.48	0	1
PROTOTYPE	033505	04/16/18	07:27:46	0.4892597695390782	0.4892597695390782	11.3	0.0	3.424818386773547	3.424818386773547	11.3	0.0	0.4892597695390782	0.4892597695390782	11.3	0.0	293.0	287.57	851.15	-317.66	0	1
PROTOTYPE	033506	04/16/18	07:27:47	0.4892597695390782	0.4892597695390782	11.3	0.0	3.424818386773547	3.424818386773547	11.3	0.0	0.4892597695390782	0.4892597695390782	11.3	0.0	293.0	288.38	868.79	-300.01	0	1
PROTOTYPE	033507	04/16/18	07:27:48	0.4892597695390782	0.4892597695390782	11.28	0.0	3.424818386773547	3.424818386773547	11.28	0.0	0.4892597695390782	0.4892597695390782	11.28	0.0	294.0	289.22	902.37	-165.01	0	1
PROTOTYPE	033508	04/16/18	07:27:50	0.4892597695390782	0.4892597695390782	11.27	0.0	3.424818386773547	3.424818386773547	11.27	0.0	0.4892597695390782	0.4892597695390782	11.27	0.0	286.0	288.74	843.83	-320.26	0	1
PROTOTYPE	033509	04/16/18	07:27:51	0.4892597695390782	0.4892597695390782	11.28	0.0	3.424818386773547	3.424818386773547	11.28	0.0	0.4892597695390782	0.4892597695390782	11.28	0.0	299.0	290.28	713.6	117.78	0	1
PROTOTYPE	033510	04/16/18	07:27:53	0.4892597695390782	0.4892597695390782	11.27	0.0	3.424818386773547	3.424818386773547	11.27	0.0	0.4892597695390782	0.4892597695390782	11.27	0.0	291.0	290.39	707.93	145.11	0	1
PROTOTYPE	033511	04/16/18	07:27:54	0.4892597695390782	0.4892597695390782	11.26	0.0	3.424818386773547	3.424818386773547	11.26	0.0	0.4892597695390782	0.4892597695390782	11.26	0.0	288.0	290.03	609.72	243.35	0	1
PROTOTYPE	033512	04/16/18	07:27:55	0.4892597695390782	0.4892597695390782	11.26	0.0	3.424818386773547	3.424818386773547	11.26	0.0	0.4892597695390782	0.4892597695390782	11.26	0.0	294.0	290.62	570.36	401.85	0	1
PROTOTYPE	033513	04/16/18	07:27:57	0.4892597695390782	0.4892597695390782	11.24	0.0	3.424818386773547	3.424818386773547	11.24	0.0	0.4892597695390782	0.4892597695390782	11.24	0.0	293.0	290.98	510.1	341.57	0	1
PROTOTYPE	033514	04/16/18	07:27:58	0.4892597695390782	0.4892597695390782	11.26	0.0	3.424818386773547	3.424818386773547	11.26	0.0	0.4892597695390782	0.4892597695390782	11.26	0.0	289.0	290.68	458.31	230.33	0	1
PROTOTYPE	033515	04/16/18	07:28:00	0.4892597695390782	0.4892597695390782	11.26	0.0	3.424818386773547	3.424818386773547	11.26	0.0	0.4892597695390782	0.4892597695390782	11.26	0.0	298.0	291.78	483.76	255.78	0	1
PROTOTYPE	033516	04/16/18	07:28:01	0.4892597695390782	0.4892597695390782	11.26	0.0	3.424818386773547	3.424818386773547	11.26	0.0	0.4892597695390782	0.4892597695390782	11.26	0.0	291.0	291.66	447.19	292.42	0	1
PROTOTYPE	033517	04/16/18	07:28:02	0.4892597695390782	0.4892597695390782	11.24	0.0	3.424818386773547	3.424818386773547	11.24	0.0	0.4892597695390782	0.4892597695390782	11.24	0.0	298.0	292.61	388.33	233.55	0	1
PROTOTYPE	033518	04/16/18	07:28:04	0.4892597695390782	0.4892597695390782	11.25	0.0	3.424818386773547	3.424818386773547	11.25	0.0	0.4892597695390782	0.4892597695390782	11.25	0.0	294.0	292.82	398.26	243.52	0	1
PROTOTYPE	033519	04/16/18	07:28:05	0.4892597695390782	0.4892597695390782	11.26	0.0	3.424818386773547	3.424818386773547	11.26	0.0	0.4892597695390782	0.4892597695390782	11.26	0.0	292.0	292.7	374.84	266.99	0	1
PROTOTYPE	033520	04/16/18	07:28:07	0.4892597695390782	0.4892597695390782	11.26	0.0	3.424818386773547	3.424818386773547	11.26	0.0	0.4892597695390782	0.4892597695390782	11.26	0.0	292.0	292.59	325.83	196.94	0	1
PROTOTYPE	033521	04/16/18	07:28:08	0.4892597695390782	0.4892597695390782	11.28	0.0	3.424818386773547	3.424818386773547	11.28	0.0	0.4892597695390782	0.4892597695390782	11.28	0.0	289.0	292.05	344.11	107.4	0	1
PROTOTYPE	033522	04/16/18	07:28:10	0.4892597695390782	0.4892597695390782	11.26	0.0	3.424818386773547	3.424818386773547	11.26	0.0	0.4892597695390782	0.4892597695390782	11.26	0.0	292.0	292.05	315.98	136.29	0	1
PROTOTYPE	033523	04/16/18	07:28:11	0.4892597695390782	0.4892597695390782	11.26	0.0	3.424818386773547	3.424818386773547	11.26	0.0	0.4892597695390782	0.4892597695390782	11.26	0.0	285.0	290.99	311.94	-79.15	0	1
PROTOTYPE	033524	04/16/18	07:28:12	0.4892597695390782	0.4892597695390782	11.24	0.0	3.424818386773547	3.424818386773547	11.24	0.0	0.4892597695390782	0.4892597695390782	11.24	0.0	294.0	291.44	345.31	-22.28	0	1
PROTOTYPE	033525	04/16/18	07:28:14	0.4892597695390782	0.4892597695390782	11.25	0.0	3.424818386773547	3.424818386773547	11.25	0.0	0.4892597695390782	0.4892597695390782	11.25	0.0	296.0	292.13	318.66	-48.94	0	1
PROTOTYPE	033526	04/16/18	07:28:15	0.4892597695390782	0.4892597695390782	11.25	0.0	3.424818386773547	3.424818386773547	11.25	0.0	0.4892597695390782	0.4892597695390782	11.25	0.0	288.0	291.51	359.72	-131.6	0	1
PROTOTYPE	033527	04/16/18	07:28:17	0.4892597695390782	0.4892597695390782	11.27	0.0	3.424818386773547	3.424818386773547	11.27	0.0	0.4892597695390782	0.4892597695390782	11.27	0.0	285.0	290.53	444.91	-216.86	0	1
PROTOTYPE	033528	04/16/18	07:28:18	0.4892597695390782	0.4892597695390782	11.29	0.0	3.424818386773547	3.424818386773547	11.29	0.0	0.4892597695390782	0.4892597695390782	11.29	0.0	292.0	290.75	456.43	-184.33	0	1
PROTOTYPE	033529	04/16/18	07:28:19	0.4892597695390782	0.4892597695390782	11.29	0.0	3.424818386773547	3.424818386773547	11.29	0.0	0.4892597695390782	0.4892597695390782	11.29	0.0	297.0	291.69	496.24	-36.68	0	1
PROTOTYPE	033530	04/16/18	07:28:21	0.4892597695390782	0.4892597695390782	11.29	0.0	3.424818386773547	3.424818386773547	11.29	0.0	0.4892597695390782	0.4892597695390782	11.29	0.0	283.0	290.38	624.95	-166.18	0	1
PROTOTYPE	033531	04/16/18	07:28:22	0.4892597695390782	0.4892597695390782	11.31	0.0	3.424818386773547	3.424818386773547	11.31	0.0	0.39140781563126253	0.4745819764529058	24.95	-15.0	277.0	288.38	720.02	-261.25	0	1
PROTOTYPE	033532	04/16/18	07:28:24	0.4892597695390782	0.4892597695390782	11.34	0.0	3.424818386773547	3.424818386773547	11.34	0.0	0.4892597695390782	0.4765390155310621	26.22	-12.75	292.0	288.92	729.2	-252.06	0	1
PROTOTYPE	033533	04/16/18	07:28:25	0.4892597695390782	0.4892597695390782	11.34	0.0	3.424818386773547	3.424818386773547	11.34	0.0	0.4892597695390782	0.47849605460921835	27.19	-10.84	295.0	289.83	752.01	-229.25	0	1
PROTOTYPE	033534	04/16/18	07:28:26	0.4892597695390782	0.4892597695390782	11.33	0.0	3.424818386773547	3.424818386773547	11.33	0.0	0.4892597695390782	0.48045309368737477	27.93	-9.21	290.0	289.86	692.99	-164.87	0	1
PROTOTYPE	033535	04/16/18	07:28:28	0.4892597695390782	0.4892597695390782	11.31	0.0	3.424818386773547	3.424818386773547	11.31	0.0	0.4892597695390782	0.48143161322645295	28.47	-7.83	292.0	290.18	627.55	-35.14	0	1
PROTOTYPE	033536	04/16/18	07:28:29	0.4892597695390782	0.4892597695390782	11.31	0.0	3.424818386773547	3.424818386773547	11.31	0.0	0.4892597695390782	0.482410132765531	28.89	-6.66	291.0	290.3	617.86	-44.87	0	1
PROTOTYPE	033537	04/16/18	07:28:31	0.4892597695390782	0.4892597695390782	11.32	0.0	3.424818386773547	3.424818386773547	11.32	0.0	0.4892597695390782	0.48338865230460926	29.22	-5.66	289.0	290.11	543.7	-158.14	0	1
PROTOTYPE	033538	04/16/18	07:28:32	0.4892597695390782	0.4892597695390782	11.34	0.0	3.424818386773547	3.424818386773547	11.34	0.0	0.4892597695390782	0.48436717184368744	29.47	-4.81	293.0	290.54	456.79	15.58	0	1
PROTOTYPE	033539	04/16/18	07:28:34	0.4892597695390782	0.4892597695390782	11.33	0.0	3.424818386773547	3.424818386773547	11.33	0.0	0.4892597695390782	0.4853456913827655	15.99	10.91	298.0	291.66	367.9	328.25	0	1
PROTOTYPE	033540	04/16/18	07:28:35	0.4892597695390782	0.4892597695390782	11.32	0.0	3.424818386773547	3.424818386773547	11.32	0.0	0.4892597695390782	0.4863242109218437	14.86	9.28	300.0	292.91	438.66	399.01	0	1
PROTOTYPE	033541	04/16/18	07:28:36	0.4892597695390782	0.4892597695390782	11.34	0.0	3.424818386773547	3.424818386773547	11.34	0.0	0.4892597695390782	0.4863242109218437	14.01	7.88	290.0	292.47	391.14	264.16	0	1
PROTOTYPE	033542	04/16/18	07:28:38	0.4892597695390782	0.4892597695390782	11.34	0.0	3.424818386773547	3.424818386773547	11.34	0.0	0.4892597695390782	0.4863242109218437	13.33	6.7	299.0	293.45	486.16	359.53	0	1
PROTOTYPE	033543	04/16/18	07:28:39	0.4892597695390782	0.4892597695390782	11.34	0.0	3.424818386773547	3.424818386773547	11.34	0.0	0.4892597695390782	0.48730273046092193	12.82	5.7	282.0	291.74	625.79	155.6	0	1
PROTOTYPE	033544	04/16/18	07:28:41	0.4892597695390782	0.4892597695390782	11.34	0.0	3.424818386773547	3.424818386773547	11.34	0.0	0.4892597695390782	0.48730273046092193	12.43	4.84	289.0	291.32	654.45	102.26	0	1
PROTOTYPE	033545	04/16/18	07:28:42	0.4892597695390782	0.4892597695390782	11.33	0.0	3.424818386773547	3.424818386773547	11.33	0.0	0.4892597695390782	0.48730273046092193	12.13	4.12	288.0	290.83	684.76	71.92	0	1
PROTOTYPE	033546	04/16/18	07:28:43	0.4892597695390782	0.4892597695390782	11.31	0.0	3.424818386773547	3.424818386773547	11.31	0.0	0.4892597695390782	0.48828125	11.9	3.5	293.0	291.15	673.97	61.14	0	1
PROTOTYPE	033547	04/16/18	07:28:45	0.4892597695390782	0.4892597695390782	11.32	0.0	3.424818386773547	3.424818386773547	11.32	0.0	0.4892597695390782	0.48828125	11.75	2.97	300.0	292.48	694.8	81.97	0	1
PROTOTYPE	033548	04/16/18	07:28:46	0.4892597695390782	0.4892597695390782	11.31	0.0	3.424818386773547	3.424818386773547	11.31	0.0	0.4892597695390782	0.48828125	11.62	2.53	289.0	291.96	621.9	-95.33	0	1
PROTOTYPE	033549	04/16/18	07:28:48	0.4892597695390782	0.4892597695390782	11.29	0.0	3.424818386773547	3.424818386773547	11.29	0.0	0.4892597695390782	0.48828125	11.52	2.15	293.0	292.11	593.92	-36.03	0	1
PROTOTYPE	033550	04/16/18	07:28:49	0.4892597695390782	0.4892597695390782	11.29	0.0	3.424818386773547	3.424818386773547	11.29	0.0	0.4892597695390782	0.48828125	11.45	1.83	290.0	291.8	527.76	-165.63	0	1
PROTOTYPE	033551	04/16/18	07:28:51	0.4892597695390782	0.4892597695390782	11.3	0.0	3.424818386773547	3.424818386773547	11.3	0.0	0.4892597695390782	0.48828125	11.42	1.55	301.0	293.18	494.01	144.22	0	1
PROTOTYPE	033552	04/16/18	07:28:52	0.4892597695390782	0.4892597695390782	11.3	0.0	3.424818386773547	3.424818386773547	11.3	0.0	0.4892597695390782	0.4892597695390782	11.38	1.32	295.0	293.45	480.34	212.59	0	1
PROTOTYPE	033553	04/16/18	07:28:53	0.4892597695390782	0.4892597695390782	11.29	0.0	3.424818386773547	3.424818386773547	11.29	0.0	0.4892597695390782	0.4892597695390782	11.35	1.12	285.0	292.18	557.22	135.7	0	1
PROTOTYPE	033554	04/16/18	07:28:55	0.4892597695390782	0.4892597695390782	11.31	0.0	3.424818386773547	3.424818386773547	11.31	0.0	0.4892597695390782	0.4892597695390782	11.35	0.95	297.0	292.91	596.84	175.34	0	1
PROTOTYPE	033555	04/16/18	07:28:56	0.4892597695390782	0.4892597695390782	11.28	0.0	3.522670340681363	3.4394961798597192	24.95	15.0	0.4892597695390782	0.4892597695390782	11.31	0.81	280.0	290.97	657.71	-150.96	0	1
PROTOTYPE	033556	04/16/18	07:28:58	0.4892597695390782	0.4892597695390782	11.31	0.0	3.424818386773547	3.4375391407815634	26.22	12.75	0.4892597695390782	0.4892597695390782	11.33	0.69	283.0	289.77	725.05	-218.31	0	1
PROTOTYPE	033557	04/16/18	07:28:59	0.4892597695390782	0.4892597695390782	11.32	0.0	3.424818386773547	3.4355821017034067	27.19	10.84	0.4892597695390782	0.4892597695390782	11.34	0.59	297.0	290.86	817.75	-125.57	0	1
PROTOTYPE	033558	04/16/18	07:29:00	0.4892597695390782	0.4892597695390782	11.31	0.0	3.424818386773547	3.433625062625251	27.93	9.21	0.4892597695390782	0.4892597695390782	11.32	0.5	295.0	291.48	848.15	-31.73	0	1
PROTOTYPE	033559	04/16/18	07:29:02	0.4892597695390782	0.4892597695390782	11.36	0.0	3.424818386773547	3.432646543086172	28.52	7.83	0.4892597695390782	0.4892597695390782	11.37	0.42	279.0	289.61	897.29	-356.97	0	1
PROTOTYPE	033560	04/16/18	07:29:03	0.4892597695390782	0.4892597695390782	11.34	0.0	3.424818386773547	3.431668023547094	28.93	6.66	0.4892597695390782	0.4892597695390782	11.34	0.36	291.0	289.82	890.85	-363.43	0	1
PROTOTYPE	033561	04/16/18	07:29:05	0.4892597695390782	0.4892597695390782	11.34	0.0	3.424818386773547	3.4306895040080163	29.25	5.66	0.4892597695390782	0.4892597695390782	11.34	0.31	293.0	290.29	811.86	-188.91	0	1
PROTOTYPE	033562	04/16/18	07:29:06	0.4892597695390782	0.4892597695390782	11.33	0.0	3.424818386773547	3.4297109844689375	29.47	4.81	0.4892597695390782	0.4892597695390782	11.33	0.26	279.0	288.6	909.0	-430.58	0	1
PROTOTYPE	033563	04/16/18	07:29:08	0.4892597695390782	0.4892597695390782	11.35	0.0	3.424818386773547	3.4287324649298596	15.99	-10.91	0.4892597695390782	0.4892597695390782	11.35	0.22	289.0	288.66	721.58	-230.99	0	1
PROTOTYPE	033564	04/16/18	07:29:09	0.4892597695390782	0.4892597695390782	11.31	0.0	3.424818386773547	3.4277539453907817	14.85	-9.28	0.4892597695390782	0.4892597695390782	11.31	0.19	293.0	289.31	667.14	-46.34	0	1
PROTOTYPE	033565	04/16/18	07:29:10	0.4892597695390782	0.4892597695390782	11.28	0.0	3.424818386773547	3.4277539453907817	13.95	-7.88	0.4892597695390782	0.4892597695390782	11.28	0.16	305.0	291.66	794.09	80.61	0	1
PROTOTYPE	033566	04/16/18	07:29:12	0.4892597695390782	0.4892597695390782	11.29	0.0	3.424818386773547	3.4277539453907817	13.28	-6.7	0.4892597695390782	0.4892597695390782	11.29	0.14	301.0	293.06	871.99	158.52	0	1
