Dev_id	Index	Date	Time	Sensor1	Sensor1_Filter	Sensor1_LL	Sensor1_Diff	Sensor2	Sensor2_Filter	Sensor2_LL	Sensor2_Diff	Sensor3	Sensor3_Filter	Sensor3_LL	Sensor3_Diff	Sensor4	Sensor4_Filter	Sensor4_LL	Sensor4_Diff	Heater_Status	FSM_Status
PROTOTYPE	036767	04/16/18	08:44:33	0.4892597695390782	0.4892597695390782	11.28	-0.0	3.6205222945891786	3.6205222945891786	11.28	0.02	0.4892597695390782	0.4892597695390782	11.28	0.0	298.0	291.88	728.66	89.85	0	1
PROTOTYPE	036768	04/16/18	08:44:34	0.4892597695390782	0.4892597695390782	11.29	-0.0	3.6205222945891786	3.6205222945891786	11.29	0.02	0.4892597695390782	0.4892597695390782	11.29	0.0	289.0	291.44	622.15	196.37	0	1
PROTOTYPE	036769	04/16/18	08:44:36	0.4892597695390782	0.4892597695390782	11.29	-0.0	3.6205222945891786	3.6205222945891786	11.29	0.01	0.4892597695390782	0.4892597695390782	11.29	0.0	298.0	292.43	637.69	211.92	0	1
PROTOTYPE	036770	04/16/18	08:44:37	0.4892597695390782	0.4892597695390782	11.3	-0.0	3.6205222945891786	3.6205222945891786	11.3	0.01	0.4892597695390782	0.4892597695390782	11.3	0.0	300.0	293.56	581.66	495.13	0	1
PROTOTYPE	036771	04/16/18	08:44:39	0.4892597695390782	0.4892597695390782	11.33	-0.0	3.6205222945891786	3.6205222945891786	11.33	0.01	0.4892597695390782	0.4892597695390782	11.33	0.0	293.0	293.48	584.25	480.86	0	1
PROTOTYPE	036772	04/16/18	08:44:40	0.4892597695390782	0.4892597695390782	11.32	-0.0	3.6205222945891786	3.6205222945891786	11.32	0.01	0.4892597695390782	0.4892597695390782	11.32	0.0	296.0	293.86	542.13	438.73	0	1
PROTOTYPE	036773	04/16/18	08:44:41	0.4892597695390782	0.4892597695390782	11.33	-0.0	3.6205222945891786	3.6205222945891786	11.33	0.01	0.4892597695390782	0.4892597695390782	11.33	0.0	287.0	292.83	621.99	312.92	0	1
PROTOTYPE	036774	04/16/18	08:44:43	0.4892597695390782	0.4892597695390782	11.34	-0.0	3.6205222945891786	3.6205222945891786	11.34	0.01	0.4892597695390782	0.4892597695390782	11.34	0.0	296.0	293.3	560.07	250.98	0	1
PROTOTYPE	036775	04/16/18	08:44:44	0.4892597695390782	0.4892597695390782	11.29	-0.0	3.6205222945891786	3.6205222945891786	11.29	0.01	0.4892597695390782	0.4892597695390782	11.29	0.0	293.0	293.26	456.74	138.34	0	1
PROTOTYPE	036776	04/16/18	08:44:46	0.4892597695390782	0.4892597695390782	11.3	-0.0	3.6205222945891786	3.6205222945891786	11.3	0.0	0.4892597695390782	0.4892597695390782	11.3	0.0	289.0	292.62	477.49	117.59	0	1
PROTOTYPE	036777	04/16/18	08:44:47	0.4892597695390782	0.4892597695390782	11.3	-0.0	3.6205222945891786	3.6205222945891786	11.3	0.0	0.4892597695390782	0.4892597695390782	11.3	0.0	287.0	291.78	463.44	-65.05	0	1
PROTOTYPE	036778	04/16/18	08:44:48	0.4892597695390782	0.4892597695390782	11.3	-0.0	3.6205222945891786	3.6205222945891786	11.3	0.0	0.4892597695390782	0.4892597695390782	11.3	0.0	292.0	291.81	353.48	-175.29	0	1
PROTOTYPE	036779	04/16/18	08:44:50	0.4892597695390782	0.4892597695390782	11.29	-0.0	3.6205222945891786	3.6205222945891786	11.29	0.0	0.4892597695390782	0.4892597695390782	11.29	0.0	299.0	292.89	452.77	-59.0	0	1
PROTOTYPE	036780	04/16/18	08:44:51	0.4892597695390782	0.4892597695390782	11.3	-0.0	3.6205222945891786	3.6205222945891786	11.3	0.0	0.4892597695390782	0.4892597695390782	11.3	0.0	295.0	293.21	446.62	-65.15	0	1
PROTOTYPE	036781	04/16/18	08:44:53	0.4892597695390782	0.4892597695390782	11.29	-0.0	3.6205222945891786	3.6205222945891786	11.29	0.0	0.4892597695390782	0.4892597695390782	11.29	0.0	300.0	294.22	445.69	139.62	0	1
PROTOTYPE	036782	04/16/18	08:44:54	0.4892597695390782	0.4892597695390782	11.29	-0.0	3.6205222945891786	3.6205222945891786	11.29	0.0	0.4892597695390782	0.4892597695390782	11.29	0.0	291.0	293.74	446.48	43.68	0	1
PROTOTYPE	036783	04/16/18	08:44:56	0.4892597695390782	0.4892597695390782	11.29	-0.0	3.6205222945891786	3.6205222945891786	11.29	0.0	0.4892597695390782	0.4892597695390782	11.29	0.0	289.0	293.03	512.84	-22.87	0	1
PROTOTYPE	036784	04/16/18	08:44:57	0.4892597695390782	0.4892597695390782	11.29	-0.0	3.6205222945891786	3.6205222945891786	11.29	0.0	0.4892597695390782	0.4892597695390782	11.29	0.0	295.0	293.33	478.53	70.56	0	1
PROTOTYPE	036785	04/16/18	08:44:58	0.4892597695390782	0.4892597695390782	11.3	-0.0	3.6205222945891786	3.6205222945891786	11.3	0.0	0.4892597695390782	0.4892597695390782	11.3	0.0	272.0	290.13	714.11	-165.03	0	1
PROTOTYPE	036786	04/16/18	08:45:00	0.4892597695390782	0.4892597695390782	11.3	-0.0	3.6205222945891786	3.6205222945891786	11.3	0.0	0.4892597695390782	0.4892597695390782	11.3	0.0	291.0	290.26	723.65	-155.27	0	1
PROTOTYPE	036787	04/16/18	08:45:01	0.4892597695390782	0.4892597695390782	11.31	-0.0	3.6205222945891786	3.6205222945891786	11.31	0.0	0.4892597695390782	0.4892597695390782	11.31	0.0	291.0	290.37	627.02	-251.98	0	1
PROTOTYPE	036788	04/16/18	08:45:03	0.4892597695390782	0.4892597695390782	11.32	-0.0	3.6205222945891786	3.6205222945891786	11.32	0.0	0.4892597695390782	0.4892597695390782	11.32	0.0	290.0	290.31	601.03	-289.18	0	1
PROTOTYPE	036789	04/16/18	08:45:04	0.4892597695390782	0.4892597695390782	11.32	-0.0	3.6205222945891786	3.6205222945891786	11.32	0.0	0.4892597695390782	0.4892597695390782	11.32	0.0	285.0	289.52	578.82	-470.81	0	1
PROTOTYPE	036790	04/16/18	08:45:05	0.4892597695390782	0.4892597695390782	11.31	-0.0	3.6205222945891786	3.6205222945891786	11.31	0.0	0.4892597695390782	0.4892597695390782	11.31	0.0	289.0	289.44	538.31	-430.19	0	1
PROTOTYPE	036791	04/16/18	08:45:07	0.4892597695390782	0.4892597695390782	11.31	-0.0	3.6205222945891786	3.6205222945891786	11.31	0.0	0.4892597695390782	0.4892597695390782	11.31	0.0	284.0	288.62	548.78	-440.66	0	1
PROTOTYPE	036792	04/16/18	08:45:08	0.4892597695390782	0.4892597695390782	11.31	-0.0	3.6205222945891786	3.6205222945891786	11.31	0.0	0.4892597695390782	0.4892597695390782	11.31	0.0	294.0	289.43	599.85	-389.56	0	1
PROTOTYPE	036793	04/16/18	08:45:10	0.4892597695390782	0.4892597695390782	11.28	-0.0	3.6205222945891786	3.6205222945891786	11.28	0.0	0.4892597695390782	0.4892597695390782	11.28	0.0	291.0	289.67	303.57	-46.13	0	1
PROTOTYPE	036794	04/16/18	08:45:11	0.4892597695390782	0.4892597695390782	11.28	-0.0	3.6205222945891786	3.6205222945891786	11.28	0.0	0.4892597695390782	0.4892597695390782	11.28	0.0	282.0	288.52	405.38	-174.21	0	1
PROTOTYPE	036795	04/16/18	08:45:12	0.4892597695390782	0.4892597695390782	11.27	-0.0	3.6205222945891786	3.6205222945891786	11.27	0.0	0.4892597695390782	0.4892597695390782	11.27	0.0	285.0	287.99	446.9	-238.08	0	1
PROTOTYPE	036796	04/16/18	08:45:14	0.4892597695390782	0.4892597695390782	11.26	-0.0	3.6205222945891786	3.6205222945891786	11.26	0.0	0.4892597695390782	0.4892597695390782	11.26	0.0	281.0	286.94	546.02	-337.36	0	1
PROTOTYPE	036797	04/16/18	08:45:15	0.4892597695390782	0.4892597695390782	11.29	-0.0	3.6205222945891786	3.6205222945891786	11.29	0.0	0.4892597695390782	0.4892597695390782	11.29	0.0	296.0	288.3	602.21	-121.76	0	1
PROTOTYPE	036798	04/16/18	08:45:17	0.4892597695390782	0.4892597695390782	11.29	-0.0	3.6205222945891786	3.6205222945891786	11.29	0.0	0.4892597695390782	0.4892597695390782	11.29	0.0	280.0	287.05	718.83	-238.5	0	1
PROTOTYPE	036799	04/16/18	08:45:18	0.4892597695390782	0.4892597695390782	11.28	-0.0	3.6205222945891786	3.6205222945891786	11.28	0.0	0.4892597695390782	0.4892597695390782	11.28	0.0	289.0	287.35	666.45	-127.72	0	1
PROTOTYPE	036800	04/16/18	08:45:20	0.4892597695390782	0.4892597695390782	11.27	-0.0	3.6205222945891786	3.6205222945891786	11.27	0.0	0.4892597695390782	0.4892597695390782	11.27	0.0	295.0	288.49	700.61	-93.56	0	1
PROTOTYPE	036801	04/16/18	08:45:21	0.4892597695390782	0.4892597695390782	11.28	-0.0	3.6205222945891786	3.6205222945891786	11.28	0.0	0.4892597695390782	0.4892597695390782	11.28	0.0	296.0	289.62	789.61	-4.53	0	1
PROTOTYPE	036802	04/16/18	08:45:22	0.4892597695390782	0.4892597695390782	11.27	-0.0	3.6205222945891786	3.6205222945891786	11.27	0.0	0.4892597695390782	0.4892597695390782	11.27	0.0	283.0	288.63	773.93	11.15	0	1
PROTOTYPE	036803	04/16/18	08:45:24	0.4892597695390782	0.4892597695390782	11.28	-0.0	3.6205222945891786	3.6205222945891786	11.28	0.0	0.4892597695390782	0.4892597695390782	11.28	0.0	301.0	290.48	906.78	249.48	0	1
PROTOTYPE	036804	04/16/18	08:45:25	0.4892597695390782	0.4892597695390782	11.29	-0.0	3.6205222945891786	3.6205222945891786	11.29	0.0	0.4892597695390782	0.4892597695390782	11.29	0.0	295.0	291.16	869.72	422.06	0	1
PROTOTYPE	036805	04/16/18	08:45:27	0.4892597695390782	0.4892597695390782	11.26	-0.0	3.6205222945891786	3.6205222945891786	11.26	0.0	0.4892597695390782	0.4892597695390782	11.26	0.0	296.0	291.89	806.42	358.75	0	1
PROTOTYPE	036806	04/16/18	08:45:28	0.4892597695390782	0.4892597695390782	11.25	-0.0	3.6205222945891786	3.6205222945891786	11.25	0.0	0.4892597695390782	0.4892597695390782	11.25	0.0	291.0	291.75	695.3	469.94	0	1
PROTOTYPE	036807	04/16/18	08:45:29	0.4892597695390782	0.4892597695390782	11.28	-0.0	3.6205222945891786	3.6205222945891786	11.28	0.0	0.4892597695390782	0.4892597695390782	11.28	0.0	284.0	290.59	782.38	324.45	0	1
PROTOTYPE	036808	04/16/18	08:45:31	0.4892597695390782	0.4892597695390782	11.29	-0.0	3.6205222945891786	3.6205222945891786	11.29	0.0	0.4892597695390782	0.4892597695390782	11.29	0.0	288.0	290.2	706.45	170.78	0	1
PROTOTYPE	036809	04/16/18	08:45:32	0.4892597695390782	0.4892597695390782	11.3	-0.0	3.6205222945891786	3.6205222945891786	11.3	0.0	0.4892597695390782	0.4892597695390782	11.3	0.0	301.0	291.82	755.83	220.16	0	1
PROTOTYPE	036810	04/16/18	08:45:34	0.4892597695390782	0.4892597695390782	11.32	-0.0	3.6205222945891786	3.6205222945891786	11.32	0.0	0.4892597695390782	0.4892597695390782	11.32	0.0	274.0	289.15	923.85	52.14	0	1
PROTOTYPE	036811	04/16/18	08:45:35	0.4892597695390782	0.4892597695390782	11.32	-0.0	3.6205222945891786	3.6205222945891786	11.32	0.0	0.4892597695390782	0.4892597695390782	11.32	0.0	282.0	288.08	845.48	-240.68	0	1
PROTOTYPE	036812	04/16/18	08:45:37	0.4892597695390782	0.4892597695390782	11.3	-0.0	3.6205222945891786	3.6205222945891786	11.3	0.0	0.4892597695390782	0.4892597695390782	11.3	0.0	292.0	288.66	836.58	-249.58	0	1
PROTOTYPE	036813	04/16/18	08:45:38	0.4892597695390782	0.4892597695390782	11.29	-0.0	3.6205222945891786	3.6205222945891786	11.29	0.0	0.4892597695390782	0.4892597695390782	11.29	0.0	298.0	290.06	904.01	-182.14	0	1
PROTOTYPE	036814	04/16/18	08:45:39	0.4892597695390782	0.4892597695390782	11.3	-0.0	3.6205222945891786	3.6205222945891786	11.3	0.0	0.4892597695390782	0.4892597695390782	11.3	0.0	295.0	290.81	964.68	-94.82	0	1
PROTOTYPE	036815	04/16/18	08:45:41	0.4892597695390782	0.4892597695390782	11.28	-0.0	3.6205222945891786	3.6205222945891786	11.28	0.0	0.4892597695390782	0.4892597695390782	11.28	0.0	300.0	292.18	986.3	159.4	0	1
PROTOTYPE	036816	04/16/18	08:45:42	0.4892597695390782	0.4892597695390782	11.28	-0.0	3.6205222945891786	3.6205222945891786	11.28	0.0	0.4892597695390782	0.4892597695390782	11.28	0.0	301.0	293.51	1079.66	330.49	0	1
PROTOTYPE	036817	04/16/18	08:45:44	0.4892597695390782	0.4892597695390782	11.27	-0.0	3.6205222945891786	3.6205222945891786	11.27	0.0	0.4892597695390782	0.4892597695390782	11.27	0.0	294.0	293.58	925.21	175.92	0	1
PROTOTYPE	036818	04/16/18	08:45:45	0.4892597695390782	0.4892597695390782	11.24	-0.0	3.6205222945891786	3.6205222945891786	11.24	0.0	0.4892597695390782	0.4892597695390782	11.24	0.0	289.0	292.89	726.61	374.53	0	1
PROTOTYPE	036819	04/16/18	08:45:46	0.4892597695390782	0.4892597695390782	11.23	-0.0	3.6205222945891786	3.6205222945891786	11.23	0.0	0.4892597695390782	0.4892597695390782	11.23	0.0	294.0	293.06	636.03	498.35	0	1
PROTOTYPE	036820	04/16/18	08:45:48	0.4892597695390782	0.4892597695390782	11.21	-0.0	3.6205222945891786	3.6205222945891786	11.21	0.0	0.4892597695390782	0.4892597695390782	11.21	0.0	296.0	293.5	621.28	483.6	0	1
PROTOTYPE	036821	04/16/18	08:45:49	0.4892597695390782	0.4892597695390782	11.22	-0.0	3.6205222945891786	3.6205222945891786	11.22	0.0	0.4892597695390782	0.4892597695390782	11.22	0.0	291.0	293.13	518.78	306.06	0	1
PROTOTYPE	036822	04/16/18	08:45:51	0.4892597695390782	0.4892597695390782	11.22	-0.0	3.522670340681363	3.6058445015030065	24.87	-15.0	0.4892597695390782	0.4892597695390782	11.22	0.0	293.0	293.11	447.1	230.15	0	1
PROTOTYPE	036823	04/16/18	08:45:52	0.4892597695390782	0.4892597695390782	11.21	-0.0	3.6205222945891786	3.607801540581162	26.12	-12.75	0.4892597695390782	0.4892597695390782	11.21	0.0	283.0	291.59	460.78	-59.37	0	1
PROTOTYPE	036824	04/16/18	08:45:53	0.4892597695390782	0.4892597695390782	11.21	-0.0	3.522670340681363	3.5950807865731464	37.87	-25.84	0.4892597695390782	0.4892597695390782	11.21	0.0	306.0	293.75	544.68	24.53	0	1
PROTOTYPE	036825	04/16/18	08:45:55	0.4892597695390782	0.4892597695390782	11.22	-0.0	3.6205222945891786	3.598994864729459	40.59	-21.96	0.4892597695390782	0.4892597695390782	11.22	0.0	291.0	293.34	578.45	-24.15	0	1
PROTOTYPE	036826	04/16/18	08:45:56	0.4892597695390782	0.4892597695390782	11.25	-0.0	3.522670340681363	3.5872526302605205	50.99	-33.67	0.4892597695390782	0.4892597695390782	11.25	0.0	296.0	293.74	549.67	84.48	0	1
PROTOTYPE	036827	04/16/18	08:45:58	0.4892597695390782	0.4892597695390782	11.26	-0.0	3.522670340681363	3.5774674348697397	59.63	-43.62	0.4892597695390782	0.4892597695390782	11.26	0.0	288.0	292.88	619.1	-18.2	0	1
PROTOTYPE	036828	04/16/18	08:45:59	0.4892597695390782	0.4892597695390782	11.28	-0.0	3.6205222945891786	3.584317071643287	64.94	-37.07	0.4892597695390782	0.4892597695390782	11.28	0.0	292.0	292.75	588.21	-75.47	0	1
PROTOTYPE	036829	04/16/18	08:46:00	0.4892597695390782	0.4892597695390782	11.3	-0.0	3.6205222945891786	3.5892096693386777	69.28	-31.51	0.4892597695390782	0.4892597695390782	11.3	0.0	284.0	291.43	681.87	-169.15	0	1
PROTOTYPE	036830	04/16/18	08:46:02	0.4892597695390782	0.4892597695390782	11.31	-0.0	3.522670340681363	3.5794244739478955	64.58	-26.79	0.4892597695390782	0.4892597695390782	11.31	0.0	291.0	291.37	686.18	-173.77	0	1
PROTOTYPE	036831	04/16/18	08:46:03	0.4892597695390782	0.4892597695390782	11.33	-0.0	3.6205222945891786	3.5852955911823647	68.36	-22.77	0.4892597695390782	0.4892597695390782	11.33	0.0	276.0	289.06	765.11	-252.71	0	1
PROTOTYPE	036832	04/16/18	08:46:05	0.4892597695390782	0.4892597695390782	11.34	-0.0	3.522670340681363	3.576488915330661	64.97	-19.35	0.4892597695390782	0.4892597695390782	11.34	0.0	294.0	289.8	623.03	-394.8	0	1
PROTOTYPE	036833	04/16/18	08:46:06	0.4892597695390782	0.4892597695390782	11.32	0.0	3.6205222945891786	3.5833385521042085	67.77	-16.45	0.4892597695390782	0.4892597695390782	11.32	0.0	299.0	291.18	719.67	-215.58	0	1
PROTOTYPE	036834	04/16/18	08:46:08	0.4892597695390782	0.4892597695390782	11.31	0.0	3.6205222945891786	3.5882311497995993	61.91	1.02	0.4892597695390782	0.4892597695390782	11.31	0.0	293.0	291.46	707.02	-228.24	0	1
PROTOTYPE	036835	04/16/18	08:46:09	0.4892597695390782	0.4892597695390782	11.29	0.0	3.522670340681363	3.5784459544088176	62.06	0.86	0.4892597695390782	0.4892597695390782	11.29	0.0	292.0	291.54	629.21	-134.01	0	1
PROTOTYPE	036836	04/16/18	08:46:10	0.4892597695390782	0.4892597695390782	11.31	0.0	3.522670340681363	3.5706177980961926	64.07	-14.27	0.4892597695390782	0.4892597695390782	11.31	0.0	295.0	292.06	667.93	-68.91	0	1
PROTOTYPE	036837	04/16/18	08:46:12	0.4892597695390782	0.4892597695390782	11.31	0.0	3.6205222945891786	3.5774674348697397	66.16	-12.13	0.4892597695390782	0.4892597695390782	11.31	0.0	277.0	289.8	762.59	-163.57	0	1
PROTOTYPE	036838	04/16/18	08:46:13	0.4892597695390782	0.4892597695390782	11.3	0.0	3.522670340681363	3.569639278557114	64.36	-10.31	0.4892597695390782	0.4892597695390782	11.3	0.0	289.0	289.68	767.98	-169.04	0	1
PROTOTYPE	036839	04/16/18	08:46:15	0.4892597695390782	0.4892597695390782	11.3	0.0	3.522670340681363	3.5627896417835667	65.26	-23.76	0.4892597695390782	0.4892597695390782	11.3	0.0	288.0	289.43	562.66	36.32	0	1
PROTOTYPE	036840	04/16/18	08:46:16	0.4892597695390782	0.4892597695390782	11.28	0.0	3.6205222945891786	3.5715963176352705	64.48	-5.2	0.4892597695390782	0.4892597695390782	11.28	0.0	296.0	290.41	587.21	60.87	0	1
PROTOTYPE	036841	04/16/18	08:46:17	0.4892597695390782	0.4892597695390782	11.28	0.0	3.522670340681363	3.5637681613226455	65.13	-19.42	0.4892597695390782	0.4892597695390782	11.28	0.0	297.0	291.4	548.08	21.74	0	1
PROTOTYPE	036842	04/16/18	08:46:19	0.4892597695390782	0.4892597695390782	11.27	0.0	3.522670340681363	3.5578970440881763	65.68	-31.5	0.4892597695390782	0.4892597695390782	11.27	0.0	286.0	290.59	601.82	-86.52	0	1
PROTOTYPE	036843	04/16/18	08:46:20	0.4892597695390782	0.4892597695390782	11.29	0.0	3.6205222945891786	3.5667037199398797	65.21	-11.78	0.4892597695390782	0.4892597695390782	11.29	0.0	296.0	291.4	674.69	-13.54	0	1
PROTOTYPE	036844	04/16/18	08:46:22	0.4892597695390782	0.4892597695390782	11.28	0.0	3.522670340681363	3.560832602705411	63.47	-10.01	0.4892597695390782	0.4892597695390782	11.28	0.0	292.0	291.49	631.82	-56.51	0	1
PROTOTYPE	036845	04/16/18	08:46:23	0.4892597695390782	0.4892597695390782	11.28	0.0	3.6205222945891786	3.569639278557114	64.95	-8.51	0.4892597695390782	0.4892597695390782	11.28	0.0	292.0	291.57	413.71	176.97	0	1
PROTOTYPE	036846	04/16/18	08:46:24	0.4892597695390782	0.4892597695390782	11.3	0.0	3.522670340681363	3.5627896417835667	63.7	-7.23	0.4892597695390782	0.4892597695390782	11.3	0.0	291.0	291.48	410.29	180.42	0	1
PROTOTYPE	036847	04/16/18	08:46:26	0.4892597695390782	0.4892597695390782	11.31	0.0	3.522670340681363	3.5569185245490984	62.64	-6.15	0.4892597695390782	0.4892597695390782	11.31	0.0	300.0	292.76	512.84	333.36	0	1
PROTOTYPE	036848	04/16/18	08:46:27	0.4892597695390782	0.4892597695390782	11.33	0.0	3.522670340681363	3.551047407314629	59.02	-20.23	0.4892597695390782	0.4892597695390782	11.33	0.0	304.0	294.45	582.83	403.35	0	1
PROTOTYPE	036849	04/16/18	08:46:29	0.4892597695390782	0.4892597695390782	11.34	0.0	3.6205222945891786	3.561811122244489	62.13	-2.19	0.4892597695390782	0.4892597695390782	11.34	0.0	285.0	293.03	625.72	162.85	0	1
PROTOTYPE	036850	04/16/18	08:46:30	0.4892597695390782	0.4892597695390782	11.34	0.0	3.6205222945891786	3.5706177980961926	64.76	13.14	0.4892597695390782	0.4892597695390782	11.34	0.0	306.0	294.97	739.25	438.42	0	1
PROTOTYPE	036851	04/16/18	08:46:32	0.4892597695390782	0.4892597695390782	11.32	0.0	3.522670340681363	3.5637681613226455	62.51	-3.83	0.4892597695390782	0.4892597695390782	11.32	0.0	280.0	292.73	882.73	132.66	0	1
PROTOTYPE	036852	04/16/18	08:46:33	0.4892597695390782	0.4892597695390782	11.34	0.0	3.522670340681363	3.5569185245490984	61.96	-3.26	0.4892597695390782	0.4892597695390782	11.34	0.0	295.0	293.07	907.75	157.76	0	1
PROTOTYPE	036853	04/16/18	08:46:34	0.4892597695390782	0.4892597695390782	11.32	0.0	3.6205222945891786	3.5667037199398797	62.44	-2.77	0.4892597695390782	0.4892597695390782	11.32	0.0	303.0	294.56	1048.96	299.1	0	1
PROTOTYPE	036854	04/16/18	08:46:36	0.4892597695390782	0.4892597695390782	11.3	0.0	3.522670340681363	3.559854083166333	62.03	-2.35	0.4892597695390782	0.4892597695390782	11.3	0.0	283.0	292.83	1213.72	134.23	0	1
PROTOTYPE	036855	04/16/18	08:46:37	0.4892597695390782	0.4892597695390782	11.28	0.0	3.522670340681363	3.5549614854709417	61.68	-2.0	0.4892597695390782	0.4892597695390782	11.28	0.0	287.0	291.95	1173.34	-80.9	0	1
PROTOTYPE	036856	04/16/18	08:46:39	0.4892597695390782	0.4892597695390782	11.28	0.0	3.522670340681363	3.5500688877755513	61.39	-1.7	0.4892597695390782	0.4892597695390782	11.28	0.0	290.0	291.66	1034.04	-278.77	0	1
PROTOTYPE	036857	04/16/18	08:46:40	0.4892597695390782	0.4892597695390782	11.29	0.0	3.6205222945891786	3.560832602705411	61.64	-1.45	0.4892597695390782	0.4892597695390782	11.29	0.0	291.0	291.56	902.32	-146.95	0	1
PROTOTYPE	036858	04/16/18	08:46:41	0.4892597695390782	0.4892597695390782	11.29	0.0	3.6205222945891786	3.569639278557114	61.86	-1.23	0.4892597695390782	0.4892597695390782	11.29	0.0	283.0	290.28	836.17	-469.91	0	1
PROTOTYPE	036859	04/16/18	08:46:43	0.4892597695390782	0.4892597695390782	11.31	0.0	3.522670340681363	3.5627896417835667	61.68	-1.04	0.4892597695390782	0.4892597695390782	11.31	0.0	295.0	290.98	682.41	-174.42	0	1
PROTOTYPE	036860	04/16/18	08:46:44	0.4892597695390782	0.4892597695390782	11.29	0.0	3.522670340681363	3.5569185245490984	61.52	-0.89	0.4892597695390782	0.4892597695390782	11.29	0.0	292.0	291.14	663.61	-193.26	0	1
PROTOTYPE	036861	04/16/18	08:46:46	0.4892597695390782	0.4892597695390782	11.3	0.0	3.522670340681363	3.551047407314629	57.09	-15.75	0.4892597695390782	0.4892597695390782	11.3	0.0	288.0	290.67	561.72	-389.27	0	1
PROTOTYPE	036862	04/16/18	08:46:47	0.4892597695390782	0.4892597695390782	11.3	0.0	3.6205222945891786	3.561811122244489	60.88	1.61	0.4892597695390782	0.4892597695390782	11.3	0.0	297.0	291.62	483.34	-120.88	0	1
PROTOTYPE	036863	04/16/18	08:46:48	0.4892597695390782	0.4892597695390782	11.31	0.0	3.522670340681363	3.5559400050100205	61.12	1.37	0.4892597695390782	0.4892597695390782	11.31	0.0	281.0	290.02	555.21	-192.75	0	1
PROTOTYPE	036864	04/16/18	08:46:50	0.4892597695390782	0.4892597695390782	11.29	0.0	3.522670340681363	3.551047407314629	61.31	1.16	0.4892597695390782	0.4892597695390782	11.29	0.0	285.0	289.27	601.27	-238.84	0	1
PROTOTYPE	036865	04/16/18	08:46:51	0.4892597695390782	0.4892597695390782	11.29	0.0	3.6205222945891786	3.561811122244489	61.14	0.99	0.4892597695390782	0.4892597695390782	11.29	0.0	296.0	290.28	692.25	-128.01	0	1
PROTOTYPE	036866	04/16/18	08:46:53	0.4892597695390782	0.4892597695390782	11.3	0.0	3.522670340681363	3.5559400050100205	57.9	-14.16	0.4892597695390782	0.4892597695390782	11.3	0.0	292.0	290.54	589.68	26.19	0	1
PROTOTYPE	036867	04/16/18	08:46:54	0.4892597695390782	0.4892597695390782	11.3	0.0	3.522670340681363	3.551047407314629	55.84	-12.04	0.4892597695390782	0.4892597695390782	11.3	0.0	295.0	291.21	585.76	22.26	0	1
PROTOTYPE	036868	04/16/18	08:46:56	0.4892597695390782	0.4892597695390782	11.31	0.0	3.522670340681363	3.546154809619239	54.1	-10.23	0.4892597695390782	0.4892597695390782	11.31	0.0	299.0	292.38	687.36	123.92	0	1
PROTOTYPE	036869	04/16/18	08:46:57	0.4892597695390782	0.4892597695390782	11.3	0.0	3.522670340681363	3.543219251002004	52.64	-8.7	0.4892597695390782	0.4892597695390782	11.3	0.0	301.0	293.67	769.65	300.33	0	1
PROTOTYPE	036870	04/16/18	08:46:58	0.4892597695390782	0.4892597695390782	11.3	0.0	3.522670340681363	3.5402836923847696	45.34	-22.39	0.4892597695390782	0.4892597695390782	11.3	0.0	286.0	292.52	789.69	90.28	0	1
PROTOTYPE	036871	04/16/18	08:47:00	0.4892597695390782	0.4892597695390782	11.29	0.0	3.522670340681363	3.537348133767535	42.17	-19.03	0.4892597695390782	0.4892597695390782	11.29	0.0	285.0	291.39	743.24	136.74	0	1
PROTOTYPE	036872	04/16/18	08:47:01	0.4892597695390782	0.4892597695390782	11.3	0.0	3.522670340681363	3.5353910946893787	39.53	-16.18	0.4892597695390782	0.4892597695390782	11.3	0.0	292.0	291.48	677.1	221.23	0	1
PROTOTYPE	036873	04/16/18	08:47:03	0.4892597695390782	0.4892597695390782	11.28	0.0	3.522670340681363	3.5334340556112225	31.13	-28.75	0.4892597695390782	0.4892597695390782	11.28	0.0	290.0	291.26	598.43	98.05	0	1
PROTOTYPE	036874	04/16/18	08:47:04	0.4892597695390782	0.4892597695390782	11.27	0.0	3.522670340681363	3.5314770165330667	27.17	-24.44	0.4892597695390782	0.4892597695390782	11.27	0.0	294.0	291.67	613.71	113.34	0	1
PROTOTYPE	036875	04/16/18	08:47:05	0.4892597695390782	0.4892597695390782	11.26	0.0	3.522670340681363	3.530498496993988	23.91	-20.77	0.4892597695390782	0.4892597695390782	11.26	0.0	294.0	292.02	581.72	81.34	0	1
PROTOTYPE	036876	04/16/18	08:47:07	0.4892597695390782	0.4892597695390782	11.26	0.0	3.522670340681363	3.52951997745491	21.23	-17.66	0.4892597695390782	0.4892597695390782	11.26	0.0	283.0	290.67	600.14	-170.86	0	1
PROTOTYPE	036877	04/16/18	08:47:08	0.4892597695390782	0.4892597695390782	11.26	0.0	3.522670340681363	3.528541457915832	19.05	-15.01	0.4892597695390782	0.4892597695390782	11.26	0.0	289.0	290.42	495.82	-325.23	0	1
PROTOTYPE	036878	04/16/18	08:47:10	0.4892597695390782	0.4892597695390782	11.26	0.0	3.522670340681363	3.5275629383767533	17.29	-12.76	0.4892597695390782	0.4892597695390782	11.26	0.0	296.0	291.25	464.52	-126.45	0	1
PROTOTYPE	036879	04/16/18	08:47:11	0.4892597695390782	0.4892597695390782	11.29	0.0	3.522670340681363	3.5265844188376754	15.91	-10.84	0.4892597695390782	0.4892597695390782	11.29	0.0	282.0	289.87	490.55	-152.48	0	1
PROTOTYPE	036880	04/16/18	08:47:12	0.4892597695390782	0.4892597695390782	11.3	0.0	3.522670340681363	3.5256058992985975	14.81	-9.22	0.4892597695390782	0.4892597695390782	11.3	0.0	281.0	288.54	614.32	-294.61	0	1
PROTOTYPE	036881	04/16/18	08:47:14	0.4892597695390782	0.4892597695390782	11.31	0.0	3.522670340681363	3.5256058992985975	13.96	-7.83	0.4892597695390782	0.4892597695390782	11.31	0.0	299.0	290.11	748.99	-115.42	0	1
PROTOTYPE	036882	04/16/18	08:47:15	0.4892597695390782	0.4892597695390782	11.31	0.0	3.6205222945891786	3.5393051728456917	26.44	8.34	0.4892597695390782	0.4892597695390782	11.31	0.0	283.0	289.04	814.47	-263.1	0	1
PROTOTYPE	036883	04/16/18	08:47:17	0.4892597695390782	0.4892597695390782	11.31	0.0	3.522670340681363	3.537348133767535	27.46	7.09	0.4892597695390782	0.4892597695390782	11.31	0.0	302.0	290.98	973.91	-103.64	0	1
PROTOTYPE	036884	04/16/18	08:47:18	0.4892597695390782	0.4892597695390782	11.29	0.0	3.522670340681363	3.5353910946893787	28.25	6.03	0.4892597695390782	0.4892597695390782	11.29	0.0	287.0	290.39	898.38	-28.09	0	1
PROTOTYPE	036885	04/16/18	08:47:20	0.4892597695390782	0.4892597695390782	11.29	0.0	3.522670340681363	3.5334340556112225	28.89	5.12	0.4892597695390782	0.4892597695390782	11.29	0.0	289.0	290.18	894.17	-23.88	0	1
PROTOTYPE	036886	04/16/18	08:47:21	0.4892597695390782	0.4892597695390782	11.28	0.0	3.6205222945891786	3.546154809619239	40.71	19.35	0.4892597695390782	0.4892597695390782	11.28	0.0	292.0	290.45	837.78	-80.3	0	1
PROTOTYPE	036887	04/16/18	08:47:22	0.4892597695390782	0.4892597695390782	11.26	0.0	3.522670340681363	3.543219251002004	42.99	16.45	0.4892597695390782	0.4892597695390782	11.26	0.0	298.0	291.58	812.18	171.75	0	1
PROTOTYPE	036888	04/16/18	08:47:24	0.4892597695390782	0.4892597695390782	11.23	0.0	3.6205222945891786	3.553982965931864	53.45	28.98	0.4892597695390782	0.4892597695390782	11.23	0.0	291.0	291.5	688.04	295.99	0	1
PROTOTYPE	036889	04/16/18	08:47:25	0.4892597695390782	0.4892597695390782	11.21	0.0	3.522670340681363	3.5500688877755513	57.01	24.64	0.4892597695390782	0.4892597695390782	11.21	0.0	297.0	292.32	613.65	221.59	0	1
PROTOTYPE	036890	04/16/18	08:47:27	0.4892597695390782	0.4892597695390782	11.23	0.0	3.522670340681363	3.54517629008016	46.75	5.94	0.4892597695390782	0.4892597695390782	11.23	0.0	298.0	293.17	592.23	413.35	0	1
PROTOTYPE	036891	04/16/18	08:47:28	0.4892597695390782	0.4892597695390782	11.21	0.0	3.6205222945891786	3.5569185245490984	55.34	20.05	0.4892597695390782	0.4892597695390782	11.21	0.0	297.0	293.75	455.24	276.35	0	1
PROTOTYPE	036892	04/16/18	08:47:29	0.4892597695390782	0.4892597695390782	11.2	0.0	3.6205222945891786	3.5667037199398797	62.57	32.04	0.4892597695390782	0.4892597695390782	11.2	0.0	283.0	292.14	556.69	174.89	0	1
PROTOTYPE	036893	04/16/18	08:47:31	0.4892597695390782	0.4892597695390782	11.19	0.0	3.522670340681363	3.559854083166333	67.06	27.24	0.4892597695390782	0.4892597695390782	11.19	0.0	297.0	292.87	608.82	268.66	0	1
PROTOTYPE	036894	04/16/18	08:47:32	0.4892597695390782	0.4892597695390782	11.19	0.0	3.522670340681363	3.553982965931864	59.46	8.15	0.4892597695390782	0.4892597695390782	11.19	0.0	286.0	291.84	684.45	138.36	0	1
PROTOTYPE	036895	04/16/18	08:47:34	0.4892597695390782	0.4892597695390782	11.19	0.0	3.522670340681363	3.5490903682364734	60.62	6.93	0.4892597695390782	0.4892597695390782	11.19	0.0	285.0	290.81	673.76	-77.39	0	1
PROTOTYPE	036896	04/16/18	08:47:35	0.4892597695390782	0.4892597695390782	11.23	0.0	3.522670340681363	3.54517629008016	52.98	-9.11	0.4892597695390782	0.4892597695390782	11.23	0.0	283.0	289.64	782.05	-185.78	0	1
PROTOTYPE	036897	04/16/18	08:47:36	0.4892597695390782	0.4892597695390782	11.25	0.0	3.6205222945891786	3.5569185245490984	59.5	7.26	0.4892597695390782	0.4892597695390782	11.25	0.0	289.0	289.54	709.16	-277.92	0	1
PROTOTYPE	036898	04/16/18	08:47:38	0.4892597695390782	0.4892597695390782	11.23	0.0	3.522670340681363	3.552025926853707	60.54	6.17	0.4892597695390782	0.4892597695390782	11.23	0.0	297.0	290.66	735.85	-251.23	0	1
PROTOTYPE	036899	04/16/18	08:47:39	0.4892597695390782	0.4892597695390782	11.25	0.0	3.6205222945891786	3.561811122244489	59.62	5.24	0.4892597695390782	0.4892597695390782	11.25	0.0	290.0	290.56	688.46	-318.54	0	1
PROTOTYPE	036900	04/16/18	08:47:41	0.4892597695390782	0.4892597695390782	11.27	0.0	3.6205222945891786	3.5706177980961926	58.85	4.46	0.4892597695390782	0.4892597695390782	11.27	0.0	287.0	290.03	580.69	-210.76	0	1
PROTOTYPE	036901	04/16/18	08:47:42	0.4892597695390782	0.4892597695390782	11.29	0.0	3.6205222945891786	3.5784459544088176	59.76	18.79	0.4892597695390782	0.4892597695390782	11.29	0.0	296.0	290.92	597.3	-194.15	0	1
PROTOTYPE	036902	04/16/18	08:47:43	0.4892597695390782	0.4892597695390782	11.3	0.0	3.522670340681363	3.569639278557114	62.53	15.97	0.4892597695390782	0.4892597695390782	11.3	0.0	289.0	290.64	523.2	-120.03	0	1
PROTOTYPE	036903	04/16/18	08:47:45	0.4892597695390782	0.4892597695390782	11.29	0.0	3.6205222945891786	3.5774674348697397	65.37	28.57	0.4892597695390782	0.4892597695390782	11.29	0.0	296.0	291.44	501.15	62.98	0	1
PROTOTYPE	036904	04/16/18	08:47:46	0.4892597695390782	0.4892597695390782	11.27	0.0	3.6205222945891786	3.584317071643287	67.76	39.29	0.4892597695390782	0.4892597695390782	11.27	0.0	297.0	292.27	467.4	263.53	0	1
PROTOTYPE	036905	04/16/18	08:47:48	0.4892597695390782	0.4892597695390782	11.27	0.0	3.6205222945891786	3.5892096693386777	61.96	33.39	0.4892597695390782	0.4892597695390782	11.27	0.0	278.0	290.13	671.83	59.0	0	1
PROTOTYPE	036906	04/16/18	08:47:49	0.4892597695390782	0.4892597695390782	11.28	0.0	3.6205222945891786	3.594102267034068	61.52	43.39	0.4892597695390782	0.4892597695390782	11.28	0.0	293.0	290.56	603.0	-9.85	0	1
PROTOTYPE	036907	04/16/18	08:47:50	0.4892597695390782	0.4892597695390782	11.29	0.0	3.6205222945891786	3.598016345190381	55.16	36.88	0.4892597695390782	0.4892597695390782	11.29	0.0	296.0	291.38	674.55	81.63	0	1
PROTOTYPE	036908	04/16/18	08:47:52	0.4892597695390782	0.4892597695390782	11.28	0.0	3.6205222945891786	3.6009519038076148	49.79	31.35	0.4892597695390782	0.4892597695390782	11.28	0.0	296.0	292.07	690.43	204.38	0	1
PROTOTYPE	036909	04/16/18	08:47:53	0.4892597695390782	0.4892597695390782	11.28	0.0	3.6205222945891786	3.6038874624248494	45.28	26.64	0.4892597695390782	0.4892597695390782	11.28	0.0	290.0	291.76	631.95	83.73	0	1
PROTOTYPE	036910	04/16/18	08:47:55	0.4892597695390782	0.4892597695390782	11.27	0.0	3.6205222945891786	3.606823021042084	39.51	37.65	0.4892597695390782	0.4892597695390782	11.27	0.0	293.0	291.95	621.7	131.17	0	1
PROTOTYPE	036911	04/16/18	08:47:56	0.4892597695390782	0.4892597695390782	11.28	0.0	3.6205222945891786	3.608780060120241	34.16	32.0	0.4892597695390782	0.4892597695390782	11.28	0.0	285.0	290.9	645.42	-53.51	0	1
PROTOTYPE	036912	04/16/18	08:47:58	0.4892597695390782	0.4892597695390782	11.29	0.0	3.6205222945891786	3.6107370991983965	29.71	27.2	0.4892597695390782	0.4892597695390782	11.29	0.0	288.0	290.47	605.6	-180.48	0	1
PROTOTYPE	036913	04/16/18	08:47:59	0.4892597695390782	0.4892597695390782	11.28	0.0	3.6205222945891786	3.611715618737475	26.0	23.12	0.4892597695390782	0.4892597695390782	11.28	0.0	282.0	289.2	518.53	-93.41	0	1
PROTOTYPE	036914	04/16/18	08:48:00	0.4892597695390782	0.4892597695390782	11.28	0.0	3.6205222945891786	3.613672657815631	22.94	19.65	0.4892597695390782	0.4892597695390782	11.28	0.0	286.0	288.72	523.5	-184.4	0	1
PROTOTYPE	036915	04/16/18	08:48:02	0.4892597695390782	0.4892597695390782	11.28	0.0	3.6205222945891786	3.6146511773547094	20.45	16.7	0.4892597695390782	0.4892597695390782	11.28	0.0	302.0	290.71	641.16	-66.74	0	1
PROTOTYPE	036916	04/16/18	08:48:03	0.4892597695390782	0.4892597695390782	11.28	0.0	3.6205222945891786	3.6156296968937878	18.42	14.2	0.4892597695390782	0.4892597695390782	11.28	0.0	298.0	291.8	681.16	-26.73	0	1
PROTOTYPE	036917	04/16/18	08:48:05	0.4892597695390782	0.4892597695390782	11.29	0.0	3.6205222945891786	3.6156296968937878	16.8	12.07	0.4892597695390782	0.4892597695390782	11.29	0.0	284.0	290.63	767.13	-112.72	0	1
PROTOTYPE	036918	04/16/18	08:48:06	0.4892597695390782	0.4892597695390782	11.31	0.0	3.6205222945891786	3.6166082164328657	15.52	10.26	0.4892597695390782	0.4892597695390782	11.31	0.0	293.0	290.99	784.01	-95.81	0	1
PROTOTYPE	036919	04/16/18	08:48:07	0.4892597695390782	0.4892597695390782	11.32	0.0	3.6205222945891786	3.617586735971944	14.51	8.72	0.4892597695390782	0.4892597695390782	11.32	0.0	298.0	292.04	784.98	113.56	0	1
PROTOTYPE	036920	04/16/18	08:48:09	0.4892597695390782	0.4892597695390782	11.33	0.0	3.6205222945891786	3.617586735971944	13.73	7.41	0.4892597695390782	0.4892597695390782	11.33	0.0	292.0	292.03	742.94	156.53	0	1
PROTOTYPE	036921	04/16/18	08:48:10	0.4892597695390782	0.4892597695390782	11.34	0.0	3.6205222945891786	3.6185652555110215	13.12	6.3	0.4892597695390782	0.4892597695390782	11.34	0.0	283.0	290.68	751.42	148.05	0	1
PROTOTYPE	036922	04/16/18	08:48:12	0.4892597695390782	0.4892597695390782	11.34	0.0	3.6205222945891786	3.6185652555110215	12.66	5.36	0.4892597695390782	0.4892597695390782	11.34	0.0	300.0	292.08	843.24	335.84	0	1
PROTOTYPE	036923	04/16/18	08:48:13	0.4892597695390782	0.4892597695390782	11.34	0.0	3.6205222945891786	3.6185652555110215	12.31	4.55	0.4892597695390782	0.4892597695390782	11.34	0.0	284.0	290.87	765.18	15.46	0	1
PROTOTYPE	036924	04/16/18	08:48:15	0.4892597695390782	0.4892597695390782	11.37	0.0	3.6205222945891786	3.6195437750501003	12.08	3.87	0.4892597695390782	0.4892597695390782	11.37	0.0	290.0	290.74	668.9	-106.86	0	1
PROTOTYPE	036925	04/16/18	08:48:16	0.4892597695390782	0.4892597695390782	11.35	0.0	3.6205222945891786	3.6195437750501003	11.87	3.29	0.4892597695390782	0.4892597695390782	11.35	0.0	295.0	291.38	615.81	74.17	0	1
PROTOTYPE	036926	04/16/18	08:48:17	0.4892597695390782	0.4892597695390782	11.34	0.0	3.6205222945891786	3.6195437750501003	11.72	2.8	0.4892597695390782	0.4892597695390782	11.34	0.0	292.0	291.47	589.76	48.05	0	1
PROTOTYPE	036927	04/16/18	08:48:19	0.4892597695390782	0.4892597695390782	11.34	0.0	3.6205222945891786	3.6195437750501003	11.62	2.38	0.4892597695390782	0.4892597695390782	11.34	0.0	289.0	291.1	521.64	-94.16	0	1
PROTOTYPE	036928	04/16/18	08:48:20	0.4892597695390782	0.4892597695390782	11.32	0.0	3.6205222945891786	3.6195437750501003	11.52	2.02	0.4892597695390782	0.4892597695390782	11.32	0.0	290.0	290.93	536.63	-110.04	0	1
PROTOTYPE	036929	04/16/18	08:48:22	0.4892597695390782	0.4892597695390782	11.32	0.0	3.6205222945891786	3.6195437750501003	11.46	1.72	0.4892597695390782	0.4892597695390782	11.32	0.0	286.0	290.19	475.13	-48.53	0	1
PROTOTYPE	036930	04/16/18	08:48:23	0.4892597695390782	0.4892597695390782	11.33	0.0	3.6205222945891786	3.6195437750501003	11.43	1.46	0.4892597695390782	0.4892597695390782	11.33	0.0	291.0	290.31	347.49	-176.25	0	1
PROTOTYPE	036931	04/16/18	08:48:24	0.4892597695390782	0.4892597695390782	11.32	0.0	3.6205222945891786	3.6205222945891786	11.39	1.24	0.4892597695390782	0.4892597695390782	11.32	0.0	295.0	291.02	296.61	15.19	0	1
PROTOTYPE	036932	04/16/18	08:48:26	0.4892597695390782	0.4892597695390782	11.29	0.0	3.6205222945891786	3.6205222945891786	11.34	1.05	0.4892597695390782	0.4892597695390782	11.29	0.0	286.0	290.26	358.82	-47.09	0	1
PROTOTYPE	036933	04/16/18	08:48:27	0.4892597695390782	0.4892597695390782	11.3	0.0	3.6205222945891786	3.6205222945891786	11.34	0.9	0.4892597695390782	0.4892597695390782	11.3	0.0	298.0	291.43	410.88	4.97	0	1
PROTOTYPE	036934	04/16/18	08:48:29	0.4892597695390782	0.4892597695390782	11.3	0.0	3.6205222945891786	3.6205222945891786	11.33	0.76	0.4892597695390782	0.4892597695390782	11.3	0.0	292.0	291.51	410.14	4.23	0	1
PROTOTYPE	036935	04/16/18	08:48:30	0.4892597695390782	0.4892597695390782	11.3	0.0	3.6205222945891786	3.6205222945891786	11.32	0.65	0.4892597695390782	0.4892597695390782	11.3	0.0	295.0	292.03	425.43	93.59	0	1
PROTOTYPE	036936	04/16/18	08:48:31	0.4892597695390782	0.4892597695390782	11.29	0.0	3.6205222945891786	3.6205222945891786	11.3	0.55	0.4892597695390782	0.4892597695390782	11.29	0.0	285.0	290.98	514.42	4.55	0	1
PROTOTYPE	036937	04/16/18	08:48:33	0.4892597695390782	0.4892597695390782	11.3	0.0	3.6205222945891786	3.6205222945891786	11.31	0.47	0.4892597695390782	0.4892597695390782	11.3	0.0	296.0	291.73	515.71	153.87	0	1
PROTOTYPE	036938	04/16/18	08:48:34	0.4892597695390782	0.4892597695390782	11.28	0.0	3.6205222945891786	3.6205222945891786	11.29	0.4	0.4892597695390782	0.4892597695390782	11.28	0.0	290.0	291.47	529.57	115.79	0	1
PROTOTYPE	036939	04/16/18	08:48:36	0.4892597695390782	0.4892597695390782	11.3	0.0	3.6205222945891786	3.6205222945891786	11.3	0.34	0.4892597695390782	0.4892597695390782	11.3	0.0	282.0	290.05	601.37	-96.58	0	1
PROTOTYPE	036940	04/16/18	08:48:37	0.4892597695390782	0.4892597695390782	11.33	0.0	3.6205222945891786	3.6205222945891786	11.33	0.29	0.4892597695390782	0.4892597695390782	11.33	0.0	292.0	290.34	555.35	7.91	0	1
PROTOTYPE	036941	04/16/18	08:48:39	0.4892597695390782	0.4892597695390782	11.33	0.0	3.6205222945891786	3.6205222945891786	11.33	0.24	0.4892597695390782	0.4892597695390782	11.33	0.0	290.0	290.29	444.67	-113.28	0	1
PROTOTYPE	036942	04/16/18	08:48:40	0.4892597695390782	0.4892597695390782	11.32	0.0	3.6205222945891786	3.6205222945891786	11.32	0.21	0.4892597695390782	0.4892597695390782	11.32	0.0	296.0	291.15	521.56	-36.29	0	1
PROTOTYPE	036943	04/16/18	08:48:41	0.4892597695390782	0.4892597695390782	11.31	0.0	3.6205222945891786	3.6205222945891786	11.31	0.18	0.4892597695390782	0.4892597695390782	11.31	0.0	289.0	290.83	501.47	-120.84	0	1
PROTOTYPE	036944	04/16/18	08:48:43	0.4892597695390782	0.4892597695390782	11.32	0.0	3.6205222945891786	3.6205222945891786	11.32	0.15	0.4892597695390782	0.4892597695390782	11.32	0.0	281.0	289.35	543.34	-162.72	0	1
PROTOTYPE	036945	04/16/18	08:48:44	0.4892597695390782	0.4892597695390782	11.31	0.0	3.6205222945891786	3.6205222945891786	11.31	0.13	0.4892597695390782	0.4892597695390782	11.31	0.0	296.0	290.35	567.74	-138.31	0	1
PROTOTYPE	036946	04/16/18	08:48:46	0.4892597695390782	0.4892597695390782	11.32	0.0	3.6205222945891786	3.6205222945891786	11.32	0.11	0.4892597695390782	0.4892597695390782	11.32	0.0	298.0	291.5	656.48	2.44	0	1
PROTOTYPE	036947	04/16/18	08:48:47	0.4892597695390782	0.4892597695390782	11.3	0.0	3.6205222945891786	3.6205222945891786	11.3	0.09	0.4892597695390782	0.4892597695390782	11.3	0.0	287.0	290.82	581.86	77.07	0	1
PROTOTYPE	036948	04/16/18	08:48:48	0.4892597695390782	0.4892597695390782	11.28	0.0	3.6205222945891786	3.6205222945891786	11.28	0.08	0.4892597695390782	0.4892597695390782	11.28	0.0	296.0	291.6	630.27	125.51	0	1
PROTOTYPE	036949	04/16/18	08:48:50	0.4892597695390782	0.4892597695390782	11.29	0.0	3.6205222945891786	3.6205222945891786	11.29	0.07	0.4892597695390782	0.4892597695390782	11.29	0.0	296.0	292.26	690.95	196.68	0	1
PROTOTYPE	036950	04/16/18	08:48:51	0.4892597695390782	0.4892597695390782	11.29	0.0	3.6205222945891786	3.6205222945891786	11.29	0.06	0.4892597695390782	0.4892597695390782	11.29	0.0	282.0	290.72	759.22	-42.82	0	1
PROTOTYPE	036951	04/16/18	08:48:53	0.4892597695390782	0.4892597695390782	11.3	0.0	3.6205222945891786	3.6205222945891786	11.3	0.05	0.4892597695390782	0.4892597695390782	11.3	0.0	291.0	290.76	731.39	-6.4	0	1
PROTOTYPE	036952	04/16/18	08:48:54	0.4892597695390782	0.4892597695390782	11.3	0.0	3.6205222945891786	3.6205222945891786	11.3	0.04	0.4892597695390782	0.4892597695390782	11.3	0.0	284.0	289.75	685.43	39.56	0	1
PROTOTYPE	036953	04/16/18	08:48:56	0.4892597695390782	0.4892597695390782	11.3	0.0	3.6205222945891786	3.6205222945891786	11.3	0.03	0.4892597695390782	0.4892597695390782	11.3	0.0	297.0	290.84	694.5	48.63	0	1
PROTOTYPE	036954	04/16/18	08:48:57	0.4892597695390782	0.4892597695390782	11.32	0.0	3.6205222945891786	3.6205222945891786	11.32	0.03	0.4892597695390782	0.4892597695390782	11.32	0.0	279.0	289.06	757.27	-243.67	0	1
PROTOTYPE	036955	04/16/18	08:48:58	0.4892597695390782	0.4892597695390782	11.31	0.0	3.6205222945891786	3.6205222945891786	11.31	0.03	0.4892597695390782	0.4892597695390782	11.31	0.0	290.0	289.2	703.97	-162.12	0	1
PROTOTYPE	036956	04/16/18	08:49:00	0.4892597695390782	0.4892597695390782	11.31	0.0	3.6205222945891786	3.6205222945891786	11.31	0.02	0.4892597695390782	0.4892597695390782	11.31	0.0	297.0	290.37	743.28	-122.8	0	1
PROTOTYPE	036957	04/16/18	08:49:01	0.4892597695390782	0.4892597695390782	11.29	0.0	3.6205222945891786	3.6205222945891786	11.29	0.02	0.4892597695390782	0.4892597695390782	11.29	0.0	288.0	290.02	712.85	-224.38	0	1
PROTOTYPE	036958	04/16/18	08:49:03	0.4892597695390782	0.4892597695390782	11.3	0.0	3.6205222945891786	3.6205222945891786	11.3	0.02	0.4892597695390782	0.4892597695390782	11.3	0.0	293.0	290.46	603.74	-25.72	0	1
PROTOTYPE	036959	04/16/18	08:49:04	0.4892597695390782	0.4892597695390782	11.3	0.0	3.6205222945891786	3.6205222945891786	11.3	0.01	0.4892597695390782	0.4892597695390782	11.3	0.0	278.0	288.59	786.27	-216.86	0	1
PROTOTYPE	036960	04/16/18	08:49:05	0.4892597695390782	0.4892597695390782	11.29	0.0	3.6205222945891786	3.6205222945891786	11.29	0.01	0.4892597695390782	0.4892597695390782	11.29	0.0	293.0	289.25	750.93	-49.33	0	1
PROTOTYPE	036961	04/16/18	08:49:07	0.4892597695390782	0.4892597695390782	11.28	0.0	3.6205222945891786	3.6205222945891786	11.28	0.01	0.4892597695390782	0.4892597695390782	11.28	0.0	274.0	286.97	870.96	-386.93	0	1
PROTOTYPE	036962	04/16/18	08:49:08	0.4892597695390782	0.4892597695390782	11.25	0.0	3.6205222945891786	3.6205222945891786	11.25	0.01	0.4892597695390782	0.4892597695390782	11.25	0.0	296.0	288.32	828.93	-73.89	0	1
PROTOTYPE	036963	04/16/18	08:49:10	0.4892597695390782	0.4892597695390782	11.25	0.0	3.6205222945891786	3.6205222945891786	11.25	0.01	0.4892597695390782	0.4892597695390782	11.25	0.0	292.0	288.87	869.97	-32.81	0	1
PROTOTYPE	036964	04/16/18	08:49:11	0.4892597695390782	0.4892597695390782	11.24	0.0	3.6205222945891786	3.6205222945891786	11.24	0.01	0.4892597695390782	0.4892597695390782	11.24	0.0	287.0	288.59	781.11	-177.89	0	1
PROTOTYPE	036965	04/16/18	08:49:12	0.4892597695390782	0.4892597695390782	11.25	0.0	3.6205222945891786	3.6205222945891786	11.25	0.0	0.4892597695390782	0.4892597695390782	11.25	0.0	298.0	290.0	886.64	-1.2	0	1
PROTOTYPE	036966	04/16/18	08:49:14	0.4892597695390782	0.4892597695390782	11.24	0.0	3.6205222945891786	3.6205222945891786	11.24	0.0	0.4892597695390782	0.4892597695390782	11.24	0.0	296.0	290.9	931.81	43.98	0	1
