Dev_id	Index	Date	Time	Sensor1	Sensor1_Filter	Sensor1_LL	Sensor1_Diff	Sensor2	Sensor2_Filter	Sensor2_LL	Sensor2_Diff	Sensor3	Sensor3_Filter	Sensor3_LL	Sensor3_Diff	Sensor4	Sensor4_Filter	Sensor4_LL	Sensor4_Diff	Heater_Status	FSM_Status
PROTOTYPE	037967	04/16/18	09:12:48	0.4892597695390782	0.4892597695390782	11.29	-0.0	4.207634018036073	4.230139967434869	48.11	-22.74	0.4892597695390782	0.48143161322645295	28.44	-7.83	289.0	287.73	721.98	-133.33	0	1
PROTOTYPE	037968	04/16/18	09:12:49	0.4892597695390782	0.4892597695390782	11.3	-0.0	4.305485971943888	4.241882201903808	52.63	-4.33	0.4892597695390782	0.482410132765531	28.88	-6.66	282.0	286.87	641.99	-53.33	0	1
PROTOTYPE	037969	04/16/18	09:12:51	0.4892597695390782	0.4892597695390782	11.33	-0.0	4.207634018036073	4.236989604208417	52.0	-3.68	0.4892597695390782	0.48338865230460926	29.22	-5.66	291.0	287.49	682.85	29.67	0	1
PROTOTYPE	037970	04/16/18	09:12:52	0.4892597695390782	0.4892597695390782	11.32	-0.0	4.305485971943888	4.246774799599199	57.45	11.88	0.4892597695390782	0.48436717184368744	29.45	-4.81	293.0	288.32	693.4	40.22	0	1
PROTOTYPE	037971	04/16/18	09:12:53	0.4892597695390782	0.4892597695390782	11.31	-0.0	4.305485971943888	4.255581475450902	62.05	25.09	0.4892597695390782	0.4853456913827655	15.97	10.91	280.0	287.07	639.43	94.18	0	1
PROTOTYPE	037972	04/16/18	09:12:55	0.4892597695390782	0.4892597695390782	11.29	-0.0	4.305485971943888	4.263409631763527	65.91	36.33	0.4892597695390782	0.4863242109218437	14.84	9.28	286.0	286.91	612.41	35.06	0	1
PROTOTYPE	037973	04/16/18	09:12:56	0.4892597695390782	0.4892597695390782	11.29	-0.0	4.305485971943888	4.269280748997996	60.53	30.88	0.4892597695390782	0.4863242109218437	13.96	7.88	295.0	288.12	577.15	-0.2	0	1
PROTOTYPE	037974	04/16/18	09:12:58	0.4892597695390782	0.4892597695390782	11.28	-0.0	4.305485971943888	4.275151866232465	61.15	41.25	0.4892597695390782	0.4863242109218437	13.28	6.7	295.0	289.15	618.45	164.83	0	1
PROTOTYPE	037975	04/16/18	09:12:59	0.4892597695390782	0.4892597695390782	11.26	-0.0	4.305485971943888	4.279065944388777	61.67	50.06	0.4892597695390782	0.48730273046092193	12.75	5.7	281.0	287.93	718.3	20.1	0	1
PROTOTYPE	037976	04/16/18	09:13:00	0.4892597695390782	0.4892597695390782	11.26	-0.0	4.207634018036073	4.268302229458918	61.21	27.55	0.4892597695390782	0.48730273046092193	12.36	4.84	281.0	286.89	736.32	2.09	0	1
PROTOTYPE	037977	04/16/18	09:13:02	0.4892597695390782	0.4892597695390782	11.26	-0.0	4.207634018036073	4.2594955536072145	65.26	23.42	0.4892597695390782	0.48730273046092193	12.07	4.12	288.0	287.06	691.05	-43.22	0	1
PROTOTYPE	037978	04/16/18	09:13:03	0.4892597695390782	0.4892597695390782	11.27	-0.0	4.305485971943888	4.266345190380761	61.79	19.91	0.4892597695390782	0.48828125	11.86	3.5	279.0	285.85	729.25	-246.74	0	1
PROTOTYPE	037979	04/16/18	09:13:05	0.4892597695390782	0.4892597695390782	11.28	-0.0	4.305485971943888	4.2722163076152295	58.86	16.92	0.4892597695390782	0.48828125	11.71	2.97	287.0	286.02	621.83	-104.73	0	1
PROTOTYPE	037980	04/16/18	09:13:06	0.4892597695390782	0.4892597695390782	11.31	-0.0	4.305485971943888	4.277108905310621	56.39	14.38	0.4892597695390782	0.48828125	11.62	2.53	282.0	285.42	666.07	-149.02	0	1
PROTOTYPE	037981	04/16/18	09:13:07	0.4892597695390782	0.4892597695390782	11.31	-0.0	4.305485971943888	4.282001503006012	54.31	12.22	0.4892597695390782	0.48828125	11.54	2.15	285.0	285.36	551.12	-276.67	0	1
PROTOTYPE	037982	04/16/18	09:13:09	0.4892597695390782	0.4892597695390782	11.31	-0.0	4.305485971943888	4.284937061623246	52.56	10.39	0.4892597695390782	0.48828125	11.47	1.83	293.0	286.5	562.62	-265.17	0	1
PROTOTYPE	037983	04/16/18	09:13:10	0.4892597695390782	0.4892597695390782	11.31	-0.0	4.305485971943888	4.287872620240481	51.09	8.83	0.4892597695390782	0.48828125	11.43	1.55	284.0	286.13	477.87	-180.39	0	1
PROTOTYPE	037984	04/16/18	09:13:12	0.4892597695390782	0.4892597695390782	11.29	-0.0	4.305485971943888	4.2908081788577155	42.98	22.51	0.4892597695390782	0.4892597695390782	11.37	1.32	290.0	286.71	432.01	-18.33	0	1
PROTOTYPE	037985	04/16/18	09:13:13	0.4892597695390782	0.4892597695390782	11.27	-0.0	4.305485971943888	4.292765217935871	36.16	34.13	0.4892597695390782	0.4892597695390782	11.33	1.12	295.0	287.95	539.7	89.42	0	1
PROTOTYPE	037986	04/16/18	09:13:14	0.4892597695390782	0.4892597695390782	11.29	-0.0	4.207634018036073	4.280044463927856	42.14	14.01	0.4892597695390782	0.4892597695390782	11.33	0.95	286.0	287.66	448.14	181.0	0	1
PROTOTYPE	037987	04/16/18	09:13:16	0.4892597695390782	0.4892597695390782	11.29	-0.0	4.305485971943888	4.283958542084168	40.13	11.91	0.4892597695390782	0.4892597695390782	11.32	0.81	279.0	286.36	560.71	33.85	0	1
PROTOTYPE	037988	04/16/18	09:13:17	0.4892597695390782	0.4892597695390782	11.29	-0.0	4.305485971943888	4.286894100701403	38.44	10.12	0.4892597695390782	0.4892597695390782	11.31	0.69	291.0	287.06	569.98	163.78	0	1
PROTOTYPE	037989	04/16/18	09:13:19	0.4892597695390782	0.4892597695390782	11.29	-0.0	4.305485971943888	4.289829659318637	37.03	8.6	0.4892597695390782	0.4892597695390782	11.31	0.59	292.0	287.8	637.73	244.21	0	1
PROTOTYPE	037990	04/16/18	09:13:20	0.4892597695390782	0.4892597695390782	11.29	-0.0	4.305485971943888	4.291786698396794	35.87	7.31	0.4892597695390782	0.4892597695390782	11.3	0.5	285.0	287.38	565.04	87.58	0	1
PROTOTYPE	037991	04/16/18	09:13:22	0.4892597695390782	0.4892597695390782	11.29	-0.0	4.207634018036073	4.280044463927856	45.49	-8.78	0.4892597695390782	0.4892597695390782	11.3	0.42	282.0	286.57	608.16	44.44	0	1
PROTOTYPE	037992	04/16/18	09:13:23	0.4892597695390782	0.4892597695390782	11.31	-0.0	4.207634018036073	4.268302229458918	53.61	-22.47	0.4892597695390782	0.4892597695390782	11.31	0.36	290.0	287.09	601.5	37.77	0	1
PROTOTYPE	037993	04/16/18	09:13:24	0.4892597695390782	0.4892597695390782	11.31	-0.0	4.207634018036073	4.2594955536072145	60.44	-34.1	0.4892597695390782	0.4892597695390782	11.31	0.31	293.0	287.97	565.83	2.11	0	1
PROTOTYPE	037994	04/16/18	09:13:26	0.4892597695390782	0.4892597695390782	11.27	-0.0	4.305485971943888	4.266345190380761	54.45	-13.98	0.4892597695390782	0.4892597695390782	11.27	0.26	284.0	287.38	596.13	-28.21	0	1
PROTOTYPE	037995	04/16/18	09:13:27	0.4892597695390782	0.4892597695390782	11.26	-0.0	4.305485971943888	4.2722163076152295	56.45	-11.88	0.4892597695390782	0.4892597695390782	11.26	0.22	283.0	286.72	531.91	36.02	0	1
PROTOTYPE	037996	04/16/18	09:13:29	0.4892597695390782	0.4892597695390782	11.25	-0.0	4.305485971943888	4.277108905310621	58.13	-10.1	0.4892597695390782	0.4892597695390782	11.25	0.19	282.0	286.01	533.11	-104.38	0	1
PROTOTYPE	037997	04/16/18	09:13:30	0.4892597695390782	0.4892597695390782	11.26	-0.0	4.207634018036073	4.26732370991984	65.78	-23.59	0.4892597695390782	0.4892597695390782	11.26	0.16	301.0	288.26	683.76	46.28	0	1
PROTOTYPE	037998	04/16/18	09:13:31	0.4892597695390782	0.4892597695390782	11.26	-0.0	4.207634018036073	4.257538514529059	72.19	-35.05	0.4892597695390782	0.4892597695390782	11.26	0.14	284.0	287.62	705.7	24.34	0	1
PROTOTYPE	037999	04/16/18	09:13:33	0.4892597695390782	0.4892597695390782	11.28	-0.0	4.207634018036073	4.25068887775551	66.99	-29.79	0.4892597695390782	0.4892597695390782	11.28	0.12	289.0	287.83	645.74	125.69	0	1
PROTOTYPE	038000	04/16/18	09:13:34	0.4892597695390782	0.4892597695390782	11.28	-0.0	4.207634018036073	4.243839240981964	62.58	-25.32	0.4892597695390782	0.4892597695390782	11.28	0.1	284.0	287.25	651.73	16.83	0	1
PROTOTYPE	038001	04/16/18	09:13:36	0.4892597695390782	0.4892597695390782	11.29	-0.0	4.305485971943888	4.253624436372745	62.63	-6.52	0.4892597695390782	0.4892597695390782	11.29	0.08	294.0	288.27	664.21	29.31	0	1
PROTOTYPE	038002	04/16/18	09:13:37	0.4892597695390782	0.4892597695390782	11.33	-0.0	4.207634018036073	4.246774799599199	62.6	-20.55	0.4892597695390782	0.4892597695390782	11.33	0.07	285.0	287.78	653.61	39.91	0	1
PROTOTYPE	038003	04/16/18	09:13:39	0.4892597695390782	0.4892597695390782	11.33	-0.0	4.207634018036073	4.2409036823647295	62.56	-32.46	0.4892597695390782	0.4892597695390782	11.33	0.06	282.0	286.91	674.59	18.92	0	1
PROTOTYPE	038004	04/16/18	09:13:40	0.4892597695390782	0.4892597695390782	11.3	-0.0	4.207634018036073	4.236011084669339	62.53	-42.59	0.4892597695390782	0.4892597695390782	11.3	0.05	282.0	286.17	677.43	16.09	0	1
PROTOTYPE	038005	04/16/18	09:13:41	0.4892597695390782	0.4892597695390782	11.28	-0.0	4.207634018036073	4.231118486973949	56.27	-36.2	0.4892597695390782	0.4892597695390782	11.28	0.04	288.0	286.45	480.05	-181.33	0	1
PROTOTYPE	038006	04/16/18	09:13:43	0.4892597695390782	0.4892597695390782	11.28	-0.0	4.207634018036073	4.228182928356714	50.99	-30.77	0.4892597695390782	0.4892597695390782	11.28	0.04	289.0	286.83	454.44	-79.13	0	1
PROTOTYPE	038007	04/16/18	09:13:44	0.4892597695390782	0.4892597695390782	11.28	-0.0	4.207634018036073	4.2252473697394795	46.55	-26.16	0.4892597695390782	0.4892597695390782	11.28	0.03	281.0	285.96	521.18	-187.26	0	1
PROTOTYPE	038008	04/16/18	09:13:46	0.4892597695390782	0.4892597695390782	11.27	-0.0	4.207634018036073	4.222311811122244	42.83	-22.23	0.4892597695390782	0.4892597695390782	11.27	0.03	288.0	286.26	494.44	-99.17	0	1
PROTOTYPE	038009	04/16/18	09:13:47	0.4892597695390782	0.4892597695390782	11.27	-0.0	4.207634018036073	4.220354772044089	35.95	-33.9	0.4892597695390782	0.4892597695390782	11.27	0.02	288.0	286.52	419.34	-174.29	0	1
PROTOTYPE	038010	04/16/18	09:13:48	0.4892597695390782	0.4892597695390782	11.26	-0.0	4.207634018036073	4.218397732965931	31.19	-28.81	0.4892597695390782	0.4892597695390782	11.26	0.02	289.0	286.89	407.51	-88.15	0	1
PROTOTYPE	038011	04/16/18	09:13:50	0.4892597695390782	0.4892597695390782	11.25	-0.0	4.207634018036073	4.216440693887776	27.22	-24.49	0.4892597695390782	0.4892597695390782	11.25	0.02	282.0	286.16	394.29	-74.93	0	1
PROTOTYPE	038012	04/16/18	09:13:51	0.4892597695390782	0.4892597695390782	11.27	-0.0	4.207634018036073	4.215462174348697	23.96	-20.82	0.4892597695390782	0.4892597695390782	11.27	0.01	296.0	287.64	468.24	146.31	0	1
PROTOTYPE	038013	04/16/18	09:13:53	0.4892597695390782	0.4892597695390782	11.31	-0.0	4.207634018036073	4.214483654809619	21.29	-17.7	0.4892597695390782	0.4892597695390782	11.31	0.01	289.0	287.84	461.31	139.36	0	1
PROTOTYPE	038014	04/16/18	09:13:54	0.4892597695390782	0.4892597695390782	11.3	-0.0	4.305485971943888	4.228182928356714	31.46	-0.04	0.4892597695390782	0.4892597695390782	11.3	0.01	287.0	287.71	435.68	88.46	0	1
PROTOTYPE	038015	04/16/18	09:13:55	0.4892597695390782	0.4892597695390782	11.29	-0.0	4.305485971943888	4.239925162825651	40.03	14.96	0.4892597695390782	0.4892597695390782	11.29	0.01	294.0	288.66	442.51	270.19	0	1
PROTOTYPE	038016	04/16/18	09:13:57	0.4892597695390782	0.4892597695390782	11.31	-0.0	4.207634018036073	4.23503256513026	42.13	12.72	0.4892597695390782	0.4892597695390782	11.31	0.01	297.0	289.91	536.95	364.66	0	1
PROTOTYPE	038017	04/16/18	09:13:58	0.4892597695390782	0.4892597695390782	11.33	-0.0	4.305485971943888	4.24579628006012	50.43	25.81	0.4892597695390782	0.4892597695390782	11.33	0.01	300.0	291.42	662.22	489.96	0	1
PROTOTYPE	038018	04/16/18	09:14:00	0.4892597695390782	0.4892597695390782	11.32	-0.0	4.207634018036073	4.239925162825651	54.0	21.94	0.4892597695390782	0.4892597695390782	11.32	0.01	295.0	291.96	678.72	506.47	0	1
PROTOTYPE	038019	04/16/18	09:14:01	0.4892597695390782	0.4892597695390782	11.31	-0.0	4.207634018036073	4.23503256513026	56.96	18.65	0.4892597695390782	0.4892597695390782	11.31	0.0	294.0	292.27	635.93	610.5	0	1
PROTOTYPE	038020	04/16/18	09:14:02	0.4892597695390782	0.4892597695390782	11.29	-0.0	4.207634018036073	4.231118486973949	59.39	15.85	0.4892597695390782	0.4892597695390782	11.29	0.0	295.0	292.68	529.37	503.92	0	1
PROTOTYPE	038021	04/16/18	09:14:04	0.4892597695390782	0.4892597695390782	11.28	-0.0	4.305485971943888	4.241882201903808	69.08	28.47	0.4892597695390782	0.4892597695390782	11.28	0.0	292.0	292.57	519.1	473.34	0	1
PROTOTYPE	038022	04/16/18	09:14:05	0.4892597695390782	0.4892597695390782	11.28	-0.0	4.207634018036073	4.236989604208417	60.45	9.2	0.4892597695390782	0.4892597695390782	11.28	0.0	293.0	292.64	512.95	492.33	0	1
PROTOTYPE	038023	04/16/18	09:14:07	0.4892597695390782	0.4892597695390782	11.28	-0.0	4.207634018036073	4.232097006513026	53.16	-7.18	0.4892597695390782	0.4892597695390782	11.28	0.0	288.0	291.94	488.24	328.48	0	1
PROTOTYPE	038024	04/16/18	09:14:08	0.4892597695390782	0.4892597695390782	11.24	-0.0	4.207634018036073	4.229161447895791	52.12	-6.1	0.4892597695390782	0.4892597695390782	11.24	0.0	290.0	291.65	392.27	174.21	0	1
PROTOTYPE	038025	04/16/18	09:14:09	0.4892597695390782	0.4892597695390782	11.21	-0.0	4.207634018036073	4.2252473697394795	44.7	-20.19	0.4892597695390782	0.4892597695390782	11.21	0.0	291.0	291.55	250.76	13.08	0	1
PROTOTYPE	038026	04/16/18	09:14:11	0.4892597695390782	0.4892597695390782	11.22	-0.0	4.305485971943888	4.237968123747495	51.09	-2.16	0.4892597695390782	0.4892597695390782	11.22	0.0	296.0	292.22	263.79	26.12	0	1
PROTOTYPE	038027	04/16/18	09:14:12	0.4892597695390782	0.4892597695390782	11.26	-0.0	4.207634018036073	4.233075526052104	50.79	-1.83	0.4892597695390782	0.4892597695390782	11.26	0.0	287.0	291.44	311.47	-82.8	0	1
PROTOTYPE	038028	04/16/18	09:14:14	0.4892597695390782	0.4892597695390782	11.27	-0.0	4.305485971943888	4.243839240981964	57.58	13.44	0.4892597695390782	0.4892597695390782	11.27	0.0	281.0	289.87	426.99	-280.38	0	1
PROTOTYPE	038029	04/16/18	09:14:15	0.4892597695390782	0.4892597695390782	11.26	-0.0	4.207634018036073	4.238946643286573	51.78	-3.58	0.4892597695390782	0.4892597695390782	11.26	0.0	295.0	290.64	493.69	-193.32	0	1
PROTOTYPE	038030	04/16/18	09:14:17	0.4892597695390782	0.4892597695390782	11.26	-0.0	4.207634018036073	4.234054045591183	51.26	-3.04	0.4892597695390782	0.4892597695390782	11.26	0.0	276.0	288.44	706.77	-419.32	0	1
PROTOTYPE	038031	04/16/18	09:14:18	0.4892597695390782	0.4892597695390782	11.27	-0.0	4.305485971943888	4.244817760521042	57.64	12.42	0.4892597695390782	0.4892597695390782	11.27	0.0	287.0	288.23	658.91	-371.43	0	1
PROTOTYPE	038032	04/16/18	09:14:19	0.4892597695390782	0.4892597695390782	11.32	-0.0	4.305485971943888	4.253624436372745	63.04	25.55	0.4892597695390782	0.4892597695390782	11.32	0.0	286.0	287.89	663.19	-375.71	0	1
PROTOTYPE	038033	04/16/18	09:14:21	0.4892597695390782	0.4892597695390782	11.32	-0.0	4.305485971943888	4.26145259268537	67.57	36.72	0.4892597695390782	0.4892597695390782	11.32	0.0	288.0	287.91	655.45	-364.36	0	1
PROTOTYPE	038034	04/16/18	09:14:22	0.4892597695390782	0.4892597695390782	11.3	-0.0	4.207634018036073	4.253624436372745	63.61	16.21	0.4892597695390782	0.4892597695390782	11.3	0.0	287.0	287.77	602.45	-444.7	0	1
PROTOTYPE	038035	04/16/18	09:14:24	0.4892597695390782	0.4892597695390782	11.27	-0.0	4.305485971943888	4.26145259268537	66.91	28.78	0.4892597695390782	0.4892597695390782	11.27	0.0	293.0	288.56	602.54	-288.0	0	1
PROTOTYPE	038036	04/16/18	09:14:25	0.4892597695390782	0.4892597695390782	11.28	-0.0	4.207634018036073	4.253624436372745	64.06	9.46	0.4892597695390782	0.4892597695390782	11.28	0.0	294.0	289.37	527.63	-49.8	0	1
PROTOTYPE	038037	04/16/18	09:14:27	0.4892597695390782	0.4892597695390782	11.34	-0.0	4.305485971943888	4.26145259268537	66.47	23.04	0.4892597695390782	0.4892597695390782	11.34	0.0	296.0	290.37	550.1	-27.33	0	1
PROTOTYPE	038038	04/16/18	09:14:28	0.4892597695390782	0.4892597695390782	11.34	-0.0	4.207634018036073	4.252645916833668	69.84	19.59	0.4892597695390782	0.4892597695390782	11.34	0.0	284.0	289.41	426.0	96.77	0	1
PROTOTYPE	038039	04/16/18	09:14:29	0.4892597695390782	0.4892597695390782	11.31	-0.0	4.207634018036073	4.24579628006012	65.86	1.65	0.4892597695390782	0.4892597695390782	11.31	0.0	280.0	288.0	545.48	-22.74	0	1
PROTOTYPE	038040	04/16/18	09:14:31	0.4892597695390782	0.4892597695390782	11.29	-0.0	4.207634018036073	4.2409036823647295	62.5	-13.6	0.4892597695390782	0.4892597695390782	11.29	0.0	276.0	286.2	692.04	-169.33	0	1
PROTOTYPE	038041	04/16/18	09:14:32	0.4892597695390782	0.4892597695390782	11.29	-0.0	4.305485971943888	4.249710358216433	64.52	-11.56	0.4892597695390782	0.4892597695390782	11.29	0.0	286.0	286.17	693.24	-173.93	0	1
PROTOTYPE	038042	04/16/18	09:14:34	0.4892597695390782	0.4892597695390782	11.3	0.0	4.207634018036073	4.243839240981964	62.82	-9.82	0.4892597695390782	0.4892597695390782	11.3	0.0	282.0	285.54	742.1	-222.84	0	1
PROTOTYPE	038043	04/16/18	09:14:35	0.4892597695390782	0.4892597695390782	11.31	0.0	4.207634018036073	4.237968123747495	60.43	-23.35	0.4892597695390782	0.4892597695390782	11.31	0.0	288.0	285.91	700.54	-264.42	0	1
PROTOTYPE	038044	04/16/18	09:14:36	0.4892597695390782	0.4892597695390782	11.3	0.0	4.207634018036073	4.234054045591183	57.01	-19.85	0.4892597695390782	0.4892597695390782	11.3	0.0	281.0	285.18	692.6	-419.75	0	1
PROTOTYPE	038045	04/16/18	09:14:38	0.4892597695390782	0.4892597695390782	11.23	0.0	4.207634018036073	4.230139967434869	53.11	-31.87	0.4892597695390782	0.4892597695390782	11.23	0.0	276.0	283.8	730.84	-656.79	0	1
PROTOTYPE	038046	04/16/18	09:14:39	0.4892597695390782	0.4892597695390782	11.24	0.0	4.207634018036073	4.226225889278557	48.49	-27.09	0.4892597695390782	0.4892597695390782	11.24	0.0	290.0	284.73	728.33	-468.27	0	1
PROTOTYPE	038047	04/16/18	09:14:41	0.4892597695390782	0.4892597695390782	11.28	0.0	4.207634018036073	4.223290330661322	44.62	-23.03	0.4892597695390782	0.4892597695390782	11.28	0.0	279.0	283.87	673.09	-413.03	0	1
PROTOTYPE	038048	04/16/18	09:14:42	0.4892597695390782	0.4892597695390782	11.27	0.0	4.207634018036073	4.221333291583166	41.37	-19.57	0.4892597695390782	0.4892597695390782	11.27	0.0	285.0	284.04	510.08	-216.08	0	1
PROTOTYPE	038049	04/16/18	09:14:43	0.4892597695390782	0.4892597695390782	11.28	0.0	4.207634018036073	4.21937625250501	33.82	-31.64	0.4892597695390782	0.4892597695390782	11.28	0.0	287.0	284.48	551.19	-168.67	0	1
PROTOTYPE	038050	04/16/18	09:14:45	0.4892597695390782	0.4892597695390782	11.29	0.0	4.207634018036073	4.2174192134268536	29.43	-26.89	0.4892597695390782	0.4892597695390782	11.29	0.0	293.0	285.76	616.37	21.63	0	1
PROTOTYPE	038051	04/16/18	09:14:46	0.4892597695390782	0.4892597695390782	11.3	0.0	4.305485971943888	4.231118486973949	37.27	-7.86	0.4892597695390782	0.4892597695390782	11.3	0.0	288.0	286.1	613.12	18.39	0	1
PROTOTYPE	038052	04/16/18	09:14:48	0.4892597695390782	0.4892597695390782	11.3	0.0	4.207634018036073	4.227204408817635	36.15	-6.68	0.4892597695390782	0.4892597695390782	11.3	0.0	289.0	286.53	582.98	135.63	0	1
PROTOTYPE	038053	04/16/18	09:14:49	0.4892597695390782	0.4892597695390782	11.31	0.0	4.305485971943888	4.238946643286573	43.99	9.32	0.4892597695390782	0.4892597695390782	11.31	0.0	288.0	286.75	467.39	295.29	0	1
PROTOTYPE	038054	04/16/18	09:14:50	0.4892597695390782	0.4892597695390782	11.32	0.0	4.207634018036073	4.234054045591183	45.31	7.92	0.4892597695390782	0.4892597695390782	11.32	0.0	279.0	285.59	490.67	85.99	0	1
PROTOTYPE	038055	04/16/18	09:14:52	0.4892597695390782	0.4892597695390782	11.3	0.0	4.207634018036073	4.230139967434869	46.4	6.74	0.4892597695390782	0.4892597695390782	11.3	0.0	283.0	285.2	443.59	133.09	0	1
PROTOTYPE	038056	04/16/18	09:14:53	0.4892597695390782	0.4892597695390782	11.31	0.0	4.207634018036073	4.227204408817635	47.32	5.73	0.4892597695390782	0.4892597695390782	11.31	0.0	279.0	284.27	519.61	23.13	0	1
PROTOTYPE	038057	04/16/18	09:14:55	0.4892597695390782	0.4892597695390782	11.32	0.0	4.305485971943888	4.238946643286573	56.93	19.87	0.4892597695390782	0.4892597695390782	11.32	0.0	279.0	283.48	554.26	-100.34	0	1
PROTOTYPE	038058	04/16/18	09:14:56	0.4892597695390782	0.4892597695390782	11.31	0.0	4.207634018036073	4.234054045591183	59.62	16.89	0.4892597695390782	0.4892597695390782	11.31	0.0	288.0	284.16	494.32	-160.29	0	1
PROTOTYPE	038059	04/16/18	09:14:58	0.4892597695390782	0.4892597695390782	11.29	0.0	4.207634018036073	4.230139967434869	50.33	-0.65	0.4892597695390782	0.4892597695390782	11.29	0.0	289.0	284.88	533.35	-121.25	0	1
PROTOTYPE	038060	04/16/18	09:14:59	0.4892597695390782	0.4892597695390782	11.29	0.0	4.207634018036073	4.226225889278557	50.24	-0.55	0.4892597695390782	0.4892597695390782	11.29	0.0	290.0	285.65	566.53	-88.06	0	1
PROTOTYPE	038061	04/16/18	09:15:00	0.4892597695390782	0.4892597695390782	11.3	0.0	4.207634018036073	4.2242688502004	41.41	-15.47	0.4892597695390782	0.4892597695390782	11.3	0.0	286.0	285.7	549.88	-104.85	0	1
PROTOTYPE	038062	04/16/18	09:15:02	0.4892597695390782	0.4892597695390782	11.29	0.0	4.207634018036073	4.221333291583166	39.26	-13.15	0.4892597695390782	0.4892597695390782	11.29	0.0	291.0	286.5	513.03	90.88	0	1
PROTOTYPE	038063	04/16/18	09:15:03	0.4892597695390782	0.4892597695390782	11.28	0.0	4.207634018036073	4.21937625250501	37.47	-11.17	0.4892597695390782	0.4892597695390782	11.28	0.0	286.0	286.42	481.77	122.25	0	1
PROTOTYPE	038064	04/16/18	09:15:05	0.4892597695390782	0.4892597695390782	11.28	0.0	4.207634018036073	4.2174192134268536	36.01	-9.5	0.4892597695390782	0.4892597695390782	11.28	0.0	288.0	286.66	412.43	238.91	0	1
PROTOTYPE	038065	04/16/18	09:15:06	0.4892597695390782	0.4892597695390782	11.26	0.0	4.207634018036073	4.216440693887776	25.95	-23.07	0.4892597695390782	0.4892597695390782	11.26	0.0	292.0	287.46	413.46	398.07	0	1
PROTOTYPE	038066	04/16/18	09:15:07	0.4892597695390782	0.4892597695390782	11.25	0.0	4.207634018036073	4.214483654809619	22.89	-19.61	0.4892597695390782	0.4892597695390782	11.25	0.0	291.0	287.99	398.75	383.36	0	1
PROTOTYPE	038067	04/16/18	09:15:09	0.4892597695390782	0.4892597695390782	11.26	0.0	4.207634018036073	4.213505135270542	20.4	-16.67	0.4892597695390782	0.4892597695390782	11.26	0.0	291.0	288.44	371.25	355.86	0	1
PROTOTYPE	038068	04/16/18	09:15:10	0.4892597695390782	0.4892597695390782	11.28	0.0	4.207634018036073	4.212526615731463	18.39	-14.17	0.4892597695390782	0.4892597695390782	11.28	0.0	287.0	288.23	316.2	257.48	0	1
PROTOTYPE	038069	04/16/18	09:15:12	0.4892597695390782	0.4892597695390782	11.27	0.0	4.305485971943888	4.227204408817635	29.42	2.96	0.4892597695390782	0.4892597695390782	11.27	0.0	296.0	289.39	427.4	368.86	0	1
PROTOTYPE	038070	04/16/18	09:15:13	0.4892597695390782	0.4892597695390782	11.26	0.0	4.305485971943888	4.238946643286573	38.72	17.51	0.4892597695390782	0.4892597695390782	11.26	0.0	291.0	289.63	372.1	313.53	0	1
PROTOTYPE	038071	04/16/18	09:15:14	0.4892597695390782	0.4892597695390782	11.26	0.0	4.207634018036073	4.234054045591183	41.12	14.89	0.4892597695390782	0.4892597695390782	11.26	0.0	283.0	288.64	464.01	221.5	0	1
PROTOTYPE	038072	04/16/18	09:15:16	0.4892597695390782	0.4892597695390782	11.28	0.0	4.207634018036073	4.230139967434869	43.11	12.65	0.4892597695390782	0.4892597695390782	11.28	0.0	280.0	287.34	569.91	68.27	0	1
PROTOTYPE	038073	04/16/18	09:15:17	0.4892597695390782	0.4892597695390782	11.28	0.0	4.207634018036073	4.226225889278557	44.74	10.75	0.4892597695390782	0.4892597695390782	11.28	0.0	279.0	286.09	614.95	-136.97	0	1
PROTOTYPE	038074	04/16/18	09:15:19	0.4892597695390782	0.4892597695390782	11.28	0.0	4.207634018036073	4.223290330661322	46.06	9.14	0.4892597695390782	0.4892597695390782	11.28	0.0	289.0	286.53	605.5	-146.42	0	1
PROTOTYPE	038075	04/16/18	09:15:20	0.4892597695390782	0.4892597695390782	11.29	0.0	4.207634018036073	4.221333291583166	47.12	7.77	0.4892597695390782	0.4892597695390782	11.29	0.0	285.0	286.3	583.32	-214.46	0	1
PROTOTYPE	038076	04/16/18	09:15:22	0.4892597695390782	0.4892597695390782	11.28	0.0	4.207634018036073	4.21937625250501	47.95	6.6	0.4892597695390782	0.4892597695390782	11.28	0.0	283.0	285.8	611.12	-242.29	0	1
PROTOTYPE	038077	04/16/18	09:15:23	0.4892597695390782	0.4892597695390782	11.29	0.0	4.207634018036073	4.2174192134268536	35.96	-9.39	0.4892597695390782	0.4892597695390782	11.29	0.0	299.0	287.78	692.46	-160.95	0	1
PROTOTYPE	038078	04/16/18	09:15:24	0.4892597695390782	0.4892597695390782	11.29	0.0	4.207634018036073	4.216440693887776	25.88	-22.98	0.4892597695390782	0.4892597695390782	11.29	0.0	281.0	286.77	770.07	-286.8	0	1
PROTOTYPE	038079	04/16/18	09:15:26	0.4892597695390782	0.4892597695390782	11.28	0.0	4.207634018036073	4.214483654809619	22.83	-19.53	0.4892597695390782	0.4892597695390782	11.28	0.0	283.0	286.2	727.06	-243.78	0	1
PROTOTYPE	038080	04/16/18	09:15:27	0.4892597695390782	0.4892597695390782	11.27	0.0	4.207634018036073	4.213505135270542	20.35	-16.6	0.4892597695390782	0.4892597695390782	11.27	0.0	280.0	285.27	690.49	-207.22	0	1
PROTOTYPE	038081	04/16/18	09:15:29	0.4892597695390782	0.4892597695390782	11.29	0.0	4.207634018036073	4.212526615731463	18.36	-14.11	0.4892597695390782	0.4892597695390782	11.29	0.0	281.0	284.63	629.42	-146.13	0	1
PROTOTYPE	038082	04/16/18	09:15:30	0.4892597695390782	0.4892597695390782	11.3	0.0	4.207634018036073	4.211548096192384	16.74	-11.99	0.4892597695390782	0.4892597695390782	11.3	0.0	296.0	286.34	756.32	-19.21	0	1
PROTOTYPE	038083	04/16/18	09:15:31	0.4892597695390782	0.4892597695390782	11.29	0.0	4.207634018036073	4.211548096192384	15.46	-10.2	0.4892597695390782	0.4892597695390782	11.29	0.0	290.0	286.89	788.35	58.67	0	1
PROTOTYPE	038084	04/16/18	09:15:33	0.4892597695390782	0.4892597695390782	11.28	0.0	4.207634018036073	4.210569576653307	14.44	-8.67	0.4892597695390782	0.4892597695390782	11.28	0.0	296.0	288.25	875.58	244.87	0	1
PROTOTYPE	038085	04/16/18	09:15:34	0.4892597695390782	0.4892597695390782	11.26	0.0	4.207634018036073	4.210569576653307	13.64	-7.37	0.4892597695390782	0.4892597695390782	11.26	0.0	291.0	288.66	718.86	88.14	0	1
PROTOTYPE	038086	04/16/18	09:15:36	0.4892597695390782	0.4892597695390782	11.28	0.0	4.207634018036073	4.2095910571142285	13.05	-6.26	0.4892597695390782	0.4892597695390782	11.28	0.0	290.0	288.86	637.19	209.92	0	1
PROTOTYPE	038087	04/16/18	09:15:37	0.4892597695390782	0.4892597695390782	11.3	0.0	4.207634018036073	4.2095910571142285	12.61	-5.32	0.4892597695390782	0.4892597695390782	11.3	0.0	282.0	287.84	683.67	163.43	0	1
PROTOTYPE	038088	04/16/18	09:15:38	0.4892597695390782	0.4892597695390782	11.31	0.0	4.207634018036073	4.2095910571142285	12.27	-4.52	0.4892597695390782	0.4892597695390782	11.31	0.0	290.0	288.16	623.15	288.92	0	1
PROTOTYPE	038089	04/16/18	09:15:40	0.4892597695390782	0.4892597695390782	11.3	0.0	4.207634018036073	4.20861253757515	12.01	-3.85	0.4892597695390782	0.4892597695390782	11.3	0.0	286.0	287.84	591.5	320.58	0	1
PROTOTYPE	038090	04/16/18	09:15:41	0.4892597695390782	0.4892597695390782	11.3	0.0	4.207634018036073	4.20861253757515	11.82	-3.27	0.4892597695390782	0.4892597695390782	11.3	0.0	284.0	287.26	478.5	92.49	0	1
PROTOTYPE	038091	04/16/18	09:15:43	0.4892597695390782	0.4892597695390782	11.3	0.0	4.207634018036073	4.20861253757515	11.68	-2.78	0.4892597695390782	0.4892597695390782	11.3	0.0	293.0	288.12	509.62	123.62	0	1
PROTOTYPE	038092	04/16/18	09:15:44	0.4892597695390782	0.4892597695390782	11.29	0.0	4.207634018036073	4.20861253757515	11.56	-2.36	0.4892597695390782	0.4892597695390782	11.29	0.0	286.0	287.8	404.75	-44.93	0	1
PROTOTYPE	038093	04/16/18	09:15:45	0.4892597695390782	0.4892597695390782	11.28	0.0	4.207634018036073	4.20861253757515	11.48	-2.01	0.4892597695390782	0.4892597695390782	11.28	0.0	288.0	287.83	366.77	-83.19	0	1
PROTOTYPE	038094	04/16/18	09:15:47	0.4892597695390782	0.4892597695390782	11.25	0.0	4.305485971943888	4.223290330661322	24.95	13.29	0.4892597695390782	0.4892597695390782	11.25	0.0	293.0	288.61	424.21	-25.71	0	1
PROTOTYPE	038095	04/16/18	09:15:48	0.4892597695390782	0.4892597695390782	11.23	0.0	4.207634018036073	4.220354772044089	26.22	11.3	0.4892597695390782	0.4892597695390782	11.23	0.0	295.0	289.57	417.12	173.15	0	1
PROTOTYPE	038096	04/16/18	09:15:50	0.4892597695390782	0.4892597695390782	11.21	0.0	4.207634018036073	4.218397732965931	27.2	9.6	0.4892597695390782	0.4892597695390782	11.21	0.0	282.0	288.43	498.13	27.18	0	1
PROTOTYPE	038097	04/16/18	09:15:51	0.4892597695390782	0.4892597695390782	11.2	0.0	4.207634018036073	4.2174192134268536	27.97	8.16	0.4892597695390782	0.4892597695390782	11.2	0.0	289.0	288.52	474.34	68.1	0	1
PROTOTYPE	038098	04/16/18	09:15:52	0.4892597695390782	0.4892597695390782	11.18	0.0	4.207634018036073	4.215462174348697	28.54	6.94	0.4892597695390782	0.4892597695390782	11.18	0.0	283.0	287.69	499.55	42.88	0	1
PROTOTYPE	038099	04/16/18	09:15:54	0.4892597695390782	0.4892597695390782	11.17	0.0	4.207634018036073	4.214483654809619	28.98	5.9	0.4892597695390782	0.4892597695390782	11.17	0.0	273.0	285.49	633.79	-263.55	0	1
PROTOTYPE	038100	04/16/18	09:15:55	0.4892597695390782	0.4892597695390782	11.18	0.0	4.207634018036073	4.213505135270542	29.33	5.01	0.4892597695390782	0.4892597695390782	11.18	0.0	282.0	284.96	654.24	-284.02	0	1
PROTOTYPE	038101	04/16/18	09:15:57	0.4892597695390782	0.4892597695390782	11.2	0.0	4.207634018036073	4.212526615731463	29.6	4.26	0.4892597695390782	0.4892597695390782	11.2	0.0	297.0	286.77	831.54	-106.41	0	1
PROTOTYPE	038102	04/16/18	09:15:58	0.4892597695390782	0.4892597695390782	11.29	0.0	4.207634018036073	4.211548096192384	16.3	-11.38	0.4892597695390782	0.4892597695390782	11.29	0.0	289.0	287.1	787.52	-150.45	0	1
PROTOTYPE	038103	04/16/18	09:16:00	0.4892597695390782	0.4892597695390782	11.31	0.0	4.207634018036073	4.211548096192384	15.13	-9.67	0.4892597695390782	0.4892597695390782	11.31	0.0	297.0	288.59	840.09	-97.88	0	1
PROTOTYPE	038104	04/16/18	09:16:01	0.4892597695390782	0.4892597695390782	11.32	0.0	4.207634018036073	4.210569576653307	14.2	-8.22	0.4892597695390782	0.4892597695390782	11.32	0.0	301.0	290.45	912.77	201.8	0	1
PROTOTYPE	038105	04/16/18	09:16:02	0.4892597695390782	0.4892597695390782	11.33	0.0	4.207634018036073	4.210569576653307	13.49	-6.99	0.4892597695390782	0.4892597695390782	11.33	0.0	283.0	289.33	1015.88	81.53	0	1
PROTOTYPE	038106	04/16/18	09:16:04	0.4892597695390782	0.4892597695390782	11.37	0.0	4.207634018036073	4.2095910571142285	12.97	-5.94	0.4892597695390782	0.4892597695390782	11.37	0.0	290.0	289.43	943.23	174.3	0	1
PROTOTYPE	038107	04/16/18	09:16:05	0.4892597695390782	0.4892597695390782	11.37	0.0	4.207634018036073	4.2095910571142285	12.55	-5.05	0.4892597695390782	0.4892597695390782	11.37	0.0	284.0	288.62	804.39	313.15	0	1
PROTOTYPE	038108	04/16/18	09:16:07	0.4892597695390782	0.4892597695390782	11.38	0.0	4.207634018036073	4.2095910571142285	12.24	-4.29	0.4892597695390782	0.4892597695390782	11.38	0.0	291.0	288.97	787.84	401.18	0	1
PROTOTYPE	038109	04/16/18	09:16:08	0.4892597695390782	0.4892597695390782	11.39	0.0	4.207634018036073	4.20861253757515	12.02	-3.65	0.4892597695390782	0.4892597695390782	11.39	0.0	289.0	288.98	608.75	221.0	0	1
PROTOTYPE	038110	04/16/18	09:16:09	0.4892597695390782	0.4892597695390782	11.31	0.0	4.207634018036073	4.20861253757515	11.78	-3.1	0.4892597695390782	0.4892597695390782	11.31	0.0	291.0	289.28	605.6	217.85	0	1
PROTOTYPE	038111	04/16/18	09:16:11	0.4892597695390782	0.4892597695390782	11.32	0.0	4.207634018036073	4.20861253757515	11.66	-2.64	0.4892597695390782	0.4892597695390782	11.32	0.0	284.0	288.49	536.39	-9.82	0	1
PROTOTYPE	038112	04/16/18	09:16:12	0.4892597695390782	0.4892597695390782	11.31	0.0	4.207634018036073	4.20861253757515	11.56	-2.24	0.4892597695390782	0.4892597695390782	11.31	0.0	282.0	287.52	447.55	-293.35	0	1
PROTOTYPE	038113	04/16/18	09:16:14	0.4892597695390782	0.4892597695390782	11.3	0.0	4.207634018036073	4.20861253757515	11.48	-1.9	0.4892597695390782	0.4892597695390782	11.3	0.0	290.0	287.89	373.08	-144.35	0	1
PROTOTYPE	038114	04/16/18	09:16:15	0.4892597695390782	0.4892597695390782	11.27	0.0	4.305485971943888	4.223290330661322	24.95	13.38	0.4892597695390782	0.4892597695390782	11.27	0.0	276.0	286.11	541.3	-332.7	0	1
PROTOTYPE	038115	04/16/18	09:16:17	0.4892597695390782	0.4892597695390782	11.28	0.0	4.207634018036073	4.220354772044089	26.25	11.37	0.4892597695390782	0.4892597695390782	11.28	0.0	272.0	283.99	671.39	-462.79	0	1
PROTOTYPE	038116	04/16/18	09:16:18	0.4892597695390782	0.4892597695390782	11.29	0.0	4.207634018036073	4.218397732965931	27.25	9.67	0.4892597695390782	0.4892597695390782	11.29	0.0	281.0	283.54	680.49	-543.37	0	1
PROTOTYPE	038117	04/16/18	09:16:19	0.4892597695390782	0.4892597695390782	11.27	0.0	4.207634018036073	4.2174192134268536	28.01	8.22	0.4892597695390782	0.4892597695390782	11.27	0.0	295.0	285.26	850.91	-371.87	0	1
PROTOTYPE	038118	04/16/18	09:16:21	0.4892597695390782	0.4892597695390782	11.28	0.0	4.207634018036073	4.215462174348697	28.6	6.99	0.4892597695390782	0.4892597695390782	11.28	0.0	284.0	285.07	839.51	-421.09	0	1
PROTOTYPE	038119	04/16/18	09:16:22	0.4892597695390782	0.4892597695390782	11.26	0.0	4.207634018036073	4.214483654809619	29.03	5.94	0.4892597695390782	0.4892597695390782	11.26	0.0	276.0	283.71	896.34	-477.92	0	1
PROTOTYPE	038120	04/16/18	09:16:24	0.4892597695390782	0.4892597695390782	11.28	0.0	4.207634018036073	4.213505135270542	29.38	5.05	0.4892597695390782	0.4892597695390782	11.28	0.0	290.0	284.65	893.34	-286.24	0	1
PROTOTYPE	038121	04/16/18	09:16:25	0.4892597695390782	0.4892597695390782	11.29	0.0	4.207634018036073	4.212526615731463	29.64	4.29	0.4892597695390782	0.4892597695390782	11.29	0.0	286.0	284.86	876.3	-303.3	0	1
PROTOTYPE	038122	04/16/18	09:16:26	0.4892597695390782	0.4892597695390782	11.32	0.0	4.207634018036073	4.211548096192384	16.3	-11.35	0.4892597695390782	0.4892597695390782	11.32	0.0	294.0	286.23	835.13	12.2	0	1
PROTOTYPE	038123	04/16/18	09:16:28	0.4892597695390782	0.4892597695390782	11.32	0.0	4.207634018036073	4.211548096192384	15.11	-9.65	0.4892597695390782	0.4892597695390782	11.32	0.0	283.0	285.74	671.98	175.37	0	1
PROTOTYPE	038124	04/16/18	09:16:29	0.4892597695390782	0.4892597695390782	11.31	0.0	4.207634018036073	4.210569576653307	14.18	-8.2	0.4892597695390782	0.4892597695390782	11.31	0.0	287.0	285.93	646.02	239.06	0	1
PROTOTYPE	038125	04/16/18	09:16:31	0.4892597695390782	0.4892597695390782	11.33	0.0	4.207634018036073	4.210569576653307	13.48	-6.97	0.4892597695390782	0.4892597695390782	11.33	0.0	294.0	287.14	595.16	188.2	0	1
PROTOTYPE	038126	04/16/18	09:16:32	0.4892597695390782	0.4892597695390782	11.32	0.0	4.207634018036073	4.2095910571142285	12.92	-5.93	0.4892597695390782	0.4892597695390782	11.32	0.0	294.0	288.17	679.09	309.97	0	1
PROTOTYPE	038127	04/16/18	09:16:34	0.4892597695390782	0.4892597695390782	11.37	0.0	4.305485971943888	4.2242688502004	25.8	9.96	0.4892597695390782	0.4892597695390782	11.37	0.0	281.0	287.1	650.59	338.48	0	1
PROTOTYPE	038128	04/16/18	09:16:35	0.4892597695390782	0.4892597695390782	11.36	0.0	4.207634018036073	4.221333291583166	26.93	8.47	0.4892597695390782	0.4892597695390782	11.36	0.0	287.0	287.08	558.24	242.7	0	1
PROTOTYPE	038129	04/16/18	09:16:36	0.4892597695390782	0.4892597695390782	11.36	0.0	4.207634018036073	4.21937625250501	27.84	7.2	0.4892597695390782	0.4892597695390782	11.36	0.0	288.0	287.22	551.86	236.3	0	1
PROTOTYPE	038130	04/16/18	09:16:38	0.4892597695390782	0.4892597695390782	11.35	0.0	4.207634018036073	4.2174192134268536	28.54	6.12	0.4892597695390782	0.4892597695390782	11.35	0.0	290.0	287.64	456.43	140.85	0	1
PROTOTYPE	038131	04/16/18	09:16:39	0.4892597695390782	0.4892597695390782	11.36	0.0	4.207634018036073	4.216440693887776	29.1	5.2	0.4892597695390782	0.4892597695390782	11.36	0.0	287.0	287.54	417.65	179.73	0	1
PROTOTYPE	038132	04/16/18	09:16:41	0.4892597695390782	0.4892597695390782	11.35	0.0	4.207634018036073	4.214483654809619	29.52	4.42	0.4892597695390782	0.4892597695390782	11.35	0.0	292.0	288.21	465.65	227.77	0	1
PROTOTYPE	038133	04/16/18	09:16:42	0.4892597695390782	0.4892597695390782	11.35	0.0	4.207634018036073	4.213505135270542	29.83	3.76	0.4892597695390782	0.4892597695390782	11.35	0.0	286.0	287.88	377.79	73.6	0	1
PROTOTYPE	038134	04/16/18	09:16:43	0.4892597695390782	0.4892597695390782	11.36	0.0	4.207634018036073	4.212526615731463	30.08	3.19	0.4892597695390782	0.4892597695390782	11.36	0.0	279.0	286.55	408.09	-162.44	0	1
PROTOTYPE	038135	04/16/18	09:16:45	0.4892597695390782	0.4892597695390782	11.31	0.0	4.207634018036073	4.212526615731463	16.96	-12.29	0.4892597695390782	0.4892597695390782	11.31	0.0	281.0	285.71	383.72	-138.07	0	1
PROTOTYPE	038136	04/16/18	09:16:46	0.4892597695390782	0.4892597695390782	11.33	0.0	4.207634018036073	4.211548096192384	15.66	-10.44	0.4892597695390782	0.4892597695390782	11.33	0.0	282.0	285.16	437.44	-192.36	0	1
PROTOTYPE	038137	04/16/18	09:16:48	0.4892597695390782	0.4892597695390782	11.33	0.0	4.207634018036073	4.210569576653307	14.61	-8.88	0.4892597695390782	0.4892597695390782	11.33	0.0	275.0	283.63	575.95	-358.51	0	1
PROTOTYPE	038138	04/16/18	09:16:49	0.4892597695390782	0.4892597695390782	11.32	0.0	4.207634018036073	4.210569576653307	13.79	-7.54	0.4892597695390782	0.4892597695390782	11.32	0.0	301.0	286.24	794.71	-139.73	0	1
PROTOTYPE	038139	04/16/18	09:16:51	0.4892597695390782	0.4892597695390782	11.32	0.0	4.207634018036073	4.2095910571142285	13.17	-6.41	0.4892597695390782	0.4892597695390782	11.32	0.0	280.0	285.3	878.65	-223.77	0	1
PROTOTYPE	038140	04/16/18	09:16:52	0.4892597695390782	0.4892597695390782	11.33	0.0	4.207634018036073	4.2095910571142285	12.7	-5.45	0.4892597695390782	0.4892597695390782	11.33	0.0	279.0	284.36	906.3	-385.21	0	1
PROTOTYPE	038141	04/16/18	09:16:53	0.4892597695390782	0.4892597695390782	11.33	0.0	4.207634018036073	4.2095910571142285	12.34	-4.63	0.4892597695390782	0.4892597695390782	11.33	0.0	290.0	285.2	957.78	-267.43	0	1
PROTOTYPE	038142	04/16/18	09:16:55	0.4892597695390782	0.4892597695390782	11.34	0.0	4.207634018036073	4.20861253757515	12.08	-3.94	0.4892597695390782	0.4892597695390782	11.34	0.0	279.0	284.27	917.67	-227.31	0	1
PROTOTYPE	038143	04/16/18	09:16:56	0.4892597695390782	0.4892597695390782	11.34	0.0	4.207634018036073	4.20861253757515	11.88	-3.35	0.4892597695390782	0.4892597695390782	11.34	0.0	270.0	282.13	1048.56	-358.21	0	1
PROTOTYPE	038144	04/16/18	09:16:58	0.4892597695390782	0.4892597695390782	11.3	0.0	4.207634018036073	4.20861253757515	11.69	-2.85	0.4892597695390782	0.4892597695390782	11.3	0.0	282.0	282.11	995.26	-304.48	0	1
PROTOTYPE	038145	04/16/18	09:16:59	0.4892597695390782	0.4892597695390782	11.31	0.0	4.207634018036073	4.20861253757515	11.6	-2.42	0.4892597695390782	0.4892597695390782	11.31	0.0	281.0	281.95	859.64	-168.81	0	1
PROTOTYPE	038146	04/16/18	09:17:00	0.4892597695390782	0.4892597695390782	11.31	0.0	4.207634018036073	4.20861253757515	11.52	-2.06	0.4892597695390782	0.4892597695390782	11.31	0.0	287.0	282.7	674.97	-353.49	0	1
PROTOTYPE	038147	04/16/18	09:17:02	0.4892597695390782	0.4892597695390782	11.31	0.0	4.207634018036073	4.20861253757515	11.46	-1.75	0.4892597695390782	0.4892597695390782	11.31	0.0	282.0	282.6	592.03	-270.47	0	1
PROTOTYPE	038148	04/16/18	09:17:03	0.4892597695390782	0.4892597695390782	11.3	0.0	4.207634018036073	4.20861253757515	11.41	-1.49	0.4892597695390782	0.4892597695390782	11.3	0.0	277.0	281.76	581.46	-259.9	0	1
PROTOTYPE	038149	04/16/18	09:17:05	0.4892597695390782	0.4892597695390782	11.27	0.0	4.207634018036073	4.207634018036073	11.35	-1.26	0.4892597695390782	0.4892597695390782	11.27	0.0	288.0	282.69	590.44	-250.91	0	1
PROTOTYPE	038150	04/16/18	09:17:06	0.4892597695390782	0.4892597695390782	11.26	0.0	4.207634018036073	4.207634018036073	11.32	-1.07	0.4892597695390782	0.4892597695390782	11.26	0.0	274.0	281.39	627.8	-288.27	0	1
PROTOTYPE	038151	04/16/18	09:17:07	0.4892597695390782	0.4892597695390782	11.27	0.0	4.207634018036073	4.207634018036073	11.31	-0.91	0.4892597695390782	0.4892597695390782	11.27	0.0	294.0	283.28	602.85	114.97	0	1
PROTOTYPE	038152	04/16/18	09:17:09	0.4892597695390782	0.4892597695390782	11.28	0.0	4.207634018036073	4.207634018036073	11.31	-0.78	0.4892597695390782	0.4892597695390782	11.28	0.0	290.0	284.29	701.2	217.72	0	1
PROTOTYPE	038153	04/16/18	09:17:10	0.4892597695390782	0.4892597695390782	11.27	0.0	4.207634018036073	4.207634018036073	11.29	-0.66	0.4892597695390782	0.4892597695390782	11.27	0.0	294.0	285.75	830.12	380.06	0	1
PROTOTYPE	038154	04/16/18	09:17:12	0.4892597695390782	0.4892597695390782	11.26	0.0	4.207634018036073	4.207634018036073	11.27	-0.56	0.4892597695390782	0.4892597695390782	11.26	0.0	289.0	286.23	803.12	353.05	0	1
PROTOTYPE	038155	04/16/18	09:17:13	0.4892597695390782	0.4892597695390782	11.26	0.0	4.207634018036073	4.207634018036073	11.27	-0.48	0.4892597695390782	0.4892597695390782	11.26	0.0	287.0	286.35	804.04	375.1	0	1
PROTOTYPE	038156	04/16/18	09:17:15	0.4892597695390782	0.4892597695390782	11.26	0.0	4.207634018036073	4.207634018036073	11.27	-0.4	0.4892597695390782	0.4892597695390782	11.26	0.0	266.0	283.3	1025.3	153.83	0	1
PROTOTYPE	038157	04/16/18	09:17:16	0.4892597695390782	0.4892597695390782	11.3	0.0	4.207634018036073	4.207634018036073	11.3	-0.34	0.4892597695390782	0.4892597695390782	11.3	0.0	283.0	283.25	936.34	55.76	0	1
PROTOTYPE	038158	04/16/18	09:17:17	0.4892597695390782	0.4892597695390782	11.29	0.0	4.207634018036073	4.207634018036073	11.29	-0.29	0.4892597695390782	0.4892597695390782	11.29	0.0	290.0	284.26	907.14	287.39	0	1
PROTOTYPE	038159	04/16/18	09:17:19	0.4892597695390782	0.4892597695390782	11.28	0.0	4.207634018036073	4.207634018036073	11.28	-0.25	0.4892597695390782	0.4892597695390782	11.28	0.0	279.0	283.47	796.97	19.28	0	1
PROTOTYPE	038160	04/16/18	09:17:20	0.4892597695390782	0.4892597695390782	11.28	0.0	4.207634018036073	4.207634018036073	11.28	-0.21	0.4892597695390782	0.4892597695390782	11.28	0.0	292.0	284.75	824.07	46.39	0	1
PROTOTYPE	038161	04/16/18	09:17:22	0.4892597695390782	0.4892597695390782	11.29	0.0	4.207634018036073	4.207634018036073	11.29	-0.18	0.4892597695390782	0.4892597695390782	11.29	0.0	285.0	284.79	682.37	-95.57	0	1
PROTOTYPE	038162	04/16/18	09:17:23	0.4892597695390782	0.4892597695390782	11.29	0.0	4.207634018036073	4.207634018036073	11.29	-0.15	0.4892597695390782	0.4892597695390782	11.29	0.0	281.0	284.22	690.42	-201.23	0	1
PROTOTYPE	038163	04/16/18	09:17:24	0.4892597695390782	0.4892597695390782	11.28	0.0	4.207634018036073	4.207634018036073	11.28	-0.13	0.4892597695390782	0.4892597695390782	11.28	0.0	286.0	284.49	705.55	-186.05	0	1
PROTOTYPE	038164	04/16/18	09:17:26	0.4892597695390782	0.4892597695390782	11.28	0.0	4.207634018036073	4.207634018036073	11.28	-0.11	0.4892597695390782	0.4892597695390782	11.28	0.0	266.0	281.72	677.64	-158.14	0	1
PROTOTYPE	038165	04/16/18	09:17:27	0.4892597695390782	0.4892597695390782	11.27	0.0	4.207634018036073	4.207634018036073	11.27	-0.09	0.4892597695390782	0.4892597695390782	11.27	0.0	285.0	282.21	722.26	-104.42	0	1
PROTOTYPE	038166	04/16/18	09:17:29	0.4892597695390782	0.4892597695390782	11.27	0.0	4.207634018036073	4.207634018036073	11.27	-0.08	0.4892597695390782	0.4892597695390782	11.27	0.0	277.0	281.43	699.17	-283.76	0	1
