Dev_id	Index	Date	Time	Sensor1	Sensor1_Filter	Sensor1_LL	Sensor1_Diff	Sensor2	Sensor2_Filter	Sensor2_LL	Sensor2_Diff	Sensor3	Sensor3_Filter	Sensor3_LL	Sensor3_Diff	Sensor4	Sensor4_Filter	Sensor4_LL	Sensor4_Diff	Heater_Status	FSM_Status
PROTOTYPE	020767	04/16/18	02:28:18	0.4892597695390782	0.4892597695390782	11.31	0.0	3.2291144789579156	3.586274110721443	745.78	-745.69	0.4892597695390782	0.4892597695390782	11.31	0.0	283.0	289.37	573.13	-5.1	0	0
PROTOTYPE	020768	04/16/18	02:28:19	0.4892597695390782	0.4892597695390782	11.31	0.0	3.3269664328657313	3.5471333291583167	648.95	-648.84	0.4892597695390782	0.4892597695390782	11.31	0.0	295.0	290.22	501.18	235.66	0	0
PROTOTYPE	020769	04/16/18	02:28:20	0.4892597695390782	0.4892597695390782	11.29	0.0	3.2291144789579156	3.5001643912825657	566.64	-566.51	0.4892597695390782	0.4892597695390782	11.29	0.0	291.0	290.33	480.88	215.31	0	0
PROTOTYPE	020770	04/16/18	02:28:22	0.4892597695390782	0.4892597695390782	11.29	0.0	3.2291144789579156	3.4590665706412826	496.67	-496.53	0.4892597695390782	0.4892597695390782	11.29	0.0	296.0	291.18	562.8	303.02	0	0
PROTOTYPE	020771	04/16/18	02:28:23	0.4892597695390782	0.4892597695390782	11.26	0.0	3.2291144789579156	3.424818386773547	437.21	-437.05	0.4892597695390782	0.4892597695390782	11.26	0.0	290.0	291.01	563.25	302.56	0	0
PROTOTYPE	020772	04/16/18	02:28:25	0.4892597695390782	0.4892597695390782	11.27	0.0	3.2291144789579156	3.395462800601203	386.67	-386.5	0.4892597695390782	0.4892597695390782	11.27	0.0	286.0	290.26	518.07	107.18	0	0
PROTOTYPE	020773	04/16/18	02:28:26	0.4892597695390782	0.4892597695390782	11.26	0.0	3.2291144789579156	3.3700212925851702	343.72	-343.52	0.4892597695390782	0.4892597695390782	11.26	0.0	285.0	289.47	509.67	-58.9	0	0
PROTOTYPE	020774	04/16/18	02:28:27	0.4892597695390782	0.4892597695390782	11.24	0.0	3.2291144789579156	3.349472382264529	307.22	-306.99	0.4892597695390782	0.4892597695390782	11.24	0.0	290.0	289.55	473.6	-95.06	0	0
PROTOTYPE	020775	04/16/18	02:28:29	0.4892597695390782	0.4892597695390782	11.24	0.0	3.2291144789579156	3.3308805110220443	261.21	-260.94	0.4892597695390782	0.4892597695390782	11.24	0.0	295.0	290.37	442.93	99.2	0	0
PROTOTYPE	020776	04/16/18	02:28:30	0.4892597695390782	0.4892597695390782	11.23	0.0	3.2291144789579156	3.3162027179358717	237.11	-236.8	0.4892597695390782	0.4892597695390782	11.23	0.0	279.0	288.66	529.0	-155.68	0	0
PROTOTYPE	020777	04/16/18	02:28:32	0.4892597695390782	0.4892597695390782	11.23	0.0	3.2291144789579156	3.302503444388778	201.64	-201.28	0.4892597695390782	0.4892597695390782	11.23	0.0	297.0	289.91	642.28	-42.33	0	0
PROTOTYPE	020778	04/16/18	02:28:33	0.4892597695390782	0.4892597695390782	11.22	0.0	3.2291144789579156	3.291739729458918	171.51	-171.09	0.4892597695390782	0.4892597695390782	11.22	0.0	285.0	289.17	630.97	-200.98	0	0
PROTOTYPE	020779	04/16/18	02:28:34	0.4892597695390782	0.4892597695390782	11.23	0.0	3.2291144789579156	3.281954534068136	145.92	-145.43	0.4892597695390782	0.4892597695390782	11.23	0.0	291.0	289.45	640.56	-155.83	0	0
PROTOTYPE	020780	04/16/18	02:28:36	0.4892597695390782	0.4892597695390782	11.22	0.0	3.2291144789579156	3.274126377755511	124.19	-123.61	0.4892597695390782	0.4892597695390782	11.22	0.0	284.0	288.63	647.19	-162.46	0	0
PROTOTYPE	020781	04/16/18	02:28:37	0.4892597695390782	0.4892597695390782	11.23	0.0	3.2291144789579156	3.267276740981964	105.76	-105.07	0.4892597695390782	0.4892597695390782	11.23	0.0	292.0	289.14	618.89	-33.09	0	0
PROTOTYPE	020782	04/16/18	02:28:39	0.4892597695390782	0.4892597695390782	11.25	0.0	3.2291144789579156	3.261405623747495	90.12	-89.31	0.4892597695390782	0.4892597695390782	11.25	0.0	294.0	289.87	683.74	31.87	0	1
PROTOTYPE	020783	04/16/18	02:28:40	0.4892597695390782	0.4892597695390782	11.24	0.0	3.2291144789579156	3.2565130260521045	76.86	-75.91	0.4892597695390782	0.4892597695390782	11.24	0.0	291.0	290.04	619.01	-32.91	0	1
PROTOTYPE	020784	04/16/18	02:28:42	0.4892597695390782	0.4892597695390782	11.24	0.0	3.1312625250501003	3.2379211548096194	80.46	-79.53	0.4892597695390782	0.4892597695390782	11.24	0.0	298.0	291.23	567.99	257.03	0	1
PROTOTYPE	020785	04/16/18	02:28:43	0.4892597695390782	0.4892597695390782	11.26	0.0	3.1312625250501003	3.222264842184369	83.52	-82.6	0.4892597695390782	0.4892597695390782	11.26	0.0	300.0	292.55	574.44	263.47	0	1
PROTOTYPE	020786	04/16/18	02:28:44	0.4892597695390782	0.4892597695390782	11.24	0.0	3.1312625250501003	3.2085655686372747	86.11	-85.21	0.4892597695390782	0.4892597695390782	11.24	0.0	289.0	292.01	553.96	283.95	0	1
PROTOTYPE	020787	04/16/18	02:28:46	0.4892597695390782	0.4892597695390782	11.26	0.0	3.1312625250501003	3.1968233341683367	88.32	-87.43	0.4892597695390782	0.4892597695390782	11.26	0.0	281.0	290.36	691.77	91.36	0	1
PROTOTYPE	020788	04/16/18	02:28:47	0.4892597695390782	0.4892597695390782	11.27	0.0	3.2291144789579156	3.201715931863727	85.17	-74.31	0.4892597695390782	0.4892597695390782	11.27	0.0	294.0	290.91	664.62	227.66	0	1
PROTOTYPE	020789	04/16/18	02:28:49	0.4892597695390782	0.4892597695390782	11.27	0.0	3.1312625250501003	3.1909522169338675	88.97	-78.17	0.4892597695390782	0.4892597695390782	11.27	0.0	288.0	290.47	657.7	133.51	0	1
PROTOTYPE	020790	04/16/18	02:28:50	0.4892597695390782	0.4892597695390782	11.24	0.0	3.1312625250501003	3.1821455410821646	92.18	-81.44	0.4892597695390782	0.4892597695390782	11.24	0.0	276.0	288.3	801.81	-156.52	0	1
PROTOTYPE	020791	04/16/18	02:28:51	0.4892597695390782	0.4892597695390782	11.22	0.0	3.2291144789579156	3.1889951778557117	94.3	-69.22	0.4892597695390782	0.4892597695390782	11.22	0.0	301.0	290.21	975.24	16.96	0	1
PROTOTYPE	020792	04/16/18	02:28:53	0.4892597695390782	0.4892597695390782	11.22	0.0	3.1312625250501003	3.1801885020040084	83.98	-58.84	0.4892597695390782	0.4892597695390782	11.22	0.0	281.0	288.82	993.87	-240.58	0	1
PROTOTYPE	020793	04/16/18	02:28:54	0.4892597695390782	0.4892597695390782	11.23	0.0	3.1312625250501003	3.173338865230461	75.22	-50.01	0.4892597695390782	0.4892597695390782	11.23	0.0	290.0	289.0	880.0	-354.5	0	1
PROTOTYPE	020794	04/16/18	02:28:56	0.4892597695390782	0.4892597695390782	11.24	0.0	3.1312625250501003	3.1664892284569137	67.8	-42.51	0.4892597695390782	0.4892597695390782	11.24	0.0	288.0	288.85	841.88	-316.32	0	1
PROTOTYPE	020795	04/16/18	02:28:57	0.4892597695390782	0.4892597695390782	11.22	0.0	3.1312625250501003	3.1615966307615233	61.52	-36.14	0.4892597695390782	0.4892597695390782	11.22	0.0	275.0	286.77	884.43	-358.87	0	1
PROTOTYPE	020796	04/16/18	02:28:58	0.4892597695390782	0.4892597695390782	11.21	0.0	3.1312625250501003	3.156704033066132	61.22	-45.72	0.4892597695390782	0.4892597695390782	11.21	0.0	288.0	286.96	848.29	-395.04	0	1
PROTOTYPE	020797	04/16/18	02:29:00	0.4892597695390782	0.4892597695390782	11.2	0.0	3.1312625250501003	3.1527899549098195	54.51	-38.86	0.4892597695390782	0.4892597695390782	11.2	0.0	278.0	285.61	939.02	-485.79	0	1
PROTOTYPE	020798	04/16/18	02:29:01	0.4892597695390782	0.4892597695390782	11.2	0.0	3.1312625250501003	3.149854396292585	48.85	-33.03	0.4892597695390782	0.4892597695390782	11.2	0.0	293.0	286.72	832.74	-157.92	0	1
PROTOTYPE	020799	04/16/18	02:29:03	0.4892597695390782	0.4892597695390782	11.2	0.0	3.1312625250501003	3.1469188376753503	44.69	-43.07	0.4892597695390782	0.4892597695390782	11.2	0.0	298.0	288.41	811.43	-179.23	0	1
PROTOTYPE	020800	04/16/18	02:29:04	0.4892597695390782	0.4892597695390782	11.22	0.0	3.1312625250501003	3.1449617985971945	38.5	-36.61	0.4892597695390782	0.4892597695390782	11.22	0.0	294.0	289.25	757.15	42.65	0	1
PROTOTYPE	020801	04/16/18	02:29:05	0.4892597695390782	0.4892597695390782	11.18	0.0	3.1312625250501003	3.143004759519038	33.3	-31.12	0.4892597695390782	0.4892597695390782	11.18	0.0	289.0	289.21	743.48	21.26	0	1
PROTOTYPE	020802	04/16/18	02:29:07	0.4892597695390782	0.4892597695390782	11.18	0.0	3.1312625250501003	3.1410477204408815	28.97	-26.45	0.4892597695390782	0.4892597695390782	11.18	0.0	303.0	291.28	935.2	243.07	0	1
PROTOTYPE	020803	04/16/18	02:29:08	0.4892597695390782	0.4892597695390782	11.18	0.0	3.1312625250501003	3.1390906813627253	25.38	-22.49	0.4892597695390782	0.4892597695390782	11.18	0.0	294.0	291.69	768.23	491.61	0	1
PROTOTYPE	020804	04/16/18	02:29:10	0.4892597695390782	0.4892597695390782	11.2	0.0	3.1312625250501003	3.138112161823647	22.44	-19.11	0.4892597695390782	0.4892597695390782	11.2	0.0	283.0	290.39	880.12	342.87	0	1
PROTOTYPE	020805	04/16/18	02:29:11	0.4892597695390782	0.4892597695390782	11.19	0.0	3.1312625250501003	3.1371336422845695	20.02	-16.25	0.4892597695390782	0.4892597695390782	11.19	0.0	295.0	291.08	814.98	546.44	0	1
PROTOTYPE	020806	04/16/18	02:29:12	0.4892597695390782	0.4892597695390782	11.21	0.0	3.1312625250501003	3.1361551227454907	18.07	-13.81	0.4892597695390782	0.4892597695390782	11.21	0.0	289.0	290.77	735.38	404.47	0	1
PROTOTYPE	020807	04/16/18	02:29:14	0.4892597695390782	0.4892597695390782	11.23	0.0	3.1312625250501003	3.135176603206413	16.51	-11.74	0.4892597695390782	0.4892597695390782	11.23	0.0	291.0	290.8	569.98	238.8	0	1
PROTOTYPE	020808	04/16/18	02:29:15	0.4892597695390782	0.4892597695390782	11.23	0.0	3.1312625250501003	3.135176603206413	15.27	-9.98	0.4892597695390782	0.4892597695390782	11.23	0.0	296.0	291.58	564.16	232.98	0	1
PROTOTYPE	020809	04/16/18	02:29:17	0.4892597695390782	0.4892597695390782	11.25	0.0	3.1312625250501003	3.134198083667335	14.3	-8.48	0.4892597695390782	0.4892597695390782	11.25	0.0	291.0	291.49	568.97	228.03	0	1
PROTOTYPE	020810	04/16/18	02:29:18	0.4892597695390782	0.4892597695390782	11.26	0.0	3.1312625250501003	3.134198083667335	13.55	-7.21	0.4892597695390782	0.4892597695390782	11.26	0.0	283.0	290.22	489.59	-106.17	0	1
PROTOTYPE	020811	04/16/18	02:29:19	0.5871117234468938	0.5039375626252506	24.92	15.0	3.1312625250501003	3.133219564128257	12.96	-6.13	0.4892597695390782	0.4892597695390782	11.26	0.0	288.0	289.89	482.12	-180.25	0	1
PROTOTYPE	020812	04/16/18	02:29:21	0.4892597695390782	0.5019805235470942	26.15	12.75	3.1312625250501003	3.133219564128257	12.5	-5.21	0.4892597695390782	0.4892597695390782	11.24	0.0	290.0	289.9	353.97	-48.21	0	1
PROTOTYPE	020813	04/16/18	02:29:22	0.4892597695390782	0.5000234844689379	27.14	10.84	3.1312625250501003	3.133219564128257	12.19	-4.43	0.4892597695390782	0.4892597695390782	11.26	0.0	297.0	290.97	391.2	-10.98	0	1
PROTOTYPE	020814	04/16/18	02:29:24	0.4892597695390782	0.4980664453907815	27.87	9.21	3.1312625250501003	3.132241044589178	11.93	-3.76	0.4892597695390782	0.4892597695390782	11.25	0.0	290.0	290.82	374.59	5.67	0	1
PROTOTYPE	020815	04/16/18	02:29:25	0.4892597695390782	0.4970879258517034	28.42	7.83	3.1312625250501003	3.132241044589178	11.73	-3.2	0.4892597695390782	0.4892597695390782	11.23	0.0	286.0	290.1	443.17	-70.18	0	1
PROTOTYPE	020816	04/16/18	02:29:26	0.4892597695390782	0.49610940631262535	28.85	6.66	3.1312625250501003	3.132241044589178	11.6	-2.72	0.4892597695390782	0.4892597695390782	11.24	0.0	293.0	290.53	408.71	-104.65	0	1
PROTOTYPE	020817	04/16/18	02:29:28	0.4892597695390782	0.49513088677354705	29.19	5.66	3.1312625250501003	3.132241044589178	11.52	-2.31	0.4892597695390782	0.4892597695390782	11.26	0.0	285.0	289.7	482.91	-178.96	0	1
PROTOTYPE	020818	04/16/18	02:29:29	0.4892597695390782	0.4941523672344689	29.43	4.81	3.1312625250501003	3.132241044589178	11.46	-1.96	0.4892597695390782	0.4892597695390782	11.27	0.0	285.0	289.0	426.07	-122.11	0	1
PROTOTYPE	020819	04/16/18	02:29:31	0.4892597695390782	0.49317384769539074	15.95	-10.91	3.1312625250501003	3.132241044589178	11.42	-1.67	0.4892597695390782	0.4892597695390782	11.28	0.0	282.0	287.95	497.74	-193.8	0	1
PROTOTYPE	020820	04/16/18	02:29:32	0.4892597695390782	0.4921953281563127	14.85	-9.28	3.1312625250501003	3.132241044589178	11.4	-1.42	0.4892597695390782	0.4892597695390782	11.3	0.0	292.0	288.56	556.32	-134.73	0	1
PROTOTYPE	020821	04/16/18	02:29:34	0.4892597695390782	0.4921953281563127	13.97	-7.88	3.1312625250501003	3.1312625250501003	11.36	-1.21	0.4892597695390782	0.4892597695390782	11.29	0.0	294.0	289.37	531.53	-159.52	0	1
PROTOTYPE	020822	04/16/18	02:29:35	0.4892597695390782	0.4921953281563127	13.3	-6.7	3.1312625250501003	3.1312625250501003	11.35	-1.03	0.4892597695390782	0.4892597695390782	11.3	0.0	299.0	290.82	661.35	-0.59	0	1
PROTOTYPE	020823	04/16/18	02:29:36	0.4892597695390782	0.4912168086172345	12.79	-5.7	3.1312625250501003	3.1312625250501003	11.35	-0.87	0.4892597695390782	0.4892597695390782	11.31	0.0	297.0	291.74	681.74	164.5	0	1
PROTOTYPE	020824	04/16/18	02:29:38	0.4892597695390782	0.4912168086172345	12.41	-4.84	3.1312625250501003	3.1312625250501003	11.34	-0.74	0.4892597695390782	0.4892597695390782	11.31	0.0	288.0	291.18	694.4	64.82	0	1
PROTOTYPE	020825	04/16/18	02:29:39	0.4892597695390782	0.4912168086172345	12.09	-4.12	3.1312625250501003	3.1312625250501003	11.3	-0.63	0.4892597695390782	0.4892597695390782	11.28	0.0	282.0	289.81	749.12	10.1	0	1
PROTOTYPE	020826	04/16/18	02:29:41	0.4892597695390782	0.49023828907815625	11.87	-3.5	3.1312625250501003	3.1312625250501003	11.29	-0.54	0.4892597695390782	0.4892597695390782	11.28	0.0	301.0	291.48	846.46	248.59	0	1
PROTOTYPE	020827	04/16/18	02:29:42	0.4892597695390782	0.49023828907815625	11.7	-2.97	3.1312625250501003	3.1312625250501003	11.28	-0.45	0.4892597695390782	0.4892597695390782	11.27	0.0	291.0	291.41	748.87	346.3	0	1
PROTOTYPE	020828	04/16/18	02:29:43	0.4892597695390782	0.49023828907815625	11.55	-2.53	3.1312625250501003	3.1312625250501003	11.25	-0.39	0.4892597695390782	0.4892597695390782	11.24	0.0	276.0	289.1	919.27	54.35	0	1
PROTOTYPE	020829	04/16/18	02:29:45	0.4892597695390782	0.49023828907815625	11.46	-2.15	3.1312625250501003	3.1312625250501003	11.23	-0.33	0.4892597695390782	0.4892597695390782	11.23	0.0	286.0	288.64	884.13	-73.8	0	1
PROTOTYPE	020830	04/16/18	02:29:46	0.4892597695390782	0.49023828907815625	11.4	-1.83	3.1312625250501003	3.1312625250501003	11.24	-0.28	0.4892597695390782	0.4892597695390782	11.24	0.0	289.0	288.69	745.38	-212.73	0	1
PROTOTYPE	020831	04/16/18	02:29:48	0.4892597695390782	0.49023828907815625	11.37	-1.55	3.1312625250501003	3.1312625250501003	11.25	-0.24	0.4892597695390782	0.4892597695390782	11.25	0.0	293.0	289.34	717.29	-240.82	0	1
PROTOTYPE	020832	04/16/18	02:29:49	0.4892597695390782	0.4892597695390782	11.32	-1.32	3.1312625250501003	3.1312625250501003	11.23	-0.2	0.4892597695390782	0.4892597695390782	11.23	0.0	283.0	288.39	756.16	-279.7	0	1
PROTOTYPE	020833	04/16/18	02:29:50	0.4892597695390782	0.4892597695390782	11.32	-1.12	3.1312625250501003	3.1312625250501003	11.26	-0.17	0.4892597695390782	0.4892597695390782	11.26	0.0	286.0	288.03	654.23	-177.74	0	1
PROTOTYPE	020834	04/16/18	02:29:52	0.4892597695390782	0.4892597695390782	11.28	-0.95	3.1312625250501003	3.1312625250501003	11.24	-0.15	0.4892597695390782	0.4892597695390782	11.24	0.0	289.0	288.17	500.95	-331.08	0	1
PROTOTYPE	020835	04/16/18	02:29:53	0.4892597695390782	0.4892597695390782	11.28	-0.81	3.1312625250501003	3.1312625250501003	11.25	-0.12	0.4892597695390782	0.4892597695390782	11.25	0.0	276.0	286.35	676.16	-506.42	0	1
PROTOTYPE	020836	04/16/18	02:29:55	0.4892597695390782	0.4892597695390782	11.3	-0.69	3.1312625250501003	3.1312625250501003	11.28	-0.11	0.4892597695390782	0.4892597695390782	11.28	0.0	291.0	287.05	514.78	-205.46	0	1
PROTOTYPE	020837	04/16/18	02:29:56	0.4892597695390782	0.4892597695390782	11.34	-0.59	3.1312625250501003	3.1312625250501003	11.32	-0.09	0.4892597695390782	0.4892597695390782	11.32	0.0	283.0	286.44	528.95	-219.64	0	1
PROTOTYPE	020838	04/16/18	02:29:57	0.4892597695390782	0.4892597695390782	11.3	-0.5	3.1312625250501003	3.1312625250501003	11.29	-0.08	0.4892597695390782	0.4892597695390782	11.29	0.0	276.0	284.87	679.89	-381.69	0	1
PROTOTYPE	020839	04/16/18	02:29:59	0.4892597695390782	0.4892597695390782	11.3	-0.42	3.1312625250501003	3.1312625250501003	11.29	-0.06	0.4892597695390782	0.4892597695390782	11.29	0.0	265.0	281.89	913.32	-744.44	0	1
PROTOTYPE	020840	04/16/18	02:30:00	0.4892597695390782	0.4892597695390782	11.31	-0.36	3.1312625250501003	3.1312625250501003	11.31	-0.06	0.4892597695390782	0.4892597695390782	11.31	0.0	282.0	281.91	820.42	-647.77	0	1
PROTOTYPE	020841	04/16/18	02:30:02	0.4892597695390782	0.4892597695390782	11.31	-0.31	3.1312625250501003	3.1312625250501003	11.31	-0.05	0.4892597695390782	0.4892597695390782	11.31	0.0	298.0	284.32	1025.98	-370.61	0	1
PROTOTYPE	020842	04/16/18	02:30:03	0.4892597695390782	0.4892597695390782	11.31	-0.26	3.1312625250501003	3.1312625250501003	11.31	-0.04	0.4892597695390782	0.4892597695390782	11.31	0.0	298.0	286.37	1216.51	-180.02	0	1
PROTOTYPE	020843	04/16/18	02:30:05	0.4892597695390782	0.4892597695390782	11.29	-0.22	3.1312625250501003	3.1312625250501003	11.29	-0.03	0.4892597695390782	0.4892597695390782	11.29	0.0	280.0	285.42	1129.51	-93.01	0	1
PROTOTYPE	020844	04/16/18	02:30:06	0.4892597695390782	0.4892597695390782	11.26	-0.19	3.1312625250501003	3.1312625250501003	11.26	-0.03	0.4892597695390782	0.4892597695390782	11.26	0.0	296.0	287.0	1218.45	-4.06	0	1
PROTOTYPE	020845	04/16/18	02:30:07	0.4892597695390782	0.4892597695390782	11.25	-0.16	3.1312625250501003	3.1312625250501003	11.25	-0.02	0.4892597695390782	0.4892597695390782	11.25	0.0	293.0	287.9	1247.69	146.55	0	1
PROTOTYPE	020846	04/16/18	02:30:09	0.4892597695390782	0.4892597695390782	11.27	-0.14	3.1312625250501003	3.1312625250501003	11.27	-0.02	0.4892597695390782	0.4892597695390782	11.27	0.0	296.0	289.12	1212.55	424.57	0	1
PROTOTYPE	020847	04/16/18	02:30:10	0.4892597695390782	0.4892597695390782	11.27	-0.12	3.1312625250501003	3.1312625250501003	11.27	-0.02	0.4892597695390782	0.4892597695390782	11.27	0.0	293.0	289.7	972.69	780.88	0	1
PROTOTYPE	020848	04/16/18	02:30:12	0.4892597695390782	0.4892597695390782	11.24	-0.1	3.1312625250501003	3.1312625250501003	11.24	-0.01	0.4892597695390782	0.4892597695390782	11.24	0.0	281.0	288.4	1101.05	648.75	0	1
PROTOTYPE	020849	04/16/18	02:30:13	0.4892597695390782	0.4892597695390782	11.21	-0.08	3.1312625250501003	3.1312625250501003	11.21	-0.01	0.4892597695390782	0.4892597695390782	11.21	0.0	285.0	287.89	910.63	356.44	0	1
PROTOTYPE	020850	04/16/18	02:30:14	0.4892597695390782	0.4892597695390782	11.2	-0.07	3.1312625250501003	3.1312625250501003	11.2	-0.01	0.4892597695390782	0.4892597695390782	11.2	0.0	292.0	288.5	767.17	212.97	0	1
PROTOTYPE	020851	04/16/18	02:30:16	0.4892597695390782	0.4892597695390782	11.23	-0.06	3.1312625250501003	3.1312625250501003	11.23	-0.01	0.4892597695390782	0.4892597695390782	11.23	0.0	290.0	288.73	694.05	331.03	0	1
PROTOTYPE	020852	04/16/18	02:30:17	0.4892597695390782	0.4892597695390782	11.25	-0.05	3.1312625250501003	3.1312625250501003	11.25	-0.01	0.4892597695390782	0.4892597695390782	11.25	0.0	296.0	289.82	644.4	281.37	0	1
PROTOTYPE	020853	04/16/18	02:30:19	0.4892597695390782	0.4892597695390782	11.23	-0.04	3.1312625250501003	3.1312625250501003	11.23	-0.01	0.4892597695390782	0.4892597695390782	11.23	0.0	288.0	289.55	581.78	164.17	0	1
PROTOTYPE	020854	04/16/18	02:30:20	0.4892597695390782	0.4892597695390782	11.22	-0.04	3.1312625250501003	3.1312625250501003	11.22	-0.01	0.4892597695390782	0.4892597695390782	11.22	0.0	301.0	291.26	632.15	214.54	0	1
PROTOTYPE	020855	04/16/18	02:30:21	0.4892597695390782	0.4892597695390782	11.22	-0.03	3.1312625250501003	3.1312625250501003	11.22	-0.0	0.4892597695390782	0.4892597695390782	11.22	0.0	287.0	290.62	637.89	92.36	0	1
PROTOTYPE	020856	04/16/18	02:30:23	0.4892597695390782	0.4892597695390782	11.25	-0.03	3.1312625250501003	3.1312625250501003	11.25	-0.0	0.4892597695390782	0.4892597695390782	11.25	0.0	288.0	290.23	546.76	183.51	0	1
PROTOTYPE	020857	04/16/18	02:30:24	0.4892597695390782	0.4892597695390782	11.28	-0.02	3.1312625250501003	3.1312625250501003	11.28	-0.0	0.4892597695390782	0.4892597695390782	11.28	0.0	302.0	292.0	672.35	410.98	0	1
PROTOTYPE	020858	04/16/18	02:30:26	0.4892597695390782	0.4892597695390782	11.29	-0.02	3.1312625250501003	3.1312625250501003	11.29	-0.0	0.4892597695390782	0.4892597695390782	11.29	0.0	293.0	292.15	625.75	364.33	0	1
PROTOTYPE	020859	04/16/18	02:30:27	0.4892597695390782	0.4892597695390782	11.28	-0.02	3.1312625250501003	3.1312625250501003	11.28	-0.0	0.4892597695390782	0.4892597695390782	11.28	0.0	285.0	291.07	710.47	234.68	0	1
PROTOTYPE	020860	04/16/18	02:30:28	0.4892597695390782	0.4892597695390782	11.27	-0.01	3.1312625250501003	3.1312625250501003	11.27	-0.0	0.4892597695390782	0.4892597695390782	11.27	0.0	268.0	287.61	947.5	-220.52	0	1
PROTOTYPE	020861	04/16/18	02:30:30	0.4892597695390782	0.4892597695390782	11.28	-0.01	3.1312625250501003	3.1312625250501003	11.28	-0.0	0.4892597695390782	0.4892597695390782	11.28	0.0	286.0	287.37	944.43	-217.44	0	1
PROTOTYPE	020862	04/16/18	02:30:31	0.4892597695390782	0.4892597695390782	11.29	-0.01	3.1312625250501003	3.1312625250501003	11.29	-0.0	0.4892597695390782	0.4892597695390782	11.29	0.0	300.0	289.27	962.05	-199.83	0	1
PROTOTYPE	020863	04/16/18	02:30:33	0.4892597695390782	0.4892597695390782	11.29	-0.01	3.1312625250501003	3.1312625250501003	11.29	-0.0	0.4892597695390782	0.4892597695390782	11.29	0.0	299.0	290.73	1044.09	10.15	0	1
PROTOTYPE	020864	04/16/18	02:30:34	0.4892597695390782	0.4892597695390782	11.27	-0.01	3.1312625250501003	3.1312625250501003	11.27	-0.0	0.4892597695390782	0.4892597695390782	11.27	0.0	290.0	290.62	1015.68	38.63	0	1
PROTOTYPE	020865	04/16/18	02:30:35	0.4892597695390782	0.4892597695390782	11.24	-0.01	3.1312625250501003	3.1312625250501003	11.24	-0.0	0.4892597695390782	0.4892597695390782	11.24	0.0	279.0	288.87	1013.39	-312.17	0	1
PROTOTYPE	020866	04/16/18	02:30:37	0.4892597695390782	0.4892597695390782	11.24	-0.01	3.1312625250501003	3.1312625250501003	11.24	-0.0	0.4892597695390782	0.4892597695390782	11.24	0.0	292.0	289.34	1045.17	-280.34	0	1
PROTOTYPE	020867	04/16/18	02:30:38	0.4892597695390782	0.4892597695390782	11.24	-0.0	3.1312625250501003	3.1312625250501003	11.24	-0.0	0.4892597695390782	0.4892597695390782	11.24	0.0	289.0	289.29	943.3	-178.29	0	1
PROTOTYPE	020868	04/16/18	02:30:40	0.4892597695390782	0.4892597695390782	11.23	-0.0	3.1312625250501003	3.1312625250501003	11.23	-0.0	0.4892597695390782	0.4892597695390782	11.23	0.0	292.0	289.7	637.83	208.45	0	1
PROTOTYPE	020869	04/16/18	02:30:41	0.4892597695390782	0.4892597695390782	11.22	-0.0	3.1312625250501003	3.1312625250501003	11.22	-0.0	0.4892597695390782	0.4892597695390782	11.22	0.0	294.0	290.34	678.13	297.18	0	1
PROTOTYPE	020870	04/16/18	02:30:42	0.4892597695390782	0.4892597695390782	11.2	-0.0	3.1312625250501003	3.1312625250501003	11.2	-0.0	0.4892597695390782	0.4892597695390782	11.2	0.0	292.0	290.59	513.58	132.61	0	1
PROTOTYPE	020871	04/16/18	02:30:44	0.4892597695390782	0.4892597695390782	11.19	-0.0	3.1312625250501003	3.1312625250501003	11.19	-0.0	0.4892597695390782	0.4892597695390782	11.19	0.0	286.0	289.9	436.45	-82.28	0	1
PROTOTYPE	020872	04/16/18	02:30:45	0.4892597695390782	0.4892597695390782	11.19	-0.0	3.1312625250501003	3.1312625250501003	11.19	-0.0	0.4892597695390782	0.4892597695390782	11.19	0.0	294.0	290.52	486.95	-9.94	0	1
PROTOTYPE	020873	04/16/18	02:30:47	0.4892597695390782	0.4892597695390782	11.19	-0.0	3.1312625250501003	3.1312625250501003	11.19	-0.0	0.4892597695390782	0.4892597695390782	11.19	0.0	290.0	290.44	320.57	156.55	0	1
PROTOTYPE	020874	04/16/18	02:30:48	0.4892597695390782	0.4892597695390782	11.19	-0.0	3.1312625250501003	3.1312625250501003	11.19	-0.0	0.4892597695390782	0.4892597695390782	11.19	0.0	293.0	290.82	312.1	148.07	0	1
PROTOTYPE	020875	04/16/18	02:30:49	0.4892597695390782	0.4892597695390782	11.17	-0.0	3.1312625250501003	3.1312625250501003	11.17	-0.0	0.4892597695390782	0.4892597695390782	11.17	0.0	302.0	292.5	474.4	320.86	0	1
PROTOTYPE	020876	04/16/18	02:30:51	0.4892597695390782	0.4892597695390782	11.17	-0.0	3.1312625250501003	3.1312625250501003	11.17	-0.0	0.4892597695390782	0.4892597695390782	11.17	0.0	299.0	293.48	531.26	377.73	0	1
PROTOTYPE	020877	04/16/18	02:30:52	0.4892597695390782	0.4892597695390782	11.17	-0.0	3.1312625250501003	3.1312625250501003	11.17	-0.0	0.4892597695390782	0.4892597695390782	11.17	0.0	295.0	293.7	489.63	336.07	0	1
PROTOTYPE	020878	04/16/18	02:30:54	0.4892597695390782	0.4892597695390782	11.19	-0.0	3.1312625250501003	3.1312625250501003	11.19	-0.0	0.4892597695390782	0.4892597695390782	11.19	0.0	296.0	294.05	499.21	345.66	0	1
PROTOTYPE	020879	04/16/18	02:30:55	0.4892597695390782	0.4892597695390782	11.19	-0.0	3.1312625250501003	3.1312625250501003	11.19	-0.0	0.4892597695390782	0.4892597695390782	11.19	0.0	292.0	293.74	461.07	383.81	0	1
PROTOTYPE	020880	04/16/18	02:30:56	0.4892597695390782	0.4892597695390782	11.19	-0.0	3.1312625250501003	3.1312625250501003	11.19	-0.0	0.4892597695390782	0.4892597695390782	11.19	0.0	291.0	293.33	440.75	281.24	0	1
PROTOTYPE	020881	04/16/18	02:30:58	0.4892597695390782	0.4892597695390782	11.21	-0.0	3.1312625250501003	3.1312625250501003	11.21	-0.0	0.4892597695390782	0.4892597695390782	11.21	0.0	275.0	290.58	707.81	14.05	0	1
PROTOTYPE	020882	04/16/18	02:30:59	0.4892597695390782	0.4892597695390782	11.21	-0.0	3.1312625250501003	3.1312625250501003	11.21	-0.0	0.4892597695390782	0.4892597695390782	11.21	0.0	287.0	290.04	723.11	-78.06	0	1
PROTOTYPE	020883	04/16/18	02:31:01	0.4892597695390782	0.4892597695390782	11.22	-0.0	3.1312625250501003	3.1312625250501003	11.22	-0.0	0.4892597695390782	0.4892597695390782	11.22	0.0	274.0	287.64	796.12	-486.35	0	1
PROTOTYPE	020884	04/16/18	02:31:02	0.4892597695390782	0.4892597695390782	11.25	-0.0	3.1312625250501003	3.1312625250501003	11.25	-0.0	0.4892597695390782	0.4892597695390782	11.25	0.0	287.0	287.54	708.27	-593.39	0	1
PROTOTYPE	020885	04/16/18	02:31:04	0.4892597695390782	0.4892597695390782	11.25	-0.0	3.1312625250501003	3.1312625250501003	11.25	-0.0	0.4892597695390782	0.4892597695390782	11.25	0.0	304.0	290.01	932.24	-369.39	0	1
PROTOTYPE	020886	04/16/18	02:31:05	0.4892597695390782	0.4892597695390782	11.27	-0.0	3.1312625250501003	3.1312625250501003	11.27	-0.0	0.4892597695390782	0.4892597695390782	11.27	0.0	292.0	290.31	927.66	-373.98	0	1
PROTOTYPE	020887	04/16/18	02:31:06	0.4892597695390782	0.4892597695390782	11.28	-0.0	3.1312625250501003	3.1312625250501003	11.28	-0.0	0.4892597695390782	0.4892597695390782	11.28	0.0	286.0	289.66	961.54	-407.88	0	1
PROTOTYPE	020888	04/16/18	02:31:08	0.4892597695390782	0.4892597695390782	11.28	-0.0	3.1312625250501003	3.1312625250501003	11.28	-0.0	0.4892597695390782	0.4892597695390782	11.28	0.0	296.0	290.61	1015.48	-271.7	0	1
PROTOTYPE	020889	04/16/18	02:31:09	0.4892597695390782	0.4892597695390782	11.27	-0.0	3.1312625250501003	3.1312625250501003	11.27	-0.0	0.4892597695390782	0.4892597695390782	11.27	0.0	290.0	290.52	749.83	-5.94	0	1
PROTOTYPE	020890	04/16/18	02:31:11	0.4892597695390782	0.4892597695390782	11.27	-0.0	3.1312625250501003	3.1312625250501003	11.27	-0.0	0.4892597695390782	0.4892597695390782	11.27	0.0	290.0	290.44	704.04	39.95	0	1
PROTOTYPE	020891	04/16/18	02:31:12	0.4892597695390782	0.4892597695390782	11.26	-0.0	3.1312625250501003	3.1312625250501003	11.26	-0.0	0.4892597695390782	0.4892597695390782	11.26	0.0	293.0	290.83	501.77	318.96	0	1
PROTOTYPE	020892	04/16/18	02:31:13	0.4892597695390782	0.4892597695390782	11.25	-0.0	3.1312625250501003	3.1312625250501003	11.25	-0.0	0.4892597695390782	0.4892597695390782	11.25	0.0	291.0	290.85	495.07	331.11	0	1
PROTOTYPE	020893	04/16/18	02:31:15	0.4892597695390782	0.4892597695390782	11.25	-0.0	3.2291144789579156	3.1459403181362724	24.91	15.0	0.4892597695390782	0.4892597695390782	11.25	0.0	281.0	289.37	395.98	-63.55	0	1
PROTOTYPE	020894	04/16/18	02:31:16	0.4892597695390782	0.4892597695390782	11.23	-0.0	3.1312625250501003	3.143983279058116	26.14	12.75	0.4892597695390782	0.4892597695390782	11.23	0.0	283.0	288.42	461.73	-189.02	0	1
PROTOTYPE	020895	04/16/18	02:31:18	0.4892597695390782	0.4892597695390782	11.22	-0.0	3.1312625250501003	3.14202623997996	27.1	10.84	0.4892597695390782	0.4892597695390782	11.22	0.0	284.0	287.76	463.37	-190.67	0	1
PROTOTYPE	020896	04/16/18	02:31:19	0.4892597695390782	0.4892597695390782	11.22	-0.0	3.1312625250501003	3.140069200901804	27.84	9.21	0.4892597695390782	0.4892597695390782	11.22	0.0	297.0	289.14	506.97	-147.07	0	1
PROTOTYPE	020897	04/16/18	02:31:20	0.4892597695390782	0.4892597695390782	11.25	-0.0	3.1312625250501003	3.1390906813627253	28.43	7.83	0.4892597695390782	0.4892597695390782	11.25	0.0	300.0	290.77	660.54	24.99	0	1
PROTOTYPE	020898	04/16/18	02:31:22	0.4892597695390782	0.4892597695390782	11.25	-0.0	3.1312625250501003	3.138112161823647	28.86	6.66	0.4892597695390782	0.4892597695390782	11.25	0.0	291.0	290.81	656.31	36.24	0	1
PROTOTYPE	020899	04/16/18	02:31:23	0.4892597695390782	0.4892597695390782	11.28	-0.0	3.1312625250501003	3.1371336422845695	29.2	5.66	0.4892597695390782	0.4892597695390782	11.28	0.0	298.0	291.88	725.86	105.81	0	1
PROTOTYPE	020900	04/16/18	02:31:25	0.4892597695390782	0.4892597695390782	11.27	-0.0	3.1312625250501003	3.1361551227454907	29.43	4.81	0.4892597695390782	0.4892597695390782	11.27	0.0	279.0	289.95	916.17	-90.06	0	1
PROTOTYPE	020901	04/16/18	02:31:26	0.4892597695390782	0.4892597695390782	11.26	-0.0	3.1312625250501003	3.135176603206413	15.93	-10.91	0.4892597695390782	0.4892597695390782	11.26	0.0	287.0	289.51	812.68	13.45	0	1
PROTOTYPE	020902	04/16/18	02:31:27	0.4892597695390782	0.4892597695390782	11.26	-0.0	3.1312625250501003	3.134198083667335	14.81	-9.28	0.4892597695390782	0.4892597695390782	11.26	0.0	283.0	288.53	814.69	11.43	0	1
PROTOTYPE	020903	04/16/18	02:31:29	0.4892597695390782	0.4892597695390782	11.26	-0.0	3.1312625250501003	3.134198083667335	13.94	-7.88	0.4892597695390782	0.4892597695390782	11.26	0.0	292.0	289.05	800.43	129.71	0	1
PROTOTYPE	020904	04/16/18	02:31:30	0.4892597695390782	0.4892597695390782	11.28	-0.0	3.1312625250501003	3.134198083667335	13.28	-6.7	0.4892597695390782	0.4892597695390782	11.28	0.0	281.0	287.84	782.56	-129.74	0	1
PROTOTYPE	020905	04/16/18	02:31:32	0.4892597695390782	0.4892597695390782	11.26	-0.0	3.1312625250501003	3.133219564128257	12.75	-5.7	0.4892597695390782	0.4892597695390782	11.26	0.0	289.0	288.02	637.07	-275.28	0	1
PROTOTYPE	020906	04/16/18	02:31:33	0.4892597695390782	0.4892597695390782	11.26	-0.0	3.1312625250501003	3.133219564128257	12.36	-4.84	0.4892597695390782	0.4892597695390782	11.26	0.0	288.0	288.02	634.79	-278.99	0	1
PROTOTYPE	020907	04/16/18	02:31:35	0.4892597695390782	0.4892597695390782	11.26	-0.0	3.1312625250501003	3.133219564128257	12.07	-4.12	0.4892597695390782	0.4892597695390782	11.26	0.0	277.0	286.36	692.1	-552.14	0	1
PROTOTYPE	020908	04/16/18	02:31:36	0.4892597695390782	0.4892597695390782	11.27	-0.0	3.2291144789579156	3.1469188376753503	25.27	11.5	0.4892597695390782	0.4892597695390782	11.27	0.0	306.0	289.31	793.38	-64.32	0	1
PROTOTYPE	020909	04/16/18	02:31:37	0.4892597695390782	0.4892597695390782	11.28	-0.0	3.1312625250501003	3.1449617985971945	26.52	9.78	0.4892597695390782	0.4892597695390782	11.28	0.0	300.0	290.91	909.46	140.33	0	1
PROTOTYPE	020910	04/16/18	02:31:39	0.4892597695390782	0.4892597695390782	11.27	-0.0	3.1312625250501003	3.143004759519038	27.49	8.31	0.4892597695390782	0.4892597695390782	11.27	0.0	290.0	290.78	825.57	224.28	0	1
PROTOTYPE	020911	04/16/18	02:31:40	0.4892597695390782	0.4892597695390782	11.28	-0.0	3.1312625250501003	3.1410477204408815	28.26	7.06	0.4892597695390782	0.4892597695390782	11.28	0.0	296.0	291.56	851.92	250.64	0	1
PROTOTYPE	020912	04/16/18	02:31:42	0.4892597695390782	0.4892597695390782	11.28	-0.0	3.1312625250501003	3.140069200901804	28.84	6.0	0.4892597695390782	0.4892597695390782	11.28	0.0	298.0	292.53	827.74	468.04	0	1
PROTOTYPE	020913	04/16/18	02:31:43	0.4892597695390782	0.4892597695390782	11.27	-0.0	3.1312625250501003	3.138112161823647	29.27	5.1	0.4892597695390782	0.4892597695390782	11.27	0.0	291.0	292.3	833.28	427.84	0	1
PROTOTYPE	020914	04/16/18	02:31:44	0.4892597695390782	0.4892597695390782	11.28	-0.0	3.1312625250501003	3.1371336422845695	29.62	4.34	0.4892597695390782	0.4892597695390782	11.28	0.0	300.0	293.45	947.41	543.66	0	1
PROTOTYPE	020915	04/16/18	02:31:46	0.4892597695390782	0.4892597695390782	11.28	-0.0	3.1312625250501003	3.1361551227454907	29.86	3.69	0.4892597695390782	0.4892597695390782	11.28	0.0	289.0	292.78	848.97	642.11	0	1
PROTOTYPE	020916	04/16/18	02:31:47	0.4892597695390782	0.4892597695390782	11.27	-0.0	3.1312625250501003	3.135176603206413	16.63	-11.87	0.4892597695390782	0.4892597695390782	11.27	0.0	282.0	291.17	716.18	185.79	0	1
PROTOTYPE	020917	04/16/18	02:31:49	0.4892597695390782	0.4892597695390782	11.27	-0.0	3.1312625250501003	3.135176603206413	15.36	-10.09	0.4892597695390782	0.4892597695390782	11.27	0.0	282.0	289.79	693.31	-112.07	0	1
PROTOTYPE	020918	04/16/18	02:31:50	0.4892597695390782	0.4892597695390782	11.26	-0.0	3.1312625250501003	3.134198083667335	14.36	-8.57	0.4892597695390782	0.4892597695390782	11.26	0.0	291.0	289.97	697.74	-80.26	0	1
PROTOTYPE	020919	04/16/18	02:31:51	0.4892597695390782	0.4892597695390782	11.24	-0.0	3.1312625250501003	3.134198083667335	13.57	-7.29	0.4892597695390782	0.4892597695390782	11.24	0.0	283.0	288.93	723.96	-263.22	0	1
PROTOTYPE	020920	04/16/18	02:31:53	0.4892597695390782	0.4892597695390782	11.21	-0.0	3.1312625250501003	3.133219564128257	12.95	-6.19	0.4892597695390782	0.4892597695390782	11.21	0.0	280.0	287.59	761.25	-493.74	0	1
PROTOTYPE	020921	04/16/18	02:31:54	0.4892597695390782	0.4892597695390782	11.22	-0.0	3.1312625250501003	3.133219564128257	12.51	-5.26	0.4892597695390782	0.4892597695390782	11.22	0.0	291.0	288.1	789.53	-419.68	0	1
PROTOTYPE	020922	04/16/18	02:31:56	0.4892597695390782	0.4892597695390782	11.22	-0.0	3.1312625250501003	3.133219564128257	12.17	-4.48	0.4892597695390782	0.4892597695390782	11.22	0.0	294.0	288.98	762.48	-446.73	0	1
PROTOTYPE	020923	04/16/18	02:31:57	0.4892597695390782	0.4892597695390782	11.2	-0.0	3.1312625250501003	3.132241044589178	11.9	-3.8	0.39140781563126253	0.4745819764529058	24.86	-15.0	277.0	287.19	875.46	-559.72	0	1
PROTOTYPE	020924	04/16/18	02:31:58	0.4892597695390782	0.4892597695390782	11.2	-0.0	3.1312625250501003	3.132241044589178	11.71	-3.23	0.4892597695390782	0.4765390155310621	26.11	-12.75	286.0	287.01	731.55	-415.76	0	1
PROTOTYPE	020925	04/16/18	02:32:00	0.4892597695390782	0.4892597695390782	11.2	-0.0	3.1312625250501003	3.132241044589178	11.57	-2.75	0.4892597695390782	0.47849605460921835	27.08	-10.84	280.0	285.96	699.19	-383.4	0	1
PROTOTYPE	020926	04/16/18	02:32:01	0.4892597695390782	0.4892597695390782	11.2	-0.0	3.1312625250501003	3.132241044589178	11.47	-2.34	0.4892597695390782	0.48045309368737477	27.83	-9.21	283.0	285.51	725.4	-445.89	0	1
PROTOTYPE	020927	04/16/18	02:32:03	0.4892597695390782	0.4892597695390782	11.22	-0.0	3.2291144789579156	3.1469188376753503	24.93	13.01	0.4892597695390782	0.48143161322645295	28.41	-7.83	296.0	287.09	778.09	-184.0	0	1
PROTOTYPE	020928	04/16/18	02:32:04	0.4892597695390782	0.4892597695390782	11.23	-0.0	3.2291144789579156	3.1586610721442887	36.2	26.06	0.4892597695390782	0.482410132765531	28.85	-6.66	293.0	287.97	732.89	38.6	0	1
PROTOTYPE	020929	04/16/18	02:32:05	0.4892597695390782	0.4892597695390782	11.21	-0.0	3.2291144789579156	3.1694247870741483	45.58	37.15	0.4892597695390782	0.48338865230460926	29.15	-5.66	295.0	289.03	787.09	92.81	0	1
PROTOTYPE	020930	04/16/18	02:32:07	0.4892597695390782	0.4892597695390782	11.21	-0.0	3.1312625250501003	3.1635536698396796	50.17	31.58	0.4892597695390782	0.48436717184368744	29.39	-4.81	293.0	289.62	758.17	63.89	0	1
PROTOTYPE	020931	04/16/18	02:32:08	0.4892597695390782	0.4892597695390782	11.22	-0.0	3.1312625250501003	3.1586610721442887	53.93	26.84	0.4892597695390782	0.4853456913827655	15.91	10.91	285.0	288.93	647.77	174.3	0	1
PROTOTYPE	020932	04/16/18	02:32:10	0.4892597695390782	0.4892597695390782	11.23	-0.0	3.2291144789579156	3.1694247870741483	63.37	37.82	0.4892597695390782	0.4863242109218437	14.8	9.28	279.0	287.44	778.86	43.16	0	1
PROTOTYPE	020933	04/16/18	02:32:11	0.4892597695390782	0.4892597695390782	11.24	-0.0	3.2291144789579156	3.1782314629258512	71.21	47.14	0.4892597695390782	0.4863242109218437	13.93	7.88	288.0	287.52	682.23	156.68	0	1
PROTOTYPE	020934	04/16/18	02:32:12	0.4892597695390782	0.4892597695390782	11.27	-0.0	3.2291144789579156	3.1860596192384776	77.71	55.07	0.4892597695390782	0.4863242109218437	13.28	6.7	288.0	287.6	645.11	208.18	0	1
PROTOTYPE	020935	04/16/18	02:32:14	0.4892597695390782	0.4892597695390782	11.26	-0.0	3.1312625250501003	3.1782314629258512	71.29	31.81	0.4892597695390782	0.48730273046092193	12.75	5.7	289.0	287.81	508.93	71.95	0	1
PROTOTYPE	020936	04/16/18	02:32:15	0.4892597695390782	0.4892597695390782	11.25	-0.0	3.1312625250501003	3.1704033066132262	65.84	12.04	0.4892597695390782	0.48730273046092193	12.35	4.84	286.0	287.54	447.35	-43.84	0	1
PROTOTYPE	020937	04/16/18	02:32:17	0.4892597695390782	0.4892597695390782	11.26	-0.0	3.2291144789579156	3.17920998246493	64.05	10.23	0.4892597695390782	0.48730273046092193	12.07	4.12	295.0	288.66	453.93	-37.26	0	1
PROTOTYPE	020938	04/16/18	02:32:18	0.4892597695390782	0.4892597695390782	11.25	-0.0	3.2291144789579156	3.187038138777555	65.74	23.7	0.4892597695390782	0.48828125	11.84	3.5	285.0	288.11	449.17	-151.67	0	1
PROTOTYPE	020939	04/16/18	02:32:19	0.4892597695390782	0.4892597695390782	11.24	-0.0	3.2291144789579156	3.1929092560120242	67.16	35.14	0.4892597695390782	0.48828125	11.67	2.97	297.0	289.44	513.21	51.08	0	1
PROTOTYPE	020940	04/16/18	02:32:21	0.4892597695390782	0.4892597695390782	11.24	-0.0	3.2291144789579156	3.1987803732464926	61.98	29.87	0.4892597695390782	0.48828125	11.55	2.53	292.0	289.82	402.66	238.42	0	1
PROTOTYPE	020941	04/16/18	02:32:22	0.4892597695390782	0.4892597695390782	11.22	-0.0	3.2291144789579156	3.203672970941884	57.59	25.39	0.4892597695390782	0.48828125	11.45	2.15	290.0	289.85	397.13	232.65	0	1
PROTOTYPE	020942	04/16/18	02:32:24	0.4892597695390782	0.4892597695390782	11.19	-0.0	3.2291144789579156	3.2075870490981964	53.89	21.58	0.4892597695390782	0.48828125	11.36	1.83	294.0	290.47	452.11	287.76	0	1
PROTOTYPE	020943	04/16/18	02:32:25	0.4892597695390782	0.4892597695390782	11.18	-0.0	3.2291144789579156	3.210522607715431	49.03	33.35	0.4892597695390782	0.48828125	11.3	1.55	286.0	289.8	498.11	199.59	0	1
PROTOTYPE	020944	04/16/18	02:32:26	0.4892597695390782	0.4892597695390782	11.18	-0.0	3.2291144789579156	3.2134581663326656	44.95	43.34	0.4892597695390782	0.4892597695390782	11.27	1.32	293.0	290.28	518.96	274.65	0	1
PROTOTYPE	020945	04/16/18	02:32:28	0.4892597695390782	0.4892597695390782	11.17	-0.0	3.2291144789579156	3.2154152054108214	38.7	36.84	0.4892597695390782	0.4892597695390782	11.23	1.12	285.0	289.49	486.23	83.46	0	1
PROTOTYPE	020946	04/16/18	02:32:29	0.4892597695390782	0.4892597695390782	11.16	-0.0	3.2291144789579156	3.2173722444889785	33.47	31.32	0.4892597695390782	0.4892597695390782	11.2	0.95	290.0	289.57	439.16	145.94	0	1
PROTOTYPE	020947	04/16/18	02:32:31	0.4892597695390782	0.4892597695390782	11.2	-0.0	3.2291144789579156	3.2193292835671343	29.14	26.62	0.4892597695390782	0.4892597695390782	11.23	0.81	300.0	291.13	462.27	169.05	0	1
PROTOTYPE	020948	04/16/18	02:32:32	0.4892597695390782	0.4892597695390782	11.19	-0.0	3.2291144789579156	3.2212863226452906	25.52	22.63	0.4892597695390782	0.4892597695390782	11.21	0.69	297.0	292.01	511.9	218.69	0	1
PROTOTYPE	020949	04/16/18	02:32:33	0.4892597695390782	0.4892597695390782	11.21	-0.0	3.2291144789579156	3.222264842184369	22.55	19.23	0.4892597695390782	0.4892597695390782	11.23	0.59	293.0	292.16	523.82	230.89	0	1
PROTOTYPE	020950	04/16/18	02:32:35	0.4892597695390782	0.4892597695390782	11.23	-0.0	3.2291144789579156	3.223243361723447	20.13	16.35	0.4892597695390782	0.4892597695390782	11.24	0.5	279.0	290.19	658.97	-28.75	0	1
PROTOTYPE	020951	04/16/18	02:32:36	0.4892597695390782	0.4892597695390782	11.26	-0.0	3.2291144789579156	3.224221881262525	18.17	13.89	0.4892597695390782	0.4892597695390782	11.27	0.42	301.0	291.81	754.08	200.57	0	1
PROTOTYPE	020952	04/16/18	02:32:38	0.4892597695390782	0.4892597695390782	11.28	-0.0	3.2291144789579156	3.2252004008016035	16.6	11.81	0.4892597695390782	0.4892597695390782	11.28	0.36	290.0	291.54	733.25	125.48	0	1
PROTOTYPE	020953	04/16/18	02:32:39	0.4892597695390782	0.4892597695390782	11.29	-0.0	3.2291144789579156	3.2252004008016035	15.35	10.04	0.4892597695390782	0.4892597695390782	11.29	0.31	297.0	292.36	735.96	286.66	0	1
PROTOTYPE	020954	04/16/18	02:32:41	0.4892597695390782	0.4892597695390782	11.29	-0.0	3.2291144789579156	3.226178920340681	14.36	8.53	0.4892597695390782	0.4892597695390782	11.29	0.26	283.0	290.95	868.54	138.66	0	1
PROTOTYPE	020955	04/16/18	02:32:42	0.4892597695390782	0.4892597695390782	11.25	-0.0	3.2291144789579156	3.226178920340681	13.56	7.25	0.4892597695390782	0.4892597695390782	11.25	0.22	292.0	291.11	727.79	-2.14	0	1
PROTOTYPE	020956	04/16/18	02:32:43	0.4892597695390782	0.4892597695390782	11.27	-0.0	3.2291144789579156	3.2271574398797593	12.99	6.17	0.4892597695390782	0.4892597695390782	11.27	0.19	289.0	290.79	671.43	-121.82	0	1
PROTOTYPE	020957	04/16/18	02:32:45	0.4892597695390782	0.4892597695390782	11.27	-0.0	3.2291144789579156	3.2271574398797593	12.54	5.24	0.4892597695390782	0.4892597695390782	11.27	0.16	291.0	290.82	659.94	-133.55	0	1
PROTOTYPE	020958	04/16/18	02:32:46	0.4892597695390782	0.4892597695390782	11.27	-0.0	3.2291144789579156	3.2271574398797593	12.21	4.45	0.4892597695390782	0.4892597695390782	11.27	0.14	281.0	289.35	609.91	-83.51	0	1
PROTOTYPE	020959	04/16/18	02:32:48	0.4892597695390782	0.4892597695390782	11.27	-0.0	3.2291144789579156	3.228135959418838	11.96	3.79	0.4892597695390782	0.4892597695390782	11.27	0.12	291.0	289.6	472.48	-220.99	0	1
PROTOTYPE	020960	04/16/18	02:32:49	0.4892597695390782	0.4892597695390782	11.26	-0.0	3.2291144789579156	3.228135959418838	11.76	3.22	0.4892597695390782	0.4892597695390782	11.26	0.1	291.0	289.81	466.39	-172.84	0	1
PROTOTYPE	020961	04/16/18	02:32:50	0.4892597695390782	0.4892597695390782	11.26	-0.0	3.2291144789579156	3.228135959418838	11.63	2.74	0.4892597695390782	0.4892597695390782	11.26	0.08	287.0	289.39	426.58	-296.91	0	1
PROTOTYPE	020962	04/16/18	02:32:52	0.4892597695390782	0.4892597695390782	11.28	-0.0	3.2291144789579156	3.228135959418838	11.55	2.33	0.4892597695390782	0.4892597695390782	11.28	0.07	296.0	290.38	385.43	-57.38	0	1
PROTOTYPE	020963	04/16/18	02:32:53	0.4892597695390782	0.4892597695390782	11.3	-0.0	3.2291144789579156	3.228135959418838	11.49	1.98	0.4892597695390782	0.4892597695390782	11.3	0.06	297.0	291.37	468.99	26.23	0	1
PROTOTYPE	020964	04/16/18	02:32:55	0.4892597695390782	0.4892597695390782	11.29	-0.0	3.2291144789579156	3.228135959418838	11.43	1.68	0.4892597695390782	0.4892597695390782	11.29	0.05	294.0	291.77	476.75	97.3	0	1
PROTOTYPE	020965	04/16/18	02:32:56	0.4892597695390782	0.4892597695390782	11.28	-0.0	3.1312625250501003	3.2134581663326656	24.95	-13.57	0.4892597695390782	0.4892597695390782	11.28	0.04	284.0	290.6	589.85	-22.3	0	1
PROTOTYPE	020966	04/16/18	02:32:57	0.4892597695390782	0.4892597695390782	11.27	-0.0	3.2291144789579156	3.2163937249498997	26.22	-11.54	0.4892597695390782	0.4892597695390782	11.27	0.04	295.0	291.26	508.47	191.05	0	1
