Dev_id	Index	Date	Time	Sensor1	Sensor1_Filter	Sensor1_LL	Sensor1_Diff	Sensor2	Sensor2_Filter	Sensor2_LL	Sensor2_Diff	Sensor3	Sensor3_Filter	Sensor3_LL	Sensor3_Diff	Sensor4	Sensor4_Filter	Sensor4_LL	Sensor4_Diff	Heater_Status	FSM_Status
PROTOTYPE	025167	04/16/18	04:11:41	0.4892597695390782	0.4892597695390782	11.3	0.0	3.2291144789579156	3.2291144789579156	11.3	0.0	0.4892597695390782	0.4892597695390782	11.3	0.0	292.0	292.67	172.49	9.68	0	1
PROTOTYPE	025168	04/16/18	04:11:42	0.4892597695390782	0.4892597695390782	11.3	0.0	3.2291144789579156	3.2291144789579156	11.3	0.0	0.4892597695390782	0.4892597695390782	11.3	0.0	286.0	291.67	191.02	-171.77	0	1
PROTOTYPE	025169	04/16/18	04:11:43	0.4892597695390782	0.4892597695390782	11.3	0.0	3.2291144789579156	3.2291144789579156	11.3	0.0	0.4892597695390782	0.4892597695390782	11.3	0.0	293.0	291.87	201.73	-161.0	0	1
PROTOTYPE	025170	04/16/18	04:11:45	0.4892597695390782	0.4892597695390782	11.31	0.0	3.2291144789579156	3.2291144789579156	11.31	0.0	0.4892597695390782	0.4892597695390782	11.31	0.0	302.0	293.39	346.46	-1.85	0	1
PROTOTYPE	025171	04/16/18	04:11:46	0.4892597695390782	0.4892597695390782	11.31	0.0	3.2291144789579156	3.2291144789579156	11.31	0.0	0.4892597695390782	0.4892597695390782	11.31	0.0	278.0	291.08	571.02	-226.58	0	1
PROTOTYPE	025172	04/16/18	04:11:48	0.4892597695390782	0.4892597695390782	11.32	0.0	3.2291144789579156	3.2291144789579156	11.32	0.0	0.4892597695390782	0.4892597695390782	11.32	0.0	281.0	289.57	716.85	-372.59	0	1
PROTOTYPE	025173	04/16/18	04:11:49	0.4892597695390782	0.4892597695390782	11.3	0.0	3.2291144789579156	3.2291144789579156	11.3	0.0	0.4892597695390782	0.4892597695390782	11.3	0.0	292.0	289.93	733.94	-316.7	0	1
PROTOTYPE	025174	04/16/18	04:11:50	0.4892597695390782	0.4892597695390782	11.29	0.0	3.2291144789579156	3.2291144789579156	11.29	0.0	0.4892597695390782	0.4892597695390782	11.29	0.0	286.0	289.34	761.42	-344.2	0	1
PROTOTYPE	025175	04/16/18	04:11:52	0.4892597695390782	0.4892597695390782	11.29	0.0	3.2291144789579156	3.2291144789579156	11.29	0.0	0.4892597695390782	0.4892597695390782	11.29	0.0	282.0	288.24	859.71	-442.57	0	1
PROTOTYPE	025176	04/16/18	04:11:53	0.4892597695390782	0.4892597695390782	11.27	0.0	3.2291144789579156	3.2291144789579156	11.27	0.0	0.4892597695390782	0.4892597695390782	11.27	0.0	287.0	288.05	778.37	-361.18	0	1
PROTOTYPE	025177	04/16/18	04:11:55	0.4892597695390782	0.4892597695390782	11.28	0.0	3.2291144789579156	3.2291144789579156	11.28	0.0	0.4892597695390782	0.4892597695390782	11.28	0.0	286.0	287.75	789.16	-412.0	0	1
PROTOTYPE	025178	04/16/18	04:11:56	0.4892597695390782	0.4892597695390782	11.25	0.0	3.3269664328657313	3.243792272044088	24.92	15.0	0.4892597695390782	0.4892597695390782	11.25	0.0	283.0	287.03	708.36	-635.2	0	1
PROTOTYPE	025179	04/16/18	04:11:58	0.4892597695390782	0.4892597695390782	11.25	0.0	3.2291144789579156	3.2418352329659323	26.17	12.75	0.4892597695390782	0.4892597695390782	11.25	0.0	289.0	287.33	507.08	-374.92	0	1
PROTOTYPE	025180	04/16/18	04:11:59	0.4892597695390782	0.4892597695390782	11.23	0.0	3.2291144789579156	3.2398781938877756	27.12	10.84	0.4892597695390782	0.4892597695390782	11.23	0.0	306.0	290.13	635.96	56.32	0	1
PROTOTYPE	025181	04/16/18	04:12:00	0.4892597695390782	0.4892597695390782	11.24	0.0	3.2291144789579156	3.2379211548096194	27.87	9.21	0.4892597695390782	0.4892597695390782	11.24	0.0	295.0	290.86	672.5	92.87	0	1
PROTOTYPE	025182	04/16/18	04:12:02	0.4892597695390782	0.4892597695390782	11.25	0.0	3.2291144789579156	3.236942635270541	28.44	7.83	0.4892597695390782	0.4892597695390782	11.25	0.0	287.0	290.28	671.43	93.94	0	1
PROTOTYPE	025183	04/16/18	04:12:03	0.4892597695390782	0.4892597695390782	11.25	0.0	3.2291144789579156	3.235964115731463	28.87	6.66	0.4892597695390782	0.4892597695390782	11.25	0.0	294.0	290.84	617.09	259.85	0	1
PROTOTYPE	025184	04/16/18	04:12:05	0.4892597695390782	0.4892597695390782	11.26	0.0	3.3269664328657313	3.2496633892785574	41.55	20.66	0.4892597695390782	0.4892597695390782	11.26	0.0	298.0	291.91	705.85	385.87	0	1
PROTOTYPE	025185	04/16/18	04:12:06	0.4892597695390782	0.4892597695390782	11.27	0.0	3.3269664328657313	3.261405623747495	52.11	32.56	0.4892597695390782	0.4892597695390782	11.27	0.0	286.0	291.03	763.71	327.99	0	1
PROTOTYPE	025186	04/16/18	04:12:07	0.4892597695390782	0.4892597695390782	11.28	0.0	3.2291144789579156	3.2565130260521045	42.13	12.67	0.4892597695390782	0.4892597695390782	11.28	0.0	304.0	292.97	887.11	593.79	0	1
PROTOTYPE	025187	04/16/18	04:12:09	0.4892597695390782	0.4892597695390782	11.29	0.0	3.2291144789579156	3.252598947895792	43.86	10.77	0.4892597695390782	0.4892597695390782	11.29	0.0	287.0	292.08	947.19	474.72	0	1
PROTOTYPE	025188	04/16/18	04:12:10	0.4892597695390782	0.4892597695390782	11.31	0.0	3.2291144789579156	3.248684869739479	45.3	9.16	0.4892597695390782	0.4892597695390782	11.31	0.0	284.0	290.87	788.28	73.51	0	1
PROTOTYPE	025189	04/16/18	04:12:12	0.4892597695390782	0.4892597695390782	11.3	0.0	3.3269664328657313	3.2604271042084165	55.22	22.78	0.4892597695390782	0.4892597695390782	11.3	0.0	293.0	291.19	747.27	32.49	0	1
PROTOTYPE	025190	04/16/18	04:12:13	0.4892597695390782	0.4892597695390782	11.32	0.0	3.3269664328657313	3.2702122995991987	63.56	34.37	0.4892597695390782	0.4892597695390782	11.32	0.0	290.0	291.01	707.18	72.61	0	1
PROTOTYPE	025191	04/16/18	04:12:14	0.4892597695390782	0.4892597695390782	11.29	0.0	3.3269664328657313	3.2790189754509016	70.49	44.21	0.4892597695390782	0.4892597695390782	11.29	0.0	301.0	292.51	801.28	166.72	0	1
PROTOTYPE	025192	04/16/18	04:12:16	0.4892597695390782	0.4892597695390782	11.3	0.0	3.3269664328657313	3.2858686122244487	63.93	37.58	0.4892597695390782	0.4892597695390782	11.3	0.0	288.0	291.83	761.47	-8.29	0	1
PROTOTYPE	025193	04/16/18	04:12:17	0.4892597695390782	0.4892597695390782	11.27	0.0	3.2291144789579156	3.2780404559118237	60.79	16.94	0.4892597695390782	0.4892597695390782	11.27	0.0	288.0	291.26	730.23	22.96	0	1
PROTOTYPE	025194	04/16/18	04:12:19	0.4892597695390782	0.4892597695390782	11.26	0.0	3.3269664328657313	3.284890092685371	63.41	29.4	0.4892597695390782	0.4892597695390782	11.26	0.0	284.0	290.17	644.47	-280.49	0	1
PROTOTYPE	025195	04/16/18	04:12:20	0.4892597695390782	0.4892597695390782	11.24	0.0	3.2291144789579156	3.277061936372746	67.69	24.99	0.4892597695390782	0.4892597695390782	11.24	0.0	277.0	288.19	752.39	-388.41	0	1
PROTOTYPE	025196	04/16/18	04:12:21	0.4892597695390782	0.4892597695390782	11.21	0.0	3.3269664328657313	3.283911573146293	71.74	36.24	0.4892597695390782	0.4892597695390782	11.21	0.0	301.0	290.11	823.35	-75.15	0	1
PROTOTYPE	025197	04/16/18	04:12:23	0.4892597695390782	0.4892597695390782	11.23	0.0	3.3269664328657313	3.29076120991984	66.37	30.81	0.4892597695390782	0.4892597695390782	11.23	0.0	299.0	291.45	924.6	26.12	0	1
PROTOTYPE	025198	04/16/18	04:12:24	0.4892597695390782	0.4892597695390782	11.22	0.0	3.2291144789579156	3.2809760145290583	65.6	11.19	0.4892597695390782	0.4892597695390782	11.22	0.0	285.0	290.48	1003.47	-52.8	0	1
PROTOTYPE	025199	04/16/18	04:12:26	0.4892597695390782	0.4892597695390782	11.23	0.0	3.2291144789579156	3.2731478582164333	64.95	-5.49	0.4892597695390782	0.4892597695390782	11.23	0.0	291.0	290.56	861.51	-194.88	0	1
PROTOTYPE	025200	04/16/18	04:12:27	0.4892597695390782	0.4892597695390782	11.21	0.0	3.3269664328657313	3.281954534068136	65.75	-4.67	0.4892597695390782	0.4892597695390782	11.21	0.0	292.0	290.77	815.58	-105.65	0	1
PROTOTYPE	025201	04/16/18	04:12:28	0.4892597695390782	0.4892597695390782	11.21	0.0	3.3269664328657313	3.2888041708416833	64.01	11.03	0.4892597695390782	0.4892597695390782	11.21	0.0	296.0	291.56	836.51	30.2	0	1
PROTOTYPE	025202	04/16/18	04:12:30	0.4892597695390782	0.4892597695390782	11.21	0.0	3.3269664328657313	3.293696768537074	62.39	9.38	0.4892597695390782	0.4892597695390782	11.21	0.0	284.0	290.42	841.04	25.67	0	1
PROTOTYPE	025203	04/16/18	04:12:31	0.4892597695390782	0.4892597695390782	11.2	0.0	3.2291144789579156	3.283911573146293	63.78	7.97	0.4892597695390782	0.4892597695390782	11.2	0.0	286.0	289.76	709.9	156.82	0	1
PROTOTYPE	025204	04/16/18	04:12:33	0.4892597695390782	0.4892597695390782	11.22	0.0	3.3269664328657313	3.29076120991984	62.61	6.77	0.4892597695390782	0.4892597695390782	11.22	0.0	284.0	288.9	604.2	-121.7	0	1
PROTOTYPE	025205	04/16/18	04:12:34	0.4892597695390782	0.4892597695390782	11.23	0.0	3.3269664328657313	3.2966323271543088	61.62	5.76	0.4892597695390782	0.4892597695390782	11.23	0.0	294.0	289.66	547.46	-178.45	0	1
PROTOTYPE	025206	04/16/18	04:12:36	0.4892597695390782	0.4892597695390782	11.23	0.0	3.3269664328657313	3.300546405310621	57.02	19.89	0.4892597695390782	0.4892597695390782	11.23	0.0	292.0	290.01	485.85	-46.68	0	1
PROTOTYPE	025207	04/16/18	04:12:37	0.4892597695390782	0.4892597695390782	11.24	0.0	3.3269664328657313	3.304460483466934	53.14	31.91	0.4892597695390782	0.4892597695390782	11.24	0.0	289.0	289.86	493.18	-69.68	0	1
PROTOTYPE	025208	04/16/18	04:12:38	0.4892597695390782	0.4892597695390782	11.26	0.0	3.3269664328657313	3.3083745616232467	48.52	27.12	0.4892597695390782	0.4892597695390782	11.26	0.0	280.0	288.38	619.42	-239.23	0	1
PROTOTYPE	025209	04/16/18	04:12:40	0.4892597695390782	0.4892597695390782	11.26	0.0	3.3269664328657313	3.3113101202404813	44.63	23.06	0.4892597695390782	0.4892597695390782	11.26	0.0	293.0	289.07	610.3	-248.34	0	1
PROTOTYPE	025210	04/16/18	04:12:41	0.4892597695390782	0.4892597695390782	11.28	0.0	3.3269664328657313	3.313267159318637	41.39	19.6	0.4892597695390782	0.4892597695390782	11.28	0.0	280.0	287.71	633.05	-271.09	0	1
PROTOTYPE	025211	04/16/18	04:12:43	0.4892597695390782	0.4892597695390782	11.29	0.0	3.3269664328657313	3.315224198396794	33.84	31.66	0.4892597695390782	0.4892597695390782	11.29	0.0	279.0	286.41	697.38	-335.43	0	1
PROTOTYPE	025212	04/16/18	04:12:44	0.4892597695390782	0.4892597695390782	11.27	0.0	3.3269664328657313	3.3171812374749496	29.42	26.91	0.4892597695390782	0.4892597695390782	11.27	0.0	285.0	286.2	632.1	-270.11	0	1
PROTOTYPE	025213	04/16/18	04:12:45	0.4892597695390782	0.4892597695390782	11.26	0.0	3.3269664328657313	3.3181597570140275	25.77	22.87	0.4892597695390782	0.4892597695390782	11.26	0.0	290.0	286.77	612.62	-289.6	0	1
PROTOTYPE	025214	04/16/18	04:12:47	0.4892597695390782	0.4892597695390782	11.26	0.0	3.3269664328657313	3.3201167960921842	22.75	19.44	0.4892597695390782	0.4892597695390782	11.26	0.0	289.0	287.1	611.06	-291.16	0	1
PROTOTYPE	025215	04/16/18	04:12:48	0.4892597695390782	0.4892597695390782	11.27	0.0	3.3269664328657313	3.321095315631262	20.29	16.53	0.4892597695390782	0.4892597695390782	11.27	0.0	290.0	287.54	639.31	-232.48	0	1
PROTOTYPE	025216	04/16/18	04:12:50	0.4892597695390782	0.4892597695390782	11.26	0.0	3.3269664328657313	3.322073835170341	18.29	14.05	0.4892597695390782	0.4892597695390782	11.26	0.0	280.0	286.41	604.44	-197.61	0	1
PROTOTYPE	025217	04/16/18	04:12:51	0.4892597695390782	0.4892597695390782	11.27	0.0	3.3269664328657313	3.323052354709419	16.69	11.94	0.4892597695390782	0.4892597695390782	11.27	0.0	291.0	287.09	604.08	-197.97	0	1
PROTOTYPE	025218	04/16/18	04:12:52	0.4892597695390782	0.4892597695390782	11.27	0.0	3.3269664328657313	3.323052354709419	15.41	10.15	0.4892597695390782	0.4892597695390782	11.27	0.0	288.0	287.23	481.61	-48.27	0	1
PROTOTYPE	025219	04/16/18	04:12:54	0.4892597695390782	0.4892597695390782	11.27	0.0	3.3269664328657313	3.3240308742484967	14.41	8.63	0.4892597695390782	0.4892597695390782	11.27	0.0	293.0	288.1	437.46	168.97	0	1
PROTOTYPE	025220	04/16/18	04:12:55	0.4892597695390782	0.4892597695390782	11.29	0.0	3.3269664328657313	3.3240308742484967	13.64	7.33	0.4892597695390782	0.4892597695390782	11.29	0.0	287.0	287.93	432.82	173.62	0	1
PROTOTYPE	025221	04/16/18	04:12:57	0.4892597695390782	0.4892597695390782	11.28	0.0	3.3269664328657313	3.325009393787575	13.03	6.23	0.4892597695390782	0.4892597695390782	11.28	0.0	296.0	289.14	496.76	237.58	0	1
PROTOTYPE	025222	04/16/18	04:12:58	0.4892597695390782	0.4892597695390782	11.29	0.0	3.3269664328657313	3.325009393787575	12.59	5.3	0.4892597695390782	0.4892597695390782	11.29	0.0	279.0	287.62	615.36	51.94	0	1
PROTOTYPE	025223	04/16/18	04:12:59	0.4892597695390782	0.4892597695390782	11.27	0.0	3.3269664328657313	3.325009393787575	12.23	4.5	0.4892597695390782	0.4892597695390782	11.27	0.0	296.0	288.88	697.55	134.15	0	1
PROTOTYPE	025224	04/16/18	04:13:01	0.4892597695390782	0.4892597695390782	11.28	0.0	3.3269664328657313	3.3259879133266534	11.98	3.83	0.4892597695390782	0.4892597695390782	11.28	0.0	295.0	289.8	676.35	339.03	0	1
PROTOTYPE	025225	04/16/18	04:13:02	0.4892597695390782	0.4892597695390782	11.27	0.0	3.3269664328657313	3.3259879133266534	11.78	3.25	0.4892597695390782	0.4892597695390782	11.27	0.0	299.0	291.18	745.49	408.17	0	1
PROTOTYPE	025226	04/16/18	04:13:04	0.4892597695390782	0.4892597695390782	11.28	0.0	3.3269664328657313	3.3259879133266534	11.65	2.77	0.4892597695390782	0.4892597695390782	11.28	0.0	291.0	291.15	734.84	391.95	0	1
PROTOTYPE	025227	04/16/18	04:13:05	0.4892597695390782	0.4892597695390782	11.3	0.0	3.3269664328657313	3.3259879133266534	11.57	2.35	0.4892597695390782	0.4892597695390782	11.3	0.0	284.0	290.08	755.55	198.16	0	1
PROTOTYPE	025228	04/16/18	04:13:07	0.4892597695390782	0.4892597695390782	11.31	0.0	3.3269664328657313	3.3259879133266534	11.51	2.0	0.4892597695390782	0.4892597695390782	11.31	0.0	291.0	290.22	752.96	228.43	0	1
PROTOTYPE	025229	04/16/18	04:13:08	0.4892597695390782	0.4892597695390782	11.31	0.0	3.3269664328657313	3.3259879133266534	11.45	1.7	0.4892597695390782	0.4892597695390782	11.31	0.0	290.0	290.18	635.46	104.17	0	1
PROTOTYPE	025230	04/16/18	04:13:09	0.4892597695390782	0.4892597695390782	11.29	0.0	3.2291144789579156	3.3113101202404813	24.96	-13.56	0.4892597695390782	0.4892597695390782	11.29	0.0	296.0	291.06	570.58	343.54	0	1
PROTOTYPE	025231	04/16/18	04:13:11	0.4892597695390782	0.4892597695390782	11.3	0.0	3.3269664328657313	3.314245678857715	26.25	-11.52	0.4892597695390782	0.4892597695390782	11.3	0.0	288.0	290.6	490.74	172.01	0	1
PROTOTYPE	025232	04/16/18	04:13:12	0.4892597695390782	0.4892597695390782	11.3	0.0	3.3269664328657313	3.3162027179358717	27.25	-9.79	0.4892597695390782	0.4892597695390782	11.3	0.0	284.0	289.61	497.87	-18.79	0	1
PROTOTYPE	025233	04/16/18	04:13:14	0.4892597695390782	0.4892597695390782	11.32	0.0	3.2291144789579156	3.302503444388778	39.22	-23.33	0.4892597695390782	0.4892597695390782	11.32	0.0	285.0	288.92	428.93	-225.97	0	1
PROTOTYPE	025234	04/16/18	04:13:15	0.4892597695390782	0.4892597695390782	11.3	0.0	3.3269664328657313	3.30641752254509	41.73	-19.83	0.4892597695390782	0.4892597695390782	11.3	0.0	294.0	289.68	502.19	-147.08	0	1
PROTOTYPE	025235	04/16/18	04:13:16	0.4892597695390782	0.4892597695390782	11.3	0.0	3.3269664328657313	3.3093530811623246	43.74	-16.85	0.4892597695390782	0.4892597695390782	11.3	0.0	296.0	290.63	489.75	54.99	0	1
PROTOTYPE	025236	04/16/18	04:13:18	0.4892597695390782	0.4892597695390782	11.3	0.0	3.3269664328657313	3.3122886397795592	45.33	-14.32	0.4892597695390782	0.4892597695390782	11.3	0.0	294.0	291.13	526.45	91.74	0	1
PROTOTYPE	025237	04/16/18	04:13:19	0.4892597695390782	0.4892597695390782	11.31	0.0	3.3269664328657313	3.314245678857715	46.58	-12.18	0.4892597695390782	0.4892597695390782	11.31	0.0	290.0	290.96	539.98	77.98	0	1
PROTOTYPE	025238	04/16/18	04:13:21	0.4892597695390782	0.4892597695390782	11.32	0.0	3.3269664328657313	3.3162027179358717	34.0	4.65	0.4892597695390782	0.4892597695390782	11.32	0.0	293.0	291.27	483.3	21.28	0	1
PROTOTYPE	025239	04/16/18	04:13:22	0.4892597695390782	0.4892597695390782	11.31	0.0	3.3269664328657313	3.3181597570140275	33.42	3.95	0.4892597695390782	0.4892597695390782	11.31	0.0	296.0	291.98	508.42	138.09	0	1
PROTOTYPE	025240	04/16/18	04:13:24	0.4892597695390782	0.4892597695390782	11.32	0.0	3.3269664328657313	3.3191382765531063	32.98	3.36	0.4892597695390782	0.4892597695390782	11.32	0.0	294.0	292.28	439.81	267.37	0	1
PROTOTYPE	025241	04/16/18	04:13:25	0.4892597695390782	0.4892597695390782	11.3	0.0	3.3269664328657313	3.3201167960921842	21.42	17.86	0.4892597695390782	0.4892597695390782	11.3	0.0	282.0	290.74	524.91	182.27	0	1
PROTOTYPE	025242	04/16/18	04:13:26	0.4892597695390782	0.4892597695390782	11.31	0.0	3.3269664328657313	3.321095315631262	19.21	15.18	0.4892597695390782	0.4892597695390782	11.31	0.0	293.0	291.08	482.58	139.93	0	1
PROTOTYPE	025243	04/16/18	04:13:28	0.4892597695390782	0.4892597695390782	11.29	0.0	3.3269664328657313	3.322073835170341	17.41	12.9	0.4892597695390782	0.4892597695390782	11.29	0.0	288.0	290.62	433.96	-1.06	0	1
PROTOTYPE	025244	04/16/18	04:13:29	0.4892597695390782	0.4892597695390782	11.26	0.0	3.3269664328657313	3.323052354709419	15.97	10.97	0.4892597695390782	0.4892597695390782	11.26	0.0	296.0	291.42	464.11	29.1	0	1
PROTOTYPE	025245	04/16/18	04:13:31	0.4892597695390782	0.4892597695390782	11.25	0.0	3.3269664328657313	3.3240308742484967	14.83	9.32	0.4892597695390782	0.4892597695390782	11.25	0.0	287.0	290.76	513.43	-20.27	0	1
PROTOTYPE	025246	04/16/18	04:13:32	0.4892597695390782	0.4892597695390782	11.24	0.0	3.3269664328657313	3.3240308742484967	13.95	7.92	0.4892597695390782	0.4892597695390782	11.24	0.0	295.0	291.4	546.45	12.77	0	1
PROTOTYPE	025247	04/16/18	04:13:33	0.4892597695390782	0.4892597695390782	11.26	0.0	3.3269664328657313	3.3240308742484967	13.28	6.73	0.4892597695390782	0.4892597695390782	11.26	0.0	289.0	291.04	511.45	-94.14	0	1
PROTOTYPE	025248	04/16/18	04:13:35	0.4892597695390782	0.4892597695390782	11.25	0.0	3.3269664328657313	3.325009393787575	12.76	5.72	0.4892597695390782	0.4892597695390782	11.25	0.0	294.0	291.48	525.56	-80.02	0	1
PROTOTYPE	025249	04/16/18	04:13:36	0.4892597695390782	0.4892597695390782	11.27	0.0	3.3269664328657313	3.325009393787575	12.38	4.87	0.4892597695390782	0.4892597695390782	11.27	0.0	298.0	292.46	469.11	171.98	0	1
PROTOTYPE	025250	04/16/18	04:13:38	0.4892597695390782	0.4892597695390782	11.29	0.0	3.3269664328657313	3.325009393787575	12.11	4.14	0.4892597695390782	0.4892597695390782	11.29	0.0	287.0	291.64	517.08	56.18	0	1
PROTOTYPE	025251	04/16/18	04:13:39	0.4892597695390782	0.4892597695390782	11.31	0.0	3.3269664328657313	3.3259879133266534	11.91	3.52	0.4892597695390782	0.4892597695390782	11.31	0.0	291.0	291.54	480.59	92.76	0	1
PROTOTYPE	025252	04/16/18	04:13:40	0.4892597695390782	0.4892597695390782	11.33	0.0	3.3269664328657313	3.3259879133266534	11.76	2.99	0.4892597695390782	0.4892597695390782	11.33	0.0	279.0	289.66	588.0	-176.16	0	1
PROTOTYPE	025253	04/16/18	04:13:42	0.4892597695390782	0.4892597695390782	11.32	0.0	3.3269664328657313	3.3259879133266534	11.64	2.54	0.4892597695390782	0.4892597695390782	11.32	0.0	289.0	289.56	531.66	-119.73	0	1
PROTOTYPE	025254	04/16/18	04:13:43	0.4892597695390782	0.4892597695390782	11.33	0.0	3.3269664328657313	3.3259879133266534	11.56	2.16	0.4892597695390782	0.4892597695390782	11.33	0.0	283.0	288.58	566.51	-281.77	0	1
PROTOTYPE	025255	04/16/18	04:13:45	0.4892597695390782	0.4892597695390782	11.31	0.0	3.3269664328657313	3.3259879133266534	11.47	1.84	0.4892597695390782	0.4892597695390782	11.31	0.0	291.0	288.94	566.88	-209.51	0	1
PROTOTYPE	025256	04/16/18	04:13:46	0.4892597695390782	0.4892597695390782	11.3	0.0	3.3269664328657313	3.3259879133266534	11.42	1.56	0.4892597695390782	0.4892597695390782	11.3	0.0	290.0	289.1	538.34	-238.08	0	1
PROTOTYPE	025257	04/16/18	04:13:48	0.4892597695390782	0.4892597695390782	11.3	0.0	3.3269664328657313	3.3269664328657313	11.39	1.33	0.4892597695390782	0.4892597695390782	11.3	0.0	291.0	289.39	469.08	-307.37	0	1
PROTOTYPE	025258	04/16/18	04:13:49	0.4892597695390782	0.4892597695390782	11.28	0.0	3.3269664328657313	3.3269664328657313	11.34	1.13	0.4892597695390782	0.4892597695390782	11.28	0.0	295.0	290.23	471.41	-141.26	0	1
PROTOTYPE	025259	04/16/18	04:13:50	0.4892597695390782	0.4892597695390782	11.28	0.0	3.3269664328657313	3.3269664328657313	11.32	0.96	0.4892597695390782	0.4892597695390782	11.28	0.0	284.0	289.29	555.13	-225.07	0	1
PROTOTYPE	025260	04/16/18	04:13:52	0.4892597695390782	0.4892597695390782	11.27	0.0	3.3269664328657313	3.3269664328657313	11.3	0.81	0.4892597695390782	0.4892597695390782	11.27	0.0	294.0	290.0	437.57	33.69	0	1
PROTOTYPE	025261	04/16/18	04:13:53	0.4892597695390782	0.4892597695390782	11.28	0.0	3.3269664328657313	3.3269664328657313	11.3	0.69	0.4892597695390782	0.4892597695390782	11.28	0.0	293.0	290.45	472.56	88.63	0	1
PROTOTYPE	025262	04/16/18	04:13:55	0.4892597695390782	0.4892597695390782	11.29	0.0	3.3269664328657313	3.3269664328657313	11.31	0.59	0.4892597695390782	0.4892597695390782	11.29	0.0	285.0	289.63	455.85	105.34	0	1
PROTOTYPE	025263	04/16/18	04:13:56	0.4892597695390782	0.4892597695390782	11.31	0.0	3.3269664328657313	3.3269664328657313	11.32	0.5	0.4892597695390782	0.4892597695390782	11.31	0.0	290.0	289.69	425.21	74.54	0	1
PROTOTYPE	025264	04/16/18	04:13:57	0.4892597695390782	0.4892597695390782	11.31	0.0	3.3269664328657313	3.3269664328657313	11.32	0.43	0.4892597695390782	0.4892597695390782	11.31	0.0	286.0	289.13	464.6	3.36	0	1
PROTOTYPE	025265	04/16/18	04:13:59	0.4892597695390782	0.4892597695390782	11.31	0.0	3.3269664328657313	3.3269664328657313	11.31	0.36	0.4892597695390782	0.4892597695390782	11.31	0.0	289.0	289.11	438.54	-27.15	0	1
PROTOTYPE	025266	04/16/18	04:14:00	0.4892597695390782	0.4892597695390782	11.37	0.0	3.3269664328657313	3.3269664328657313	11.37	0.31	0.4892597695390782	0.4892597695390782	11.37	0.0	299.0	290.6	502.61	36.93	0	1
PROTOTYPE	025267	04/16/18	04:14:02	0.4892597695390782	0.4892597695390782	11.36	0.0	3.3269664328657313	3.3269664328657313	11.36	0.26	0.4892597695390782	0.4892597695390782	11.36	0.0	292.0	290.81	430.27	151.39	0	1
PROTOTYPE	025268	04/16/18	04:14:03	0.4892597695390782	0.4892597695390782	11.37	0.0	3.3269664328657313	3.3269664328657313	11.37	0.22	0.4892597695390782	0.4892597695390782	11.37	0.0	285.0	289.94	446.79	-6.32	0	1
PROTOTYPE	025269	04/16/18	04:14:05	0.4892597695390782	0.4892597695390782	11.35	0.0	3.3269664328657313	3.3269664328657313	11.35	0.19	0.4892597695390782	0.4892597695390782	11.35	0.0	299.0	291.3	537.72	84.63	0	1
PROTOTYPE	025270	04/16/18	04:14:06	0.4892597695390782	0.4892597695390782	11.32	0.0	3.3269664328657313	3.3269664328657313	11.32	0.16	0.4892597695390782	0.4892597695390782	11.32	0.0	287.0	290.65	520.42	101.93	0	1
PROTOTYPE	025271	04/16/18	04:14:07	0.4892597695390782	0.4892597695390782	11.32	0.0	3.3269664328657313	3.3269664328657313	11.32	0.14	0.4892597695390782	0.4892597695390782	11.32	0.0	302.0	292.35	684.95	266.64	0	1
PROTOTYPE	025272	04/16/18	04:14:09	0.4892597695390782	0.4892597695390782	11.31	0.0	3.3269664328657313	3.3269664328657313	11.31	0.12	0.4892597695390782	0.4892597695390782	11.31	0.0	298.0	293.2	714.33	406.65	0	1
PROTOTYPE	025273	04/16/18	04:14:10	0.4892597695390782	0.4892597695390782	11.29	0.0	3.3269664328657313	3.3269664328657313	11.29	0.1	0.4892597695390782	0.4892597695390782	11.29	0.0	294.0	293.32	723.94	420.65	0	1
PROTOTYPE	025274	04/16/18	04:14:12	0.4892597695390782	0.4892597695390782	11.21	0.0	3.3269664328657313	3.3269664328657313	11.21	0.08	0.4892597695390782	0.4892597695390782	11.21	0.0	288.0	292.52	655.46	192.55	0	1
PROTOTYPE	025275	04/16/18	04:14:13	0.4892597695390782	0.4892597695390782	11.19	0.0	3.3269664328657313	3.3269664328657313	11.19	0.07	0.4892597695390782	0.4892597695390782	11.19	0.0	282.0	290.94	792.21	13.67	0	1
PROTOTYPE	025276	04/16/18	04:14:14	0.4892597695390782	0.4892597695390782	11.19	0.0	3.3269664328657313	3.3269664328657313	11.19	0.06	0.4892597695390782	0.4892597695390782	11.19	0.0	292.0	291.1	720.99	116.62	0	1
PROTOTYPE	025277	04/16/18	04:14:16	0.4892597695390782	0.4892597695390782	11.21	0.0	3.3269664328657313	3.3269664328657313	11.21	0.05	0.4892597695390782	0.4892597695390782	11.21	0.0	285.0	290.19	676.58	-110.87	0	1
PROTOTYPE	025278	04/16/18	04:14:17	0.4892597695390782	0.4892597695390782	11.22	0.0	3.3269664328657313	3.3269664328657313	11.22	0.04	0.4892597695390782	0.4892597695390782	11.22	0.0	288.0	289.86	644.96	-79.24	0	1
PROTOTYPE	025279	04/16/18	04:14:19	0.4892597695390782	0.4892597695390782	11.2	0.0	3.3269664328657313	3.3269664328657313	11.2	0.04	0.4892597695390782	0.4892597695390782	11.2	0.0	289.0	289.73	487.69	-262.36	0	1
PROTOTYPE	025280	04/16/18	04:14:20	0.4892597695390782	0.4892597695390782	11.21	0.0	3.3269664328657313	3.3269664328657313	11.21	0.03	0.4892597695390782	0.4892597695390782	11.21	0.0	296.0	290.67	497.04	-253.0	0	1
PROTOTYPE	025281	04/16/18	04:14:21	0.4892597695390782	0.4892597695390782	11.22	0.0	3.3269664328657313	3.3269664328657313	11.22	0.03	0.4892597695390782	0.4892597695390782	11.22	0.0	290.0	290.57	495.13	-275.05	0	1
PROTOTYPE	025282	04/16/18	04:14:23	0.4892597695390782	0.4892597695390782	11.25	0.0	3.3269664328657313	3.3269664328657313	11.25	0.02	0.4892597695390782	0.4892597695390782	11.25	0.0	289.0	290.33	438.9	-218.79	0	1
PROTOTYPE	025283	04/16/18	04:14:24	0.4892597695390782	0.4892597695390782	11.26	0.0	3.3269664328657313	3.3269664328657313	11.26	0.02	0.4892597695390782	0.4892597695390782	11.26	0.0	291.0	290.43	291.14	-50.98	0	1
PROTOTYPE	025284	04/16/18	04:14:26	0.4892597695390782	0.4892597695390782	11.26	0.0	3.3269664328657313	3.3269664328657313	11.26	0.02	0.4892597695390782	0.4892597695390782	11.26	0.0	286.0	289.77	341.77	-133.33	0	1
PROTOTYPE	025285	04/16/18	04:14:27	0.4892597695390782	0.4892597695390782	11.26	0.0	3.424818386773547	3.341644225951904	24.91	15.01	0.4892597695390782	0.4892597695390782	11.26	0.0	302.0	291.6	433.69	141.67	0	1
PROTOTYPE	025286	04/16/18	04:14:28	0.4892597695390782	0.4892597695390782	11.27	0.0	3.424818386773547	3.35436497995992	36.34	27.76	0.4892597695390782	0.4892597695390782	11.27	0.0	299.0	292.71	511.8	285.42	0	1
PROTOTYPE	025287	04/16/18	04:14:30	0.4892597695390782	0.4892597695390782	11.28	0.0	3.3269664328657313	3.3504509018036077	39.34	23.6	0.4892597695390782	0.4892597695390782	11.28	0.0	287.0	291.86	584.55	212.61	0	1
PROTOTYPE	025288	04/16/18	04:14:31	0.4892597695390782	0.4892597695390782	11.28	0.0	3.424818386773547	3.3612146167334673	49.48	35.06	0.4892597695390782	0.4892597695390782	11.28	0.0	297.0	292.63	567.66	195.72	0	1
PROTOTYPE	025289	04/16/18	04:14:33	0.4892597695390782	0.4892597695390782	11.26	0.0	3.424818386773547	3.3709998121242486	57.91	44.8	0.4892597695390782	0.4892597695390782	11.26	0.0	300.0	293.73	668.09	316.36	0	1
PROTOTYPE	025290	04/16/18	04:14:34	0.4892597695390782	0.4892597695390782	11.26	0.0	3.424818386773547	3.378827968436874	64.89	53.08	0.4892597695390782	0.4892597695390782	11.26	0.0	290.0	293.17	700.52	283.9	0	1
PROTOTYPE	025291	04/16/18	04:14:35	0.4892597695390782	0.4892597695390782	11.28	0.0	3.424818386773547	3.3856776052104207	70.67	60.12	0.4892597695390782	0.4892597695390782	11.28	0.0	302.0	294.5	822.85	406.32	0	1
PROTOTYPE	025292	04/16/18	04:14:37	0.4892597695390782	0.4892597695390782	11.28	0.0	3.3269664328657313	3.376870929358717	78.39	51.1	0.4892597695390782	0.4892597695390782	11.28	0.0	295.0	294.57	763.98	480.37	0	1
PROTOTYPE	025293	04/16/18	04:14:38	0.4892597695390782	0.4892597695390782	11.28	0.0	3.424818386773547	3.3837205661322645	70.79	43.43	0.4892597695390782	0.4892597695390782	11.28	0.0	287.0	293.44	694.12	183.32	0	1
PROTOTYPE	025294	04/16/18	04:14:40	0.4892597695390782	0.4892597695390782	11.26	0.0	3.3269664328657313	3.3758924098196395	66.84	21.92	0.4892597695390782	0.4892597695390782	11.26	0.0	295.0	293.67	606.65	95.82	0	1
PROTOTYPE	025295	04/16/18	04:14:41	0.4892597695390782	0.4892597695390782	11.26	0.0	3.424818386773547	3.382742046593186	70.13	33.63	0.4892597695390782	0.4892597695390782	11.26	0.0	284.0	292.22	666.02	36.45	0	1
PROTOTYPE	025296	04/16/18	04:14:42	0.4892597695390782	0.4892597695390782	11.26	0.0	3.3269664328657313	3.3749138902805615	67.27	13.59	0.4892597695390782	0.4892597695390782	11.26	0.0	291.0	292.04	607.22	-59.02	0	1
PROTOTYPE	025297	04/16/18	04:14:44	0.4892597695390782	0.4892597695390782	11.29	0.0	3.424818386773547	3.3817635270541087	65.27	11.55	0.4892597695390782	0.4892597695390782	11.29	0.0	294.0	292.33	526.1	-140.17	0	1
PROTOTYPE	025298	04/16/18	04:14:45	0.4892597695390782	0.4892597695390782	11.28	0.0	3.424818386773547	3.3886131638276553	63.56	9.82	0.4892597695390782	0.4892597695390782	11.28	0.0	293.0	292.43	480.19	-74.14	0	1
PROTOTYPE	025299	04/16/18	04:14:47	0.4892597695390782	0.4892597695390782	11.26	0.0	3.3269664328657313	3.378827968436874	65.92	-6.66	0.4892597695390782	0.4892597695390782	11.26	0.0	285.0	291.32	459.28	-318.02	0	1
PROTOTYPE	025300	04/16/18	04:14:48	0.4892597695390782	0.4892597695390782	11.26	0.0	3.3269664328657313	3.3709998121242486	64.93	-5.66	0.4892597695390782	0.4892597695390782	11.26	0.0	279.0	289.47	636.38	-510.32	0	1
PROTOTYPE	025301	04/16/18	04:14:50	0.4892597695390782	0.4892597695390782	11.25	0.0	3.3269664328657313	3.3651286948897794	64.42	-19.81	0.4892597695390782	0.4892597695390782	11.25	0.0	290.0	289.55	530.85	-388.77	0	1
PROTOTYPE	025302	04/16/18	04:14:51	0.4892597695390782	0.4892597695390782	11.28	0.0	3.424818386773547	3.3739353707414823	64.86	-1.84	0.4892597695390782	0.4892597695390782	11.28	0.0	283.0	288.57	605.62	-510.45	0	1
PROTOTYPE	025303	04/16/18	04:14:52	0.4892597695390782	0.4892597695390782	11.29	0.0	3.424818386773547	3.3817635270541087	65.14	-1.56	0.4892597695390782	0.4892597695390782	11.29	0.0	286.0	288.18	499.07	-403.89	0	1
PROTOTYPE	025304	04/16/18	04:14:54	0.4892597695390782	0.4892597695390782	11.29	0.0	3.3269664328657313	3.372956851202405	64.9	-1.33	0.4892597695390782	0.4892597695390782	11.29	0.0	297.0	289.5	612.98	-253.3	0	1
PROTOTYPE	025305	04/16/18	04:14:55	0.4892597695390782	0.4892597695390782	11.26	0.0	3.3269664328657313	3.3661072144288577	64.3	-16.13	0.4892597695390782	0.4892597695390782	11.26	0.0	287.0	289.13	621.11	-320.31	0	1
PROTOTYPE	025306	04/16/18	04:14:57	0.4892597695390782	0.4892597695390782	11.27	0.0	3.3269664328657313	3.360236097194389	63.8	-28.71	0.4892597695390782	0.4892597695390782	11.27	0.0	299.0	290.61	759.06	-182.26	0	1
PROTOTYPE	025307	04/16/18	04:14:58	0.4892597695390782	0.4892597695390782	11.29	0.0	3.424818386773547	3.3700212925851702	64.24	-9.4	0.4892597695390782	0.4892597695390782	11.29	0.0	277.0	288.57	851.72	-274.92	0	1
PROTOTYPE	025308	04/16/18	04:14:59	0.4892597695390782	0.4892597695390782	11.3	0.0	3.424818386773547	3.377849448897796	64.61	7.01	0.4892597695390782	0.4892597695390782	11.3	0.0	303.0	290.73	883.43	126.32	0	1
PROTOTYPE	025309	04/16/18	04:15:01	0.4892597695390782	0.4892597695390782	11.31	0.0	3.424818386773547	3.3856776052104207	64.92	20.96	0.4892597695390782	0.4892597695390782	11.31	0.0	288.0	290.32	916.38	77.37	0	1
PROTOTYPE	025310	04/16/18	04:15:02	0.4892597695390782	0.4892597695390782	11.31	0.0	3.424818386773547	3.3915487224448895	61.83	17.81	0.4892597695390782	0.4892597695390782	11.31	0.0	285.0	289.52	897.98	95.76	0	1
PROTOTYPE	025311	04/16/18	04:15:04	0.4892597695390782	0.4892597695390782	11.3	0.0	3.424818386773547	3.3964413201402803	59.22	15.14	0.4892597695390782	0.4892597695390782	11.3	0.0	287.0	289.15	897.35	96.4	0	1
PROTOTYPE	025312	04/16/18	04:15:05	0.4892597695390782	0.4892597695390782	11.3	0.0	3.3269664328657313	3.3856776052104207	61.47	12.87	0.4892597695390782	0.4892597695390782	11.3	0.0	283.0	288.22	857.27	-128.06	0	1
PROTOTYPE	025313	04/16/18	04:15:06	0.4892597695390782	0.4892597695390782	11.31	0.0	3.424818386773547	3.3915487224448895	60.37	25.94	0.4892597695390782	0.4892597695390782	11.31	0.0	292.0	288.79	876.33	-33.85	0	1
PROTOTYPE	025314	04/16/18	04:15:08	0.4892597695390782	0.4892597695390782	11.29	0.0	3.424818386773547	3.3964413201402803	59.44	37.05	0.4892597695390782	0.4892597695390782	11.29	0.0	293.0	289.42	791.42	-118.77	0	1
PROTOTYPE	025315	04/16/18	04:15:09	0.4892597695390782	0.4892597695390782	11.27	0.0	3.424818386773547	3.401333917835671	54.01	31.49	0.4892597695390782	0.4892597695390782	11.27	0.0	280.0	288.01	728.6	-55.96	0	1
PROTOTYPE	025316	04/16/18	04:15:11	0.4892597695390782	0.4892597695390782	11.25	0.0	3.3269664328657313	3.3895916833667337	56.91	11.77	0.4892597695390782	0.4892597695390782	11.25	0.0	281.0	286.96	617.26	-377.56	0	1
PROTOTYPE	025317	04/16/18	04:15:12	0.4892597695390782	0.4892597695390782	11.26	0.0	3.424818386773547	3.395462800601203	55.19	10.0	0.4892597695390782	0.4892597695390782	11.26	0.0	293.0	287.86	666.89	-245.93	0	1
PROTOTYPE	025318	04/16/18	04:15:14	0.4892597695390782	0.4892597695390782	11.26	0.0	3.424818386773547	3.399376878757515	53.75	8.5	0.4892597695390782	0.4892597695390782	11.26	0.0	294.0	288.78	679.09	-74.04	0	1
PROTOTYPE	025319	04/16/18	04:15:15	0.4892597695390782	0.4892597695390782	11.25	0.0	3.424818386773547	3.403290956913828	52.53	7.23	0.4892597695390782	0.4892597695390782	11.25	0.0	299.0	290.32	794.44	117.07	0	1
PROTOTYPE	025320	04/16/18	04:15:16	0.4892597695390782	0.4892597695390782	11.26	0.0	3.424818386773547	3.4062265155310625	45.4	21.14	0.4892597695390782	0.4892597695390782	11.26	0.0	287.0	289.82	752.01	159.51	0	1
PROTOTYPE	025321	04/16/18	04:15:18	0.4892597695390782	0.4892597695390782	11.28	0.0	3.424818386773547	3.409162074148297	42.41	17.97	0.4892597695390782	0.4892597695390782	11.28	0.0	292.0	290.15	728.1	135.58	0	1
PROTOTYPE	025322	04/16/18	04:15:19	0.4892597695390782	0.4892597695390782	11.28	0.0	3.424818386773547	3.412097632765531	39.9	15.28	0.4892597695390782	0.4892597695390782	11.28	0.0	285.0	289.37	742.14	-4.76	0	1
PROTOTYPE	025323	04/16/18	04:15:21	0.4892597695390782	0.4892597695390782	11.29	0.0	3.424818386773547	3.4140546718436875	37.83	12.98	0.4892597695390782	0.4892597695390782	11.29	0.0	288.0	289.17	621.47	115.96	0	1
PROTOTYPE	025324	04/16/18	04:15:22	0.4892597695390782	0.4892597695390782	11.31	0.0	3.3269664328657313	3.4003553982965933	39.77	11.04	0.4892597695390782	0.4892597695390782	11.31	0.0	300.0	290.79	678.82	383.56	0	1
PROTOTYPE	025325	04/16/18	04:15:23	0.4892597695390782	0.4892597695390782	11.29	0.0	3.424818386773547	3.404269476452906	38.19	9.38	0.4892597695390782	0.4892597695390782	11.29	0.0	291.0	290.82	591.57	296.03	0	1
PROTOTYPE	025326	04/16/18	04:15:25	0.4892597695390782	0.4892597695390782	11.29	0.0	3.424818386773547	3.4072050350701404	36.87	7.97	0.4892597695390782	0.4892597695390782	11.29	0.0	290.0	290.7	511.96	191.62	0	1
PROTOTYPE	025327	04/16/18	04:15:26	0.4892597695390782	0.4892597695390782	11.33	0.0	3.424818386773547	3.410140593687375	35.79	6.78	0.4892597695390782	0.4892597695390782	11.33	0.0	296.0	291.5	438.22	117.88	0	1
PROTOTYPE	025328	04/16/18	04:15:28	0.4892597695390782	0.4892597695390782	11.32	0.0	3.424818386773547	3.412097632765531	34.88	5.76	0.4892597695390782	0.4892597695390782	11.32	0.0	287.0	290.82	455.9	100.2	0	1
PROTOTYPE	025329	04/16/18	04:15:29	0.4892597695390782	0.4892597695390782	11.31	0.0	3.3269664328657313	3.399376878757515	44.87	-10.1	0.4892597695390782	0.4892597695390782	11.31	0.0	268.0	287.4	765.47	-274.83	0	1
PROTOTYPE	025330	04/16/18	04:15:30	0.4892597695390782	0.4892597695390782	11.32	0.0	3.3269664328657313	3.3886131638276553	53.3	-23.59	0.4892597695390782	0.4892597695390782	11.32	0.0	290.0	287.79	727.32	-158.61	0	1
PROTOTYPE	025331	04/16/18	04:15:32	0.4892597695390782	0.4892597695390782	11.32	0.0	3.424818386773547	3.393505761523046	56.57	-20.05	0.4892597695390782	0.4892597695390782	11.32	0.0	286.0	287.52	733.52	-164.82	0	1
PROTOTYPE	025332	04/16/18	04:15:33	0.4892597695390782	0.4892597695390782	11.3	0.0	3.424818386773547	3.3983983592184366	48.15	-2.04	0.4892597695390782	0.4892597695390782	11.3	0.0	290.0	287.89	608.26	-290.09	0	1
PROTOTYPE	025333	04/16/18	04:15:35	0.4892597695390782	0.4892597695390782	11.31	0.0	3.424818386773547	3.4023124373747495	48.44	-1.74	0.4892597695390782	0.4892597695390782	11.31	0.0	296.0	289.11	726.48	-171.58	0	1
PROTOTYPE	025334	04/16/18	04:15:36	0.4892597695390782	0.4892597695390782	11.29	0.0	3.424818386773547	3.4062265155310625	48.67	-1.48	0.4892597695390782	0.4892597695390782	11.29	0.0	287.0	288.79	745.7	-190.84	0	1
PROTOTYPE	025335	04/16/18	04:15:38	0.4892597695390782	0.4892597695390782	11.24	0.0	3.3269664328657313	3.394484281062124	57.8	-16.25	0.4892597695390782	0.4892597695390782	11.24	0.0	290.0	288.97	684.36	-252.22	0	1
PROTOTYPE	025336	04/16/18	04:15:39	0.4892597695390782	0.4892597695390782	11.25	0.0	3.424818386773547	3.3983983592184366	60.05	-13.82	0.4892597695390782	0.4892597695390782	11.25	0.0	281.0	287.78	736.52	-304.38	0	1
PROTOTYPE	025337	04/16/18	04:15:40	0.4892597695390782	0.4892597695390782	11.26	0.0	3.424818386773547	3.4023124373747495	51.17	3.26	0.4892597695390782	0.4892597695390782	11.26	0.0	290.0	288.11	427.58	71.27	0	1
PROTOTYPE	025338	04/16/18	04:15:42	0.4892597695390782	0.4892597695390782	11.27	0.0	3.424818386773547	3.4062265155310625	43.67	17.77	0.4892597695390782	0.4892597695390782	11.27	0.0	292.0	288.69	446.88	90.58	0	1
PROTOTYPE	025339	04/16/18	04:15:43	0.4892597695390782	0.4892597695390782	11.28	0.0	3.424818386773547	3.409162074148297	41.16	15.1	0.4892597695390782	0.4892597695390782	11.28	0.0	292.0	289.19	469.63	167.0	0	1
PROTOTYPE	025340	04/16/18	04:15:45	0.4892597695390782	0.4892597695390782	11.28	0.0	3.424818386773547	3.411119113226453	39.06	12.84	0.4892597695390782	0.4892597695390782	11.28	0.0	280.0	287.81	570.26	-8.05	0	1
PROTOTYPE	025341	04/16/18	04:15:46	0.4892597695390782	0.4892597695390782	11.26	0.0	3.424818386773547	3.4130761523046096	37.32	10.91	0.4892597695390782	0.4892597695390782	11.26	0.0	300.0	289.64	631.46	53.15	0	1
PROTOTYPE	025342	04/16/18	04:15:47	0.4892597695390782	0.4892597695390782	11.25	0.0	3.424818386773547	3.4150331913827654	35.88	9.28	0.4892597695390782	0.4892597695390782	11.25	0.0	288.0	289.39	624.45	60.18	0	1
PROTOTYPE	025343	04/16/18	04:15:49	0.4892597695390782	0.4892597695390782	11.26	0.0	3.424818386773547	3.4160117109218437	25.77	22.88	0.4892597695390782	0.4892597695390782	11.26	0.0	300.0	290.98	765.37	201.15	0	1
PROTOTYPE	025344	04/16/18	04:15:50	0.4892597695390782	0.4892597695390782	11.26	0.0	3.424818386773547	3.41796875	22.75	19.45	0.4892597695390782	0.4892597695390782	11.26	0.0	286.0	290.24	720.55	245.98	0	1
PROTOTYPE	025345	04/16/18	04:15:52	0.4892597695390782	0.4892597695390782	11.25	0.0	3.424818386773547	3.4189472695390783	20.28	16.53	0.4892597695390782	0.4892597695390782	11.25	0.0	290.0	290.2	691.0	209.08	0	1
PROTOTYPE	025346	04/16/18	04:15:53	0.4892597695390782	0.4892597695390782	11.23	0.0	3.424818386773547	3.4199257890781567	18.27	14.05	0.4892597695390782	0.4892597695390782	11.23	0.0	287.0	289.72	680.68	102.72	0	1
PROTOTYPE	025347	04/16/18	04:15:54	0.4892597695390782	0.4892597695390782	11.22	0.0	3.3269664328657313	3.4062265155310625	29.32	-3.05	0.4892597695390782	0.4892597695390782	11.22	0.0	283.0	288.71	731.9	-47.69	0	1
PROTOTYPE	025348	04/16/18	04:15:56	0.4892597695390782	0.4892597695390782	11.24	0.0	3.3269664328657313	3.393505761523046	38.65	-17.6	0.4892597695390782	0.4892597695390782	11.24	0.0	292.0	289.21	643.37	139.47	0	1
PROTOTYPE	025349	04/16/18	04:15:57	0.4892597695390782	0.4892597695390782	11.26	0.0	3.3269664328657313	3.3837205661322645	46.5	-29.96	0.4892597695390782	0.4892597695390782	11.26	0.0	286.0	288.73	508.65	-91.45	0	1
PROTOTYPE	025350	04/16/18	04:15:59	0.4892597695390782	0.4892597695390782	11.28	0.0	3.424818386773547	3.3895916833667337	50.67	-25.46	0.4892597695390782	0.4892597695390782	11.28	0.0	298.0	290.12	623.14	72.26	0	1
PROTOTYPE	025351	04/16/18	04:16:00	0.4892597695390782	0.4892597695390782	11.3	0.0	3.424818386773547	3.395462800601203	54.13	-21.64	0.4892597695390782	0.4892597695390782	11.3	0.0	298.0	291.3	582.31	31.42	0	1
PROTOTYPE	025352	04/16/18	04:16:01	0.4892597695390782	0.4892597695390782	11.29	0.0	3.424818386773547	3.399376878757515	56.96	-18.4	0.4892597695390782	0.4892597695390782	11.29	0.0	297.0	292.15	593.05	191.71	0	1
PROTOTYPE	025353	04/16/18	04:16:03	0.4892597695390782	0.4892597695390782	11.3	0.0	3.424818386773547	3.403290956913828	59.28	-15.64	0.4892597695390782	0.4892597695390782	11.3	0.0	293.0	292.28	601.99	207.95	0	1
PROTOTYPE	025354	04/16/18	04:16:04	0.4892597695390782	0.4892597695390782	11.3	0.0	3.424818386773547	3.4062265155310625	61.17	-13.29	0.4892597695390782	0.4892597695390782	11.3	0.0	277.0	289.99	783.17	26.76	0	1
PROTOTYPE	025355	04/16/18	04:16:06	0.4892597695390782	0.4892597695390782	11.29	0.0	3.424818386773547	3.409162074148297	50.0	3.7	0.4892597695390782	0.4892597695390782	11.29	0.0	278.0	288.19	862.18	-52.25	0	1
PROTOTYPE	025356	04/16/18	04:16:07	0.4892597695390782	0.4892597695390782	11.28	0.0	3.424818386773547	3.412097632765531	40.59	18.15	0.4892597695390782	0.4892597695390782	11.28	0.0	290.0	288.46	840.04	-74.42	0	1
PROTOTYPE	025357	04/16/18	04:16:09	0.4892597695390782	0.4892597695390782	11.3	0.0	3.424818386773547	3.4140546718436875	32.7	30.42	0.4892597695390782	0.4892597695390782	11.3	0.0	279.0	287.04	933.86	-168.25	0	1
PROTOTYPE	025358	04/16/18	04:16:10	0.4892597695390782	0.4892597695390782	11.31	0.0	3.424818386773547	3.4150331913827654	28.49	25.86	0.4892597695390782	0.4892597695390782	11.31	0.0	280.0	285.99	900.38	-413.01	0	1
PROTOTYPE	025359	04/16/18	04:16:11	0.4892597695390782	0.4892597695390782	11.29	0.0	3.424818386773547	3.416990230460922	24.99	21.98	0.4892597695390782	0.4892597695390782	11.29	0.0	294.0	287.19	902.33	-411.06	0	1
PROTOTYPE	025360	04/16/18	04:16:13	0.4892597695390782	0.4892597695390782	11.29	0.0	3.424818386773547	3.41796875	22.12	18.68	0.4892597695390782	0.4892597695390782	11.29	0.0	287.0	287.16	819.96	-499.4	0	1
PROTOTYPE	025361	04/16/18	04:16:14	0.4892597695390782	0.4892597695390782	11.27	0.0	3.424818386773547	3.4189472695390783	19.76	15.88	0.4892597695390782	0.4892597695390782	11.27	0.0	284.0	286.69	854.61	-559.49	0	1
PROTOTYPE	025362	04/16/18	04:16:16	0.4892597695390782	0.4892597695390782	11.28	0.0	3.424818386773547	3.4199257890781567	17.87	13.5	0.4892597695390782	0.4892597695390782	11.28	0.0	282.0	285.98	695.7	-400.57	0	1
PROTOTYPE	025363	04/16/18	04:16:17	0.4892597695390782	0.4892597695390782	11.28	0.0	3.424818386773547	3.4209043086172346	16.34	11.47	0.4892597695390782	0.4892597695390782	11.28	0.0	288.0	286.29	546.14	-190.48	0	1
PROTOTYPE	025364	04/16/18	04:16:18	0.4892597695390782	0.4892597695390782	11.27	0.0	3.424818386773547	3.4209043086172346	15.13	9.75	0.4892597695390782	0.4892597695390782	11.27	0.0	292.0	287.14	604.69	-131.91	0	1
PROTOTYPE	025365	04/16/18	04:16:20	0.4892597695390782	0.4892597695390782	11.25	0.0	3.424818386773547	3.4218828281563125	14.18	8.29	0.4892597695390782	0.4892597695390782	11.25	0.0	294.0	288.17	565.62	112.88	0	1
PROTOTYPE	025366	04/16/18	04:16:21	0.4892597695390782	0.4892597695390782	11.25	0.0	3.424818386773547	3.4218828281563125	13.45	7.05	0.4892597695390782	0.4892597695390782	11.25	0.0	290.0	288.45	487.44	245.94	0	1
