Dev_id	Index	Date	Time	Sensor1	Sensor1_Filter	Sensor1_LL	Sensor1_Diff	Sensor2	Sensor2_Filter	Sensor2_LL	Sensor2_Diff	Sensor3	Sensor3_Filter	Sensor3_LL	Sensor3_Diff	Sensor4	Sensor4_Filter	Sensor4_LL	Sensor4_Diff	Heater_Status	FSM_Status
PROTOTYPE	033767	04/16/18	07:33:55	0.4892597695390782	0.4892597695390782	11.37	0.0	3.424818386773547	3.4375391407815634	26.24	12.39	0.4892597695390782	0.4892597695390782	11.37	0.0	293.0	294.3	523.87	435.14	0	1
PROTOTYPE	033768	04/16/18	07:33:57	0.4892597695390782	0.4892597695390782	11.35	0.0	3.424818386773547	3.4355821017034067	27.21	10.53	0.4892597695390782	0.4892597695390782	11.35	0.0	293.0	294.11	377.73	249.87	0	1
PROTOTYPE	033769	04/16/18	07:33:58	0.4892597695390782	0.4892597695390782	11.34	0.0	3.424818386773547	3.433625062625251	27.95	8.95	0.4892597695390782	0.4892597695390782	11.34	0.0	283.0	292.44	463.47	2.39	0	1
PROTOTYPE	033770	04/16/18	07:33:59	0.4892597695390782	0.4892597695390782	11.34	0.0	3.424818386773547	3.432646543086172	28.53	7.61	0.4892597695390782	0.4892597695390782	11.34	0.0	293.0	292.53	450.66	32.03	0	1
PROTOTYPE	033771	04/16/18	07:34:01	0.4892597695390782	0.4892597695390782	11.33	0.0	3.424818386773547	3.431668023547094	28.95	6.47	0.4892597695390782	0.4892597695390782	11.33	0.0	289.0	292.0	446.61	-77.77	0	1
PROTOTYPE	033772	04/16/18	07:34:02	0.4892597695390782	0.4892597695390782	11.3	0.0	3.424818386773547	3.4306895040080163	29.24	5.5	0.4892597695390782	0.4892597695390782	11.3	0.0	285.0	290.95	518.15	-216.11	0	1
PROTOTYPE	033773	04/16/18	07:34:04	0.4892597695390782	0.4892597695390782	11.28	0.0	3.424818386773547	3.4297109844689375	29.47	4.67	0.4892597695390782	0.4892597695390782	11.28	0.0	293.0	291.25	520.56	-213.69	0	1
PROTOTYPE	033774	04/16/18	07:34:05	0.4892597695390782	0.4892597695390782	11.26	0.0	3.424818386773547	3.4287324649298596	16.01	-11.03	0.4892597695390782	0.4892597695390782	11.26	0.0	293.0	291.52	432.65	-301.64	0	1
PROTOTYPE	033775	04/16/18	07:34:06	0.4892597695390782	0.4892597695390782	11.21	0.0	3.424818386773547	3.4287324649298596	14.84	-9.37	0.4892597695390782	0.4892597695390782	11.21	0.0	293.0	291.74	431.9	-256.39	0	1
PROTOTYPE	033776	04/16/18	07:34:08	0.4892597695390782	0.4892597695390782	11.24	0.0	3.424818386773547	3.4277539453907817	13.97	-7.97	0.4892597695390782	0.4892597695390782	11.24	0.0	295.0	292.23	461.23	-187.93	0	1
PROTOTYPE	033777	04/16/18	07:34:09	0.4892597695390782	0.4892597695390782	11.23	0.0	3.424818386773547	3.4277539453907817	13.28	-6.77	0.4892597695390782	0.4892597695390782	11.23	0.0	286.0	291.29	388.05	-114.74	0	1
PROTOTYPE	033778	04/16/18	07:34:11	0.4892597695390782	0.4892597695390782	11.24	0.0	3.424818386773547	3.426775425851704	12.76	-5.76	0.4892597695390782	0.4892597695390782	11.24	0.0	287.0	290.65	443.98	-187.53	0	1
PROTOTYPE	033779	04/16/18	07:34:12	0.4892597695390782	0.4892597695390782	11.23	0.0	3.522670340681363	3.441453218937876	25.66	10.11	0.4892597695390782	0.4892597695390782	11.23	0.0	290.0	290.55	400.93	-144.4	0	1
PROTOTYPE	033780	04/16/18	07:34:14	0.4892597695390782	0.4892597695390782	11.23	0.0	3.424818386773547	3.4385176603206413	26.82	8.59	0.4892597695390782	0.4892597695390782	11.23	0.0	282.0	289.27	424.27	-167.74	0	1
PROTOTYPE	033781	04/16/18	07:34:15	0.4892597695390782	0.4892597695390782	11.26	0.0	3.424818386773547	3.4365606212424846	27.76	7.3	0.4892597695390782	0.4892597695390782	11.26	0.0	303.0	291.33	599.41	7.42	0	1
PROTOTYPE	033782	04/16/18	07:34:16	0.4892597695390782	0.4892597695390782	11.27	0.0	3.522670340681363	3.449281375250501	39.44	21.21	0.4892597695390782	0.4892597695390782	11.27	0.0	291.0	291.28	578.33	-23.69	0	1
PROTOTYPE	033783	04/16/18	07:34:18	0.4892597695390782	0.4892597695390782	11.29	0.0	3.522670340681363	3.461023609719439	49.19	33.03	0.4892597695390782	0.4892597695390782	11.29	0.0	291.0	291.24	560.47	-50.14	0	1
PROTOTYPE	033784	04/16/18	07:34:19	0.4892597695390782	0.4892597695390782	11.27	0.0	3.522670340681363	3.4698302855711427	57.3	43.07	0.4892597695390782	0.4892597695390782	11.27	0.0	282.0	289.85	650.11	-237.62	0	1
PROTOTYPE	033785	04/16/18	07:34:21	0.4892597695390782	0.4892597695390782	11.27	0.0	3.424818386773547	3.462980648797595	62.88	36.61	0.4892597695390782	0.4892597695390782	11.27	0.0	300.0	291.37	708.9	8.02	0	1
PROTOTYPE	033786	04/16/18	07:34:22	0.4892597695390782	0.4892597695390782	11.27	0.0	3.424818386773547	3.457109531563126	67.46	31.12	0.4892597695390782	0.4892597695390782	11.27	0.0	294.0	291.77	683.88	111.82	0	1
PROTOTYPE	033787	04/16/18	07:34:23	0.4892597695390782	0.4892597695390782	11.29	0.0	3.522670340681363	3.466894726953908	62.82	26.45	0.4892597695390782	0.4892597695390782	11.29	0.0	287.0	291.05	745.57	50.05	0	1
PROTOTYPE	033788	04/16/18	07:34:25	0.4892597695390782	0.4892597695390782	11.31	0.0	3.522670340681363	3.4757014028056115	68.56	37.48	0.4892597695390782	0.4892597695390782	11.31	0.0	299.0	292.25	736.49	297.54	0	1
PROTOTYPE	033789	04/16/18	07:34:26	0.4892597695390782	0.4892597695390782	11.29	0.0	3.424818386773547	3.4678732464929856	73.88	31.86	0.4892597695390782	0.4892597695390782	11.29	0.0	280.0	290.41	714.21	-92.09	0	1
PROTOTYPE	033790	04/16/18	07:34:28	0.4892597695390782	0.4892597695390782	11.31	0.0	3.424818386773547	3.461023609719439	67.38	12.08	0.4892597695390782	0.4892597695390782	11.31	0.0	290.0	290.35	715.36	-93.28	0	1
PROTOTYPE	033791	04/16/18	07:34:29	0.4892597695390782	0.4892597695390782	11.3	0.0	3.522670340681363	3.47080880511022	65.59	10.27	0.4892597695390782	0.4892597695390782	11.3	0.0	280.0	288.79	866.14	-244.29	0	1
PROTOTYPE	033792	04/16/18	07:34:31	0.4892597695390782	0.4892597695390782	11.31	0.0	3.522670340681363	3.4786369614228456	64.07	8.73	0.4892597695390782	0.4892597695390782	11.31	0.0	287.0	288.53	754.53	-132.64	0	1
PROTOTYPE	033793	04/16/18	07:34:32	0.4892597695390782	0.4892597695390782	11.34	0.0	3.424818386773547	3.47080880511022	65.36	7.42	0.4892597695390782	0.4892597695390782	11.34	0.0	298.0	289.95	744.43	-142.75	0	1
PROTOTYPE	033794	04/16/18	07:34:33	0.4892597695390782	0.4892597695390782	11.34	0.0	3.424818386773547	3.4639591683366735	66.45	6.31	0.4892597695390782	0.4892597695390782	11.34	0.0	287.0	289.5	749.24	-226.33	0	1
PROTOTYPE	033795	04/16/18	07:34:35	0.4892597695390782	0.4892597695390782	11.34	0.0	3.424818386773547	3.4580880511022047	62.44	-9.64	0.4892597695390782	0.4892597695390782	11.34	0.0	281.0	288.23	805.28	-282.38	0	1
PROTOTYPE	033796	04/16/18	07:34:36	0.4892597695390782	0.4892597695390782	11.32	0.0	3.522670340681363	3.4678732464929856	63.87	-8.19	0.4892597695390782	0.4892597695390782	11.32	0.0	292.0	288.79	742.65	-345.03	0	1
PROTOTYPE	033797	04/16/18	07:34:38	0.4892597695390782	0.4892597695390782	11.34	0.0	3.424818386773547	3.461023609719439	62.67	-6.96	0.4892597695390782	0.4892597695390782	11.34	0.0	296.0	289.88	667.06	-53.27	0	1
PROTOTYPE	033798	04/16/18	07:34:39	0.4892597695390782	0.4892597695390782	11.32	0.0	3.424818386773547	3.45515249248497	61.65	-5.92	0.4892597695390782	0.4892597695390782	11.32	0.0	289.0	289.74	673.98	-60.28	0	1
PROTOTYPE	033799	04/16/18	07:34:40	0.4892597695390782	0.4892597695390782	11.33	0.0	3.424818386773547	3.4512384143286576	57.09	-20.03	0.4892597695390782	0.4892597695390782	11.33	0.0	299.0	291.13	657.61	233.76	0	1
PROTOTYPE	033800	04/16/18	07:34:42	0.4892597695390782	0.4892597695390782	11.34	0.0	3.424818386773547	3.4473243361723447	53.25	-32.03	0.4892597695390782	0.4892597695390782	11.34	0.0	279.0	289.31	812.64	78.7	0	1
PROTOTYPE	033801	04/16/18	07:34:43	0.4892597695390782	0.4892597695390782	11.31	0.0	3.522670340681363	3.4580880511022047	56.57	-12.22	0.4892597695390782	0.4892597695390782	11.31	0.0	284.0	288.52	750.22	-143.11	0	1
PROTOTYPE	033802	04/16/18	07:34:45	0.4892597695390782	0.4892597695390782	11.32	0.0	3.522670340681363	3.4678732464929856	59.4	4.61	0.4892597695390782	0.4892597695390782	11.32	0.0	300.0	290.24	878.27	73.36	0	1
PROTOTYPE	033803	04/16/18	07:34:46	0.4892597695390782	0.4892597695390782	11.3	0.0	3.424818386773547	3.4620021292585172	60.07	3.92	0.4892597695390782	0.4892597695390782	11.3	0.0	296.0	291.1	837.12	287.35	0	1
PROTOTYPE	033804	04/16/18	07:34:47	0.4892597695390782	0.4892597695390782	11.31	0.0	3.424818386773547	3.456131012024048	55.83	-11.67	0.4892597695390782	0.4892597695390782	11.31	0.0	300.0	292.44	914.01	364.25	0	1
PROTOTYPE	033805	04/16/18	07:34:49	0.4892597695390782	0.4892597695390782	11.31	0.0	3.424818386773547	3.4512384143286576	54.13	-9.92	0.4892597695390782	0.4892597695390782	11.31	0.0	294.0	292.67	829.41	279.61	0	1
PROTOTYPE	033806	04/16/18	07:34:50	0.4892597695390782	0.4892597695390782	11.31	0.0	3.522670340681363	3.4620021292585172	59.41	6.57	0.4892597695390782	0.4892597695390782	11.31	0.0	283.0	291.22	961.28	147.67	0	1
PROTOTYPE	033807	04/16/18	07:34:52	0.4892597695390782	0.4892597695390782	11.34	0.0	3.424818386773547	3.456131012024048	60.37	5.58	0.4892597695390782	0.4892597695390782	11.34	0.0	290.0	291.04	840.81	-9.48	0	1
PROTOTYPE	033808	04/16/18	07:34:53	0.4892597695390782	0.4892597695390782	11.34	0.0	3.522670340681363	3.466894726953908	66.36	19.75	0.4892597695390782	0.4892597695390782	11.34	0.0	279.0	289.23	839.38	-8.06	0	1
PROTOTYPE	033809	04/16/18	07:34:55	0.4892597695390782	0.4892597695390782	11.36	0.0	3.522670340681363	3.474722883266533	63.43	16.78	0.4892597695390782	0.4892597695390782	11.36	0.0	297.0	290.4	876.21	188.15	0	1
PROTOTYPE	033810	04/16/18	07:34:56	0.4892597695390782	0.4892597695390782	11.36	0.0	3.522670340681363	3.4815725200400798	60.94	14.27	0.4892597695390782	0.4892597695390782	11.36	0.0	282.0	289.14	829.91	-110.07	0	1
PROTOTYPE	033811	04/16/18	07:34:57	0.4892597695390782	0.4892597695390782	11.36	0.0	3.522670340681363	3.4884221568136273	60.56	27.13	0.4892597695390782	0.4892597695390782	11.36	0.0	293.0	289.72	801.42	-138.56	0	1
PROTOTYPE	033812	04/16/18	07:34:59	0.4892597695390782	0.4892597695390782	11.36	0.0	3.424818386773547	3.4786369614228456	64.55	23.06	0.4892597695390782	0.4892597695390782	11.36	0.0	298.0	290.96	792.21	-147.78	0	1
PROTOTYPE	033813	04/16/18	07:35:00	0.4892597695390782	0.4892597695390782	11.35	0.0	3.424818386773547	3.47080880511022	67.92	19.6	0.4892597695390782	0.4892597695390782	11.35	0.0	295.0	291.57	829.35	-110.61	0	1
PROTOTYPE	033814	04/16/18	07:35:02	0.4892597695390782	0.4892597695390782	11.35	0.0	3.522670340681363	3.4786369614228456	65.02	16.66	0.4892597695390782	0.4892597695390782	11.35	0.0	299.0	292.68	795.79	145.98	0	1
PROTOTYPE	033815	04/16/18	07:35:03	0.4892597695390782	0.4892597695390782	11.31	0.0	3.522670340681363	3.4854865981963927	66.06	29.16	0.4892597695390782	0.4892597695390782	11.31	0.0	295.0	293.03	812.24	199.08	0	1
PROTOTYPE	033816	04/16/18	07:35:04	0.4892597695390782	0.4892597695390782	11.29	0.0	3.522670340681363	3.4903791958917836	61.76	24.79	0.4892597695390782	0.4892597695390782	11.29	0.0	291.0	292.72	662.13	349.22	0	1
PROTOTYPE	033817	04/16/18	07:35:06	0.4892597695390782	0.4892597695390782	11.32	0.0	3.424818386773547	3.4805940005010023	63.21	6.07	0.4892597695390782	0.4892597695390782	11.32	0.0	303.0	294.27	699.74	386.84	0	1
PROTOTYPE	033818	04/16/18	07:35:07	0.4892597695390782	0.4892597695390782	11.32	0.0	3.424818386773547	3.4727658441883773	64.44	-9.84	0.4892597695390782	0.4892597695390782	11.32	0.0	297.0	294.68	614.81	553.81	0	1
PROTOTYPE	033819	04/16/18	07:35:09	0.4892597695390782	0.4892597695390782	11.34	0.0	3.522670340681363	3.479615480961924	65.89	-8.37	0.4892597695390782	0.4892597695390782	11.34	0.0	285.0	293.22	702.01	350.74	0	1
PROTOTYPE	033820	04/16/18	07:35:10	0.4892597695390782	0.4892597695390782	11.34	0.0	3.522670340681363	3.4864651177354715	62.79	7.89	0.4892597695390782	0.4892597695390782	11.34	0.0	298.0	293.94	649.4	298.13	0	1
PROTOTYPE	033821	04/16/18	07:35:12	0.4892597695390782	0.4892597695390782	11.33	0.0	3.522670340681363	3.491357715430862	60.16	21.71	0.4892597695390782	0.4892597695390782	11.33	0.0	290.0	293.35	647.91	178.41	0	1
PROTOTYPE	033822	04/16/18	07:35:13	0.4892597695390782	0.4892597695390782	11.32	0.0	3.424818386773547	3.4815725200400798	62.41	3.45	0.4892597695390782	0.4892597695390782	11.32	0.0	294.0	293.45	546.24	76.65	0	1
PROTOTYPE	033823	04/16/18	07:35:14	0.4892597695390782	0.4892597695390782	11.32	0.0	3.424818386773547	3.4727658441883773	64.32	-12.07	0.4892597695390782	0.4892597695390782	11.32	0.0	298.0	294.13	579.72	110.15	0	1
PROTOTYPE	033824	04/16/18	07:35:16	0.4892597695390782	0.4892597695390782	11.32	0.0	3.522670340681363	3.4805940005010023	66.09	-10.26	0.4892597695390782	0.4892597695390782	11.32	0.0	296.0	294.41	577.35	168.63	0	1
PROTOTYPE	033825	04/16/18	07:35:17	0.4892597695390782	0.4892597695390782	11.3	0.0	3.522670340681363	3.4864651177354715	62.49	6.28	0.4892597695390782	0.4892597695390782	11.3	0.0	283.0	292.7	594.37	-156.67	0	1
PROTOTYPE	033826	04/16/18	07:35:19	0.4892597695390782	0.4892597695390782	11.29	0.0	3.522670340681363	3.49233623496994	59.45	20.34	0.4892597695390782	0.4892597695390782	11.29	0.0	289.0	292.14	608.83	-253.17	0	1
PROTOTYPE	033827	04/16/18	07:35:20	0.4892597695390782	0.4892597695390782	11.29	0.0	3.522670340681363	3.497228832665331	56.48	17.29	0.4892597695390782	0.4892597695390782	11.29	0.0	292.0	292.12	466.28	-110.19	0	1
PROTOTYPE	033828	04/16/18	07:35:21	0.4892597695390782	0.4892597695390782	11.3	0.0	3.522670340681363	3.5011429108216436	53.99	14.69	0.4892597695390782	0.4892597695390782	11.3	0.0	284.0	290.9	516.48	-303.66	0	1
PROTOTYPE	033829	04/16/18	07:35:23	0.4892597695390782	0.4892597695390782	11.31	0.0	3.522670340681363	3.5040784694388782	51.89	12.49	0.4892597695390782	0.4892597695390782	11.31	0.0	282.0	289.57	590.92	-378.11	0	1
PROTOTYPE	033830	04/16/18	07:35:24	0.4892597695390782	0.4892597695390782	11.31	0.0	3.522670340681363	3.5070140280561124	44.72	25.62	0.4892597695390782	0.4892597695390782	11.31	0.0	293.0	290.08	632.55	-336.4	0	1
PROTOTYPE	033831	04/16/18	07:35:26	0.4892597695390782	0.4892597695390782	11.31	0.0	3.522670340681363	3.5089710671342687	38.69	36.77	0.4892597695390782	0.4892597695390782	11.31	0.0	303.0	292.02	758.0	-210.94	0	1
PROTOTYPE	033832	04/16/18	07:35:27	0.4892597695390782	0.4892597695390782	11.33	0.0	3.522670340681363	3.510928106212425	33.48	31.26	0.4892597695390782	0.4892597695390782	11.33	0.0	283.0	290.67	865.24	-374.3	0	1
PROTOTYPE	033833	04/16/18	07:35:29	0.4892597695390782	0.4892597695390782	11.32	0.0	3.522670340681363	3.5128851452905807	29.14	26.57	0.4892597695390782	0.4892597695390782	11.32	0.0	287.0	290.12	749.11	-258.15	0	1
PROTOTYPE	033834	04/16/18	07:35:30	0.4892597695390782	0.4892597695390782	11.31	0.0	3.522670340681363	3.514842184368738	25.53	22.58	0.4892597695390782	0.4892597695390782	11.31	0.0	288.0	289.8	725.4	-234.43	0	1
PROTOTYPE	033835	04/16/18	07:35:31	0.4892597695390782	0.4892597695390782	11.29	0.0	3.522670340681363	3.5158207039078153	22.55	19.2	0.4892597695390782	0.4892597695390782	11.29	0.0	290.0	289.83	726.12	-229.26	0	1
PROTOTYPE	033836	04/16/18	07:35:33	0.4892597695390782	0.4892597695390782	11.28	0.0	3.522670340681363	3.5167992234468937	20.12	16.32	0.4892597695390782	0.4892597695390782	11.28	0.0	293.0	290.31	651.85	-59.87	0	1
PROTOTYPE	033837	04/16/18	07:35:34	0.4892597695390782	0.4892597695390782	11.29	0.0	3.522670340681363	3.5177777429859725	18.17	13.87	0.4892597695390782	0.4892597695390782	11.29	0.0	287.0	289.81	567.88	24.11	0	1
PROTOTYPE	033838	04/16/18	07:35:36	0.4892597695390782	0.4892597695390782	11.3	0.0	3.522670340681363	3.51875626252505	16.59	11.79	0.4892597695390782	0.4892597695390782	11.3	0.0	290.0	289.84	519.57	-24.51	0	1
PROTOTYPE	033839	04/16/18	07:35:37	0.4892597695390782	0.4892597695390782	11.29	0.0	3.522670340681363	3.51875626252505	15.33	10.02	0.4892597695390782	0.4892597695390782	11.29	0.0	288.0	289.56	353.43	-245.83	0	1
PROTOTYPE	033840	04/16/18	07:35:38	0.4892597695390782	0.4892597695390782	11.27	0.0	3.522670340681363	3.5197347820641283	14.33	8.52	0.4892597695390782	0.4892597695390782	11.27	0.0	289.0	289.48	226.66	-118.96	0	1
PROTOTYPE	033841	04/16/18	07:35:40	0.4892597695390782	0.4892597695390782	11.24	0.0	3.522670340681363	3.5197347820641283	13.55	7.24	0.4892597695390782	0.4892597695390782	11.24	0.0	285.0	288.81	238.81	-131.11	0	1
PROTOTYPE	033842	04/16/18	07:35:41	0.4892597695390782	0.4892597695390782	11.23	0.0	3.522670340681363	3.520713301603206	12.95	6.15	0.4892597695390782	0.4892597695390782	11.23	0.0	297.0	290.04	329.93	23.55	0	1
PROTOTYPE	033843	04/16/18	07:35:43	0.4892597695390782	0.4892597695390782	11.24	0.0	3.522670340681363	3.520713301603206	12.51	5.23	0.4892597695390782	0.4892597695390782	11.24	0.0	286.0	289.43	387.17	-39.98	0	1
PROTOTYPE	033844	04/16/18	07:35:44	0.4892597695390782	0.4892597695390782	11.24	0.0	3.522670340681363	3.520713301603206	12.18	4.45	0.4892597695390782	0.4892597695390782	11.24	0.0	282.0	288.32	451.05	-198.98	0	1
PROTOTYPE	033845	04/16/18	07:35:45	0.4892597695390782	0.4892597695390782	11.23	0.0	3.522670340681363	3.5216918211422845	11.92	3.78	0.4892597695390782	0.4892597695390782	11.23	0.0	299.0	289.92	561.72	10.86	0	1
PROTOTYPE	033846	04/16/18	07:35:47	0.4892597695390782	0.4892597695390782	11.21	0.0	3.522670340681363	3.5216918211422845	11.71	3.21	0.4892597695390782	0.4892597695390782	11.21	0.0	297.0	290.98	664.77	114.23	0	1
PROTOTYPE	033847	04/16/18	07:35:48	0.4892597695390782	0.4892597695390782	11.23	0.0	3.522670340681363	3.5216918211422845	11.6	2.73	0.4892597695390782	0.4892597695390782	11.23	0.0	292.0	291.13	652.52	157.1	0	1
PROTOTYPE	033848	04/16/18	07:35:50	0.4892597695390782	0.4892597695390782	11.25	0.0	3.522670340681363	3.5216918211422845	11.52	2.32	0.4892597695390782	0.4892597695390782	11.25	0.0	285.0	290.21	735.98	73.53	0	1
PROTOTYPE	033849	04/16/18	07:35:51	0.4892597695390782	0.4892597695390782	11.26	0.0	3.522670340681363	3.5216918211422845	11.45	1.97	0.4892597695390782	0.4892597695390782	11.26	0.0	285.0	289.43	747.01	62.5	0	1
PROTOTYPE	033850	04/16/18	07:35:52	0.4892597695390782	0.4892597695390782	11.27	0.0	3.522670340681363	3.5216918211422845	11.41	1.68	0.4892597695390782	0.4892597695390782	11.27	0.0	292.0	289.82	662.65	-21.87	0	1
PROTOTYPE	033851	04/16/18	07:35:54	0.4892597695390782	0.4892597695390782	11.26	0.0	3.522670340681363	3.5216918211422845	11.36	1.43	0.4892597695390782	0.4892597695390782	11.26	0.0	290.0	289.84	605.19	41.41	0	1
PROTOTYPE	033852	04/16/18	07:35:55	0.4892597695390782	0.4892597695390782	11.28	0.0	3.522670340681363	3.522670340681363	11.35	1.21	0.4892597695390782	0.4892597695390782	11.28	0.0	303.0	291.82	691.08	350.2	0	1
PROTOTYPE	033853	04/16/18	07:35:57	0.4892597695390782	0.4892597695390782	11.28	0.0	3.522670340681363	3.522670340681363	11.33	1.03	0.4892597695390782	0.4892597695390782	11.28	0.0	300.0	293.04	653.55	312.67	0	1
PROTOTYPE	033854	04/16/18	07:35:58	0.4892597695390782	0.4892597695390782	11.29	0.0	3.522670340681363	3.522670340681363	11.33	0.88	0.4892597695390782	0.4892597695390782	11.29	0.0	295.0	293.34	576.67	235.77	0	1
PROTOTYPE	033855	04/16/18	07:36:00	0.4892597695390782	0.4892597695390782	11.29	0.0	3.522670340681363	3.522670340681363	11.32	0.74	0.4892597695390782	0.4892597695390782	11.29	0.0	292.0	293.14	581.44	200.4	0	1
PROTOTYPE	033856	04/16/18	07:36:01	0.4892597695390782	0.4892597695390782	11.28	0.0	3.522670340681363	3.522670340681363	11.3	0.63	0.4892597695390782	0.4892597695390782	11.28	0.0	303.0	294.62	637.37	440.34	0	1
PROTOTYPE	033857	04/16/18	07:36:02	0.4892597695390782	0.4892597695390782	11.3	0.0	3.522670340681363	3.522670340681363	11.31	0.54	0.4892597695390782	0.4892597695390782	11.3	0.0	283.0	292.87	733.41	344.29	0	1
PROTOTYPE	033858	04/16/18	07:36:04	0.4892597695390782	0.4892597695390782	11.33	0.0	3.522670340681363	3.522670340681363	11.34	0.46	0.4892597695390782	0.4892597695390782	11.33	0.0	289.0	292.29	752.99	247.65	0	1
PROTOTYPE	033859	04/16/18	07:36:05	0.4892597695390782	0.4892597695390782	11.34	0.0	3.522670340681363	3.522670340681363	11.35	0.39	0.4892597695390782	0.4892597695390782	11.34	0.0	290.0	291.95	784.33	210.5	0	1
PROTOTYPE	033860	04/16/18	07:36:07	0.4892597695390782	0.4892597695390782	11.32	0.0	3.522670340681363	3.522670340681363	11.32	0.33	0.4892597695390782	0.4892597695390782	11.32	0.0	298.0	292.86	677.76	103.93	0	1
PROTOTYPE	033861	04/16/18	07:36:08	0.4892597695390782	0.4892597695390782	11.32	0.0	3.522670340681363	3.522670340681363	11.32	0.28	0.4892597695390782	0.4892597695390782	11.32	0.0	291.0	292.58	582.91	-46.66	0	1
PROTOTYPE	033862	04/16/18	07:36:09	0.4892597695390782	0.4892597695390782	11.33	0.0	3.522670340681363	3.522670340681363	11.33	0.24	0.4892597695390782	0.4892597695390782	11.33	0.0	288.0	291.89	622.23	-144.66	0	1
PROTOTYPE	033863	04/16/18	07:36:11	0.4892597695390782	0.4892597695390782	11.33	0.0	3.522670340681363	3.522670340681363	11.33	0.2	0.4892597695390782	0.4892597695390782	11.33	0.0	305.0	293.86	798.74	72.04	0	1
PROTOTYPE	033864	04/16/18	07:36:12	0.4892597695390782	0.4892597695390782	11.33	0.0	3.522670340681363	3.522670340681363	11.33	0.17	0.4892597695390782	0.4892597695390782	11.33	0.0	293.0	293.73	663.74	-88.77	0	1
PROTOTYPE	033865	04/16/18	07:36:14	0.4892597695390782	0.4892597695390782	11.32	0.0	3.522670340681363	3.522670340681363	11.32	0.15	0.4892597695390782	0.4892597695390782	11.32	0.0	289.0	293.02	560.44	14.55	0	1
PROTOTYPE	033866	04/16/18	07:36:15	0.4892597695390782	0.4892597695390782	11.28	0.0	3.522670340681363	3.522670340681363	11.28	0.12	0.4892597695390782	0.4892597695390782	11.28	0.0	284.0	291.67	637.61	-62.64	0	1
PROTOTYPE	033867	04/16/18	07:36:16	0.4892597695390782	0.4892597695390782	11.27	0.0	3.522670340681363	3.522670340681363	11.27	0.11	0.4892597695390782	0.4892597695390782	11.27	0.0	297.0	292.47	683.19	51.76	0	1
PROTOTYPE	033868	04/16/18	07:36:18	0.4892597695390782	0.4892597695390782	11.27	0.0	3.522670340681363	3.522670340681363	11.27	0.09	0.4892597695390782	0.4892597695390782	11.27	0.0	290.0	292.1	629.45	-76.0	0	1
PROTOTYPE	033869	04/16/18	07:36:19	0.4892597695390782	0.4892597695390782	11.27	0.0	3.522670340681363	3.522670340681363	11.27	0.08	0.4892597695390782	0.4892597695390782	11.27	0.0	287.0	291.33	678.02	-124.6	0	1
PROTOTYPE	033870	04/16/18	07:36:21	0.4892597695390782	0.4892597695390782	11.26	0.0	3.522670340681363	3.522670340681363	11.26	0.06	0.4892597695390782	0.4892597695390782	11.26	0.0	287.0	290.68	674.33	-120.91	0	1
PROTOTYPE	033871	04/16/18	07:36:22	0.4892597695390782	0.4892597695390782	11.23	0.0	3.522670340681363	3.522670340681363	11.23	0.06	0.4892597695390782	0.4892597695390782	11.23	0.0	291.0	290.73	482.66	-312.78	0	1
PROTOTYPE	033872	04/16/18	07:36:24	0.4892597695390782	0.4892597695390782	11.22	0.0	3.522670340681363	3.522670340681363	11.22	0.05	0.4892597695390782	0.4892597695390782	11.22	0.0	298.0	291.82	578.78	-190.86	0	1
PROTOTYPE	033873	04/16/18	07:36:25	0.4892597695390782	0.4892597695390782	11.24	0.0	3.522670340681363	3.522670340681363	11.24	0.04	0.4892597695390782	0.4892597695390782	11.24	0.0	298.0	292.75	600.53	-27.23	0	1
PROTOTYPE	033874	04/16/18	07:36:26	0.4892597695390782	0.4892597695390782	11.25	0.0	3.522670340681363	3.522670340681363	11.25	0.03	0.4892597695390782	0.4892597695390782	11.25	0.0	298.0	293.54	544.03	186.85	0	1
PROTOTYPE	033875	04/16/18	07:36:28	0.4892597695390782	0.4892597695390782	11.25	0.0	3.522670340681363	3.522670340681363	11.25	0.03	0.4892597695390782	0.4892597695390782	11.25	0.0	264.0	289.11	907.05	-336.17	0	1
PROTOTYPE	033876	04/16/18	07:36:29	0.4892597695390782	0.4892597695390782	11.25	0.0	3.522670340681363	3.522670340681363	11.25	0.02	0.4892597695390782	0.4892597695390782	11.25	0.0	294.0	289.84	943.46	-225.75	0	1
PROTOTYPE	033877	04/16/18	07:36:31	0.4892597695390782	0.4892597695390782	11.26	0.0	3.522670340681363	3.522670340681363	11.26	0.02	0.4892597695390782	0.4892597695390782	11.26	0.0	291.0	290.01	884.46	-131.89	0	1
PROTOTYPE	033878	04/16/18	07:36:32	0.4892597695390782	0.4892597695390782	11.28	0.0	3.522670340681363	3.522670340681363	11.28	0.02	0.4892597695390782	0.4892597695390782	11.28	0.0	287.0	289.56	864.69	-112.1	0	1
PROTOTYPE	033879	04/16/18	07:36:33	0.4892597695390782	0.4892597695390782	11.31	0.0	3.522670340681363	3.522670340681363	11.31	0.02	0.4892597695390782	0.4892597695390782	11.31	0.0	299.0	290.98	1001.31	24.71	0	1
PROTOTYPE	033880	04/16/18	07:36:35	0.4892597695390782	0.4892597695390782	11.31	0.0	3.522670340681363	3.522670340681363	11.31	0.01	0.4892597695390782	0.4892597695390782	11.31	0.0	298.0	292.03	997.6	21.01	0	1
PROTOTYPE	033881	04/16/18	07:36:36	0.4892597695390782	0.4892597695390782	11.29	0.0	3.522670340681363	3.522670340681363	11.29	0.01	0.4892597695390782	0.4892597695390782	11.29	0.0	291.0	291.88	920.42	-87.15	0	1
PROTOTYPE	033882	04/16/18	07:36:38	0.4892597695390782	0.4892597695390782	11.29	0.0	3.522670340681363	3.522670340681363	11.29	0.01	0.4892597695390782	0.4892597695390782	11.29	0.0	298.0	292.79	933.49	-74.07	0	1
PROTOTYPE	033883	04/16/18	07:36:39	0.4892597695390782	0.4892597695390782	11.32	0.0	3.522670340681363	3.522670340681363	11.32	0.01	0.4892597695390782	0.4892597695390782	11.32	0.0	291.0	292.53	517.42	342.04	0	1
PROTOTYPE	033884	04/16/18	07:36:40	0.4892597695390782	0.4892597695390782	11.31	0.0	3.522670340681363	3.522670340681363	11.31	0.01	0.4892597695390782	0.4892597695390782	11.31	0.0	300.0	293.65	556.11	380.73	0	1
PROTOTYPE	033885	04/16/18	07:36:42	0.4892597695390782	0.4892597695390782	11.29	0.0	3.522670340681363	3.522670340681363	11.29	0.01	0.4892597695390782	0.4892597695390782	11.29	0.0	289.0	292.95	608.35	293.62	0	1
PROTOTYPE	033886	04/16/18	07:36:43	0.4892597695390782	0.4892597695390782	11.27	0.0	3.522670340681363	3.522670340681363	11.27	0.0	0.4892597695390782	0.4892597695390782	11.27	0.0	282.0	291.31	727.38	174.58	0	1
PROTOTYPE	033887	04/16/18	07:36:45	0.4892597695390782	0.4892597695390782	11.26	0.0	3.522670340681363	3.522670340681363	11.26	0.0	0.4892597695390782	0.4892597695390782	11.26	0.0	291.0	291.26	590.61	28.39	0	1
PROTOTYPE	033888	04/16/18	07:36:46	0.4892597695390782	0.4892597695390782	11.28	0.0	3.522670340681363	3.522670340681363	11.28	0.0	0.4892597695390782	0.4892597695390782	11.28	0.0	274.0	288.67	744.18	-335.87	0	1
PROTOTYPE	033889	04/16/18	07:36:48	0.4892597695390782	0.4892597695390782	11.27	0.0	3.522670340681363	3.522670340681363	11.27	0.0	0.4892597695390782	0.4892597695390782	11.27	0.0	291.0	289.02	763.61	-285.49	0	1
PROTOTYPE	033890	04/16/18	07:36:49	0.4892597695390782	0.4892597695390782	11.3	0.0	3.522670340681363	3.522670340681363	11.3	0.0	0.4892597695390782	0.4892597695390782	11.3	0.0	300.0	290.67	836.43	-212.66	0	1
PROTOTYPE	033891	04/16/18	07:36:50	0.4892597695390782	0.4892597695390782	11.28	0.0	3.522670340681363	3.522670340681363	11.28	0.0	0.4892597695390782	0.4892597695390782	11.28	0.0	276.0	288.47	1029.49	-405.76	0	1
PROTOTYPE	033892	04/16/18	07:36:52	0.4892597695390782	0.4892597695390782	11.29	0.0	3.522670340681363	3.522670340681363	11.29	0.0	0.4892597695390782	0.4892597695390782	11.29	0.0	290.0	288.7	940.39	-494.9	0	1
PROTOTYPE	033893	04/16/18	07:36:53	0.4892597695390782	0.4892597695390782	11.3	0.0	3.522670340681363	3.522670340681363	11.3	0.0	0.4892597695390782	0.4892597695390782	11.3	0.0	280.0	287.39	1001.15	-555.66	0	1
PROTOTYPE	033894	04/16/18	07:36:55	0.5871117234468938	0.5039375626252506	24.96	15.0	3.522670340681363	3.522670340681363	11.31	0.0	0.4892597695390782	0.4892597695390782	11.31	0.0	286.0	287.18	857.84	-412.31	0	1
PROTOTYPE	033895	04/16/18	07:36:56	0.4892597695390782	0.5019805235470942	26.21	12.75	3.522670340681363	3.522670340681363	11.31	0.0	0.4892597695390782	0.4892597695390782	11.31	0.0	295.0	288.36	970.27	-290.47	0	1
PROTOTYPE	033896	04/16/18	07:36:57	0.4892597695390782	0.5000234844689379	27.17	10.84	3.522670340681363	3.522670340681363	11.31	0.0	0.4892597695390782	0.4892597695390782	11.31	0.0	285.0	287.85	761.72	-81.9	0	1
PROTOTYPE	033897	04/16/18	07:36:59	0.4892597695390782	0.4980664453907815	27.91	9.21	3.522670340681363	3.522670340681363	11.31	0.0	0.4892597695390782	0.4892597695390782	11.31	0.0	291.0	288.33	773.99	-69.61	0	1
PROTOTYPE	033898	04/16/18	07:37:00	0.4892597695390782	0.4970879258517034	28.47	7.83	3.522670340681363	3.522670340681363	11.3	0.0	0.4892597695390782	0.4892597695390782	11.3	0.0	289.0	288.43	619.53	-224.17	0	1
PROTOTYPE	033899	04/16/18	07:37:02	0.4892597695390782	0.49610940631262535	28.9	6.66	3.522670340681363	3.522670340681363	11.31	0.0	0.4892597695390782	0.4892597695390782	11.31	0.0	292.0	288.96	453.13	49.45	0	1
PROTOTYPE	033900	04/16/18	07:37:03	0.4892597695390782	0.49513088677354705	29.22	5.66	3.522670340681363	3.522670340681363	11.31	0.0	0.4892597695390782	0.4892597695390782	11.31	0.0	299.0	290.47	580.68	177.04	0	1
PROTOTYPE	033901	04/16/18	07:37:04	0.4892597695390782	0.4941523672344689	29.45	4.81	3.522670340681363	3.522670340681363	11.31	0.0	0.4892597695390782	0.4892597695390782	11.31	0.0	295.0	291.15	518.2	375.48	0	1
PROTOTYPE	033902	04/16/18	07:37:06	0.4892597695390782	0.49317384769539074	15.96	-10.91	3.522670340681363	3.522670340681363	11.3	0.0	0.4892597695390782	0.4892597695390782	11.3	0.0	295.0	291.73	555.06	454.16	0	1
PROTOTYPE	033903	04/16/18	07:37:07	0.4892597695390782	0.4921953281563127	14.84	-9.28	3.522670340681363	3.522670340681363	11.3	0.0	0.4892597695390782	0.4892597695390782	11.3	0.0	284.0	290.57	553.7	221.04	0	1
PROTOTYPE	033904	04/16/18	07:37:09	0.4892597695390782	0.4921953281563127	13.97	-7.88	3.522670340681363	3.522670340681363	11.29	0.0	0.4892597695390782	0.4892597695390782	11.29	0.0	282.0	289.28	631.84	142.88	0	1
PROTOTYPE	033905	04/16/18	07:37:10	0.4892597695390782	0.4921953281563127	13.3	-6.7	3.522670340681363	3.522670340681363	11.3	0.0	0.4892597695390782	0.4892597695390782	11.3	0.0	292.0	289.69	625.42	136.45	0	1
PROTOTYPE	033906	04/16/18	07:37:12	0.4892597695390782	0.4912168086172345	12.77	-5.7	3.522670340681363	3.522670340681363	11.28	0.0	0.4892597695390782	0.4892597695390782	11.28	0.0	291.0	289.89	634.9	145.98	0	1
PROTOTYPE	033907	04/16/18	07:37:13	0.4892597695390782	0.4912168086172345	12.38	-4.84	3.522670340681363	3.522670340681363	11.28	0.0	0.4892597695390782	0.4892597695390782	11.28	0.0	286.0	289.3	639.58	34.08	0	1
PROTOTYPE	033908	04/16/18	07:37:14	0.4892597695390782	0.4912168086172345	12.08	-4.12	3.522670340681363	3.522670340681363	11.27	0.0	0.4892597695390782	0.4892597695390782	11.27	0.0	295.0	290.16	574.48	-31.03	0	1
PROTOTYPE	033909	04/16/18	07:37:16	0.4892597695390782	0.49023828907815625	11.85	-3.5	3.522670340681363	3.522670340681363	11.26	0.0	0.4892597695390782	0.4892597695390782	11.26	0.0	295.0	290.88	579.13	-26.37	0	1
PROTOTYPE	033910	04/16/18	07:37:17	0.4892597695390782	0.49023828907815625	11.7	-2.97	3.522670340681363	3.522670340681363	11.27	0.0	0.4892597695390782	0.4892597695390782	11.27	0.0	293.0	291.2	553.1	-52.42	0	1
PROTOTYPE	033911	04/16/18	07:37:19	0.4892597695390782	0.49023828907815625	11.56	-2.53	3.522670340681363	3.522670340681363	11.25	0.0	0.4892597695390782	0.4892597695390782	11.25	0.0	293.0	291.47	464.22	90.44	0	1
PROTOTYPE	033912	04/16/18	07:37:20	0.4892597695390782	0.49023828907815625	11.49	-2.15	3.522670340681363	3.522670340681363	11.26	0.0	0.4892597695390782	0.4892597695390782	11.26	0.0	286.0	290.65	417.79	136.88	0	1
PROTOTYPE	033913	04/16/18	07:37:21	0.4892597695390782	0.49023828907815625	11.4	-1.83	3.522670340681363	3.522670340681363	11.24	0.0	0.4892597695390782	0.4892597695390782	11.24	0.0	281.0	289.2	521.76	-48.65	0	1
PROTOTYPE	033914	04/16/18	07:37:23	0.4892597695390782	0.49023828907815625	11.35	-1.55	3.522670340681363	3.522670340681363	11.23	0.0	0.4892597695390782	0.4892597695390782	11.23	0.0	278.0	287.52	670.1	-236.36	0	1
PROTOTYPE	033915	04/16/18	07:37:24	0.4892597695390782	0.4892597695390782	11.3	-1.32	3.522670340681363	3.522670340681363	11.21	0.0	0.4892597695390782	0.4892597695390782	11.21	0.0	285.0	287.14	649.66	-215.9	0	1
PROTOTYPE	033916	04/16/18	07:37:26	0.4892597695390782	0.4892597695390782	11.27	-1.12	3.522670340681363	3.522670340681363	11.21	0.0	0.4892597695390782	0.4892597695390782	11.21	0.0	283.0	286.52	626.37	-363.52	0	1
PROTOTYPE	033917	04/16/18	07:37:27	0.4892597695390782	0.4892597695390782	11.26	-0.95	3.522670340681363	3.522670340681363	11.22	0.0	0.4892597695390782	0.4892597695390782	11.22	0.0	291.0	287.19	620.9	-368.99	0	1
PROTOTYPE	033918	04/16/18	07:37:28	0.4892597695390782	0.4892597695390782	11.25	-0.81	3.522670340681363	3.522670340681363	11.22	0.0	0.4892597695390782	0.4892597695390782	11.22	0.0	286.0	287.02	607.1	-418.64	0	1
PROTOTYPE	033919	04/16/18	07:37:30	0.4892597695390782	0.4892597695390782	11.25	-0.69	3.522670340681363	3.522670340681363	11.23	0.0	0.4892597695390782	0.4892597695390782	11.23	0.0	284.0	286.56	625.33	-490.84	0	1
PROTOTYPE	033920	04/16/18	07:37:31	0.4892597695390782	0.4892597695390782	11.22	-0.59	3.522670340681363	3.522670340681363	11.2	0.0	0.4892597695390782	0.4892597695390782	11.2	0.0	286.0	286.48	551.8	-417.22	0	1
PROTOTYPE	033921	04/16/18	07:37:33	0.4892597695390782	0.4892597695390782	11.23	-0.5	3.522670340681363	3.522670340681363	11.22	0.0	0.4892597695390782	0.4892597695390782	11.22	0.0	303.0	288.96	654.87	-24.64	0	1
PROTOTYPE	033922	04/16/18	07:37:34	0.4892597695390782	0.4892597695390782	11.24	-0.42	3.522670340681363	3.522670340681363	11.23	0.0	0.4892597695390782	0.4892597695390782	11.23	0.0	287.0	288.66	516.2	114.06	0	1
PROTOTYPE	033923	04/16/18	07:37:35	0.4892597695390782	0.4892597695390782	11.25	-0.36	3.522670340681363	3.522670340681363	11.25	0.0	0.4892597695390782	0.4892597695390782	11.25	0.0	282.0	287.66	578.29	51.95	0	1
PROTOTYPE	033924	04/16/18	07:37:37	0.4892597695390782	0.4892597695390782	11.26	-0.31	3.522670340681363	3.522670340681363	11.26	0.0	0.4892597695390782	0.4892597695390782	11.26	0.0	298.0	289.21	671.17	269.16	0	1
PROTOTYPE	033925	04/16/18	07:37:38	0.4892597695390782	0.4892597695390782	11.25	-0.26	3.522670340681363	3.522670340681363	11.25	0.0	0.4892597695390782	0.4892597695390782	11.25	0.0	294.0	289.93	675.79	273.78	0	1
PROTOTYPE	033926	04/16/18	07:37:40	0.4892597695390782	0.4892597695390782	11.24	-0.22	3.522670340681363	3.522670340681363	11.24	0.0	0.4892597695390782	0.4892597695390782	11.24	0.0	296.0	290.84	748.86	382.72	0	1
PROTOTYPE	033927	04/16/18	07:37:41	0.4892597695390782	0.4892597695390782	11.27	-0.19	3.522670340681363	3.522670340681363	11.27	0.0	0.4892597695390782	0.4892597695390782	11.27	0.0	292.0	291.02	721.03	445.31	0	1
PROTOTYPE	033928	04/16/18	07:37:43	0.4892597695390782	0.4892597695390782	11.31	-0.16	3.522670340681363	3.522670340681363	11.31	0.0	0.4892597695390782	0.4892597695390782	11.31	0.0	291.0	291.01	713.93	453.51	0	1
PROTOTYPE	033929	04/16/18	07:37:44	0.4892597695390782	0.4892597695390782	11.3	-0.14	3.522670340681363	3.522670340681363	11.3	0.0	0.4892597695390782	0.4892597695390782	11.3	0.0	274.0	288.46	721.31	-49.51	0	1
PROTOTYPE	033930	04/16/18	07:37:45	0.4892597695390782	0.4892597695390782	11.32	-0.12	3.522670340681363	3.522670340681363	11.32	0.0	0.4892597695390782	0.4892597695390782	11.32	0.0	296.0	289.59	805.01	92.91	0	1
PROTOTYPE	033931	04/16/18	07:37:47	0.4892597695390782	0.4892597695390782	11.31	-0.1	3.522670340681363	3.522670340681363	11.31	0.0	0.4892597695390782	0.4892597695390782	11.31	0.0	295.0	290.4	786.18	273.98	0	1
PROTOTYPE	033932	04/16/18	07:37:48	0.4892597695390782	0.4892597695390782	11.32	-0.08	3.522670340681363	3.522670340681363	11.32	0.0	0.4892597695390782	0.4892597695390782	11.32	0.0	283.0	289.29	742.19	7.88	0	1
PROTOTYPE	033933	04/16/18	07:37:50	0.4892597695390782	0.4892597695390782	11.36	-0.07	3.522670340681363	3.522670340681363	11.36	0.0	0.4892597695390782	0.4892597695390782	11.36	0.0	287.0	288.95	704.81	-98.3	0	1
PROTOTYPE	033934	04/16/18	07:37:51	0.4892597695390782	0.4892597695390782	11.36	-0.06	3.522670340681363	3.522670340681363	11.36	0.0	0.4892597695390782	0.4892597695390782	11.36	0.0	281.0	287.76	733.02	-308.56	0	1
PROTOTYPE	033935	04/16/18	07:37:52	0.4892597695390782	0.4892597695390782	11.35	-0.05	3.522670340681363	3.522670340681363	11.35	0.0	0.4892597695390782	0.4892597695390782	11.35	0.0	293.0	288.54	794.26	-247.27	0	1
PROTOTYPE	033936	04/16/18	07:37:54	0.4892597695390782	0.4892597695390782	11.32	-0.04	3.522670340681363	3.522670340681363	11.32	0.0	0.4892597695390782	0.4892597695390782	11.32	0.0	291.0	288.91	829.69	-210.18	0	1
PROTOTYPE	033937	04/16/18	07:37:55	0.4892597695390782	0.4892597695390782	11.34	-0.04	3.522670340681363	3.522670340681363	11.34	0.0	0.4892597695390782	0.4892597695390782	11.34	0.0	286.0	288.47	618.18	1.34	0	1
PROTOTYPE	033938	04/16/18	07:37:57	0.4892597695390782	0.4892597695390782	11.33	-0.03	3.522670340681363	3.522670340681363	11.33	0.0	0.4892597695390782	0.4892597695390782	11.33	0.0	287.0	288.25	527.26	-133.86	0	1
PROTOTYPE	033939	04/16/18	07:37:58	0.4892597695390782	0.4892597695390782	11.32	-0.03	3.522670340681363	3.522670340681363	11.32	0.0	0.4892597695390782	0.4892597695390782	11.32	0.0	290.0	288.52	472.37	-188.78	0	1
PROTOTYPE	033940	04/16/18	07:37:59	0.4892597695390782	0.4892597695390782	11.3	-0.02	3.522670340681363	3.522670340681363	11.3	0.0	0.4892597695390782	0.4892597695390782	11.3	0.0	286.0	288.14	399.07	-115.46	0	1
PROTOTYPE	033941	04/16/18	07:38:01	0.4892597695390782	0.4892597695390782	11.26	-0.02	3.522670340681363	3.522670340681363	11.26	0.0	0.4892597695390782	0.4892597695390782	11.26	0.0	280.0	286.92	486.73	-203.14	0	1
PROTOTYPE	033942	04/16/18	07:38:02	0.4892597695390782	0.4892597695390782	11.26	-0.02	3.522670340681363	3.522670340681363	11.26	0.0	0.4892597695390782	0.4892597695390782	11.26	0.0	291.0	287.53	428.74	-22.67	0	1
PROTOTYPE	033943	04/16/18	07:38:04	0.4892597695390782	0.4892597695390782	11.26	-0.01	3.522670340681363	3.522670340681363	11.26	0.0	0.4892597695390782	0.4892597695390782	11.26	0.0	288.0	287.6	357.27	-94.27	0	1
PROTOTYPE	033944	04/16/18	07:38:05	0.4892597695390782	0.4892597695390782	11.26	-0.01	3.522670340681363	3.522670340681363	11.26	0.0	0.4892597695390782	0.4892597695390782	11.26	0.0	282.0	286.76	404.41	-215.13	0	1
PROTOTYPE	033945	04/16/18	07:38:07	0.4892597695390782	0.4892597695390782	11.25	-0.01	3.522670340681363	3.522670340681363	11.25	0.0	0.4892597695390782	0.4892597695390782	11.25	0.0	289.0	287.1	394.33	-137.86	0	1
PROTOTYPE	033946	04/16/18	07:38:08	0.4892597695390782	0.4892597695390782	11.24	-0.01	3.522670340681363	3.522670340681363	11.24	0.0	0.39140781563126253	0.4745819764529058	24.9	-15.0	285.0	286.78	403.64	-147.18	0	1
PROTOTYPE	033947	04/16/18	07:38:09	0.4892597695390782	0.4892597695390782	11.29	-0.01	3.522670340681363	3.522670340681363	11.29	0.0	0.4892597695390782	0.4765390155310621	26.18	-12.75	288.0	286.96	395.74	-155.1	0	1
PROTOTYPE	033948	04/16/18	07:38:11	0.4892597695390782	0.4892597695390782	11.31	-0.01	3.522670340681363	3.522670340681363	11.31	0.0	0.4892597695390782	0.47849605460921835	27.16	-10.84	296.0	288.32	493.51	18.16	0	1
PROTOTYPE	033949	04/16/18	07:38:12	0.4892597695390782	0.4892597695390782	11.32	-0.01	3.522670340681363	3.522670340681363	11.32	0.0	0.4892597695390782	0.48045309368737477	27.91	-9.21	289.0	288.42	381.73	150.44	0	1
PROTOTYPE	033950	04/16/18	07:38:14	0.4892597695390782	0.4892597695390782	11.32	-0.0	3.522670340681363	3.522670340681363	11.32	0.0	0.4892597695390782	0.48143161322645295	28.48	-7.83	298.0	289.86	464.16	232.87	0	1
PROTOTYPE	033951	04/16/18	07:38:15	0.4892597695390782	0.4892597695390782	11.29	-0.0	3.522670340681363	3.522670340681363	11.29	0.0	0.4892597695390782	0.482410132765531	28.88	-6.66	294.0	290.48	519.1	287.94	0	1
PROTOTYPE	033952	04/16/18	07:38:16	0.4892597695390782	0.4892597695390782	11.3	-0.0	3.522670340681363	3.522670340681363	11.3	0.0	0.4892597695390782	0.48338865230460926	29.21	-5.66	293.0	290.86	472.91	409.75	0	1
PROTOTYPE	033953	04/16/18	07:38:18	0.4892597695390782	0.4892597695390782	11.31	-0.0	3.522670340681363	3.522670340681363	11.31	0.0	0.4892597695390782	0.48436717184368744	29.45	-4.81	289.0	290.58	467.19	348.29	0	1
PROTOTYPE	033954	04/16/18	07:38:19	0.4892597695390782	0.4892597695390782	11.32	-0.0	3.522670340681363	3.522670340681363	11.32	0.0	0.4892597695390782	0.4853456913827655	15.97	10.91	295.0	291.24	502.04	446.04	0	1
PROTOTYPE	033955	04/16/18	07:38:21	0.4892597695390782	0.4892597695390782	11.28	-0.0	3.522670340681363	3.522670340681363	11.28	0.0	0.4892597695390782	0.4863242109218437	14.83	9.28	293.0	291.51	510.12	454.14	0	1
PROTOTYPE	033956	04/16/18	07:38:22	0.4892597695390782	0.4892597695390782	11.28	-0.0	3.522670340681363	3.522670340681363	11.28	0.0	0.4892597695390782	0.4863242109218437	13.96	7.88	298.0	292.48	472.0	416.02	0	1
PROTOTYPE	033957	04/16/18	07:38:23	0.4892597695390782	0.4892597695390782	11.28	-0.0	3.522670340681363	3.522670340681363	11.28	0.0	0.4892597695390782	0.4863242109218437	13.29	6.7	287.0	291.66	543.91	323.61	0	1
PROTOTYPE	033958	04/16/18	07:38:25	0.4892597695390782	0.4892597695390782	11.33	-0.0	3.522670340681363	3.522670340681363	11.33	0.0	0.4892597695390782	0.48730273046092193	12.82	5.7	286.0	290.81	485.12	95.07	0	1
PROTOTYPE	033959	04/16/18	07:38:26	0.4892597695390782	0.4892597695390782	11.34	-0.0	3.522670340681363	3.522670340681363	11.34	0.0	0.4892597695390782	0.48730273046092193	12.44	4.84	299.0	292.04	545.85	155.81	0	1
PROTOTYPE	033960	04/16/18	07:38:28	0.4892597695390782	0.4892597695390782	11.33	-0.0	3.522670340681363	3.522670340681363	11.33	0.0	0.4892597695390782	0.48730273046092193	12.13	4.12	306.0	294.13	717.46	327.44	0	1
PROTOTYPE	033961	04/16/18	07:38:29	0.4892597695390782	0.4892597695390782	11.3	-0.0	3.522670340681363	3.522670340681363	11.3	0.0	0.4892597695390782	0.48828125	11.89	3.5	284.0	292.61	841.54	203.32	0	1
PROTOTYPE	033962	04/16/18	07:38:31	0.4892597695390782	0.4892597695390782	11.3	-0.0	3.522670340681363	3.522670340681363	11.3	0.0	0.4892597695390782	0.48828125	11.73	2.97	290.0	292.22	814.43	97.83	0	1
PROTOTYPE	033963	04/16/18	07:38:32	0.4892597695390782	0.4892597695390782	11.31	-0.0	3.522670340681363	3.522670340681363	11.31	0.0	0.4892597695390782	0.48828125	11.62	2.53	294.0	292.49	814.75	98.15	0	1
PROTOTYPE	033964	04/16/18	07:38:33	0.4892597695390782	0.4892597695390782	11.29	-0.0	3.522670340681363	3.522670340681363	11.29	0.0	0.4892597695390782	0.48828125	11.52	2.15	284.0	291.21	844.65	-126.57	0	1
PROTOTYPE	033965	04/16/18	07:38:35	0.4892597695390782	0.4892597695390782	11.29	-0.0	3.522670340681363	3.522670340681363	11.29	0.0	0.4892597695390782	0.48828125	11.45	1.83	295.0	291.78	819.24	12.41	0	1
PROTOTYPE	033966	04/16/18	07:38:36	0.4892597695390782	0.4892597695390782	11.24	-0.0	3.522670340681363	3.522670340681363	11.24	0.0	0.4892597695390782	0.48828125	11.36	1.55	292.0	291.81	737.91	100.55	0	1
