Dev_id	Index	Date	Time	Sensor1	Sensor1_Filter	Sensor1_LL	Sensor1_Diff	Sensor2	Sensor2_Filter	Sensor2_LL	Sensor2_Diff	Sensor3	Sensor3_Filter	Sensor3_LL	Sensor3_Diff	Sensor4	Sensor4_Filter	Sensor4_LL	Sensor4_Diff	Heater_Status	FSM_Status
PROTOTYPE	036367	04/16/18	08:35:08	0.4892597695390782	0.4892597695390782	11.35	-0.69	3.6205222945891786	3.5569185245490984	55.05	-8.59	0.4892597695390782	0.4892597695390782	11.33	0.0	294.0	290.52	473.22	15.87	0	1
PROTOTYPE	036368	04/16/18	08:35:09	0.4892597695390782	0.4892597695390782	11.36	-0.59	3.522670340681363	3.551047407314629	53.8	-7.3	0.4892597695390782	0.4892597695390782	11.34	0.0	277.0	288.5	595.6	-106.51	0	1
PROTOTYPE	036369	04/16/18	08:35:11	0.4892597695390782	0.4892597695390782	11.35	-0.5	3.522670340681363	3.5471333291583167	52.75	-6.21	0.4892597695390782	0.4892597695390782	11.34	0.0	288.0	288.42	551.54	-165.53	0	1
PROTOTYPE	036370	04/16/18	08:35:12	0.4892597695390782	0.4892597695390782	11.35	-0.42	3.522670340681363	3.543219251002004	51.86	-5.28	0.4892597695390782	0.4892597695390782	11.34	0.0	296.0	289.56	663.42	-50.7	0	1
PROTOTYPE	036371	04/16/18	08:35:14	0.4892597695390782	0.4892597695390782	11.34	-0.36	3.6205222945891786	3.5549614854709417	52.65	-4.48	0.4892597695390782	0.4892597695390782	11.34	0.0	287.0	289.17	565.83	46.9	0	1
PROTOTYPE	036372	04/16/18	08:35:15	0.4892597695390782	0.4892597695390782	11.33	-0.31	3.522670340681363	3.5500688877755513	52.0	-3.81	0.4892597695390782	0.4892597695390782	11.33	0.0	284.0	288.4	632.79	-20.13	0	1
PROTOTYPE	036373	04/16/18	08:35:17	0.4892597695390782	0.4892597695390782	11.34	-0.26	3.522670340681363	3.546154809619239	51.46	-3.24	0.4892597695390782	0.4892597695390782	11.34	0.0	288.0	288.34	632.75	-32.11	0	1
PROTOTYPE	036374	04/16/18	08:35:18	0.4892597695390782	0.4892597695390782	11.33	-0.22	3.522670340681363	3.5422407314629263	51.0	-2.75	0.4892597695390782	0.4892597695390782	11.33	0.0	294.0	289.19	592.57	-72.3	0	1
PROTOTYPE	036375	04/16/18	08:35:19	0.4892597695390782	0.4892597695390782	11.27	-0.19	3.522670340681363	3.5393051728456917	42.72	-17.34	0.4892597695390782	0.4892597695390782	11.27	0.0	284.0	288.41	609.04	-211.45	0	1
PROTOTYPE	036376	04/16/18	08:35:21	0.4892597695390782	0.4892597695390782	11.26	-0.16	3.6205222945891786	3.552025926853707	49.83	0.26	0.4892597695390782	0.4892597695390782	11.26	0.0	288.0	288.35	412.48	-14.73	0	1
PROTOTYPE	036377	04/16/18	08:35:22	0.4892597695390782	0.4892597695390782	11.26	-0.14	3.522670340681363	3.5471333291583167	49.86	0.22	0.4892597695390782	0.4892597695390782	11.26	0.0	293.0	289.05	474.71	62.48	0	1
PROTOTYPE	036378	04/16/18	08:35:24	0.4892597695390782	0.4892597695390782	11.28	-0.12	3.522670340681363	3.543219251002004	49.9	0.19	0.4892597695390782	0.4892597695390782	11.28	0.0	286.0	288.59	406.73	-96.89	0	1
PROTOTYPE	036379	04/16/18	08:35:25	0.4892597695390782	0.4892597695390782	11.31	-0.1	3.6205222945891786	3.5549614854709417	49.88	0.16	0.4892597695390782	0.4892597695390782	11.31	0.0	286.0	288.2	407.19	-97.36	0	1
PROTOTYPE	036380	04/16/18	08:35:26	0.4892597695390782	0.4892597695390782	11.31	-0.08	3.6205222945891786	3.5647466808617234	54.84	15.14	0.4892597695390782	0.4892597695390782	11.31	0.0	285.0	287.72	377.6	-67.76	0	1
PROTOTYPE	036381	04/16/18	08:35:28	0.4892597695390782	0.4892597695390782	11.29	-0.07	3.522670340681363	3.558875563627254	57.02	12.87	0.4892597695390782	0.4892597695390782	11.29	0.0	294.0	288.66	465.66	32.41	0	1
PROTOTYPE	036382	04/16/18	08:35:29	0.4892597695390782	0.4892597695390782	11.31	-0.06	3.522670340681363	3.553004446392786	58.87	10.94	0.4892597695390782	0.4892597695390782	11.31	0.0	280.0	287.36	510.67	-182.45	0	1
PROTOTYPE	036383	04/16/18	08:35:31	0.4892597695390782	0.4892597695390782	11.31	-0.05	3.522670340681363	3.5490903682364734	60.41	9.3	0.4892597695390782	0.4892597695390782	11.31	0.0	298.0	288.96	592.4	54.91	0	1
PROTOTYPE	036384	04/16/18	08:35:32	0.4892597695390782	0.4892597695390782	11.31	-0.04	3.6205222945891786	3.559854083166333	59.02	7.9	0.4892597695390782	0.4892597695390782	11.31	0.0	289.0	288.96	587.64	61.68	0	1
PROTOTYPE	036385	04/16/18	08:35:33	0.4892597695390782	0.4892597695390782	11.33	-0.04	3.6205222945891786	3.568660759018036	63.83	21.72	0.4892597695390782	0.4892597695390782	11.33	0.0	288.0	288.82	532.39	-22.57	0	1
PROTOTYPE	036386	04/16/18	08:35:35	0.4892597695390782	0.4892597695390782	11.3	-0.03	3.6205222945891786	3.576488915330661	67.87	33.46	0.4892597695390782	0.4892597695390782	11.3	0.0	284.0	288.1	559.0	-49.19	0	1
PROTOTYPE	036387	04/16/18	08:35:36	0.4892597695390782	0.4892597695390782	11.29	-0.03	3.6205222945891786	3.5833385521042085	62.91	28.44	0.4892597695390782	0.4892597695390782	11.29	0.0	304.0	290.48	758.68	228.19	0	1
PROTOTYPE	036388	04/16/18	08:35:38	0.4892597695390782	0.4892597695390782	11.27	-0.02	3.522670340681363	3.573553356713427	62.15	9.17	0.4892597695390782	0.4892597695390782	11.27	0.0	295.0	291.16	778.43	343.96	0	1
PROTOTYPE	036389	04/16/18	08:35:39	0.4892597695390782	0.4892597695390782	11.26	-0.02	3.522670340681363	3.5667037199398797	63.49	7.8	0.4892597695390782	0.4892597695390782	11.26	0.0	276.0	288.89	911.63	22.37	0	1
PROTOTYPE	036390	04/16/18	08:35:41	0.4892597695390782	0.4892597695390782	11.24	-0.02	3.6205222945891786	3.574531876252505	66.24	21.63	0.4892597695390782	0.4892597695390782	11.24	0.0	297.0	290.1	903.41	274.01	0	1
PROTOTYPE	036391	04/16/18	08:35:42	0.4892597695390782	0.4892597695390782	11.23	-0.01	3.522670340681363	3.5667037199398797	69.4	18.38	0.4892597695390782	0.4892597695390782	11.23	0.0	294.0	290.69	802.31	172.91	0	1
PROTOTYPE	036392	04/16/18	08:35:43	0.4892597695390782	0.4892597695390782	11.23	-0.01	3.6205222945891786	3.574531876252505	66.67	15.63	0.4892597695390782	0.4892597695390782	11.23	0.0	281.0	289.23	946.1	26.97	0	1
PROTOTYPE	036393	04/16/18	08:35:45	0.4892597695390782	0.4892597695390782	11.25	-0.01	3.6205222945891786	3.5813815130260522	64.36	13.28	0.4892597695390782	0.4892597695390782	11.25	0.0	300.0	290.85	1093.04	202.93	0	1
PROTOTYPE	036394	04/16/18	08:35:46	0.4892597695390782	0.4892597695390782	11.26	-0.01	3.522670340681363	3.5725748371743484	65.42	-3.71	0.4892597695390782	0.4892597695390782	11.26	0.0	278.0	288.92	1213.47	82.49	0	1
PROTOTYPE	036395	04/16/18	08:35:48	0.4892597695390782	0.4892597695390782	11.25	-0.01	3.6205222945891786	3.5804029934869743	65.97	-3.15	0.4892597695390782	0.4892597695390782	11.25	0.0	296.0	289.98	1081.1	-49.88	0	1
PROTOTYPE	036396	04/16/18	08:35:49	0.4892597695390782	0.4892597695390782	11.25	-0.01	3.522670340681363	3.5715963176352705	65.5	-2.68	0.4892597695390782	0.4892597695390782	11.25	0.0	298.0	291.19	1133.58	2.6	0	1
PROTOTYPE	036397	04/16/18	08:35:50	0.4892597695390782	0.4892597695390782	11.26	-0.01	3.6205222945891786	3.5784459544088176	65.19	12.72	0.4892597695390782	0.4892597695390782	11.26	0.0	302.0	292.81	1068.39	392.21	0	1
PROTOTYPE	036398	04/16/18	08:35:52	0.4892597695390782	0.4892597695390782	11.31	-0.0	3.6205222945891786	3.5852955911823647	63.32	10.81	0.4892597695390782	0.4892597695390782	11.31	0.0	293.0	292.84	949.89	273.38	0	1
PROTOTYPE	036399	04/16/18	08:35:53	0.4892597695390782	0.4892597695390782	11.32	-0.0	3.6205222945891786	3.590188188877755	60.9	24.19	0.4892597695390782	0.4892597695390782	11.32	0.0	298.0	293.61	968.88	292.37	0	1
PROTOTYPE	036400	04/16/18	08:35:55	0.4892597695390782	0.4892597695390782	11.32	-0.0	3.6205222945891786	3.5950807865731464	57.36	20.56	0.4892597695390782	0.4892597695390782	11.32	0.0	296.0	293.97	859.42	473.51	0	1
PROTOTYPE	036401	04/16/18	08:35:56	0.4892597695390782	0.4892597695390782	11.27	-0.0	3.6205222945891786	3.598994864729459	54.37	17.48	0.4892597695390782	0.4892597695390782	11.27	0.0	279.0	291.72	922.48	87.49	0	1
PROTOTYPE	036402	04/16/18	08:35:57	0.4892597695390782	0.4892597695390782	11.28	-0.0	3.6205222945891786	3.6019304233466936	48.86	29.86	0.4892597695390782	0.4892597695390782	11.28	0.0	287.0	291.02	800.61	209.36	0	1
PROTOTYPE	036403	04/16/18	08:35:59	0.4892597695390782	0.4892597695390782	11.27	-0.0	3.6205222945891786	3.604865981963928	44.57	25.38	0.4892597695390782	0.4892597695390782	11.27	0.0	295.0	291.61	754.21	162.96	0	1
PROTOTYPE	036404	04/16/18	08:36:00	0.4892597695390782	0.4892597695390782	11.3	-0.0	3.522670340681363	3.592145227955912	48.35	21.57	0.4892597695390782	0.4892597695390782	11.3	0.0	289.0	291.22	673.19	3.52	0	1
PROTOTYPE	036405	04/16/18	08:36:02	0.4892597695390782	0.4892597695390782	11.31	-0.0	3.522670340681363	3.58236003256513	51.47	3.34	0.4892597695390782	0.4892597695390782	11.31	0.0	294.0	291.64	552.68	-117.01	0	1
PROTOTYPE	036406	04/16/18	08:36:03	0.4892597695390782	0.4892597695390782	11.27	-0.0	3.522670340681363	3.573553356713427	54.1	-12.16	0.4892597695390782	0.4892597695390782	11.27	0.0	282.0	290.19	694.03	-264.46	0	1
PROTOTYPE	036407	04/16/18	08:36:05	0.4892597695390782	0.4892597695390782	11.3	-0.0	3.6205222945891786	3.5804029934869743	55.88	-10.34	0.4892597695390782	0.4892597695390782	11.3	0.0	287.0	289.71	664.48	-389.79	0	1
PROTOTYPE	036408	04/16/18	08:36:06	0.4892597695390782	0.4892597695390782	11.31	-0.0	3.522670340681363	3.5715963176352705	59.97	-23.79	0.4892597695390782	0.4892597695390782	11.31	0.0	292.0	290.06	662.95	-391.32	0	1
PROTOTYPE	036409	04/16/18	08:36:07	0.4892597695390782	0.4892597695390782	11.32	-0.0	3.522670340681363	3.5637681613226455	63.43	-35.22	0.4892597695390782	0.4892597695390782	11.32	0.0	290.0	290.05	440.04	-167.62	0	1
PROTOTYPE	036410	04/16/18	08:36:09	0.4892597695390782	0.4892597695390782	11.36	-0.0	3.522670340681363	3.5578970440881763	66.33	-44.94	0.4892597695390782	0.4892597695390782	11.36	0.0	294.0	290.64	428.46	-37.48	0	1
PROTOTYPE	036411	04/16/18	08:36:10	0.4892597695390782	0.4892597695390782	11.36	-0.0	3.6205222945891786	3.567682239478958	72.84	-38.2	0.4892597695390782	0.4892597695390782	11.36	0.0	289.0	290.39	393.33	-121.86	0	1
PROTOTYPE	036412	04/16/18	08:36:12	0.4892597695390782	0.4892597695390782	11.35	-0.0	3.522670340681363	3.560832602705411	67.18	-32.47	0.4892597695390782	0.4892597695390782	11.35	0.0	288.0	290.04	390.05	-118.58	0	1
PROTOTYPE	036413	04/16/18	08:36:13	0.4892597695390782	0.4892597695390782	11.36	-0.0	3.6205222945891786	3.569639278557114	65.67	-12.6	0.4892597695390782	0.4892597695390782	11.36	0.0	288.0	289.73	378.91	-190.79	0	1
PROTOTYPE	036414	04/16/18	08:36:14	0.4892597695390782	0.4892597695390782	11.37	-0.0	3.522670340681363	3.5627896417835667	63.81	-10.71	0.4892597695390782	0.4892597695390782	11.37	0.0	290.0	289.77	238.62	-42.17	0	1
PROTOTYPE	036415	04/16/18	08:36:16	0.4892597695390782	0.4892597695390782	11.36	-0.0	3.6205222945891786	3.5715963176352705	65.39	-9.1	0.4892597695390782	0.4892597695390782	11.36	0.0	300.0	291.31	344.16	159.15	0	1
PROTOTYPE	036416	04/16/18	08:36:17	0.4892597695390782	0.4892597695390782	11.34	-0.0	3.522670340681363	3.5637681613226455	64.04	-7.74	0.4892597695390782	0.4892597695390782	11.34	0.0	292.0	291.41	320.36	135.28	0	1
PROTOTYPE	036417	04/16/18	08:36:19	0.4892597695390782	0.4892597695390782	11.36	-0.0	3.522670340681363	3.5578970440881763	62.91	-6.58	0.4892597695390782	0.4892597695390782	11.36	0.0	287.0	290.75	384.87	69.99	0	1
PROTOTYPE	036418	04/16/18	08:36:20	0.4892597695390782	0.4892597695390782	11.32	-0.0	3.522670340681363	3.553004446392786	61.94	-5.59	0.4892597695390782	0.4892597695390782	11.32	0.0	291.0	290.79	329.61	14.49	0	1
PROTOTYPE	036419	04/16/18	08:36:22	0.4892597695390782	0.4892597695390782	11.32	-0.0	3.6205222945891786	3.5627896417835667	62.78	-4.75	0.4892597695390782	0.4892597695390782	11.32	0.0	293.0	291.12	338.21	72.32	0	1
PROTOTYPE	036420	04/16/18	08:36:23	0.4892597695390782	0.4892597695390782	11.32	-0.0	3.6205222945891786	3.5715963176352705	64.75	10.96	0.4892597695390782	0.4892597695390782	11.32	0.0	292.0	291.25	315.57	121.47	0	1
PROTOTYPE	036421	04/16/18	08:36:24	0.4892597695390782	0.4892597695390782	11.34	-0.0	3.6205222945891786	3.5784459544088176	63.13	9.32	0.4892597695390782	0.4892597695390782	11.34	0.0	297.0	292.11	371.26	238.25	0	1
PROTOTYPE	036422	04/16/18	08:36:26	0.4892597695390782	0.4892597695390782	11.31	-0.0	3.6205222945891786	3.5852955911823647	62.34	22.92	0.4892597695390782	0.4892597695390782	11.31	0.0	286.0	291.2	458.67	142.51	0	1
PROTOTYPE	036423	04/16/18	08:36:27	0.4892597695390782	0.4892597695390782	11.31	-0.0	3.6205222945891786	3.590188188877755	58.97	19.48	0.4892597695390782	0.4892597695390782	11.31	0.0	296.0	291.92	377.3	61.13	0	1
PROTOTYPE	036424	04/16/18	08:36:29	0.4892597695390782	0.4892597695390782	11.31	-0.0	3.522670340681363	3.5804029934869743	61.86	16.56	0.4892597695390782	0.4892597695390782	11.31	0.0	288.0	291.33	425.55	-8.04	0	1
PROTOTYPE	036425	04/16/18	08:36:30	0.4892597695390782	0.4892597695390782	11.3	-0.0	3.522670340681363	3.5715963176352705	64.3	14.08	0.4892597695390782	0.4892597695390782	11.3	0.0	293.0	291.58	384.5	83.17	0	1
PROTOTYPE	036426	04/16/18	08:36:31	0.4892597695390782	0.4892597695390782	11.28	-0.0	3.6205222945891786	3.5784459544088176	66.36	26.96	0.4892597695390782	0.4892597695390782	11.28	0.0	288.0	291.04	434.17	25.69	0	1
PROTOTYPE	036427	04/16/18	08:36:33	0.4892597695390782	0.4892597695390782	11.3	-0.0	3.6205222945891786	3.5852955911823647	62.38	22.92	0.4892597695390782	0.4892597695390782	11.3	0.0	286.0	290.29	476.58	-83.16	0	1
PROTOTYPE	036428	04/16/18	08:36:34	0.4892597695390782	0.4892597695390782	11.3	-0.0	3.6205222945891786	3.590188188877755	59.01	19.48	0.4892597695390782	0.4892597695390782	11.3	0.0	300.0	291.74	608.98	49.31	0	1
PROTOTYPE	036429	04/16/18	08:36:36	0.4892597695390782	0.4892597695390782	11.26	-0.0	3.522670340681363	3.5804029934869743	61.83	1.56	0.4892597695390782	0.4892597695390782	11.26	0.0	280.0	289.98	698.88	-213.08	0	1
PROTOTYPE	036430	04/16/18	08:36:37	0.4892597695390782	0.4892597695390782	11.28	-0.0	3.522670340681363	3.5715963176352705	64.22	-13.67	0.4892597695390782	0.4892597695390782	11.28	0.0	291.0	290.13	622.52	-106.12	0	1
PROTOTYPE	036431	04/16/18	08:36:38	0.4892597695390782	0.4892597695390782	11.28	-0.0	3.6205222945891786	3.5794244739478955	66.23	-11.62	0.4892597695390782	0.4892597695390782	11.28	0.0	297.0	291.16	653.43	-75.2	0	1
PROTOTYPE	036432	04/16/18	08:36:40	0.4892597695390782	0.4892597695390782	11.3	-0.0	3.522670340681363	3.5706177980961926	64.51	-9.88	0.4892597695390782	0.4892597695390782	11.3	0.0	285.0	290.24	687.15	-108.92	0	1
PROTOTYPE	036433	04/16/18	08:36:41	0.4892597695390782	0.4892597695390782	11.29	-0.0	3.522670340681363	3.5637681613226455	63.04	-8.4	0.4892597695390782	0.4892597695390782	11.29	0.0	291.0	290.35	673.53	-122.58	0	1
PROTOTYPE	036434	04/16/18	08:36:43	0.4892597695390782	0.4892597695390782	11.31	-0.0	3.6205222945891786	3.5715963176352705	64.29	-7.14	0.4892597695390782	0.4892597695390782	11.31	0.0	304.0	292.4	824.52	135.8	0	1
PROTOTYPE	036435	04/16/18	08:36:44	0.4892597695390782	0.4892597695390782	11.31	-0.0	3.522670340681363	3.5647466808617234	65.44	-21.07	0.4892597695390782	0.4892597695390782	11.31	0.0	293.0	292.49	757.96	220.43	0	1
PROTOTYPE	036436	04/16/18	08:36:46	0.4892597695390782	0.4892597695390782	11.31	-0.0	3.522670340681363	3.5578970440881763	66.41	-32.91	0.4892597695390782	0.4892597695390782	11.31	0.0	286.0	291.52	709.62	-22.63	0	1
PROTOTYPE	036437	04/16/18	08:36:47	0.4892597695390782	0.4892597695390782	11.33	-0.0	3.522670340681363	3.553004446392786	61.56	-27.97	0.4892597695390782	0.4892597695390782	11.33	0.0	298.0	292.49	630.72	250.76	0	1
PROTOTYPE	036438	04/16/18	08:36:48	0.4892597695390782	0.4892597695390782	11.33	-0.0	3.6205222945891786	3.5627896417835667	63.07	-8.78	0.4892597695390782	0.4892597695390782	11.33	0.0	293.0	292.57	623.17	243.15	0	1
PROTOTYPE	036439	04/16/18	08:36:50	0.4892597695390782	0.4892597695390782	11.32	-0.0	3.6205222945891786	3.5715963176352705	64.37	-7.46	0.4892597695390782	0.4892597695390782	11.32	0.0	288.0	291.88	588.68	71.68	0	1
PROTOTYPE	036440	04/16/18	08:36:51	0.4892597695390782	0.4892597695390782	11.3	-0.0	3.6205222945891786	3.5794244739478955	63.24	8.66	0.4892597695390782	0.4892597695390782	11.3	0.0	281.0	290.25	659.43	0.92	0	1
PROTOTYPE	036441	04/16/18	08:36:53	0.4892597695390782	0.4892597695390782	11.31	-0.0	3.6205222945891786	3.5852955911823647	62.29	22.36	0.4892597695390782	0.4892597695390782	11.31	0.0	284.0	289.31	741.68	-104.21	0	1
PROTOTYPE	036442	04/16/18	08:36:54	0.4892597695390782	0.4892597695390782	11.31	-0.0	3.522670340681363	3.575510395791583	63.1	4.01	0.4892597695390782	0.4892597695390782	11.31	0.0	292.0	289.71	577.34	-268.58	0	1
PROTOTYPE	036443	04/16/18	08:36:55	0.4892597695390782	0.4892597695390782	11.33	-0.0	3.522670340681363	3.567682239478958	63.7	3.41	0.4892597695390782	0.4892597695390782	11.33	0.0	283.0	288.71	668.97	-378.29	0	1
PROTOTYPE	036444	04/16/18	08:36:57	0.4892597695390782	0.4892597695390782	11.34	-0.0	3.522670340681363	3.560832602705411	64.2	2.89	0.4892597695390782	0.4892597695390782	11.34	0.0	295.0	289.65	666.0	-186.55	0	1
PROTOTYPE	036445	04/16/18	08:36:58	0.4892597695390782	0.4892597695390782	11.32	-0.0	3.6205222945891786	3.569639278557114	67.78	17.46	0.4892597695390782	0.4892597695390782	11.32	0.0	291.0	289.85	589.02	-263.57	0	1
PROTOTYPE	036446	04/16/18	08:37:00	0.4892597695390782	0.4892597695390782	11.31	-0.0	3.522670340681363	3.5627896417835667	64.71	-0.16	0.4892597695390782	0.4892597695390782	11.31	0.0	291.0	290.03	598.48	-254.03	0	1
PROTOTYPE	036447	04/16/18	08:37:01	0.4892597695390782	0.4892597695390782	11.32	-0.0	3.522670340681363	3.5569185245490984	62.12	-15.13	0.4892597695390782	0.4892597695390782	11.32	0.0	286.0	289.42	590.38	-245.93	0	1
PROTOTYPE	036448	04/16/18	08:37:03	0.4892597695390782	0.4892597695390782	11.33	-0.0	3.522670340681363	3.552025926853707	59.93	-27.86	0.4892597695390782	0.4892597695390782	11.33	0.0	293.0	289.96	480.84	-29.04	0	1
PROTOTYPE	036449	04/16/18	08:37:04	0.4892597695390782	0.4892597695390782	11.32	-0.0	3.522670340681363	3.5471333291583167	58.08	-38.68	0.4892597695390782	0.4892597695390782	11.32	0.0	283.0	288.91	491.49	-39.68	0	1
PROTOTYPE	036450	04/16/18	08:37:05	0.4892597695390782	0.4892597695390782	11.31	-0.0	3.522670340681363	3.543219251002004	52.43	-32.88	0.4892597695390782	0.4892597695390782	11.31	0.0	292.0	289.38	497.44	-33.73	0	1
PROTOTYPE	036451	04/16/18	08:37:07	0.4892597695390782	0.4892597695390782	11.27	-0.0	3.522670340681363	3.5402836923847696	47.66	-27.95	0.4892597695390782	0.4892597695390782	11.27	0.0	290.0	289.47	406.14	76.33	0	1
PROTOTYPE	036452	04/16/18	08:37:08	0.4892597695390782	0.4892597695390782	11.26	-0.0	3.522670340681363	3.538326653306613	43.67	-23.76	0.4892597695390782	0.4892597695390782	11.26	0.0	290.0	289.55	319.81	-10.12	0	1
PROTOTYPE	036453	04/16/18	08:37:10	0.4892597695390782	0.4892597695390782	11.28	-0.0	3.522670340681363	3.5353910946893787	37.18	-35.19	0.4892597695390782	0.4892597695390782	11.28	0.0	299.0	290.97	441.29	111.4	0	1
PROTOTYPE	036454	04/16/18	08:37:11	0.4892597695390782	0.4892597695390782	11.28	-0.0	3.522670340681363	3.5334340556112225	32.21	-29.91	0.4892597695390782	0.4892597695390782	11.28	0.0	291.0	290.97	425.52	94.69	0	1
PROTOTYPE	036455	04/16/18	08:37:12	0.4892597695390782	0.4892597695390782	11.28	-0.0	3.522670340681363	3.5324555360721446	28.08	-25.43	0.39140781563126253	0.4745819764529058	24.92	-15.0	275.0	288.58	604.71	-84.52	0	1
PROTOTYPE	036456	04/16/18	08:37:14	0.4892597695390782	0.4892597695390782	11.27	-0.0	3.522670340681363	3.530498496993988	24.65	-21.61	0.4892597695390782	0.4765390155310621	26.16	-12.75	292.0	289.09	602.39	-86.84	0	1
PROTOTYPE	036457	04/16/18	08:37:15	0.4892597695390782	0.4892597695390782	11.3	-0.0	3.522670340681363	3.52951997745491	21.86	-18.37	0.4892597695390782	0.47849605460921835	27.15	-10.84	280.0	287.73	634.36	-118.81	0	1
PROTOTYPE	036458	04/16/18	08:37:17	0.4892597695390782	0.4892597695390782	11.29	-0.0	3.522670340681363	3.528541457915832	19.56	-15.62	0.4892597695390782	0.48045309368737477	27.89	-9.21	303.0	290.02	817.16	64.01	0	1
PROTOTYPE	036459	04/16/18	08:37:18	0.4892597695390782	0.4892597695390782	11.31	-0.0	3.6205222945891786	3.5422407314629263	30.24	1.73	0.4892597695390782	0.48143161322645295	28.47	-7.83	296.0	290.92	897.47	144.41	0	1
PROTOTYPE	036460	04/16/18	08:37:19	0.4892597695390782	0.4892597695390782	11.31	-0.0	3.522670340681363	3.5393051728456917	30.47	1.47	0.4892597695390782	0.482410132765531	28.89	-6.66	284.0	289.88	993.14	32.75	0	1
PROTOTYPE	036461	04/16/18	08:37:21	0.4892597695390782	0.4892597695390782	11.29	-0.0	3.522670340681363	3.536369614228457	30.65	1.25	0.4892597695390782	0.48338865230460926	29.19	-5.66	304.0	292.0	1063.23	102.83	0	1
PROTOTYPE	036462	04/16/18	08:37:22	0.4892597695390782	0.4892597695390782	11.29	-0.0	3.6205222945891786	3.5490903682364734	41.14	16.06	0.4892597695390782	0.48436717184368744	29.43	-4.81	287.0	291.25	1136.7	27.41	0	1
PROTOTYPE	036463	04/16/18	08:37:24	0.4892597695390782	0.4892597695390782	11.26	-0.0	3.522670340681363	3.54517629008016	43.26	13.65	0.4892597695390782	0.4853456913827655	15.93	10.91	289.0	290.91	930.84	233.3	0	1
PROTOTYPE	036464	04/16/18	08:37:25	0.4892597695390782	0.4892597695390782	11.28	-0.0	3.522670340681363	3.5422407314629263	45.02	11.6	0.4892597695390782	0.4863242109218437	14.83	9.28	300.0	292.27	1015.83	318.3	0	1
PROTOTYPE	036465	04/16/18	08:37:27	0.4892597695390782	0.4892597695390782	11.25	-0.0	3.522670340681363	3.5393051728456917	46.41	9.86	0.4892597695390782	0.4863242109218437	13.93	7.88	298.0	293.13	965.38	540.56	0	1
PROTOTYPE	036466	04/16/18	08:37:28	0.4892597695390782	0.4892597695390782	11.25	-0.0	3.522670340681363	3.536369614228457	47.54	8.38	0.4892597695390782	0.4863242109218437	13.25	6.7	295.0	293.41	764.33	339.47	0	1
PROTOTYPE	036467	04/16/18	08:37:29	0.4892597695390782	0.4892597695390782	11.25	-0.0	3.522670340681363	3.5344125751503004	35.92	-7.87	0.4892597695390782	0.48730273046092193	12.74	5.7	294.0	293.5	683.51	258.55	0	1
PROTOTYPE	036468	04/16/18	08:37:31	0.4892597695390782	0.4892597695390782	11.26	-0.0	3.522670340681363	3.5324555360721446	34.91	-6.69	0.4892597695390782	0.48730273046092193	12.36	4.84	287.0	292.53	677.29	264.77	0	1
PROTOTYPE	036469	04/16/18	08:37:32	0.4892597695390782	0.4892597695390782	11.26	-0.0	3.522670340681363	3.5314770165330667	34.09	-5.69	0.4892597695390782	0.48730273046092193	12.07	4.12	285.0	291.4	578.35	-59.95	0	1
PROTOTYPE	036470	04/16/18	08:37:34	0.4892597695390782	0.4892597695390782	11.28	-0.0	3.522670340681363	3.52951997745491	23.11	-19.84	0.4892597695390782	0.48828125	11.87	3.5	291.0	291.34	509.51	9.05	0	1
PROTOTYPE	036471	04/16/18	08:37:35	0.4892597695390782	0.4892597695390782	11.31	-0.0	3.522670340681363	3.528541457915832	20.59	-16.86	0.4892597695390782	0.48828125	11.74	2.97	287.0	290.69	540.85	-22.31	0	1
PROTOTYPE	036472	04/16/18	08:37:36	0.4892597695390782	0.4892597695390782	11.29	-0.0	3.522670340681363	3.5275629383767533	18.53	-14.33	0.4892597695390782	0.48828125	11.6	2.53	289.0	290.43	429.83	-183.96	0	1
PROTOTYPE	036473	04/16/18	08:37:38	0.4892597695390782	0.4892597695390782	11.3	-0.0	3.522670340681363	3.5275629383767533	16.88	-12.18	0.4892597695390782	0.48828125	11.53	2.15	295.0	291.12	412.43	-201.37	0	1
PROTOTYPE	036474	04/16/18	08:37:39	0.4892597695390782	0.4892597695390782	11.3	-0.0	3.522670340681363	3.5265844188376754	15.57	-10.35	0.4892597695390782	0.48828125	11.46	1.83	287.0	290.5	446.17	-291.16	0	1
PROTOTYPE	036475	04/16/18	08:37:41	0.4892597695390782	0.4892597695390782	11.3	-0.0	3.6205222945891786	3.5402836923847696	27.49	6.2	0.4892597695390782	0.48828125	11.42	1.55	291.0	290.58	444.86	-292.49	0	1
PROTOTYPE	036476	04/16/18	08:37:42	0.4892597695390782	0.4892597695390782	11.29	-0.0	3.522670340681363	3.538326653306613	28.27	5.27	0.4892597695390782	0.4892597695390782	11.38	1.32	290.0	290.49	356.09	-203.62	0	1
PROTOTYPE	036477	04/16/18	08:37:43	0.4892597695390782	0.4892597695390782	11.29	-0.0	3.522670340681363	3.5353910946893787	28.91	4.48	0.4892597695390782	0.4892597695390782	11.35	1.12	290.0	290.42	250.68	-98.07	0	1
PROTOTYPE	036478	04/16/18	08:37:45	0.4892597695390782	0.4892597695390782	11.28	-0.0	3.522670340681363	3.5334340556112225	29.41	3.81	0.4892597695390782	0.4892597695390782	11.32	0.95	293.0	290.8	283.35	-53.36	0	1
PROTOTYPE	036479	04/16/18	08:37:46	0.4892597695390782	0.4892597695390782	11.26	-0.0	3.522670340681363	3.5324555360721446	29.8	3.24	0.4892597695390782	0.4892597695390782	11.29	0.81	286.0	290.08	290.34	-60.36	0	1
PROTOTYPE	036480	04/16/18	08:37:48	0.4892597695390782	0.4892597695390782	11.27	-0.0	3.522670340681363	3.530498496993988	30.12	2.75	0.4892597695390782	0.4892597695390782	11.29	0.69	301.0	291.72	428.76	128.7	0	1
PROTOTYPE	036481	04/16/18	08:37:49	0.4892597695390782	0.4892597695390782	11.26	-0.0	3.522670340681363	3.52951997745491	30.35	2.34	0.4892597695390782	0.4892597695390782	11.28	0.59	289.0	291.31	401.08	19.39	0	1
PROTOTYPE	036482	04/16/18	08:37:50	0.4892597695390782	0.4892597695390782	11.27	-0.0	3.522670340681363	3.528541457915832	30.54	1.99	0.4892597695390782	0.4892597695390782	11.28	0.5	297.0	292.17	424.62	166.48	0	1
PROTOTYPE	036483	04/16/18	08:37:52	0.4892597695390782	0.4892597695390782	11.27	-0.0	3.522670340681363	3.5275629383767533	17.72	-13.31	0.4892597695390782	0.4892597695390782	11.28	0.42	278.0	290.04	629.48	-53.49	0	1
PROTOTYPE	036484	04/16/18	08:37:53	0.4892597695390782	0.4892597695390782	11.26	-0.0	3.522670340681363	3.5265844188376754	16.22	-11.31	0.4892597695390782	0.4892597695390782	11.26	0.36	290.0	290.03	622.26	-45.47	0	1
PROTOTYPE	036485	04/16/18	08:37:55	0.4892597695390782	0.4892597695390782	11.28	-0.0	3.522670340681363	3.5265844188376754	15.06	-9.62	0.4892597695390782	0.4892597695390782	11.28	0.31	299.0	291.38	749.28	96.35	0	1
PROTOTYPE	036486	04/16/18	08:37:56	0.4892597695390782	0.4892597695390782	11.28	-0.0	3.522670340681363	3.5256058992985975	14.14	-8.17	0.4892597695390782	0.4892597695390782	11.28	0.26	297.0	292.22	794.81	141.9	0	1
PROTOTYPE	036487	04/16/18	08:37:58	0.4892597695390782	0.4892597695390782	11.31	-0.0	3.522670340681363	3.5256058992985975	13.45	-6.95	0.4892597695390782	0.4892597695390782	11.31	0.22	292.0	292.19	726.38	210.62	0	1
PROTOTYPE	036488	04/16/18	08:37:59	0.4892597695390782	0.4892597695390782	11.3	-0.0	3.522670340681363	3.524627379759519	12.89	-5.91	0.4892597695390782	0.4892597695390782	11.3	0.19	292.0	292.16	565.78	44.02	0	1
PROTOTYPE	036489	04/16/18	08:38:00	0.4892597695390782	0.4892597695390782	11.32	-0.0	3.522670340681363	3.524627379759519	12.49	-5.02	0.4892597695390782	0.4892597695390782	11.32	0.16	294.0	292.44	552.57	112.42	0	1
PROTOTYPE	036490	04/16/18	08:38:02	0.4892597695390782	0.4892597695390782	11.32	-0.0	3.522670340681363	3.524627379759519	12.18	-4.27	0.4892597695390782	0.4892597695390782	11.32	0.14	292.0	292.37	473.95	20.56	0	1
PROTOTYPE	036491	04/16/18	08:38:03	0.4892597695390782	0.4892597695390782	11.3	-0.0	3.6205222945891786	3.538326653306613	25.34	11.37	0.4892597695390782	0.4892597695390782	11.3	0.12	301.0	293.67	390.9	362.47	0	1
PROTOTYPE	036492	04/16/18	08:38:05	0.4892597695390782	0.4892597695390782	11.33	-0.0	3.6205222945891786	3.551047407314629	36.38	24.67	0.4892597695390782	0.4892597695390782	11.33	0.1	293.0	293.57	399.45	353.1	0	1
PROTOTYPE	036493	04/16/18	08:38:06	0.4892597695390782	0.4892597695390782	11.31	-0.0	3.522670340681363	3.5471333291583167	39.38	20.97	0.4892597695390782	0.4892597695390782	11.31	0.08	275.0	290.78	543.45	-59.86	0	1
PROTOTYPE	036494	04/16/18	08:38:07	0.4892597695390782	0.4892597695390782	11.3	-0.0	3.522670340681363	3.543219251002004	41.81	17.82	0.4892597695390782	0.4892597695390782	11.3	0.07	287.0	290.21	515.86	-200.88	0	1
PROTOTYPE	036495	04/16/18	08:38:09	0.4892597695390782	0.4892597695390782	11.28	-0.0	3.522670340681363	3.5402836923847696	43.74	15.15	0.4892597695390782	0.4892597695390782	11.28	0.06	298.0	291.38	629.04	-80.75	0	1
PROTOTYPE	036496	04/16/18	08:38:10	0.4892597695390782	0.4892597695390782	11.28	-0.0	3.522670340681363	3.537348133767535	45.3	12.88	0.4892597695390782	0.4892597695390782	11.28	0.05	282.0	289.97	766.6	-218.64	0	1
PROTOTYPE	036497	04/16/18	08:38:12	0.4892597695390782	0.4892597695390782	11.28	-0.0	3.522670340681363	3.5353910946893787	46.51	10.94	0.4892597695390782	0.4892597695390782	11.28	0.04	291.0	290.13	754.43	-230.84	0	1
PROTOTYPE	036498	04/16/18	08:38:13	0.4892597695390782	0.4892597695390782	11.28	-0.0	3.522670340681363	3.5334340556112225	47.46	9.3	0.4892597695390782	0.4892597695390782	11.28	0.04	287.0	289.66	794.67	-271.22	0	1
PROTOTYPE	036499	04/16/18	08:38:15	0.4892597695390782	0.4892597695390782	11.28	-0.0	3.522670340681363	3.5314770165330667	34.78	-7.09	0.4892597695390782	0.4892597695390782	11.28	0.03	305.0	291.96	895.35	-170.53	0	1
PROTOTYPE	036500	04/16/18	08:38:16	0.4892597695390782	0.4892597695390782	11.26	-0.0	3.522670340681363	3.530498496993988	24.14	-21.03	0.4892597695390782	0.4892597695390782	11.26	0.03	305.0	293.92	1080.87	35.05	0	1
PROTOTYPE	036501	04/16/18	08:38:17	0.4892597695390782	0.4892597695390782	11.27	-0.0	3.6205222945891786	3.544197770541082	33.47	-2.87	0.4892597695390782	0.4892597695390782	11.27	0.02	295.0	294.08	818.7	329.79	0	1
PROTOTYPE	036502	04/16/18	08:38:19	0.4892597695390782	0.4892597695390782	11.28	-0.0	3.6205222945891786	3.5549614854709417	41.36	12.56	0.4892597695390782	0.4892597695390782	11.28	0.02	292.0	293.77	793.18	355.32	0	1
PROTOTYPE	036503	04/16/18	08:38:20	0.4892597695390782	0.4892597695390782	11.27	-0.0	3.522670340681363	3.5500688877755513	43.13	10.67	0.4892597695390782	0.4892597695390782	11.27	0.02	280.0	291.7	882.89	32.02	0	1
PROTOTYPE	036504	04/16/18	08:38:22	0.4892597695390782	0.4892597695390782	11.28	-0.0	3.6205222945891786	3.560832602705411	50.95	24.07	0.4892597695390782	0.4892597695390782	11.28	0.01	302.0	293.25	896.63	327.22	0	1
PROTOTYPE	036505	04/16/18	08:38:23	0.4892597695390782	0.4892597695390782	11.26	-0.0	3.6205222945891786	3.569639278557114	57.51	35.46	0.4892597695390782	0.4892597695390782	11.26	0.01	293.0	293.21	885.14	308.14	0	1
PROTOTYPE	036506	04/16/18	08:38:24	0.4892597695390782	0.4892597695390782	11.26	-0.0	3.6205222945891786	3.5774674348697397	63.01	45.14	0.4892597695390782	0.4892597695390782	11.26	0.01	295.0	293.48	865.09	381.92	0	1
PROTOTYPE	036507	04/16/18	08:38:26	0.4892597695390782	0.4892597695390782	11.29	-0.0	3.6205222945891786	3.584317071643287	67.6	53.37	0.4892597695390782	0.4892597695390782	11.29	0.01	292.0	293.26	657.19	129.63	0	1
PROTOTYPE	036508	04/16/18	08:38:27	0.4892597695390782	0.4892597695390782	11.3	-0.0	3.522670340681363	3.574531876252505	75.12	45.37	0.4892597695390782	0.4892597695390782	11.3	0.01	292.0	293.07	480.49	-84.82	0	1
PROTOTYPE	036509	04/16/18	08:38:29	0.4892597695390782	0.4892597695390782	11.3	-0.0	3.6205222945891786	3.5813815130260522	68.39	38.56	0.4892597695390782	0.4892597695390782	11.3	0.01	294.0	293.21	478.22	-87.09	0	1
PROTOTYPE	036510	04/16/18	08:38:30	0.4892597695390782	0.4892597695390782	11.31	-0.0	3.6205222945891786	3.5872526302605205	62.69	32.78	0.4892597695390782	0.4892597695390782	11.31	0.01	305.0	294.98	623.89	120.97	0	1
PROTOTYPE	036511	04/16/18	08:38:31	0.4892597695390782	0.4892597695390782	11.31	-0.0	3.6205222945891786	3.592145227955912	62.74	42.86	0.4892597695390782	0.4892597695390782	11.31	0.0	296.0	295.13	432.8	342.83	0	1
PROTOTYPE	036512	04/16/18	08:38:33	0.4892597695390782	0.4892597695390782	11.32	-0.0	3.6205222945891786	3.5970378256513027	56.44	36.43	0.4892597695390782	0.4892597695390782	11.32	0.0	289.0	294.21	370.28	96.4	0	1
PROTOTYPE	036513	04/16/18	08:38:34	0.4892597695390782	0.4892597695390782	11.32	-0.0	3.6205222945891786	3.5999733842685373	51.13	30.97	0.4892597695390782	0.4892597695390782	11.32	0.0	296.0	294.48	393.21	126.94	0	1
PROTOTYPE	036514	04/16/18	08:38:36	0.4892597695390782	0.4892597695390782	11.31	-0.0	3.6205222945891786	3.602908942885772	46.66	26.32	0.4892597695390782	0.4892597695390782	11.31	0.0	295.0	294.56	374.25	107.9	0	1
PROTOTYPE	036515	04/16/18	08:38:37	0.4892597695390782	0.4892597695390782	11.28	-0.0	3.6205222945891786	3.6058445015030065	42.9	22.37	0.4892597695390782	0.4892597695390782	11.28	0.0	291.0	294.02	405.41	76.71	0	1
PROTOTYPE	036516	04/16/18	08:38:38	0.4892597695390782	0.4892597695390782	11.26	-0.0	3.6205222945891786	3.607801540581162	36.05	34.02	0.4892597695390782	0.4892597695390782	11.26	0.0	291.0	293.57	431.89	50.21	0	1
PROTOTYPE	036517	04/16/18	08:38:40	0.4892597695390782	0.4892597695390782	11.26	-0.0	3.6205222945891786	3.6097585796593186	31.27	28.91	0.4892597695390782	0.4892597695390782	11.26	0.0	302.0	294.83	544.29	162.68	0	1
PROTOTYPE	036518	04/16/18	08:38:41	0.4892597695390782	0.4892597695390782	11.25	-0.0	3.6205222945891786	3.611715618737475	27.3	24.58	0.4892597695390782	0.4892597695390782	11.25	0.0	295.0	294.86	370.26	-11.72	0	1
PROTOTYPE	036519	04/16/18	08:38:43	0.4892597695390782	0.4892597695390782	11.25	-0.0	3.6205222945891786	3.612694138276553	24.01	20.89	0.4892597695390782	0.4892597695390782	11.25	0.0	296.0	295.03	372.01	-9.97	0	1
PROTOTYPE	036520	04/16/18	08:38:44	0.4892597695390782	0.4892597695390782	11.23	-0.0	3.6205222945891786	3.613672657815631	21.3	17.76	0.4892597695390782	0.4892597695390782	11.23	0.0	294.0	294.88	295.57	66.53	0	1
PROTOTYPE	036521	04/16/18	08:38:46	0.4892597695390782	0.4892597695390782	11.24	-0.0	3.6205222945891786	3.6146511773547094	19.11	15.09	0.4892597695390782	0.4892597695390782	11.24	0.0	297.0	295.19	300.58	71.55	0	1
PROTOTYPE	036522	04/16/18	08:38:47	0.4892597695390782	0.4892597695390782	11.27	-0.0	3.6205222945891786	3.6156296968937878	17.36	12.83	0.4892597695390782	0.4892597695390782	11.27	0.0	302.0	296.22	394.74	165.82	0	1
PROTOTYPE	036523	04/16/18	08:38:48	0.4892597695390782	0.4892597695390782	11.28	-0.0	3.6205222945891786	3.6166082164328657	15.95	10.91	0.4892597695390782	0.4892597695390782	11.28	0.0	289.0	295.13	449.6	110.94	0	1
PROTOTYPE	036524	04/16/18	08:38:50	0.4892597695390782	0.4892597695390782	11.28	-0.0	3.6205222945891786	3.617586735971944	14.83	9.27	0.4892597695390782	0.4892597695390782	11.28	0.0	301.0	296.01	492.24	244.3	0	1
PROTOTYPE	036525	04/16/18	08:38:51	0.4892597695390782	0.4892597695390782	11.29	-0.0	3.6205222945891786	3.617586735971944	13.96	7.88	0.4892597695390782	0.4892597695390782	11.29	0.0	289.0	294.96	470.99	12.66	0	1
PROTOTYPE	036526	04/16/18	08:38:53	0.4892597695390782	0.4892597695390782	11.29	-0.0	3.6205222945891786	3.617586735971944	13.29	6.7	0.4892597695390782	0.4892597695390782	11.29	0.0	291.0	294.37	527.57	-49.24	0	1
PROTOTYPE	036527	04/16/18	08:38:54	0.4892597695390782	0.4892597695390782	11.29	-0.0	3.6205222945891786	3.6185652555110215	12.78	5.69	0.4892597695390782	0.4892597695390782	11.29	0.0	290.0	293.71	575.92	-131.86	0	1
PROTOTYPE	036528	04/16/18	08:38:55	0.4892597695390782	0.4892597695390782	11.3	-0.0	3.6205222945891786	3.6185652555110215	12.39	4.84	0.4892597695390782	0.4892597695390782	11.3	0.0	301.0	294.81	669.73	-7.08	0	1
PROTOTYPE	036529	04/16/18	08:38:57	0.4892597695390782	0.4892597695390782	11.29	-0.0	3.6205222945891786	3.6185652555110215	12.09	4.11	0.4892597695390782	0.4892597695390782	11.29	0.0	285.0	293.33	784.92	-186.02	0	1
PROTOTYPE	036530	04/16/18	08:38:58	0.4892597695390782	0.4892597695390782	11.28	-0.0	3.6205222945891786	3.6195437750501003	11.87	3.5	0.4892597695390782	0.4892597695390782	11.28	0.0	286.0	292.23	792.85	-398.11	0	1
PROTOTYPE	036531	04/16/18	08:39:00	0.4892597695390782	0.4892597695390782	11.28	-0.0	3.6205222945891786	3.6195437750501003	11.71	2.97	0.4892597695390782	0.4892597695390782	11.28	0.0	277.0	289.95	913.13	-518.4	0	1
PROTOTYPE	036532	04/16/18	08:39:01	0.4892597695390782	0.4892597695390782	11.29	-0.0	3.6205222945891786	3.6195437750501003	11.6	2.53	0.4892597695390782	0.4892597695390782	11.29	0.0	299.0	291.31	960.89	-470.64	0	1
PROTOTYPE	036533	04/16/18	08:39:02	0.4892597695390782	0.4892597695390782	11.27	-0.0	3.6205222945891786	3.6195437750501003	11.5	2.15	0.4892597695390782	0.4892597695390782	11.27	0.0	290.0	291.11	875.33	-385.04	0	1
PROTOTYPE	036534	04/16/18	08:39:04	0.4892597695390782	0.4892597695390782	11.27	-0.0	3.6205222945891786	3.6195437750501003	11.43	1.82	0.4892597695390782	0.4892597695390782	11.27	0.0	285.0	290.19	907.57	-417.28	0	1
PROTOTYPE	036535	04/16/18	08:39:05	0.4892597695390782	0.4892597695390782	11.28	-0.0	3.6205222945891786	3.6195437750501003	11.4	1.55	0.4892597695390782	0.4892597695390782	11.28	0.0	290.0	290.16	845.28	-354.69	0	1
PROTOTYPE	036536	04/16/18	08:39:07	0.4892597695390782	0.4892597695390782	11.27	-0.0	3.6205222945891786	3.6205222945891786	11.35	1.32	0.4892597695390782	0.4892597695390782	11.27	0.0	299.0	291.49	868.49	-331.49	0	1
PROTOTYPE	036537	04/16/18	08:39:08	0.4892597695390782	0.4892597695390782	11.27	-0.0	3.6205222945891786	3.6205222945891786	11.33	1.12	0.4892597695390782	0.4892597695390782	11.27	0.0	303.0	293.22	894.06	-11.77	0	1
PROTOTYPE	036538	04/16/18	08:39:10	0.4892597695390782	0.4892597695390782	11.26	-0.0	3.6205222945891786	3.6205222945891786	11.3	0.95	0.4892597695390782	0.4892597695390782	11.26	0.0	289.0	292.58	847.3	35.0	0	1
PROTOTYPE	036539	04/16/18	08:39:11	0.4892597695390782	0.4892597695390782	11.25	-0.0	3.6205222945891786	3.6205222945891786	11.28	0.81	0.4892597695390782	0.4892597695390782	11.25	0.0	289.0	292.05	672.56	209.75	0	1
PROTOTYPE	036540	04/16/18	08:39:12	0.4892597695390782	0.4892597695390782	11.25	-0.0	3.6205222945891786	3.6205222945891786	11.27	0.69	0.4892597695390782	0.4892597695390782	11.25	0.0	300.0	293.24	656.1	193.29	0	1
PROTOTYPE	036541	04/16/18	08:39:14	0.4892597695390782	0.4892597695390782	11.26	-0.0	3.6205222945891786	3.6205222945891786	11.28	0.59	0.4892597695390782	0.4892597695390782	11.26	0.0	279.0	291.1	850.05	-0.71	0	1
PROTOTYPE	036542	04/16/18	08:39:15	0.4892597695390782	0.4892597695390782	11.26	-0.0	3.6205222945891786	3.6205222945891786	11.27	0.5	0.4892597695390782	0.4892597695390782	11.26	0.0	294.0	291.54	801.84	134.4	0	1
PROTOTYPE	036543	04/16/18	08:39:17	0.4892597695390782	0.4892597695390782	11.3	-0.0	3.6205222945891786	3.6205222945891786	11.31	0.42	0.4892597695390782	0.4892597695390782	11.3	0.0	288.0	291.01	851.7	84.24	0	1
PROTOTYPE	036544	04/16/18	08:39:18	0.4892597695390782	0.4892597695390782	11.31	0.0	3.6205222945891786	3.6205222945891786	11.31	0.36	0.4892597695390782	0.4892597695390782	11.31	0.0	282.0	289.66	854.29	-183.4	0	1
PROTOTYPE	036545	04/16/18	08:39:19	0.4892597695390782	0.4892597695390782	11.33	0.0	3.6205222945891786	3.6205222945891786	11.33	0.31	0.4892597695390782	0.4892597695390782	11.33	0.0	295.0	290.46	761.8	-275.89	0	1
PROTOTYPE	036546	04/16/18	08:39:21	0.4892597695390782	0.4892597695390782	11.32	0.0	3.6205222945891786	3.6205222945891786	11.32	0.26	0.4892597695390782	0.4892597695390782	11.32	0.0	295.0	291.14	766.68	-144.5	0	1
PROTOTYPE	036547	04/16/18	08:39:22	0.4892597695390782	0.4892597695390782	11.32	0.0	3.6205222945891786	3.6205222945891786	11.32	0.22	0.4892597695390782	0.4892597695390782	11.32	0.0	296.0	291.87	785.83	-17.83	0	1
PROTOTYPE	036548	04/16/18	08:39:24	0.4892597695390782	0.4892597695390782	11.32	0.0	3.6205222945891786	3.6205222945891786	11.32	0.19	0.4892597695390782	0.4892597695390782	11.32	0.0	281.0	290.24	829.55	-300.15	0	1
PROTOTYPE	036549	04/16/18	08:39:25	0.4892597695390782	0.4892597695390782	11.31	0.0	3.6205222945891786	3.6205222945891786	11.31	0.16	0.4892597695390782	0.4892597695390782	11.31	0.0	293.0	290.65	657.4	-45.13	0	1
PROTOTYPE	036550	04/16/18	08:39:26	0.4892597695390782	0.4892597695390782	11.31	0.0	3.6205222945891786	3.6205222945891786	11.31	0.14	0.4892597695390782	0.4892597695390782	11.31	0.0	282.0	289.35	743.73	-218.36	0	1
PROTOTYPE	036551	04/16/18	08:39:28	0.4892597695390782	0.4892597695390782	11.27	0.0	3.6205222945891786	3.6205222945891786	11.27	0.12	0.4892597695390782	0.4892597695390782	11.27	0.0	305.0	291.7	925.32	69.39	0	1
PROTOTYPE	036552	04/16/18	08:39:29	0.4892597695390782	0.4892597695390782	11.26	0.0	3.6205222945891786	3.6205222945891786	11.26	0.1	0.4892597695390782	0.4892597695390782	11.26	0.0	298.0	292.65	884.7	298.98	0	1
PROTOTYPE	036553	04/16/18	08:39:31	0.4892597695390782	0.4892597695390782	11.25	0.0	3.6205222945891786	3.6205222945891786	11.25	0.08	0.4892597695390782	0.4892597695390782	11.25	0.0	298.0	293.45	884.85	299.14	0	1
PROTOTYPE	036554	04/16/18	08:39:32	0.4892597695390782	0.4892597695390782	11.25	0.0	3.6205222945891786	3.6205222945891786	11.25	0.07	0.4892597695390782	0.4892597695390782	11.25	0.0	289.0	292.78	883.45	164.27	0	1
PROTOTYPE	036555	04/16/18	08:39:33	0.4892597695390782	0.4892597695390782	11.26	0.0	3.6205222945891786	3.6205222945891786	11.26	0.06	0.4892597695390782	0.4892597695390782	11.26	0.0	287.0	291.91	897.27	4.63	0	1
PROTOTYPE	036556	04/16/18	08:39:35	0.4892597695390782	0.4892597695390782	11.26	0.0	3.6205222945891786	3.6205222945891786	11.26	0.05	0.4892597695390782	0.4892597695390782	11.26	0.0	289.0	291.48	777.98	123.93	0	1
PROTOTYPE	036557	04/16/18	08:39:36	0.4892597695390782	0.4892597695390782	11.29	0.0	3.6205222945891786	3.6205222945891786	11.29	0.04	0.4892597695390782	0.4892597695390782	11.29	0.0	286.0	290.66	818.7	0.34	0	1
PROTOTYPE	036558	04/16/18	08:39:38	0.4892597695390782	0.4892597695390782	11.29	0.0	3.6205222945891786	3.6205222945891786	11.29	0.04	0.4892597695390782	0.4892597695390782	11.29	0.0	287.0	290.11	743.76	75.29	0	1
PROTOTYPE	036559	04/16/18	08:39:39	0.4892597695390782	0.4892597695390782	11.31	0.0	3.6205222945891786	3.6205222945891786	11.31	0.03	0.4892597695390782	0.4892597695390782	11.31	0.0	278.0	288.29	690.69	-341.0	0	1
PROTOTYPE	036560	04/16/18	08:39:41	0.4892597695390782	0.4892597695390782	11.31	0.0	3.6205222945891786	3.6205222945891786	11.31	0.03	0.4892597695390782	0.4892597695390782	11.31	0.0	292.0	288.85	651.85	-379.85	0	1
PROTOTYPE	036561	04/16/18	08:39:42	0.4892597695390782	0.4892597695390782	11.31	0.0	3.6205222945891786	3.6205222945891786	11.31	0.02	0.4892597695390782	0.4892597695390782	11.31	0.0	299.0	290.37	723.82	-307.87	0	1
PROTOTYPE	036562	04/16/18	08:39:43	0.4892597695390782	0.4892597695390782	11.31	0.0	3.6205222945891786	3.6205222945891786	11.31	0.02	0.4892597695390782	0.4892597695390782	11.31	0.0	299.0	291.66	786.52	-111.69	0	1
PROTOTYPE	036563	04/16/18	08:39:45	0.4892597695390782	0.4892597695390782	11.33	0.0	3.6205222945891786	3.6205222945891786	11.33	0.02	0.4892597695390782	0.4892597695390782	11.33	0.0	294.0	292.02	734.83	10.06	0	1
PROTOTYPE	036564	04/16/18	08:39:46	0.4892597695390782	0.4892597695390782	11.33	0.0	3.6205222945891786	3.6205222945891786	11.33	0.01	0.4892597695390782	0.4892597695390782	11.33	0.0	289.0	291.56	736.34	8.55	0	1
PROTOTYPE	036565	04/16/18	08:39:48	0.4892597695390782	0.4892597695390782	11.31	0.0	3.6205222945891786	3.6205222945891786	11.31	0.01	0.4892597695390782	0.4892597695390782	11.31	0.0	284.0	290.43	767.62	-22.73	0	1
PROTOTYPE	036566	04/16/18	08:39:49	0.4892597695390782	0.4892597695390782	11.31	0.0	3.6205222945891786	3.6205222945891786	11.31	0.01	0.4892597695390782	0.4892597695390782	11.31	0.0	294.0	290.96	766.36	85.68	0	1
