Dev_id	Index	Date	Time	Sensor1	Sensor1_Filter	Sensor1_LL	Sensor1_Diff	Sensor2	Sensor2_Filter	Sensor2_LL	Sensor2_Diff	Sensor3	Sensor3_Filter	Sensor3_LL	Sensor3_Diff	Sensor4	Sensor4_Filter	Sensor4_LL	Sensor4_Diff	Heater_Status	FSM_Status
PROTOTYPE	026167	04/16/18	04:35:11	0.4892597695390782	0.4892597695390782	11.31	0.0	3.522670340681363	3.5158207039078153	22.29	18.87	0.4892597695390782	0.4892597695390782	11.31	0.0	295.0	289.94	703.29	-8.1	0	1
PROTOTYPE	026168	04/16/18	04:35:12	0.4892597695390782	0.4892597695390782	11.29	0.0	3.522670340681363	3.5167992234468937	19.9	16.04	0.4892597695390782	0.4892597695390782	11.29	0.0	279.0	288.3	777.7	-261.88	0	1
PROTOTYPE	026169	04/16/18	04:35:14	0.4892597695390782	0.4892597695390782	11.31	0.0	3.522670340681363	3.5177777429859725	18.0	13.63	0.4892597695390782	0.4892597695390782	11.31	0.0	291.0	288.7	741.99	-297.6	0	1
PROTOTYPE	026170	04/16/18	04:35:15	0.4892597695390782	0.4892597695390782	11.32	0.0	3.522670340681363	3.51875626252505	16.47	11.59	0.4892597695390782	0.4892597695390782	11.32	0.0	286.0	288.3	712.37	-267.96	0	1
PROTOTYPE	026171	04/16/18	04:35:17	0.4892597695390782	0.4892597695390782	11.34	0.0	3.522670340681363	3.51875626252505	15.26	9.85	0.4892597695390782	0.4892597695390782	11.34	0.0	288.0	288.25	626.73	-362.77	0	1
PROTOTYPE	026172	04/16/18	04:35:18	0.4892597695390782	0.4892597695390782	11.35	0.0	3.522670340681363	3.5197347820641283	14.31	8.37	0.4892597695390782	0.4892597695390782	11.35	0.0	297.0	289.57	755.66	-233.35	0	1
PROTOTYPE	026173	04/16/18	04:35:19	0.4892597695390782	0.4892597695390782	11.36	0.0	3.522670340681363	3.5197347820641283	13.58	7.12	0.4892597695390782	0.4892597695390782	11.36	0.0	283.0	288.58	675.66	-153.35	0	1
PROTOTYPE	026174	04/16/18	04:35:21	0.4892597695390782	0.4892597695390782	11.34	0.0	3.522670340681363	3.520713301603206	13.0	6.05	0.4892597695390782	0.4892597695390782	11.34	0.0	291.0	288.94	605.25	-10.35	0	1
PROTOTYPE	026175	04/16/18	04:35:22	0.4892597695390782	0.4892597695390782	11.33	0.0	3.522670340681363	3.520713301603206	12.56	5.14	0.4892597695390782	0.4892597695390782	11.33	0.0	293.0	289.55	576.81	-38.79	0	1
PROTOTYPE	026176	04/16/18	04:35:24	0.4892597695390782	0.4892597695390782	11.34	0.0	3.522670340681363	3.520713301603206	12.24	4.37	0.4892597695390782	0.4892597695390782	11.34	0.0	287.0	289.17	451.01	87.03	0	1
PROTOTYPE	026177	04/16/18	04:35:25	0.4892597695390782	0.4892597695390782	11.34	0.0	3.522670340681363	3.5216918211422845	12.0	3.71	0.4892597695390782	0.4892597695390782	11.34	0.0	284.0	288.39	488.02	-31.03	0	1
PROTOTYPE	026178	04/16/18	04:35:27	0.4892597695390782	0.4892597695390782	11.33	0.0	3.522670340681363	3.5216918211422845	11.81	3.16	0.4892597695390782	0.4892597695390782	11.33	0.0	297.0	289.68	576.53	138.63	0	1
PROTOTYPE	026179	04/16/18	04:35:28	0.4892597695390782	0.4892597695390782	11.33	0.0	3.522670340681363	3.5216918211422845	11.68	2.68	0.4892597695390782	0.4892597695390782	11.33	0.0	296.0	290.63	666.57	237.83	0	1
PROTOTYPE	026180	04/16/18	04:35:29	0.4892597695390782	0.4892597695390782	11.34	0.0	3.522670340681363	3.5216918211422845	11.59	2.28	0.4892597695390782	0.4892597695390782	11.34	0.0	300.0	292.04	675.89	247.16	0	1
PROTOTYPE	026181	04/16/18	04:35:31	0.4892597695390782	0.4892597695390782	11.32	0.0	3.522670340681363	3.5216918211422845	11.5	1.94	0.4892597695390782	0.4892597695390782	11.32	0.0	299.0	293.08	681.85	450.08	0	1
PROTOTYPE	026182	04/16/18	04:35:32	0.4892597695390782	0.4892597695390782	11.32	0.0	3.522670340681363	3.5216918211422845	11.45	1.65	0.4892597695390782	0.4892597695390782	11.32	0.0	287.0	292.17	736.77	322.57	0	1
PROTOTYPE	026183	04/16/18	04:35:34	0.4892597695390782	0.4892597695390782	11.31	0.0	3.522670340681363	3.5216918211422845	11.41	1.4	0.4892597695390782	0.4892597695390782	11.31	0.0	287.0	291.39	753.46	184.19	0	1
PROTOTYPE	026184	04/16/18	04:35:35	0.4892597695390782	0.4892597695390782	11.31	0.0	3.522670340681363	3.522670340681363	11.38	1.19	0.4892597695390782	0.4892597695390782	11.31	0.0	281.0	289.83	871.07	66.56	0	1
PROTOTYPE	026185	04/16/18	04:35:36	0.4892597695390782	0.4892597695390782	11.29	0.0	3.522670340681363	3.522670340681363	11.34	1.01	0.4892597695390782	0.4892597695390782	11.29	0.0	293.0	290.31	841.02	191.57	0	1
PROTOTYPE	026186	04/16/18	04:35:38	0.4892597695390782	0.4892597695390782	11.26	0.0	3.522670340681363	3.522670340681363	11.3	0.86	0.4892597695390782	0.4892597695390782	11.26	0.0	294.0	290.86	767.29	117.84	0	1
PROTOTYPE	026187	04/16/18	04:35:39	0.4892597695390782	0.4892597695390782	11.23	0.0	3.522670340681363	3.522670340681363	11.25	0.73	0.4892597695390782	0.4892597695390782	11.23	0.0	281.0	289.38	820.51	-124.84	0	1
PROTOTYPE	026188	04/16/18	04:35:41	0.4892597695390782	0.4892597695390782	11.22	0.0	3.522670340681363	3.522670340681363	11.24	0.62	0.4892597695390782	0.4892597695390782	11.22	0.0	302.0	291.28	869.23	-76.11	0	1
PROTOTYPE	026189	04/16/18	04:35:42	0.4892597695390782	0.4892597695390782	11.23	0.0	3.522670340681363	3.522670340681363	11.24	0.53	0.4892597695390782	0.4892597695390782	11.23	0.0	293.0	291.53	790.68	-154.7	0	1
PROTOTYPE	026190	04/16/18	04:35:43	0.4892597695390782	0.4892597695390782	11.24	0.0	3.522670340681363	3.522670340681363	11.25	0.45	0.4892597695390782	0.4892597695390782	11.24	0.0	282.0	290.1	842.47	-206.49	0	1
PROTOTYPE	026191	04/16/18	04:35:45	0.4892597695390782	0.4892597695390782	11.25	0.0	3.522670340681363	3.522670340681363	11.26	0.38	0.4892597695390782	0.4892597695390782	11.25	0.0	296.0	290.99	853.36	-40.52	0	1
PROTOTYPE	026192	04/16/18	04:35:46	0.4892597695390782	0.4892597695390782	11.24	0.0	3.522670340681363	3.522670340681363	11.24	0.32	0.4892597695390782	0.4892597695390782	11.24	0.0	289.0	290.69	727.31	85.56	0	1
PROTOTYPE	026193	04/16/18	04:35:48	0.4892597695390782	0.4892597695390782	11.23	0.0	3.522670340681363	3.522670340681363	11.23	0.28	0.4892597695390782	0.4892597695390782	11.23	0.0	295.0	291.34	744.47	102.73	0	1
PROTOTYPE	026194	04/16/18	04:35:49	0.4892597695390782	0.4892597695390782	11.25	0.0	3.522670340681363	3.522670340681363	11.25	0.23	0.4892597695390782	0.4892597695390782	11.25	0.0	288.0	290.84	739.17	-2.68	0	1
PROTOTYPE	026195	04/16/18	04:35:51	0.4892597695390782	0.4892597695390782	11.28	0.0	3.522670340681363	3.522670340681363	11.28	0.2	0.4892597695390782	0.4892597695390782	11.28	0.0	282.0	289.51	723.77	12.72	0	1
PROTOTYPE	026196	04/16/18	04:35:52	0.4892597695390782	0.4892597695390782	11.26	0.0	3.522670340681363	3.522670340681363	11.26	0.17	0.4892597695390782	0.4892597695390782	11.26	0.0	306.0	291.98	781.86	70.81	0	1
PROTOTYPE	026197	04/16/18	04:35:53	0.4892597695390782	0.4892597695390782	11.28	0.0	3.522670340681363	3.522670340681363	11.28	0.14	0.4892597695390782	0.4892597695390782	11.28	0.0	287.0	291.24	830.74	-29.81	0	1
PROTOTYPE	026198	04/16/18	04:35:55	0.4892597695390782	0.4892597695390782	11.28	0.0	3.522670340681363	3.522670340681363	11.28	0.12	0.4892597695390782	0.4892597695390782	11.28	0.0	299.0	292.4	804.17	229.66	0	1
PROTOTYPE	026199	04/16/18	04:35:56	0.4892597695390782	0.4892597695390782	11.27	0.0	3.522670340681363	3.522670340681363	11.27	0.1	0.4892597695390782	0.4892597695390782	11.27	0.0	294.0	292.64	739.75	165.21	0	1
PROTOTYPE	026200	04/16/18	04:35:58	0.4892597695390782	0.4892597695390782	11.3	0.0	3.522670340681363	3.522670340681363	11.3	0.09	0.4892597695390782	0.4892597695390782	11.3	0.0	282.0	291.04	869.51	35.43	0	1
PROTOTYPE	026201	04/16/18	04:35:59	0.4892597695390782	0.4892597695390782	11.33	0.0	3.522670340681363	3.522670340681363	11.33	0.08	0.4892597695390782	0.4892597695390782	11.33	0.0	303.0	292.84	984.18	150.12	0	1
PROTOTYPE	026202	04/16/18	04:36:00	0.4892597695390782	0.4892597695390782	11.32	0.0	3.424818386773547	3.5079925475951903	24.98	-14.94	0.4892597695390782	0.4892597695390782	11.32	0.0	293.0	292.86	936.91	202.6	0	1
PROTOTYPE	026203	04/16/18	04:36:02	0.4892597695390782	0.4892597695390782	11.3	0.0	3.522670340681363	3.5099495866733466	26.21	-12.7	0.4892597695390782	0.4892597695390782	11.3	0.0	296.0	293.33	851.44	382.21	0	1
PROTOTYPE	026204	04/16/18	04:36:03	0.4892597695390782	0.4892597695390782	11.32	0.0	3.522670340681363	3.5119066257515033	27.19	-10.79	0.4892597695390782	0.4892597695390782	11.32	0.0	292.0	293.13	624.15	114.88	0	1
PROTOTYPE	026205	04/16/18	04:36:05	0.4892597695390782	0.4892597695390782	11.31	0.0	3.522670340681363	3.513863664829659	27.93	-9.17	0.4892597695390782	0.4892597695390782	11.31	0.0	300.0	294.16	652.38	292.65	0	1
PROTOTYPE	026206	04/16/18	04:36:06	0.4892597695390782	0.4892597695390782	11.29	0.0	3.522670340681363	3.514842184368738	28.48	-7.8	0.4892597695390782	0.4892597695390782	11.29	0.0	278.0	291.74	778.38	-66.25	0	1
PROTOTYPE	026207	04/16/18	04:36:07	0.4892597695390782	0.4892597695390782	11.31	0.0	3.522670340681363	3.5158207039078153	28.92	-6.63	0.4892597695390782	0.4892597695390782	11.31	0.0	275.0	289.23	1005.44	-341.31	0	1
PROTOTYPE	026208	04/16/18	04:36:09	0.4892597695390782	0.4892597695390782	11.29	0.0	3.522670340681363	3.5167992234468937	29.22	-5.63	0.4892597695390782	0.4892597695390782	11.29	0.0	283.0	288.29	939.24	-275.12	0	1
PROTOTYPE	026209	04/16/18	04:36:10	0.4892597695390782	0.4892597695390782	11.27	0.0	3.522670340681363	3.5177777429859725	29.44	-4.79	0.4892597695390782	0.4892597695390782	11.27	0.0	304.0	290.65	995.51	-218.85	0	1
PROTOTYPE	026210	04/16/18	04:36:12	0.4892597695390782	0.4892597695390782	11.28	0.0	3.522670340681363	3.51875626252505	15.96	10.93	0.4892597695390782	0.4892597695390782	11.28	0.0	285.0	289.8	1077.46	-306.02	0	1
PROTOTYPE	026211	04/16/18	04:36:13	0.4892597695390782	0.4892597695390782	11.28	0.0	3.522670340681363	3.5197347820641283	14.84	9.29	0.4892597695390782	0.4892597695390782	11.28	0.0	290.0	289.83	1033.66	-350.12	0	1
PROTOTYPE	026212	04/16/18	04:36:15	0.4892597695390782	0.4892597695390782	11.28	0.0	3.522670340681363	3.5197347820641283	13.97	7.9	0.4892597695390782	0.4892597695390782	11.28	0.0	294.0	290.46	1076.15	-267.6	0	1
PROTOTYPE	026213	04/16/18	04:36:16	0.4892597695390782	0.4892597695390782	11.27	0.0	3.522670340681363	3.5197347820641283	13.28	6.71	0.4892597695390782	0.4892597695390782	11.27	0.0	293.0	290.84	1011.31	-332.46	0	1
PROTOTYPE	026214	04/16/18	04:36:17	0.4892597695390782	0.4892597695390782	11.26	0.0	3.522670340681363	3.520713301603206	12.75	5.71	0.4892597695390782	0.4892597695390782	11.26	0.0	287.0	290.26	826.45	-147.59	0	1
PROTOTYPE	026215	04/16/18	04:36:19	0.4892597695390782	0.4892597695390782	11.26	0.0	3.522670340681363	3.520713301603206	12.36	4.85	0.4892597695390782	0.4892597695390782	11.26	0.0	298.0	291.42	691.44	219.55	0	1
PROTOTYPE	026216	04/16/18	04:36:20	0.4892597695390782	0.4892597695390782	11.27	0.0	3.522670340681363	3.520713301603206	12.08	4.12	0.4892597695390782	0.4892597695390782	11.27	0.0	280.0	289.71	769.36	141.62	0	1
PROTOTYPE	026217	04/16/18	04:36:22	0.4892597695390782	0.4892597695390782	11.29	0.0	3.522670340681363	3.5216918211422845	11.88	3.5	0.4892597695390782	0.4892597695390782	11.29	0.0	285.0	289.0	604.43	-164.63	0	1
PROTOTYPE	026218	04/16/18	04:36:23	0.4892597695390782	0.4892597695390782	11.31	0.0	3.522670340681363	3.5216918211422845	11.74	2.98	0.4892597695390782	0.4892597695390782	11.31	0.0	287.0	288.7	549.75	-109.93	0	1
PROTOTYPE	026219	04/16/18	04:36:24	0.4892597695390782	0.4892597695390782	11.31	0.0	3.522670340681363	3.5216918211422845	11.62	2.53	0.4892597695390782	0.4892597695390782	11.31	0.0	296.0	289.8	655.94	-3.44	0	1
PROTOTYPE	026220	04/16/18	04:36:26	0.4892597695390782	0.4892597695390782	11.31	0.0	3.522670340681363	3.5216918211422845	11.54	2.15	0.4892597695390782	0.4892597695390782	11.31	0.0	282.0	288.63	710.37	-182.93	0	1
PROTOTYPE	026221	04/16/18	04:36:27	0.4892597695390782	0.4892597695390782	11.31	0.0	3.522670340681363	3.5216918211422845	11.47	1.83	0.4892597695390782	0.4892597695390782	11.31	0.0	298.0	290.03	812.79	-80.49	0	1
PROTOTYPE	026222	04/16/18	04:36:29	0.4892597695390782	0.4892597695390782	11.33	0.0	3.522670340681363	3.5216918211422845	11.45	1.55	0.4892597695390782	0.4892597695390782	11.33	0.0	280.0	288.53	905.71	-173.41	0	1
PROTOTYPE	026223	04/16/18	04:36:30	0.4892597695390782	0.4892597695390782	11.32	0.0	3.522670340681363	3.522670340681363	11.4	1.32	0.4892597695390782	0.4892597695390782	11.32	0.0	299.0	290.1	946.72	-132.4	0	1
PROTOTYPE	026224	04/16/18	04:36:31	0.4892597695390782	0.4892597695390782	11.31	0.0	3.522670340681363	3.522670340681363	11.37	1.12	0.4892597695390782	0.4892597695390782	11.31	0.0	292.0	290.38	803.91	67.46	0	1
PROTOTYPE	026225	04/16/18	04:36:33	0.4892597695390782	0.4892597695390782	11.3	0.0	3.522670340681363	3.522670340681363	11.34	0.95	0.4892597695390782	0.4892597695390782	11.3	0.0	285.0	289.58	814.02	57.34	0	1
PROTOTYPE	026226	04/16/18	04:36:34	0.4892597695390782	0.4892597695390782	11.28	0.0	3.522670340681363	3.522670340681363	11.31	0.81	0.4892597695390782	0.4892597695390782	11.28	0.0	279.0	287.99	942.6	-71.26	0	1
PROTOTYPE	026227	04/16/18	04:36:36	0.4892597695390782	0.4892597695390782	11.31	0.0	3.522670340681363	3.522670340681363	11.33	0.69	0.4892597695390782	0.4892597695390782	11.31	0.0	288.0	287.99	834.57	-180.57	0	1
PROTOTYPE	026228	04/16/18	04:36:37	0.4892597695390782	0.4892597695390782	11.29	0.0	3.522670340681363	3.522670340681363	11.31	0.59	0.4892597695390782	0.4892597695390782	11.29	0.0	289.0	288.14	732.79	-48.49	0	1
PROTOTYPE	026229	04/16/18	04:36:39	0.4892597695390782	0.4892597695390782	11.31	0.0	3.424818386773547	3.5079925475951903	24.93	-14.5	0.4892597695390782	0.4892597695390782	11.31	0.0	291.0	288.57	635.08	-146.21	0	1
PROTOTYPE	026230	04/16/18	04:36:40	0.4892597695390782	0.4892597695390782	11.31	0.0	3.522670340681363	3.5099495866733466	26.2	-12.33	0.4892597695390782	0.4892597695390782	11.31	0.0	304.0	290.89	716.0	235.72	0	1
PROTOTYPE	026231	04/16/18	04:36:41	0.4892597695390782	0.4892597695390782	11.31	0.0	3.522670340681363	3.5119066257515033	27.18	-10.48	0.4892597695390782	0.4892597695390782	11.31	0.0	300.0	292.25	695.64	215.36	0	1
PROTOTYPE	026232	04/16/18	04:36:43	0.4892597695390782	0.4892597695390782	11.31	0.0	3.522670340681363	3.513863664829659	27.94	-8.91	0.4892597695390782	0.4892597695390782	11.31	0.0	290.0	291.91	700.92	153.06	0	1
PROTOTYPE	026233	04/16/18	04:36:44	0.4892597695390782	0.4892597695390782	11.3	0.0	3.522670340681363	3.514842184368738	28.5	-7.57	0.4892597695390782	0.4892597695390782	11.3	0.0	290.0	291.63	648.9	205.1	0	1
PROTOTYPE	026234	04/16/18	04:36:46	0.4892597695390782	0.4892597695390782	11.32	0.0	3.522670340681363	3.5158207039078153	28.95	-6.43	0.4892597695390782	0.4892597695390782	11.32	0.0	283.0	290.33	619.67	234.33	0	1
PROTOTYPE	026235	04/16/18	04:36:47	0.4892597695390782	0.4892597695390782	11.29	0.0	3.522670340681363	3.5167992234468937	29.25	-5.47	0.4892597695390782	0.4892597695390782	11.29	0.0	292.0	290.58	643.26	259.18	0	1
PROTOTYPE	026236	04/16/18	04:36:48	0.4892597695390782	0.4892597695390782	11.29	0.0	3.522670340681363	3.5177777429859725	29.49	-4.65	0.4892597695390782	0.4892597695390782	11.29	0.0	289.0	290.35	651.87	220.31	0	1
PROTOTYPE	026237	04/16/18	04:36:50	0.4892597695390782	0.4892597695390782	11.29	0.0	3.522670340681363	3.51875626252505	16.05	11.05	0.4892597695390782	0.4892597695390782	11.29	0.0	297.0	291.34	708.81	277.26	0	1
PROTOTYPE	026238	04/16/18	04:36:51	0.4892597695390782	0.4892597695390782	11.29	0.0	3.522670340681363	3.51875626252505	14.91	9.39	0.4892597695390782	0.4892597695390782	11.29	0.0	305.0	293.39	682.22	250.67	0	1
PROTOTYPE	026239	04/16/18	04:36:53	0.4892597695390782	0.4892597695390782	11.3	0.0	3.522670340681363	3.5197347820641283	14.03	7.98	0.4892597695390782	0.4892597695390782	11.3	0.0	292.0	293.18	566.43	93.07	0	1
PROTOTYPE	026240	04/16/18	04:36:54	0.4892597695390782	0.4892597695390782	11.3	0.0	3.522670340681363	3.5197347820641283	13.35	6.79	0.4892597695390782	0.4892597695390782	11.3	0.0	300.0	294.21	634.87	229.11	0	1
PROTOTYPE	026241	04/16/18	04:36:55	0.4892597695390782	0.4892597695390782	11.3	0.0	3.522670340681363	3.520713301603206	12.82	5.77	0.4892597695390782	0.4892597695390782	11.3	0.0	294.0	294.18	609.5	254.74	0	1
PROTOTYPE	026242	04/16/18	04:36:57	0.4892597695390782	0.4892597695390782	11.29	0.0	3.522670340681363	3.520713301603206	12.42	4.9	0.4892597695390782	0.4892597695390782	11.29	0.0	278.0	291.75	722.71	141.53	0	1
PROTOTYPE	026243	04/16/18	04:36:58	0.4892597695390782	0.4892597695390782	11.29	0.0	3.522670340681363	3.520713301603206	12.12	4.17	0.4892597695390782	0.4892597695390782	11.29	0.0	282.0	290.29	843.91	-29.7	0	1
PROTOTYPE	026244	04/16/18	04:37:00	0.4892597695390782	0.4892597695390782	11.3	0.0	3.522670340681363	3.5216918211422845	11.9	3.54	0.4892597695390782	0.4892597695390782	11.3	0.0	283.0	289.19	929.43	-115.24	0	1
PROTOTYPE	026245	04/16/18	04:37:01	0.4892597695390782	0.4892597695390782	11.29	0.0	3.522670340681363	3.5216918211422845	11.73	3.01	0.4892597695390782	0.4892597695390782	11.29	0.0	290.0	289.31	841.79	-202.96	0	1
PROTOTYPE	026246	04/16/18	04:37:03	0.4892597695390782	0.4892597695390782	11.29	0.0	3.522670340681363	3.5216918211422845	11.61	2.56	0.4892597695390782	0.4892597695390782	11.29	0.0	279.0	287.77	791.67	-562.51	0	1
PROTOTYPE	026247	04/16/18	04:37:04	0.4892597695390782	0.4892597695390782	11.28	0.0	3.522670340681363	3.5216918211422845	11.51	2.18	0.4892597695390782	0.4892597695390782	11.28	0.0	286.0	287.5	797.28	-568.14	0	1
PROTOTYPE	026248	04/16/18	04:37:05	0.4892597695390782	0.4892597695390782	11.27	0.0	3.522670340681363	3.5216918211422845	11.44	1.85	0.4892597695390782	0.4892597695390782	11.27	0.0	296.0	288.78	822.5	-542.92	0	1
PROTOTYPE	026249	04/16/18	04:37:07	0.4892597695390782	0.4892597695390782	11.27	0.0	3.522670340681363	3.5216918211422845	11.39	1.57	0.4892597695390782	0.4892597695390782	11.27	0.0	282.0	287.76	920.77	-641.48	0	1
PROTOTYPE	026250	04/16/18	04:37:08	0.4892597695390782	0.4892597695390782	11.26	0.0	3.522670340681363	3.5216918211422845	11.35	1.34	0.4892597695390782	0.4892597695390782	11.26	0.0	296.0	289.0	801.74	-275.26	0	1
PROTOTYPE	026251	04/16/18	04:37:10	0.4892597695390782	0.4892597695390782	11.26	0.0	3.522670340681363	3.522670340681363	11.32	1.14	0.4892597695390782	0.4892597695390782	11.26	0.0	295.0	289.9	745.56	-38.97	0	1
PROTOTYPE	026252	04/16/18	04:37:11	0.4892597695390782	0.4892597695390782	11.28	0.0	3.522670340681363	3.522670340681363	11.32	0.97	0.4892597695390782	0.4892597695390782	11.28	0.0	299.0	291.26	772.81	206.88	0	1
PROTOTYPE	026253	04/16/18	04:37:12	0.4892597695390782	0.4892597695390782	11.28	0.0	3.522670340681363	3.522670340681363	11.31	0.82	0.4892597695390782	0.4892597695390782	11.28	0.0	292.0	291.37	771.79	205.85	0	1
PROTOTYPE	026254	04/16/18	04:37:14	0.4892597695390782	0.4892597695390782	11.29	0.0	3.522670340681363	3.522670340681363	11.31	0.7	0.4892597695390782	0.4892597695390782	11.29	0.0	294.0	291.77	656.49	399.97	0	1
PROTOTYPE	026255	04/16/18	04:37:15	0.4892597695390782	0.4892597695390782	11.28	0.0	3.522670340681363	3.522670340681363	11.3	0.59	0.4892597695390782	0.4892597695390782	11.28	0.0	283.0	290.45	761.46	294.97	0	1
PROTOTYPE	026256	04/16/18	04:37:17	0.4892597695390782	0.4892597695390782	11.29	0.0	3.424818386773547	3.5079925475951903	24.92	-14.5	0.4892597695390782	0.4892597695390782	11.29	0.0	284.0	289.48	730.77	70.73	0	1
PROTOTYPE	026257	04/16/18	04:37:18	0.4892597695390782	0.4892597695390782	11.3	0.0	3.522670340681363	3.5099495866733466	26.2	-12.32	0.4892597695390782	0.4892597695390782	11.3	0.0	284.0	288.66	711.39	90.12	0	1
PROTOTYPE	026258	04/16/18	04:37:19	0.4892597695390782	0.4892597695390782	11.28	0.0	3.522670340681363	3.5119066257515033	27.17	-10.47	0.4892597695390782	0.4892597695390782	11.28	0.0	281.0	287.51	702.72	-148.4	0	1
PROTOTYPE	026259	04/16/18	04:37:21	0.4892597695390782	0.4892597695390782	11.29	0.0	3.522670340681363	3.513863664829659	27.93	-8.9	0.4892597695390782	0.4892597695390782	11.29	0.0	287.0	287.44	620.46	-246.14	0	1
PROTOTYPE	026260	04/16/18	04:37:22	0.4892597695390782	0.4892597695390782	11.26	0.0	3.522670340681363	3.514842184368738	28.48	-7.57	0.4892597695390782	0.4892597695390782	11.26	0.0	284.0	286.92	535.46	-434.22	0	1
PROTOTYPE	026261	04/16/18	04:37:24	0.4892597695390782	0.4892597695390782	11.24	0.0	3.522670340681363	3.5158207039078153	28.9	-6.43	0.4892597695390782	0.4892597695390782	11.24	0.0	291.0	287.53	585.52	-384.09	0	1
PROTOTYPE	026262	04/16/18	04:37:25	0.4892597695390782	0.4892597695390782	11.24	0.0	3.522670340681363	3.5167992234468937	29.22	-5.47	0.4892597695390782	0.4892597695390782	11.24	0.0	287.0	287.45	554.2	-431.47	0	1
PROTOTYPE	026263	04/16/18	04:37:26	0.4892597695390782	0.4892597695390782	11.23	0.0	3.522670340681363	3.5177777429859725	29.45	-4.65	0.4892597695390782	0.4892597695390782	11.23	0.0	288.0	287.53	431.01	-291.75	0	1
PROTOTYPE	026264	04/16/18	04:37:28	0.4892597695390782	0.4892597695390782	11.22	0.0	3.522670340681363	3.51875626252505	16.0	11.05	0.4892597695390782	0.4892597695390782	11.22	0.0	290.0	287.9	371.23	-157.99	0	1
PROTOTYPE	026265	04/16/18	04:37:29	0.4892597695390782	0.4892597695390782	11.2	0.0	3.522670340681363	3.51875626252505	14.84	9.39	0.4892597695390782	0.4892597695390782	11.2	0.0	295.0	288.97	395.4	30.71	0	1
PROTOTYPE	026266	04/16/18	04:37:31	0.4892597695390782	0.4892597695390782	11.22	0.0	3.522670340681363	3.5197347820641283	13.97	7.98	0.4892597695390782	0.4892597695390782	11.22	0.0	287.0	288.67	310.04	116.1	0	1
PROTOTYPE	026267	04/16/18	04:37:32	0.4892597695390782	0.4892597695390782	11.23	0.0	3.522670340681363	3.5197347820641283	13.29	6.79	0.4892597695390782	0.4892597695390782	11.23	0.0	293.0	289.32	367.14	188.69	0	1
PROTOTYPE	026268	04/16/18	04:37:34	0.4892597695390782	0.4892597695390782	11.23	0.0	3.522670340681363	3.520713301603206	12.76	5.77	0.4892597695390782	0.4892597695390782	11.23	0.0	300.0	290.92	475.76	400.38	0	1
PROTOTYPE	026269	04/16/18	04:37:35	0.4892597695390782	0.4892597695390782	11.25	0.0	3.522670340681363	3.520713301603206	12.38	4.9	0.4892597695390782	0.4892597695390782	11.25	0.0	286.0	290.19	488.42	265.33	0	1
PROTOTYPE	026270	04/16/18	04:37:36	0.4892597695390782	0.4892597695390782	11.25	0.0	3.522670340681363	3.520713301603206	12.08	4.17	0.4892597695390782	0.4892597695390782	11.25	0.0	286.0	289.56	543.11	210.53	0	1
PROTOTYPE	026271	04/16/18	04:37:38	0.4892597695390782	0.4892597695390782	11.26	0.0	3.522670340681363	3.5216918211422845	11.87	3.54	0.4892597695390782	0.4892597695390782	11.26	0.0	283.0	288.57	633.15	103.95	0	1
PROTOTYPE	026272	04/16/18	04:37:39	0.4892597695390782	0.4892597695390782	11.27	0.0	3.522670340681363	3.5216918211422845	11.71	3.01	0.4892597695390782	0.4892597695390782	11.27	0.0	301.0	290.44	782.53	253.36	0	1
PROTOTYPE	026273	04/16/18	04:37:41	0.4892597695390782	0.4892597695390782	11.3	0.0	3.522670340681363	3.5216918211422845	11.62	2.56	0.4892597695390782	0.4892597695390782	11.3	0.0	286.0	289.77	742.67	80.35	0	1
PROTOTYPE	026274	04/16/18	04:37:42	0.4892597695390782	0.4892597695390782	11.29	0.0	3.522670340681363	3.5216918211422845	11.52	2.18	0.4892597695390782	0.4892597695390782	11.29	0.0	300.0	291.31	866.53	263.3	0	1
PROTOTYPE	026275	04/16/18	04:37:43	0.4892597695390782	0.4892597695390782	11.28	0.0	3.424818386773547	3.5070140280561124	24.98	-13.15	0.4892597695390782	0.4892597695390782	11.28	0.0	285.0	290.36	896.22	103.8	0	1
PROTOTYPE	026276	04/16/18	04:37:45	0.4892597695390782	0.4892597695390782	11.29	0.0	3.522670340681363	3.5099495866733466	26.27	-11.18	0.4892597695390782	0.4892597695390782	11.29	0.0	301.0	291.96	895.65	103.23	0	1
PROTOTYPE	026277	04/16/18	04:37:46	0.4892597695390782	0.4892597695390782	11.31	0.0	3.522670340681363	3.5119066257515033	27.28	-9.5	0.4892597695390782	0.4892597695390782	11.31	0.0	287.0	291.21	896.14	102.75	0	1
PROTOTYPE	026278	04/16/18	04:37:48	0.4892597695390782	0.4892597695390782	11.29	0.0	3.522670340681363	3.5128851452905807	28.04	-8.08	0.4892597695390782	0.4892597695390782	11.29	0.0	295.0	291.78	890.17	222.34	0	1
PROTOTYPE	026279	04/16/18	04:37:49	0.4892597695390782	0.4892597695390782	11.29	0.0	3.522670340681363	3.514842184368738	28.63	-6.86	0.4892597695390782	0.4892597695390782	11.29	0.0	298.0	292.71	885.09	413.99	0	1
PROTOTYPE	026280	04/16/18	04:37:50	0.4892597695390782	0.4892597695390782	11.29	0.0	3.522670340681363	3.5158207039078153	29.08	-5.84	0.4892597695390782	0.4892597695390782	11.29	0.0	295.0	293.06	733.01	261.89	0	1
PROTOTYPE	026281	04/16/18	04:37:52	0.4892597695390782	0.4892597695390782	11.29	0.0	3.522670340681363	3.5167992234468937	29.41	-4.96	0.4892597695390782	0.4892597695390782	11.29	0.0	293.0	293.05	668.09	327.61	0	1
PROTOTYPE	026282	04/16/18	04:37:53	0.4892597695390782	0.4892597695390782	11.29	0.0	3.522670340681363	3.5177777429859725	29.66	-4.22	0.4892597695390782	0.4892597695390782	11.29	0.0	299.0	293.94	603.95	263.46	0	1
PROTOTYPE	026283	04/16/18	04:37:55	0.4892597695390782	0.4892597695390782	11.29	0.0	3.522670340681363	3.51875626252505	16.31	11.42	0.4892597695390782	0.4892597695390782	11.29	0.0	293.0	293.8	523.53	343.94	0	1
PROTOTYPE	026284	04/16/18	04:37:56	0.4892597695390782	0.4892597695390782	11.28	0.0	3.522670340681363	3.51875626252505	15.11	9.7	0.4892597695390782	0.4892597695390782	11.28	0.0	284.0	292.33	510.93	37.35	0	1
PROTOTYPE	026285	04/16/18	04:37:57	0.4892597695390782	0.4892597695390782	11.25	0.0	3.522670340681363	3.5197347820641283	14.15	8.25	0.4892597695390782	0.4892597695390782	11.25	0.0	287.0	291.53	516.54	31.75	0	1
PROTOTYPE	026286	04/16/18	04:37:59	0.4892597695390782	0.4892597695390782	11.26	0.0	3.522670340681363	3.5197347820641283	13.44	7.01	0.4892597695390782	0.4892597695390782	11.26	0.0	297.0	292.35	541.77	56.99	0	1
PROTOTYPE	026287	04/16/18	04:38:00	0.4892597695390782	0.4892597695390782	11.28	0.0	3.522670340681363	3.520713301603206	12.9	5.96	0.4892597695390782	0.4892597695390782	11.28	0.0	287.0	291.55	528.75	-116.56	0	1
PROTOTYPE	026288	04/16/18	04:38:02	0.4892597695390782	0.4892597695390782	11.27	0.0	3.522670340681363	3.520713301603206	12.47	5.07	0.4892597695390782	0.4892597695390782	11.27	0.0	291.0	291.47	502.77	-159.08	0	1
PROTOTYPE	026289	04/16/18	04:38:03	0.4892597695390782	0.4892597695390782	11.27	0.0	3.522670340681363	3.520713301603206	12.15	4.31	0.4892597695390782	0.4892597695390782	11.27	0.0	290.0	291.25	523.15	-180.22	0	1
PROTOTYPE	026290	04/16/18	04:38:05	0.4892597695390782	0.4892597695390782	11.28	0.0	3.522670340681363	3.5216918211422845	11.93	3.66	0.4892597695390782	0.4892597695390782	11.28	0.0	284.0	290.16	542.56	-378.18	0	1
PROTOTYPE	026291	04/16/18	04:38:06	0.4892597695390782	0.4892597695390782	11.27	0.0	3.522670340681363	3.5216918211422845	11.74	3.11	0.4892597695390782	0.4892597695390782	11.27	0.0	292.0	290.44	556.02	-336.46	0	1
PROTOTYPE	026292	04/16/18	04:38:07	0.4892597695390782	0.4892597695390782	11.28	0.0	3.522670340681363	3.5216918211422845	11.62	2.64	0.4892597695390782	0.4892597695390782	11.28	0.0	296.0	291.27	492.5	-105.99	0	1
PROTOTYPE	026293	04/16/18	04:38:09	0.4892597695390782	0.4892597695390782	11.3	0.0	3.522670340681363	3.5216918211422845	11.55	2.25	0.4892597695390782	0.4892597695390782	11.3	0.0	289.0	290.93	446.62	-60.09	0	1
PROTOTYPE	026294	04/16/18	04:38:10	0.4892597695390782	0.4892597695390782	11.29	0.0	3.522670340681363	3.5216918211422845	11.47	1.91	0.4892597695390782	0.4892597695390782	11.29	0.0	301.0	292.44	515.63	8.92	0	1
PROTOTYPE	026295	04/16/18	04:38:12	0.4892597695390782	0.4892597695390782	11.28	0.0	3.522670340681363	3.5216918211422845	11.41	1.62	0.4892597695390782	0.4892597695390782	11.28	0.0	282.0	290.87	591.96	-67.41	0	1
PROTOTYPE	026296	04/16/18	04:38:13	0.4892597695390782	0.4892597695390782	11.32	0.0	3.522670340681363	3.5216918211422845	11.41	1.38	0.4892597695390782	0.4892597695390782	11.32	0.0	289.0	290.59	611.77	-87.3	0	1
PROTOTYPE	026297	04/16/18	04:38:14	0.4892597695390782	0.4892597695390782	11.31	0.0	3.522670340681363	3.522670340681363	11.38	1.17	0.4892597695390782	0.4892597695390782	11.31	0.0	299.0	291.85	715.84	60.79	0	1
PROTOTYPE	026298	04/16/18	04:38:16	0.4892597695390782	0.4892597695390782	11.31	0.0	3.522670340681363	3.522670340681363	11.36	1.0	0.4892597695390782	0.4892597695390782	11.31	0.0	285.0	290.83	709.96	66.67	0	1
PROTOTYPE	026299	04/16/18	04:38:17	0.4892597695390782	0.4892597695390782	11.31	0.0	3.522670340681363	3.522670340681363	11.34	0.85	0.4892597695390782	0.4892597695390782	11.31	0.0	298.0	291.9	789.94	146.67	0	1
PROTOTYPE	026300	04/16/18	04:38:19	0.4892597695390782	0.4892597695390782	11.31	0.0	3.522670340681363	3.522670340681363	11.33	0.72	0.4892597695390782	0.4892597695390782	11.31	0.0	287.0	291.17	780.0	-10.33	0	1
PROTOTYPE	026301	04/16/18	04:38:20	0.4892597695390782	0.4892597695390782	11.29	0.0	3.522670340681363	3.522670340681363	11.31	0.61	0.4892597695390782	0.4892597695390782	11.29	0.0	297.0	292.04	833.43	111.22	0	1
PROTOTYPE	026302	04/16/18	04:38:22	0.4892597695390782	0.4892597695390782	11.31	0.0	3.522670340681363	3.522670340681363	11.32	0.52	0.4892597695390782	0.4892597695390782	11.31	0.0	295.0	292.49	726.76	4.54	0	1
PROTOTYPE	026303	04/16/18	04:38:23	0.4892597695390782	0.4892597695390782	11.3	0.0	3.522670340681363	3.522670340681363	11.31	0.44	0.4892597695390782	0.4892597695390782	11.3	0.0	292.0	292.41	577.57	153.86	0	1
PROTOTYPE	026304	04/16/18	04:38:24	0.4892597695390782	0.4892597695390782	11.26	0.0	3.522670340681363	3.522670340681363	11.27	0.38	0.4892597695390782	0.4892597695390782	11.26	0.0	293.0	292.5	558.34	190.78	0	1
PROTOTYPE	026305	04/16/18	04:38:26	0.4892597695390782	0.4892597695390782	11.27	0.0	3.522670340681363	3.522670340681363	11.27	0.32	0.4892597695390782	0.4892597695390782	11.27	0.0	285.0	291.38	544.75	-47.84	0	1
PROTOTYPE	026306	04/16/18	04:38:27	0.4892597695390782	0.4892597695390782	11.26	0.0	3.522670340681363	3.522670340681363	11.26	0.27	0.4892597695390782	0.4892597695390782	11.26	0.0	294.0	291.77	481.32	94.34	0	1
PROTOTYPE	026307	04/16/18	04:38:29	0.4892597695390782	0.4892597695390782	11.28	0.0	3.522670340681363	3.522670340681363	11.28	0.23	0.4892597695390782	0.4892597695390782	11.28	0.0	290.0	291.5	400.28	-39.81	0	1
PROTOTYPE	026308	04/16/18	04:38:30	0.4892597695390782	0.4892597695390782	11.28	0.0	3.522670340681363	3.522670340681363	11.28	0.2	0.4892597695390782	0.4892597695390782	11.28	0.0	288.0	290.98	379.31	-18.84	0	1
PROTOTYPE	026309	04/16/18	04:38:31	0.4892597695390782	0.4892597695390782	11.28	0.0	3.522670340681363	3.522670340681363	11.28	0.17	0.4892597695390782	0.4892597695390782	11.28	0.0	289.0	290.68	321.51	-136.01	0	1
PROTOTYPE	026310	04/16/18	04:38:33	0.4892597695390782	0.4892597695390782	11.27	0.0	3.522670340681363	3.522670340681363	11.27	0.14	0.4892597695390782	0.4892597695390782	11.27	0.0	292.0	290.88	296.94	-160.61	0	1
PROTOTYPE	026311	04/16/18	04:38:34	0.4892597695390782	0.4892597695390782	11.28	0.0	3.522670340681363	3.522670340681363	11.28	0.12	0.4892597695390782	0.4892597695390782	11.28	0.0	297.0	291.8	381.34	-61.52	0	1
PROTOTYPE	026312	04/16/18	04:38:36	0.4892597695390782	0.4892597695390782	11.29	0.0	3.522670340681363	3.522670340681363	11.29	0.1	0.4892597695390782	0.4892597695390782	11.29	0.0	297.0	292.58	450.47	7.71	0	1
PROTOTYPE	026313	04/16/18	04:38:37	0.4892597695390782	0.4892597695390782	11.27	0.0	3.522670340681363	3.522670340681363	11.27	0.09	0.4892597695390782	0.4892597695390782	11.27	0.0	283.0	291.14	481.63	-23.45	0	1
PROTOTYPE	026314	04/16/18	04:38:38	0.4892597695390782	0.4892597695390782	11.27	0.0	3.522670340681363	3.522670340681363	11.27	0.07	0.4892597695390782	0.4892597695390782	11.27	0.0	287.0	290.52	504.37	-124.93	0	1
PROTOTYPE	026315	04/16/18	04:38:40	0.4892597695390782	0.4892597695390782	11.26	0.0	3.522670340681363	3.522670340681363	11.26	0.06	0.4892597695390782	0.4892597695390782	11.26	0.0	291.0	290.59	485.13	-91.19	0	1
PROTOTYPE	026316	04/16/18	04:38:41	0.4892597695390782	0.4892597695390782	11.26	0.0	3.522670340681363	3.522670340681363	11.26	0.05	0.4892597695390782	0.4892597695390782	11.26	0.0	286.0	289.9	501.45	-107.51	0	1
PROTOTYPE	026317	04/16/18	04:38:43	0.4892597695390782	0.4892597695390782	11.29	0.0	3.522670340681363	3.522670340681363	11.29	0.05	0.4892597695390782	0.4892597695390782	11.29	0.0	295.0	290.67	548.2	-1.39	0	1
PROTOTYPE	026318	04/16/18	04:38:44	0.4892597695390782	0.4892597695390782	11.28	0.0	3.522670340681363	3.522670340681363	11.28	0.04	0.4892597695390782	0.4892597695390782	11.28	0.0	282.0	289.37	658.4	-151.18	0	1
PROTOTYPE	026319	04/16/18	04:38:45	0.4892597695390782	0.4892597695390782	11.28	0.0	3.522670340681363	3.522670340681363	11.28	0.03	0.4892597695390782	0.4892597695390782	11.28	0.0	282.0	288.26	677.1	-353.5	0	1
PROTOTYPE	026320	04/16/18	04:38:47	0.4892597695390782	0.4892597695390782	11.27	0.0	3.522670340681363	3.522670340681363	11.27	0.03	0.4892597695390782	0.4892597695390782	11.27	0.0	286.0	287.92	633.01	-465.48	0	1
PROTOTYPE	026321	04/16/18	04:38:48	0.4892597695390782	0.4892597695390782	11.28	0.0	3.522670340681363	3.522670340681363	11.28	0.02	0.4892597695390782	0.4892597695390782	11.28	0.0	304.0	290.33	730.5	-80.65	0	1
PROTOTYPE	026322	04/16/18	04:38:50	0.4892597695390782	0.4892597695390782	11.29	0.0	3.522670340681363	3.522670340681363	11.29	0.02	0.4892597695390782	0.4892597695390782	11.29	0.0	299.0	291.63	798.35	111.44	0	1
PROTOTYPE	026323	04/16/18	04:38:51	0.4892597695390782	0.4892597695390782	11.29	0.0	3.522670340681363	3.522670340681363	11.29	0.02	0.4892597695390782	0.4892597695390782	11.29	0.0	288.0	291.09	845.55	49.73	0	1
PROTOTYPE	026324	04/16/18	04:38:53	0.4892597695390782	0.4892597695390782	11.32	0.0	3.522670340681363	3.522670340681363	11.32	0.01	0.4892597695390782	0.4892597695390782	11.32	0.0	296.0	291.83	850.33	192.27	0	1
PROTOTYPE	026325	04/16/18	04:38:54	0.4892597695390782	0.4892597695390782	11.29	0.0	3.522670340681363	3.522670340681363	11.29	0.01	0.4892597695390782	0.4892597695390782	11.29	0.0	294.0	292.15	806.51	148.43	0	1
PROTOTYPE	026326	04/16/18	04:38:55	0.4892597695390782	0.4892597695390782	11.29	0.0	3.522670340681363	3.522670340681363	11.29	0.01	0.4892597695390782	0.4892597695390782	11.29	0.0	298.0	293.03	764.22	366.16	0	1
PROTOTYPE	026327	04/16/18	04:38:57	0.4892597695390782	0.4892597695390782	11.31	0.0	3.522670340681363	3.522670340681363	11.31	0.01	0.4892597695390782	0.4892597695390782	11.31	0.0	291.0	292.72	684.17	446.24	0	1
PROTOTYPE	026328	04/16/18	04:38:58	0.4892597695390782	0.4892597695390782	11.33	0.0	3.522670340681363	3.522670340681363	11.33	0.01	0.4892597695390782	0.4892597695390782	11.33	0.0	281.0	290.97	826.08	304.3	0	1
PROTOTYPE	026329	04/16/18	04:39:00	0.4892597695390782	0.4892597695390782	11.32	0.0	3.522670340681363	3.522670340681363	11.32	0.01	0.4892597695390782	0.4892597695390782	11.32	0.0	302.0	292.62	750.44	228.66	0	1
PROTOTYPE	026330	04/16/18	04:39:01	0.4892597695390782	0.4892597695390782	11.3	0.0	3.522670340681363	3.522670340681363	11.3	0.01	0.4892597695390782	0.4892597695390782	11.3	0.0	290.0	292.23	659.79	59.36	0	1
PROTOTYPE	026331	04/16/18	04:39:02	0.4892597695390782	0.4892597695390782	11.28	0.0	3.522670340681363	3.522670340681363	11.28	0.0	0.4892597695390782	0.4892597695390782	11.28	0.0	291.0	292.04	623.73	95.46	0	1
PROTOTYPE	026332	04/16/18	04:39:04	0.4892597695390782	0.4892597695390782	11.24	0.0	3.522670340681363	3.522670340681363	11.24	0.0	0.4892597695390782	0.4892597695390782	11.24	0.0	287.0	291.29	625.72	-53.86	0	1
PROTOTYPE	026333	04/16/18	04:39:05	0.4892597695390782	0.4892597695390782	11.25	0.0	3.522670340681363	3.522670340681363	11.25	0.0	0.4892597695390782	0.4892597695390782	11.25	0.0	297.0	292.14	678.78	-0.78	0	1
PROTOTYPE	026334	04/16/18	04:39:07	0.4892597695390782	0.4892597695390782	11.27	0.0	3.522670340681363	3.522670340681363	11.27	0.0	0.4892597695390782	0.4892597695390782	11.27	0.0	287.0	291.37	668.23	-165.67	0	1
PROTOTYPE	026335	04/16/18	04:39:08	0.4892597695390782	0.4892597695390782	11.26	0.0	3.522670340681363	3.522670340681363	11.26	0.0	0.4892597695390782	0.4892597695390782	11.26	0.0	302.0	292.97	797.17	24.18	0	1
PROTOTYPE	026336	04/16/18	04:39:09	0.4892597695390782	0.4892597695390782	11.23	0.0	3.522670340681363	3.522670340681363	11.23	0.0	0.4892597695390782	0.4892597695390782	11.23	0.0	295.0	293.27	651.83	230.56	0	1
PROTOTYPE	026337	04/16/18	04:39:11	0.4892597695390782	0.4892597695390782	11.23	0.0	3.522670340681363	3.522670340681363	11.23	0.0	0.4892597695390782	0.4892597695390782	11.23	0.0	295.0	293.53	512.28	90.97	0	1
PROTOTYPE	026338	04/16/18	04:39:12	0.4892597695390782	0.4892597695390782	11.26	0.0	3.522670340681363	3.522670340681363	11.26	0.0	0.4892597695390782	0.4892597695390782	11.26	0.0	293.0	293.45	481.02	122.33	0	1
PROTOTYPE	026339	04/16/18	04:39:14	0.4892597695390782	0.4892597695390782	11.26	0.0	3.522670340681363	3.522670340681363	11.26	0.0	0.4892597695390782	0.4892597695390782	11.26	0.0	290.0	292.93	514.34	88.98	0	1
PROTOTYPE	026340	04/16/18	04:39:15	0.4892597695390782	0.4892597695390782	11.28	0.0	3.522670340681363	3.522670340681363	11.28	0.0	0.4892597695390782	0.4892597695390782	11.28	0.0	286.0	291.89	542.68	60.63	0	1
PROTOTYPE	026341	04/16/18	04:39:17	0.4892597695390782	0.4892597695390782	11.29	0.0	3.522670340681363	3.522670340681363	11.29	0.0	0.4892597695390782	0.4892597695390782	11.29	0.0	302.0	293.41	608.58	126.54	0	1
PROTOTYPE	026342	04/16/18	04:39:18	0.4892597695390782	0.4892597695390782	11.27	0.0	3.522670340681363	3.522670340681363	11.27	0.0	0.4892597695390782	0.4892597695390782	11.27	0.0	280.0	291.4	732.56	2.56	0	1
PROTOTYPE	026343	04/16/18	04:39:19	0.4892597695390782	0.4892597695390782	11.26	0.0	3.522670340681363	3.522670340681363	11.26	0.0	0.4892597695390782	0.4892597695390782	11.26	0.0	292.0	291.49	582.27	-147.83	0	1
PROTOTYPE	026344	04/16/18	04:39:21	0.4892597695390782	0.4892597695390782	11.28	0.0	3.522670340681363	3.522670340681363	11.28	0.0	0.4892597695390782	0.4892597695390782	11.28	0.0	297.0	292.32	634.43	-95.65	0	1
PROTOTYPE	026345	04/16/18	04:39:22	0.4892597695390782	0.4892597695390782	11.29	0.0	3.522670340681363	3.522670340681363	11.29	0.0	0.4892597695390782	0.4892597695390782	11.29	0.0	299.0	293.32	708.75	-21.31	0	1
PROTOTYPE	026346	04/16/18	04:39:24	0.4892597695390782	0.4892597695390782	11.28	0.0	3.522670340681363	3.522670340681363	11.28	0.0	0.4892597695390782	0.4892597695390782	11.28	0.0	288.0	292.52	780.44	-93.11	0	1
PROTOTYPE	026347	04/16/18	04:39:25	0.4892597695390782	0.4892597695390782	11.32	0.0	3.522670340681363	3.522670340681363	11.32	0.0	0.4892597695390782	0.4892597695390782	11.32	0.0	290.0	292.14	766.48	-79.14	0	1
PROTOTYPE	026348	04/16/18	04:39:26	0.4892597695390782	0.4892597695390782	11.31	0.0	3.522670340681363	3.522670340681363	11.31	0.0	0.4892597695390782	0.4892597695390782	11.31	0.0	286.0	291.22	754.61	-67.27	0	1
PROTOTYPE	026349	04/16/18	04:39:28	0.4892597695390782	0.4892597695390782	11.29	0.0	3.522670340681363	3.522670340681363	11.29	0.0	0.4892597695390782	0.4892597695390782	11.29	0.0	284.0	290.14	711.33	-327.18	0	1
PROTOTYPE	026350	04/16/18	04:39:29	0.4892597695390782	0.4892597695390782	11.3	0.0	3.522670340681363	3.522670340681363	11.3	0.0	0.4892597695390782	0.4892597695390782	11.3	0.0	299.0	291.47	643.12	6.9	0	1
PROTOTYPE	026351	04/16/18	04:39:31	0.4892597695390782	0.4892597695390782	11.29	0.0	3.522670340681363	3.522670340681363	11.29	0.0	0.4892597695390782	0.4892597695390782	11.29	0.0	294.0	291.85	672.01	35.86	0	1
PROTOTYPE	026352	04/16/18	04:39:32	0.4892597695390782	0.4892597695390782	11.28	0.0	3.522670340681363	3.522670340681363	11.28	0.0	0.4892597695390782	0.4892597695390782	11.28	0.0	298.0	292.77	681.63	45.48	0	1
PROTOTYPE	026353	04/16/18	04:39:33	0.4892597695390782	0.4892597695390782	11.28	0.0	3.522670340681363	3.522670340681363	11.28	0.0	0.4892597695390782	0.4892597695390782	11.28	0.0	281.0	291.0	757.9	-231.34	0	1
PROTOTYPE	026354	04/16/18	04:39:35	0.4892597695390782	0.4892597695390782	11.27	0.0	3.522670340681363	3.522670340681363	11.27	0.0	0.4892597695390782	0.4892597695390782	11.27	0.0	294.0	291.45	723.07	-106.64	0	1
PROTOTYPE	026355	04/16/18	04:39:36	0.4892597695390782	0.4892597695390782	11.25	0.0	3.522670340681363	3.522670340681363	11.25	0.0	0.4892597695390782	0.4892597695390782	11.25	0.0	291.0	291.39	692.19	-75.64	0	1
PROTOTYPE	026356	04/16/18	04:39:38	0.4892597695390782	0.4892597695390782	11.26	0.0	3.522670340681363	3.522670340681363	11.26	0.0	0.4892597695390782	0.4892597695390782	11.26	0.0	289.0	291.03	635.86	-19.3	0	1
PROTOTYPE	026357	04/16/18	04:39:39	0.4892597695390782	0.4892597695390782	11.28	0.0	3.522670340681363	3.522670340681363	11.28	0.0	0.4892597695390782	0.4892597695390782	11.28	0.0	281.0	289.52	677.97	-61.4	0	1
PROTOTYPE	026358	04/16/18	04:39:41	0.4892597695390782	0.4892597695390782	11.29	0.0	3.522670340681363	3.522670340681363	11.29	0.0	0.4892597695390782	0.4892597695390782	11.29	0.0	269.0	286.45	852.88	-502.19	0	1
PROTOTYPE	026359	04/16/18	04:39:42	0.4892597695390782	0.4892597695390782	11.3	0.0	3.522670340681363	3.522670340681363	11.3	0.0	0.4892597695390782	0.4892597695390782	11.3	0.0	282.0	285.78	881.56	-606.86	0	1
PROTOTYPE	026360	04/16/18	04:39:43	0.4892597695390782	0.4892597695390782	11.31	0.0	3.522670340681363	3.522670340681363	11.31	0.0	0.4892597695390782	0.4892597695390782	11.31	0.0	285.0	285.66	801.01	-710.83	0	1
PROTOTYPE	026361	04/16/18	04:39:45	0.4892597695390782	0.4892597695390782	11.31	0.0	3.522670340681363	3.522670340681363	11.31	0.0	0.4892597695390782	0.4892597695390782	11.31	0.0	291.0	286.46	704.54	-454.21	0	1
PROTOTYPE	026362	04/16/18	04:39:46	0.4892597695390782	0.4892597695390782	11.32	0.0	3.522670340681363	3.522670340681363	11.32	0.0	0.4892597695390782	0.4892597695390782	11.32	0.0	301.0	288.64	877.66	-281.08	0	1
PROTOTYPE	026363	04/16/18	04:39:48	0.4892597695390782	0.4892597695390782	11.32	0.0	3.522670340681363	3.522670340681363	11.32	0.0	0.4892597695390782	0.4892597695390782	11.32	0.0	293.0	289.3	936.08	-208.92	0	1
PROTOTYPE	026364	04/16/18	04:39:49	0.4892597695390782	0.4892597695390782	11.31	0.0	3.522670340681363	3.522670340681363	11.31	0.0	0.4892597695390782	0.4892597695390782	11.31	0.0	298.0	290.6	1030.82	-42.58	0	1
PROTOTYPE	026365	04/16/18	04:39:50	0.4892597695390782	0.4892597695390782	11.29	0.0	3.522670340681363	3.522670340681363	11.29	0.0	0.4892597695390782	0.4892597695390782	11.29	0.0	297.0	291.56	976.38	203.81	0	1
PROTOTYPE	026366	04/16/18	04:39:52	0.4892597695390782	0.4892597695390782	11.29	0.0	3.522670340681363	3.522670340681363	11.29	0.0	0.4892597695390782	0.4892597695390782	11.29	0.0	274.0	288.93	931.95	248.24	0	1
