Dev_id	Index	Date	Time	Sensor1	Sensor1_Filter	Sensor1_LL	Sensor1_Diff	Sensor2	Sensor2_Filter	Sensor2_LL	Sensor2_Diff	Sensor3	Sensor3_Filter	Sensor3_LL	Sensor3_Diff	Sensor4	Sensor4_Filter	Sensor4_LL	Sensor4_Diff	Heater_Status	FSM_Status
PROTOTYPE	027167	04/16/18	04:58:41	0.4892597695390782	0.4892597695390782	11.29	0.0	3.2291144789579156	3.2291144789579156	11.29	0.01	0.4892597695390782	0.4892597695390782	11.29	0.0	294.0	288.94	745.87	-104.44	0	1
PROTOTYPE	027168	04/16/18	04:58:43	0.4892597695390782	0.4892597695390782	11.27	0.0	3.2291144789579156	3.2291144789579156	11.27	0.01	0.4892597695390782	0.4892597695390782	11.27	0.0	294.0	289.7	792.01	1.22	0	1
PROTOTYPE	027169	04/16/18	04:58:44	0.4892597695390782	0.4892597695390782	11.26	0.0	3.2291144789579156	3.2291144789579156	11.26	0.01	0.4892597695390782	0.4892597695390782	11.26	0.0	291.0	289.89	776.85	-13.96	0	1
PROTOTYPE	027170	04/16/18	04:58:45	0.4892597695390782	0.4892597695390782	11.23	0.0	3.2291144789579156	3.2291144789579156	11.23	0.01	0.4892597695390782	0.4892597695390782	11.23	0.0	301.0	291.56	898.93	108.13	0	1
PROTOTYPE	027171	04/16/18	04:58:47	0.4892597695390782	0.4892597695390782	11.22	0.0	3.2291144789579156	3.2291144789579156	11.22	0.0	0.4892597695390782	0.4892597695390782	11.22	0.0	299.0	292.68	898.36	331.91	0	1
PROTOTYPE	027172	04/16/18	04:58:48	0.4892597695390782	0.4892597695390782	11.24	0.0	3.2291144789579156	3.2291144789579156	11.24	0.0	0.4892597695390782	0.4892597695390782	11.24	0.0	283.0	291.22	928.84	72.13	0	1
PROTOTYPE	027173	04/16/18	04:58:50	0.4892597695390782	0.4892597695390782	11.28	0.0	3.2291144789579156	3.2291144789579156	11.28	0.0	0.4892597695390782	0.4892597695390782	11.28	0.0	288.0	290.74	939.74	-13.69	0	1
PROTOTYPE	027174	04/16/18	04:58:51	0.4892597695390782	0.4892597695390782	11.28	0.0	3.2291144789579156	3.2291144789579156	11.28	0.0	0.4892597695390782	0.4892597695390782	11.28	0.0	294.0	291.23	705.49	318.36	0	1
PROTOTYPE	027175	04/16/18	04:58:52	0.4892597695390782	0.4892597695390782	11.26	0.0	3.2291144789579156	3.2291144789579156	11.26	0.0	0.4892597695390782	0.4892597695390782	11.26	0.0	293.0	291.5	642.76	255.61	0	1
PROTOTYPE	027176	04/16/18	04:58:54	0.4892597695390782	0.4892597695390782	11.28	0.0	3.2291144789579156	3.2291144789579156	11.28	0.0	0.4892597695390782	0.4892597695390782	11.28	0.0	291.0	291.42	574.39	172.27	0	1
PROTOTYPE	027177	04/16/18	04:58:55	0.4892597695390782	0.4892597695390782	11.31	0.0	3.2291144789579156	3.2291144789579156	11.31	0.0	0.4892597695390782	0.4892597695390782	11.31	0.0	303.0	293.16	728.51	326.43	0	1
PROTOTYPE	027178	04/16/18	04:58:57	0.4892597695390782	0.4892597695390782	11.48	0.0	3.2291144789579156	3.2291144789579156	11.48	0.0	0.4892597695390782	0.4892597695390782	11.48	0.0	294.0	293.28	574.63	172.46	0	1
PROTOTYPE	027179	04/16/18	04:58:58	0.4892597695390782	0.4892597695390782	11.48	0.0	3.2291144789579156	3.2291144789579156	11.48	0.0	0.4892597695390782	0.4892597695390782	11.48	0.0	286.0	292.19	572.28	-48.41	0	1
PROTOTYPE	027180	04/16/18	04:59:00	0.4892597695390782	0.4892597695390782	11.46	0.0	3.2291144789579156	3.2291144789579156	11.46	0.0	0.4892597695390782	0.4892597695390782	11.46	0.0	289.0	291.71	475.04	48.85	0	1
PROTOTYPE	027181	04/16/18	04:59:01	0.4892597695390782	0.4892597695390782	11.41	0.0	3.2291144789579156	3.2291144789579156	11.41	0.0	0.4892597695390782	0.4892597695390782	11.41	0.0	298.0	292.66	520.97	191.53	0	1
PROTOTYPE	027182	04/16/18	04:59:02	0.4892597695390782	0.4892597695390782	11.39	0.0	3.2291144789579156	3.2291144789579156	11.39	0.0	0.4892597695390782	0.4892597695390782	11.39	0.0	279.0	290.61	676.9	-62.2	0	1
PROTOTYPE	027183	04/16/18	04:59:04	0.4892597695390782	0.4892597695390782	11.39	0.0	3.2291144789579156	3.2291144789579156	11.39	0.0	0.4892597695390782	0.4892597695390782	11.39	0.0	289.0	290.37	674.46	-112.87	0	1
PROTOTYPE	027184	04/16/18	04:59:05	0.4892597695390782	0.4892597695390782	11.38	0.0	3.2291144789579156	3.2291144789579156	11.38	0.0	0.4892597695390782	0.4892597695390782	11.38	0.0	292.0	290.61	691.45	-80.94	0	1
PROTOTYPE	027185	04/16/18	04:59:07	0.4892597695390782	0.4892597695390782	11.35	0.0	3.2291144789579156	3.2291144789579156	11.35	0.0	0.4892597695390782	0.4892597695390782	11.35	0.0	297.0	291.57	613.59	-158.8	0	1
PROTOTYPE	027186	04/16/18	04:59:08	0.4892597695390782	0.4892597695390782	11.18	0.0	3.2291144789579156	3.2291144789579156	11.18	0.0	0.4892597695390782	0.4892597695390782	11.18	0.0	283.0	290.28	729.41	-299.98	0	1
PROTOTYPE	027187	04/16/18	04:59:09	0.4892597695390782	0.4892597695390782	11.18	0.0	3.2291144789579156	3.2291144789579156	11.18	0.0	0.4892597695390782	0.4892597695390782	11.18	0.0	292.0	290.54	645.92	-164.98	0	1
PROTOTYPE	027188	04/16/18	04:59:11	0.4892597695390782	0.4892597695390782	11.18	0.0	3.2291144789579156	3.2291144789579156	11.18	0.0	0.4892597695390782	0.4892597695390782	11.18	0.0	280.0	288.96	756.16	-275.24	0	1
PROTOTYPE	027189	04/16/18	04:59:12	0.4892597695390782	0.4892597695390782	11.18	0.0	3.2291144789579156	3.2291144789579156	11.18	0.0	0.4892597695390782	0.4892597695390782	11.18	0.0	292.0	289.42	707.45	-323.95	0	1
PROTOTYPE	027190	04/16/18	04:59:14	0.4892597695390782	0.4892597695390782	11.18	0.0	3.2291144789579156	3.2291144789579156	11.18	0.0	0.4892597695390782	0.4892597695390782	11.18	0.0	283.0	288.45	598.87	-215.36	0	1
PROTOTYPE	027191	04/16/18	04:59:15	0.4892597695390782	0.4892597695390782	11.19	0.0	3.2291144789579156	3.2291144789579156	11.19	0.0	0.4892597695390782	0.4892597695390782	11.19	0.0	295.0	289.44	672.92	-93.05	0	1
PROTOTYPE	027192	04/16/18	04:59:16	0.4892597695390782	0.4892597695390782	11.2	0.0	3.2291144789579156	3.2291144789579156	11.2	0.0	0.4892597695390782	0.4892597695390782	11.2	0.0	296.0	290.42	746.84	-19.1	0	1
PROTOTYPE	027193	04/16/18	04:59:18	0.4892597695390782	0.4892597695390782	11.24	0.0	3.2291144789579156	3.2291144789579156	11.24	0.0	0.4892597695390782	0.4892597695390782	11.24	0.0	290.0	290.36	657.47	-121.23	0	1
PROTOTYPE	027194	04/16/18	04:59:19	0.4892597695390782	0.4892597695390782	11.25	0.0	3.3269664328657313	3.243792272044088	24.91	15.0	0.4892597695390782	0.4892597695390782	11.25	0.0	295.0	291.05	598.57	76.95	0	1
PROTOTYPE	027195	04/16/18	04:59:21	0.4892597695390782	0.4892597695390782	11.26	0.0	3.3269664328657313	3.2565130260521045	36.33	27.75	0.4892597695390782	0.4892597695390782	11.26	0.0	291.0	291.05	574.43	50.41	0	1
PROTOTYPE	027196	04/16/18	04:59:22	0.4892597695390782	0.4892597695390782	11.29	0.0	3.3269664328657313	3.267276740981964	45.86	38.59	0.4892597695390782	0.4892597695390782	11.29	0.0	295.0	291.64	475.63	267.85	0	1
PROTOTYPE	027197	04/16/18	04:59:24	0.4892597695390782	0.4892597695390782	11.32	0.0	3.2291144789579156	3.261405623747495	50.43	32.8	0.4892597695390782	0.4892597695390782	11.32	0.0	287.0	290.94	499.61	152.67	0	1
PROTOTYPE	027198	04/16/18	04:59:25	0.4892597695390782	0.4892597695390782	11.34	0.0	3.3269664328657313	3.2711908191382766	59.22	42.88	0.4892597695390782	0.4892597695390782	11.34	0.0	292.0	291.1	419.28	264.77	0	1
PROTOTYPE	027199	04/16/18	04:59:26	0.4892597695390782	0.4892597695390782	11.33	0.0	3.3269664328657313	3.2790189754509016	66.49	51.45	0.4892597695390782	0.4892597695390782	11.33	0.0	290.0	290.94	337.66	150.06	0	1
PROTOTYPE	027200	04/16/18	04:59:28	0.4892597695390782	0.4892597695390782	11.33	0.0	3.3269664328657313	3.2868471317635275	72.5	58.73	0.4892597695390782	0.4892597695390782	11.33	0.0	285.0	290.05	328.24	-37.45	0	1
PROTOTYPE	027201	04/16/18	04:59:29	0.4892597695390782	0.4892597695390782	11.32	0.0	3.3269664328657313	3.292718248997996	77.42	64.92	0.4892597695390782	0.4892597695390782	11.32	0.0	290.0	290.04	323.35	-31.84	0	1
PROTOTYPE	027202	04/16/18	04:59:31	0.4892597695390782	0.4892597695390782	11.32	0.0	3.2291144789579156	3.282933053607214	72.19	40.18	0.4892597695390782	0.4892597695390782	11.32	0.0	293.0	290.48	298.13	-57.06	0	1
PROTOTYPE	027203	04/16/18	04:59:32	0.4892597695390782	0.4892597695390782	11.3	0.0	3.2291144789579156	3.275104897294589	67.76	19.16	0.4892597695390782	0.4892597695390782	11.3	0.0	297.0	291.46	394.26	41.5	0	1
PROTOTYPE	027204	04/16/18	04:59:33	0.4892597695390782	0.4892597695390782	11.26	0.0	3.2291144789579156	3.268255260521042	64.0	1.28	0.4892597695390782	0.4892597695390782	11.26	0.0	295.0	291.99	388.04	35.27	0	1
PROTOTYPE	027205	04/16/18	04:59:35	0.4892597695390782	0.4892597695390782	11.27	0.0	3.3269664328657313	3.277061936372746	67.17	16.09	0.4892597695390782	0.4892597695390782	11.27	0.0	290.0	291.69	348.35	74.98	0	1
PROTOTYPE	027206	04/16/18	04:59:36	0.4892597695390782	0.4892597695390782	11.29	0.0	3.3269664328657313	3.284890092685371	64.79	13.68	0.4892597695390782	0.4892597695390782	11.29	0.0	285.0	290.69	432.84	-41.26	0	1
PROTOTYPE	027207	04/16/18	04:59:38	0.4892597695390782	0.4892597695390782	11.31	0.0	3.2291144789579156	3.276083416833667	64.71	-3.38	0.4892597695390782	0.4892597695390782	11.31	0.0	292.0	290.89	435.97	-5.07	0	1
PROTOTYPE	027208	04/16/18	04:59:39	0.4892597695390782	0.4892597695390782	11.31	0.0	3.3269664328657313	3.283911573146293	65.21	-2.87	0.4892597695390782	0.4892597695390782	11.31	0.0	291.0	290.9	349.14	85.69	0	1
PROTOTYPE	027209	04/16/18	04:59:41	0.4892597695390782	0.4892597695390782	11.31	0.0	3.3269664328657313	3.289782690380761	65.63	-2.44	0.4892597695390782	0.4892597695390782	11.31	0.0	293.0	291.22	379.05	117.83	0	1
PROTOTYPE	027210	04/16/18	04:59:42	0.4892597695390782	0.4892597695390782	11.33	0.0	3.3269664328657313	3.2956538076152304	61.59	12.93	0.4892597695390782	0.4892597695390782	11.33	0.0	287.0	290.58	397.89	10.16	0	1
PROTOTYPE	027211	04/16/18	04:59:43	0.4892597695390782	0.4892597695390782	11.33	0.0	3.3269664328657313	3.300546405310621	58.18	25.99	0.4892597695390782	0.4892597695390782	11.33	0.0	303.0	292.45	486.36	98.63	0	1
PROTOTYPE	027212	04/16/18	04:59:45	0.4892597695390782	0.4892597695390782	11.34	0.0	3.3269664328657313	3.304460483466934	55.31	37.09	0.4892597695390782	0.4892597695390782	11.34	0.0	293.0	292.53	441.66	53.84	0	1
PROTOTYPE	027213	04/16/18	04:59:46	0.4892597695390782	0.4892597695390782	11.3	0.0	3.3269664328657313	3.307396042084168	49.9	31.53	0.4892597695390782	0.4892597695390782	11.3	0.0	272.0	289.45	719.71	-224.24	0	1
PROTOTYPE	027214	04/16/18	04:59:48	0.4892597695390782	0.4892597695390782	11.26	0.0	3.3269664328657313	3.3103316007014025	45.35	26.8	0.4892597695390782	0.4892597695390782	11.26	0.0	299.0	290.88	762.56	19.4	0	1
PROTOTYPE	027215	04/16/18	04:59:49	0.4892597695390782	0.4892597695390782	11.23	0.0	3.3269664328657313	3.313267159318637	39.61	37.78	0.4892597695390782	0.4892597695390782	11.23	0.0	273.0	288.2	1011.08	-268.51	0	1
PROTOTYPE	027216	04/16/18	04:59:50	0.4892597695390782	0.4892597695390782	11.22	0.0	3.3269664328657313	3.315224198396794	34.24	32.11	0.4892597695390782	0.4892597695390782	11.22	0.0	299.0	289.82	1170.86	-108.23	0	1
PROTOTYPE	027217	04/16/18	04:59:52	0.4892597695390782	0.4892597695390782	11.23	0.0	3.2291144789579156	3.302503444388778	40.74	12.29	0.4892597695390782	0.4892597695390782	11.23	0.0	296.0	290.75	1232.08	-47.0	0	1
PROTOTYPE	027218	04/16/18	04:59:53	0.4892597695390782	0.4892597695390782	11.21	0.0	3.3269664328657313	3.30641752254509	38.97	10.45	0.4892597695390782	0.4892597695390782	11.21	0.0	296.0	291.54	1247.6	95.05	0	1
PROTOTYPE	027219	04/16/18	04:59:55	0.4892597695390782	0.4892597695390782	11.21	0.0	3.3269664328657313	3.3093530811623246	37.49	8.88	0.4892597695390782	0.4892597695390782	11.21	0.0	282.0	290.1	1204.4	-234.21	0	1
PROTOTYPE	027220	04/16/18	04:59:56	0.4892597695390782	0.4892597695390782	11.22	0.0	3.2291144789579156	3.297610846693387	45.54	-7.45	0.4892597695390782	0.4892597695390782	11.22	0.0	296.0	290.99	1284.43	-154.08	0	1
PROTOTYPE	027221	04/16/18	04:59:57	0.4892597695390782	0.4892597695390782	11.25	0.0	3.3269664328657313	3.3015249248496996	46.6	-6.33	0.4892597695390782	0.4892597695390782	11.25	0.0	286.0	290.24	1051.33	79.04	0	1
PROTOTYPE	027222	04/16/18	04:59:59	0.4892597695390782	0.4892597695390782	11.26	0.0	3.3269664328657313	3.305439003006012	47.49	-5.38	0.4892597695390782	0.4892597695390782	11.26	0.0	285.0	289.45	986.7	-142.82	0	1
PROTOTYPE	027223	04/16/18	05:00:00	0.4892597695390782	0.4892597695390782	11.28	0.0	3.3269664328657313	3.3083745616232467	48.22	-4.58	0.4892597695390782	0.4892597695390782	11.28	0.0	299.0	290.89	861.64	268.6	0	1
PROTOTYPE	027224	04/16/18	05:00:02	0.4892597695390782	0.4892597695390782	11.28	0.0	3.3269664328657313	3.3113101202404813	48.82	-3.89	0.4892597695390782	0.4892597695390782	11.28	0.0	274.0	288.35	952.94	-146.69	0	1
PROTOTYPE	027225	04/16/18	05:00:03	0.4892597695390782	0.4892597695390782	11.26	0.0	3.3269664328657313	3.313267159318637	38.32	11.69	0.4892597695390782	0.4892597695390782	11.26	0.0	299.0	289.95	1019.94	-79.68	0	1
PROTOTYPE	027226	04/16/18	05:00:04	0.4892597695390782	0.4892597695390782	11.26	0.0	3.3269664328657313	3.3162027179358717	36.75	9.94	0.4892597695390782	0.4892597695390782	11.26	0.0	302.0	291.76	1121.89	22.27	0	1
PROTOTYPE	027227	04/16/18	05:00:06	0.4892597695390782	0.4892597695390782	11.31	0.0	3.3269664328657313	3.3171812374749496	35.49	8.45	0.4892597695390782	0.4892597695390782	11.31	0.0	276.0	289.39	1215.23	-71.07	0	1
PROTOTYPE	027228	04/16/18	05:00:07	0.4892597695390782	0.4892597695390782	11.31	0.0	3.3269664328657313	3.3191382765531063	25.18	22.18	0.4892597695390782	0.4892597695390782	11.31	0.0	302.0	291.29	1315.88	29.59	0	1
PROTOTYPE	027229	04/16/18	05:00:09	0.4892597695390782	0.4892597695390782	11.29	0.0	3.3269664328657313	3.3201167960921842	22.27	18.85	0.4892597695390782	0.4892597695390782	11.29	0.0	295.0	291.84	1296.77	160.15	0	1
PROTOTYPE	027230	04/16/18	05:00:10	0.4892597695390782	0.4892597695390782	11.3	0.0	3.3269664328657313	3.321095315631262	19.9	16.03	0.4892597695390782	0.4892597695390782	11.3	0.0	293.0	292.02	1235.57	256.13	0	1
PROTOTYPE	027231	04/16/18	05:00:12	0.4892597695390782	0.4892597695390782	11.29	0.0	3.3269664328657313	3.322073835170341	17.97	13.62	0.4892597695390782	0.4892597695390782	11.29	0.0	279.0	290.06	1287.63	-82.29	0	1
PROTOTYPE	027232	04/16/18	05:00:13	0.4892597695390782	0.4892597695390782	11.3	0.0	3.3269664328657313	3.323052354709419	16.44	11.58	0.4892597695390782	0.4892597695390782	11.3	0.0	292.0	290.35	1063.41	200.05	0	1
PROTOTYPE	027233	04/16/18	05:00:14	0.4892597695390782	0.4892597695390782	11.29	0.0	3.3269664328657313	3.323052354709419	15.21	9.84	0.4892597695390782	0.4892597695390782	11.29	0.0	294.0	290.9	958.41	95.04	0	1
PROTOTYPE	027234	04/16/18	05:00:16	0.4892597695390782	0.4892597695390782	11.29	0.0	3.3269664328657313	3.3240308742484967	14.25	8.37	0.4892597695390782	0.4892597695390782	11.29	0.0	293.0	291.22	809.18	-54.21	0	1
PROTOTYPE	027235	04/16/18	05:00:17	0.4892597695390782	0.4892597695390782	11.25	0.0	3.3269664328657313	3.3240308742484967	13.48	7.11	0.4892597695390782	0.4892597695390782	11.25	0.0	288.0	290.73	621.06	133.92	0	1
PROTOTYPE	027236	04/16/18	05:00:19	0.4892597695390782	0.4892597695390782	11.24	0.0	3.3269664328657313	3.325009393787575	12.9	6.04	0.4892597695390782	0.4892597695390782	11.24	0.0	287.0	290.17	487.99	-111.17	0	1
PROTOTYPE	027237	04/16/18	05:00:20	0.4892597695390782	0.4892597695390782	11.26	0.0	3.3269664328657313	3.325009393787575	12.49	5.14	0.4892597695390782	0.4892597695390782	11.26	0.0	289.0	290.0	449.91	-184.49	0	1
PROTOTYPE	027238	04/16/18	05:00:21	0.4892597695390782	0.4892597695390782	11.28	0.0	3.3269664328657313	3.325009393787575	12.19	4.37	0.4892597695390782	0.4892597695390782	11.28	0.0	286.0	289.4	492.46	-261.82	0	1
PROTOTYPE	027239	04/16/18	05:00:23	0.4892597695390782	0.4892597695390782	11.29	0.0	3.3269664328657313	3.3259879133266534	11.95	3.71	0.4892597695390782	0.4892597695390782	11.29	0.0	291.0	289.64	321.29	-42.55	0	1
PROTOTYPE	027240	04/16/18	05:00:24	0.4892597695390782	0.4892597695390782	11.27	0.0	3.3269664328657313	3.3259879133266534	11.75	3.16	0.4892597695390782	0.4892597695390782	11.27	0.0	302.0	291.49	477.65	113.84	0	1
PROTOTYPE	027241	04/16/18	05:00:26	0.4892597695390782	0.4892597695390782	11.28	0.0	3.3269664328657313	3.3259879133266534	11.63	2.68	0.4892597695390782	0.4892597695390782	11.28	0.0	284.0	290.37	535.33	-53.24	0	1
PROTOTYPE	027242	04/16/18	05:00:27	0.4892597695390782	0.4892597695390782	11.28	0.0	3.3269664328657313	3.3259879133266534	11.53	2.28	0.4892597695390782	0.4892597695390782	11.28	0.0	295.0	291.06	573.3	-15.25	0	1
PROTOTYPE	027243	04/16/18	05:00:28	0.4892597695390782	0.4892597695390782	11.28	0.0	3.3269664328657313	3.3259879133266534	11.46	1.94	0.4892597695390782	0.4892597695390782	11.28	0.0	279.0	289.25	706.0	-147.97	0	1
PROTOTYPE	027244	04/16/18	05:00:30	0.4892597695390782	0.4892597695390782	11.29	0.0	3.3269664328657313	3.3259879133266534	11.42	1.65	0.4892597695390782	0.4892597695390782	11.29	0.0	286.0	288.77	698.81	-140.77	0	1
PROTOTYPE	027245	04/16/18	05:00:31	0.4892597695390782	0.4892597695390782	11.26	0.0	3.3269664328657313	3.3259879133266534	11.36	1.4	0.4892597695390782	0.4892597695390782	11.26	0.0	291.0	289.1	714.69	-89.66	0	1
PROTOTYPE	027246	04/16/18	05:00:33	0.4892597695390782	0.4892597695390782	11.24	0.0	3.3269664328657313	3.3269664328657313	11.31	1.19	0.4892597695390782	0.4892597695390782	11.24	0.0	281.0	287.89	776.23	-151.21	0	1
PROTOTYPE	027247	04/16/18	05:00:34	0.4892597695390782	0.4892597695390782	11.25	0.0	3.3269664328657313	3.3269664328657313	11.3	1.01	0.4892597695390782	0.4892597695390782	11.25	0.0	291.0	288.35	798.9	-128.53	0	1
PROTOTYPE	027248	04/16/18	05:00:35	0.4892597695390782	0.4892597695390782	11.26	0.0	3.3269664328657313	3.3269664328657313	11.3	0.86	0.4892597695390782	0.4892597695390782	11.26	0.0	285.0	287.85	663.77	-364.25	0	1
PROTOTYPE	027249	04/16/18	05:00:37	0.4892597695390782	0.4892597695390782	11.26	0.0	3.3269664328657313	3.3269664328657313	11.28	0.73	0.4892597695390782	0.4892597695390782	11.26	0.0	306.0	290.57	823.63	20.39	0	1
PROTOTYPE	027250	04/16/18	05:00:38	0.4892597695390782	0.4892597695390782	11.27	0.0	3.3269664328657313	3.3269664328657313	11.29	0.62	0.4892597695390782	0.4892597695390782	11.27	0.0	288.0	290.19	792.76	-87.67	0	1
PROTOTYPE	027251	04/16/18	05:00:40	0.4892597695390782	0.4892597695390782	11.26	0.0	3.3269664328657313	3.3269664328657313	11.27	0.53	0.4892597695390782	0.4892597695390782	11.26	0.0	289.0	290.01	629.66	75.48	0	1
PROTOTYPE	027252	04/16/18	05:00:41	0.4892597695390782	0.4892597695390782	11.25	0.0	3.3269664328657313	3.3269664328657313	11.26	0.45	0.4892597695390782	0.4892597695390782	11.25	0.0	299.0	291.36	715.71	259.16	0	1
PROTOTYPE	027253	04/16/18	05:00:43	0.4892597695390782	0.4892597695390782	11.25	0.0	3.3269664328657313	3.3269664328657313	11.26	0.38	0.4892597695390782	0.4892597695390782	11.25	0.0	282.0	289.95	822.53	85.29	0	1
PROTOTYPE	027254	04/16/18	05:00:44	0.4892597695390782	0.4892597695390782	11.23	0.0	3.3269664328657313	3.3269664328657313	11.23	0.32	0.4892597695390782	0.4892597695390782	11.23	0.0	286.0	289.36	760.34	147.49	0	1
PROTOTYPE	027255	04/16/18	05:00:45	0.4892597695390782	0.4892597695390782	11.21	0.0	3.3269664328657313	3.3269664328657313	11.21	0.28	0.4892597695390782	0.4892597695390782	11.21	0.0	303.0	291.41	918.2	305.37	0	1
PROTOTYPE	027256	04/16/18	05:00:47	0.4892597695390782	0.4892597695390782	11.23	0.0	3.3269664328657313	3.3269664328657313	11.23	0.23	0.4892597695390782	0.4892597695390782	11.23	0.0	276.0	289.1	1098.99	124.56	0	1
PROTOTYPE	027257	04/16/18	05:00:48	0.4892597695390782	0.4892597695390782	11.23	0.0	3.3269664328657313	3.3269664328657313	11.23	0.2	0.4892597695390782	0.4892597695390782	11.23	0.0	296.0	290.13	930.31	-44.12	0	1
PROTOTYPE	027258	04/16/18	05:00:50	0.4892597695390782	0.4892597695390782	11.22	0.0	3.3269664328657313	3.3269664328657313	11.22	0.17	0.4892597695390782	0.4892597695390782	11.22	0.0	285.0	289.36	968.68	-82.5	0	1
PROTOTYPE	027259	04/16/18	05:00:51	0.4892597695390782	0.4892597695390782	11.23	0.0	3.3269664328657313	3.3269664328657313	11.23	0.14	0.4892597695390782	0.4892597695390782	11.23	0.0	288.0	289.16	971.29	-85.13	0	1
PROTOTYPE	027260	04/16/18	05:00:52	0.4892597695390782	0.4892597695390782	11.23	0.0	3.3269664328657313	3.3269664328657313	11.23	0.12	0.4892597695390782	0.4892597695390782	11.23	0.0	300.0	290.78	999.06	-57.36	0	1
PROTOTYPE	027261	04/16/18	05:00:54	0.4892597695390782	0.4892597695390782	11.23	0.0	3.3269664328657313	3.3269664328657313	11.23	0.1	0.4892597695390782	0.4892597695390782	11.23	0.0	301.0	292.32	1011.95	236.25	0	1
PROTOTYPE	027262	04/16/18	05:00:55	0.4892597695390782	0.4892597695390782	11.27	0.0	3.3269664328657313	3.3269664328657313	11.27	0.09	0.4892597695390782	0.4892597695390782	11.27	0.0	291.0	292.12	972.42	275.81	0	1
PROTOTYPE	027263	04/16/18	05:00:57	0.4892597695390782	0.4892597695390782	11.28	0.0	3.3269664328657313	3.3269664328657313	11.28	0.08	0.4892597695390782	0.4892597695390782	11.28	0.0	294.0	292.4	796.08	99.44	0	1
PROTOTYPE	027264	04/16/18	05:00:58	0.4892597695390782	0.4892597695390782	11.26	0.0	3.3269664328657313	3.3269664328657313	11.26	0.06	0.4892597695390782	0.4892597695390782	11.26	0.0	296.0	292.94	618.98	384.52	0	1
PROTOTYPE	027265	04/16/18	05:00:59	0.4892597695390782	0.4892597695390782	11.26	0.0	3.3269664328657313	3.3269664328657313	11.26	0.05	0.4892597695390782	0.4892597695390782	11.26	0.0	292.0	292.8	529.58	266.84	0	1
PROTOTYPE	027266	04/16/18	05:01:01	0.4892597695390782	0.4892597695390782	11.26	0.0	3.3269664328657313	3.3269664328657313	11.26	0.05	0.4892597695390782	0.4892597695390782	11.26	0.0	297.0	293.43	515.62	406.82	0	1
PROTOTYPE	027267	04/16/18	05:01:02	0.4892597695390782	0.4892597695390782	11.26	0.0	3.3269664328657313	3.3269664328657313	11.26	0.04	0.4892597695390782	0.4892597695390782	11.26	0.0	289.0	292.77	561.61	360.79	0	1
PROTOTYPE	027268	04/16/18	05:01:04	0.4892597695390782	0.4892597695390782	11.26	0.0	3.424818386773547	3.341644225951904	24.92	15.03	0.4892597695390782	0.4892597695390782	11.26	0.0	297.0	293.4	462.5	261.68	0	1
PROTOTYPE	027269	04/16/18	05:01:05	0.4892597695390782	0.4892597695390782	11.29	0.0	3.3269664328657313	3.3396871868737477	26.19	12.78	0.4892597695390782	0.4892597695390782	11.29	0.0	294.0	293.49	318.36	117.42	0	1
PROTOTYPE	027270	04/16/18	05:01:06	0.4892597695390782	0.4892597695390782	11.27	0.0	3.3269664328657313	3.337730147795591	27.14	10.86	0.4892597695390782	0.4892597695390782	11.27	0.0	291.0	293.12	335.95	99.81	0	1
PROTOTYPE	027271	04/16/18	05:01:08	0.4892597695390782	0.4892597695390782	11.26	0.0	3.3269664328657313	3.335773108717435	27.87	9.23	0.4892597695390782	0.4892597695390782	11.26	0.0	299.0	294.0	395.95	159.84	0	1
PROTOTYPE	027272	04/16/18	05:01:09	0.4892597695390782	0.4892597695390782	11.25	0.0	3.3269664328657313	3.3347945891783564	28.43	7.85	0.4892597695390782	0.4892597695390782	11.25	0.0	296.0	294.3	371.99	135.86	0	1
PROTOTYPE	027273	04/16/18	05:01:11	0.4892597695390782	0.4892597695390782	11.25	0.0	3.3269664328657313	3.333816069639279	28.85	6.67	0.4892597695390782	0.4892597695390782	11.25	0.0	280.0	292.15	572.3	-64.52	0	1
PROTOTYPE	027274	04/16/18	05:01:12	0.4892597695390782	0.4892597695390782	11.25	0.0	3.424818386773547	3.347515343186373	41.53	20.67	0.4892597695390782	0.4892597695390782	11.25	0.0	296.0	292.73	566.98	-69.84	0	1
PROTOTYPE	027275	04/16/18	05:01:13	0.4892597695390782	0.4892597695390782	11.25	0.0	3.424818386773547	3.3592575776553106	52.1	32.57	0.4892597695390782	0.4892597695390782	11.25	0.0	289.0	292.17	556.51	-59.36	0	1
PROTOTYPE	027276	04/16/18	05:01:15	0.4892597695390782	0.4892597695390782	11.26	0.0	3.3269664328657313	3.35436497995992	42.12	12.68	0.4892597695390782	0.4892597695390782	11.26	0.0	298.0	293.05	580.41	-35.46	0	1
PROTOTYPE	027277	04/16/18	05:01:16	0.4892597695390782	0.4892597695390782	11.27	0.0	3.3269664328657313	3.3504509018036077	43.85	10.78	0.4892597695390782	0.4892597695390782	11.27	0.0	288.0	292.29	647.01	-120.14	0	1
PROTOTYPE	027278	04/16/18	05:01:18	0.4892597695390782	0.4892597695390782	11.26	0.0	3.424818386773547	3.3612146167334673	53.03	24.16	0.4892597695390782	0.4892597695390782	11.26	0.0	306.0	294.35	815.29	122.88	0	1
PROTOTYPE	027279	04/16/18	05:01:19	0.4892597695390782	0.4892597695390782	11.27	0.0	3.424818386773547	3.3709998121242486	60.74	35.54	0.4892597695390782	0.4892597695390782	11.27	0.0	280.0	292.19	942.22	-180.55	0	1
PROTOTYPE	027280	04/16/18	05:01:21	0.4892597695390782	0.4892597695390782	11.28	0.0	3.424818386773547	3.378827968436874	67.18	45.21	0.4892597695390782	0.4892597695390782	11.28	0.0	291.0	292.01	930.14	-228.47	0	1
PROTOTYPE	027281	04/16/18	05:01:22	0.4892597695390782	0.4892597695390782	11.28	0.0	3.424818386773547	3.3856776052104207	72.53	53.43	0.4892597695390782	0.4892597695390782	11.28	0.0	285.0	290.96	820.88	-119.2	0	1
PROTOTYPE	027282	04/16/18	05:01:23	0.4892597695390782	0.4892597695390782	11.28	0.0	3.424818386773547	3.3915487224448895	64.61	45.41	0.4892597695390782	0.4892597695390782	11.28	0.0	294.0	291.42	808.76	-131.32	0	1
PROTOTYPE	027283	04/16/18	05:01:25	0.4892597695390782	0.4892597695390782	11.29	0.0	3.424818386773547	3.3964413201402803	57.91	38.6	0.4892597695390782	0.4892597695390782	11.29	0.0	299.0	292.56	866.51	38.38	0	1
PROTOTYPE	027284	04/16/18	05:01:26	0.4892597695390782	0.4892597695390782	11.29	0.0	3.3269664328657313	3.3856776052104207	63.59	32.81	0.4892597695390782	0.4892597695390782	11.29	0.0	292.0	292.47	787.52	-57.38	0	1
PROTOTYPE	027285	04/16/18	05:01:28	0.4892597695390782	0.4892597695390782	11.26	0.0	3.424818386773547	3.3915487224448895	65.29	42.89	0.4892597695390782	0.4892597695390782	11.26	0.0	287.0	291.65	793.92	-63.77	0	1
PROTOTYPE	027286	04/16/18	05:01:29	0.4892597695390782	0.4892597695390782	11.28	0.0	3.424818386773547	3.3964413201402803	58.97	36.46	0.4892597695390782	0.4892597695390782	11.28	0.0	294.0	292.0	623.5	-234.21	0	1
PROTOTYPE	027287	04/16/18	05:01:30	0.4892597695390782	0.4892597695390782	11.27	0.0	3.3269664328657313	3.386656124749499	59.93	15.99	0.4892597695390782	0.4892597695390782	11.27	0.0	277.0	289.75	633.37	-244.07	0	1
PROTOTYPE	027288	04/16/18	05:01:32	0.4892597695390782	0.4892597695390782	11.28	0.0	3.424818386773547	3.3925272419839683	57.58	13.59	0.4892597695390782	0.4892597695390782	11.28	0.0	285.0	289.04	686.72	-297.46	0	1
PROTOTYPE	027289	04/16/18	05:01:33	0.4892597695390782	0.4892597695390782	11.27	0.0	3.424818386773547	3.3974198396793587	55.59	11.55	0.4892597695390782	0.4892597695390782	11.27	0.0	286.0	288.58	627.11	-237.84	0	1
PROTOTYPE	027290	04/16/18	05:01:35	0.4892597695390782	0.4892597695390782	11.26	0.0	3.424818386773547	3.401333917835671	53.92	9.82	0.4892597695390782	0.4892597695390782	11.26	0.0	296.0	289.7	692.78	-172.17	0	1
PROTOTYPE	027291	04/16/18	05:01:36	0.4892597695390782	0.4892597695390782	11.24	0.0	3.424818386773547	3.4052479959919837	52.51	8.35	0.4892597695390782	0.4892597695390782	11.24	0.0	294.0	290.34	643.61	-221.34	0	1
PROTOTYPE	027292	04/16/18	05:01:37	0.4892597695390782	0.4892597695390782	11.24	0.0	3.424818386773547	3.4081835546092183	45.13	22.09	0.4892597695390782	0.4892597695390782	11.24	0.0	303.0	292.24	825.03	-23.14	0	1
PROTOTYPE	027293	04/16/18	05:01:39	0.4892597695390782	0.4892597695390782	11.25	0.0	3.424818386773547	3.410140593687375	42.01	18.78	0.4892597695390782	0.4892597695390782	11.25	0.0	288.0	291.6	806.57	-4.67	0	1
PROTOTYPE	027294	04/16/18	05:01:40	0.4892597695390782	0.4892597695390782	11.23	0.0	3.424818386773547	3.412097632765531	39.4	15.96	0.4892597695390782	0.4892597695390782	11.23	0.0	301.0	293.01	912.25	101.03	0	1
PROTOTYPE	027295	04/16/18	05:01:42	0.4892597695390782	0.4892597695390782	11.24	0.0	3.424818386773547	3.4140546718436875	30.95	28.57	0.4892597695390782	0.4892597695390782	11.24	0.0	299.0	293.91	776.99	415.88	0	1
PROTOTYPE	027296	04/16/18	05:01:43	0.4892597695390782	0.4892597695390782	11.23	0.0	3.424818386773547	3.4160117109218437	27.02	24.28	0.4892597695390782	0.4892597695390782	11.23	0.0	283.0	292.28	869.36	323.49	0	1
PROTOTYPE	027297	04/16/18	05:01:44	0.4892597695390782	0.4892597695390782	11.25	0.0	3.424818386773547	3.416990230460922	23.79	20.64	0.4892597695390782	0.4892597695390782	11.25	0.0	288.0	291.63	887.88	304.97	0	1
PROTOTYPE	027298	04/16/18	05:01:46	0.4892597695390782	0.4892597695390782	11.26	0.0	3.424818386773547	3.41796875	21.14	17.54	0.4892597695390782	0.4892597695390782	11.26	0.0	291.0	291.54	786.24	184.22	0	1
PROTOTYPE	027299	04/16/18	05:01:47	0.4892597695390782	0.4892597695390782	11.27	0.0	3.424818386773547	3.4189472695390783	18.98	14.91	0.4892597695390782	0.4892597695390782	11.27	0.0	297.0	292.36	803.61	201.59	0	1
PROTOTYPE	027300	04/16/18	05:01:49	0.4892597695390782	0.4892597695390782	11.28	0.0	3.424818386773547	3.4199257890781567	17.24	12.68	0.4892597695390782	0.4892597695390782	11.28	0.0	287.0	291.55	694.11	-68.65	0	1
PROTOTYPE	027301	04/16/18	05:01:50	0.4892597695390782	0.4892597695390782	11.27	0.0	3.424818386773547	3.4209043086172346	15.85	10.77	0.4892597695390782	0.4892597695390782	11.27	0.0	291.0	291.47	638.92	-13.35	0	1
PROTOTYPE	027302	04/16/18	05:01:51	0.4892597695390782	0.4892597695390782	11.26	0.0	3.424818386773547	3.4218828281563125	14.74	9.16	0.4892597695390782	0.4892597695390782	11.26	0.0	294.0	291.85	535.94	-116.35	0	1
PROTOTYPE	027303	04/16/18	05:01:53	0.4892597695390782	0.4892597695390782	11.26	0.0	3.424818386773547	3.4218828281563125	13.88	7.78	0.4892597695390782	0.4892597695390782	11.26	0.0	282.0	290.37	593.9	-353.9	0	1
PROTOTYPE	027304	04/16/18	05:01:54	0.4892597695390782	0.4892597695390782	11.27	0.0	3.424818386773547	3.4228613476953904	13.23	6.62	0.4892597695390782	0.4892597695390782	11.27	0.0	292.0	290.62	454.66	-165.81	0	1
PROTOTYPE	027305	04/16/18	05:01:56	0.4892597695390782	0.4892597695390782	11.25	0.0	3.424818386773547	3.4228613476953904	12.71	5.62	0.4892597695390782	0.4892597695390782	11.25	0.0	301.0	292.17	546.28	54.06	0	1
PROTOTYPE	027306	04/16/18	05:01:57	0.4892597695390782	0.4892597695390782	11.25	0.0	3.424818386773547	3.4228613476953904	12.32	4.78	0.4892597695390782	0.4892597695390782	11.25	0.0	286.0	291.25	629.29	-29.05	0	1
PROTOTYPE	027307	04/16/18	05:01:59	0.4892597695390782	0.4892597695390782	11.26	0.0	3.424818386773547	3.4228613476953904	12.05	4.06	0.4892597695390782	0.4892597695390782	11.26	0.0	290.0	291.06	566.14	-129.69	0	1
PROTOTYPE	027308	04/16/18	05:02:00	0.4892597695390782	0.4892597695390782	11.25	0.0	3.3269664328657313	3.409162074148297	25.24	-11.55	0.4892597695390782	0.4892597695390782	11.25	0.0	298.0	292.1	589.85	54.76	0	1
PROTOTYPE	027309	04/16/18	05:02:01	0.4892597695390782	0.4892597695390782	11.25	0.0	3.424818386773547	3.411119113226453	26.48	-9.81	0.4892597695390782	0.4892597695390782	11.25	0.0	291.0	291.94	598.01	46.55	0	1
PROTOTYPE	027310	04/16/18	05:02:03	0.4892597695390782	0.4892597695390782	11.26	0.0	3.424818386773547	3.4130761523046096	27.47	-8.34	0.4892597695390782	0.4892597695390782	11.26	0.0	285.0	290.9	664.11	-95.43	0	1
PROTOTYPE	027311	04/16/18	05:02:04	0.4892597695390782	0.4892597695390782	11.24	0.0	3.424818386773547	3.4150331913827654	28.22	-7.09	0.4892597695390782	0.4892597695390782	11.24	0.0	277.0	288.81	724.79	-156.12	0	1
PROTOTYPE	027312	04/16/18	05:02:06	0.4892597695390782	0.4892597695390782	11.24	0.0	3.424818386773547	3.4160117109218437	28.8	-6.03	0.4892597695390782	0.4892597695390782	11.24	0.0	291.0	289.14	733.2	-147.7	0	1
PROTOTYPE	027313	04/16/18	05:02:07	0.4892597695390782	0.4892597695390782	11.24	0.0	3.424818386773547	3.41796875	29.25	-5.12	0.4892597695390782	0.4892597695390782	11.24	0.0	292.0	289.57	620.37	-260.55	0	1
PROTOTYPE	027314	04/16/18	05:02:08	0.4892597695390782	0.4892597695390782	11.23	0.0	3.424818386773547	3.4189472695390783	29.57	-4.35	0.4892597695390782	0.4892597695390782	11.23	0.0	294.0	290.23	594.22	-101.46	0	1
PROTOTYPE	027315	04/16/18	05:02:10	0.4892597695390782	0.4892597695390782	11.23	0.0	3.424818386773547	3.4199257890781567	29.82	-3.7	0.4892597695390782	0.4892597695390782	11.23	0.0	297.0	291.25	676.95	18.76	0	1
PROTOTYPE	027316	04/16/18	05:02:11	0.4892597695390782	0.4892597695390782	11.23	0.0	3.424818386773547	3.4209043086172346	16.6	11.85	0.4892597695390782	0.4892597695390782	11.23	0.0	295.0	291.81	629.15	-29.06	0	1
PROTOTYPE	027317	04/16/18	05:02:13	0.4892597695390782	0.4892597695390782	11.25	0.0	3.424818386773547	3.4209043086172346	15.35	10.08	0.4892597695390782	0.4892597695390782	11.25	0.0	293.0	291.99	630.45	5.3	0	1
PROTOTYPE	027318	04/16/18	05:02:14	0.4892597695390782	0.4892597695390782	11.26	0.0	3.424818386773547	3.4218828281563125	14.36	8.56	0.4892597695390782	0.4892597695390782	11.26	0.0	291.0	291.84	541.3	94.51	0	1
PROTOTYPE	027319	04/16/18	05:02:15	0.4892597695390782	0.4892597695390782	11.28	0.0	3.424818386773547	3.4218828281563125	13.61	7.28	0.4892597695390782	0.4892597695390782	11.28	0.0	292.0	291.86	335.62	305.33	0	1
PROTOTYPE	027320	04/16/18	05:02:17	0.4892597695390782	0.4892597695390782	11.26	0.0	3.424818386773547	3.4228613476953904	13.0	6.19	0.4892597695390782	0.4892597695390782	11.26	0.0	288.0	291.29	360.76	214.53	0	1
PROTOTYPE	027321	04/16/18	05:02:18	0.4892597695390782	0.4892597695390782	11.25	0.0	3.424818386773547	3.4228613476953904	12.54	5.26	0.4892597695390782	0.4892597695390782	11.25	0.0	279.0	289.44	502.12	-12.65	0	1
PROTOTYPE	027322	04/16/18	05:02:20	0.4892597695390782	0.4892597695390782	11.27	0.0	3.3269664328657313	3.4081835546092183	25.54	-10.53	0.4892597695390782	0.4892597695390782	11.27	0.0	287.0	289.08	472.3	-115.75	0	1
PROTOTYPE	027323	04/16/18	05:02:21	0.4892597695390782	0.4892597695390782	11.25	0.0	3.424818386773547	3.411119113226453	26.72	-8.95	0.4892597695390782	0.4892597695390782	11.25	0.0	291.0	289.36	399.69	-188.39	0	1
PROTOTYPE	027324	04/16/18	05:02:22	0.4892597695390782	0.4892597695390782	11.24	0.0	3.424818386773547	3.4130761523046096	27.65	-7.61	0.4892597695390782	0.4892597695390782	11.24	0.0	279.0	287.81	498.88	-400.13	0	1
PROTOTYPE	027325	04/16/18	05:02:24	0.4892597695390782	0.4892597695390782	11.21	0.0	3.424818386773547	3.4150331913827654	28.36	-6.47	0.4892597695390782	0.4892597695390782	11.21	0.0	295.0	288.89	588.85	-310.11	0	1
PROTOTYPE	027326	04/16/18	05:02:25	0.4892597695390782	0.4892597695390782	11.2	0.0	3.424818386773547	3.4160117109218437	28.92	-5.5	0.4892597695390782	0.4892597695390782	11.2	0.0	290.0	289.06	590.67	-278.59	0	1
PROTOTYPE	027327	04/16/18	05:02:27	0.4892597695390782	0.4892597695390782	11.2	0.0	3.424818386773547	3.41796875	29.35	-4.67	0.4892597695390782	0.4892597695390782	11.2	0.0	297.0	290.25	707.08	-161.81	0	1
PROTOTYPE	027328	04/16/18	05:02:28	0.4892597695390782	0.4892597695390782	11.21	0.0	3.424818386773547	3.4189472695390783	29.69	-3.97	0.4892597695390782	0.4892597695390782	11.21	0.0	290.0	290.21	653.05	-107.53	0	1
PROTOTYPE	027329	04/16/18	05:02:29	0.4892597695390782	0.4892597695390782	11.21	0.0	3.424818386773547	3.4199257890781567	29.93	-3.38	0.4892597695390782	0.4892597695390782	11.21	0.0	296.0	291.08	555.63	163.6	0	1
PROTOTYPE	027330	04/16/18	05:02:31	0.4892597695390782	0.4892597695390782	11.22	0.0	3.424818386773547	3.4199257890781567	16.79	12.13	0.4892597695390782	0.4892597695390782	11.22	0.0	285.0	290.17	610.15	109.06	0	1
PROTOTYPE	027331	04/16/18	05:02:32	0.4892597695390782	0.4892597695390782	11.22	0.0	3.424818386773547	3.4209043086172346	15.49	10.31	0.4892597695390782	0.4892597695390782	11.22	0.0	295.0	290.89	653.77	152.7	0	1
PROTOTYPE	027332	04/16/18	05:02:34	0.4892597695390782	0.4892597695390782	11.21	0.0	3.424818386773547	3.4218828281563125	14.45	8.76	0.4892597695390782	0.4892597695390782	11.21	0.0	299.0	292.11	619.93	429.79	0	1
PROTOTYPE	027333	04/16/18	05:02:35	0.4892597695390782	0.4892597695390782	11.23	0.0	3.424818386773547	3.4218828281563125	13.66	7.45	0.4892597695390782	0.4892597695390782	11.23	0.0	297.0	292.84	585.46	395.32	0	1
PROTOTYPE	027334	04/16/18	05:02:36	0.4892597695390782	0.4892597695390782	11.26	0.0	3.424818386773547	3.4228613476953904	13.07	6.33	0.4892597695390782	0.4892597695390782	11.26	0.0	294.0	293.02	586.17	396.03	0	1
PROTOTYPE	027335	04/16/18	05:02:38	0.4892597695390782	0.4892597695390782	11.26	0.0	3.424818386773547	3.4228613476953904	12.6	5.38	0.4892597695390782	0.4892597695390782	11.26	0.0	286.0	291.96	572.23	171.62	0	1
PROTOTYPE	027336	04/16/18	05:02:39	0.4892597695390782	0.4892597695390782	11.26	0.0	3.424818386773547	3.4228613476953904	12.25	4.58	0.4892597695390782	0.4892597695390782	11.26	0.0	282.0	290.47	717.72	25.88	0	1
PROTOTYPE	027337	04/16/18	05:02:41	0.4892597695390782	0.4892597695390782	11.28	0.0	3.424818386773547	3.423839867234469	12.0	3.89	0.4892597695390782	0.4892597695390782	11.28	0.0	289.0	290.25	652.93	-83.0	0	1
PROTOTYPE	027338	04/16/18	05:02:42	0.4892597695390782	0.4892597695390782	11.28	0.0	3.424818386773547	3.423839867234469	11.81	3.31	0.4892597695390782	0.4892597695390782	11.28	0.0	293.0	290.66	603.04	49.45	0	1
PROTOTYPE	027339	04/16/18	05:02:44	0.4892597695390782	0.4892597695390782	11.3	0.0	3.424818386773547	3.423839867234469	11.69	2.81	0.4892597695390782	0.4892597695390782	11.3	0.0	299.0	291.91	655.62	102.03	0	1
PROTOTYPE	027340	04/16/18	05:02:45	0.4892597695390782	0.4892597695390782	11.34	0.0	3.424818386773547	3.423839867234469	11.62	2.39	0.4892597695390782	0.4892597695390782	11.34	0.0	295.0	292.38	580.33	26.73	0	1
PROTOTYPE	027341	04/16/18	05:02:46	0.4892597695390782	0.4892597695390782	11.34	0.0	3.424818386773547	3.423839867234469	11.54	2.03	0.4892597695390782	0.4892597695390782	11.34	0.0	283.0	290.97	647.57	-187.28	0	1
PROTOTYPE	027342	04/16/18	05:02:48	0.4892597695390782	0.4892597695390782	11.31	0.0	3.424818386773547	3.423839867234469	11.46	1.73	0.4892597695390782	0.4892597695390782	11.31	0.0	300.0	292.32	765.61	-69.19	0	1
PROTOTYPE	027343	04/16/18	05:02:49	0.4892597695390782	0.4892597695390782	11.31	0.0	3.424818386773547	3.423839867234469	11.42	1.47	0.4892597695390782	0.4892597695390782	11.31	0.0	289.0	291.83	710.24	-13.81	0	1
PROTOTYPE	027344	04/16/18	05:02:51	0.4892597695390782	0.4892597695390782	11.31	0.0	3.424818386773547	3.424818386773547	11.39	1.25	0.4892597695390782	0.4892597695390782	11.31	0.0	288.0	291.25	618.18	78.26	0	1
PROTOTYPE	027345	04/16/18	05:02:52	0.4892597695390782	0.4892597695390782	11.31	0.0	3.424818386773547	3.424818386773547	11.36	1.06	0.4892597695390782	0.4892597695390782	11.31	0.0	290.0	291.06	614.93	81.52	0	1
PROTOTYPE	027346	04/16/18	05:02:53	0.4892597695390782	0.4892597695390782	11.29	0.0	3.424818386773547	3.424818386773547	11.33	0.9	0.4892597695390782	0.4892597695390782	11.29	0.0	289.0	290.75	604.62	9.29	0	1
PROTOTYPE	027347	04/16/18	05:02:55	0.4892597695390782	0.4892597695390782	11.29	0.0	3.424818386773547	3.424818386773547	11.32	0.77	0.4892597695390782	0.4892597695390782	11.29	0.0	288.0	290.34	520.86	-157.1	0	1
PROTOTYPE	027348	04/16/18	05:02:56	0.4892597695390782	0.4892597695390782	11.28	0.0	3.424818386773547	3.424818386773547	11.3	0.65	0.4892597695390782	0.4892597695390782	11.28	0.0	281.0	288.94	614.64	-343.54	0	1
PROTOTYPE	027349	04/16/18	05:02:58	0.4892597695390782	0.4892597695390782	11.27	0.0	3.424818386773547	3.424818386773547	11.28	0.55	0.4892597695390782	0.4892597695390782	11.27	0.0	285.0	288.35	533.12	-262.01	0	1
PROTOTYPE	027350	04/16/18	05:02:59	0.4892597695390782	0.4892597695390782	11.28	0.0	3.424818386773547	3.424818386773547	11.29	0.47	0.4892597695390782	0.4892597695390782	11.28	0.0	288.0	288.3	403.06	-402.7	0	1
PROTOTYPE	027351	04/16/18	05:03:01	0.4892597695390782	0.4892597695390782	11.29	0.0	3.424818386773547	3.424818386773547	11.3	0.4	0.4892597695390782	0.4892597695390782	11.29	0.0	301.0	290.2	543.75	-162.3	0	1
PROTOTYPE	027352	04/16/18	05:03:02	0.4892597695390782	0.4892597695390782	11.29	0.0	3.424818386773547	3.424818386773547	11.29	0.34	0.4892597695390782	0.4892597695390782	11.29	0.0	294.0	290.77	543.34	-47.95	0	1
PROTOTYPE	027353	04/16/18	05:03:03	0.4892597695390782	0.4892597695390782	11.29	0.0	3.424818386773547	3.424818386773547	11.29	0.29	0.4892597695390782	0.4892597695390782	11.29	0.0	299.0	292.01	647.95	94.24	0	1
PROTOTYPE	027354	04/16/18	05:03:05	0.4892597695390782	0.4892597695390782	11.29	0.0	3.424818386773547	3.424818386773547	11.29	0.25	0.4892597695390782	0.4892597695390782	11.29	0.0	282.0	290.51	767.06	-24.9	0	1
PROTOTYPE	027355	04/16/18	05:03:06	0.4892597695390782	0.4892597695390782	11.29	0.0	3.424818386773547	3.424818386773547	11.29	0.21	0.4892597695390782	0.4892597695390782	11.29	0.0	290.0	290.43	733.43	8.84	0	1
PROTOTYPE	027356	04/16/18	05:03:08	0.4892597695390782	0.4892597695390782	11.27	0.0	3.424818386773547	3.424818386773547	11.27	0.18	0.4892597695390782	0.4892597695390782	11.27	0.0	292.0	290.66	616.92	172.51	0	1
PROTOTYPE	027357	04/16/18	05:03:09	0.4892597695390782	0.4892597695390782	11.28	0.0	3.424818386773547	3.424818386773547	11.28	0.15	0.4892597695390782	0.4892597695390782	11.28	0.0	294.0	291.17	607.85	281.64	0	1
PROTOTYPE	027358	04/16/18	05:03:10	0.4892597695390782	0.4892597695390782	11.28	0.0	3.424818386773547	3.424818386773547	11.28	0.13	0.4892597695390782	0.4892597695390782	11.28	0.0	296.0	291.89	674.97	359.39	0	1
PROTOTYPE	027359	04/16/18	05:03:12	0.4892597695390782	0.4892597695390782	11.26	0.0	3.424818386773547	3.424818386773547	11.26	0.11	0.4892597695390782	0.4892597695390782	11.26	0.0	297.0	292.66	561.06	245.48	0	1
PROTOTYPE	027360	04/16/18	05:03:13	0.4892597695390782	0.4892597695390782	11.26	0.0	3.424818386773547	3.424818386773547	11.26	0.09	0.4892597695390782	0.4892597695390782	11.26	0.0	289.0	292.11	558.95	133.66	0	1
PROTOTYPE	027361	04/16/18	05:03:15	0.4892597695390782	0.4892597695390782	11.26	0.0	3.424818386773547	3.424818386773547	11.26	0.08	0.4892597695390782	0.4892597695390782	11.26	0.0	279.0	290.14	632.15	-186.39	0	1
PROTOTYPE	027362	04/16/18	05:03:16	0.4892597695390782	0.4892597695390782	11.28	0.0	3.424818386773547	3.424818386773547	11.28	0.07	0.4892597695390782	0.4892597695390782	11.28	0.0	292.0	290.42	509.95	-8.43	0	1
PROTOTYPE	027363	04/16/18	05:03:17	0.4892597695390782	0.4892597695390782	11.26	0.0	3.424818386773547	3.424818386773547	11.26	0.06	0.4892597695390782	0.4892597695390782	11.26	0.0	282.0	289.16	628.57	-127.17	0	1
PROTOTYPE	027364	04/16/18	05:03:19	0.4892597695390782	0.4892597695390782	11.27	0.0	3.424818386773547	3.424818386773547	11.27	0.05	0.4892597695390782	0.4892597695390782	11.27	0.0	287.0	288.83	637.36	-183.09	0	1
PROTOTYPE	027365	04/16/18	05:03:20	0.4892597695390782	0.4892597695390782	11.26	0.0	3.424818386773547	3.424818386773547	11.26	0.04	0.4892597695390782	0.4892597695390782	11.26	0.0	296.0	289.91	694.81	-125.63	0	1
PROTOTYPE	027366	04/16/18	05:03:22	0.4892597695390782	0.4892597695390782	11.24	0.0	3.424818386773547	3.424818386773547	11.24	0.03	0.4892597695390782	0.4892597695390782	11.24	0.0	295.0	290.67	698.66	-121.78	0	1
