Dev_id	Index	Date	Time	Sensor1	Sensor1_Filter	Sensor1_LL	Sensor1_Diff	Sensor2	Sensor2_Filter	Sensor2_LL	Sensor2_Diff	Sensor3	Sensor3_Filter	Sensor3_LL	Sensor3_Diff	Sensor4	Sensor4_Filter	Sensor4_LL	Sensor4_Diff	Heater_Status	FSM_Status
PROTOTYPE	030367	04/16/18	06:13:58	0.4892597695390782	0.4892597695390782	11.34	0.0	3.522670340681363	3.573553356713427	65.17	-11.48	0.4892597695390782	0.4892597695390782	11.34	0.0	294.0	291.63	596.26	87.22	0	1
PROTOTYPE	030368	04/16/18	06:13:59	0.4892597695390782	0.4892597695390782	11.31	0.0	3.522670340681363	3.5657252004008013	67.39	-24.76	0.4892597695390782	0.4892597695390782	11.31	0.0	290.0	291.39	459.38	224.14	0	1
PROTOTYPE	030369	04/16/18	06:14:01	0.4892597695390782	0.4892597695390782	11.3	0.0	3.522670340681363	3.558875563627254	63.73	-21.05	0.4892597695390782	0.4892597695390782	11.3	0.0	283.0	290.13	542.41	55.52	0	1
PROTOTYPE	030370	04/16/18	06:14:02	0.4892597695390782	0.4892597695390782	11.3	0.0	3.522670340681363	3.553982965931864	60.64	-17.89	0.4892597695390782	0.4892597695390782	11.3	0.0	289.0	289.96	523.04	2.19	0	1
PROTOTYPE	030371	04/16/18	06:14:04	0.4892597695390782	0.4892597695390782	11.27	0.0	3.6205222945891786	3.5637681613226455	63.28	-15.21	0.4892597695390782	0.4892597695390782	11.27	0.0	288.0	289.67	463.39	61.86	0	1
PROTOTYPE	030372	04/16/18	06:14:05	0.4892597695390782	0.4892597695390782	11.29	0.0	3.522670340681363	3.5578970440881763	63.19	-27.92	0.4892597695390782	0.4892597695390782	11.29	0.0	295.0	290.47	424.11	22.58	0	1
PROTOTYPE	030373	04/16/18	06:14:06	0.4892597695390782	0.4892597695390782	11.29	0.0	3.522670340681363	3.552025926853707	59.08	-23.74	0.4892597695390782	0.4892597695390782	11.29	0.0	290.0	290.4	329.86	-85.81	0	1
PROTOTYPE	030374	04/16/18	06:14:08	0.4892597695390782	0.4892597695390782	11.3	0.0	3.522670340681363	3.5481118486973946	56.83	-35.18	0.4892597695390782	0.4892597695390782	11.3	0.0	296.0	291.24	409.85	2.07	0	1
PROTOTYPE	030375	04/16/18	06:14:09	0.4892597695390782	0.4892597695390782	11.27	0.0	3.522670340681363	3.544197770541082	51.69	-29.9	0.4892597695390782	0.4892597695390782	11.27	0.0	288.0	290.75	416.66	-88.24	0	1
PROTOTYPE	030376	04/16/18	06:14:11	0.4892597695390782	0.4892597695390782	11.27	0.0	3.6205222945891786	3.5559400050100205	55.57	-10.41	0.4892597695390782	0.4892597695390782	11.27	0.0	290.0	290.64	403.47	-75.01	0	1
PROTOTYPE	030377	04/16/18	06:14:12	0.4892597695390782	0.4892597695390782	11.25	0.0	3.522670340681363	3.551047407314629	54.05	-8.85	0.4892597695390782	0.4892597695390782	11.25	0.0	278.0	288.74	467.21	-138.76	0	1
PROTOTYPE	030378	04/16/18	06:14:13	0.4892597695390782	0.4892597695390782	11.22	0.0	3.6205222945891786	3.560832602705411	59.05	7.48	0.4892597695390782	0.4892597695390782	11.22	0.0	295.0	289.68	544.06	-27.94	0	1
PROTOTYPE	030379	04/16/18	06:14:15	0.4892597695390782	0.4892597695390782	11.23	0.0	3.522670340681363	3.5549614854709417	54.8	-8.65	0.4892597695390782	0.4892597695390782	11.23	0.0	289.0	289.58	524.93	-8.75	0	1
PROTOTYPE	030380	04/16/18	06:14:16	0.4892597695390782	0.4892597695390782	11.21	0.0	3.6205222945891786	3.5647466808617234	58.41	7.65	0.4892597695390782	0.4892597695390782	11.21	0.0	302.0	291.44	631.23	97.56	0	1
PROTOTYPE	030381	04/16/18	06:14:18	0.4892597695390782	0.4892597695390782	11.22	0.0	3.6205222945891786	3.573553356713427	61.47	21.5	0.4892597695390782	0.4892597695390782	11.22	0.0	291.0	291.38	630.88	97.93	0	1
PROTOTYPE	030382	04/16/18	06:14:19	0.4892597695390782	0.4892597695390782	11.21	0.0	3.522670340681363	3.5657252004008013	64.61	18.28	0.4892597695390782	0.4892597695390782	11.21	0.0	289.0	291.02	582.49	-21.76	0	1
PROTOTYPE	030383	04/16/18	06:14:20	0.4892597695390782	0.4892597695390782	11.23	0.0	3.6205222945891786	3.573553356713427	68.99	30.54	0.4892597695390782	0.4892597695390782	11.23	0.0	299.0	292.22	653.62	146.5	0	1
PROTOTYPE	030384	04/16/18	06:14:22	0.4892597695390782	0.4892597695390782	11.22	0.0	3.522670340681363	3.5667037199398797	65.2	10.96	0.4892597695390782	0.4892597695390782	11.22	0.0	289.0	291.73	690.53	109.53	0	1
PROTOTYPE	030385	04/16/18	06:14:23	0.4892597695390782	0.4892597695390782	11.24	0.0	3.522670340681363	3.559854083166333	66.8	9.31	0.4892597695390782	0.4892597695390782	11.24	0.0	288.0	291.17	556.97	243.1	0	1
PROTOTYPE	030386	04/16/18	06:14:25	0.4892597695390782	0.4892597695390782	11.25	0.0	3.522670340681363	3.553982965931864	61.86	-7.08	0.4892597695390782	0.4892597695390782	11.25	0.0	298.0	292.2	565.5	251.63	0	1
PROTOTYPE	030387	04/16/18	06:14:26	0.4892597695390782	0.4892597695390782	11.26	0.0	3.522670340681363	3.5490903682364734	60.84	-6.02	0.4892597695390782	0.4892597695390782	11.26	0.0	283.0	290.82	693.16	123.89	0	1
PROTOTYPE	030388	04/16/18	06:14:28	0.4892597695390782	0.4892597695390782	11.29	0.0	3.522670340681363	3.54517629008016	55.11	-20.12	0.4892597695390782	0.4892597695390782	11.29	0.0	290.0	290.7	519.2	-74.7	0	1
PROTOTYPE	030389	04/16/18	06:14:29	0.4892597695390782	0.4892597695390782	11.29	0.0	3.6205222945891786	3.5569185245490984	58.09	-17.1	0.4892597695390782	0.4892597695390782	11.29	0.0	282.0	289.39	642.86	-198.49	0	1
PROTOTYPE	030390	04/16/18	06:14:30	0.4892597695390782	0.4892597695390782	11.29	0.0	3.522670340681363	3.552025926853707	55.59	-14.54	0.4892597695390782	0.4892597695390782	11.29	0.0	297.0	290.53	721.33	-48.72	0	1
PROTOTYPE	030391	04/16/18	06:14:32	0.4892597695390782	0.4892597695390782	11.3	0.0	3.6205222945891786	3.561811122244489	57.75	-12.36	0.4892597695390782	0.4892597695390782	11.3	0.0	292.0	290.75	623.67	-146.41	0	1
PROTOTYPE	030392	04/16/18	06:14:33	0.4892597695390782	0.4892597695390782	11.29	0.0	3.6205222945891786	3.5706177980961926	58.83	4.5	0.4892597695390782	0.4892597695390782	11.29	0.0	286.0	290.04	646.71	-169.45	0	1
PROTOTYPE	030393	04/16/18	06:14:35	0.4892597695390782	0.4892597695390782	11.29	0.0	3.522670340681363	3.5637681613226455	59.5	3.82	0.4892597695390782	0.4892597695390782	11.29	0.0	295.0	290.78	665.09	-39.03	0	1
PROTOTYPE	030394	04/16/18	06:14:36	0.4892597695390782	0.4892597695390782	11.29	0.0	3.6205222945891786	3.5715963176352705	62.48	18.25	0.4892597695390782	0.4892597695390782	11.29	0.0	280.0	289.17	724.46	-303.18	0	1
PROTOTYPE	030395	04/16/18	06:14:37	0.4892597695390782	0.4892597695390782	11.28	0.0	3.522670340681363	3.5647466808617234	65.15	15.51	0.4892597695390782	0.4892597695390782	11.28	0.0	296.0	290.19	689.0	-62.7	0	1
PROTOTYPE	030396	04/16/18	06:14:39	0.4892597695390782	0.4892597695390782	11.26	0.0	3.522670340681363	3.5578970440881763	67.39	13.19	0.4892597695390782	0.4892597695390782	11.26	0.0	288.0	289.86	709.54	-83.29	0	1
PROTOTYPE	030397	04/16/18	06:14:40	0.4892597695390782	0.4892597695390782	11.28	0.0	3.6205222945891786	3.567682239478958	65.43	11.21	0.4892597695390782	0.4892597695390782	11.28	0.0	291.0	290.03	596.22	64.2	0	1
PROTOTYPE	030398	04/16/18	06:14:42	0.4892597695390782	0.4892597695390782	11.31	0.0	3.6205222945891786	3.575510395791583	68.25	24.53	0.4892597695390782	0.4892597695390782	11.31	0.0	287.0	289.58	527.6	-95.43	0	1
PROTOTYPE	030399	04/16/18	06:14:43	0.4892597695390782	0.4892597695390782	11.29	0.0	3.6205222945891786	3.58236003256513	64.62	20.85	0.4892597695390782	0.4892597695390782	11.29	0.0	302.0	291.44	691.87	68.88	0	1
PROTOTYPE	030400	04/16/18	06:14:44	0.4892597695390782	0.4892597695390782	11.31	0.0	3.6205222945891786	3.5882311497995993	61.55	17.72	0.4892597695390782	0.4892597695390782	11.31	0.0	295.0	291.98	673.97	193.55	0	1
PROTOTYPE	030401	04/16/18	06:14:46	0.4892597695390782	0.4892597695390782	11.31	0.0	3.522670340681363	3.5784459544088176	64.17	15.06	0.4892597695390782	0.4892597695390782	11.31	0.0	294.0	292.28	629.95	149.52	0	1
PROTOTYPE	030402	04/16/18	06:14:47	0.4892597695390782	0.4892597695390782	11.31	0.0	3.6205222945891786	3.584317071643287	61.95	12.8	0.4892597695390782	0.4892597695390782	11.31	0.0	278.0	290.14	682.38	97.09	0	1
PROTOTYPE	030403	04/16/18	06:14:49	0.4892597695390782	0.4892597695390782	11.32	0.0	3.522670340681363	3.575510395791583	63.85	10.88	0.4892597695390782	0.4892597695390782	11.32	0.0	301.0	291.77	742.81	157.53	0	1
PROTOTYPE	030404	04/16/18	06:14:50	0.4892597695390782	0.4892597695390782	11.31	0.0	3.6205222945891786	3.58236003256513	64.33	24.25	0.4892597695390782	0.4892597695390782	11.31	0.0	296.0	292.4	773.43	253.9	0	1
PROTOTYPE	030405	04/16/18	06:14:52	0.4892597695390782	0.4892597695390782	11.29	0.0	3.6205222945891786	3.5882311497995993	60.75	20.61	0.4892597695390782	0.4892597695390782	11.29	0.0	287.0	291.59	837.34	155.81	0	1
PROTOTYPE	030406	04/16/18	06:14:53	0.4892597695390782	0.4892597695390782	11.28	0.0	3.6205222945891786	3.5931237474949898	57.73	17.52	0.4892597695390782	0.4892597695390782	11.28	0.0	296.0	292.25	857.97	267.44	0	1
PROTOTYPE	030407	04/16/18	06:14:54	0.4892597695390782	0.4892597695390782	11.29	0.0	3.6205222945891786	3.5970378256513027	55.19	14.89	0.4892597695390782	0.4892597695390782	11.29	0.0	287.0	291.46	750.44	2.33	0	1
PROTOTYPE	030408	04/16/18	06:14:56	0.4892597695390782	0.4892597695390782	11.29	0.0	3.6205222945891786	3.6009519038076148	53.05	12.66	0.4892597695390782	0.4892597695390782	11.29	0.0	303.0	293.2	870.08	121.98	0	1
PROTOTYPE	030409	04/16/18	06:14:57	0.4892597695390782	0.4892597695390782	11.29	0.0	3.6205222945891786	3.6038874624248494	46.31	25.76	0.4892597695390782	0.4892597695390782	11.29	0.0	294.0	293.32	851.83	103.68	0	1
PROTOTYPE	030410	04/16/18	06:14:59	0.4892597695390782	0.4892597695390782	11.31	0.0	3.6205222945891786	3.6058445015030065	42.66	21.9	0.4892597695390782	0.4892597695390782	11.31	0.0	284.0	291.92	777.38	178.13	0	1
PROTOTYPE	030411	04/16/18	06:15:00	0.4892597695390782	0.4892597695390782	11.29	0.0	3.6205222945891786	3.607801540581162	35.68	33.61	0.4892597695390782	0.4892597695390782	11.29	0.0	298.0	292.83	705.67	106.41	0	1
PROTOTYPE	030412	04/16/18	06:15:01	0.4892597695390782	0.4892597695390782	11.29	0.0	3.6205222945891786	3.6097585796593186	30.96	28.57	0.4892597695390782	0.4892597695390782	11.29	0.0	302.0	294.21	779.7	180.45	0	1
PROTOTYPE	030413	04/16/18	06:15:03	0.4892597695390782	0.4892597695390782	11.29	0.0	3.6205222945891786	3.611715618737475	27.04	24.28	0.4892597695390782	0.4892597695390782	11.29	0.0	287.0	293.13	806.76	153.38	0	1
PROTOTYPE	030414	04/16/18	06:15:04	0.4892597695390782	0.4892597695390782	11.28	0.0	3.6205222945891786	3.612694138276553	23.8	20.64	0.4892597695390782	0.4892597695390782	11.28	0.0	295.0	293.41	768.78	115.37	0	1
PROTOTYPE	030415	04/16/18	06:15:06	0.4892597695390782	0.4892597695390782	11.28	0.0	3.6205222945891786	3.613672657815631	21.15	17.55	0.4892597695390782	0.4892597695390782	11.28	0.0	290.0	292.9	741.09	143.07	0	1
PROTOTYPE	030416	04/16/18	06:15:07	0.4892597695390782	0.4892597695390782	11.29	0.0	3.6205222945891786	3.6146511773547094	18.99	14.91	0.4892597695390782	0.4892597695390782	11.29	0.0	285.0	291.71	686.5	-148.39	0	1
PROTOTYPE	030417	04/16/18	06:15:08	0.4892597695390782	0.4892597695390782	11.3	0.0	3.6205222945891786	3.6156296968937878	17.26	12.68	0.4892597695390782	0.4892597695390782	11.3	0.0	299.0	292.8	783.68	-51.13	0	1
PROTOTYPE	030418	04/16/18	06:15:10	0.4892597695390782	0.4892597695390782	11.31	0.0	3.6205222945891786	3.6166082164328657	15.88	10.78	0.4892597695390782	0.4892597695390782	11.31	0.0	298.0	293.58	721.88	166.54	0	1
PROTOTYPE	030419	04/16/18	06:15:11	0.4892597695390782	0.4892597695390782	11.32	0.0	3.6205222945891786	3.617586735971944	14.79	9.16	0.4892597695390782	0.4892597695390782	11.32	0.0	306.0	295.45	816.9	261.56	0	1
PROTOTYPE	030420	04/16/18	06:15:13	0.4892597695390782	0.4892597695390782	11.34	0.0	3.6205222945891786	3.617586735971944	13.95	7.79	0.4892597695390782	0.4892597695390782	11.34	0.0	279.0	292.98	926.05	-122.68	0	1
PROTOTYPE	030421	04/16/18	06:15:14	0.4892597695390782	0.4892597695390782	11.35	0.0	3.6205222945891786	3.6185652555110215	13.3	6.62	0.4892597695390782	0.4892597695390782	11.35	0.0	286.0	291.93	922.65	-119.28	0	1
PROTOTYPE	030422	04/16/18	06:15:16	0.4892597695390782	0.4892597695390782	11.37	0.0	3.6205222945891786	3.6185652555110215	12.82	5.62	0.4892597695390782	0.4892597695390782	11.37	0.0	293.0	292.09	910.57	-131.38	0	1
PROTOTYPE	030423	04/16/18	06:15:17	0.4892597695390782	0.4892597695390782	11.37	0.0	3.6205222945891786	3.6185652555110215	12.44	4.78	0.4892597695390782	0.4892597695390782	11.37	0.0	298.0	292.98	948.08	8.32	0	1
PROTOTYPE	030424	04/16/18	06:15:18	0.4892597695390782	0.4892597695390782	11.37	0.0	3.6205222945891786	3.6185652555110215	12.15	4.06	0.4892597695390782	0.4892597695390782	11.37	0.0	288.0	292.23	904.33	52.07	0	1
PROTOTYPE	030425	04/16/18	06:15:20	0.4892597695390782	0.4892597695390782	11.35	0.0	3.6205222945891786	3.6195437750501003	11.92	3.45	0.4892597695390782	0.4892597695390782	11.35	0.0	295.0	292.65	836.53	-15.74	0	1
PROTOTYPE	030426	04/16/18	06:15:21	0.4892597695390782	0.4892597695390782	11.33	0.0	3.6205222945891786	3.6195437750501003	11.75	2.94	0.4892597695390782	0.4892597695390782	11.33	0.0	288.0	291.95	828.31	-163.38	0	1
PROTOTYPE	030427	04/16/18	06:15:23	0.4892597695390782	0.4892597695390782	11.35	0.0	3.6205222945891786	3.6195437750501003	11.65	2.5	0.4892597695390782	0.4892597695390782	11.35	0.0	283.0	290.61	776.31	-483.87	0	1
PROTOTYPE	030428	04/16/18	06:15:24	0.4892597695390782	0.4892597695390782	11.36	0.0	3.6205222945891786	3.6195437750501003	11.58	2.12	0.4892597695390782	0.4892597695390782	11.36	0.0	285.0	289.77	613.74	-321.29	0	1
PROTOTYPE	030429	04/16/18	06:15:26	0.4892597695390782	0.4892597695390782	11.35	0.0	3.522670340681363	3.604865981963928	25.04	-13.2	0.4892597695390782	0.4892597695390782	11.35	0.0	294.0	290.4	572.56	-153.1	0	1
PROTOTYPE	030430	04/16/18	06:15:27	0.4892597695390782	0.4892597695390782	11.33	0.0	3.6205222945891786	3.607801540581162	26.3	-11.22	0.4892597695390782	0.4892597695390782	11.33	0.0	298.0	291.54	670.47	-55.13	0	1
PROTOTYPE	030431	04/16/18	06:15:28	0.4892597695390782	0.4892597695390782	11.31	0.0	3.6205222945891786	3.6097585796593186	27.29	-9.53	0.4892597695390782	0.4892597695390782	11.31	0.0	302.0	293.11	738.74	13.14	0	1
PROTOTYPE	030432	04/16/18	06:15:30	0.4892597695390782	0.4892597695390782	11.3	0.0	3.6205222945891786	3.6107370991983965	28.05	-8.1	0.4892597695390782	0.4892597695390782	11.3	0.0	291.0	292.79	695.73	56.17	0	1
PROTOTYPE	030433	04/16/18	06:15:31	0.4892597695390782	0.4892597695390782	11.32	0.0	3.6205222945891786	3.612694138276553	28.66	-6.89	0.4892597695390782	0.4892597695390782	11.32	0.0	284.0	291.47	786.09	-117.26	0	1
PROTOTYPE	030434	04/16/18	06:15:33	0.4892597695390782	0.4892597695390782	11.3	0.0	3.522670340681363	3.598994864729459	41.08	-20.86	0.4892597695390782	0.4892597695390782	11.3	0.0	296.0	292.15	784.27	20.33	0	1
PROTOTYPE	030435	04/16/18	06:15:34	0.4892597695390782	0.4892597695390782	11.28	0.0	3.6205222945891786	3.6019304233466936	43.22	-17.73	0.4892597695390782	0.4892597695390782	11.28	0.0	289.0	291.68	697.33	107.28	0	1
PROTOTYPE	030436	04/16/18	06:15:35	0.4892597695390782	0.4892597695390782	11.26	0.0	3.6205222945891786	3.604865981963928	44.92	-15.07	0.4892597695390782	0.4892597695390782	11.26	0.0	276.0	289.33	848.41	-43.81	0	1
PROTOTYPE	030437	04/16/18	06:15:37	0.4892597695390782	0.4892597695390782	11.27	0.0	3.522670340681363	3.5931237474949898	42.67	-12.81	0.4892597695390782	0.4892597695390782	11.27	0.0	295.0	290.18	869.98	-22.24	0	1
PROTOTYPE	030438	04/16/18	06:15:38	0.4892597695390782	0.4892597695390782	11.26	0.0	3.6205222945891786	3.5970378256513027	44.43	-10.89	0.4892597695390782	0.4892597695390782	11.26	0.0	304.0	292.25	963.31	71.1	0	1
PROTOTYPE	030439	04/16/18	06:15:40	0.4892597695390782	0.4892597695390782	11.26	0.0	3.6205222945891786	3.5999733842685373	45.88	-9.25	0.4892597695390782	0.4892597695390782	11.26	0.0	295.0	292.66	847.67	-44.57	0	1
PROTOTYPE	030440	04/16/18	06:15:41	0.4892597695390782	0.4892597695390782	11.26	0.0	3.6205222945891786	3.6038874624248494	47.07	-7.87	0.4892597695390782	0.4892597695390782	11.26	0.0	277.0	290.31	1050.95	-247.88	0	1
PROTOTYPE	030441	04/16/18	06:15:42	0.4892597695390782	0.4892597695390782	11.23	0.0	3.6205222945891786	3.6058445015030065	48.01	-6.69	0.4892597695390782	0.4892597695390782	11.23	0.0	291.0	290.42	929.42	-105.7	0	1
PROTOTYPE	030442	04/16/18	06:15:44	0.4892597695390782	0.4892597695390782	11.24	0.0	3.6205222945891786	3.607801540581162	36.8	9.32	0.4892597695390782	0.4892597695390782	11.24	0.0	289.0	290.2	882.83	-194.85	0	1
PROTOTYPE	030443	04/16/18	06:15:45	0.4892597695390782	0.4892597695390782	11.24	0.0	3.6205222945891786	3.6097585796593186	35.58	7.92	0.4892597695390782	0.4892597695390782	11.24	0.0	296.0	291.07	922.45	-60.62	0	1
PROTOTYPE	030444	04/16/18	06:15:47	0.4892597695390782	0.4892597695390782	11.23	0.0	3.6205222945891786	3.611715618737475	34.58	6.73	0.4892597695390782	0.4892597695390782	11.23	0.0	300.0	292.41	821.13	308.47	0	1
PROTOTYPE	030445	04/16/18	06:15:48	0.4892597695390782	0.4892597695390782	11.21	0.0	3.6205222945891786	3.612694138276553	23.84	20.72	0.4892597695390782	0.4892597695390782	11.21	0.0	292.0	292.35	742.4	217.2	0	1
PROTOTYPE	030446	04/16/18	06:15:49	0.4892597695390782	0.4892597695390782	11.22	0.0	3.6205222945891786	3.613672657815631	21.17	17.61	0.4892597695390782	0.4892597695390782	11.22	0.0	284.0	291.1	660.35	-115.38	0	1
PROTOTYPE	030447	04/16/18	06:15:51	0.4892597695390782	0.4892597695390782	11.23	0.0	3.6205222945891786	3.6146511773547094	19.0	14.97	0.4892597695390782	0.4892597695390782	11.23	0.0	296.0	291.83	692.65	-83.07	0	1
PROTOTYPE	030448	04/16/18	06:15:52	0.4892597695390782	0.4892597695390782	11.24	0.0	3.6205222945891786	3.6156296968937878	17.26	12.73	0.4892597695390782	0.4892597695390782	11.24	0.0	299.0	292.91	565.18	259.39	0	1
PROTOTYPE	030449	04/16/18	06:15:54	0.4892597695390782	0.4892597695390782	11.26	0.0	3.6205222945891786	3.6166082164328657	15.87	10.82	0.4892597695390782	0.4892597695390782	11.26	0.0	290.0	292.47	598.46	205.48	0	1
PROTOTYPE	030450	04/16/18	06:15:55	0.4892597695390782	0.4892597695390782	11.27	0.0	3.6205222945891786	3.617586735971944	14.77	9.19	0.4892597695390782	0.4892597695390782	11.27	0.0	292.0	292.4	584.38	219.66	0	1
PROTOTYPE	030451	04/16/18	06:15:56	0.4892597695390782	0.4892597695390782	11.26	0.0	3.6205222945891786	3.617586735971944	13.9	7.82	0.4892597695390782	0.4892597695390782	11.26	0.0	305.0	294.29	686.42	321.71	0	1
PROTOTYPE	030452	04/16/18	06:15:58	0.4892597695390782	0.4892597695390782	11.26	0.0	3.6205222945891786	3.6185652555110215	13.23	6.64	0.4892597695390782	0.4892597695390782	11.26	0.0	291.0	293.8	601.92	138.45	0	1
PROTOTYPE	030453	04/16/18	06:15:59	0.4892597695390782	0.4892597695390782	11.27	0.0	3.6205222945891786	3.6185652555110215	12.73	5.65	0.4892597695390782	0.4892597695390782	11.27	0.0	300.0	294.73	688.61	237.69	0	1
PROTOTYPE	030454	04/16/18	06:16:01	0.4892597695390782	0.4892597695390782	11.27	0.0	3.522670340681363	3.6038874624248494	25.66	-10.2	0.4892597695390782	0.4892597695390782	11.27	0.0	298.0	295.22	612.44	412.03	0	1
PROTOTYPE	030455	04/16/18	06:16:02	0.4892597695390782	0.4892597695390782	11.28	0.0	3.6205222945891786	3.606823021042084	26.82	-8.67	0.4892597695390782	0.4892597695390782	11.28	0.0	287.0	293.99	662.19	215.23	0	1
PROTOTYPE	030456	04/16/18	06:16:04	0.4892597695390782	0.4892597695390782	11.27	0.0	3.6205222945891786	3.608780060120241	27.74	-7.37	0.4892597695390782	0.4892597695390782	11.27	0.0	296.0	294.29	584.93	137.94	0	1
PROTOTYPE	030457	04/16/18	06:16:05	0.4892597695390782	0.4892597695390782	11.29	0.0	3.6205222945891786	3.6107370991983965	28.48	-6.26	0.4892597695390782	0.4892597695390782	11.29	0.0	295.0	294.39	552.05	192.25	0	1
PROTOTYPE	030458	04/16/18	06:16:06	0.4892597695390782	0.4892597695390782	11.31	0.0	3.6205222945891786	3.611715618737475	29.05	-5.32	0.4892597695390782	0.4892597695390782	11.31	0.0	293.0	294.19	565.8	178.41	0	1
PROTOTYPE	030459	04/16/18	06:16:08	0.4892597695390782	0.4892597695390782	11.31	0.0	3.6205222945891786	3.613672657815631	29.47	-4.53	0.4892597695390782	0.4892597695390782	11.31	0.0	288.0	293.26	469.61	-103.35	0	1
PROTOTYPE	030460	04/16/18	06:16:09	0.4892597695390782	0.4892597695390782	11.32	0.0	3.6205222945891786	3.6146511773547094	29.81	-3.85	0.4892597695390782	0.4892597695390782	11.32	0.0	280.0	291.27	619.09	-252.85	0	1
PROTOTYPE	030461	04/16/18	06:16:11	0.4892597695390782	0.4892597695390782	11.33	0.0	3.522670340681363	3.6009519038076148	42.47	-18.27	0.4892597695390782	0.4892597695390782	11.33	0.0	292.0	291.38	537.1	-334.92	0	1
PROTOTYPE	030462	04/16/18	06:16:12	0.4892597695390782	0.4892597695390782	11.32	0.0	3.6205222945891786	3.6038874624248494	31.08	-0.53	0.4892597695390782	0.4892597695390782	11.32	0.0	304.0	293.27	677.32	-194.68	0	1
PROTOTYPE	030463	04/16/18	06:16:13	0.4892597695390782	0.4892597695390782	11.33	0.0	3.6205222945891786	3.6058445015030065	31.16	-0.45	0.4892597695390782	0.4892597695390782	11.33	0.0	284.0	291.88	693.12	-210.48	0	1
PROTOTYPE	030464	04/16/18	06:16:15	0.4892597695390782	0.4892597695390782	11.36	0.0	3.6205222945891786	3.607801540581162	31.23	-0.38	0.4892597695390782	0.4892597695390782	11.36	0.0	301.0	293.25	799.67	-103.91	0	1
PROTOTYPE	030465	04/16/18	06:16:16	0.4892597695390782	0.4892597695390782	11.35	0.0	3.522670340681363	3.5950807865731464	42.11	-15.33	0.4892597695390782	0.4892597695390782	11.35	0.0	295.0	293.51	815.2	-88.32	0	1
PROTOTYPE	030466	04/16/18	06:16:18	0.4892597695390782	0.4892597695390782	11.34	0.0	3.6205222945891786	3.598994864729459	44.11	-13.03	0.4892597695390782	0.4892597695390782	11.34	0.0	290.0	292.98	846.92	-120.07	0	1
PROTOTYPE	030467	04/16/18	06:16:19	0.4892597695390782	0.4892597695390782	11.34	0.0	3.522670340681363	3.5872526302605205	54.0	-26.07	0.4892597695390782	0.4892597695390782	11.34	0.0	279.0	290.89	963.9	-237.06	0	1
PROTOTYPE	030468	04/16/18	06:16:21	0.4892597695390782	0.4892597695390782	11.35	0.0	3.6205222945891786	3.5931237474949898	57.42	-22.16	0.4892597695390782	0.4892597695390782	11.35	0.0	301.0	292.4	916.73	113.5	0	1
PROTOTYPE	030469	04/16/18	06:16:22	0.4892597695390782	0.4892597695390782	11.36	0.0	3.522670340681363	3.58236003256513	54.12	-18.84	0.4892597695390782	0.4892597695390782	11.36	0.0	291.0	292.19	926.79	81.47	0	1
PROTOTYPE	030470	04/16/18	06:16:23	0.4892597695390782	0.4892597695390782	11.36	0.0	3.522670340681363	3.573553356713427	59.98	-31.01	0.4892597695390782	0.4892597695390782	11.36	0.0	289.0	291.71	785.38	-155.75	0	1
PROTOTYPE	030471	04/16/18	06:16:25	0.4892597695390782	0.4892597695390782	11.33	0.0	3.6205222945891786	3.5804029934869743	64.4	-26.36	0.4892597695390782	0.4892597695390782	11.33	0.0	285.0	290.71	747.02	-117.39	0	1
PROTOTYPE	030472	04/16/18	06:16:26	0.4892597695390782	0.4892597695390782	11.31	0.0	3.6205222945891786	3.586274110721443	68.09	-22.41	0.4892597695390782	0.4892597695390782	11.31	0.0	292.0	290.9	629.68	-234.78	0	1
PROTOTYPE	030473	04/16/18	06:16:28	0.4892597695390782	0.4892597695390782	11.3	0.0	3.6205222945891786	3.591166708416834	60.32	-4.05	0.4892597695390782	0.4892597695390782	11.3	0.0	288.0	290.47	646.91	-304.56	0	1
PROTOTYPE	030474	04/16/18	06:16:29	0.4892597695390782	0.4892597695390782	11.29	0.0	3.6205222945891786	3.5960593061122244	60.89	-3.44	0.4892597695390782	0.4892597695390782	11.29	0.0	287.0	289.95	646.23	-303.88	0	1
PROTOTYPE	030475	04/16/18	06:16:30	0.4892597695390782	0.4892597695390782	11.3	0.0	3.6205222945891786	3.5999733842685373	53.11	12.08	0.4892597695390782	0.4892597695390782	11.3	0.0	291.0	290.1	452.32	-78.3	0	1
PROTOTYPE	030476	04/16/18	06:16:32	0.4892597695390782	0.4892597695390782	11.3	0.0	3.6205222945891786	3.602908942885772	51.4	10.27	0.4892597695390782	0.4892597695390782	11.3	0.0	286.0	289.49	362.2	-291.55	0	1
PROTOTYPE	030477	04/16/18	06:16:33	0.4892597695390782	0.4892597695390782	11.32	0.0	3.6205222945891786	3.6058445015030065	43.68	23.73	0.4892597695390782	0.4892597695390782	11.32	0.0	289.0	289.42	348.56	-277.82	0	1
PROTOTYPE	030478	04/16/18	06:16:35	0.4892597695390782	0.4892597695390782	11.32	0.0	3.522670340681363	3.5931237474949898	47.21	20.17	0.4892597695390782	0.4892597695390782	11.32	0.0	298.0	290.7	429.42	-101.15	0	1
PROTOTYPE	030479	04/16/18	06:16:36	0.4892597695390782	0.4892597695390782	11.32	0.0	3.6205222945891786	3.5970378256513027	44.28	17.14	0.4892597695390782	0.4892597695390782	11.32	0.0	294.0	291.2	378.17	49.03	0	1
PROTOTYPE	030480	04/16/18	06:16:38	0.4892597695390782	0.4892597695390782	11.34	0.0	3.522670340681363	3.586274110721443	49.45	-0.43	0.4892597695390782	0.4892597695390782	11.34	0.0	292.0	291.32	370.85	41.67	0	1
PROTOTYPE	030481	04/16/18	06:16:39	0.4892597695390782	0.4892597695390782	11.35	0.0	3.522670340681363	3.576488915330661	53.83	-15.36	0.4892597695390782	0.4892597695390782	11.35	0.0	286.0	290.52	407.09	5.42	0	1
PROTOTYPE	030482	04/16/18	06:16:40	0.4892597695390782	0.4892597695390782	11.34	0.0	3.6205222945891786	3.5833385521042085	56.06	-13.06	0.4892597695390782	0.4892597695390782	11.34	0.0	292.0	290.74	377.32	79.61	0	1
PROTOTYPE	030483	04/16/18	06:16:42	0.4892597695390782	0.4892597695390782	11.33	0.0	3.6205222945891786	3.5882311497995993	57.93	-11.1	0.4892597695390782	0.4892597695390782	11.33	0.0	297.0	291.68	455.32	157.67	0	1
PROTOTYPE	030484	04/16/18	06:16:43	0.4892597695390782	0.4892597695390782	11.32	0.0	3.6205222945891786	3.5931237474949898	59.49	-9.44	0.4892597695390782	0.4892597695390782	11.32	0.0	296.0	292.33	458.55	284.02	0	1
PROTOTYPE	030485	04/16/18	06:16:45	0.4892597695390782	0.4892597695390782	11.27	0.0	3.6205222945891786	3.5970378256513027	60.78	-8.02	0.4892597695390782	0.4892597695390782	11.27	0.0	298.0	293.18	536.16	376.41	0	1
PROTOTYPE	030486	04/16/18	06:16:46	0.4892597695390782	0.4892597695390782	11.3	0.0	3.522670340681363	3.586274110721443	59.59	-6.82	0.4892597695390782	0.4892597695390782	11.3	0.0	298.0	293.9	479.7	319.95	0	1
PROTOTYPE	030487	04/16/18	06:16:47	0.4892597695390782	0.4892597695390782	11.33	0.0	3.6205222945891786	3.591166708416834	60.58	-5.79	0.4892597695390782	0.4892597695390782	11.33	0.0	284.0	292.42	578.77	121.96	0	1
PROTOTYPE	030488	04/16/18	06:16:49	0.4892597695390782	0.4892597695390782	11.32	0.0	3.6205222945891786	3.5960593061122244	53.76	10.07	0.4892597695390782	0.4892597695390782	11.32	0.0	294.0	292.65	590.44	133.67	0	1
PROTOTYPE	030489	04/16/18	06:16:50	0.4892597695390782	0.4892597695390782	11.3	0.0	3.6205222945891786	3.5999733842685373	48.0	23.56	0.4892597695390782	0.4892597695390782	11.3	0.0	294.0	292.86	530.88	233.62	0	1
PROTOTYPE	030490	04/16/18	06:16:52	0.4892597695390782	0.4892597695390782	11.31	0.0	3.6205222945891786	3.602908942885772	44.62	20.03	0.4892597695390782	0.4892597695390782	11.31	0.0	288.0	292.13	581.5	138.57	0	1
PROTOTYPE	030491	04/16/18	06:16:53	0.4892597695390782	0.4892597695390782	11.31	0.0	3.6205222945891786	3.604865981963928	41.78	17.02	0.4892597695390782	0.4892597695390782	11.31	0.0	295.0	292.56	530.73	87.79	0	1
PROTOTYPE	030492	04/16/18	06:16:55	0.4892597695390782	0.4892597695390782	11.31	0.0	3.6205222945891786	3.607801540581162	39.42	14.47	0.4892597695390782	0.4892597695390782	11.31	0.0	284.0	291.27	594.32	-105.38	0	1
PROTOTYPE	030493	04/16/18	06:16:56	0.4892597695390782	0.4892597695390782	11.31	0.0	3.6205222945891786	3.6097585796593186	37.47	12.3	0.4892597695390782	0.4892597695390782	11.31	0.0	289.0	290.93	543.39	-224.57	0	1
PROTOTYPE	030494	04/16/18	06:16:57	0.4892597695390782	0.4892597695390782	11.29	0.0	3.522670340681363	3.5960593061122244	39.3	10.46	0.4892597695390782	0.4892597695390782	11.29	0.0	293.0	291.24	502.09	-265.89	0	1
PROTOTYPE	030495	04/16/18	06:16:59	0.4892597695390782	0.4892597695390782	11.26	0.0	3.6205222945891786	3.5999733842685373	37.8	8.89	0.4892597695390782	0.4892597695390782	11.26	0.0	297.0	292.11	439.9	-31.0	0	1
PROTOTYPE	030496	04/16/18	06:17:00	0.4892597695390782	0.4892597695390782	11.24	0.0	3.6205222945891786	3.602908942885772	36.54	7.55	0.4892597695390782	0.4892597695390782	11.24	0.0	290.0	291.79	447.76	-86.35	0	1
PROTOTYPE	030497	04/16/18	06:17:02	0.4892597695390782	0.4892597695390782	11.28	0.0	3.6205222945891786	3.6058445015030065	35.53	6.42	0.4892597695390782	0.4892597695390782	11.28	0.0	283.0	290.47	559.4	-238.4	0	1
PROTOTYPE	030498	04/16/18	06:17:03	0.4892597695390782	0.4892597695390782	11.27	0.0	3.6205222945891786	3.607801540581162	34.67	5.46	0.4892597695390782	0.4892597695390782	11.27	0.0	291.0	290.55	494.58	-157.64	0	1
PROTOTYPE	030499	04/16/18	06:17:04	0.4892597695390782	0.4892597695390782	11.28	0.0	3.6205222945891786	3.6097585796593186	33.97	4.64	0.4892597695390782	0.4892597695390782	11.28	0.0	288.0	290.17	489.77	-238.99	0	1
PROTOTYPE	030500	04/16/18	06:17:06	0.4892597695390782	0.4892597695390782	11.27	0.0	3.6205222945891786	3.611715618737475	33.4	3.94	0.4892597695390782	0.4892597695390782	11.27	0.0	296.0	291.04	448.86	-23.15	0	1
PROTOTYPE	030501	04/16/18	06:17:07	0.4892597695390782	0.4892597695390782	11.28	0.0	3.6205222945891786	3.612694138276553	32.96	3.35	0.4892597695390782	0.4892597695390782	11.28	0.0	298.0	292.09	519.07	115.33	0	1
PROTOTYPE	030502	04/16/18	06:17:09	0.4892597695390782	0.4892597695390782	11.29	0.0	3.6205222945891786	3.613672657815631	21.41	17.85	0.4892597695390782	0.4892597695390782	11.29	0.0	282.0	290.57	639.35	-66.97	0	1
PROTOTYPE	030503	04/16/18	06:17:10	0.4892597695390782	0.4892597695390782	11.29	0.0	3.6205222945891786	3.6146511773547094	19.2	15.17	0.4892597695390782	0.4892597695390782	11.29	0.0	299.0	291.84	679.39	-26.93	0	1
PROTOTYPE	030504	04/16/18	06:17:11	0.4892597695390782	0.4892597695390782	11.3	0.0	3.6205222945891786	3.6156296968937878	17.42	12.9	0.4892597695390782	0.4892597695390782	11.3	0.0	291.0	291.71	660.4	-7.89	0	1
PROTOTYPE	030505	04/16/18	06:17:13	0.4892597695390782	0.4892597695390782	11.27	0.0	3.6205222945891786	3.6166082164328657	15.98	10.96	0.4892597695390782	0.4892597695390782	11.27	0.0	283.0	290.41	659.22	-6.7	0	1
PROTOTYPE	030506	04/16/18	06:17:14	0.4892597695390782	0.4892597695390782	11.27	0.0	3.6205222945891786	3.617586735971944	14.85	9.32	0.4892597695390782	0.4892597695390782	11.27	0.0	291.0	290.49	660.21	-5.7	0	1
PROTOTYPE	030507	04/16/18	06:17:16	0.4892597695390782	0.4892597695390782	11.31	0.0	3.6205222945891786	3.617586735971944	14.01	7.92	0.4892597695390782	0.4892597695390782	11.31	0.0	291.0	290.57	629.63	40.16	0	1
PROTOTYPE	030508	04/16/18	06:17:17	0.4892597695390782	0.4892597695390782	11.31	0.0	3.522670340681363	3.602908942885772	26.48	-8.27	0.4892597695390782	0.4892597695390782	11.31	0.0	292.0	290.78	563.64	-25.87	0	1
PROTOTYPE	030509	04/16/18	06:17:18	0.4892597695390782	0.4892597695390782	11.29	0.0	3.6205222945891786	3.6058445015030065	27.47	-7.03	0.4892597695390782	0.4892597695390782	11.29	0.0	293.0	291.12	492.54	-96.99	0	1
PROTOTYPE	030510	04/16/18	06:17:20	0.4892597695390782	0.4892597695390782	11.27	0.0	3.6205222945891786	3.607801540581162	28.26	-5.97	0.4892597695390782	0.4892597695390782	11.27	0.0	300.0	292.45	474.48	187.56	0	1
PROTOTYPE	030511	04/16/18	06:17:21	0.4892597695390782	0.4892597695390782	11.28	0.0	3.6205222945891786	3.6097585796593186	28.91	-5.08	0.4892597695390782	0.4892597695390782	11.28	0.0	281.0	290.73	519.83	-110.57	0	1
PROTOTYPE	030512	04/16/18	06:17:23	0.4892597695390782	0.4892597695390782	11.29	0.0	3.522670340681363	3.5970378256513027	40.72	-19.32	0.4892597695390782	0.4892597695390782	11.29	0.0	294.0	291.22	556.23	-48.99	0	1
PROTOTYPE	030513	04/16/18	06:17:24	0.4892597695390782	0.4892597695390782	11.29	0.0	3.522670340681363	3.5852955911823647	50.6	-31.42	0.4892597695390782	0.4892597695390782	11.29	0.0	284.0	290.14	533.88	-26.64	0	1
PROTOTYPE	030514	04/16/18	06:17:26	0.4892597695390782	0.4892597695390782	11.31	0.0	3.6205222945891786	3.591166708416834	54.58	-26.71	0.4892597695390782	0.4892597695390782	11.31	0.0	300.0	291.62	672.77	112.36	0	1
PROTOTYPE	030515	04/16/18	06:17:27	0.4892597695390782	0.4892597695390782	11.26	0.0	3.6205222945891786	3.5950807865731464	57.78	-22.7	0.4892597695390782	0.4892597695390782	11.26	0.0	301.0	293.03	805.79	245.5	0	1
PROTOTYPE	030516	04/16/18	06:17:28	0.4892597695390782	0.4892597695390782	11.26	0.0	3.6205222945891786	3.598994864729459	47.26	-4.29	0.4892597695390782	0.4892597695390782	11.26	0.0	294.0	293.17	798.98	238.68	0	1
PROTOTYPE	030517	04/16/18	06:17:30	0.4892597695390782	0.4892597695390782	11.26	0.0	3.6205222945891786	3.6019304233466936	47.84	-3.65	0.4892597695390782	0.4892597695390782	11.26	0.0	298.0	293.9	838.17	277.88	0	1
PROTOTYPE	030518	04/16/18	06:17:31	0.4892597695390782	0.4892597695390782	11.28	0.0	3.6205222945891786	3.604865981963928	48.32	-3.1	0.4892597695390782	0.4892597695390782	11.28	0.0	285.0	292.56	838.36	11.19	0	1
PROTOTYPE	030519	04/16/18	06:17:33	0.4892597695390782	0.4892597695390782	11.28	0.0	3.6205222945891786	3.607801540581162	48.71	-2.64	0.4892597695390782	0.4892597695390782	11.28	0.0	299.0	293.53	763.2	279.52	0	1
PROTOTYPE	030520	04/16/18	06:17:34	0.4892597695390782	0.4892597695390782	11.26	0.0	3.6205222945891786	3.6097585796593186	37.7	12.76	0.4892597695390782	0.4892597695390782	11.26	0.0	290.0	293.0	767.09	177.59	0	1
PROTOTYPE	030521	04/16/18	06:17:35	0.4892597695390782	0.4892597695390782	11.26	0.0	3.6205222945891786	3.6107370991983965	28.45	25.84	0.4892597695390782	0.4892597695390782	11.26	0.0	288.0	292.25	733.73	210.95	0	1
PROTOTYPE	030522	04/16/18	06:17:37	0.4892597695390782	0.4892597695390782	11.26	0.0	3.6205222945891786	3.612694138276553	24.97	21.97	0.4892597695390782	0.4892597695390782	11.26	0.0	292.0	292.21	589.8	59.31	0	1
PROTOTYPE	030523	04/16/18	06:17:38	0.4892597695390782	0.4892597695390782	11.28	0.0	3.6205222945891786	3.613672657815631	22.11	18.67	0.4892597695390782	0.4892597695390782	11.28	0.0	298.0	293.08	535.9	5.41	0	1
PROTOTYPE	030524	04/16/18	06:17:40	0.4892597695390782	0.4892597695390782	11.28	0.0	3.6205222945891786	3.6146511773547094	19.76	15.87	0.4892597695390782	0.4892597695390782	11.28	0.0	293.0	293.07	523.06	-10.4	0	1
PROTOTYPE	030525	04/16/18	06:17:41	0.4892597695390782	0.4892597695390782	11.31	0.0	3.6205222945891786	3.6156296968937878	17.88	13.49	0.4892597695390782	0.4892597695390782	11.31	0.0	298.0	293.81	524.62	-8.84	0	1
PROTOTYPE	030526	04/16/18	06:17:42	0.4892597695390782	0.4892597695390782	11.29	0.0	3.6205222945891786	3.6166082164328657	16.35	11.47	0.4892597695390782	0.4892597695390782	11.29	0.0	295.0	293.99	409.12	142.49	0	1
PROTOTYPE	030527	04/16/18	06:17:44	0.4892597695390782	0.4892597695390782	11.31	0.0	3.6205222945891786	3.6166082164328657	15.17	9.75	0.4892597695390782	0.4892597695390782	11.31	0.0	287.0	292.94	417.33	-58.89	0	1
PROTOTYPE	030528	04/16/18	06:17:45	0.4892597695390782	0.4892597695390782	11.33	0.0	3.6205222945891786	3.617586735971944	14.24	8.29	0.4892597695390782	0.4892597695390782	11.33	0.0	301.0	294.15	485.34	114.95	0	1
PROTOTYPE	030529	04/16/18	06:17:47	0.4892597695390782	0.4892597695390782	11.32	0.0	3.6205222945891786	3.617586735971944	13.5	7.04	0.4892597695390782	0.4892597695390782	11.32	0.0	286.0	292.93	532.58	67.7	0	1
PROTOTYPE	030530	04/16/18	06:17:48	0.4892597695390782	0.4892597695390782	11.3	0.0	3.6205222945891786	3.6185652555110215	12.93	5.99	0.4892597695390782	0.4892597695390782	11.3	0.0	276.0	290.39	782.47	-182.45	0	1
PROTOTYPE	030531	04/16/18	06:17:50	0.4892597695390782	0.4892597695390782	11.29	0.0	3.6205222945891786	3.6185652555110215	12.5	5.09	0.4892597695390782	0.4892597695390782	11.29	0.0	292.0	290.63	719.87	-245.08	0	1
PROTOTYPE	030532	04/16/18	06:17:51	0.4892597695390782	0.4892597695390782	11.29	0.0	3.6205222945891786	3.6185652555110215	12.18	4.32	0.4892597695390782	0.4892597695390782	11.29	0.0	293.0	290.98	753.63	-208.32	0	1
PROTOTYPE	030533	04/16/18	06:17:52	0.4892597695390782	0.4892597695390782	11.27	0.0	3.6205222945891786	3.6195437750501003	11.92	3.68	0.4892597695390782	0.4892597695390782	11.27	0.0	286.0	290.24	754.41	-357.07	0	1
PROTOTYPE	030534	04/16/18	06:17:54	0.4892597695390782	0.4892597695390782	11.28	0.0	3.6205222945891786	3.6195437750501003	11.75	3.12	0.4892597695390782	0.4892597695390782	11.28	0.0	297.0	291.25	837.92	-273.51	0	1
PROTOTYPE	030535	04/16/18	06:17:55	0.4892597695390782	0.4892597695390782	11.26	0.0	3.522670340681363	3.604865981963928	25.07	-12.34	0.4892597695390782	0.4892597695390782	11.26	0.0	286.0	290.46	811.9	-247.49	0	1
PROTOTYPE	030536	04/16/18	06:17:57	0.4892597695390782	0.4892597695390782	11.24	0.0	3.6205222945891786	3.606823021042084	26.33	-10.49	0.4892597695390782	0.4892597695390782	11.24	0.0	283.0	289.34	802.93	-480.36	0	1
PROTOTYPE	030537	04/16/18	06:17:58	0.4892597695390782	0.4892597695390782	11.28	0.0	3.6205222945891786	3.608780060120241	27.35	-8.92	0.4892597695390782	0.4892597695390782	11.28	0.0	273.0	286.89	925.87	-603.31	0	1
PROTOTYPE	030538	04/16/18	06:17:59	0.4892597695390782	0.4892597695390782	11.3	0.0	3.6205222945891786	3.6107370991983965	28.14	-7.58	0.4892597695390782	0.4892597695390782	11.3	0.0	285.0	286.61	700.4	-377.81	0	1
PROTOTYPE	030539	04/16/18	06:18:01	0.4892597695390782	0.4892597695390782	11.29	0.0	3.6205222945891786	3.612694138276553	28.72	-6.44	0.4892597695390782	0.4892597695390782	11.29	0.0	297.0	288.17	832.04	-246.14	0	1
PROTOTYPE	030540	04/16/18	06:18:02	0.4892597695390782	0.4892597695390782	11.37	0.0	3.6205222945891786	3.613672657815631	29.23	-5.48	0.4892597695390782	0.4892597695390782	11.37	0.0	306.0	290.84	1063.94	-14.22	0	1
PROTOTYPE	030541	04/16/18	06:18:04	0.4892597695390782	0.4892597695390782	11.38	0.0	3.6205222945891786	3.6146511773547094	29.58	-4.66	0.4892597695390782	0.4892597695390782	11.38	0.0	296.0	291.62	1066.54	137.91	0	1
PROTOTYPE	030542	04/16/18	06:18:05	0.4892597695390782	0.4892597695390782	11.37	0.0	3.6205222945891786	3.6156296968937878	29.82	-3.96	0.4892597695390782	0.4892597695390782	11.37	0.0	295.0	292.12	1015.86	87.23	0	1
PROTOTYPE	030543	04/16/18	06:18:07	0.4892597695390782	0.4892597695390782	11.37	0.0	3.6205222945891786	3.6166082164328657	16.54	11.64	0.4892597695390782	0.4892597695390782	11.37	0.0	295.0	292.55	980.25	209.14	0	1
PROTOTYPE	030544	04/16/18	06:18:08	0.4892597695390782	0.4892597695390782	11.38	0.0	3.6205222945891786	3.6166082164328657	15.31	9.89	0.4892597695390782	0.4892597695390782	11.38	0.0	293.0	292.62	875.12	327.77	0	1
PROTOTYPE	030545	04/16/18	06:18:09	0.4892597695390782	0.4892597695390782	11.35	0.0	3.6205222945891786	3.617586735971944	14.33	8.41	0.4892597695390782	0.4892597695390782	11.35	0.0	296.0	293.13	680.65	623.61	0	1
PROTOTYPE	030546	04/16/18	06:18:11	0.4892597695390782	0.4892597695390782	11.35	0.0	3.6205222945891786	3.617586735971944	13.59	7.15	0.4892597695390782	0.4892597695390782	11.35	0.0	291.0	292.81	684.18	620.06	0	1
PROTOTYPE	030547	04/16/18	06:18:12	0.4892597695390782	0.4892597695390782	11.39	0.0	3.6205222945891786	3.6185652555110215	13.05	6.07	0.4892597695390782	0.4892597695390782	11.39	0.0	279.0	290.74	735.45	257.06	0	1
PROTOTYPE	030548	04/16/18	06:18:14	0.4892597695390782	0.4892597695390782	11.3	0.0	3.6205222945891786	3.6185652555110215	12.54	5.16	0.4892597695390782	0.4892597695390782	11.3	0.0	297.0	291.68	561.89	83.5	0	1
PROTOTYPE	030549	04/16/18	06:18:15	0.4892597695390782	0.4892597695390782	11.31	0.0	3.6205222945891786	3.6185652555110215	12.22	4.39	0.4892597695390782	0.4892597695390782	11.31	0.0	293.0	291.88	504.41	25.97	0	1
PROTOTYPE	030550	04/16/18	06:18:16	0.4892597695390782	0.4892597695390782	11.33	0.0	3.6205222945891786	3.6195437750501003	12.0	3.73	0.4892597695390782	0.4892597695390782	11.33	0.0	280.0	290.09	631.77	-202.92	0	1
PROTOTYPE	030551	04/16/18	06:18:18	0.4892597695390782	0.4892597695390782	11.34	0.0	3.6205222945891786	3.6195437750501003	11.83	3.17	0.4892597695390782	0.4892597695390782	11.34	0.0	298.0	291.28	707.19	-127.49	0	1
PROTOTYPE	030552	04/16/18	06:18:19	0.4892597695390782	0.4892597695390782	11.33	0.0	3.6205222945891786	3.6195437750501003	11.68	2.7	0.4892597695390782	0.4892597695390782	11.33	0.0	286.0	290.49	779.58	-213.36	0	1
PROTOTYPE	030553	04/16/18	06:18:21	0.4892597695390782	0.4892597695390782	11.33	0.0	3.6205222945891786	3.6195437750501003	11.59	2.29	0.4892597695390782	0.4892597695390782	11.33	0.0	296.0	291.31	811.58	-181.36	0	1
PROTOTYPE	030554	04/16/18	06:18:22	0.4892597695390782	0.4892597695390782	11.34	0.0	3.6205222945891786	3.6195437750501003	11.53	1.95	0.4892597695390782	0.4892597695390782	11.34	0.0	288.0	290.82	829.36	-199.15	0	1
PROTOTYPE	030555	04/16/18	06:18:24	0.4892597695390782	0.4892597695390782	11.31	0.0	3.6205222945891786	3.6195437750501003	11.44	1.66	0.4892597695390782	0.4892597695390782	11.31	0.0	298.0	291.89	729.96	115.72	0	1
PROTOTYPE	030556	04/16/18	06:18:25	0.4892597695390782	0.4892597695390782	11.32	0.0	3.6205222945891786	3.6195437750501003	11.42	1.41	0.4892597695390782	0.4892597695390782	11.32	0.0	289.0	291.46	679.47	-21.64	0	1
PROTOTYPE	030557	04/16/18	06:18:26	0.4892597695390782	0.4892597695390782	11.32	0.0	3.6205222945891786	3.6205222945891786	11.39	1.2	0.4892597695390782	0.4892597695390782	11.32	0.0	274.0	288.84	921.49	-303.39	0	1
PROTOTYPE	030558	04/16/18	06:18:28	0.4892597695390782	0.4892597695390782	11.32	0.0	3.6205222945891786	3.6205222945891786	11.37	1.02	0.4892597695390782	0.4892597695390782	11.32	0.0	295.0	289.77	835.74	-32.88	0	1
PROTOTYPE	030559	04/16/18	06:18:29	0.4892597695390782	0.4892597695390782	11.31	0.0	3.6205222945891786	3.6205222945891786	11.35	0.86	0.4892597695390782	0.4892597695390782	11.31	0.0	300.0	291.3	870.67	2.05	0	1
PROTOTYPE	030560	04/16/18	06:18:31	0.4892597695390782	0.4892597695390782	11.32	0.0	3.6205222945891786	3.6205222945891786	11.34	0.73	0.4892597695390782	0.4892597695390782	11.32	0.0	290.0	291.11	811.01	61.74	0	1
PROTOTYPE	030561	04/16/18	06:18:32	0.4892597695390782	0.4892597695390782	11.34	0.0	3.6205222945891786	3.6205222945891786	11.36	0.62	0.4892597695390782	0.4892597695390782	11.34	0.0	306.0	293.34	951.74	202.48	0	1
PROTOTYPE	030562	04/16/18	06:18:33	0.4892597695390782	0.4892597695390782	11.33	0.0	3.6205222945891786	3.6205222945891786	11.34	0.53	0.4892597695390782	0.4892597695390782	11.33	0.0	296.0	293.74	941.93	292.11	0	1
PROTOTYPE	030563	04/16/18	06:18:35	0.4892597695390782	0.4892597695390782	11.32	0.0	3.6205222945891786	3.6205222945891786	11.33	0.45	0.4892597695390782	0.4892597695390782	11.32	0.0	296.0	294.08	868.13	218.29	0	1
PROTOTYPE	030564	04/16/18	06:18:36	0.4892597695390782	0.4892597695390782	11.34	0.0	3.6205222945891786	3.6205222945891786	11.35	0.38	0.4892597695390782	0.4892597695390782	11.34	0.0	281.0	292.12	1020.86	65.55	0	1
PROTOTYPE	030565	04/16/18	06:18:38	0.4892597695390782	0.4892597695390782	11.33	0.0	3.6205222945891786	3.6205222945891786	11.33	0.33	0.4892597695390782	0.4892597695390782	11.33	0.0	296.0	292.7	817.22	385.72	0	1
PROTOTYPE	030566	04/16/18	06:18:39	0.4892597695390782	0.4892597695390782	11.31	0.0	3.6205222945891786	3.6205222945891786	11.31	0.28	0.4892597695390782	0.4892597695390782	11.31	0.0	288.0	291.99	795.33	222.86	0	1
