Dev_id	Index	Date	Time	Sensor1	Sensor1_Filter	Sensor1_LL	Sensor1_Diff	Sensor2	Sensor2_Filter	Sensor2_LL	Sensor2_Diff	Sensor3	Sensor3_Filter	Sensor3_LL	Sensor3_Diff	Sensor4	Sensor4_Filter	Sensor4_LL	Sensor4_Diff	Heater_Status	FSM_Status
PROTOTYPE	028767	04/16/18	05:36:18	0.4892597695390782	0.4892597695390782	11.32	-0.0	3.6205222945891786	3.613672657815631	22.62	19.25	0.4892597695390782	0.4892597695390782	11.32	0.0	295.0	291.26	529.68	50.54	0	1
PROTOTYPE	028768	04/16/18	05:36:20	0.4892597695390782	0.4892597695390782	11.33	-0.0	3.6205222945891786	3.6146511773547094	20.19	16.36	0.4892597695390782	0.4892597695390782	11.33	0.0	302.0	292.87	686.85	207.96	0	1
PROTOTYPE	028769	04/16/18	05:36:21	0.4892597695390782	0.4892597695390782	11.31	-0.0	3.6205222945891786	3.6156296968937878	18.2	13.91	0.4892597695390782	0.4892597695390782	11.31	0.0	294.0	293.04	670.68	191.77	0	1
PROTOTYPE	028770	04/16/18	05:36:23	0.4892597695390782	0.4892597695390782	11.3	-0.0	3.6205222945891786	3.6166082164328657	16.62	11.82	0.4892597695390782	0.4892597695390782	11.3	0.0	296.0	293.48	626.93	148.0	0	1
PROTOTYPE	028771	04/16/18	05:36:24	0.4892597695390782	0.4892597695390782	11.31	-0.0	3.6205222945891786	3.6166082164328657	15.37	10.05	0.4892597695390782	0.4892597695390782	11.31	0.0	290.0	292.96	634.12	140.8	0	1
PROTOTYPE	028772	04/16/18	05:36:25	0.4892597695390782	0.4892597695390782	11.32	-0.0	3.6205222945891786	3.617586735971944	14.39	8.54	0.4892597695390782	0.4892597695390782	11.32	0.0	281.0	291.17	700.24	74.68	0	1
PROTOTYPE	028773	04/16/18	05:36:27	0.4892597695390782	0.4892597695390782	11.29	-0.0	3.6205222945891786	3.617586735971944	13.6	7.26	0.4892597695390782	0.4892597695390782	11.29	0.0	302.0	292.79	764.04	138.48	0	1
PROTOTYPE	028774	04/16/18	05:36:28	0.4892597695390782	0.4892597695390782	11.29	-0.0	3.6205222945891786	3.6185652555110215	13.01	6.17	0.4892597695390782	0.4892597695390782	11.29	0.0	280.0	290.87	874.8	27.71	0	1
PROTOTYPE	028775	04/16/18	05:36:30	0.4892597695390782	0.4892597695390782	11.26	-0.0	3.6205222945891786	3.6185652555110215	12.54	5.25	0.4892597695390782	0.4892597695390782	11.26	0.0	285.0	289.99	896.8	-126.45	0	1
PROTOTYPE	028776	04/16/18	05:36:31	0.4892597695390782	0.4892597695390782	11.26	-0.0	3.6205222945891786	3.6185652555110215	12.2	4.46	0.4892597695390782	0.4892597695390782	11.26	0.0	296.0	290.89	825.77	-197.48	0	1
PROTOTYPE	028777	04/16/18	05:36:32	0.4892597695390782	0.4892597695390782	11.26	-0.0	3.6205222945891786	3.6195437750501003	11.95	3.79	0.4892597695390782	0.4892597695390782	11.26	0.0	288.0	290.46	852.14	-257.86	0	1
PROTOTYPE	028778	04/16/18	05:36:34	0.4892597695390782	0.4892597695390782	11.27	-0.0	3.6205222945891786	3.6195437750501003	11.77	3.22	0.4892597695390782	0.4892597695390782	11.27	0.0	291.0	290.54	815.92	-294.18	0	1
PROTOTYPE	028779	04/16/18	05:36:35	0.4892597695390782	0.4892597695390782	11.26	-0.0	3.6205222945891786	3.6195437750501003	11.63	2.74	0.4892597695390782	0.4892597695390782	11.26	0.0	288.0	290.16	801.8	-280.05	0	1
PROTOTYPE	028780	04/16/18	05:36:37	0.4892597695390782	0.4892597695390782	11.24	-0.0	3.6205222945891786	3.6195437750501003	11.51	2.33	0.4892597695390782	0.4892597695390782	11.24	0.0	295.0	290.89	695.03	-28.05	0	1
PROTOTYPE	028781	04/16/18	05:36:38	0.4892597695390782	0.4892597695390782	11.26	-0.0	3.6205222945891786	3.6195437750501003	11.45	1.98	0.4892597695390782	0.4892597695390782	11.26	0.0	287.0	290.3	590.8	-248.84	0	1
PROTOTYPE	028782	04/16/18	05:36:39	0.4892597695390782	0.4892597695390782	11.27	-0.0	3.6205222945891786	3.6195437750501003	11.41	1.68	0.4892597695390782	0.4892597695390782	11.27	0.0	293.0	290.71	439.43	-16.51	0	1
PROTOTYPE	028783	04/16/18	05:36:41	0.4892597695390782	0.4892597695390782	11.29	-0.0	3.6205222945891786	3.6195437750501003	11.39	1.43	0.4892597695390782	0.4892597695390782	11.29	0.0	295.0	291.35	415.74	135.96	0	1
PROTOTYPE	028784	04/16/18	05:36:42	0.4892597695390782	0.4892597695390782	11.29	-0.0	3.6205222945891786	3.6205222945891786	11.36	1.21	0.4892597695390782	0.4892597695390782	11.29	0.0	283.0	290.1	450.87	-79.43	0	1
PROTOTYPE	028785	04/16/18	05:36:44	0.4892597695390782	0.4892597695390782	11.3	-0.0	3.6205222945891786	3.6205222945891786	11.35	1.03	0.4892597695390782	0.4892597695390782	11.3	0.0	298.0	291.28	526.0	82.48	0	1
PROTOTYPE	028786	04/16/18	05:36:45	0.4892597695390782	0.4892597695390782	11.29	-0.0	3.6205222945891786	3.6205222945891786	11.33	0.88	0.4892597695390782	0.4892597695390782	11.29	0.0	285.0	290.34	612.02	-19.89	0	1
PROTOTYPE	028787	04/16/18	05:36:47	0.4892597695390782	0.4892597695390782	11.3	-0.0	3.6205222945891786	3.6205222945891786	11.33	0.75	0.4892597695390782	0.4892597695390782	11.3	0.0	296.0	291.19	658.79	103.09	0	1
PROTOTYPE	028788	04/16/18	05:36:48	0.4892597695390782	0.4892597695390782	11.32	-0.0	3.6205222945891786	3.6205222945891786	11.34	0.63	0.4892597695390782	0.4892597695390782	11.32	0.0	293.0	291.46	613.35	57.63	0	1
PROTOTYPE	028789	04/16/18	05:36:49	0.4892597695390782	0.4892597695390782	11.31	-0.0	3.6205222945891786	3.6205222945891786	11.32	0.54	0.4892597695390782	0.4892597695390782	11.31	0.0	287.0	290.79	621.99	48.99	0	1
PROTOTYPE	028790	04/16/18	05:36:51	0.4892597695390782	0.4892597695390782	11.3	-0.0	3.6205222945891786	3.6205222945891786	11.31	0.46	0.4892597695390782	0.4892597695390782	11.3	0.0	286.0	290.07	653.4	-63.36	0	1
PROTOTYPE	028791	04/16/18	05:36:52	0.4892597695390782	0.4892597695390782	11.3	-0.0	3.6205222945891786	3.6205222945891786	11.31	0.39	0.4892597695390782	0.4892597695390782	11.3	0.0	285.0	289.31	665.1	-203.86	0	1
PROTOTYPE	028792	04/16/18	05:36:54	0.4892597695390782	0.4892597695390782	11.29	-0.0	3.6205222945891786	3.6205222945891786	11.29	0.33	0.4892597695390782	0.4892597695390782	11.29	0.0	298.0	290.62	670.15	51.72	0	1
PROTOTYPE	028793	04/16/18	05:36:55	0.4892597695390782	0.4892597695390782	11.27	-0.0	3.6205222945891786	3.6205222945891786	11.27	0.28	0.4892597695390782	0.4892597695390782	11.27	0.0	293.0	290.97	587.41	-31.04	0	1
PROTOTYPE	028794	04/16/18	05:36:56	0.4892597695390782	0.4892597695390782	11.26	-0.0	3.6205222945891786	3.6205222945891786	11.26	0.24	0.4892597695390782	0.4892597695390782	11.26	0.0	291.0	290.98	494.61	63.62	0	1
PROTOTYPE	028795	04/16/18	05:36:58	0.4892597695390782	0.4892597695390782	11.25	-0.0	3.6205222945891786	3.6205222945891786	11.25	0.2	0.4892597695390782	0.4892597695390782	11.25	0.0	291.0	290.98	411.16	-20.92	0	1
PROTOTYPE	028796	04/16/18	05:36:59	0.4892597695390782	0.4892597695390782	11.23	-0.0	3.6205222945891786	3.6205222945891786	11.23	0.17	0.4892597695390782	0.4892597695390782	11.23	0.0	296.0	291.73	459.28	27.21	0	1
PROTOTYPE	028797	04/16/18	05:37:01	0.4892597695390782	0.4892597695390782	11.23	-0.0	3.6205222945891786	3.6205222945891786	11.23	0.15	0.4892597695390782	0.4892597695390782	11.23	0.0	285.0	290.72	493.35	-6.87	0	1
PROTOTYPE	028798	04/16/18	05:37:02	0.4892597695390782	0.4892597695390782	11.23	-0.0	3.6205222945891786	3.6205222945891786	11.23	0.12	0.4892597695390782	0.4892597695390782	11.23	0.0	298.0	291.81	530.61	174.16	0	1
PROTOTYPE	028799	04/16/18	05:37:03	0.4892597695390782	0.4892597695390782	11.23	-0.0	3.6205222945891786	3.6205222945891786	11.23	0.11	0.4892597695390782	0.4892597695390782	11.23	0.0	300.0	293.04	577.28	373.04	0	1
PROTOTYPE	028800	04/16/18	05:37:05	0.4892597695390782	0.4892597695390782	11.24	-0.0	3.6205222945891786	3.6205222945891786	11.24	0.09	0.4892597695390782	0.4892597695390782	11.24	0.0	299.0	293.94	536.33	332.08	0	1
PROTOTYPE	028801	04/16/18	05:37:06	0.4892597695390782	0.4892597695390782	11.26	-0.0	3.6205222945891786	3.6205222945891786	11.26	0.08	0.4892597695390782	0.4892597695390782	11.26	0.0	285.0	292.6	634.59	162.27	0	1
PROTOTYPE	028802	04/16/18	05:37:08	0.4892597695390782	0.4892597695390782	11.27	-0.0	3.6205222945891786	3.6205222945891786	11.27	0.07	0.4892597695390782	0.4892597695390782	11.27	0.0	293.0	292.66	639.35	167.93	0	1
PROTOTYPE	028803	04/16/18	05:37:09	0.4892597695390782	0.4892597695390782	11.27	-0.0	3.6205222945891786	3.6205222945891786	11.27	0.06	0.4892597695390782	0.4892597695390782	11.27	0.0	294.0	292.86	658.11	187.74	0	1
PROTOTYPE	028804	04/16/18	05:37:11	0.4892597695390782	0.4892597695390782	11.3	-0.0	3.6205222945891786	3.6205222945891786	11.3	0.05	0.4892597695390782	0.4892597695390782	11.3	0.0	291.0	292.58	610.71	84.58	0	1
PROTOTYPE	028805	04/16/18	05:37:12	0.4892597695390782	0.4892597695390782	11.29	-0.0	3.6205222945891786	3.6205222945891786	11.29	0.04	0.4892597695390782	0.4892597695390782	11.29	0.0	292.0	292.49	518.5	176.89	0	1
PROTOTYPE	028806	04/16/18	05:37:13	0.4892597695390782	0.4892597695390782	11.3	-0.0	3.6205222945891786	3.6205222945891786	11.3	0.03	0.4892597695390782	0.4892597695390782	11.3	0.0	270.0	289.12	746.73	-269.64	0	1
PROTOTYPE	028807	04/16/18	05:37:15	0.4892597695390782	0.4892597695390782	11.3	-0.0	3.6205222945891786	3.6205222945891786	11.3	0.03	0.4892597695390782	0.4892597695390782	11.3	0.0	287.0	288.8	655.76	-424.2	0	1
PROTOTYPE	028808	04/16/18	05:37:16	0.4892597695390782	0.4892597695390782	11.3	-0.0	3.6205222945891786	3.6205222945891786	11.3	0.02	0.4892597695390782	0.4892597695390782	11.3	0.0	290.0	288.98	584.43	-495.57	0	1
PROTOTYPE	028809	04/16/18	05:37:18	0.4892597695390782	0.4892597695390782	11.31	-0.0	3.6205222945891786	3.6205222945891786	11.31	0.02	0.4892597695390782	0.4892597695390782	11.31	0.0	281.0	287.78	570.1	-481.23	0	1
PROTOTYPE	028810	04/16/18	05:37:19	0.4892597695390782	0.4892597695390782	11.3	-0.0	3.6205222945891786	3.6205222945891786	11.3	0.02	0.4892597695390782	0.4892597695390782	11.3	0.0	288.0	287.82	567.41	-484.05	0	1
PROTOTYPE	028811	04/16/18	05:37:20	0.4892597695390782	0.4892597695390782	11.28	-0.0	3.6205222945891786	3.6205222945891786	11.28	0.02	0.4892597695390782	0.4892597695390782	11.28	0.0	294.0	288.74	639.98	-411.44	0	1
PROTOTYPE	028812	04/16/18	05:37:22	0.4892597695390782	0.4892597695390782	11.24	-0.0	3.6205222945891786	3.6205222945891786	11.24	0.01	0.4892597695390782	0.4892597695390782	11.24	0.0	284.0	288.03	683.24	-454.72	0	1
PROTOTYPE	028813	04/16/18	05:37:23	0.4892597695390782	0.4892597695390782	11.23	-0.0	3.6205222945891786	3.6205222945891786	11.23	0.01	0.4892597695390782	0.4892597695390782	11.23	0.0	296.0	289.23	793.96	-326.52	0	1
PROTOTYPE	028814	04/16/18	05:37:25	0.4892597695390782	0.4892597695390782	11.24	-0.0	3.6205222945891786	3.6205222945891786	11.24	0.01	0.4892597695390782	0.4892597695390782	11.24	0.0	285.0	288.59	520.0	-52.54	0	1
PROTOTYPE	028815	04/16/18	05:37:26	0.4892597695390782	0.4892597695390782	11.24	-0.0	3.6205222945891786	3.6205222945891786	11.24	0.01	0.4892597695390782	0.4892597695390782	11.24	0.0	300.0	290.3	659.3	150.34	0	1
PROTOTYPE	028816	04/16/18	05:37:27	0.4892597695390782	0.4892597695390782	11.25	-0.0	3.6205222945891786	3.6205222945891786	11.25	0.01	0.4892597695390782	0.4892597695390782	11.25	0.0	281.0	288.91	780.82	-7.21	0	1
PROTOTYPE	028817	04/16/18	05:37:29	0.4892597695390782	0.4892597695390782	11.25	-0.0	3.6205222945891786	3.6205222945891786	11.25	0.01	0.4892597695390782	0.4892597695390782	11.25	0.0	301.0	290.72	842.48	293.87	0	1
PROTOTYPE	028818	04/16/18	05:37:30	0.4892597695390782	0.4892597695390782	11.26	-0.0	3.6205222945891786	3.6205222945891786	11.26	0.0	0.4892597695390782	0.4892597695390782	11.26	0.0	300.0	292.11	978.12	429.79	0	1
PROTOTYPE	028819	04/16/18	05:37:32	0.4892597695390782	0.4892597695390782	11.28	-0.0	3.6205222945891786	3.6205222945891786	11.28	0.0	0.4892597695390782	0.4892597695390782	11.28	0.0	290.0	291.8	917.09	305.32	0	1
PROTOTYPE	028820	04/16/18	05:37:33	0.4892597695390782	0.4892597695390782	11.28	-0.0	3.6205222945891786	3.6205222945891786	11.28	0.0	0.4892597695390782	0.4892597695390782	11.28	0.0	290.0	291.53	872.91	349.52	0	1
PROTOTYPE	028821	04/16/18	05:37:34	0.4892597695390782	0.4892597695390782	11.29	-0.0	3.6205222945891786	3.6205222945891786	11.29	0.0	0.4892597695390782	0.4892597695390782	11.29	0.0	293.0	291.75	775.52	252.1	0	1
PROTOTYPE	028822	04/16/18	05:37:36	0.4892597695390782	0.4892597695390782	11.27	-0.0	3.6205222945891786	3.6205222945891786	11.27	0.0	0.4892597695390782	0.4892597695390782	11.27	0.0	291.0	291.64	723.4	304.28	0	1
PROTOTYPE	028823	04/16/18	05:37:37	0.4892597695390782	0.4892597695390782	11.27	-0.0	3.6205222945891786	3.6205222945891786	11.27	0.0	0.4892597695390782	0.4892597695390782	11.27	0.0	293.0	291.84	572.8	153.64	0	1
PROTOTYPE	028824	04/16/18	05:37:39	0.4892597695390782	0.4892597695390782	11.25	-0.0	3.6205222945891786	3.6205222945891786	11.25	0.0	0.4892597695390782	0.4892597695390782	11.25	0.0	298.0	292.76	525.63	385.59	0	1
PROTOTYPE	028825	04/16/18	05:37:40	0.4892597695390782	0.4892597695390782	11.24	-0.0	3.6205222945891786	3.6205222945891786	11.24	0.0	0.4892597695390782	0.4892597695390782	11.24	0.0	293.0	292.8	348.06	207.75	0	1
PROTOTYPE	028826	04/16/18	05:37:41	0.4892597695390782	0.4892597695390782	11.24	-0.0	3.6205222945891786	3.6205222945891786	11.24	0.0	0.4892597695390782	0.4892597695390782	11.24	0.0	291.0	292.53	235.92	41.59	0	1
PROTOTYPE	028827	04/16/18	05:37:43	0.4892597695390782	0.4892597695390782	11.26	-0.0	3.6205222945891786	3.6205222945891786	11.26	0.0	0.4892597695390782	0.4892597695390782	11.26	0.0	294.0	292.75	226.28	95.35	0	1
PROTOTYPE	028828	04/16/18	05:37:44	0.4892597695390782	0.4892597695390782	11.27	-0.0	3.6205222945891786	3.6205222945891786	11.27	0.0	0.4892597695390782	0.4892597695390782	11.27	0.0	298.0	293.54	278.05	201.05	0	1
PROTOTYPE	028829	04/16/18	05:37:46	0.4892597695390782	0.4892597695390782	11.28	-0.0	3.6205222945891786	3.6205222945891786	11.28	0.0	0.4892597695390782	0.4892597695390782	11.28	0.0	297.0	294.06	307.87	230.89	0	1
PROTOTYPE	028830	04/16/18	05:37:47	0.4892597695390782	0.4892597695390782	11.28	-0.0	3.718374248496994	3.6352000876753503	24.94	15.0	0.4892597695390782	0.4892597695390782	11.28	0.0	292.0	293.75	327.44	211.26	0	1
PROTOTYPE	028831	04/16/18	05:37:49	0.4892597695390782	0.4892597695390782	11.28	-0.0	3.6205222945891786	3.6332430485971945	26.19	12.75	0.4892597695390782	0.4892597695390782	11.28	0.0	287.0	292.74	408.17	89.57	0	1
PROTOTYPE	028832	04/16/18	05:37:50	0.4892597695390782	0.4892597695390782	11.3	-0.0	3.6205222945891786	3.6312860095190382	27.17	10.84	0.4892597695390782	0.4892597695390782	11.3	0.0	302.0	294.13	454.74	136.13	0	1
PROTOTYPE	028833	04/16/18	05:37:51	0.4892597695390782	0.4892597695390782	11.29	-0.0	3.6205222945891786	3.629328970440882	27.9	9.21	0.4892597695390782	0.4892597695390782	11.29	0.0	295.0	294.26	464.12	145.71	0	1
PROTOTYPE	028834	04/16/18	05:37:53	0.4892597695390782	0.4892597695390782	11.3	-0.0	3.6205222945891786	3.6283504509018036	28.47	7.83	0.4892597695390782	0.4892597695390782	11.3	0.0	298.0	294.82	493.25	228.86	0	1
PROTOTYPE	028835	04/16/18	05:37:54	0.4892597695390782	0.4892597695390782	11.3	-0.0	3.6205222945891786	3.6273719313627253	28.9	6.66	0.4892597695390782	0.4892597695390782	11.3	0.0	300.0	295.6	548.89	284.53	0	1
PROTOTYPE	028836	04/16/18	05:37:56	0.4892597695390782	0.4892597695390782	11.3	-0.0	3.718374248496994	3.6410712049098195	41.57	20.66	0.4892597695390782	0.4892597695390782	11.3	0.0	297.0	295.81	491.24	226.85	0	1
PROTOTYPE	028837	04/16/18	05:37:57	0.4892597695390782	0.4892597695390782	11.39	-0.0	3.718374248496994	3.6528134393787575	52.15	32.56	0.4892597695390782	0.4892597695390782	11.39	0.0	285.0	294.19	601.39	12.82	0	1
PROTOTYPE	028838	04/16/18	05:37:59	0.4892597695390782	0.4892597695390782	11.39	-0.0	3.6205222945891786	3.647920841683367	42.17	12.68	0.4892597695390782	0.4892597695390782	11.39	0.0	286.0	292.96	693.29	-79.1	0	1
PROTOTYPE	028839	04/16/18	05:38:00	0.4892597695390782	0.4892597695390782	11.39	-0.0	3.6205222945891786	3.644006763527054	43.89	10.77	0.4892597695390782	0.4892597695390782	11.39	0.0	287.0	292.06	681.43	-67.24	0	1
PROTOTYPE	028840	04/16/18	05:38:01	0.4892597695390782	0.4892597695390782	11.37	-0.0	3.718374248496994	3.6547704784569137	53.07	24.16	0.4892597695390782	0.4892597695390782	11.37	0.0	296.0	292.65	601.52	-147.15	0	1
PROTOTYPE	028841	04/16/18	05:38:03	0.4892597695390782	0.4892597695390782	11.37	-0.0	3.6205222945891786	3.649877880761523	56.36	20.53	0.4892597695390782	0.4892597695390782	11.37	0.0	280.0	290.76	778.15	-350.08	0	1
PROTOTYPE	028842	04/16/18	05:38:04	0.4892597695390782	0.4892597695390782	11.36	-0.0	3.718374248496994	3.6596630761523046	65.01	32.45	0.4892597695390782	0.4892597695390782	11.36	0.0	285.0	289.89	808.35	-492.57	0	1
PROTOTYPE	028843	04/16/18	05:38:06	0.4892597695390782	0.4892597695390782	11.33	-0.0	3.6205222945891786	3.6537919589178363	69.36	27.59	0.4892597695390782	0.4892597695390782	11.33	0.0	297.0	290.96	837.23	-463.68	0	1
PROTOTYPE	028844	04/16/18	05:38:07	0.4892597695390782	0.4892597695390782	11.34	-0.0	3.6205222945891786	3.648899361222445	60.61	8.45	0.4892597695390782	0.4892597695390782	11.34	0.0	288.0	290.52	860.52	-529.13	0	1
PROTOTYPE	028845	04/16/18	05:38:08	0.4892597695390782	0.4892597695390782	11.24	-0.0	3.6205222945891786	3.6449852830661325	53.2	-7.82	0.4892597695390782	0.4892597695390782	11.24	0.0	297.0	291.49	795.7	-269.76	0	1
PROTOTYPE	028846	04/16/18	05:38:10	0.4892597695390782	0.4892597695390782	11.25	-0.0	3.6205222945891786	3.6410712049098195	52.09	-6.65	0.4892597695390782	0.4892597695390782	11.25	0.0	298.0	292.46	770.61	-49.3	0	1
PROTOTYPE	028847	04/16/18	05:38:11	0.4892597695390782	0.4892597695390782	11.26	-0.0	3.718374248496994	3.6528134393787575	59.64	9.35	0.4892597695390782	0.4892597695390782	11.26	0.0	296.0	292.99	734.28	93.1	0	1
PROTOTYPE	028848	04/16/18	05:38:13	0.4892597695390782	0.4892597695390782	11.26	-0.0	3.718374248496994	3.662598634769539	58.25	7.95	0.4892597695390782	0.4892597695390782	11.26	0.0	296.0	293.45	720.32	79.13	0	1
PROTOTYPE	028849	04/16/18	05:38:14	0.4892597695390782	0.4892597695390782	11.27	-0.0	3.6205222945891786	3.65672751753507	59.41	6.76	0.4892597695390782	0.4892597695390782	11.27	0.0	283.0	291.88	687.2	112.26	0	1
PROTOTYPE	028850	04/16/18	05:38:15	0.4892597695390782	0.4892597695390782	11.27	-0.0	3.6205222945891786	3.6508564003006017	54.43	-9.26	0.4892597695390782	0.4892597695390782	11.27	0.0	288.0	291.3	659.04	140.42	0	1
PROTOTYPE	028851	04/16/18	05:38:17	0.4892597695390782	0.4892597695390782	11.29	-0.0	3.6205222945891786	3.6459638026052104	53.09	-7.87	0.4892597695390782	0.4892597695390782	11.29	0.0	293.0	291.55	578.01	59.36	0	1
PROTOTYPE	028852	04/16/18	05:38:18	0.4892597695390782	0.4892597695390782	11.29	-0.0	3.6205222945891786	3.642049724448898	51.97	-6.69	0.4892597695390782	0.4892597695390782	11.29	0.0	302.0	293.12	690.32	260.46	0	1
PROTOTYPE	028853	04/16/18	05:38:20	0.4892597695390782	0.4892597695390782	11.31	-0.0	3.6205222945891786	3.6391141658316633	51.03	-5.69	0.4892597695390782	0.4892597695390782	11.31	0.0	295.0	293.4	621.28	191.39	0	1
PROTOTYPE	028854	04/16/18	05:38:21	0.4892597695390782	0.4892597695390782	11.31	-0.0	3.6205222945891786	3.6361786072144286	50.25	-4.83	0.4892597695390782	0.4892597695390782	11.31	0.0	284.0	291.99	664.62	-47.32	0	1
PROTOTYPE	028855	04/16/18	05:38:22	0.4892597695390782	0.4892597695390782	11.3	-0.0	3.6205222945891786	3.634221568136273	41.13	-19.11	0.4892597695390782	0.4892597695390782	11.3	0.0	288.0	291.39	671.45	-160.22	0	1
PROTOTYPE	028856	04/16/18	05:38:24	0.4892597695390782	0.4892597695390782	11.32	-0.0	3.6205222945891786	3.6322645290581157	33.47	-31.24	0.4892597695390782	0.4892597695390782	11.32	0.0	287.0	290.73	692.26	-271.19	0	1
PROTOTYPE	028857	04/16/18	05:38:25	0.4892597695390782	0.4892597695390782	11.32	-0.0	3.6205222945891786	3.63030748997996	29.13	-26.56	0.4892597695390782	0.4892597695390782	11.32	0.0	293.0	291.07	569.59	-80.51	0	1
PROTOTYPE	028858	04/16/18	05:38:27	0.4892597695390782	0.4892597695390782	11.31	-0.0	3.6205222945891786	3.6283504509018036	25.52	-22.57	0.4892597695390782	0.4892597695390782	11.31	0.0	287.0	290.46	572.52	-83.43	0	1
PROTOTYPE	028859	04/16/18	05:38:28	0.4892597695390782	0.4892597695390782	11.31	-0.0	3.6205222945891786	3.6273719313627253	22.56	-19.19	0.4892597695390782	0.4892597695390782	11.31	0.0	286.0	289.79	613.89	-175.92	0	1
PROTOTYPE	028860	04/16/18	05:38:30	0.4892597695390782	0.4892597695390782	11.31	-0.0	3.6205222945891786	3.6263934118236474	20.13	-16.31	0.4892597695390782	0.4892597695390782	11.31	0.0	300.0	291.32	610.27	-179.53	0	1
PROTOTYPE	028861	04/16/18	05:38:31	0.4892597695390782	0.4892597695390782	11.31	-0.0	3.6205222945891786	3.625414892284569	18.17	-13.86	0.4892597695390782	0.4892597695390782	11.31	0.0	301.0	292.78	727.17	-62.6	0	1
PROTOTYPE	028862	04/16/18	05:38:32	0.4892597695390782	0.4892597695390782	11.33	-0.0	3.6205222945891786	3.6244363727454907	16.61	-11.78	0.4892597695390782	0.4892597695390782	11.33	0.0	282.0	291.16	747.78	-83.21	0	1
PROTOTYPE	028863	04/16/18	05:38:34	0.4892597695390782	0.4892597695390782	11.33	-0.0	3.6205222945891786	3.6244363727454907	15.36	-10.02	0.4892597695390782	0.4892597695390782	11.33	0.0	288.0	290.69	735.31	-70.73	0	1
PROTOTYPE	028864	04/16/18	05:38:35	0.4892597695390782	0.4892597695390782	11.31	-0.0	3.6205222945891786	3.623457853206413	14.37	-8.51	0.4892597695390782	0.4892597695390782	11.31	0.0	289.0	290.43	694.72	-30.12	0	1
PROTOTYPE	028865	04/16/18	05:38:37	0.4892597695390782	0.4892597695390782	11.33	-0.0	3.6205222945891786	3.623457853206413	13.62	-7.24	0.4892597695390782	0.4892597695390782	11.33	0.0	289.0	290.22	682.23	-85.6	0	1
PROTOTYPE	028866	04/16/18	05:38:38	0.4892597695390782	0.4892597695390782	11.34	-0.0	3.718374248496994	3.6371571267535074	26.24	8.85	0.4892597695390782	0.4892597695390782	11.34	0.0	296.0	291.09	707.86	62.24	0	1
PROTOTYPE	028867	04/16/18	05:38:39	0.4892597695390782	0.4892597695390782	11.34	-0.0	3.6205222945891786	3.6352000876753503	27.29	7.52	0.4892597695390782	0.4892597695390782	11.34	0.0	288.0	290.62	687.2	82.9	0	1
PROTOTYPE	028868	04/16/18	05:38:41	0.4892597695390782	0.4892597695390782	11.35	-0.0	3.6205222945891786	3.6332430485971945	28.14	6.39	0.4892597695390782	0.4892597695390782	11.35	0.0	290.0	290.53	543.54	-79.53	0	1
PROTOTYPE	028869	04/16/18	05:38:42	0.4892597695390782	0.4892597695390782	11.34	-0.0	3.6205222945891786	3.6312860095190382	28.8	5.43	0.4892597695390782	0.4892597695390782	11.34	0.0	296.0	291.35	480.47	-142.6	0	1
PROTOTYPE	028870	04/16/18	05:38:44	0.4892597695390782	0.4892597695390782	11.34	-0.0	3.6205222945891786	3.629328970440882	29.31	4.62	0.4892597695390782	0.4892597695390782	11.34	0.0	300.0	292.65	448.59	148.79	0	1
PROTOTYPE	028871	04/16/18	05:38:45	0.4892597695390782	0.4892597695390782	11.35	-0.0	3.6205222945891786	3.6283504509018036	29.72	3.93	0.4892597695390782	0.4892597695390782	11.35	0.0	293.0	292.7	406.66	201.47	0	1
PROTOTYPE	028872	04/16/18	05:38:47	0.4892597695390782	0.4892597695390782	11.35	-0.0	3.6205222945891786	3.6273719313627253	30.02	3.34	0.4892597695390782	0.4892597695390782	11.35	0.0	290.0	292.3	421.87	186.25	0	1
PROTOTYPE	028873	04/16/18	05:38:48	0.4892597695390782	0.4892597695390782	11.35	-0.0	3.6205222945891786	3.6263934118236474	30.24	2.84	0.4892597695390782	0.4892597695390782	11.35	0.0	287.0	291.5	479.77	128.31	0	1
PROTOTYPE	028874	04/16/18	05:38:49	0.4892597695390782	0.4892597695390782	11.34	-0.0	3.6205222945891786	3.625414892284569	17.21	-12.59	0.4892597695390782	0.4892597695390782	11.34	0.0	283.0	290.23	520.55	-85.94	0	1
PROTOTYPE	028875	04/16/18	05:38:51	0.4892597695390782	0.4892597695390782	11.32	-0.0	3.6205222945891786	3.6244363727454907	15.82	-10.7	0.4892597695390782	0.4892597695390782	11.32	0.0	270.0	287.19	777.64	-343.04	0	1
PROTOTYPE	028876	04/16/18	05:38:52	0.4892597695390782	0.4892597695390782	11.29	-0.0	3.718374248496994	3.638135646292585	27.66	5.9	0.4892597695390782	0.4892597695390782	11.29	0.0	294.0	288.21	870.33	-231.59	0	1
PROTOTYPE	028877	04/16/18	05:38:54	0.4892597695390782	0.4892597695390782	11.29	-0.0	3.718374248496994	3.6508564003006017	37.64	20.02	0.4892597695390782	0.4892597695390782	11.29	0.0	284.0	287.58	851.46	-376.85	0	1
PROTOTYPE	028878	04/16/18	05:38:55	0.4892597695390782	0.4892597695390782	11.26	-0.0	3.718374248496994	3.6606415956913825	45.99	32.02	0.4892597695390782	0.4892597695390782	11.26	0.0	302.0	289.74	937.98	-290.32	0	1
PROTOTYPE	028879	04/16/18	05:38:56	0.4892597695390782	0.4892597695390782	11.25	-0.0	3.718374248496994	3.6694482715430863	52.98	42.21	0.4892597695390782	0.4892597695390782	11.25	0.0	291.0	289.93	951.4	-276.77	0	1
PROTOTYPE	028880	04/16/18	05:38:58	0.4892597695390782	0.4892597695390782	11.24	-0.0	3.718374248496994	3.6762979083166334	58.81	50.88	0.4892597695390782	0.4892597695390782	11.24	0.0	294.0	290.54	971.9	-175.26	0	1
PROTOTYPE	028881	04/16/18	05:38:59	0.4892597695390782	0.4892597695390782	11.23	-0.0	3.718374248496994	3.68314754509018	63.63	58.25	0.4892597695390782	0.4892597695390782	11.23	0.0	283.0	289.41	1005.61	-208.97	0	1
PROTOTYPE	028882	04/16/18	05:39:01	0.4892597695390782	0.4892597695390782	11.23	-0.0	3.718374248496994	3.688040142785571	67.6	64.51	0.4892597695390782	0.4892597695390782	11.23	0.0	289.0	289.35	884.41	-87.62	0	1
PROTOTYPE	028883	04/16/18	05:39:02	0.4892597695390782	0.4892597695390782	11.24	-0.0	3.718374248496994	3.692932740480962	70.86	69.84	0.4892597695390782	0.4892597695390782	11.24	0.0	292.0	289.75	620.81	255.52	0	1
PROTOTYPE	028884	04/16/18	05:39:03	0.4892597695390782	0.4892597695390782	11.24	-0.0	3.718374248496994	3.6968468186372747	60.56	59.36	0.4892597695390782	0.4892597695390782	11.24	0.0	298.0	290.98	642.48	277.19	0	1
PROTOTYPE	028885	04/16/18	05:39:05	0.4892597695390782	0.4892597695390782	11.22	-0.0	3.6205222945891786	3.6851045841683363	59.99	35.46	0.4892597695390782	0.4892597695390782	11.22	0.0	282.0	289.64	714.05	205.61	0	1
PROTOTYPE	028886	04/16/18	05:39:06	0.4892597695390782	0.4892597695390782	11.21	-0.0	3.6205222945891786	3.6753193887775555	59.5	15.14	0.4892597695390782	0.4892597695390782	11.21	0.0	282.0	288.49	612.33	-125.23	0	1
PROTOTYPE	028887	04/16/18	05:39:08	0.4892597695390782	0.4892597695390782	11.22	-0.0	3.718374248496994	3.6821690255511026	57.27	12.87	0.4892597695390782	0.4892597695390782	11.22	0.0	291.0	288.87	631.09	-106.44	0	1
PROTOTYPE	028888	04/16/18	05:39:09	0.4892597695390782	0.4892597695390782	11.23	-0.0	3.718374248496994	3.687061623246493	55.39	10.94	0.4892597695390782	0.4892597695390782	11.23	0.0	299.0	290.39	722.04	-15.48	0	1
PROTOTYPE	028889	04/16/18	05:39:11	0.4892597695390782	0.4892597695390782	11.24	-0.0	3.718374248496994	3.6919542209418834	53.8	9.3	0.4892597695390782	0.4892597695390782	11.24	0.0	292.0	290.63	633.12	121.84	0	1
PROTOTYPE	028890	04/16/18	05:39:12	0.4892597695390782	0.4892597695390782	11.24	-0.0	3.6205222945891786	3.681190506012024	59.25	-7.1	0.4892597695390782	0.4892597695390782	11.24	0.0	294.0	291.14	677.38	178.57	0	1
PROTOTYPE	028891	04/16/18	05:39:13	0.4892597695390782	0.4892597695390782	11.24	-0.0	3.718374248496994	3.687061623246493	60.27	-6.03	0.4892597695390782	0.4892597695390782	11.24	0.0	286.0	290.36	714.63	61.78	0	1
PROTOTYPE	028892	04/16/18	05:39:15	0.4892597695390782	0.4892597695390782	11.24	-0.0	3.6205222945891786	3.6772764278557113	66.37	-20.13	0.4892597695390782	0.4892597695390782	11.24	0.0	298.0	291.51	705.37	52.51	0	1
PROTOTYPE	028893	04/16/18	05:39:16	0.4892597695390782	0.4892597695390782	11.26	-0.0	3.6205222945891786	3.6684697520040084	63.39	-17.11	0.4892597695390782	0.4892597695390782	11.26	0.0	302.0	293.08	727.94	344.64	0	1
PROTOTYPE	028894	04/16/18	05:39:18	0.4892597695390782	0.4892597695390782	11.27	-0.0	3.718374248496994	3.6762979083166334	61.15	0.46	0.4892597695390782	0.4892597695390782	11.27	0.0	300.0	294.12	717.13	562.94	0	1
PROTOTYPE	028895	04/16/18	05:39:19	0.4892597695390782	0.4892597695390782	11.24	-0.0	3.6205222945891786	3.6674912324649296	63.04	-14.61	0.4892597695390782	0.4892597695390782	11.24	0.0	291.0	293.65	726.31	478.5	0	1
PROTOTYPE	028896	04/16/18	05:39:20	0.4892597695390782	0.4892597695390782	11.25	-0.0	3.718374248496994	3.6753193887775555	65.18	-12.42	0.4892597695390782	0.4892597695390782	11.25	0.0	299.0	294.45	654.54	406.73	0	1
PROTOTYPE	028897	04/16/18	05:39:22	0.4892597695390782	0.4892597695390782	11.24	-0.0	3.6205222945891786	3.6674912324649296	68.73	-25.56	0.4892597695390782	0.4892597695390782	11.24	0.0	284.0	292.89	787.15	225.72	0	1
PROTOTYPE	028898	04/16/18	05:39:23	0.4892597695390782	0.4892597695390782	11.26	-0.0	3.718374248496994	3.6743408692384767	65.68	-6.72	0.4892597695390782	0.4892597695390782	11.26	0.0	275.0	290.2	1004.88	-93.14	0	1
PROTOTYPE	028899	04/16/18	05:39:25	0.4892597695390782	0.4892597695390782	11.25	-0.0	3.718374248496994	3.681190506012024	66.66	-5.71	0.4892597695390782	0.4892597695390782	11.25	0.0	292.0	290.47	954.82	10.83	0	1
PROTOTYPE	028900	04/16/18	05:39:26	0.4892597695390782	0.4892597695390782	11.26	-0.0	3.718374248496994	3.687061623246493	62.25	10.14	0.4892597695390782	0.4892597695390782	11.26	0.0	295.0	291.15	908.2	-35.79	0	1
PROTOTYPE	028901	04/16/18	05:39:27	0.4892597695390782	0.4892597695390782	11.25	-0.0	3.718374248496994	3.6919542209418834	58.52	23.62	0.4892597695390782	0.4892597695390782	11.25	0.0	283.0	289.93	873.13	-315.43	0	1
PROTOTYPE	028902	04/16/18	05:39:29	0.4892597695390782	0.4892597695390782	11.27	-0.0	3.718374248496994	3.695868299098197	55.09	20.08	0.4892597695390782	0.4892597695390782	11.27	0.0	294.0	290.54	830.46	-358.11	0	1
PROTOTYPE	028903	04/16/18	05:39:30	0.4892597695390782	0.4892597695390782	11.28	-0.0	3.718374248496994	3.6988038577154305	50.24	32.07	0.4892597695390782	0.4892597695390782	11.28	0.0	290.0	290.46	791.84	-319.39	0	1
PROTOTYPE	028904	04/16/18	05:39:32	0.4892597695390782	0.4892597695390782	11.28	-0.0	3.6205222945891786	3.687061623246493	54.45	12.26	0.4892597695390782	0.4892597695390782	11.28	0.0	288.0	290.09	748.53	-436.49	0	1
PROTOTYPE	028905	04/16/18	05:39:33	0.4892597695390782	0.4892597695390782	11.28	-0.0	3.718374248496994	3.6919542209418834	50.92	25.42	0.4892597695390782	0.4892597695390782	11.28	0.0	296.0	290.98	680.36	-191.01	0	1
PROTOTYPE	028906	04/16/18	05:39:34	0.4892597695390782	0.4892597695390782	11.26	-0.0	3.6205222945891786	3.681190506012024	53.96	6.61	0.4892597695390782	0.4892597695390782	11.26	0.0	301.0	292.48	562.41	227.64	0	1
PROTOTYPE	028907	04/16/18	05:39:36	0.4892597695390782	0.4892597695390782	11.27	0.0	3.6205222945891786	3.672383830160321	56.53	-9.39	0.4892597695390782	0.4892597695390782	11.27	0.0	292.0	292.41	542.77	193.49	0	1
PROTOTYPE	028908	04/16/18	05:39:37	0.4892597695390782	0.4892597695390782	11.27	0.0	3.6205222945891786	3.664555673847696	58.71	-22.98	0.4892597695390782	0.4892597695390782	11.27	0.0	288.0	291.75	540.99	59.47	0	1
PROTOTYPE	028909	04/16/18	05:39:39	0.4892597695390782	0.4892597695390782	11.27	0.0	3.718374248496994	3.672383830160321	62.07	-19.53	0.4892597695390782	0.4892597695390782	11.27	0.0	277.0	289.53	639.91	-39.45	0	1
PROTOTYPE	028910	04/16/18	05:39:40	0.4892597695390782	0.4892597695390782	11.24	0.0	3.718374248496994	3.679233466933868	64.9	-16.6	0.4892597695390782	0.4892597695390782	11.24	0.0	277.0	287.65	766.86	-288.53	0	1
PROTOTYPE	028911	04/16/18	05:39:41	0.4892597695390782	0.4892597695390782	11.26	0.0	3.718374248496994	3.6851045841683363	67.28	-14.11	0.4892597695390782	0.4892597695390782	11.26	0.0	292.0	288.31	823.84	-215.25	0	1
PROTOTYPE	028912	04/16/18	05:39:43	0.4892597695390782	0.4892597695390782	11.27	0.0	3.718374248496994	3.6899971818637276	60.45	3.01	0.4892597695390782	0.4892597695390782	11.27	0.0	290.0	288.56	812.37	-152.97	0	1
PROTOTYPE	028913	04/16/18	05:39:44	0.4892597695390782	0.4892597695390782	11.26	0.0	3.6205222945891786	3.680211986472946	66.24	-12.45	0.4892597695390782	0.4892597695390782	11.26	0.0	293.0	289.23	790.32	-175.02	0	1
PROTOTYPE	028914	04/16/18	05:39:46	0.4892597695390782	0.4892597695390782	11.28	0.0	3.718374248496994	3.6851045841683363	61.3	4.42	0.4892597695390782	0.4892597695390782	11.28	0.0	282.0	288.14	748.36	-433.77	0	1
PROTOTYPE	028915	04/16/18	05:39:47	0.4892597695390782	0.4892597695390782	11.28	0.0	3.718374248496994	3.6899971818637276	57.12	18.76	0.4892597695390782	0.4892597695390782	11.28	0.0	294.0	289.02	828.9	-338.7	0	1
PROTOTYPE	028916	04/16/18	05:39:49	0.4892597695390782	0.4892597695390782	11.28	0.0	3.718374248496994	3.694889779559118	53.59	30.94	0.4892597695390782	0.4892597695390782	11.28	0.0	296.0	290.07	867.46	-167.9	0	1
PROTOTYPE	028917	04/16/18	05:39:50	0.4892597695390782	0.4892597695390782	11.3	0.0	3.718374248496994	3.6978253381763526	49.1	26.3	0.4892597695390782	0.4892597695390782	11.3	0.0	276.0	287.96	857.27	-157.71	0	1
PROTOTYPE	028918	04/16/18	05:39:51	0.4892597695390782	0.4892597695390782	11.31	0.0	3.718374248496994	3.700760896793587	45.32	22.36	0.4892597695390782	0.4892597695390782	11.31	0.0	290.0	288.26	699.91	60.94	0	1
PROTOTYPE	028919	04/16/18	05:39:53	0.4892597695390782	0.4892597695390782	11.29	0.0	3.718374248496994	3.703696455410822	42.15	19.0	0.4892597695390782	0.4892597695390782	11.29	0.0	303.0	290.47	855.76	216.8	0	1
PROTOTYPE	028920	04/16/18	05:39:54	0.4892597695390782	0.4892597695390782	11.28	0.0	3.718374248496994	3.705653494488978	39.52	16.15	0.4892597695390782	0.4892597695390782	11.28	0.0	289.0	290.25	852.48	169.28	0	1
PROTOTYPE	028921	04/16/18	05:39:56	0.4892597695390782	0.4892597695390782	11.27	0.0	3.6205222945891786	3.692932740480962	41.92	13.73	0.4892597695390782	0.4892597695390782	11.27	0.0	292.0	290.52	812.11	128.89	0	1
PROTOTYPE	028922	04/16/18	05:39:57	0.4892597695390782	0.4892597695390782	11.26	0.0	3.718374248496994	3.6968468186372747	39.94	11.67	0.4892597695390782	0.4892597695390782	11.26	0.0	300.0	291.94	845.98	379.56	0	1
PROTOTYPE	028923	04/16/18	05:39:58	0.4892597695390782	0.4892597695390782	11.26	0.0	3.718374248496994	3.6997823772545093	38.29	9.92	0.4892597695390782	0.4892597695390782	11.26	0.0	301.0	293.3	894.04	427.62	0	1
PROTOTYPE	028924	04/16/18	05:40:00	0.4892597695390782	0.4892597695390782	11.26	0.0	3.718374248496994	3.702717935871744	36.91	8.43	0.4892597695390782	0.4892597695390782	11.26	0.0	285.0	292.05	913.82	198.48	0	1
PROTOTYPE	028925	04/16/18	05:40:01	0.4892597695390782	0.4892597695390782	11.26	0.0	3.718374248496994	3.705653494488978	35.77	7.17	0.4892597695390782	0.4892597695390782	11.26	0.0	288.0	291.44	763.6	348.71	0	1
PROTOTYPE	028926	04/16/18	05:40:03	0.4892597695390782	0.4892597695390782	11.26	0.0	3.718374248496994	3.7076105335671343	34.83	6.09	0.4892597695390782	0.4892597695390782	11.26	0.0	297.0	292.28	816.27	401.4	0	1
PROTOTYPE	028927	04/16/18	05:40:04	0.4892597695390782	0.4892597695390782	11.28	0.0	3.718374248496994	3.7085890531062122	34.08	5.18	0.4892597695390782	0.4892597695390782	11.28	0.0	293.0	292.39	606.15	191.19	0	1
PROTOTYPE	028928	04/16/18	05:40:05	0.4892597695390782	0.4892597695390782	11.28	0.0	3.718374248496994	3.710546092184369	33.47	4.4	0.4892597695390782	0.4892597695390782	11.28	0.0	291.0	292.18	604.83	192.51	1	0
PROTOTYPE	028929	04/16/18	05:40:07	0.4892597695390782	0.4892597695390782	11.28	0.0	4.1097820641282565	3.7702357840681366	81.54	78.74	0.4892597695390782	0.4892597695390782	11.28	0.0	287.0	291.4	656.28	88.64	1	0
PROTOTYPE	028930	04/16/18	05:40:08	0.4892597695390782	0.4892597695390782	11.27	0.0	4.501189879759519	3.87982997244489	189.49	186.93	0.4892597695390782	0.4892597695390782	11.27	0.0	289.0	291.04	550.06	-89.66	1	0
PROTOTYPE	028931	04/16/18	05:40:10	0.4892597695390782	0.4892597695390782	11.27	0.0	4.69689378757515	4.0021449148296595	311.17	308.89	0.4892597695390782	0.4892597695390782	11.27	0.0	295.0	291.64	473.52	-166.21	1	0
PROTOTYPE	028932	04/16/18	05:40:11	0.4892597695390782	0.4892597695390782	11.27	0.0	4.7947457414829655	4.121524298597194	429.51	427.56	0.4892597695390782	0.4892597695390782	11.27	0.0	291.0	291.54	358.68	-51.28	1	0
PROTOTYPE	028933	04/16/18	05:40:12	0.4892597695390782	0.4892597695390782	11.26	0.0	4.990449649298597	4.2516673972945895	559.99	558.42	0.4892597695390782	0.4892597695390782	11.26	0.0	295.0	292.06	349.79	61.41	1	0
PROTOTYPE	028934	04/16/18	05:40:14	0.4892597695390782	0.4892597695390782	11.26	0.0	5.088301603206413	4.376917898296593	685.8	684.66	0.4892597695390782	0.4892597695390782	11.26	0.0	297.0	292.8	340.58	52.2	1	0
PROTOTYPE	028935	04/16/18	05:40:15	0.5871117234468938	0.5039375626252506	24.9	15.0	5.088301603206413	4.483576528056112	792.6	791.96	0.4892597695390782	0.4892597695390782	11.23	0.0	295.0	293.13	362.69	74.37	1	0
PROTOTYPE	028936	04/16/18	05:40:17	0.4892597695390782	0.5019805235470942	26.15	12.75	5.1861535571142285	4.589256638276553	898.24	898.17	0.4892597695390782	0.4892597695390782	11.23	0.0	302.0	294.46	474.9	228.22	1	0
PROTOTYPE	028937	04/16/18	05:40:18	0.4892597695390782	0.5000234844689379	27.13	10.84	5.1861535571142285	4.678301916332665	928.51	928.44	0.4892597695390782	0.4892597695390782	11.26	0.0	300.0	295.29	480.32	388.98	1	0
PROTOTYPE	028938	04/16/18	05:40:20	0.4892597695390782	0.4980664453907815	27.89	9.21	5.284005511022044	4.769304233466934	909.25	909.18	0.4892597695390782	0.4892597695390782	11.27	0.0	278.0	292.7	703.64	165.64	1	0
PROTOTYPE	028939	04/16/18	05:40:21	0.4892597695390782	0.4970879258517034	28.46	7.83	5.38185746492986	4.861285070140281	877.87	877.8	0.4892597695390782	0.4892597695390782	11.28	0.0	300.0	293.79	753.79	215.79	1	0
PROTOTYPE	028940	04/16/18	05:40:22	0.4892597695390782	0.49610940631262535	28.88	6.66	5.38185746492986	4.939566633266533	836.21	836.13	0.4892597695390782	0.4892597695390782	11.28	0.0	285.0	292.47	876.06	93.42	1	0
PROTOTYPE	028941	04/16/18	05:40:24	0.4892597695390782	0.49513088677354705	29.19	5.66	5.479709418837675	5.0207837550100205	785.79	785.71	0.4892597695390782	0.4892597695390782	11.27	0.0	284.0	291.2	951.26	-85.59	1	0
PROTOTYPE	028942	04/16/18	05:40:25	0.4892597695390782	0.4941523672344689	29.44	4.81	5.577561372745492	5.103957915831663	742.94	742.85	0.4892597695390782	0.4892597695390782	11.28	0.0	294.0	291.62	919.11	-117.75	1	0
PROTOTYPE	028943	04/16/18	05:40:27	0.4892597695390782	0.49317384769539074	15.97	-10.91	5.577561372745492	5.175389842184369	706.52	706.43	0.4892597695390782	0.4892597695390782	11.31	0.0	299.0	292.73	996.75	-40.09	1	0
PROTOTYPE	028944	04/16/18	05:40:28	0.4892597695390782	0.4921953281563127	14.85	-9.28	5.577561372745492	5.235079534068136	660.56	660.46	0.4892597695390782	0.4892597695390782	11.31	0.0	297.0	293.37	927.77	-109.08	0	0
PROTOTYPE	028945	04/16/18	05:40:29	0.4892597695390782	0.4921953281563127	13.96	-7.88	4.01193011022044	5.052096380260521	756.6	381.39	0.4892597695390782	0.4892597695390782	11.28	0.0	277.0	290.91	1090.22	-437.72	0	0
PROTOTYPE	028946	04/16/18	05:40:31	0.4892597695390782	0.4921953281563127	13.29	-6.7	3.6205222945891786	4.8368220816633265	883.23	69.18	0.4892597695390782	0.4892597695390782	11.29	0.0	290.0	290.78	844.63	-192.06	0	0
PROTOTYPE	028947	04/16/18	05:40:32	0.4892597695390782	0.4912168086172345	12.78	-5.7	3.424818386773547	4.625461861222446	1005.86	-241.19	0.4892597695390782	0.4892597695390782	11.29	0.0	295.0	291.41	798.45	-238.25	0	0
PROTOTYPE	028948	04/16/18	05:40:34	0.4892597695390782	0.4912168086172345	12.39	-4.84	3.424818386773547	4.4454142660320635	1110.1	-505.01	0.4892597695390782	0.4892597695390782	11.29	0.0	287.0	290.75	732.72	-172.51	0	0
PROTOTYPE	028949	04/16/18	05:40:35	0.4892597695390782	0.4912168086172345	12.11	-4.12	3.3269664328657313	4.277108905310621	1198.7	-759.26	0.4892597695390782	0.4892597695390782	11.3	0.0	295.0	291.39	669.38	18.37	0	0
PROTOTYPE	028950	04/16/18	05:40:36	0.4892597695390782	0.49023828907815625	11.88	-3.5	3.3269664328657313	4.135223572144289	1259.01	-990.37	0.4892597695390782	0.4892597695390782	11.29	0.0	288.0	290.88	678.22	-74.39	0	0
PROTOTYPE	028951	04/16/18	05:40:38	0.4892597695390782	0.49023828907815625	11.69	-2.97	3.3269664328657313	4.013887149298598	1310.27	-1186.82	0.4892597695390782	0.4892597695390782	11.26	0.0	297.0	291.8	659.38	-93.23	0	0
PROTOTYPE	028952	04/16/18	05:40:39	0.4892597695390782	0.49023828907815625	11.55	-2.53	3.2291144789579156	3.8964648046092187	1368.84	-1368.79	0.4892597695390782	0.4892597695390782	11.24	0.0	302.0	293.33	748.36	-4.25	0	0
PROTOTYPE	028953	04/16/18	05:40:41	0.4892597695390782	0.49023828907815625	11.46	-2.15	3.2291144789579156	3.795677292084168	1283.53	-1283.48	0.4892597695390782	0.4892597695390782	11.23	0.0	286.0	292.23	612.72	131.39	0	0
PROTOTYPE	028954	04/16/18	05:40:42	0.4892597695390782	0.49023828907815625	11.36	-1.83	3.2291144789579156	3.710546092184369	1151.01	-1150.95	0.4892597695390782	0.4892597695390782	11.2	0.0	287.0	291.44	677.37	66.68	0	0
PROTOTYPE	028955	04/16/18	05:40:43	0.4892597695390782	0.49023828907815625	11.29	-1.55	3.2291144789579156	3.6391141658316633	1008.38	-1008.31	0.4892597695390782	0.4892597695390782	11.17	0.0	290.0	291.23	635.72	-18.32	0	0
PROTOTYPE	028956	04/16/18	05:40:45	0.4892597695390782	0.4892597695390782	11.24	-1.32	3.2291144789579156	3.5774674348697397	887.14	-887.06	0.4892597695390782	0.4892597695390782	11.15	0.0	282.0	289.84	707.96	-90.57	0	0
PROTOTYPE	028957	04/16/18	05:40:46	0.4892597695390782	0.4892597695390782	11.21	-1.12	3.2291144789579156	3.524627379759519	769.09	-769.0	0.4892597695390782	0.4892597695390782	11.15	0.0	286.0	289.27	701.85	-211.99	0	0
PROTOTYPE	028958	04/16/18	05:40:48	0.4892597695390782	0.4892597695390782	11.19	-0.95	3.2291144789579156	3.4805940005010023	668.76	-668.65	0.4892597695390782	0.4892597695390782	11.15	0.0	299.0	290.73	797.03	-15.19	0	0
PROTOTYPE	028959	04/16/18	05:40:49	0.4892597695390782	0.4892597695390782	11.2	-0.81	3.2291144789579156	3.442431738476954	583.48	-583.36	0.4892597695390782	0.4892597695390782	11.17	0.0	286.0	290.02	776.12	-177.91	0	0
PROTOTYPE	028960	04/16/18	05:40:50	0.4892597695390782	0.4892597695390782	11.2	-0.69	3.2291144789579156	3.411119113226453	496.0	-495.85	0.4892597695390782	0.4892597695390782	11.18	0.0	288.0	289.72	653.36	-361.22	0	0
PROTOTYPE	028961	04/16/18	05:40:52	0.4892597695390782	0.4892597695390782	11.2	-0.59	3.2291144789579156	3.3837205661322645	421.64	-421.47	0.4892597695390782	0.4892597695390782	11.18	0.0	285.0	289.01	614.18	-322.04	0	0
PROTOTYPE	028962	04/16/18	05:40:53	0.4892597695390782	0.4892597695390782	11.2	-0.5	3.1312625250501003	3.345558304108216	373.44	-373.25	0.4892597695390782	0.4892597695390782	11.19	0.0	293.0	289.61	595.65	-183.73	0	0
PROTOTYPE	028963	04/16/18	05:40:55	0.4892597695390782	0.4892597695390782	11.24	-0.42	3.2291144789579156	3.3279449524048097	317.49	-317.27	0.4892597695390782	0.4892597695390782	11.23	0.0	281.0	288.32	703.05	-291.17	0	0
PROTOTYPE	028964	04/16/18	05:40:56	0.4892597695390782	0.4892597695390782	11.25	-0.36	3.1312625250501003	3.298589366232465	284.92	-284.68	0.4892597695390782	0.4892597695390782	11.25	0.0	293.0	289.02	634.91	-82.5	0	0
PROTOTYPE	028965	04/16/18	05:40:57	0.4892597695390782	0.4892597695390782	11.24	-0.31	3.1312625250501003	3.2731478582164333	257.24	-256.97	0.4892597695390782	0.4892597695390782	11.24	0.0	279.0	287.52	727.53	-175.12	0	0
PROTOTYPE	028966	04/16/18	05:40:59	0.4892597695390782	0.4892597695390782	11.24	-0.26	3.1312625250501003	3.252598947895792	233.72	-233.43	0.4892597695390782	0.4892597695390782	11.24	0.0	293.0	288.34	663.8	-238.85	0	0
