Dev_id	Index	Date	Time	Sensor1	Sensor1_Filter	Sensor1_LL	Sensor1_Diff	Sensor2	Sensor2_Filter	Sensor2_LL	Sensor2_Diff	Sensor3	Sensor3_Filter	Sensor3_LL	Sensor3_Diff	Sensor4	Sensor4_Filter	Sensor4_LL	Sensor4_Diff	Heater_Status	FSM_Status
PROTOTYPE	021367	04/16/18	02:42:22	0.4892597695390782	0.4892597695390782	11.22	0.0	3.424818386773547	3.426775425851704	12.83	-5.94	0.4892597695390782	0.4892597695390782	11.22	0.0	299.0	292.07	371.26	31.46	0	1
PROTOTYPE	021368	04/16/18	02:42:24	0.4892597695390782	0.4892597695390782	11.22	0.0	3.424818386773547	3.426775425851704	12.42	-5.05	0.4892597695390782	0.4892597695390782	11.22	0.0	290.0	291.76	390.93	11.74	0	1
PROTOTYPE	021369	04/16/18	02:42:25	0.4892597695390782	0.4892597695390782	11.21	0.0	3.424818386773547	3.426775425851704	12.09	-4.29	0.4892597695390782	0.4892597695390782	11.21	0.0	295.0	292.25	369.86	129.98	0	1
PROTOTYPE	021370	04/16/18	02:42:26	0.4892597695390782	0.4892597695390782	11.2	0.0	3.424818386773547	3.425796906312625	11.84	-3.65	0.4892597695390782	0.4892597695390782	11.2	0.0	300.0	293.41	470.31	230.48	0	1
PROTOTYPE	021371	04/16/18	02:42:28	0.4892597695390782	0.4892597695390782	11.18	0.0	3.424818386773547	3.425796906312625	11.65	-3.1	0.4892597695390782	0.4892597695390782	11.18	0.0	286.0	292.3	523.03	60.91	0	1
PROTOTYPE	021372	04/16/18	02:42:29	0.4892597695390782	0.4892597695390782	11.2	0.0	3.424818386773547	3.425796906312625	11.54	-2.64	0.4892597695390782	0.4892597695390782	11.2	0.0	278.0	290.15	732.64	-158.23	0	1
PROTOTYPE	021373	04/16/18	02:42:31	0.4892597695390782	0.4892597695390782	11.2	0.0	3.424818386773547	3.425796906312625	11.45	-2.24	0.4892597695390782	0.4892597695390782	11.2	0.0	295.0	290.88	749.3	-29.49	0	1
PROTOTYPE	021374	04/16/18	02:42:32	0.4892597695390782	0.4892597695390782	11.2	0.0	3.424818386773547	3.425796906312625	11.38	-1.9	0.4892597695390782	0.4892597695390782	11.2	0.0	284.0	289.85	819.85	-100.07	0	1
PROTOTYPE	021375	04/16/18	02:42:33	0.4892597695390782	0.4892597695390782	11.19	0.0	3.424818386773547	3.425796906312625	11.32	-1.62	0.4892597695390782	0.4892597695390782	11.19	0.0	299.0	291.22	834.86	-85.06	0	1
PROTOTYPE	021376	04/16/18	02:42:35	0.4892597695390782	0.4892597695390782	11.2	0.0	3.424818386773547	3.425796906312625	11.29	-1.38	0.4892597695390782	0.4892597695390782	11.2	0.0	301.0	292.69	950.44	92.7	0	1
PROTOTYPE	021377	04/16/18	02:42:36	0.4892597695390782	0.4892597695390782	11.22	0.0	3.424818386773547	3.424818386773547	11.29	-1.17	0.4892597695390782	0.4892597695390782	11.22	0.0	291.0	292.43	927.2	18.8	0	1
PROTOTYPE	021378	04/16/18	02:42:38	0.4892597695390782	0.4892597695390782	11.25	0.0	3.424818386773547	3.424818386773547	11.3	-0.99	0.4892597695390782	0.4892597695390782	11.25	0.0	296.0	292.97	864.39	-44.02	0	1
PROTOTYPE	021379	04/16/18	02:42:39	0.4892597695390782	0.4892597695390782	11.28	0.0	3.424818386773547	3.424818386773547	11.31	-0.85	0.4892597695390782	0.4892597695390782	11.28	0.0	292.0	292.82	767.85	52.58	0	1
PROTOTYPE	021380	04/16/18	02:42:41	0.4892597695390782	0.4892597695390782	11.27	0.0	3.424818386773547	3.424818386773547	11.29	-0.72	0.4892597695390782	0.4892597695390782	11.27	0.0	290.0	292.4	595.75	224.69	0	1
PROTOTYPE	021381	04/16/18	02:42:42	0.4892597695390782	0.4892597695390782	11.26	0.0	3.522670340681363	3.4394961798597192	24.91	14.39	0.4892597695390782	0.4892597695390782	11.26	0.0	302.0	293.84	667.04	295.99	0	1
PROTOTYPE	021382	04/16/18	02:42:43	0.4892597695390782	0.4892597695390782	11.29	0.0	3.424818386773547	3.4375391407815634	26.2	12.23	0.4892597695390782	0.4892597695390782	11.29	0.0	276.0	291.16	831.43	131.59	0	1
PROTOTYPE	021383	04/16/18	02:42:45	0.4892597695390782	0.4892597695390782	11.31	0.0	3.424818386773547	3.4355821017034067	27.2	10.4	0.4892597695390782	0.4892597695390782	11.31	0.0	297.0	292.04	781.7	81.85	0	1
PROTOTYPE	021384	04/16/18	02:42:46	0.4892597695390782	0.4892597695390782	11.3	0.0	3.522670340681363	3.448302855711423	39.2	23.84	0.4892597695390782	0.4892597695390782	11.3	0.0	292.0	292.03	636.54	-65.43	0	1
PROTOTYPE	021385	04/16/18	02:42:48	0.4892597695390782	0.4892597695390782	11.31	0.0	3.424818386773547	3.4453672970941884	41.71	20.26	0.4892597695390782	0.4892597695390782	11.31	0.0	294.0	292.33	640.71	-10.61	0	1
PROTOTYPE	021386	04/16/18	02:42:49	0.4892597695390782	0.4892597695390782	11.29	0.0	3.424818386773547	3.442431738476954	43.69	17.22	0.4892597695390782	0.4892597695390782	11.29	0.0	287.0	291.53	667.16	-144.02	0	1
PROTOTYPE	021387	04/16/18	02:42:50	0.4892597695390782	0.4892597695390782	11.27	0.0	3.424818386773547	3.4394961798597192	45.26	14.64	0.4892597695390782	0.4892597695390782	11.27	0.0	294.0	291.9	689.63	-92.42	0	1
PROTOTYPE	021388	04/16/18	02:42:52	0.4892597695390782	0.4892597695390782	11.31	0.0	3.424818386773547	3.4375391407815634	46.52	12.44	0.4892597695390782	0.4892597695390782	11.31	0.0	292.0	291.91	649.32	-48.55	0	1
PROTOTYPE	021389	04/16/18	02:42:53	0.4892597695390782	0.4892597695390782	11.33	0.0	3.424818386773547	3.4355821017034067	33.87	-4.42	0.4892597695390782	0.4892597695390782	11.33	0.0	291.0	291.78	519.12	-206.27	0	1
PROTOTYPE	021390	04/16/18	02:42:55	0.4892597695390782	0.4892597695390782	11.31	0.0	3.522670340681363	3.448302855711423	44.63	11.24	0.4892597695390782	0.4892597695390782	11.31	0.0	286.0	290.91	338.19	-25.33	0	1
PROTOTYPE	021391	04/16/18	02:42:56	0.4892597695390782	0.4892597695390782	11.29	0.0	3.424818386773547	3.4453672970941884	46.12	9.55	0.4892597695390782	0.4892597695390782	11.29	0.0	293.0	291.22	282.01	-81.53	0	1
PROTOTYPE	021392	04/16/18	02:42:57	0.4892597695390782	0.4892597695390782	11.27	0.0	3.424818386773547	3.441453218937876	36.08	-6.88	0.4892597695390782	0.4892597695390782	11.27	0.0	279.0	289.39	463.85	-264.3	0	1
PROTOTYPE	021393	04/16/18	02:42:59	0.4892597695390782	0.4892597695390782	11.27	0.0	3.522670340681363	3.4541739729458913	44.62	9.15	0.4892597695390782	0.4892597695390782	11.27	0.0	296.0	290.38	533.47	-194.66	0	1
PROTOTYPE	021394	04/16/18	02:43:00	0.4892597695390782	0.4892597695390782	11.27	0.0	3.424818386773547	3.449281375250501	45.9	7.78	0.4892597695390782	0.4892597695390782	11.27	0.0	295.0	291.07	522.81	-45.46	0	1
PROTOTYPE	021395	04/16/18	02:43:02	0.4892597695390782	0.4892597695390782	11.27	0.0	3.424818386773547	3.4463458166332663	46.97	6.61	0.4892597695390782	0.4892597695390782	11.27	0.0	298.0	292.11	589.61	21.36	0	1
PROTOTYPE	021396	04/16/18	02:43:03	0.4892597695390782	0.4892597695390782	11.24	0.0	3.424818386773547	3.442431738476954	47.83	5.62	0.4892597695390782	0.4892597695390782	11.24	0.0	298.0	293.0	675.84	108.16	0	1
PROTOTYPE	021397	04/16/18	02:43:05	0.4892597695390782	0.4892597695390782	11.24	0.0	3.424818386773547	3.440474699398797	48.55	4.78	0.4892597695390782	0.4892597695390782	11.24	0.0	296.0	293.45	707.11	166.93	0	1
PROTOTYPE	021398	04/16/18	02:43:06	0.4892597695390782	0.4892597695390782	11.24	0.0	3.424818386773547	3.4375391407815634	37.83	-10.94	0.4892597695390782	0.4892597695390782	11.24	0.0	292.0	293.23	642.19	231.89	0	1
PROTOTYPE	021399	04/16/18	02:43:07	0.4892597695390782	0.4892597695390782	11.24	0.0	3.424818386773547	3.4355821017034067	36.37	-9.3	0.4892597695390782	0.4892597695390782	11.24	0.0	283.0	291.7	764.28	47.11	0	1
PROTOTYPE	021400	04/16/18	02:43:09	0.4892597695390782	0.4892597695390782	11.25	0.0	3.424818386773547	3.434603582164329	35.18	-7.9	0.4892597695390782	0.4892597695390782	11.25	0.0	290.0	291.44	606.38	205.04	0	1
PROTOTYPE	021401	04/16/18	02:43:10	0.4892597695390782	0.4892597695390782	11.24	0.0	3.424818386773547	3.432646543086172	24.73	-21.72	0.4892597695390782	0.4892597695390782	11.24	0.0	283.0	290.18	633.85	-20.71	0	1
PROTOTYPE	021402	04/16/18	02:43:12	0.4892597695390782	0.4892597695390782	11.26	0.0	3.424818386773547	3.431668023547094	21.91	-18.46	0.4892597695390782	0.4892597695390782	11.26	0.0	297.0	291.2	666.96	12.39	0	1
PROTOTYPE	021403	04/16/18	02:43:13	0.4892597695390782	0.4892597695390782	11.26	0.0	3.424818386773547	3.4306895040080163	19.6	-15.69	0.4892597695390782	0.4892597695390782	11.26	0.0	290.0	291.02	581.11	-109.47	0	1
PROTOTYPE	021404	04/16/18	02:43:14	0.4892597695390782	0.4892597695390782	11.26	0.0	3.424818386773547	3.4297109844689375	17.73	-13.34	0.4892597695390782	0.4892597695390782	11.26	0.0	291.0	291.02	494.24	-198.05	0	1
PROTOTYPE	021405	04/16/18	02:43:16	0.4892597695390782	0.4892597695390782	11.27	0.0	3.424818386773547	3.4287324649298596	16.25	-11.34	0.4892597695390782	0.4892597695390782	11.27	0.0	288.0	290.56	494.43	-288.34	0	1
PROTOTYPE	021406	04/16/18	02:43:17	0.4892597695390782	0.4892597695390782	11.27	0.0	3.522670340681363	3.4434102580160317	27.96	5.36	0.4892597695390782	0.4892597695390782	11.27	0.0	292.0	290.78	494.27	-245.09	0	1
PROTOTYPE	021407	04/16/18	02:43:19	0.4892597695390782	0.4892597695390782	11.29	0.0	3.424818386773547	3.440474699398797	28.66	4.56	0.4892597695390782	0.4892597695390782	11.29	0.0	282.0	289.46	472.51	-223.32	0	1
PROTOTYPE	021408	04/16/18	02:43:20	0.4892597695390782	0.4892597695390782	11.3	0.0	3.424818386773547	3.4375391407815634	29.22	3.88	0.4892597695390782	0.4892597695390782	11.3	0.0	295.0	290.29	530.11	-114.83	0	1
PROTOTYPE	021409	04/16/18	02:43:21	0.4892597695390782	0.4892597695390782	11.31	0.0	3.522670340681363	3.4502598947895793	40.27	18.29	0.4892597695390782	0.4892597695390782	11.31	0.0	278.0	288.45	587.89	-172.6	0	1
PROTOTYPE	021410	04/16/18	02:43:23	0.4892597695390782	0.4892597695390782	11.31	0.0	3.522670340681363	3.461023609719439	49.52	30.55	0.4892597695390782	0.4892597695390782	11.31	0.0	299.0	290.03	643.77	-116.71	0	1
PROTOTYPE	021411	04/16/18	02:43:24	0.4892597695390782	0.4892597695390782	11.31	0.0	3.424818386773547	3.456131012024048	53.57	25.97	0.4892597695390782	0.4892597695390782	11.31	0.0	283.0	288.98	731.22	-204.21	0	1
PROTOTYPE	021412	04/16/18	02:43:26	0.4892597695390782	0.4892597695390782	11.3	0.0	3.522670340681363	3.4659162074148298	62.23	37.07	0.4892597695390782	0.4892597695390782	11.3	0.0	291.0	289.28	760.16	-173.57	0	1
PROTOTYPE	021413	04/16/18	02:43:27	0.4892597695390782	0.4892597695390782	11.29	0.0	3.424818386773547	3.4600450901803605	67.09	31.51	0.4892597695390782	0.4892597695390782	11.29	0.0	279.0	287.74	869.11	-282.54	0	1
PROTOTYPE	021414	04/16/18	02:43:29	0.4892597695390782	0.4892597695390782	11.29	0.0	3.522670340681363	3.4688517660320644	62.39	26.78	0.4892597695390782	0.4892597695390782	11.29	0.0	295.0	288.83	956.45	-195.16	0	1
PROTOTYPE	021415	04/16/18	02:43:30	0.4892597695390782	0.4892597695390782	11.26	0.0	3.424818386773547	3.462980648797595	66.21	22.77	0.4892597695390782	0.4892597695390782	11.26	0.0	286.0	288.4	867.19	-105.88	0	1
PROTOTYPE	021416	04/16/18	02:43:31	0.4892597695390782	0.4892597695390782	11.24	0.0	3.424818386773547	3.457109531563126	69.4	19.35	0.4892597695390782	0.4892597695390782	11.24	0.0	303.0	290.59	1003.07	30.0	0	1
PROTOTYPE	021417	04/16/18	02:43:33	0.4892597695390782	0.4892597695390782	11.24	0.0	3.424818386773547	3.4522169338677355	61.46	1.45	0.4892597695390782	0.4892597695390782	11.24	0.0	293.0	290.95	854.8	250.5	0	1
PROTOTYPE	021418	04/16/18	02:43:34	0.4892597695390782	0.4892597695390782	11.23	0.0	3.522670340681363	3.462980648797595	61.25	1.23	0.4892597695390782	0.4892597695390782	11.23	0.0	282.0	289.61	830.85	-42.08	0	1
PROTOTYPE	021419	04/16/18	02:43:36	0.4892597695390782	0.4892597695390782	11.23	0.0	3.424818386773547	3.457109531563126	61.43	1.05	0.4892597695390782	0.4892597695390782	11.23	0.0	293.0	290.12	776.22	114.24	0	1
PROTOTYPE	021420	04/16/18	02:43:37	0.4892597695390782	0.4892597695390782	11.24	0.0	3.522670340681363	3.466894726953908	61.27	0.89	0.4892597695390782	0.4892597695390782	11.24	0.0	279.0	288.45	912.64	-82.9	0	1
PROTOTYPE	021421	04/16/18	02:43:38	0.4892597695390782	0.4892597695390782	11.31	0.0	3.424818386773547	3.461023609719439	61.42	0.76	0.4892597695390782	0.4892597695390782	11.31	0.0	293.0	289.13	826.67	139.54	0	1
PROTOTYPE	021422	04/16/18	02:43:40	0.4892597695390782	0.4892597695390782	11.33	0.0	3.522670340681363	3.4698302855711427	61.31	0.64	0.4892597695390782	0.4892597695390782	11.33	0.0	287.0	288.81	749.77	-1.4	0	1
PROTOTYPE	021423	04/16/18	02:43:41	0.4892597695390782	0.4892597695390782	11.34	0.0	3.522670340681363	3.4776584418837677	62.57	15.55	0.4892597695390782	0.4892597695390782	11.34	0.0	295.0	289.74	800.14	133.81	0	1
PROTOTYPE	021424	04/16/18	02:43:43	0.4892597695390782	0.4892597695390782	11.35	0.0	3.522670340681363	3.4845080786573144	63.64	28.21	0.4892597695390782	0.4892597695390782	11.35	0.0	293.0	290.23	630.09	-36.26	0	1
PROTOTYPE	021425	04/16/18	02:43:44	0.4892597695390782	0.4892597695390782	11.32	0.0	3.522670340681363	3.4903791958917836	64.53	38.98	0.4892597695390782	0.4892597695390782	11.32	0.0	298.0	291.4	710.51	44.18	0	1
PROTOTYPE	021426	04/16/18	02:43:45	0.4892597695390782	0.4892597695390782	11.31	0.0	3.424818386773547	3.4805940005010023	63.75	18.14	0.4892597695390782	0.4892597695390782	11.31	0.0	296.0	292.09	645.27	247.55	0	1
PROTOTYPE	021427	04/16/18	02:43:47	0.4892597695390782	0.4892597695390782	11.32	0.0	3.522670340681363	3.4864651177354715	64.41	30.41	0.4892597695390782	0.4892597695390782	11.32	0.0	296.0	292.67	653.13	255.42	0	1
PROTOTYPE	021428	04/16/18	02:43:48	0.4892597695390782	0.4892597695390782	11.32	0.0	3.522670340681363	3.49233623496994	59.92	25.85	0.4892597695390782	0.4892597695390782	11.32	0.0	300.0	293.77	596.24	532.11	0	1
PROTOTYPE	021429	04/16/18	02:43:50	0.4892597695390782	0.4892597695390782	11.25	0.0	3.424818386773547	3.4815725200400798	63.73	21.97	0.4892597695390782	0.4892597695390782	11.25	0.0	299.0	294.56	606.42	542.29	0	1
PROTOTYPE	021430	04/16/18	02:43:51	0.4892597695390782	0.4892597695390782	11.24	0.0	3.424818386773547	3.4737443637274548	62.99	3.68	0.4892597695390782	0.4892597695390782	11.24	0.0	290.0	293.87	642.75	505.95	0	1
PROTOTYPE	021431	04/16/18	02:43:52	0.4892597695390782	0.4892597695390782	11.23	0.0	3.424818386773547	3.4659162074148298	62.36	-11.87	0.4892597695390782	0.4892597695390782	11.23	0.0	289.0	293.14	623.05	340.06	0	1
PROTOTYPE	021432	04/16/18	02:43:54	0.4892597695390782	0.4892597695390782	11.25	0.0	3.424818386773547	3.4600450901803605	61.83	-25.09	0.4892597695390782	0.4892597695390782	11.25	0.0	293.0	293.12	576.72	289.05	0	1
PROTOTYPE	021433	04/16/18	02:43:55	0.4892597695390782	0.4892597695390782	11.26	0.0	3.424818386773547	3.45515249248497	61.39	-36.33	0.4892597695390782	0.4892597695390782	11.26	0.0	289.0	292.5	521.99	110.69	0	1
PROTOTYPE	021434	04/16/18	02:43:57	0.4892597695390782	0.4892597695390782	11.26	0.0	3.522670340681363	3.464937687875751	61.78	-15.88	0.4892597695390782	0.4892597695390782	11.26	0.0	290.0	292.13	490.48	4.09	0	1
PROTOTYPE	021435	04/16/18	02:43:58	0.4892597695390782	0.4892597695390782	11.25	0.0	3.424818386773547	3.4590665706412826	61.45	-28.5	0.4892597695390782	0.4892597695390782	11.25	0.0	291.0	291.96	448.73	-71.53	0	1
PROTOTYPE	021436	04/16/18	02:44:00	0.4892597695390782	0.4892597695390782	11.23	0.0	3.522670340681363	3.4688517660320644	65.64	-24.22	0.4892597695390782	0.4892597695390782	11.23	0.0	295.0	292.41	384.47	-135.8	0	1
PROTOTYPE	021437	04/16/18	02:44:01	0.4892597695390782	0.4892597695390782	11.22	0.0	3.522670340681363	3.4766799223446894	63.66	-5.59	0.4892597695390782	0.4892597695390782	11.22	0.0	301.0	293.7	434.84	-85.43	0	1
PROTOTYPE	021438	04/16/18	02:44:02	0.4892597695390782	0.4892597695390782	11.2	0.0	3.522670340681363	3.483529559118237	61.97	10.25	0.4892597695390782	0.4892597695390782	11.2	0.0	291.0	293.3	407.03	-57.61	0	1
PROTOTYPE	021439	04/16/18	02:44:04	0.4892597695390782	0.4892597695390782	11.22	0.0	3.424818386773547	3.474722883266533	63.49	8.71	0.4892597695390782	0.4892597695390782	11.22	0.0	284.0	291.9	473.38	-123.97	0	1
PROTOTYPE	021440	04/16/18	02:44:05	0.4892597695390782	0.4892597695390782	11.2	0.0	3.424818386773547	3.466894726953908	64.77	7.4	0.4892597695390782	0.4892597695390782	11.2	0.0	288.0	291.32	529.37	-180.38	0	1
PROTOTYPE	021441	04/16/18	02:44:07	0.4892597695390782	0.4892597695390782	11.19	0.0	3.424818386773547	3.461023609719439	65.84	6.29	0.4892597695390782	0.4892597695390782	11.19	0.0	294.0	291.72	507.81	-78.32	0	1
PROTOTYPE	021442	04/16/18	02:44:08	0.4892597695390782	0.4892597695390782	11.19	0.0	3.424818386773547	3.45515249248497	61.03	-9.65	0.4892597695390782	0.4892597695390782	11.19	0.0	291.0	291.61	481.13	-51.57	0	1
PROTOTYPE	021443	04/16/18	02:44:09	0.4892597695390782	0.4892597695390782	11.18	0.0	3.424818386773547	3.4512384143286576	59.63	-8.2	0.4892597695390782	0.4892597695390782	11.18	0.0	287.0	290.92	533.35	-103.84	0	1
PROTOTYPE	021444	04/16/18	02:44:11	0.4892597695390782	0.4892597695390782	11.18	0.0	3.424818386773547	3.4473243361723447	53.98	-21.97	0.4892597695390782	0.4892597695390782	11.18	0.0	290.0	290.78	501.57	-163.26	0	1
PROTOTYPE	021445	04/16/18	02:44:12	0.4892597695390782	0.4892597695390782	11.19	0.0	3.522670340681363	3.4580880511022047	57.24	-18.68	0.4892597695390782	0.4892597695390782	11.19	0.0	295.0	291.41	436.07	-228.77	0	1
PROTOTYPE	021446	04/16/18	02:44:14	0.4892597695390782	0.4892597695390782	11.22	0.0	3.522670340681363	3.4678732464929856	60.01	-15.87	0.4892597695390782	0.4892597695390782	11.22	0.0	285.0	290.45	491.74	-284.46	0	1
PROTOTYPE	021447	04/16/18	02:44:15	0.4892597695390782	0.4892597695390782	11.24	0.0	3.522670340681363	3.4757014028056115	59.41	1.51	0.4892597695390782	0.4892597695390782	11.24	0.0	293.0	290.83	390.52	-106.79	0	1
PROTOTYPE	021448	04/16/18	02:44:16	0.4892597695390782	0.4892597695390782	11.25	0.0	3.522670340681363	3.483529559118237	58.9	16.28	0.4892597695390782	0.4892597695390782	11.25	0.0	294.0	291.31	379.47	-0.77	0	1
PROTOTYPE	021449	04/16/18	02:44:18	0.4892597695390782	0.4892597695390782	11.26	0.0	3.522670340681363	3.4894006763527052	58.48	28.84	0.4892597695390782	0.4892597695390782	11.26	0.0	286.0	290.51	418.85	-120.65	0	1
PROTOTYPE	021450	04/16/18	02:44:19	0.4892597695390782	0.4892597695390782	11.27	0.0	3.522670340681363	3.4942932740480965	58.12	39.51	0.4892597695390782	0.4892597695390782	11.27	0.0	281.0	289.09	550.67	-252.56	0	1
PROTOTYPE	021451	04/16/18	02:44:21	0.4892597695390782	0.4892597695390782	11.31	0.0	3.522670340681363	3.498207352204409	57.83	48.59	0.4892597695390782	0.4892597695390782	11.31	0.0	283.0	288.17	572.78	-274.67	0	1
PROTOTYPE	021452	04/16/18	02:44:22	0.4892597695390782	0.4892597695390782	11.34	0.0	3.522670340681363	3.502121430360721	57.58	56.3	0.4892597695390782	0.4892597695390782	11.34	0.0	290.0	288.45	586.36	-233.47	0	1
PROTOTYPE	021453	04/16/18	02:44:23	0.4892597695390782	0.4892597695390782	11.33	0.0	3.424818386773547	3.4903791958917836	57.81	32.85	0.4892597695390782	0.4892597695390782	11.33	0.0	285.0	287.93	574.79	-348.45	0	1
PROTOTYPE	021454	04/16/18	02:44:25	0.4892597695390782	0.4892597695390782	11.34	0.0	3.522670340681363	3.4952717935871744	52.98	27.93	0.4892597695390782	0.4892597695390782	11.34	0.0	286.0	287.64	507.55	-281.18	0	1
PROTOTYPE	021455	04/16/18	02:44:26	0.4892597695390782	0.4892597695390782	11.31	0.0	3.522670340681363	3.4991858717434865	48.9	23.74	0.4892597695390782	0.4892597695390782	11.31	0.0	283.0	286.94	538.93	-389.01	0	1
PROTOTYPE	021456	04/16/18	02:44:28	0.4892597695390782	0.4892597695390782	11.31	0.0	3.522670340681363	3.5030999498997994	45.47	20.18	0.4892597695390782	0.4892597695390782	11.31	0.0	288.0	287.1	507.33	-420.65	0	1
PROTOTYPE	021457	04/16/18	02:44:29	0.4892597695390782	0.4892597695390782	11.33	0.0	3.522670340681363	3.506035508517034	42.6	17.15	0.4892597695390782	0.4892597695390782	11.33	0.0	292.0	287.84	501.15	-267.56	0	1
PROTOTYPE	021458	04/16/18	02:44:31	0.4892597695390782	0.4892597695390782	11.34	0.0	3.522670340681363	3.5079925475951903	40.21	14.58	0.4892597695390782	0.4892597695390782	11.34	0.0	296.0	289.06	480.89	-2.42	0	1
PROTOTYPE	021459	04/16/18	02:44:32	0.4892597695390782	0.4892597695390782	11.31	0.0	3.522670340681363	3.510928106212425	38.2	12.39	0.4892597695390782	0.4892597695390782	11.31	0.0	290.0	289.2	403.73	102.94	0	1
PROTOTYPE	021460	04/16/18	02:44:33	0.4892597695390782	0.4892597695390782	11.29	0.0	3.522670340681363	3.5119066257515033	36.55	10.53	0.4892597695390782	0.4892597695390782	11.29	0.0	296.0	290.22	478.26	177.5	0	1
PROTOTYPE	021461	04/16/18	02:44:35	0.4892597695390782	0.4892597695390782	11.31	0.0	3.522670340681363	3.513863664829659	26.76	23.95	0.4892597695390782	0.4892597695390782	11.31	0.0	290.0	290.19	430.16	225.87	0	1
PROTOTYPE	021462	04/16/18	02:44:36	0.4892597695390782	0.4892597695390782	11.29	0.0	3.522670340681363	3.514842184368738	23.56	20.36	0.4892597695390782	0.4892597695390782	11.29	0.0	288.0	289.86	434.04	221.99	0	1
PROTOTYPE	021463	04/16/18	02:44:38	0.4892597695390782	0.4892597695390782	11.29	0.0	3.522670340681363	3.5167992234468937	20.95	17.31	0.4892597695390782	0.4892597695390782	11.29	0.0	292.0	290.18	396.54	323.69	0	1
PROTOTYPE	021464	04/16/18	02:44:39	0.4892597695390782	0.4892597695390782	11.29	0.0	3.522670340681363	3.5167992234468937	18.82	14.71	0.4892597695390782	0.4892597695390782	11.29	0.0	284.0	289.25	473.37	215.14	0	1
PROTOTYPE	021465	04/16/18	02:44:40	0.4892597695390782	0.4892597695390782	11.29	0.0	3.424818386773547	3.5030999498997994	29.72	-2.5	0.4892597695390782	0.4892597695390782	11.29	0.0	300.0	290.87	561.1	302.87	0	1
PROTOTYPE	021466	04/16/18	02:44:42	0.4892597695390782	0.4892597695390782	11.27	0.0	3.522670340681363	3.506035508517034	30.04	-2.12	0.4892597695390782	0.4892597695390782	11.27	0.0	297.0	291.79	530.67	272.44	0	1
PROTOTYPE	021467	04/16/18	02:44:43	0.4892597695390782	0.4892597695390782	11.28	0.0	3.424818386773547	3.4942932740480965	40.01	-16.8	0.4892597695390782	0.4892597695390782	11.28	0.0	285.0	290.77	618.33	156.57	0	1
PROTOTYPE	021468	04/16/18	02:44:45	0.4892597695390782	0.4892597695390782	11.28	0.0	3.522670340681363	3.498207352204409	42.28	-14.28	0.4892597695390782	0.4892597695390782	11.28	0.0	291.0	290.8	520.1	58.09	0	1
PROTOTYPE	021469	04/16/18	02:44:46	0.4892597695390782	0.4892597695390782	11.28	0.0	3.522670340681363	3.502121430360721	44.14	-12.14	0.4892597695390782	0.4892597695390782	11.28	0.0	290.0	290.68	528.61	49.37	0	1
PROTOTYPE	021470	04/16/18	02:44:47	0.4892597695390782	0.4892597695390782	11.27	0.0	3.424818386773547	3.4903791958917836	54.11	-25.32	0.4892597695390782	0.4892597695390782	11.27	0.0	295.0	291.33	560.52	146.97	0	1
PROTOTYPE	021471	04/16/18	02:44:49	0.4892597695390782	0.4892597695390782	11.28	0.0	3.522670340681363	3.4952717935871744	57.44	-21.52	0.4892597695390782	0.4892597695390782	11.28	0.0	300.0	292.63	658.46	244.92	0	1
PROTOTYPE	021472	04/16/18	02:44:50	0.4892597695390782	0.4892597695390782	11.27	0.0	3.522670340681363	3.4991858717434865	60.15	-18.29	0.4892597695390782	0.4892597695390782	11.27	0.0	292.0	292.54	575.29	328.18	0	1
PROTOTYPE	021473	04/16/18	02:44:52	0.4892597695390782	0.4892597695390782	11.26	0.0	3.522670340681363	3.5030999498997994	49.75	-0.55	0.4892597695390782	0.4892597695390782	11.26	0.0	294.0	292.76	436.1	188.96	0	1
PROTOTYPE	021474	04/16/18	02:44:53	0.4892597695390782	0.4892597695390782	11.26	0.0	3.522670340681363	3.506035508517034	49.82	-0.47	0.4892597695390782	0.4892597695390782	11.26	0.0	292.0	292.64	355.5	85.61	0	1
PROTOTYPE	021475	04/16/18	02:44:54	0.4892597695390782	0.4892597695390782	11.26	0.0	3.424818386773547	3.493314754509018	49.75	-0.4	0.4892597695390782	0.4892597695390782	11.26	0.0	295.0	293.0	289.09	222.77	0	1
PROTOTYPE	021476	04/16/18	02:44:56	0.4892597695390782	0.4892597695390782	11.26	0.0	3.424818386773547	3.483529559118237	55.8	-15.34	0.4892597695390782	0.4892597695390782	11.26	0.0	280.0	291.05	480.29	24.36	0	1
PROTOTYPE	021477	04/16/18	02:44:57	0.4892597695390782	0.4892597695390782	11.26	0.0	3.522670340681363	3.4894006763527052	58.01	-13.04	0.4892597695390782	0.4892597695390782	11.26	0.0	292.0	291.19	482.53	50.7	0	1
PROTOTYPE	021478	04/16/18	02:44:59	0.4892597695390782	0.4892597695390782	11.27	0.0	3.522670340681363	3.4942932740480965	51.4	3.92	0.4892597695390782	0.4892597695390782	11.27	0.0	294.0	291.61	459.93	28.1	0	1
PROTOTYPE	021479	04/16/18	02:45:00	0.4892597695390782	0.4892597695390782	11.34	0.0	3.522670340681363	3.498207352204409	50.86	3.33	0.4892597695390782	0.4892597695390782	11.34	0.0	293.0	291.82	350.76	-81.12	0	1
PROTOTYPE	021480	04/16/18	02:45:02	0.4892597695390782	0.4892597695390782	11.33	0.0	3.424818386773547	3.487443637274549	57.82	-12.17	0.4892597695390782	0.4892597695390782	11.33	0.0	281.0	290.2	503.5	-233.95	0	1
PROTOTYPE	021481	04/16/18	02:45:03	0.4892597695390782	0.4892597695390782	11.32	0.0	3.522670340681363	3.49233623496994	59.56	-10.34	0.4892597695390782	0.4892597695390782	11.32	0.0	298.0	291.37	598.55	-138.86	0	1
PROTOTYPE	021482	04/16/18	02:45:04	0.4892597695390782	0.4892597695390782	11.34	0.0	3.424818386773547	3.4825510395791586	66.72	-23.79	0.4892597695390782	0.4892597695390782	11.34	0.0	304.0	293.26	776.63	61.97	0	1
PROTOTYPE	021483	04/16/18	02:45:06	0.4892597695390782	0.4892597695390782	11.34	0.0	3.522670340681363	3.4884221568136273	60.53	-5.22	0.4892597695390782	0.4892597695390782	11.34	0.0	289.0	292.62	805.18	-37.32	0	1
PROTOTYPE	021484	04/16/18	02:45:07	0.4892597695390782	0.4892597695390782	11.34	0.0	3.424818386773547	3.4786369614228456	59.75	-4.44	0.4892597695390782	0.4892597695390782	11.34	0.0	287.0	291.78	694.59	73.27	0	1
PROTOTYPE	021485	04/16/18	02:45:09	0.4892597695390782	0.4892597695390782	11.33	0.0	3.522670340681363	3.4854865981963927	60.4	-3.77	0.4892597695390782	0.4892597695390782	11.33	0.0	296.0	292.41	743.55	122.28	0	1
PROTOTYPE	021486	04/16/18	02:45:10	0.4892597695390782	0.4892597695390782	11.33	0.0	3.424818386773547	3.4766799223446894	64.51	-18.21	0.4892597695390782	0.4892597695390782	11.33	0.0	286.0	291.45	797.56	-16.06	0	1
PROTOTYPE	021487	04/16/18	02:45:11	0.4892597695390782	0.4892597695390782	11.28	0.0	3.424818386773547	3.4688517660320644	67.95	-30.48	0.4892597695390782	0.4892597695390782	11.28	0.0	283.0	290.18	903.44	-163.65	0	1
PROTOTYPE	021488	04/16/18	02:45:13	0.4892597695390782	0.4892597695390782	11.31	0.0	3.424818386773547	3.4620021292585172	63.44	-25.91	0.4892597695390782	0.4892597695390782	11.31	0.0	287.0	289.71	788.91	-49.1	0	1
PROTOTYPE	021489	04/16/18	02:45:14	0.4892597695390782	0.4892597695390782	11.31	0.0	3.424818386773547	3.456131012024048	63.76	-37.02	0.4892597695390782	0.4892597695390782	11.31	0.0	281.0	288.4	802.44	-296.74	0	1
PROTOTYPE	021490	04/16/18	02:45:16	0.4892597695390782	0.4892597695390782	11.3	0.0	3.424818386773547	3.4522169338677355	58.31	-31.47	0.4892597695390782	0.4892597695390782	11.3	0.0	286.0	288.04	648.97	-522.23	0	1
PROTOTYPE	021491	04/16/18	02:45:17	0.4892597695390782	0.4892597695390782	11.29	0.0	3.522670340681363	3.4620021292585172	62.96	-26.75	0.4892597695390782	0.4892597695390782	11.29	0.0	279.0	286.68	720.62	-593.89	0	1
PROTOTYPE	021492	04/16/18	02:45:19	0.4892597695390782	0.4892597695390782	11.29	0.0	3.424818386773547	3.457109531563126	59.01	-22.73	0.4892597695390782	0.4892597695390782	11.29	0.0	287.0	286.73	641.22	-504.81	0	1
PROTOTYPE	021493	04/16/18	02:45:20	0.4892597695390782	0.4892597695390782	11.29	0.0	3.424818386773547	3.4522169338677355	57.27	-34.32	0.4892597695390782	0.4892597695390782	11.29	0.0	283.0	286.17	633.88	-624.09	0	1
PROTOTYPE	021494	04/16/18	02:45:21	0.4892597695390782	0.4892597695390782	11.28	0.0	3.522670340681363	3.462980648797595	58.78	-14.18	0.4892597695390782	0.4892597695390782	11.28	0.0	293.0	287.2	640.12	-425.47	0	1
PROTOTYPE	021495	04/16/18	02:45:23	0.4892597695390782	0.4892597695390782	11.26	0.0	3.424818386773547	3.457109531563126	56.7	-12.05	0.4892597695390782	0.4892597695390782	11.26	0.0	284.0	286.72	561.31	-346.65	0	1
PROTOTYPE	021496	04/16/18	02:45:24	0.4892597695390782	0.4892597695390782	11.24	0.0	3.424818386773547	3.4522169338677355	54.93	-10.24	0.4892597695390782	0.4892597695390782	11.24	0.0	291.0	287.36	577.81	-234.66	0	1
PROTOTYPE	021497	04/16/18	02:45:26	0.4892597695390782	0.4892597695390782	11.26	0.0	3.522670340681363	3.462980648797595	59.96	6.29	0.4892597695390782	0.4892597695390782	11.26	0.0	285.0	287.01	482.63	-139.46	0	1
PROTOTYPE	021498	04/16/18	02:45:27	0.4892597695390782	0.4892597695390782	11.27	0.0	3.424818386773547	3.457109531563126	60.87	5.35	0.4892597695390782	0.4892597695390782	11.27	0.0	303.0	289.4	686.54	136.46	0	1
PROTOTYPE	021499	04/16/18	02:45:28	0.4892597695390782	0.4892597695390782	11.28	0.0	3.424818386773547	3.4522169338677355	55.05	-10.45	0.4892597695390782	0.4892597695390782	11.28	0.0	296.0	290.39	649.88	370.99	0	1
PROTOTYPE	021500	04/16/18	02:45:30	0.4892597695390782	0.4892597695390782	11.3	0.0	3.424818386773547	3.448302855711423	53.54	-8.88	0.4892597695390782	0.4892597695390782	11.3	0.0	297.0	291.38	744.04	465.34	0	1
PROTOTYPE	021501	04/16/18	02:45:31	0.4892597695390782	0.4892597695390782	11.29	0.0	3.424818386773547	3.4443887775551105	52.28	-7.55	0.4892597695390782	0.4892597695390782	11.29	0.0	293.0	291.63	712.32	545.54	0	1
PROTOTYPE	021502	04/16/18	02:45:33	0.4892597695390782	0.4892597695390782	11.3	0.0	3.424818386773547	3.441453218937876	44.69	-21.42	0.4892597695390782	0.4892597695390782	11.3	0.0	284.0	290.48	724.3	328.71	0	1
PROTOTYPE	021503	04/16/18	02:45:34	0.4892597695390782	0.4892597695390782	11.29	0.0	3.522670340681363	3.4541739729458913	51.24	-3.21	0.4892597695390782	0.4892597695390782	11.29	0.0	288.0	290.11	713.61	339.4	0	1
PROTOTYPE	021504	04/16/18	02:45:35	0.4892597695390782	0.4892597695390782	11.31	0.0	3.522670340681363	3.4639591683366735	56.78	12.27	0.4892597695390782	0.4892597695390782	11.31	0.0	295.0	290.84	722.7	348.49	0	1
PROTOTYPE	021505	04/16/18	02:45:37	0.4892597695390782	0.4892597695390782	11.29	0.0	3.522670340681363	3.4727658441883773	54.95	10.43	0.4892597695390782	0.4892597695390782	11.29	0.0	281.0	289.37	834.95	236.22	0	1
PROTOTYPE	021506	04/16/18	02:45:38	0.4892597695390782	0.4892597695390782	11.28	0.0	3.522670340681363	3.4805940005010023	56.74	23.87	0.4892597695390782	0.4892597695390782	11.28	0.0	287.0	289.01	630.56	-39.21	0	1
PROTOTYPE	021507	04/16/18	02:45:40	0.4892597695390782	0.4892597695390782	11.3	0.0	3.522670340681363	3.4864651177354715	58.25	35.29	0.4892597695390782	0.4892597695390782	11.3	0.0	296.0	290.06	636.44	-33.33	0	1
PROTOTYPE	021508	04/16/18	02:45:41	0.4892597695390782	0.4892597695390782	11.29	0.0	3.522670340681363	3.49233623496994	59.51	44.99	0.4892597695390782	0.4892597695390782	11.29	0.0	294.0	290.65	596.45	-73.33	0	1
PROTOTYPE	021509	04/16/18	02:45:43	0.4892597695390782	0.4892597695390782	11.29	0.0	3.522670340681363	3.496250313126252	60.57	53.25	0.4892597695390782	0.4892597695390782	11.29	0.0	295.0	291.3	637.43	-32.33	0	1
PROTOTYPE	021510	04/16/18	02:45:44	0.4892597695390782	0.4892597695390782	11.27	0.0	3.522670340681363	3.5001643912825657	61.45	60.26	0.4892597695390782	0.4892597695390782	11.27	0.0	289.0	290.96	557.59	47.52	0	1
PROTOTYPE	021511	04/16/18	02:45:45	0.4892597695390782	0.4892597695390782	11.26	0.0	3.522670340681363	3.5040784694388782	52.6	51.22	0.4892597695390782	0.4892597695390782	11.26	0.0	278.0	289.01	714.7	-109.61	0	1
PROTOTYPE	021512	04/16/18	02:45:47	0.4892597695390782	0.4892597695390782	11.23	0.0	3.522670340681363	3.5070140280561124	45.14	43.54	0.4892597695390782	0.4892597695390782	11.23	0.0	282.0	287.96	746.57	-288.17	0	1
PROTOTYPE	021513	04/16/18	02:45:48	0.4892597695390782	0.4892597695390782	11.23	0.0	3.522670340681363	3.5089710671342687	38.88	37.01	0.4892597695390782	0.4892597695390782	11.23	0.0	294.0	288.87	689.48	-49.94	0	1
PROTOTYPE	021514	04/16/18	02:45:50	0.4892597695390782	0.4892597695390782	11.23	0.0	3.522670340681363	3.510928106212425	33.63	31.46	0.4892597695390782	0.4892597695390782	11.23	0.0	292.0	289.34	700.95	32.55	0	1
PROTOTYPE	021515	04/16/18	02:45:51	0.4892597695390782	0.4892597695390782	11.19	0.0	3.522670340681363	3.5128851452905807	29.24	26.74	0.4892597695390782	0.4892597695390782	11.19	0.0	291.0	289.59	621.09	-47.33	0	1
PROTOTYPE	021516	04/16/18	02:45:52	0.4892597695390782	0.4892597695390782	11.18	0.0	3.424818386773547	3.4991858717434865	37.12	7.73	0.4892597695390782	0.4892597695390782	11.18	0.0	292.0	289.95	598.2	-70.23	0	1
PROTOTYPE	021517	04/16/18	02:45:54	0.4892597695390782	0.4892597695390782	11.23	0.0	3.522670340681363	3.5030999498997994	36.04	6.57	0.4892597695390782	0.4892597695390782	11.23	0.0	291.0	290.11	548.79	-119.7	0	1
PROTOTYPE	021518	04/16/18	02:45:55	0.4892597695390782	0.4892597695390782	11.25	0.0	3.522670340681363	3.506035508517034	35.13	5.58	0.4892597695390782	0.4892597695390782	11.25	0.0	298.0	291.29	632.62	33.26	0	1
PROTOTYPE	021519	04/16/18	02:45:57	0.4892597695390782	0.4892597695390782	11.28	0.0	3.522670340681363	3.5089710671342687	34.39	4.75	0.4892597695390782	0.4892597695390782	11.28	0.0	283.0	290.05	562.61	103.27	0	1
PROTOTYPE	021520	04/16/18	02:45:58	0.4892597695390782	0.4892597695390782	11.3	0.0	3.522670340681363	3.510928106212425	33.78	4.03	0.4892597695390782	0.4892597695390782	11.3	0.0	295.0	290.79	531.69	282.78	0	1
PROTOTYPE	021521	04/16/18	02:45:59	0.4892597695390782	0.4892597695390782	11.3	0.0	3.424818386773547	3.498207352204409	44.19	-11.57	0.4892597695390782	0.4892597695390782	11.3	0.0	297.0	291.72	534.27	285.36	0	1
PROTOTYPE	021522	04/16/18	02:46:01	0.4892597695390782	0.4892597695390782	11.31	0.0	3.522670340681363	3.5011429108216436	45.75	-9.84	0.4892597695390782	0.4892597695390782	11.31	0.0	293.0	291.91	506.5	257.56	0	1
PROTOTYPE	021523	04/16/18	02:46:02	0.4892597695390782	0.4892597695390782	11.34	0.0	3.522670340681363	3.5050569889779557	47.04	-8.36	0.4892597695390782	0.4892597695390782	11.34	0.0	298.0	292.83	572.84	323.92	0	1
PROTOTYPE	021524	04/16/18	02:46:04	0.4892597695390782	0.4892597695390782	11.35	0.0	3.522670340681363	3.5070140280561124	36.57	7.89	0.4892597695390782	0.4892597695390782	11.35	0.0	286.0	291.8	639.02	185.33	0	1
PROTOTYPE	021525	04/16/18	02:46:05	0.4892597695390782	0.4892597695390782	11.3	0.0	3.522670340681363	3.5099495866733466	35.49	6.71	0.4892597695390782	0.4892597695390782	11.3	0.0	277.0	289.58	845.23	-52.47	0	1
PROTOTYPE	021526	04/16/18	02:46:06	0.4892597695390782	0.4892597695390782	11.29	0.0	3.522670340681363	3.5119066257515033	34.61	5.7	0.4892597695390782	0.4892597695390782	11.29	0.0	294.0	290.24	793.11	-104.6	0	1
PROTOTYPE	021527	04/16/18	02:46:08	0.4892597695390782	0.4892597695390782	11.28	0.0	3.522670340681363	3.5128851452905807	33.89	4.85	0.4892597695390782	0.4892597695390782	11.28	0.0	285.0	289.46	747.42	-58.91	0	1
PROTOTYPE	021528	04/16/18	02:46:09	0.4892597695390782	0.4892597695390782	11.29	0.0	3.522670340681363	3.514842184368738	33.33	4.12	0.4892597695390782	0.4892597695390782	11.29	0.0	291.0	289.69	696.29	-110.07	0	1
PROTOTYPE	021529	04/16/18	02:46:11	0.4892597695390782	0.4892597695390782	11.29	0.0	3.522670340681363	3.5158207039078153	21.96	18.5	0.4892597695390782	0.4892597695390782	11.29	0.0	283.0	288.69	703.48	-303.56	0	1
PROTOTYPE	021530	04/16/18	02:46:12	0.4892597695390782	0.4892597695390782	11.28	0.0	3.522670340681363	3.5167992234468937	19.64	15.73	0.4892597695390782	0.4892597695390782	11.28	0.0	283.0	287.83	769.55	-408.03	0	1
PROTOTYPE	021531	04/16/18	02:46:14	0.4892597695390782	0.4892597695390782	11.26	0.0	3.522670340681363	3.5177777429859725	17.76	13.37	0.4892597695390782	0.4892597695390782	11.26	0.0	288.0	287.86	681.1	-496.82	0	1
PROTOTYPE	021532	04/16/18	02:46:15	0.4892597695390782	0.4892597695390782	11.26	0.0	3.522670340681363	3.51875626252505	16.26	11.36	0.4892597695390782	0.4892597695390782	11.26	0.0	289.0	288.03	595.89	-377.3	0	1
PROTOTYPE	021533	04/16/18	02:46:16	0.4892597695390782	0.4892597695390782	11.28	0.0	3.522670340681363	3.51875626252505	15.09	9.66	0.4892597695390782	0.4892597695390782	11.28	0.0	288.0	288.02	375.34	-155.7	0	1
PROTOTYPE	021534	04/16/18	02:46:18	0.4892597695390782	0.4892597695390782	11.29	0.0	3.522670340681363	3.5197347820641283	14.16	8.21	0.4892597695390782	0.4892597695390782	11.29	0.0	285.0	287.57	354.45	-267.35	0	1
PROTOTYPE	021535	04/16/18	02:46:19	0.4892597695390782	0.4892597695390782	11.29	0.0	3.522670340681363	3.5197347820641283	13.44	6.98	0.4892597695390782	0.4892597695390782	11.29	0.0	301.0	289.59	477.2	12.75	0	1
PROTOTYPE	021536	04/16/18	02:46:21	0.4892597695390782	0.4892597695390782	11.28	0.0	3.522670340681363	3.520713301603206	12.89	5.93	0.4892597695390782	0.4892597695390782	11.28	0.0	298.0	290.85	580.25	115.84	0	1
PROTOTYPE	021537	04/16/18	02:46:22	0.4892597695390782	0.4892597695390782	11.33	0.0	3.522670340681363	3.520713301603206	12.51	5.04	0.4892597695390782	0.4892597695390782	11.33	0.0	283.0	289.67	597.63	98.46	0	1
PROTOTYPE	021538	04/16/18	02:46:23	0.4892597695390782	0.4892597695390782	11.34	0.0	3.522670340681363	3.520713301603206	12.21	4.29	0.4892597695390782	0.4892597695390782	11.34	0.0	295.0	290.47	592.28	263.7	0	1
PROTOTYPE	021539	04/16/18	02:46:25	0.4892597695390782	0.4892597695390782	11.34	0.0	3.522670340681363	3.5216918211422845	11.98	3.64	0.4892597695390782	0.4892597695390782	11.34	0.0	299.0	291.75	717.37	389.14	0	1
PROTOTYPE	021540	04/16/18	02:46:26	0.4892597695390782	0.4892597695390782	11.34	0.0	3.522670340681363	3.5216918211422845	11.8	3.1	0.4892597695390782	0.4892597695390782	11.34	0.0	285.0	290.74	801.43	270.77	0	1
PROTOTYPE	021541	04/16/18	02:46:28	0.4892597695390782	0.4892597695390782	11.35	0.0	3.522670340681363	3.5216918211422845	11.69	2.63	0.4892597695390782	0.4892597695390782	11.35	0.0	287.0	290.18	856.02	215.15	0	1
PROTOTYPE	021542	04/16/18	02:46:29	0.4892597695390782	0.4892597695390782	11.35	0.0	3.522670340681363	3.5216918211422845	11.59	2.24	0.4892597695390782	0.4892597695390782	11.35	0.0	283.0	289.1	918.28	152.88	0	1
PROTOTYPE	021543	04/16/18	02:46:31	0.4892597695390782	0.4892597695390782	11.36	0.0	3.522670340681363	3.5216918211422845	11.54	1.9	0.4892597695390782	0.4892597695390782	11.36	0.0	297.0	290.29	835.35	69.95	0	1
PROTOTYPE	021544	04/16/18	02:46:32	0.4892597695390782	0.4892597695390782	11.37	0.0	3.522670340681363	3.5216918211422845	11.5	1.62	0.4892597695390782	0.4892597695390782	11.37	0.0	284.0	289.34	803.41	-150.54	0	1
PROTOTYPE	021545	04/16/18	02:46:33	0.4892597695390782	0.4892597695390782	11.32	0.0	3.424818386773547	3.5070140280561124	24.98	-13.63	0.4892597695390782	0.4892597695390782	11.32	0.0	283.0	288.39	780.83	-127.96	0	1
PROTOTYPE	021546	04/16/18	02:46:35	0.4892597695390782	0.4892597695390782	11.3	0.0	3.522670340681363	3.5099495866733466	26.25	-11.58	0.4892597695390782	0.4892597695390782	11.3	0.0	295.0	289.38	800.03	-108.77	0	1
PROTOTYPE	021547	04/16/18	02:46:36	0.4892597695390782	0.4892597695390782	11.33	0.0	3.522670340681363	3.5119066257515033	27.27	-9.84	0.4892597695390782	0.4892597695390782	11.33	0.0	289.0	289.32	677.98	-242.45	0	1
PROTOTYPE	021548	04/16/18	02:46:38	0.4892597695390782	0.4892597695390782	11.32	0.0	3.522670340681363	3.5128851452905807	28.03	-8.37	0.4892597695390782	0.4892597695390782	11.32	0.0	298.0	290.63	706.86	-11.08	0	1
PROTOTYPE	021549	04/16/18	02:46:39	0.4892597695390782	0.4892597695390782	11.3	0.0	3.522670340681363	3.514842184368738	28.6	-7.11	0.4892597695390782	0.4892597695390782	11.3	0.0	290.0	290.53	660.28	35.58	0	1
PROTOTYPE	021550	04/16/18	02:46:40	0.4892597695390782	0.4892597695390782	11.29	0.0	3.522670340681363	3.5158207039078153	29.04	-6.05	0.4892597695390782	0.4892597695390782	11.29	0.0	298.0	291.65	664.65	255.24	0	1
PROTOTYPE	021551	04/16/18	02:46:42	0.4892597695390782	0.4892597695390782	11.27	0.0	3.522670340681363	3.5167992234468937	29.35	-5.14	0.4892597695390782	0.4892597695390782	11.27	0.0	291.0	291.55	556.03	126.96	0	1
PROTOTYPE	021552	04/16/18	02:46:43	0.4892597695390782	0.4892597695390782	11.26	0.0	3.522670340681363	3.5177777429859725	29.59	-4.37	0.4892597695390782	0.4892597695390782	11.26	0.0	288.0	291.02	515.08	167.91	0	1
PROTOTYPE	021553	04/16/18	02:46:45	0.4892597695390782	0.4892597695390782	11.26	0.0	3.522670340681363	3.51875626252505	16.2	11.29	0.4892597695390782	0.4892597695390782	11.26	0.0	290.0	290.87	435.32	247.73	0	1
PROTOTYPE	021554	04/16/18	02:46:46	0.4892597695390782	0.4892597695390782	11.27	0.0	3.522670340681363	3.51875626252505	15.03	9.59	0.4892597695390782	0.4892597695390782	11.27	0.0	282.0	289.54	469.2	15.57	0	1
PROTOTYPE	021555	04/16/18	02:46:47	0.4892597695390782	0.4892597695390782	11.24	0.0	3.522670340681363	3.5197347820641283	14.09	8.15	0.4892597695390782	0.4892597695390782	11.24	0.0	290.0	289.61	470.37	28.23	0	1
PROTOTYPE	021556	04/16/18	02:46:49	0.4892597695390782	0.4892597695390782	11.25	0.0	3.522670340681363	3.5197347820641283	13.38	6.93	0.4892597695390782	0.4892597695390782	11.25	0.0	297.0	290.72	451.13	9.0	0	1
PROTOTYPE	021557	04/16/18	02:46:50	0.4892597695390782	0.4892597695390782	11.26	0.0	3.522670340681363	3.520713301603206	12.85	5.89	0.4892597695390782	0.4892597695390782	11.26	0.0	298.0	291.81	550.9	127.65	0	1
PROTOTYPE	021558	04/16/18	02:46:52	0.4892597695390782	0.4892597695390782	11.26	0.0	3.522670340681363	3.520713301603206	12.43	5.01	0.4892597695390782	0.4892597695390782	11.26	0.0	286.0	290.94	526.02	-71.5	0	1
PROTOTYPE	021559	04/16/18	02:46:53	0.4892597695390782	0.4892597695390782	11.26	0.0	3.522670340681363	3.520713301603206	12.12	4.26	0.4892597695390782	0.4892597695390782	11.26	0.0	281.0	289.45	665.2	-210.77	0	1
PROTOTYPE	021560	04/16/18	02:46:54	0.4892597695390782	0.4892597695390782	11.28	0.0	3.522670340681363	3.5216918211422845	11.91	3.62	0.4892597695390782	0.4892597695390782	11.28	0.0	290.0	289.53	620.28	-149.16	0	1
PROTOTYPE	021561	04/16/18	02:46:56	0.4892597695390782	0.4892597695390782	11.28	0.0	3.522670340681363	3.5216918211422845	11.74	3.08	0.4892597695390782	0.4892597695390782	11.28	0.0	274.0	287.2	837.85	-366.78	0	1
PROTOTYPE	021562	04/16/18	02:46:57	0.4892597695390782	0.4892597695390782	11.27	0.0	3.522670340681363	3.5216918211422845	11.6	2.61	0.4892597695390782	0.4892597695390782	11.27	0.0	291.0	287.77	761.83	-176.77	0	1
PROTOTYPE	021563	04/16/18	02:46:59	0.4892597695390782	0.4892597695390782	11.28	0.0	3.522670340681363	3.5216918211422845	11.52	2.22	0.4892597695390782	0.4892597695390782	11.28	0.0	291.0	288.25	803.23	-135.25	0	1
PROTOTYPE	021564	04/16/18	02:47:00	0.4892597695390782	0.4892597695390782	11.27	0.0	3.522670340681363	3.5216918211422845	11.45	1.89	0.4892597695390782	0.4892597695390782	11.27	0.0	282.0	287.32	786.16	-339.96	0	1
PROTOTYPE	021565	04/16/18	02:47:02	0.4892597695390782	0.4892597695390782	11.26	0.0	3.522670340681363	3.5216918211422845	11.39	1.61	0.4892597695390782	0.4892597695390782	11.26	0.0	299.0	289.07	852.15	-273.97	0	1
PROTOTYPE	021566	04/16/18	02:47:03	0.4892597695390782	0.4892597695390782	11.26	0.0	3.522670340681363	3.5216918211422845	11.35	1.36	0.4892597695390782	0.4892597695390782	11.26	0.0	290.0	289.21	779.04	-172.87	0	1
