Dev_id	Index	Date	Time	Sensor1	Sensor1_Filter	Sensor1_LL	Sensor1_Diff	Sensor2	Sensor2_Filter	Sensor2_LL	Sensor2_Diff	Sensor3	Sensor3_Filter	Sensor3_LL	Sensor3_Diff	Sensor4	Sensor4_Filter	Sensor4_LL	Sensor4_Diff	Heater_Status	FSM_Status
PROTOTYPE	025767	04/16/18	04:25:47	0.4892597695390782	0.4892597695390782	11.2	0.0	3.424818386773547	3.4277539453907817	14.25	-8.47	0.4892597695390782	0.4892597695390782	11.2	0.0	301.0	292.55	790.92	55.16	0	1
PROTOTYPE	025768	04/16/18	04:25:48	0.4892597695390782	0.4892597695390782	11.23	0.0	3.424818386773547	3.4277539453907817	13.51	-7.2	0.4892597695390782	0.4892597695390782	11.23	0.0	297.0	293.22	842.49	136.89	0	1
PROTOTYPE	025769	04/16/18	04:25:50	0.4892597695390782	0.4892597695390782	11.23	0.0	3.424818386773547	3.426775425851704	12.93	-6.12	0.4892597695390782	0.4892597695390782	11.23	0.0	290.0	292.74	753.62	-48.65	0	1
PROTOTYPE	025770	04/16/18	04:25:51	0.4892597695390782	0.4892597695390782	11.21	0.0	3.424818386773547	3.426775425851704	12.47	-5.2	0.4892597695390782	0.4892597695390782	11.21	0.0	295.0	293.08	694.19	78.65	0	1
PROTOTYPE	025771	04/16/18	04:25:52	0.4892597695390782	0.4892597695390782	11.2	0.0	3.424818386773547	3.426775425851704	12.13	-4.42	0.4892597695390782	0.4892597695390782	11.2	0.0	285.0	291.87	660.99	111.85	0	1
PROTOTYPE	025772	04/16/18	04:25:54	0.4892597695390782	0.4892597695390782	11.2	0.0	3.424818386773547	3.425796906312625	11.88	-3.76	0.4892597695390782	0.4892597695390782	11.2	0.0	295.0	292.34	621.79	245.08	0	1
PROTOTYPE	025773	04/16/18	04:25:55	0.4892597695390782	0.4892597695390782	11.22	0.0	3.424818386773547	3.425796906312625	11.72	-3.19	0.4892597695390782	0.4892597695390782	11.22	0.0	296.0	292.89	540.04	163.31	0	1
PROTOTYPE	025774	04/16/18	04:25:57	0.4892597695390782	0.4892597695390782	11.23	0.0	3.424818386773547	3.425796906312625	11.59	-2.71	0.4892597695390782	0.4892597695390782	11.23	0.0	284.0	291.55	654.5	48.82	0	1
PROTOTYPE	025775	04/16/18	04:25:58	0.4892597695390782	0.4892597695390782	11.23	0.0	3.424818386773547	3.425796906312625	11.49	-2.31	0.4892597695390782	0.4892597695390782	11.23	0.0	297.0	292.37	587.18	-18.51	0	1
PROTOTYPE	025776	04/16/18	04:25:59	0.4892597695390782	0.4892597695390782	11.21	0.0	3.424818386773547	3.425796906312625	11.4	-1.96	0.4892597695390782	0.4892597695390782	11.21	0.0	297.0	293.06	589.95	-15.73	0	1
PROTOTYPE	025777	04/16/18	04:26:01	0.4892597695390782	0.4892597695390782	11.22	0.0	3.424818386773547	3.425796906312625	11.36	-1.67	0.4892597695390782	0.4892597695390782	11.22	0.0	291.0	292.75	572.61	1.63	0	1
PROTOTYPE	025778	04/16/18	04:26:02	0.4892597695390782	0.4892597695390782	11.23	0.0	3.424818386773547	3.425796906312625	11.33	-1.42	0.4892597695390782	0.4892597695390782	11.23	0.0	282.0	291.14	699.98	-193.61	0	1
PROTOTYPE	025779	04/16/18	04:26:04	0.4892597695390782	0.4892597695390782	11.24	0.0	3.424818386773547	3.424818386773547	11.31	-1.2	0.4892597695390782	0.4892597695390782	11.24	0.0	288.0	290.67	625.95	-119.57	0	1
PROTOTYPE	025780	04/16/18	04:26:05	0.4892597695390782	0.4892597695390782	11.26	0.0	3.424818386773547	3.424818386773547	11.31	-1.02	0.4892597695390782	0.4892597695390782	11.26	0.0	289.0	290.42	604.02	-191.64	0	1
PROTOTYPE	025781	04/16/18	04:26:06	0.4892597695390782	0.4892597695390782	11.26	0.0	3.424818386773547	3.424818386773547	11.3	-0.87	0.4892597695390782	0.4892597695390782	11.26	0.0	294.0	290.96	602.77	-192.89	0	1
PROTOTYPE	025782	04/16/18	04:26:08	0.4892597695390782	0.4892597695390782	11.27	0.0	3.424818386773547	3.424818386773547	11.3	-0.74	0.4892597695390782	0.4892597695390782	11.27	0.0	275.0	288.56	708.83	-298.96	0	1
PROTOTYPE	025783	04/16/18	04:26:09	0.4892597695390782	0.4892597695390782	11.28	0.0	3.424818386773547	3.424818386773547	11.3	-0.63	0.4892597695390782	0.4892597695390782	11.28	0.0	282.0	287.58	725.57	-479.11	0	1
PROTOTYPE	025784	04/16/18	04:26:11	0.4892597695390782	0.4892597695390782	11.29	0.0	3.424818386773547	3.424818386773547	11.3	-0.53	0.4892597695390782	0.4892597695390782	11.29	0.0	294.0	288.54	752.43	-452.25	0	1
PROTOTYPE	025785	04/16/18	04:26:12	0.4892597695390782	0.4892597695390782	11.31	0.0	3.424818386773547	3.424818386773547	11.32	-0.45	0.4892597695390782	0.4892597695390782	11.31	0.0	294.0	289.36	803.32	-339.41	0	1
PROTOTYPE	025786	04/16/18	04:26:13	0.4892597695390782	0.4892597695390782	11.31	0.0	3.424818386773547	3.424818386773547	11.32	-0.39	0.4892597695390782	0.4892597695390782	11.31	0.0	295.0	290.21	726.59	-93.5	0	1
PROTOTYPE	025787	04/16/18	04:26:15	0.4892597695390782	0.4892597695390782	11.32	0.0	3.424818386773547	3.424818386773547	11.32	-0.33	0.4892597695390782	0.4892597695390782	11.32	0.0	290.0	290.18	682.85	-49.47	0	1
PROTOTYPE	025788	04/16/18	04:26:16	0.4892597695390782	0.4892597695390782	11.33	0.0	3.424818386773547	3.424818386773547	11.33	-0.28	0.4892597695390782	0.4892597695390782	11.33	0.0	282.0	288.95	780.4	-147.05	0	1
PROTOTYPE	025789	04/16/18	04:26:18	0.4892597695390782	0.4892597695390782	11.34	0.0	3.424818386773547	3.424818386773547	11.34	-0.24	0.4892597695390782	0.4892597695390782	11.34	0.0	291.0	289.26	757.47	-169.99	0	1
PROTOTYPE	025790	04/16/18	04:26:19	0.4892597695390782	0.4892597695390782	11.32	0.0	3.424818386773547	3.424818386773547	11.32	-0.2	0.4892597695390782	0.4892597695390782	11.32	0.0	294.0	289.97	589.28	140.5	0	1
PROTOTYPE	025791	04/16/18	04:26:21	0.4892597695390782	0.4892597695390782	11.32	0.0	3.424818386773547	3.424818386773547	11.32	-0.17	0.4892597695390782	0.4892597695390782	11.32	0.0	294.0	290.57	551.31	299.43	0	1
PROTOTYPE	025792	04/16/18	04:26:22	0.4892597695390782	0.4892597695390782	11.31	0.0	3.424818386773547	3.424818386773547	11.31	-0.15	0.4892597695390782	0.4892597695390782	11.31	0.0	295.0	291.24	521.4	269.51	0	1
PROTOTYPE	025793	04/16/18	04:26:23	0.4892597695390782	0.4892597695390782	11.29	0.0	3.424818386773547	3.424818386773547	11.29	-0.12	0.4892597695390782	0.4892597695390782	11.29	0.0	294.0	291.65	480.98	229.09	0	1
PROTOTYPE	025794	04/16/18	04:26:25	0.4892597695390782	0.4892597695390782	11.31	0.0	3.424818386773547	3.424818386773547	11.31	-0.11	0.4892597695390782	0.4892597695390782	11.31	0.0	285.0	290.65	496.17	44.72	0	1
PROTOTYPE	025795	04/16/18	04:26:26	0.4892597695390782	0.4892597695390782	11.31	0.0	3.424818386773547	3.424818386773547	11.31	-0.09	0.4892597695390782	0.4892597695390782	11.31	0.0	299.0	291.91	617.96	173.02	0	1
PROTOTYPE	025796	04/16/18	04:26:28	0.4892597695390782	0.4892597695390782	11.29	0.0	3.424818386773547	3.424818386773547	11.29	-0.08	0.4892597695390782	0.4892597695390782	11.29	0.0	294.0	292.22	526.76	327.06	0	1
PROTOTYPE	025797	04/16/18	04:26:29	0.4892597695390782	0.4892597695390782	11.29	0.0	3.424818386773547	3.424818386773547	11.29	-0.06	0.4892597695390782	0.4892597695390782	11.29	0.0	277.0	289.94	724.27	68.0	0	1
PROTOTYPE	025798	04/16/18	04:26:30	0.4892597695390782	0.4892597695390782	11.28	0.0	3.424818386773547	3.424818386773547	11.28	-0.05	0.4892597695390782	0.4892597695390782	11.28	0.0	285.0	289.2	727.18	-77.2	0	1
PROTOTYPE	025799	04/16/18	04:26:32	0.4892597695390782	0.4892597695390782	11.28	0.0	3.424818386773547	3.424818386773547	11.28	-0.05	0.4892597695390782	0.4892597695390782	11.28	0.0	286.0	288.72	714.65	-185.62	0	1
PROTOTYPE	025800	04/16/18	04:26:33	0.4892597695390782	0.4892597695390782	11.29	0.0	3.424818386773547	3.424818386773547	11.29	-0.04	0.4892597695390782	0.4892597695390782	11.29	0.0	291.0	289.06	682.51	-217.77	0	1
PROTOTYPE	025801	04/16/18	04:26:35	0.4892597695390782	0.4892597695390782	11.29	0.0	3.424818386773547	3.424818386773547	11.29	-0.03	0.4892597695390782	0.4892597695390782	11.29	0.0	281.0	287.85	761.94	-380.11	0	1
PROTOTYPE	025802	04/16/18	04:26:36	0.4892597695390782	0.4892597695390782	11.28	0.0	3.424818386773547	3.424818386773547	11.28	-0.03	0.4892597695390782	0.4892597695390782	11.28	0.0	292.0	288.47	724.41	-218.09	0	1
PROTOTYPE	025803	04/16/18	04:26:37	0.4892597695390782	0.4892597695390782	11.26	0.0	3.424818386773547	3.424818386773547	11.26	-0.02	0.4892597695390782	0.4892597695390782	11.26	0.0	281.0	287.35	711.32	-455.38	0	1
PROTOTYPE	025804	04/16/18	04:26:39	0.4892597695390782	0.4892597695390782	11.26	0.0	3.424818386773547	3.424818386773547	11.26	-0.02	0.4892597695390782	0.4892597695390782	11.26	0.0	284.0	286.85	730.17	-537.07	0	1
PROTOTYPE	025805	04/16/18	04:26:40	0.4892597695390782	0.4892597695390782	11.23	0.0	3.424818386773547	3.424818386773547	11.23	-0.02	0.4892597695390782	0.4892597695390782	11.23	0.0	292.0	287.62	579.14	-231.51	0	1
PROTOTYPE	025806	04/16/18	04:26:42	0.4892597695390782	0.4892597695390782	11.25	0.0	3.424818386773547	3.424818386773547	11.25	-0.01	0.4892597695390782	0.4892597695390782	11.25	0.0	289.0	287.83	525.8	-136.78	0	1
PROTOTYPE	025807	04/16/18	04:26:43	0.4892597695390782	0.4892597695390782	11.26	0.0	3.424818386773547	3.424818386773547	11.26	-0.01	0.4892597695390782	0.4892597695390782	11.26	0.0	292.0	288.45	540.42	-26.27	0	1
PROTOTYPE	025808	04/16/18	04:26:44	0.4892597695390782	0.4892597695390782	11.25	0.0	3.424818386773547	3.424818386773547	11.25	-0.01	0.4892597695390782	0.4892597695390782	11.25	0.0	291.0	288.84	544.36	-22.33	0	1
PROTOTYPE	025809	04/16/18	04:26:46	0.4892597695390782	0.4892597695390782	11.26	0.0	3.424818386773547	3.424818386773547	11.26	-0.01	0.4892597695390782	0.4892597695390782	11.26	0.0	286.0	288.41	466.02	56.02	0	1
PROTOTYPE	025810	04/16/18	04:26:47	0.4892597695390782	0.4892597695390782	11.27	0.0	3.424818386773547	3.424818386773547	11.27	-0.01	0.4892597695390782	0.4892597695390782	11.27	0.0	297.0	289.7	532.61	122.62	0	1
PROTOTYPE	025811	04/16/18	04:26:49	0.4892597695390782	0.4892597695390782	11.27	0.0	3.424818386773547	3.424818386773547	11.27	-0.01	0.4892597695390782	0.4892597695390782	11.27	0.0	291.0	289.89	440.07	254.23	0	1
PROTOTYPE	025812	04/16/18	04:26:50	0.4892597695390782	0.4892597695390782	11.28	0.0	3.424818386773547	3.424818386773547	11.28	-0.01	0.4892597695390782	0.4892597695390782	11.28	0.0	268.0	286.61	718.19	-23.91	0	1
PROTOTYPE	025813	04/16/18	04:26:52	0.4892597695390782	0.4892597695390782	11.29	0.0	3.424818386773547	3.424818386773547	11.29	-0.0	0.4892597695390782	0.4892597695390782	11.29	0.0	288.0	286.82	661.81	-80.32	0	1
PROTOTYPE	025814	04/16/18	04:26:53	0.4892597695390782	0.4892597695390782	11.29	0.0	3.424818386773547	3.424818386773547	11.29	-0.0	0.4892597695390782	0.4892597695390782	11.29	0.0	297.0	288.35	793.82	51.73	0	1
PROTOTYPE	025815	04/16/18	04:26:54	0.4892597695390782	0.4892597695390782	11.28	0.0	3.424818386773547	3.424818386773547	11.28	-0.0	0.4892597695390782	0.4892597695390782	11.28	0.0	293.0	289.04	801.06	58.97	0	1
PROTOTYPE	025816	04/16/18	04:26:56	0.4892597695390782	0.4892597695390782	11.28	0.0	3.424818386773547	3.424818386773547	11.28	-0.0	0.4892597695390782	0.4892597695390782	11.28	0.0	298.0	290.39	897.19	155.12	0	1
PROTOTYPE	025817	04/16/18	04:26:57	0.4892597695390782	0.4892597695390782	11.32	0.0	3.424818386773547	3.424818386773547	11.32	-0.0	0.4892597695390782	0.4892597695390782	11.32	0.0	273.0	287.78	1115.44	-63.15	0	1
PROTOTYPE	025818	04/16/18	04:26:59	0.4892597695390782	0.4892597695390782	11.29	0.0	3.424818386773547	3.424818386773547	11.29	-0.0	0.4892597695390782	0.4892597695390782	11.29	0.0	291.0	288.26	1034.93	-143.67	0	1
PROTOTYPE	025819	04/16/18	04:27:00	0.4892597695390782	0.4892597695390782	11.32	0.0	3.424818386773547	3.424818386773547	11.32	-0.0	0.4892597695390782	0.4892597695390782	11.32	0.0	287.0	288.07	1034.35	-182.12	0	1
PROTOTYPE	025820	04/16/18	04:27:01	0.4892597695390782	0.4892597695390782	11.32	0.0	3.424818386773547	3.424818386773547	11.32	-0.0	0.4892597695390782	0.4892597695390782	11.32	0.0	292.0	288.66	764.86	205.2	0	1
PROTOTYPE	025821	04/16/18	04:27:03	0.4892597695390782	0.4892597695390782	11.31	0.0	3.424818386773547	3.424818386773547	11.31	-0.0	0.4892597695390782	0.4892597695390782	11.31	0.0	288.0	288.56	753.99	174.42	0	1
PROTOTYPE	025822	04/16/18	04:27:04	0.4892597695390782	0.4892597695390782	11.32	0.0	3.424818386773547	3.424818386773547	11.32	-0.0	0.4892597695390782	0.4892597695390782	11.32	0.0	300.0	290.28	772.83	193.25	0	1
PROTOTYPE	025823	04/16/18	04:27:06	0.4892597695390782	0.4892597695390782	11.32	0.0	3.424818386773547	3.424818386773547	11.32	-0.0	0.4892597695390782	0.4892597695390782	11.32	0.0	283.0	289.19	812.18	14.27	0	1
PROTOTYPE	025824	04/16/18	04:27:07	0.4892597695390782	0.4892597695390782	11.34	0.0	3.424818386773547	3.424818386773547	11.34	-0.0	0.4892597695390782	0.4892597695390782	11.34	0.0	294.0	289.91	750.05	-47.87	0	1
PROTOTYPE	025825	04/16/18	04:27:09	0.4892597695390782	0.4892597695390782	11.31	0.0	3.424818386773547	3.424818386773547	11.31	-0.0	0.4892597695390782	0.4892597695390782	11.31	0.0	294.0	290.52	550.62	274.31	0	1
PROTOTYPE	025826	04/16/18	04:27:10	0.4892597695390782	0.4892597695390782	11.33	0.0	3.424818386773547	3.424818386773547	11.33	-0.0	0.4892597695390782	0.4892597695390782	11.33	0.0	292.0	290.74	524.5	248.16	0	1
PROTOTYPE	025827	04/16/18	04:27:11	0.4892597695390782	0.4892597695390782	11.32	0.0	3.424818386773547	3.424818386773547	11.32	-0.0	0.4892597695390782	0.4892597695390782	11.32	0.0	289.0	290.48	531.71	240.94	0	1
PROTOTYPE	025828	04/16/18	04:27:13	0.4892597695390782	0.4892597695390782	11.31	0.0	3.424818386773547	3.424818386773547	11.31	-0.0	0.4892597695390782	0.4892597695390782	11.31	0.0	297.0	291.46	570.56	279.8	0	1
PROTOTYPE	025829	04/16/18	04:27:14	0.4892597695390782	0.4892597695390782	11.33	0.0	3.424818386773547	3.424818386773547	11.33	-0.0	0.4892597695390782	0.4892597695390782	11.33	0.0	288.0	290.94	612.45	237.83	0	1
PROTOTYPE	025830	04/16/18	04:27:16	0.4892597695390782	0.4892597695390782	11.31	0.0	3.424818386773547	3.424818386773547	11.31	-0.0	0.4892597695390782	0.4892597695390782	11.31	0.0	296.0	291.7	516.79	142.15	0	1
PROTOTYPE	025831	04/16/18	04:27:17	0.4892597695390782	0.4892597695390782	11.31	0.0	3.424818386773547	3.424818386773547	11.31	-0.0	0.4892597695390782	0.4892597695390782	11.31	0.0	290.0	291.44	433.14	225.83	0	1
PROTOTYPE	025832	04/16/18	04:27:18	0.4892597695390782	0.4892597695390782	11.3	0.0	3.424818386773547	3.424818386773547	11.3	-0.0	0.4892597695390782	0.4892597695390782	11.3	0.0	287.0	290.78	427.61	86.96	0	1
PROTOTYPE	025833	04/16/18	04:27:20	0.4892597695390782	0.4892597695390782	11.28	0.0	3.424818386773547	3.424818386773547	11.28	-0.0	0.4892597695390782	0.4892597695390782	11.28	0.0	295.0	291.41	429.57	88.91	0	1
PROTOTYPE	025834	04/16/18	04:27:21	0.4892597695390782	0.4892597695390782	11.26	0.0	3.424818386773547	3.424818386773547	11.26	-0.0	0.4892597695390782	0.4892597695390782	11.26	0.0	296.0	292.1	476.2	135.58	0	1
PROTOTYPE	025835	04/16/18	04:27:23	0.4892597695390782	0.4892597695390782	11.23	0.0	3.424818386773547	3.424818386773547	11.23	-0.0	0.4892597695390782	0.4892597695390782	11.23	0.0	297.0	292.83	523.52	235.24	0	1
PROTOTYPE	025836	04/16/18	04:27:24	0.4892597695390782	0.4892597695390782	11.23	0.0	3.424818386773547	3.424818386773547	11.23	-0.0	0.4892597695390782	0.4892597695390782	11.23	0.0	288.0	292.11	498.28	64.95	0	1
PROTOTYPE	025837	04/16/18	04:27:25	0.4892597695390782	0.4892597695390782	11.25	0.0	3.424818386773547	3.424818386773547	11.25	-0.0	0.4892597695390782	0.4892597695390782	11.25	0.0	292.0	292.09	448.54	115.21	0	1
PROTOTYPE	025838	04/16/18	04:27:27	0.4892597695390782	0.4892597695390782	11.24	0.0	3.424818386773547	3.424818386773547	11.24	-0.0	0.4892597695390782	0.4892597695390782	11.24	0.0	285.0	291.03	479.05	-67.07	0	1
PROTOTYPE	025839	04/16/18	04:27:28	0.4892597695390782	0.4892597695390782	11.22	0.0	3.424818386773547	3.424818386773547	11.22	-0.0	0.4892597695390782	0.4892597695390782	11.22	0.0	293.0	291.32	483.11	-12.01	0	1
PROTOTYPE	025840	04/16/18	04:27:30	0.4892597695390782	0.4892597695390782	11.21	0.0	3.424818386773547	3.424818386773547	11.21	-0.0	0.4892597695390782	0.4892597695390782	11.21	0.0	289.0	290.98	451.32	19.79	0	1
PROTOTYPE	025841	04/16/18	04:27:31	0.4892597695390782	0.4892597695390782	11.2	0.0	3.424818386773547	3.424818386773547	11.2	-0.0	0.4892597695390782	0.4892597695390782	11.2	0.0	286.0	290.23	462.63	-118.18	0	1
PROTOTYPE	025842	04/16/18	04:27:32	0.4892597695390782	0.4892597695390782	11.2	0.0	3.424818386773547	3.424818386773547	11.2	-0.0	0.4892597695390782	0.4892597695390782	11.2	0.0	276.0	288.1	607.24	-400.45	0	1
PROTOTYPE	025843	04/16/18	04:27:34	0.4892597695390782	0.4892597695390782	11.21	0.0	3.424818386773547	3.424818386773547	11.21	-0.0	0.4892597695390782	0.4892597695390782	11.21	0.0	294.0	288.98	622.3	-385.38	0	1
PROTOTYPE	025844	04/16/18	04:27:35	0.4892597695390782	0.4892597695390782	11.24	0.0	3.424818386773547	3.424818386773547	11.24	-0.0	0.4892597695390782	0.4892597695390782	11.24	0.0	284.0	288.23	624.49	-387.58	0	1
PROTOTYPE	025845	04/16/18	04:27:37	0.4892597695390782	0.4892597695390782	11.23	0.0	3.424818386773547	3.424818386773547	11.23	-0.0	0.4892597695390782	0.4892597695390782	11.23	0.0	296.0	289.4	738.82	-269.44	0	1
PROTOTYPE	025846	04/16/18	04:27:38	0.4892597695390782	0.4892597695390782	11.25	0.0	3.424818386773547	3.424818386773547	11.25	-0.0	0.4892597695390782	0.4892597695390782	11.25	0.0	297.0	290.54	746.44	-49.02	0	1
PROTOTYPE	025847	04/16/18	04:27:40	0.4892597695390782	0.4892597695390782	11.28	0.0	3.424818386773547	3.424818386773547	11.28	-0.0	0.4892597695390782	0.4892597695390782	11.28	0.0	290.0	290.46	725.05	-86.67	0	1
PROTOTYPE	025848	04/16/18	04:27:41	0.4892597695390782	0.4892597695390782	11.28	0.0	3.424818386773547	3.424818386773547	11.28	-0.0	0.4892597695390782	0.4892597695390782	11.28	0.0	291.0	290.54	698.4	-43.67	0	1
PROTOTYPE	025849	04/16/18	04:27:42	0.4892597695390782	0.4892597695390782	11.28	0.0	3.424818386773547	3.424818386773547	11.28	-0.0	0.4892597695390782	0.4892597695390782	11.28	0.0	301.0	292.11	780.66	187.88	0	1
PROTOTYPE	025850	04/16/18	04:27:44	0.4892597695390782	0.4892597695390782	11.28	0.0	3.424818386773547	3.424818386773547	11.28	-0.0	0.4892597695390782	0.4892597695390782	11.28	0.0	296.0	292.69	625.6	459.7	0	1
PROTOTYPE	025851	04/16/18	04:27:45	0.4892597695390782	0.4892597695390782	11.28	0.0	3.522670340681363	3.4394961798597192	24.94	15.0	0.4892597695390782	0.4892597695390782	11.28	0.0	294.0	292.89	556.69	390.74	0	1
PROTOTYPE	025852	04/16/18	04:27:47	0.4892597695390782	0.4892597695390782	11.26	0.0	3.522670340681363	3.4522169338677355	36.34	27.75	0.4892597695390782	0.4892597695390782	11.26	0.0	295.0	293.21	513.66	497.13	0	1
PROTOTYPE	025853	04/16/18	04:27:48	0.4892597695390782	0.4892597695390782	11.25	0.0	3.424818386773547	3.448302855711423	39.31	23.59	0.4892597695390782	0.4892597695390782	11.25	0.0	287.0	292.27	490.25	287.56	0	1
PROTOTYPE	025854	04/16/18	04:27:49	0.4892597695390782	0.4892597695390782	11.24	0.0	3.424818386773547	3.4443887775551105	41.71	20.05	0.4892597695390782	0.4892597695390782	11.24	0.0	287.0	291.48	455.35	94.43	0	1
PROTOTYPE	025855	04/16/18	04:27:51	0.4892597695390782	0.4892597695390782	11.25	0.0	3.424818386773547	3.441453218937876	43.62	17.04	0.4892597695390782	0.4892597695390782	11.25	0.0	292.0	291.56	455.03	110.26	0	1
PROTOTYPE	025856	04/16/18	04:27:52	0.4892597695390782	0.4892597695390782	11.28	0.0	3.424818386773547	3.4385176603206413	45.15	14.49	0.4892597695390782	0.4892597695390782	11.28	0.0	278.0	289.53	650.19	-101.28	0	1
PROTOTYPE	025857	04/16/18	04:27:54	0.4892597695390782	0.4892597695390782	11.31	0.0	3.424818386773547	3.4365606212424846	46.35	12.31	0.4892597695390782	0.4892597695390782	11.31	0.0	291.0	289.75	515.42	-236.08	0	1
PROTOTYPE	025858	04/16/18	04:27:55	0.4892597695390782	0.4892597695390782	11.31	0.0	3.424818386773547	3.434603582164329	47.27	10.47	0.4892597695390782	0.4892597695390782	11.31	0.0	289.0	289.64	468.33	-305.67	0	1
PROTOTYPE	025859	04/16/18	04:27:56	0.4892597695390782	0.4892597695390782	11.31	0.0	3.424818386773547	3.433625062625251	34.31	-6.1	0.4892597695390782	0.4892597695390782	11.31	0.0	289.0	289.54	458.3	-334.82	0	1
PROTOTYPE	025860	04/16/18	04:27:58	0.4892597695390782	0.4892597695390782	11.3	0.0	3.424818386773547	3.432646543086172	23.41	-20.19	0.4892597695390782	0.4892597695390782	11.3	0.0	293.0	290.06	478.51	-314.6	0	1
PROTOTYPE	025861	04/16/18	04:27:59	0.4892597695390782	0.4892597695390782	11.29	0.0	3.424818386773547	3.4306895040080163	20.82	-17.16	0.4892597695390782	0.4892597695390782	11.29	0.0	284.0	289.15	476.32	-312.41	0	1
PROTOTYPE	025862	04/16/18	04:28:01	0.4892597695390782	0.4892597695390782	11.31	0.0	3.424818386773547	3.4297109844689375	18.73	-14.59	0.4892597695390782	0.4892597695390782	11.31	0.0	294.0	289.88	469.96	-160.55	0	1
PROTOTYPE	025863	04/16/18	04:28:02	0.4892597695390782	0.4892597695390782	11.29	0.0	3.424818386773547	3.4297109844689375	17.03	-12.4	0.4892597695390782	0.4892597695390782	11.29	0.0	298.0	291.1	583.91	-46.46	0	1
PROTOTYPE	025864	04/16/18	04:28:03	0.4892597695390782	0.4892597695390782	11.27	0.0	3.424818386773547	3.4287324649298596	15.68	-10.54	0.4892597695390782	0.4892597695390782	11.27	0.0	287.0	290.48	441.96	95.5	0	1
PROTOTYPE	025865	04/16/18	04:28:05	0.4892597695390782	0.4892597695390782	11.25	0.0	3.424818386773547	3.4277539453907817	14.61	-8.96	0.4892597695390782	0.4892597695390782	11.25	0.0	299.0	291.76	547.59	201.18	0	1
PROTOTYPE	025866	04/16/18	04:28:06	0.4892597695390782	0.4892597695390782	11.28	0.0	3.424818386773547	3.4277539453907817	13.8	-7.61	0.4892597695390782	0.4892597695390782	11.28	0.0	283.0	290.45	667.69	81.0	0	1
PROTOTYPE	025867	04/16/18	04:28:08	0.4892597695390782	0.4892597695390782	11.3	0.0	3.424818386773547	3.426775425851704	13.18	-6.47	0.4892597695390782	0.4892597695390782	11.3	0.0	291.0	290.53	666.49	98.85	0	1
PROTOTYPE	025868	04/16/18	04:28:09	0.4892597695390782	0.4892597695390782	11.29	0.0	3.424818386773547	3.426775425851704	12.68	-5.5	0.4892597695390782	0.4892597695390782	11.29	0.0	287.0	290.0	667.53	-5.98	0	1
PROTOTYPE	025869	04/16/18	04:28:11	0.4892597695390782	0.4892597695390782	11.29	0.0	3.424818386773547	3.426775425851704	12.32	-4.68	0.4892597695390782	0.4892597695390782	11.29	0.0	301.0	291.65	741.64	249.92	0	1
PROTOTYPE	025870	04/16/18	04:28:12	0.5871117234468938	0.5039375626252506	24.93	15.0	3.424818386773547	3.425796906312625	12.03	-3.97	0.4892597695390782	0.4892597695390782	11.28	0.0	288.0	291.1	723.64	122.43	0	1
PROTOTYPE	025871	04/16/18	04:28:13	0.4892597695390782	0.5019805235470942	26.18	12.75	3.424818386773547	3.425796906312625	11.84	-3.38	0.4892597695390782	0.4892597695390782	11.29	0.0	293.0	291.39	630.31	29.07	0	1
PROTOTYPE	025872	04/16/18	04:28:15	0.4892597695390782	0.5000234844689379	27.15	10.84	3.424818386773547	3.425796906312625	11.7	-2.87	0.4892597695390782	0.4892597695390782	11.3	0.0	296.0	292.08	638.06	159.71	0	1
PROTOTYPE	025873	04/16/18	04:28:16	0.4892597695390782	0.4980664453907815	27.9	9.21	3.424818386773547	3.425796906312625	11.59	-2.44	0.4892597695390782	0.4892597695390782	11.3	0.0	285.0	291.02	616.47	-74.25	0	1
PROTOTYPE	025874	04/16/18	04:28:18	0.4892597695390782	0.4970879258517034	28.44	7.83	3.522670340681363	3.440474699398797	25.01	12.93	0.4892597695390782	0.4892597695390782	11.28	0.0	285.0	290.11	575.34	-33.11	0	1
PROTOTYPE	025875	04/16/18	04:28:19	0.4892597695390782	0.49610940631262535	28.84	6.66	3.424818386773547	3.4375391407815634	26.27	10.99	0.4892597695390782	0.4892597695390782	11.25	0.0	293.0	290.55	610.2	1.86	0	1
PROTOTYPE	025876	04/16/18	04:28:20	0.4892597695390782	0.49513088677354705	29.17	5.66	3.424818386773547	3.4355821017034067	27.29	9.34	0.4892597695390782	0.4892597695390782	11.26	0.0	292.0	290.77	579.09	76.58	0	1
PROTOTYPE	025877	04/16/18	04:28:22	0.4892597695390782	0.4941523672344689	29.42	4.81	3.424818386773547	3.434603582164329	28.07	7.94	0.4892597695390782	0.4892597695390782	11.27	0.0	290.0	290.65	425.64	-99.91	0	1
PROTOTYPE	025878	04/16/18	04:28:23	0.4892597695390782	0.49317384769539074	15.95	-10.91	3.424818386773547	3.432646543086172	28.67	6.75	0.4892597695390782	0.4892597695390782	11.28	0.0	277.0	288.6	575.64	-249.92	0	1
PROTOTYPE	025879	04/16/18	04:28:25	0.4892597695390782	0.4921953281563127	14.82	-9.28	3.424818386773547	3.431668023547094	29.1	5.74	0.4892597695390782	0.4892597695390782	11.27	0.0	280.0	287.31	676.19	-407.43	0	1
PROTOTYPE	025880	04/16/18	04:28:26	0.4892597695390782	0.4921953281563127	13.93	-7.88	3.424818386773547	3.4306895040080163	29.42	4.87	0.4892597695390782	0.4892597695390782	11.25	0.0	287.0	287.27	611.86	-481.32	0	1
PROTOTYPE	025881	04/16/18	04:28:27	0.4892597695390782	0.4921953281563127	13.27	-6.7	3.424818386773547	3.4297109844689375	29.68	4.14	0.4892597695390782	0.4892597695390782	11.26	0.0	288.0	287.38	516.78	-364.12	0	1
PROTOTYPE	025882	04/16/18	04:28:29	0.4892597695390782	0.4912168086172345	12.76	-5.7	3.424818386773547	3.4287324649298596	16.35	-11.48	0.4892597695390782	0.4892597695390782	11.27	0.0	290.0	287.77	465.91	-234.5	0	1
PROTOTYPE	025883	04/16/18	04:28:30	0.4892597695390782	0.4912168086172345	12.38	-4.84	3.424818386773547	3.4287324649298596	15.15	-9.76	0.4892597695390782	0.4892597695390782	11.28	0.0	295.0	288.85	531.07	-169.33	0	1
PROTOTYPE	025884	04/16/18	04:28:32	0.4892597695390782	0.4912168086172345	12.09	-4.12	3.424818386773547	3.4277539453907817	14.2	-8.29	0.4892597695390782	0.4892597695390782	11.28	0.0	295.0	289.78	601.43	-98.93	0	1
PROTOTYPE	025885	04/16/18	04:28:33	0.4892597695390782	0.49023828907815625	11.88	-3.5	3.424818386773547	3.4277539453907817	13.48	-7.05	0.4892597695390782	0.4892597695390782	11.29	0.0	285.0	289.06	661.52	-159.09	0	1
PROTOTYPE	025886	04/16/18	04:28:34	0.4892597695390782	0.49023828907815625	11.7	-2.97	3.424818386773547	3.426775425851704	12.9	-5.99	0.4892597695390782	0.4892597695390782	11.27	0.0	306.0	291.6	710.87	299.77	0	1
PROTOTYPE	025887	04/16/18	04:28:36	0.4892597695390782	0.49023828907815625	11.58	-2.53	3.424818386773547	3.426775425851704	12.48	-5.09	0.4892597695390782	0.4892597695390782	11.27	0.0	300.0	292.86	707.82	554.81	0	1
PROTOTYPE	025888	04/16/18	04:28:37	0.4892597695390782	0.49023828907815625	11.51	-2.15	3.424818386773547	3.426775425851704	12.17	-4.33	0.4892597695390782	0.4892597695390782	11.28	0.0	291.0	292.58	730.87	531.59	0	1
PROTOTYPE	025889	04/16/18	04:28:39	0.4892597695390782	0.49023828907815625	11.42	-1.83	3.424818386773547	3.425796906312625	11.91	-3.68	0.4892597695390782	0.4892597695390782	11.26	0.0	281.0	290.84	893.49	346.85	0	1
PROTOTYPE	025890	04/16/18	04:28:40	0.4892597695390782	0.49023828907815625	11.39	-1.55	3.424818386773547	3.425796906312625	11.75	-3.13	0.4892597695390782	0.4892597695390782	11.27	0.0	275.0	288.47	1091.77	69.82	0	1
PROTOTYPE	025891	04/16/18	04:28:42	0.4892597695390782	0.4892597695390782	11.36	-1.32	3.424818386773547	3.425796906312625	11.62	-2.66	0.4892597695390782	0.4892597695390782	11.27	0.0	290.0	288.7	1006.33	-15.65	0	1
PROTOTYPE	025892	04/16/18	04:28:43	0.4892597695390782	0.4892597695390782	11.34	-1.12	3.424818386773547	3.425796906312625	11.53	-2.26	0.4892597695390782	0.4892597695390782	11.28	0.0	290.0	288.89	933.72	-88.3	0	1
PROTOTYPE	025893	04/16/18	04:28:44	0.4892597695390782	0.4892597695390782	11.3	-0.95	3.424818386773547	3.425796906312625	11.44	-1.92	0.4892597695390782	0.4892597695390782	11.26	0.0	305.0	291.31	1103.68	224.94	0	1
PROTOTYPE	025894	04/16/18	04:28:46	0.4892597695390782	0.4892597695390782	11.31	-0.81	3.424818386773547	3.425796906312625	11.41	-1.63	0.4892597695390782	0.4892597695390782	11.28	0.0	293.0	291.56	874.97	-3.8	0	1
PROTOTYPE	025895	04/16/18	04:28:47	0.4892597695390782	0.4892597695390782	11.3	-0.69	3.424818386773547	3.425796906312625	11.37	-1.39	0.4892597695390782	0.4892597695390782	11.28	0.0	295.0	292.08	800.55	-78.23	0	1
PROTOTYPE	025896	04/16/18	04:28:49	0.4892597695390782	0.4892597695390782	11.3	-0.59	3.424818386773547	3.424818386773547	11.35	-1.18	0.4892597695390782	0.4892597695390782	11.28	0.0	287.0	291.32	848.8	-126.5	0	1
PROTOTYPE	025897	04/16/18	04:28:50	0.4892597695390782	0.4892597695390782	11.32	-0.5	3.424818386773547	3.424818386773547	11.36	-1.0	0.4892597695390782	0.4892597695390782	11.31	0.0	299.0	292.47	790.33	162.48	0	1
PROTOTYPE	025898	04/16/18	04:28:51	0.4892597695390782	0.4892597695390782	11.3	-0.42	3.424818386773547	3.424818386773547	11.32	-0.85	0.4892597695390782	0.4892597695390782	11.29	0.0	282.0	290.9	709.71	243.11	0	1
PROTOTYPE	025899	04/16/18	04:28:53	0.4892597695390782	0.4892597695390782	11.31	-0.36	3.424818386773547	3.424818386773547	11.33	-0.72	0.4892597695390782	0.4892597695390782	11.31	0.0	296.0	291.66	763.21	296.64	0	1
PROTOTYPE	025900	04/16/18	04:28:54	0.4892597695390782	0.4892597695390782	11.31	-0.31	3.424818386773547	3.424818386773547	11.33	-0.62	0.4892597695390782	0.4892597695390782	11.31	0.0	282.0	290.21	888.59	132.14	0	1
PROTOTYPE	025901	04/16/18	04:28:56	0.4892597695390782	0.4892597695390782	11.32	-0.26	3.424818386773547	3.424818386773547	11.33	-0.52	0.4892597695390782	0.4892597695390782	11.32	0.0	285.0	289.43	725.2	-187.68	0	1
PROTOTYPE	025902	04/16/18	04:28:57	0.4892597695390782	0.4892597695390782	11.33	-0.22	3.424818386773547	3.424818386773547	11.34	-0.44	0.4892597695390782	0.4892597695390782	11.33	0.0	285.0	288.77	766.29	-279.53	0	1
PROTOTYPE	025903	04/16/18	04:28:59	0.4892597695390782	0.4892597695390782	11.32	-0.19	3.424818386773547	3.424818386773547	11.33	-0.38	0.4892597695390782	0.4892597695390782	11.32	0.0	282.0	287.75	816.23	-432.6	0	1
PROTOTYPE	025904	04/16/18	04:29:00	0.4892597695390782	0.4892597695390782	11.32	-0.16	3.424818386773547	3.424818386773547	11.32	-0.32	0.4892597695390782	0.4892597695390782	11.32	0.0	290.0	288.09	773.79	-322.71	0	1
PROTOTYPE	025905	04/16/18	04:29:01	0.4892597695390782	0.4892597695390782	11.29	-0.14	3.424818386773547	3.424818386773547	11.29	-0.27	0.4892597695390782	0.4892597695390782	11.29	0.0	288.0	288.08	660.47	-439.3	0	1
PROTOTYPE	025906	04/16/18	04:29:03	0.4892597695390782	0.4892597695390782	11.3	-0.12	3.424818386773547	3.424818386773547	11.3	-0.23	0.4892597695390782	0.4892597695390782	11.3	0.0	293.0	288.81	577.3	-208.41	0	1
PROTOTYPE	025907	04/16/18	04:29:04	0.4892597695390782	0.4892597695390782	11.3	-0.1	3.424818386773547	3.424818386773547	11.3	-0.2	0.4892597695390782	0.4892597695390782	11.3	0.0	294.0	289.59	578.56	-207.14	0	1
PROTOTYPE	025908	04/16/18	04:29:06	0.4892597695390782	0.4892597695390782	11.29	-0.08	3.424818386773547	3.424818386773547	11.29	-0.17	0.4892597695390782	0.4892597695390782	11.29	0.0	287.0	289.2	472.51	-101.07	0	1
PROTOTYPE	025909	04/16/18	04:29:07	0.4892597695390782	0.4892597695390782	11.27	-0.07	3.424818386773547	3.424818386773547	11.27	-0.14	0.4892597695390782	0.4892597695390782	11.27	0.0	295.0	290.07	481.24	64.09	0	1
PROTOTYPE	025910	04/16/18	04:29:08	0.4892597695390782	0.4892597695390782	11.23	-0.06	3.424818386773547	3.424818386773547	11.23	-0.12	0.4892597695390782	0.4892597695390782	11.23	0.0	282.0	288.86	535.85	9.47	0	1
PROTOTYPE	025911	04/16/18	04:29:10	0.4892597695390782	0.4892597695390782	11.22	-0.05	3.424818386773547	3.424818386773547	11.22	-0.1	0.4892597695390782	0.4892597695390782	11.22	0.0	299.0	290.38	586.4	263.05	0	1
PROTOTYPE	025912	04/16/18	04:29:11	0.4892597695390782	0.4892597695390782	11.21	-0.04	3.424818386773547	3.424818386773547	11.21	-0.09	0.4892597695390782	0.4892597695390782	11.21	0.0	289.0	290.18	573.44	208.6	0	1
PROTOTYPE	025913	04/16/18	04:29:13	0.4892597695390782	0.4892597695390782	11.2	-0.04	3.424818386773547	3.424818386773547	11.2	-0.07	0.4892597695390782	0.4892597695390782	11.2	0.0	290.0	290.15	574.48	207.31	0	1
PROTOTYPE	025914	04/16/18	04:29:14	0.4892597695390782	0.4892597695390782	11.2	-0.03	3.424818386773547	3.424818386773547	11.2	-0.06	0.4892597695390782	0.4892597695390782	11.2	0.0	284.0	289.23	592.85	41.21	0	1
PROTOTYPE	025915	04/16/18	04:29:15	0.4892597695390782	0.4892597695390782	11.18	-0.03	3.424818386773547	3.424818386773547	11.18	-0.05	0.4892597695390782	0.4892597695390782	11.18	0.0	292.0	289.64	556.68	5.03	0	1
PROTOTYPE	025916	04/16/18	04:29:17	0.4892597695390782	0.4892597695390782	11.2	-0.02	3.424818386773547	3.424818386773547	11.2	-0.05	0.4892597695390782	0.4892597695390782	11.2	0.0	287.0	289.25	557.44	4.27	0	1
PROTOTYPE	025917	04/16/18	04:29:18	0.4892597695390782	0.4892597695390782	11.23	-0.02	3.424818386773547	3.424818386773547	11.23	-0.04	0.4892597695390782	0.4892597695390782	11.23	0.0	298.0	290.56	601.79	48.63	0	1
PROTOTYPE	025918	04/16/18	04:29:20	0.4892597695390782	0.4892597695390782	11.24	-0.02	3.424818386773547	3.424818386773547	11.24	-0.03	0.4892597695390782	0.4892597695390782	11.24	0.0	292.0	290.78	502.34	191.34	0	1
PROTOTYPE	025919	04/16/18	04:29:21	0.4892597695390782	0.4892597695390782	11.27	-0.01	3.424818386773547	3.424818386773547	11.27	-0.03	0.4892597695390782	0.4892597695390782	11.27	0.0	293.0	291.11	383.67	72.64	0	1
PROTOTYPE	025920	04/16/18	04:29:22	0.4892597695390782	0.4892597695390782	11.26	-0.01	3.424818386773547	3.424818386773547	11.26	-0.02	0.4892597695390782	0.4892597695390782	11.26	0.0	290.0	290.94	379.57	76.74	0	1
PROTOTYPE	025921	04/16/18	04:29:24	0.4892597695390782	0.4892597695390782	11.27	-0.01	3.424818386773547	3.424818386773547	11.27	-0.02	0.4892597695390782	0.4892597695390782	11.27	0.0	284.0	289.9	480.75	-24.77	0	1
PROTOTYPE	025922	04/16/18	04:29:25	0.4892597695390782	0.4892597695390782	11.26	-0.01	3.424818386773547	3.424818386773547	11.26	-0.02	0.4892597695390782	0.4892597695390782	11.26	0.0	290.0	289.92	390.54	68.95	0	1
PROTOTYPE	025923	04/16/18	04:29:27	0.4892597695390782	0.4892597695390782	11.26	-0.01	3.424818386773547	3.424818386773547	11.26	-0.01	0.4892597695390782	0.4892597695390782	11.26	0.0	294.0	290.53	410.19	88.6	0	1
PROTOTYPE	025924	04/16/18	04:29:28	0.4892597695390782	0.4892597695390782	11.25	-0.01	3.424818386773547	3.424818386773547	11.25	-0.01	0.4892597695390782	0.4892597695390782	11.25	0.0	294.0	291.05	422.61	180.31	0	1
PROTOTYPE	025925	04/16/18	04:29:29	0.4892597695390782	0.4892597695390782	11.25	-0.01	3.424818386773547	3.424818386773547	11.25	-0.01	0.4892597695390782	0.4892597695390782	11.25	0.0	292.0	291.19	305.63	63.27	0	1
PROTOTYPE	025926	04/16/18	04:29:31	0.4892597695390782	0.4892597695390782	11.25	-0.0	3.424818386773547	3.424818386773547	11.25	-0.01	0.4892597695390782	0.4892597695390782	11.25	0.0	298.0	292.21	386.1	143.78	0	1
PROTOTYPE	025927	04/16/18	04:29:32	0.4892597695390782	0.4892597695390782	11.27	-0.0	3.424818386773547	3.424818386773547	11.27	-0.01	0.4892597695390782	0.4892597695390782	11.27	0.0	289.0	291.73	400.92	62.21	0	1
PROTOTYPE	025928	04/16/18	04:29:34	0.4892597695390782	0.4892597695390782	11.28	-0.0	3.424818386773547	3.424818386773547	11.28	-0.01	0.4892597695390782	0.4892597695390782	11.28	0.0	295.0	292.22	433.28	127.88	0	1
PROTOTYPE	025929	04/16/18	04:29:35	0.4892597695390782	0.4892597695390782	11.28	-0.0	3.424818386773547	3.424818386773547	11.28	-0.01	0.4892597695390782	0.4892597695390782	11.28	0.0	298.0	293.09	415.82	318.7	0	1
PROTOTYPE	025930	04/16/18	04:29:37	0.4892597695390782	0.4892597695390782	11.29	-0.0	3.424818386773547	3.424818386773547	11.29	-0.0	0.4892597695390782	0.4892597695390782	11.29	0.0	298.0	293.83	487.47	390.89	0	1
PROTOTYPE	025931	04/16/18	04:29:38	0.4892597695390782	0.4892597695390782	11.29	-0.0	3.424818386773547	3.424818386773547	11.29	-0.0	0.4892597695390782	0.4892597695390782	11.29	0.0	299.0	294.6	503.83	407.26	0	1
PROTOTYPE	025932	04/16/18	04:29:39	0.4892597695390782	0.4892597695390782	11.3	-0.0	3.424818386773547	3.424818386773547	11.3	-0.0	0.4892597695390782	0.4892597695390782	11.3	0.0	293.0	294.36	475.81	331.17	0	1
PROTOTYPE	025933	04/16/18	04:29:41	0.4892597695390782	0.4892597695390782	11.29	-0.0	3.424818386773547	3.424818386773547	11.29	-0.0	0.4892597695390782	0.4892597695390782	11.29	0.0	292.0	294.01	496.92	281.49	0	1
PROTOTYPE	025934	04/16/18	04:29:42	0.4892597695390782	0.4892597695390782	11.3	-0.0	3.424818386773547	3.424818386773547	11.3	-0.0	0.4892597695390782	0.4892597695390782	11.3	0.0	293.0	293.86	409.96	164.27	0	1
PROTOTYPE	025935	04/16/18	04:29:44	0.4892597695390782	0.4892597695390782	11.26	-0.0	3.522670340681363	3.4394961798597192	24.92	15.0	0.4892597695390782	0.4892597695390782	11.26	0.0	289.0	293.13	434.59	139.63	0	1
PROTOTYPE	025936	04/16/18	04:29:45	0.4892597695390782	0.4892597695390782	11.26	-0.0	3.424818386773547	3.4375391407815634	26.17	12.75	0.4892597695390782	0.4892597695390782	11.26	0.0	298.0	293.86	458.64	163.69	0	1
PROTOTYPE	025937	04/16/18	04:29:46	0.4892597695390782	0.4892597695390782	11.28	-0.0	3.424818386773547	3.4355821017034067	27.15	10.84	0.4892597695390782	0.4892597695390782	11.28	0.0	297.0	294.33	419.1	124.13	0	1
PROTOTYPE	025938	04/16/18	04:29:48	0.4892597695390782	0.4892597695390782	11.28	-0.0	3.424818386773547	3.433625062625251	27.9	9.21	0.4892597695390782	0.4892597695390782	11.28	0.0	296.0	294.58	370.51	75.51	0	1
PROTOTYPE	025939	04/16/18	04:29:49	0.4892597695390782	0.4892597695390782	11.29	-0.0	3.424818386773547	3.432646543086172	28.47	7.83	0.4892597695390782	0.4892597695390782	11.29	0.0	297.0	294.94	329.19	34.19	0	1
PROTOTYPE	025940	04/16/18	04:29:51	0.4892597695390782	0.4892597695390782	11.28	-0.0	3.424818386773547	3.431668023547094	28.88	6.65	0.4892597695390782	0.4892597695390782	11.28	0.0	274.0	291.8	619.28	-255.94	0	1
PROTOTYPE	025941	04/16/18	04:29:52	0.4892597695390782	0.4892597695390782	11.27	-0.0	3.424818386773547	3.4306895040080163	29.19	5.66	0.4892597695390782	0.4892597695390782	11.27	0.0	295.0	292.28	631.83	-172.55	0	1
PROTOTYPE	025942	04/16/18	04:29:53	0.4892597695390782	0.4892597695390782	11.27	-0.0	3.424818386773547	3.4297109844689375	29.43	4.81	0.4892597695390782	0.4892597695390782	11.27	0.0	292.0	292.24	621.11	-161.67	0	1
PROTOTYPE	025943	04/16/18	04:29:55	0.4892597695390782	0.4892597695390782	11.29	-0.0	3.424818386773547	3.4287324649298596	15.96	-10.91	0.4892597695390782	0.4892597695390782	11.29	0.0	293.0	292.35	559.76	-77.42	0	1
PROTOTYPE	025944	04/16/18	04:29:56	0.4892597695390782	0.4892597695390782	11.29	-0.0	3.424818386773547	3.4277539453907817	14.84	-9.28	0.4892597695390782	0.4892597695390782	11.29	0.0	274.0	289.6	761.97	-425.81	0	1
PROTOTYPE	025945	04/16/18	04:29:58	0.4892597695390782	0.4892597695390782	11.26	-0.0	3.424818386773547	3.4277539453907817	13.94	-7.88	0.4892597695390782	0.4892597695390782	11.26	0.0	293.0	290.11	765.83	-421.93	0	1
PROTOTYPE	025946	04/16/18	04:29:59	0.4892597695390782	0.4892597695390782	11.26	-0.0	3.424818386773547	3.4277539453907817	13.26	-6.7	0.4892597695390782	0.4892597695390782	11.26	0.0	286.0	289.49	802.41	-508.64	0	1
PROTOTYPE	025947	04/16/18	04:30:00	0.4892597695390782	0.4892597695390782	11.25	-0.0	3.424818386773547	3.426775425851704	12.74	-5.7	0.4892597695390782	0.4892597695390782	11.25	0.0	287.0	289.12	803.52	-582.35	0	1
PROTOTYPE	025948	04/16/18	04:30:02	0.4892597695390782	0.4892597695390782	11.25	-0.0	3.424818386773547	3.426775425851704	12.35	-4.84	0.4892597695390782	0.4892597695390782	11.25	0.0	298.0	290.45	622.58	-135.0	0	1
PROTOTYPE	025949	04/16/18	04:30:03	0.4892597695390782	0.4892597695390782	11.28	-0.0	3.424818386773547	3.426775425851704	12.09	-4.12	0.4892597695390782	0.4892597695390782	11.28	0.0	295.0	291.13	642.82	-114.75	0	1
PROTOTYPE	025950	04/16/18	04:30:05	0.4892597695390782	0.4892597695390782	11.28	-0.0	3.424818386773547	3.425796906312625	11.87	-3.5	0.4892597695390782	0.4892597695390782	11.28	0.0	291.0	291.11	640.83	-112.53	0	1
PROTOTYPE	025951	04/16/18	04:30:06	0.4892597695390782	0.4892597695390782	11.26	-0.0	3.424818386773547	3.425796906312625	11.69	-2.97	0.4892597695390782	0.4892597695390782	11.26	0.0	286.0	290.35	706.05	-200.65	0	1
PROTOTYPE	025952	04/16/18	04:30:08	0.4892597695390782	0.4892597695390782	11.29	-0.0	3.424818386773547	3.425796906312625	11.6	-2.53	0.4892597695390782	0.4892597695390782	11.29	0.0	289.0	290.14	451.0	54.44	0	1
PROTOTYPE	025953	04/16/18	04:30:09	0.4892597695390782	0.4892597695390782	11.29	-0.0	3.424818386773547	3.425796906312625	11.52	-2.15	0.4892597695390782	0.4892597695390782	11.29	0.0	292.0	290.42	427.85	31.28	0	1
PROTOTYPE	025954	04/16/18	04:30:10	0.4892597695390782	0.4892597695390782	11.29	-0.0	3.424818386773547	3.425796906312625	11.45	-1.83	0.4892597695390782	0.4892597695390782	11.29	0.0	287.0	289.91	417.54	41.59	0	1
PROTOTYPE	025955	04/16/18	04:30:12	0.4892597695390782	0.4892597695390782	11.29	-0.0	3.424818386773547	3.425796906312625	11.41	-1.55	0.4892597695390782	0.4892597695390782	11.29	0.0	293.0	290.37	426.49	125.35	0	1
PROTOTYPE	025956	04/16/18	04:30:13	0.4892597695390782	0.4892597695390782	11.29	-0.0	3.424818386773547	3.424818386773547	11.37	-1.32	0.4892597695390782	0.4892597695390782	11.29	0.0	292.0	290.62	317.72	16.55	0	1
PROTOTYPE	025957	04/16/18	04:30:15	0.4892597695390782	0.4892597695390782	11.26	-0.0	3.424818386773547	3.424818386773547	11.32	-1.12	0.4892597695390782	0.4892597695390782	11.26	0.0	295.0	291.27	315.23	14.06	0	1
PROTOTYPE	025958	04/16/18	04:30:16	0.4892597695390782	0.4892597695390782	11.24	-0.0	3.424818386773547	3.424818386773547	11.28	-0.95	0.4892597695390782	0.4892597695390782	11.24	0.0	292.0	291.38	323.75	26.95	0	1
PROTOTYPE	025959	04/16/18	04:30:17	0.4892597695390782	0.4892597695390782	11.27	-0.0	3.424818386773547	3.424818386773547	11.3	-0.81	0.4892597695390782	0.4892597695390782	11.27	0.0	292.0	291.48	256.39	112.91	0	1
PROTOTYPE	025960	04/16/18	04:30:19	0.4892597695390782	0.4892597695390782	11.25	-0.0	3.424818386773547	3.424818386773547	11.27	-0.69	0.4892597695390782	0.4892597695390782	11.25	0.0	292.0	291.55	244.12	140.97	0	1
PROTOTYPE	025961	04/16/18	04:30:20	0.4892597695390782	0.4892597695390782	11.27	-0.0	3.424818386773547	3.424818386773547	11.29	-0.59	0.4892597695390782	0.4892597695390782	11.27	0.0	290.0	291.32	239.62	89.83	0	1
PROTOTYPE	025962	04/16/18	04:30:22	0.4892597695390782	0.4892597695390782	11.26	-0.0	3.424818386773547	3.424818386773547	11.27	-0.5	0.4892597695390782	0.4892597695390782	11.26	0.0	282.0	289.92	328.08	1.35	0	1
PROTOTYPE	025963	04/16/18	04:30:23	0.4892597695390782	0.4892597695390782	11.28	-0.0	3.522670340681363	3.4394961798597192	24.91	14.58	0.4892597695390782	0.4892597695390782	11.28	0.0	280.0	288.43	430.56	-193.85	0	1
PROTOTYPE	025964	04/16/18	04:30:24	0.4892597695390782	0.4892597695390782	11.29	-0.0	3.424818386773547	3.4375391407815634	26.17	12.39	0.4892597695390782	0.4892597695390782	11.29	0.0	291.0	288.82	444.62	-179.77	0	1
PROTOTYPE	025965	04/16/18	04:30:26	0.4892597695390782	0.4892597695390782	11.3	-0.0	3.424818386773547	3.4355821017034067	27.16	10.53	0.4892597695390782	0.4892597695390782	11.3	0.0	291.0	289.15	411.6	-212.81	0	1
PROTOTYPE	025966	04/16/18	04:30:27	0.4892597695390782	0.4892597695390782	11.32	-0.0	3.424818386773547	3.433625062625251	27.94	8.95	0.4892597695390782	0.4892597695390782	11.32	0.0	293.0	289.72	458.45	-165.89	0	1
