Dev_id	Index	Date	Time	Sensor1	Sensor1_Filter	Sensor1_LL	Sensor1_Diff	Sensor2	Sensor2_Filter	Sensor2_LL	Sensor2_Diff	Sensor3	Sensor3_Filter	Sensor3_LL	Sensor3_Diff
PROTOTYPE	b'52'	04/05/18	21:21:09	0.4892597695390782	0.4892597695390782	190.95	-0.47	0.7828156312625251	0.7563956037074149	230.44	10.13	0.4892597695390782	0.4892597695390782	190.94	0.0
PROTOTYPE	b'53'	04/05/18	21:21:12	0.4892597695390782	0.4892597695390782	191.73	-0.4	0.7828156312625251	0.7603096818637275	226.0	23.61	0.4892597695390782	0.4892597695390782	191.72	0.0
PROTOTYPE	b'54'	04/05/18	21:21:15	0.4892597695390782	0.4892597695390782	191.51	-0.34	0.7828156312625251	0.7632452404809619	221.88	35.07	0.4892597695390782	0.4892597695390782	191.51	0.0
PROTOTYPE	b'55'	04/05/18	21:21:17	0.4892597695390782	0.4892597695390782	191.48	-0.29	0.7828156312625251	0.7661807990981964	218.53	44.81	0.4892597695390782	0.4892597695390782	191.47	0.0
PROTOTYPE	b'56'	04/05/18	21:21:20	0.4892597695390782	0.4892597695390782	191.44	-0.25	0.7828156312625251	0.7691163577154309	212.53	38.08	0.4892597695390782	0.4892597695390782	191.43	0.0
PROTOTYPE	b'57'	04/05/18	21:21:22	0.4892597695390782	0.4892597695390782	191.43	-0.21	0.7828156312625251	0.7710733967935871	207.6	32.37	0.4892597695390782	0.4892597695390782	191.43	0.0
PROTOTYPE	b'58'	04/05/18	21:21:25	0.4892597695390782	0.4892597695390782	191.44	-0.18	0.7828156312625251	0.7730304358717436	203.61	27.52	0.4892597695390782	0.4892597695390782	191.44	0.0
PROTOTYPE	b'59'	04/05/18	21:21:27	0.4892597695390782	0.4892597695390782	18.92	-0.15	0.7828156312625251	0.7740089554108216	31.42	23.39	0.4892597695390782	0.4892597695390782	18.92	0.0
PROTOTYPE	b'60'	04/05/18	21:21:30	0.4892597695390782	0.4892597695390782	21.32	-0.13	0.7828156312625251	0.775965994488978	29.52	19.88	0.4892597695390782	0.4892597695390782	21.32	0.0
PROTOTYPE	b'61'	04/05/18	21:21:32	0.4892597695390782	0.4892597695390782	20.57	-0.11	0.7828156312625251	0.7769445140280561	27.04	16.9	0.4892597695390782	0.4892597695390782	20.57	0.0
PROTOTYPE	b'62'	04/05/18	21:21:35	0.4892597695390782	0.4892597695390782	20.57	-0.09	0.7828156312625251	0.7779230335671343	25.45	14.36	0.4892597695390782	0.4892597695390782	20.57	0.0
PROTOTYPE	b'63'	04/05/18	21:21:38	0.4892597695390782	0.4892597695390782	20.6	-0.08	0.7828156312625251	0.7779230335671343	24.25	12.21	0.4892597695390782	0.4892597695390782	20.6	0.0
PROTOTYPE	b'64'	04/05/18	21:21:40	0.4892597695390782	0.4892597695390782	20.74	-0.07	0.7828156312625251	0.7789015531062123	23.44	10.38	0.4892597695390782	0.4892597695390782	20.74	0.0
PROTOTYPE	b'65'	04/05/18	21:21:43	0.4892597695390782	0.4892597695390782	20.8	-0.06	0.7828156312625251	0.7798800726452906	22.79	8.82	0.4892597695390782	0.4892597695390782	20.8	0.0
PROTOTYPE	b'66'	04/05/18	21:21:46	0.4892597695390782	0.4892597695390782	20.85	-0.05	0.7828156312625251	0.7798800726452906	22.31	7.5	0.4892597695390782	0.4892597695390782	20.85	0.0
PROTOTYPE	b'67'	04/05/18	21:21:48	0.4892597695390782	0.4892597695390782	20.9	-0.04	0.7828156312625251	0.7808585921843688	21.96	6.37	0.4892597695390782	0.4892597695390782	20.9	0.0
PROTOTYPE	b'68'	04/05/18	21:21:51	0.4892597695390782	0.4892597695390782	20.9	-0.04	0.7828156312625251	0.7808585921843688	21.68	5.42	0.4892597695390782	0.4892597695390782	20.9	0.0
PROTOTYPE	b'69'	04/05/18	21:21:53	0.4892597695390782	0.4892597695390782	20.96	-0.03	0.7828156312625251	0.7808585921843688	21.53	4.6	0.4892597695390782	0.4892597695390782	20.96	0.0
PROTOTYPE	b'70'	04/05/18	21:21:56	0.4892597695390782	0.4892597695390782	21.04	-0.03	0.7828156312625251	0.7818371117234469	21.44	3.91	0.4892597695390782	0.4892597695390782	21.04	0.0
PROTOTYPE	b'71'	04/05/18	21:21:59	0.4892597695390782	0.4892597695390782	21.11	-0.02	0.7828156312625251	0.7818371117234469	21.4	3.33	0.4892597695390782	0.4892597695390782	21.11	0.0
PROTOTYPE	b'72'	04/05/18	21:22:01	0.4892597695390782	0.4892597695390782	21.04	-0.02	0.7828156312625251	0.7818371117234469	21.25	2.83	0.4892597695390782	0.4892597695390782	21.04	0.0
PROTOTYPE	b'73'	04/05/18	21:22:04	0.4892597695390782	0.4892597695390782	21.04	-0.02	0.7828156312625251	0.7818371117234469	21.2	2.4	0.4892597695390782	0.4892597695390782	21.04	0.0
PROTOTYPE	b'74'	04/05/18	21:22:07	0.4892597695390782	0.4892597695390782	21.07	-0.01	0.7828156312625251	0.7818371117234469	21.18	2.04	0.4892597695390782	0.4892597695390782	21.07	0.0
PROTOTYPE	b'75'	04/05/18	21:22:09	0.4892597695390782	0.4892597695390782	21.11	-0.01	0.7828156312625251	0.7818371117234469	21.19	1.74	0.4892597695390782	0.4892597695390782	21.11	0.0
PROTOTYPE	b'76'	04/05/18	21:22:12	0.4892597695390782	0.4892597695390782	21.16	-0.01	0.7828156312625251	0.7818371117234469	21.22	1.48	0.4892597695390782	0.4892597695390782	21.16	0.0
PROTOTYPE	b'77'	04/05/18	21:22:15	0.4892597695390782	0.4892597695390782	21.23	-0.01	0.7828156312625251	0.7828156312625251	21.27	1.25	0.4892597695390782	0.4892597695390782	21.23	0.0
PROTOTYPE	b'78'	04/05/18	21:22:17	0.4892597695390782	0.4892597695390782	21.29	-0.01	0.7828156312625251	0.7828156312625251	21.32	1.07	0.4892597695390782	0.4892597695390782	21.29	0.0
PROTOTYPE	b'79'	04/05/18	21:22:20	0.4892597695390782	0.4892597695390782	21.29	-0.01	0.7828156312625251	0.7828156312625251	21.31	0.91	0.4892597695390782	0.4892597695390782	21.29	0.0
PROTOTYPE	b'80'	04/05/18	21:22:23	0.4892597695390782	0.4892597695390782	21.36	-0.01	0.7828156312625251	0.7828156312625251	21.38	0.77	0.4892597695390782	0.4892597695390782	21.36	0.0
PROTOTYPE	b'81'	04/05/18	21:22:25	0.4892597695390782	0.4892597695390782	21.43	-0.0	0.7828156312625251	0.7828156312625251	21.44	0.65	0.4892597695390782	0.4892597695390782	21.43	0.0
PROTOTYPE	b'82'	04/05/18	21:22:28	0.4892597695390782	0.4892597695390782	21.46	-0.0	0.7828156312625251	0.7828156312625251	21.46	0.56	0.4892597695390782	0.4892597695390782	21.46	0.0
PROTOTYPE	b'83'	04/05/18	21:22:31	0.4892597695390782	0.4892597695390782	21.48	-0.0	0.7828156312625251	0.7828156312625251	21.49	0.47	0.4892597695390782	0.4892597695390782	21.48	0.0
PROTOTYPE	b'84'	04/05/18	21:22:34	0.4892597695390782	0.4892597695390782	21.6	-0.0	0.7828156312625251	0.7828156312625251	21.61	0.4	0.4892597695390782	0.4892597695390782	21.6	0.0
PROTOTYPE	b'85'	04/05/18	21:22:36	0.4892597695390782	0.4892597695390782	21.68	-0.0	0.7828156312625251	0.7828156312625251	21.69	0.34	0.4892597695390782	0.4892597695390782	21.68	0.0
PROTOTYPE	b'86'	04/05/18	21:22:39	0.4892597695390782	0.4892597695390782	21.74	-0.0	0.7828156312625251	0.7828156312625251	21.74	0.29	0.4892597695390782	0.4892597695390782	21.74	0.0
PROTOTYPE	b'87'	04/05/18	21:22:42	0.4892597695390782	0.4892597695390782	21.84	-0.0	0.7828156312625251	0.7828156312625251	21.84	0.25	0.4892597695390782	0.4892597695390782	21.84	0.0
PROTOTYPE	b'88'	04/05/18	21:22:45	0.4892597695390782	0.4892597695390782	21.86	-0.0	0.7828156312625251	0.7828156312625251	21.86	0.21	0.4892597695390782	0.4892597695390782	21.86	0.0
PROTOTYPE	b'89'	04/05/18	21:22:47	0.4892597695390782	0.4892597695390782	21.86	-0.0	0.7828156312625251	0.7828156312625251	21.86	0.18	0.4892597695390782	0.4892597695390782	21.86	0.0
PROTOTYPE	b'90'	04/05/18	21:22:50	0.4892597695390782	0.4892597695390782	21.91	-0.0	0.7828156312625251	0.7828156312625251	21.91	0.15	0.4892597695390782	0.4892597695390782	21.91	0.0
PROTOTYPE	b'91'	04/05/18	21:22:53	0.4892597695390782	0.4892597695390782	21.95	-0.0	0.7828156312625251	0.7828156312625251	21.95	0.13	0.4892597695390782	0.4892597695390782	21.95	0.0
PROTOTYPE	b'92'	04/05/18	21:22:55	0.4892597695390782	0.4892597695390782	21.89	-0.0	0.7828156312625251	0.7828156312625251	21.89	0.11	0.4892597695390782	0.4892597695390782	21.89	0.0
PROTOTYPE	b'93'	04/05/18	21:22:58	0.4892597695390782	0.4892597695390782	21.84	-0.0	0.7828156312625251	0.7828156312625251	21.84	0.09	0.4892597695390782	0.4892597695390782	21.84	0.0
PROTOTYPE	b'94'	04/05/18	21:23:01	0.4892597695390782	0.4892597695390782	21.86	-0.0	0.7828156312625251	0.7828156312625251	21.86	0.08	0.4892597695390782	0.4892597695390782	21.86	0.0
PROTOTYPE	b'95'	04/05/18	21:23:04	0.4892597695390782	0.4892597695390782	21.89	-0.0	0.7828156312625251	0.7828156312625251	21.89	0.07	0.4892597695390782	0.4892597695390782	21.89	0.0
PROTOTYPE	b'96'	04/05/18	21:23:07	0.4892597695390782	0.4892597695390782	21.95	-0.0	0.7828156312625251	0.7828156312625251	21.95	0.06	0.4892597695390782	0.4892597695390782	21.95	0.0
PROTOTYPE	b'97'	04/05/18	21:23:09	0.4892597695390782	0.4892597695390782	22.06	-0.0	0.7828156312625251	0.7828156312625251	22.06	0.05	0.4892597695390782	0.4892597695390782	22.06	0.0
PROTOTYPE	b'98'	04/05/18	21:23:12	0.4892597695390782	0.4892597695390782	22.21	-0.0	0.7828156312625251	0.7828156312625251	22.21	0.04	0.4892597695390782	0.4892597695390782	22.21	0.0
PROTOTYPE	b'99'	04/05/18	21:23:15	0.4892597695390782	0.4892597695390782	22.23	-0.0	0.7828156312625251	0.7828156312625251	22.23	0.04	0.4892597695390782	0.4892597695390782	22.23	0.0
PROTOTYPE	b'100'	04/05/18	21:23:18	0.4892597695390782	0.4892597695390782	22.27	-0.0	0.7828156312625251	0.7828156312625251	22.27	0.03	0.4892597695390782	0.4892597695390782	22.27	0.0
PROTOTYPE	b'101'	04/05/18	21:23:21	0.4892597695390782	0.4892597695390782	22.34	-0.0	0.7828156312625251	0.7828156312625251	22.34	0.03	0.4892597695390782	0.4892597695390782	22.34	0.0
PROTOTYPE	b'102'	04/05/18	21:23:23	0.4892597695390782	0.4892597695390782	22.38	-0.0	0.7828156312625251	0.7828156312625251	22.38	0.02	0.4892597695390782	0.4892597695390782	22.38	0.0
PROTOTYPE	b'103'	04/05/18	21:23:26	0.4892597695390782	0.4892597695390782	22.36	-0.0	0.7828156312625251	0.7828156312625251	22.36	0.02	0.4892597695390782	0.4892597695390782	22.36	0.0
PROTOTYPE	b'104'	04/05/18	21:23:29	0.4892597695390782	0.4892597695390782	22.36	-0.0	0.7828156312625251	0.7828156312625251	22.36	0.02	0.4892597695390782	0.4892597695390782	22.36	0.0
PROTOTYPE	b'105'	04/05/18	21:23:32	0.4892597695390782	0.4892597695390782	22.34	-0.0	0.7828156312625251	0.7828156312625251	22.34	0.01	0.4892597695390782	0.4892597695390782	22.34	0.0
PROTOTYPE	b'106'	04/05/18	21:23:34	0.4892597695390782	0.4892597695390782	22.25	-0.0	0.7828156312625251	0.7828156312625251	22.25	0.01	0.4892597695390782	0.4892597695390782	22.25	0.0
PROTOTYPE	b'107'	04/05/18	21:23:37	0.4892597695390782	0.4892597695390782	22.31	-0.0	0.7828156312625251	0.7828156312625251	22.31	0.01	0.4892597695390782	0.4892597695390782	22.31	0.0
PROTOTYPE	b'108'	04/05/18	21:23:40	0.4892597695390782	0.4892597695390782	22.33	-0.0	0.7828156312625251	0.7828156312625251	22.33	0.01	0.4892597695390782	0.4892597695390782	22.33	0.0
PROTOTYPE	b'109'	04/05/18	21:23:43	0.4892597695390782	0.4892597695390782	22.33	-0.0	0.6849636773547094	0.7681378381763527	34.79	-14.99	0.4892597695390782	0.4892597695390782	22.33	0.0
PROTOTYPE	b'110'	04/05/18	21:23:46	0.4892597695390782	0.4892597695390782	22.46	-0.0	0.7828156312625251	0.7700948772545091	35.67	-12.74	0.4892597695390782	0.4892597695390782	22.46	0.0
PROTOTYPE	b'111'	04/05/18	21:23:49	0.4892597695390782	0.4892597695390782	22.5	-0.0	0.6849636773547094	0.757374123246493	46.3	-25.83	0.4892597695390782	0.4892597695390782	22.5	0.0
PROTOTYPE	b'112'	04/05/18	21:23:51	0.4892597695390782	0.4892597695390782	22.62	-0.0	0.7828156312625251	0.7612882014028056	48.36	-21.96	0.4892597695390782	0.4892597695390782	22.62	0.0
PROTOTYPE	b'113'	04/05/18	21:23:54	0.4892597695390782	0.4892597695390782	22.75	-0.0	0.7828156312625251	0.76422376002004	49.97	-18.66	0.4892597695390782	0.4892597695390782	22.75	0.0
PROTOTYPE	b'114'	04/05/18	21:23:57	0.4892597695390782	0.4892597695390782	22.88	-0.0	0.7828156312625251	0.7671593186372746	51.23	-15.86	0.4892597695390782	0.4892597695390782	22.88	0.0
PROTOTYPE	b'115'	04/05/18	21:24:00	0.4892597695390782	0.4892597695390782	22.93	-0.0	0.7828156312625251	0.7700948772545091	52.14	-13.48	0.4892597695390782	0.4892597695390782	22.93	0.0
PROTOTYPE	b'116'	04/05/18	21:24:03	0.4892597695390782	0.4892597695390782	22.99	-0.0	0.7828156312625251	0.7720519163326653	52.85	-11.46	0.4892597695390782	0.4892597695390782	22.99	0.0
PROTOTYPE	b'117'	04/05/18	21:24:06	0.4892597695390782	0.4892597695390782	23.0	-0.0	0.7828156312625251	0.7730304358717436	40.89	5.26	0.4892597695390782	0.4892597695390782	23.0	0.0
PROTOTYPE	b'118'	04/05/18	21:24:09	0.4892597695390782	0.4892597695390782	22.87	-0.0	0.7828156312625251	0.7749874749498998	40.36	4.47	0.4892597695390782	0.4892597695390782	22.87	0.0
PROTOTYPE	b'119'	04/05/18	21:24:12	0.4892597695390782	0.4892597695390782	22.99	-0.0	0.7828156312625251	0.775965994488978	30.14	18.8	0.4892597695390782	0.4892597695390782	22.99	0.0
PROTOTYPE	b'120'	04/05/18	21:24:15	0.4892597695390782	0.4892597695390782	23.02	-0.0	0.7828156312625251	0.7769445140280561	28.42	15.98	0.4892597695390782	0.4892597695390782	23.02	0.0
PROTOTYPE	b'121'	04/05/18	21:24:17	0.4892597695390782	0.4892597695390782	23.01	-0.0	0.6849636773547094	0.7632452404809619	38.42	-1.42	0.4892597695390782	0.4892597695390782	23.01	0.0
PROTOTYPE	b'122'	04/05/18	21:24:20	0.4892597695390782	0.4892597695390782	22.94	-0.0	0.7828156312625251	0.7661807990981964	38.52	-1.21	0.4892597695390782	0.4892597695390782	22.94	0.0
PROTOTYPE	b'123'	04/05/18	21:24:23	0.4892597695390782	0.4892597695390782	22.92	-0.0	0.7828156312625251	0.7681378381763527	38.62	-1.02	0.4892597695390782	0.4892597695390782	22.92	0.0
PROTOTYPE	b'124'	04/05/18	21:24:26	0.4892597695390782	0.4892597695390782	22.92	-0.0	0.7828156312625251	0.7710733967935871	38.71	-0.87	0.4892597695390782	0.4892597695390782	22.92	0.0
PROTOTYPE	b'125'	04/05/18	21:24:29	0.4892597695390782	0.4892597695390782	22.95	-0.0	0.7828156312625251	0.7730304358717436	38.81	-0.74	0.4892597695390782	0.4892597695390782	22.95	0.0
PROTOTYPE	b'126'	04/05/18	21:24:32	0.4892597695390782	0.4892597695390782	23.06	-0.0	0.7828156312625251	0.7740089554108216	38.96	-0.63	0.4892597695390782	0.4892597695390782	23.06	0.0
PROTOTYPE	b'127'	04/05/18	21:24:35	0.4892597695390782	0.4892597695390782	23.08	-0.0	0.7828156312625251	0.7749874749498998	39.02	-0.53	0.39140781563126253	0.4745819764529058	35.43	-15.0
PROTOTYPE	b'128'	04/05/18	21:24:38	0.4892597695390782	0.4892597695390782	23.01	-0.0	0.7828156312625251	0.7769445140280561	38.98	-0.45	0.4892597695390782	0.4765390155310621	36.14	-12.75
PROTOTYPE	b'129'	04/05/18	21:24:40	0.4892597695390782	0.4892597695390782	23.01	-0.0	0.7828156312625251	0.7779230335671343	27.64	14.61	0.4892597695390782	0.47849605460921835	36.71	-10.84
PROTOTYPE	b'130'	04/05/18	21:24:43	0.4892597695390782	0.4892597695390782	23.02	-0.0	0.7828156312625251	0.7779230335671343	26.46	12.42	0.4892597695390782	0.48045309368737477	37.15	-9.21
PROTOTYPE	b'131'	04/05/18	21:24:46	0.4892597695390782	0.4892597695390782	23.05	-0.0	0.7828156312625251	0.7789015531062123	25.59	10.56	0.4892597695390782	0.48143161322645295	37.49	-7.83
PROTOTYPE	b'132'	04/05/18	21:24:49	0.4892597695390782	0.4892597695390782	23.11	-0.0	0.7828156312625251	0.7798800726452906	24.98	8.97	0.4892597695390782	0.482410132765531	37.79	-6.66
PROTOTYPE	b'133'	04/05/18	21:24:52	0.4892597695390782	0.4892597695390782	23.15	-0.0	0.7828156312625251	0.7798800726452906	24.51	7.63	0.4892597695390782	0.48338865230460926	37.99	-5.66
PROTOTYPE	b'134'	04/05/18	21:24:55	0.4892597695390782	0.4892597695390782	23.13	-0.0	0.7828156312625251	0.7808585921843688	24.13	6.48	0.4892597695390782	0.48436717184368744	38.1	-4.81
PROTOTYPE	b'135'	04/05/18	21:24:58	0.4892597695390782	0.4892597695390782	23.12	-0.0	0.7828156312625251	0.7808585921843688	23.85	5.51	0.4892597695390782	0.4853456913827655	25.82	10.91
