Dev_id	Index	Date	Time	Sensor1	Sensor1_Filter	Sensor1_LL	Sensor1_Diff	Sensor2	Sensor2_Filter	Sensor2_LL	Sensor2_Diff	Sensor3	Sensor3_Filter	Sensor3_LL	Sensor3_Diff	Sensor4	Sensor4_Filter	Sensor4_LL	Sensor4_Diff	Heater_Status	FSM_Status
PROTOTYPE	035767	04/16/18	08:21:01	0.4892597695390782	0.4892597695390782	11.3	0.0	3.522670340681363	3.5216918211422845	11.53	2.15	0.4892597695390782	0.4892597695390782	11.3	0.0	301.0	290.42	833.29	267.48	0	1
PROTOTYPE	035768	04/16/18	08:21:02	0.4892597695390782	0.4892597695390782	11.3	0.0	3.522670340681363	3.5216918211422845	11.46	1.83	0.4892597695390782	0.4892597695390782	11.3	0.0	289.0	290.21	775.76	167.36	0	1
PROTOTYPE	035769	04/16/18	08:21:04	0.4892597695390782	0.4892597695390782	11.31	0.0	3.522670340681363	3.5216918211422845	11.43	1.55	0.4892597695390782	0.4892597695390782	11.31	0.0	289.0	290.02	771.84	127.25	0	1
PROTOTYPE	035770	04/16/18	08:21:05	0.4892597695390782	0.4892597695390782	11.31	0.0	3.522670340681363	3.522670340681363	11.39	1.32	0.4892597695390782	0.4892597695390782	11.31	0.0	284.0	289.12	640.93	258.17	0	1
PROTOTYPE	035771	04/16/18	08:21:07	0.4892597695390782	0.4892597695390782	11.29	0.0	3.522670340681363	3.522670340681363	11.35	1.12	0.4892597695390782	0.4892597695390782	11.29	0.0	286.0	288.65	664.63	234.44	0	1
PROTOTYPE	035772	04/16/18	08:21:08	0.4892597695390782	0.4892597695390782	11.29	0.0	3.522670340681363	3.522670340681363	11.33	0.95	0.4892597695390782	0.4892597695390782	11.29	0.0	300.0	290.36	809.43	379.27	0	1
PROTOTYPE	035773	04/16/18	08:21:09	0.4892597695390782	0.4892597695390782	11.3	0.0	3.522670340681363	3.522670340681363	11.33	0.81	0.4892597695390782	0.4892597695390782	11.3	0.0	298.0	291.5	885.66	532.38	0	1
PROTOTYPE	035774	04/16/18	08:21:11	0.4892597695390782	0.4892597695390782	11.29	0.0	3.522670340681363	3.522670340681363	11.31	0.69	0.4892597695390782	0.4892597695390782	11.29	0.0	299.0	292.63	760.8	407.53	0	1
PROTOTYPE	035775	04/16/18	08:21:12	0.4892597695390782	0.4892597695390782	11.29	0.0	3.522670340681363	3.522670340681363	11.31	0.59	0.4892597695390782	0.4892597695390782	11.29	0.0	284.0	291.33	703.47	91.4	0	1
PROTOTYPE	035776	04/16/18	08:21:14	0.4892597695390782	0.4892597695390782	11.29	0.0	3.522670340681363	3.522670340681363	11.3	0.5	0.4892597695390782	0.4892597695390782	11.29	0.0	294.0	291.73	722.18	152.69	0	1
PROTOTYPE	035777	04/16/18	08:21:15	0.4892597695390782	0.4892597695390782	11.29	0.0	3.522670340681363	3.522670340681363	11.3	0.42	0.4892597695390782	0.4892597695390782	11.29	0.0	289.0	291.32	745.06	129.78	0	1
PROTOTYPE	035778	04/16/18	08:21:17	0.4892597695390782	0.4892597695390782	11.3	0.0	3.522670340681363	3.522670340681363	11.3	0.36	0.4892597695390782	0.4892597695390782	11.3	0.0	297.0	292.17	739.84	305.32	0	1
PROTOTYPE	035779	04/16/18	08:21:18	0.4892597695390782	0.4892597695390782	11.29	0.0	3.522670340681363	3.522670340681363	11.29	0.31	0.4892597695390782	0.4892597695390782	11.29	0.0	287.0	291.4	770.63	274.52	0	1
PROTOTYPE	035780	04/16/18	08:21:19	0.4892597695390782	0.4892597695390782	11.31	0.0	3.522670340681363	3.522670340681363	11.31	0.26	0.4892597695390782	0.4892597695390782	11.31	0.0	280.0	289.69	771.4	-66.66	0	1
PROTOTYPE	035781	04/16/18	08:21:21	0.4892597695390782	0.4892597695390782	11.3	0.0	3.522670340681363	3.522670340681363	11.3	0.22	0.4892597695390782	0.4892597695390782	11.3	0.0	289.0	289.59	667.14	-191.66	0	1
PROTOTYPE	035782	04/16/18	08:21:22	0.4892597695390782	0.4892597695390782	11.31	0.0	3.522670340681363	3.522670340681363	11.31	0.19	0.4892597695390782	0.4892597695390782	11.31	0.0	288.0	289.35	578.48	-327.91	0	1
PROTOTYPE	035783	04/16/18	08:21:24	0.4892597695390782	0.4892597695390782	11.3	0.0	3.424818386773547	3.5079925475951903	24.93	-14.84	0.4892597695390782	0.4892597695390782	11.3	0.0	293.0	289.9	503.88	-143.72	0	1
PROTOTYPE	035784	04/16/18	08:21:25	0.4892597695390782	0.4892597695390782	11.3	0.0	3.522670340681363	3.5099495866733466	26.19	-12.61	0.4892597695390782	0.4892597695390782	11.3	0.0	291.0	290.06	480.47	-167.17	0	1
PROTOTYPE	035785	04/16/18	08:21:26	0.4892597695390782	0.4892597695390782	11.31	0.0	3.522670340681363	3.5119066257515033	27.17	-10.72	0.4892597695390782	0.4892597695390782	11.31	0.0	296.0	290.95	528.55	-37.09	0	1
PROTOTYPE	035786	04/16/18	08:21:28	0.4892597695390782	0.4892597695390782	11.3	0.0	3.522670340681363	3.513863664829659	27.9	-9.11	0.4892597695390782	0.4892597695390782	11.3	0.0	296.0	291.71	519.12	-46.53	0	1
PROTOTYPE	035787	04/16/18	08:21:29	0.4892597695390782	0.4892597695390782	11.3	0.0	3.522670340681363	3.514842184368738	28.47	-7.75	0.4892597695390782	0.4892597695390782	11.3	0.0	290.0	291.45	467.16	5.45	0	1
PROTOTYPE	035788	04/16/18	08:21:31	0.4892597695390782	0.4892597695390782	11.28	0.0	3.522670340681363	3.5158207039078153	28.88	-6.58	0.4892597695390782	0.4892597695390782	11.28	0.0	296.0	292.13	364.41	244.63	0	1
PROTOTYPE	035789	04/16/18	08:21:32	0.4892597695390782	0.4892597695390782	11.29	0.0	3.522670340681363	3.5167992234468937	29.21	-5.6	0.4892597695390782	0.4892597695390782	11.29	0.0	288.0	291.51	416.03	192.94	0	1
PROTOTYPE	035790	04/16/18	08:21:33	0.4892597695390782	0.4892597695390782	11.28	0.0	3.522670340681363	3.5177777429859725	29.44	-4.76	0.4892597695390782	0.4892597695390782	11.28	0.0	279.0	289.64	579.93	29.0	0	1
PROTOTYPE	035791	04/16/18	08:21:35	0.4892597695390782	0.4892597695390782	11.27	0.0	3.522670340681363	3.51875626252505	15.97	10.96	0.4892597695390782	0.4892597695390782	11.27	0.0	295.0	290.44	605.57	54.65	0	1
PROTOTYPE	035792	04/16/18	08:21:36	0.4892597695390782	0.4892597695390782	11.27	0.0	3.522670340681363	3.5197347820641283	14.85	9.31	0.4892597695390782	0.4892597695390782	11.27	0.0	289.0	290.23	610.62	16.45	0	1
PROTOTYPE	035793	04/16/18	08:21:38	0.4892597695390782	0.4892597695390782	11.27	0.0	3.522670340681363	3.5197347820641283	13.97	7.92	0.4892597695390782	0.4892597695390782	11.27	0.0	297.0	291.24	623.15	28.98	0	1
PROTOTYPE	035794	04/16/18	08:21:39	0.4892597695390782	0.4892597695390782	11.27	0.0	3.522670340681363	3.5197347820641283	13.29	6.73	0.4892597695390782	0.4892597695390782	11.27	0.0	295.0	291.81	603.8	9.64	0	1
PROTOTYPE	035795	04/16/18	08:21:41	0.4892597695390782	0.4892597695390782	11.27	0.0	3.522670340681363	3.520713301603206	12.77	5.72	0.4892597695390782	0.4892597695390782	11.27	0.0	299.0	292.88	686.06	143.19	0	1
PROTOTYPE	035796	04/16/18	08:21:42	0.4892597695390782	0.4892597695390782	11.28	0.0	3.424818386773547	3.506035508517034	25.69	-10.14	0.4892597695390782	0.4892597695390782	11.28	0.0	287.0	292.0	706.11	-13.29	0	1
PROTOTYPE	035797	04/16/18	08:21:43	0.4892597695390782	0.4892597695390782	11.28	0.0	3.522670340681363	3.5089710671342687	26.85	-8.62	0.4892597695390782	0.4892597695390782	11.28	0.0	295.0	292.45	689.07	93.71	0	1
PROTOTYPE	035798	04/16/18	08:21:45	0.4892597695390782	0.4892597695390782	11.3	0.0	3.522670340681363	3.510928106212425	27.78	-7.33	0.4892597695390782	0.4892597695390782	11.3	0.0	274.0	289.68	778.12	4.65	0	1
PROTOTYPE	035799	04/16/18	08:21:46	0.4892597695390782	0.4892597695390782	11.29	0.0	3.522670340681363	3.5128851452905807	28.49	-6.23	0.4892597695390782	0.4892597695390782	11.29	0.0	283.0	288.68	797.94	-176.05	0	1
PROTOTYPE	035800	04/16/18	08:21:48	0.4892597695390782	0.4892597695390782	11.28	0.0	3.522670340681363	3.513863664829659	29.04	-5.29	0.4892597695390782	0.4892597695390782	11.28	0.0	294.0	289.48	856.06	-74.64	0	1
PROTOTYPE	035801	04/16/18	08:21:49	0.4892597695390782	0.4892597695390782	11.29	0.0	3.522670340681363	3.5158207039078153	29.48	-4.5	0.4892597695390782	0.4892597695390782	11.29	0.0	279.0	287.91	911.63	-333.44	0	1
PROTOTYPE	035802	04/16/18	08:21:50	0.4892597695390782	0.4892597695390782	11.3	0.0	3.522670340681363	3.5167992234468937	29.81	-3.82	0.4892597695390782	0.4892597695390782	11.3	0.0	292.0	288.52	916.64	-328.43	0	1
PROTOTYPE	035803	04/16/18	08:21:52	0.4892597695390782	0.4892597695390782	11.3	0.0	3.522670340681363	3.5177777429859725	30.05	-3.25	0.4892597695390782	0.4892597695390782	11.3	0.0	298.0	289.94	950.9	-294.16	0	1
PROTOTYPE	035804	04/16/18	08:21:53	0.4892597695390782	0.4892597695390782	11.29	0.0	3.522670340681363	3.5177777429859725	16.92	12.24	0.4892597695390782	0.4892597695390782	11.29	0.0	296.0	290.85	953.49	-115.04	0	1
PROTOTYPE	035805	04/16/18	08:21:55	0.4892597695390782	0.4892597695390782	11.29	0.0	3.522670340681363	3.51875626252505	15.6	10.4	0.4892597695390782	0.4892597695390782	11.29	0.0	296.0	291.62	985.74	-82.78	0	1
PROTOTYPE	035806	04/16/18	08:21:56	0.4892597695390782	0.4892597695390782	11.29	0.0	3.522670340681363	3.5197347820641283	14.56	8.84	0.4892597695390782	0.4892597695390782	11.29	0.0	286.0	290.78	793.33	109.63	0	1
PROTOTYPE	035807	04/16/18	08:21:58	0.4892597695390782	0.4892597695390782	11.29	0.0	3.522670340681363	3.5197347820641283	13.75	7.52	0.4892597695390782	0.4892597695390782	11.29	0.0	291.0	290.81	696.64	213.19	0	1
PROTOTYPE	035808	04/16/18	08:21:59	0.4892597695390782	0.4892597695390782	11.3	0.0	3.522670340681363	3.520713301603206	13.13	6.39	0.4892597695390782	0.4892597695390782	11.3	0.0	297.0	291.74	709.66	226.21	0	1
PROTOTYPE	035809	04/16/18	08:22:00	0.4892597695390782	0.4892597695390782	11.3	0.0	3.522670340681363	3.520713301603206	12.66	5.43	0.4892597695390782	0.4892597695390782	11.3	0.0	296.0	292.38	616.36	447.28	0	1
PROTOTYPE	035810	04/16/18	08:22:02	0.4892597695390782	0.4892597695390782	11.29	0.0	3.522670340681363	3.520713301603206	12.29	4.62	0.4892597695390782	0.4892597695390782	11.29	0.0	295.0	292.77	594.28	425.19	0	1
PROTOTYPE	035811	04/16/18	08:22:03	0.4892597695390782	0.4892597695390782	11.31	0.0	3.522670340681363	3.5216918211422845	12.05	3.92	0.4892597695390782	0.4892597695390782	11.31	0.0	293.0	292.81	455.78	286.41	0	1
PROTOTYPE	035812	04/16/18	08:22:05	0.4892597695390782	0.4892597695390782	11.31	0.0	3.522670340681363	3.5216918211422845	11.85	3.33	0.4892597695390782	0.4892597695390782	11.31	0.0	293.0	292.84	368.13	198.45	0	1
PROTOTYPE	035813	04/16/18	08:22:06	0.4892597695390782	0.4892597695390782	11.3	0.0	3.522670340681363	3.5216918211422845	11.69	2.83	0.4892597695390782	0.4892597695390782	11.3	0.0	285.0	291.66	408.44	3.68	0	1
PROTOTYPE	035814	04/16/18	08:22:07	0.4892597695390782	0.4892597695390782	11.29	0.0	3.522670340681363	3.5216918211422845	11.57	2.41	0.4892597695390782	0.4892597695390782	11.29	0.0	282.0	290.21	468.99	-56.87	0	1
PROTOTYPE	035815	04/16/18	08:22:09	0.4892597695390782	0.4892597695390782	11.29	0.0	3.522670340681363	3.5216918211422845	11.5	2.05	0.4892597695390782	0.4892597695390782	11.29	0.0	294.0	290.78	522.25	-3.34	0	1
PROTOTYPE	035816	04/16/18	08:22:10	0.4892597695390782	0.4892597695390782	11.3	0.0	3.522670340681363	3.5216918211422845	11.45	1.74	0.4892597695390782	0.4892597695390782	11.3	0.0	299.0	292.01	552.75	27.16	0	1
PROTOTYPE	035817	04/16/18	08:22:12	0.4892597695390782	0.4892597695390782	11.38	0.0	3.522670340681363	3.5216918211422845	11.49	1.48	0.4892597695390782	0.4892597695390782	11.38	0.0	298.0	292.91	578.67	53.09	0	1
PROTOTYPE	035818	04/16/18	08:22:13	0.4892597695390782	0.4892597695390782	11.38	0.0	3.522670340681363	3.522670340681363	11.46	1.26	0.4892597695390782	0.4892597695390782	11.38	0.0	285.0	291.72	658.02	-104.88	0	1
PROTOTYPE	035819	04/16/18	08:22:15	0.4892597695390782	0.4892597695390782	11.37	0.0	3.424818386773547	3.5079925475951903	25.0	-13.93	0.4892597695390782	0.4892597695390782	11.37	0.0	294.0	292.07	688.49	-74.15	0	1
PROTOTYPE	035820	04/16/18	08:22:16	0.4892597695390782	0.4892597695390782	11.39	0.0	3.522670340681363	3.5099495866733466	26.29	-11.84	0.4892597695390782	0.4892597695390782	11.39	0.0	282.0	290.56	836.27	-228.02	0	1
PROTOTYPE	035821	04/16/18	08:22:17	0.4892597695390782	0.4892597695390782	11.39	0.0	3.522670340681363	3.5119066257515033	27.29	-10.07	0.4892597695390782	0.4892597695390782	11.39	0.0	291.0	290.62	725.53	-103.82	0	1
PROTOTYPE	035822	04/16/18	08:22:19	0.4892597695390782	0.4892597695390782	11.37	0.0	3.522670340681363	3.513863664829659	28.04	-8.56	0.4892597695390782	0.4892597695390782	11.37	0.0	293.0	290.98	616.3	76.75	0	1
PROTOTYPE	035823	04/16/18	08:22:20	0.4892597695390782	0.4892597695390782	11.37	0.0	3.522670340681363	3.514842184368738	28.63	-7.27	0.4892597695390782	0.4892597695390782	11.37	0.0	285.0	290.08	649.16	-69.76	0	1
PROTOTYPE	035824	04/16/18	08:22:22	0.4892597695390782	0.4892597695390782	11.36	0.0	3.522670340681363	3.5158207039078153	29.06	-6.18	0.4892597695390782	0.4892597695390782	11.36	0.0	285.0	289.32	602.09	-269.3	0	1
PROTOTYPE	035825	04/16/18	08:22:23	0.4892597695390782	0.4892597695390782	11.28	0.0	3.522670340681363	3.5167992234468937	29.31	-5.25	0.4892597695390782	0.4892597695390782	11.28	0.0	292.0	289.72	552.5	-318.9	0	1
PROTOTYPE	035826	04/16/18	08:22:24	0.4892597695390782	0.4892597695390782	11.27	0.0	3.424818386773547	3.5030999498997994	42.09	-19.47	0.4892597695390782	0.4892597695390782	11.27	0.0	283.0	288.71	534.66	-301.07	0	1
PROTOTYPE	035827	04/16/18	08:22:26	0.4892597695390782	0.4892597695390782	11.26	0.0	3.522670340681363	3.506035508517034	30.4	-1.55	0.4892597695390782	0.4892597695390782	11.26	0.0	290.0	288.91	519.85	-315.91	0	1
PROTOTYPE	035828	04/16/18	08:22:27	0.4892597695390782	0.4892597695390782	11.24	0.0	3.522670340681363	3.5089710671342687	30.59	-1.31	0.4892597695390782	0.4892597695390782	11.24	0.0	303.0	291.02	580.26	46.48	0	1
PROTOTYPE	035829	04/16/18	08:22:29	0.4892597695390782	0.4892597695390782	11.25	0.0	3.522670340681363	3.510928106212425	30.76	-1.12	0.4892597695390782	0.4892597695390782	11.25	0.0	291.0	291.02	574.9	39.51	0	1
PROTOTYPE	035830	04/16/18	08:22:30	0.4892597695390782	0.4892597695390782	11.28	0.0	3.522670340681363	3.5128851452905807	30.91	-0.95	0.4892597695390782	0.4892597695390782	11.28	0.0	297.0	291.91	628.95	93.58	0	1
PROTOTYPE	035831	04/16/18	08:22:31	0.4892597695390782	0.4892597695390782	11.28	0.0	3.522670340681363	3.513863664829659	31.02	-0.81	0.4892597695390782	0.4892597695390782	11.28	0.0	284.0	290.73	657.99	64.54	0	1
PROTOTYPE	035832	04/16/18	08:22:33	0.4892597695390782	0.4892597695390782	11.28	0.0	3.522670340681363	3.514842184368738	31.1	-0.69	0.4892597695390782	0.4892597695390782	11.28	0.0	305.0	292.87	795.83	354.86	0	1
PROTOTYPE	035833	04/16/18	08:22:34	0.4892597695390782	0.4892597695390782	11.26	0.0	3.522670340681363	3.5167992234468937	31.14	-0.58	0.4892597695390782	0.4892597695390782	11.26	0.0	302.0	294.24	892.59	451.63	0	1
PROTOTYPE	035834	04/16/18	08:22:36	0.4892597695390782	0.4892597695390782	11.26	0.0	3.522670340681363	3.5177777429859725	18.64	14.5	0.4892597695390782	0.4892597695390782	11.26	0.0	296.0	294.5	818.21	578.89	0	1
PROTOTYPE	035835	04/16/18	08:22:37	0.4892597695390782	0.4892597695390782	11.27	0.0	3.522670340681363	3.5177777429859725	16.97	12.33	0.4892597695390782	0.4892597695390782	11.27	0.0	295.0	294.58	806.46	567.06	0	1
PROTOTYPE	035836	04/16/18	08:22:38	0.4892597695390782	0.4892597695390782	11.27	0.0	3.522670340681363	3.51875626252505	15.63	10.48	0.4892597695390782	0.4892597695390782	11.27	0.0	274.0	291.49	903.71	47.0	0	1
PROTOTYPE	035837	04/16/18	08:22:40	0.4892597695390782	0.4892597695390782	11.26	0.0	3.522670340681363	3.5197347820641283	14.57	8.91	0.4892597695390782	0.4892597695390782	11.26	0.0	288.0	290.97	954.65	-5.05	0	1
PROTOTYPE	035838	04/16/18	08:22:41	0.4892597695390782	0.4892597695390782	11.24	0.0	3.522670340681363	3.5197347820641283	13.74	7.57	0.4892597695390782	0.4892597695390782	11.24	0.0	283.0	289.77	984.41	-214.29	0	1
PROTOTYPE	035839	04/16/18	08:22:43	0.4892597695390782	0.4892597695390782	11.25	0.0	3.522670340681363	3.520713301603206	13.12	6.44	0.4892597695390782	0.4892597695390782	11.25	0.0	291.0	289.96	884.16	-77.15	0	1
PROTOTYPE	035840	04/16/18	08:22:44	0.4892597695390782	0.4892597695390782	11.24	0.0	3.522670340681363	3.520713301603206	12.63	5.47	0.4892597695390782	0.4892597695390782	11.24	0.0	288.0	289.66	699.44	-320.58	0	1
PROTOTYPE	035841	04/16/18	08:22:46	0.4892597695390782	0.4892597695390782	11.25	0.0	3.522670340681363	3.520713301603206	12.27	4.65	0.4892597695390782	0.4892597695390782	11.25	0.0	293.0	290.16	612.54	-407.49	0	1
PROTOTYPE	035842	04/16/18	08:22:47	0.4892597695390782	0.4892597695390782	11.25	0.0	3.522670340681363	3.5216918211422845	12.0	3.95	0.4892597695390782	0.4892597695390782	11.25	0.0	295.0	290.89	658.64	-361.37	0	1
PROTOTYPE	035843	04/16/18	08:22:48	0.4892597695390782	0.4892597695390782	11.24	0.0	3.522670340681363	3.5216918211422845	11.79	3.36	0.4892597695390782	0.4892597695390782	11.24	0.0	286.0	290.16	724.39	-442.16	0	1
PROTOTYPE	035844	04/16/18	08:22:50	0.4892597695390782	0.4892597695390782	11.24	0.0	3.522670340681363	3.5216918211422845	11.64	2.86	0.4892597695390782	0.4892597695390782	11.24	0.0	290.0	290.13	418.45	-135.84	0	1
PROTOTYPE	035845	04/16/18	08:22:51	0.4892597695390782	0.4892597695390782	11.26	0.0	3.522670340681363	3.5216918211422845	11.55	2.43	0.4892597695390782	0.4892597695390782	11.26	0.0	291.0	290.26	379.17	-70.46	0	1
PROTOTYPE	035846	04/16/18	08:22:53	0.4892597695390782	0.4892597695390782	11.28	0.0	3.522670340681363	3.5216918211422845	11.49	2.06	0.4892597695390782	0.4892597695390782	11.28	0.0	289.0	290.07	278.64	30.11	0	1
PROTOTYPE	035847	04/16/18	08:22:54	0.4892597695390782	0.4892597695390782	11.27	0.0	3.522670340681363	3.5216918211422845	11.42	1.75	0.4892597695390782	0.4892597695390782	11.27	0.0	297.0	291.11	364.08	115.59	0	1
PROTOTYPE	035848	04/16/18	08:22:55	0.4892597695390782	0.4892597695390782	11.29	0.0	3.522670340681363	3.5216918211422845	11.4	1.49	0.4892597695390782	0.4892597695390782	11.29	0.0	295.0	291.7	393.04	203.25	0	1
PROTOTYPE	035849	04/16/18	08:22:57	0.4892597695390782	0.4892597695390782	11.29	0.0	3.522670340681363	3.522670340681363	11.37	1.27	0.4892597695390782	0.4892597695390782	11.29	0.0	279.0	289.79	533.4	-37.24	0	1
PROTOTYPE	035850	04/16/18	08:22:58	0.4892597695390782	0.4892597695390782	11.29	0.0	3.522670340681363	3.522670340681363	11.35	1.08	0.4892597695390782	0.4892597695390782	11.29	0.0	292.0	290.12	494.0	-76.65	0	1
PROTOTYPE	035851	04/16/18	08:23:00	0.4892597695390782	0.4892597695390782	11.3	0.0	3.522670340681363	3.522670340681363	11.34	0.92	0.4892597695390782	0.4892597695390782	11.3	0.0	298.0	291.3	538.83	114.85	0	1
PROTOTYPE	035852	04/16/18	08:23:01	0.4892597695390782	0.4892597695390782	11.31	0.0	3.522670340681363	3.522670340681363	11.34	0.78	0.4892597695390782	0.4892597695390782	11.31	0.0	278.0	289.31	735.67	-82.38	0	1
PROTOTYPE	035853	04/16/18	08:23:02	0.4892597695390782	0.4892597695390782	11.31	0.0	3.522670340681363	3.522670340681363	11.33	0.66	0.4892597695390782	0.4892597695390782	11.31	0.0	294.0	290.01	792.97	-25.02	0	1
PROTOTYPE	035854	04/16/18	08:23:04	0.4892597695390782	0.4892597695390782	11.31	0.0	3.522670340681363	3.522670340681363	11.32	0.56	0.4892597695390782	0.4892597695390782	11.31	0.0	285.0	289.26	849.17	-81.27	0	1
PROTOTYPE	035855	04/16/18	08:23:05	0.4892597695390782	0.4892597695390782	11.31	0.0	3.522670340681363	3.522670340681363	11.32	0.48	0.4892597695390782	0.4892597695390782	11.31	0.0	290.0	289.37	756.44	-174.08	0	1
PROTOTYPE	035856	04/16/18	08:23:07	0.4892597695390782	0.4892597695390782	11.3	0.0	3.522670340681363	3.522670340681363	11.31	0.41	0.4892597695390782	0.4892597695390782	11.3	0.0	296.0	290.37	797.55	-132.97	0	1
PROTOTYPE	035857	04/16/18	08:23:08	0.4892597695390782	0.4892597695390782	11.29	0.0	3.522670340681363	3.522670340681363	11.29	0.35	0.4892597695390782	0.4892597695390782	11.29	0.0	284.0	289.41	702.61	-38.02	0	1
PROTOTYPE	035858	04/16/18	08:23:10	0.4892597695390782	0.4892597695390782	11.3	0.0	3.522670340681363	3.522670340681363	11.3	0.29	0.4892597695390782	0.4892597695390782	11.3	0.0	284.0	288.6	750.61	-152.32	0	1
PROTOTYPE	035859	04/16/18	08:23:11	0.4892597695390782	0.4892597695390782	11.29	0.0	3.522670340681363	3.522670340681363	11.29	0.25	0.4892597695390782	0.4892597695390782	11.29	0.0	293.0	289.26	698.47	-204.47	0	1
PROTOTYPE	035860	04/16/18	08:23:12	0.4892597695390782	0.4892597695390782	11.27	0.0	3.522670340681363	3.522670340681363	11.27	0.21	0.4892597695390782	0.4892597695390782	11.27	0.0	292.0	289.67	540.04	36.2	0	1
PROTOTYPE	035861	04/16/18	08:23:14	0.4892597695390782	0.4892597695390782	11.27	0.0	3.522670340681363	3.522670340681363	11.27	0.18	0.4892597695390782	0.4892597695390782	11.27	0.0	305.0	291.97	699.6	195.77	0	1
PROTOTYPE	035862	04/16/18	08:23:15	0.4892597695390782	0.4892597695390782	11.27	0.0	3.522670340681363	3.522670340681363	11.27	0.15	0.4892597695390782	0.4892597695390782	11.27	0.0	286.0	291.07	713.96	181.4	0	1
PROTOTYPE	035863	04/16/18	08:23:17	0.4892597695390782	0.4892597695390782	11.29	0.0	3.522670340681363	3.522670340681363	11.29	0.13	0.4892597695390782	0.4892597695390782	11.29	0.0	283.0	289.86	823.9	49.19	0	1
PROTOTYPE	035864	04/16/18	08:23:18	0.4892597695390782	0.4892597695390782	11.29	0.0	3.522670340681363	3.522670340681363	11.29	0.11	0.4892597695390782	0.4892597695390782	11.29	0.0	293.0	290.33	771.53	-3.19	0	1
PROTOTYPE	035865	04/16/18	08:23:19	0.4892597695390782	0.4892597695390782	11.3	0.0	3.522670340681363	3.522670340681363	11.3	0.09	0.4892597695390782	0.4892597695390782	11.3	0.0	288.0	289.98	711.07	57.29	0	1
PROTOTYPE	035866	04/16/18	08:23:21	0.4892597695390782	0.4892597695390782	11.3	0.0	3.522670340681363	3.522670340681363	11.3	0.08	0.4892597695390782	0.4892597695390782	11.3	0.0	287.0	289.54	674.68	93.7	0	1
PROTOTYPE	035867	04/16/18	08:23:22	0.4892597695390782	0.4892597695390782	11.3	0.0	3.522670340681363	3.522670340681363	11.3	0.07	0.4892597695390782	0.4892597695390782	11.3	0.0	284.0	288.71	691.7	-55.36	0	1
PROTOTYPE	035868	04/16/18	08:23:24	0.4892597695390782	0.4892597695390782	11.34	0.0	3.522670340681363	3.522670340681363	11.34	0.06	0.4892597695390782	0.4892597695390782	11.34	0.0	286.0	288.3	691.18	-137.05	0	1
PROTOTYPE	035869	04/16/18	08:23:25	0.4892597695390782	0.4892597695390782	11.31	0.0	3.522670340681363	3.522670340681363	11.31	0.05	0.4892597695390782	0.4892597695390782	11.31	0.0	295.0	289.3	561.74	-266.49	0	1
PROTOTYPE	035870	04/16/18	08:23:26	0.4892597695390782	0.4892597695390782	11.3	0.0	3.522670340681363	3.522670340681363	11.3	0.04	0.4892597695390782	0.4892597695390782	11.3	0.0	300.0	290.91	632.62	-16.52	0	1
PROTOTYPE	035871	04/16/18	08:23:28	0.4892597695390782	0.4892597695390782	11.28	0.0	3.522670340681363	3.522670340681363	11.28	0.04	0.4892597695390782	0.4892597695390782	11.28	0.0	286.0	290.17	585.14	30.96	0	1
PROTOTYPE	035872	04/16/18	08:23:29	0.4892597695390782	0.4892597695390782	11.27	0.0	3.522670340681363	3.522670340681363	11.27	0.03	0.4892597695390782	0.4892597695390782	11.27	0.0	293.0	290.6	580.5	26.31	0	1
PROTOTYPE	035873	04/16/18	08:23:31	0.4892597695390782	0.4892597695390782	11.27	0.0	3.522670340681363	3.522670340681363	11.27	0.03	0.4892597695390782	0.4892597695390782	11.27	0.0	291.0	290.66	551.68	67.37	0	1
PROTOTYPE	035874	04/16/18	08:23:32	0.4892597695390782	0.4892597695390782	11.27	0.0	3.522670340681363	3.522670340681363	11.27	0.02	0.4892597695390782	0.4892597695390782	11.27	0.0	279.0	288.91	681.77	-62.74	0	1
PROTOTYPE	035875	04/16/18	08:23:34	0.4892597695390782	0.4892597695390782	11.26	0.0	3.522670340681363	3.522670340681363	11.26	0.02	0.4892597695390782	0.4892597695390782	11.26	0.0	286.0	288.47	642.37	-23.33	0	1
PROTOTYPE	035876	04/16/18	08:23:35	0.4892597695390782	0.4892597695390782	11.23	0.0	3.522670340681363	3.522670340681363	11.23	0.02	0.4892597695390782	0.4892597695390782	11.23	0.0	288.0	288.4	608.98	10.17	0	1
PROTOTYPE	035877	04/16/18	08:23:36	0.4892597695390782	0.4892597695390782	11.25	0.0	3.522670340681363	3.522670340681363	11.25	0.01	0.4892597695390782	0.4892597695390782	11.25	0.0	294.0	289.24	592.46	-6.35	0	1
PROTOTYPE	035878	04/16/18	08:23:38	0.4892597695390782	0.4892597695390782	11.24	0.0	3.522670340681363	3.522670340681363	11.24	0.01	0.4892597695390782	0.4892597695390782	11.24	0.0	296.0	290.26	533.41	-65.4	0	1
PROTOTYPE	035879	04/16/18	08:23:39	0.4892597695390782	0.4892597695390782	11.25	0.0	3.522670340681363	3.522670340681363	11.25	0.01	0.4892597695390782	0.4892597695390782	11.25	0.0	302.0	292.02	635.94	184.41	0	1
PROTOTYPE	035880	04/16/18	08:23:41	0.4892597695390782	0.4892597695390782	11.25	0.0	3.522670340681363	3.522670340681363	11.25	0.01	0.4892597695390782	0.4892597695390782	11.25	0.0	303.0	293.66	758.26	306.75	0	1
PROTOTYPE	035881	04/16/18	08:23:42	0.4892597695390782	0.4892597695390782	11.25	0.0	3.522670340681363	3.522670340681363	11.25	0.01	0.4892597695390782	0.4892597695390782	11.25	0.0	283.0	292.06	912.02	140.74	0	1
PROTOTYPE	035882	04/16/18	08:23:43	0.4892597695390782	0.4892597695390782	11.25	0.0	3.522670340681363	3.522670340681363	11.25	0.01	0.4892597695390782	0.4892597695390782	11.25	0.0	294.0	292.35	766.22	344.63	0	1
PROTOTYPE	035883	04/16/18	08:23:45	0.4892597695390782	0.4892597695390782	11.28	0.0	3.522670340681363	3.522670340681363	11.28	0.01	0.4892597695390782	0.4892597695390782	11.28	0.0	291.0	292.15	742.94	367.93	0	1
PROTOTYPE	035884	04/16/18	08:23:46	0.4892597695390782	0.4892597695390782	11.28	0.0	3.522670340681363	3.522670340681363	11.28	0.0	0.4892597695390782	0.4892597695390782	11.28	0.0	287.0	291.38	813.01	297.74	0	1
PROTOTYPE	035885	04/16/18	08:23:48	0.4892597695390782	0.4892597695390782	11.29	0.0	3.522670340681363	3.522670340681363	11.29	0.0	0.4892597695390782	0.4892597695390782	11.29	0.0	290.0	291.17	749.75	193.08	0	1
PROTOTYPE	035886	04/16/18	08:23:49	0.4892597695390782	0.4892597695390782	11.31	0.0	3.522670340681363	3.522670340681363	11.31	0.0	0.4892597695390782	0.4892597695390782	11.31	0.0	293.0	291.45	675.82	119.12	0	1
PROTOTYPE	035887	04/16/18	08:23:50	0.4892597695390782	0.4892597695390782	11.3	0.0	3.522670340681363	3.522670340681363	11.3	0.0	0.4892597695390782	0.4892597695390782	11.3	0.0	298.0	292.43	597.96	41.25	0	1
PROTOTYPE	035888	04/16/18	08:23:52	0.4892597695390782	0.4892597695390782	11.32	0.0	3.522670340681363	3.522670340681363	11.32	0.0	0.4892597695390782	0.4892597695390782	11.32	0.0	285.0	291.31	544.65	-234.94	0	1
PROTOTYPE	035889	04/16/18	08:23:53	0.4892597695390782	0.4892597695390782	11.32	0.0	3.522670340681363	3.522670340681363	11.32	0.0	0.4892597695390782	0.4892597695390782	11.32	0.0	291.0	291.27	389.61	-79.7	0	1
PROTOTYPE	035890	04/16/18	08:23:55	0.4892597695390782	0.4892597695390782	11.31	0.0	3.522670340681363	3.522670340681363	11.31	0.0	0.4892597695390782	0.4892597695390782	11.31	0.0	287.0	290.63	424.58	-172.74	0	1
PROTOTYPE	035891	04/16/18	08:23:56	0.4892597695390782	0.4892597695390782	11.29	0.0	3.522670340681363	3.522670340681363	11.29	0.0	0.4892597695390782	0.4892597695390782	11.29	0.0	297.0	291.58	499.8	-56.83	0	1
PROTOTYPE	035892	04/16/18	08:23:58	0.4892597695390782	0.4892597695390782	11.31	0.0	3.522670340681363	3.522670340681363	11.31	0.0	0.4892597695390782	0.4892597695390782	11.31	0.0	280.0	289.85	596.27	-153.31	0	1
PROTOTYPE	035893	04/16/18	08:23:59	0.4892597695390782	0.4892597695390782	11.29	0.0	3.522670340681363	3.522670340681363	11.29	0.0	0.4892597695390782	0.4892597695390782	11.29	0.0	301.0	291.52	742.85	34.69	0	1
PROTOTYPE	035894	04/16/18	08:24:00	0.4892597695390782	0.4892597695390782	11.26	0.0	3.522670340681363	3.522670340681363	11.26	0.0	0.4892597695390782	0.4892597695390782	11.26	0.0	291.0	291.44	723.31	-0.51	0	1
PROTOTYPE	035895	04/16/18	08:24:02	0.4892597695390782	0.4892597695390782	11.27	0.0	3.522670340681363	3.522670340681363	11.27	0.0	0.4892597695390782	0.4892597695390782	11.27	0.0	300.0	292.72	753.38	29.56	0	1
PROTOTYPE	035896	04/16/18	08:24:03	0.4892597695390782	0.4892597695390782	11.25	0.0	3.522670340681363	3.522670340681363	11.25	0.0	0.4892597695390782	0.4892597695390782	11.25	0.0	302.0	294.12	781.06	280.13	0	1
PROTOTYPE	035897	04/16/18	08:24:05	0.4892597695390782	0.4892597695390782	11.25	0.0	3.522670340681363	3.522670340681363	11.25	0.0	0.4892597695390782	0.4892597695390782	11.25	0.0	289.0	293.35	852.89	208.11	0	1
PROTOTYPE	035898	04/16/18	08:24:06	0.4892597695390782	0.4892597695390782	11.25	0.0	3.522670340681363	3.522670340681363	11.25	0.0	0.4892597695390782	0.4892597695390782	11.25	0.0	280.0	291.35	989.1	71.89	0	1
PROTOTYPE	035899	04/16/18	08:24:07	0.4892597695390782	0.4892597695390782	11.25	0.0	3.522670340681363	3.522670340681363	11.25	0.0	0.4892597695390782	0.4892597695390782	11.25	0.0	285.0	290.39	988.71	-118.89	0	1
PROTOTYPE	035900	04/16/18	08:24:09	0.4892597695390782	0.4892597695390782	11.23	0.0	3.522670340681363	3.522670340681363	11.23	0.0	0.4892597695390782	0.4892597695390782	11.23	0.0	287.0	289.89	865.89	3.94	0	1
PROTOTYPE	035901	04/16/18	08:24:10	0.4892597695390782	0.4892597695390782	11.23	0.0	3.522670340681363	3.522670340681363	11.23	0.0	0.4892597695390782	0.4892597695390782	11.23	0.0	279.0	288.25	861.86	-326.65	0	1
PROTOTYPE	035902	04/16/18	08:24:12	0.4892597695390782	0.4892597695390782	11.25	0.0	3.522670340681363	3.522670340681363	11.25	0.0	0.4892597695390782	0.4892597695390782	11.25	0.0	294.0	289.11	940.17	-232.65	0	1
PROTOTYPE	035903	04/16/18	08:24:13	0.4892597695390782	0.4892597695390782	11.24	0.0	3.522670340681363	3.522670340681363	11.24	0.0	0.4892597695390782	0.4892597695390782	11.24	0.0	294.0	289.85	885.07	-287.75	0	1
PROTOTYPE	035904	04/16/18	08:24:14	0.4892597695390782	0.4892597695390782	11.26	0.0	3.522670340681363	3.522670340681363	11.26	0.0	0.4892597695390782	0.4892597695390782	11.26	0.0	294.0	290.47	808.25	-364.59	0	1
PROTOTYPE	035905	04/16/18	08:24:16	0.4892597695390782	0.4892597695390782	11.26	0.0	3.522670340681363	3.522670340681363	11.26	0.0	0.4892597695390782	0.4892597695390782	11.26	0.0	287.0	289.95	783.56	-339.9	0	1
PROTOTYPE	035906	04/16/18	08:24:17	0.4892597695390782	0.4892597695390782	11.27	0.0	3.522670340681363	3.522670340681363	11.27	0.0	0.4892597695390782	0.4892597695390782	11.27	0.0	284.0	289.06	672.58	-228.92	0	1
PROTOTYPE	035907	04/16/18	08:24:19	0.4892597695390782	0.4892597695390782	11.29	0.0	3.522670340681363	3.522670340681363	11.29	0.0	0.4892597695390782	0.4892597695390782	11.29	0.0	294.0	289.8	651.53	-59.58	0	1
PROTOTYPE	035908	04/16/18	08:24:20	0.4892597695390782	0.4892597695390782	11.29	0.0	3.522670340681363	3.522670340681363	11.29	0.0	0.4892597695390782	0.4892597695390782	11.29	0.0	299.0	291.18	738.62	129.36	0	1
PROTOTYPE	035909	04/16/18	08:24:21	0.4892597695390782	0.4892597695390782	11.3	0.0	3.522670340681363	3.522670340681363	11.3	0.0	0.4892597695390782	0.4892597695390782	11.3	0.0	291.0	291.15	578.37	289.95	0	1
PROTOTYPE	035910	04/16/18	08:24:23	0.4892597695390782	0.4892597695390782	11.3	0.0	3.522670340681363	3.522670340681363	11.3	0.0	0.4892597695390782	0.4892597695390782	11.3	0.0	290.0	290.98	509.48	186.46	0	1
PROTOTYPE	035911	04/16/18	08:24:24	0.4892597695390782	0.4892597695390782	11.31	0.0	3.522670340681363	3.522670340681363	11.31	0.0	0.4892597695390782	0.4892597695390782	11.31	0.0	294.0	291.43	481.52	158.49	0	1
PROTOTYPE	035912	04/16/18	08:24:26	0.4892597695390782	0.4892597695390782	11.3	0.0	3.522670340681363	3.522670340681363	11.3	0.0	0.4892597695390782	0.4892597695390782	11.3	0.0	302.0	293.02	577.74	254.72	0	1
PROTOTYPE	035913	04/16/18	08:24:27	0.4892597695390782	0.4892597695390782	11.31	0.0	3.522670340681363	3.522670340681363	11.31	0.0	0.4892597695390782	0.4892597695390782	11.31	0.0	295.0	293.31	555.43	336.51	0	1
PROTOTYPE	035914	04/16/18	08:24:29	0.4892597695390782	0.4892597695390782	11.3	0.0	3.522670340681363	3.522670340681363	11.3	0.0	0.4892597695390782	0.4892597695390782	11.3	0.0	292.0	293.12	485.95	406.03	0	1
PROTOTYPE	035915	04/16/18	08:24:30	0.4892597695390782	0.4892597695390782	11.3	0.0	3.522670340681363	3.522670340681363	11.3	0.0	0.4892597695390782	0.4892597695390782	11.3	0.0	294.0	293.25	425.11	345.13	0	1
PROTOTYPE	035916	04/16/18	08:24:31	0.4892597695390782	0.4892597695390782	11.32	0.0	3.522670340681363	3.522670340681363	11.32	0.0	0.4892597695390782	0.4892597695390782	11.32	0.0	301.0	294.41	403.34	323.36	0	1
PROTOTYPE	035917	04/16/18	08:24:33	0.4892597695390782	0.4892597695390782	11.32	0.0	3.522670340681363	3.522670340681363	11.32	0.0	0.4892597695390782	0.4892597695390782	11.32	0.0	298.0	294.95	454.14	379.86	0	1
PROTOTYPE	035918	04/16/18	08:24:34	0.4892597695390782	0.4892597695390782	11.32	0.0	3.522670340681363	3.522670340681363	11.32	0.0	0.4892597695390782	0.4892597695390782	11.32	0.0	280.0	292.71	661.06	172.88	0	1
PROTOTYPE	035919	04/16/18	08:24:36	0.4892597695390782	0.4892597695390782	11.33	0.0	3.522670340681363	3.522670340681363	11.33	0.0	0.4892597695390782	0.4892597695390782	11.33	0.0	294.0	292.9	635.16	146.95	0	1
PROTOTYPE	035920	04/16/18	08:24:37	0.4892597695390782	0.4892597695390782	11.32	0.0	3.522670340681363	3.522670340681363	11.32	0.0	0.4892597695390782	0.4892597695390782	11.32	0.0	292.0	292.77	490.24	-25.1	0	1
PROTOTYPE	035921	04/16/18	08:24:38	0.4892597695390782	0.4892597695390782	11.31	0.0	3.522670340681363	3.522670340681363	11.31	0.0	0.4892597695390782	0.4892597695390782	11.31	0.0	290.0	292.35	501.99	-96.33	0	1
PROTOTYPE	035922	04/16/18	08:24:40	0.4892597695390782	0.4892597695390782	11.33	0.0	3.522670340681363	3.522670340681363	11.33	0.0	0.4892597695390782	0.4892597695390782	11.33	0.0	298.0	293.2	566.96	8.12	0	1
PROTOTYPE	035923	04/16/18	08:24:41	0.4892597695390782	0.4892597695390782	11.3	0.0	3.522670340681363	3.522670340681363	11.3	0.0	0.4892597695390782	0.4892597695390782	11.3	0.0	290.0	292.72	601.65	-53.1	0	1
PROTOTYPE	035924	04/16/18	08:24:43	0.4892597695390782	0.4892597695390782	11.29	0.0	3.522670340681363	3.522670340681363	11.29	0.0	0.4892597695390782	0.4892597695390782	11.29	0.0	283.0	291.26	631.18	-315.13	0	1
PROTOTYPE	035925	04/16/18	08:24:44	0.4892597695390782	0.4892597695390782	11.28	0.0	3.522670340681363	3.522670340681363	11.28	0.0	0.4892597695390782	0.4892597695390782	11.28	0.0	298.0	292.27	678.44	-267.86	0	1
PROTOTYPE	035926	04/16/18	08:24:45	0.4892597695390782	0.4892597695390782	11.29	0.0	3.522670340681363	3.522670340681363	11.29	0.0	0.4892597695390782	0.4892597695390782	11.29	0.0	278.0	290.13	668.26	-257.68	0	1
PROTOTYPE	035927	04/16/18	08:24:47	0.4892597695390782	0.4892597695390782	11.27	0.0	3.522670340681363	3.522670340681363	11.27	0.0	0.4892597695390782	0.4892597695390782	11.27	0.0	290.0	290.11	651.25	-279.03	0	1
PROTOTYPE	035928	04/16/18	08:24:48	0.4892597695390782	0.4892597695390782	11.28	0.0	3.522670340681363	3.522670340681363	11.28	0.0	0.4892597695390782	0.4892597695390782	11.28	0.0	289.0	289.94	654.38	-282.18	0	1
PROTOTYPE	035929	04/16/18	08:24:50	0.4892597695390782	0.4892597695390782	11.28	0.0	3.522670340681363	3.522670340681363	11.28	0.0	0.4892597695390782	0.4892597695390782	11.28	0.0	297.0	291.0	718.7	-134.85	0	1
PROTOTYPE	035930	04/16/18	08:24:51	0.4892597695390782	0.4892597695390782	11.27	0.0	3.522670340681363	3.522670340681363	11.27	0.0	0.4892597695390782	0.4892597695390782	11.27	0.0	291.0	291.0	635.37	-219.62	0	1
PROTOTYPE	035931	04/16/18	08:24:53	0.4892597695390782	0.4892597695390782	11.29	0.0	3.522670340681363	3.522670340681363	11.29	0.0	0.4892597695390782	0.4892597695390782	11.29	0.0	298.0	292.05	692.34	-66.68	0	1
PROTOTYPE	035932	04/16/18	08:24:54	0.4892597695390782	0.4892597695390782	11.29	0.0	3.522670340681363	3.522670340681363	11.29	0.0	0.4892597695390782	0.4892597695390782	11.29	0.0	290.0	291.74	577.36	48.32	0	1
PROTOTYPE	035933	04/16/18	08:24:55	0.4892597695390782	0.4892597695390782	11.29	0.0	3.522670340681363	3.522670340681363	11.29	0.0	0.4892597695390782	0.4892597695390782	11.29	0.0	291.0	291.63	487.52	-63.93	0	1
PROTOTYPE	035934	04/16/18	08:24:57	0.4892597695390782	0.4892597695390782	11.26	0.0	3.522670340681363	3.522670340681363	11.26	0.0	0.4892597695390782	0.4892597695390782	11.26	0.0	303.0	293.34	443.95	320.66	0	1
PROTOTYPE	035935	04/16/18	08:24:58	0.4892597695390782	0.4892597695390782	11.27	0.0	3.522670340681363	3.522670340681363	11.27	0.0	0.4892597695390782	0.4892597695390782	11.27	0.0	287.0	292.39	536.61	227.56	0	1
PROTOTYPE	035936	04/16/18	08:25:00	0.4892597695390782	0.4892597695390782	11.28	0.0	3.522670340681363	3.522670340681363	11.28	0.0	0.4892597695390782	0.4892597695390782	11.28	0.0	286.0	291.43	615.7	148.43	0	1
PROTOTYPE	035937	04/16/18	08:25:01	0.4892597695390782	0.4892597695390782	11.27	0.0	3.522670340681363	3.522670340681363	11.27	0.0	0.4892597695390782	0.4892597695390782	11.27	0.0	292.0	291.51	518.54	51.16	0	1
PROTOTYPE	035938	04/16/18	08:25:02	0.4892597695390782	0.4892597695390782	11.26	0.0	3.522670340681363	3.522670340681363	11.26	0.0	0.4892597695390782	0.4892597695390782	11.26	0.0	299.0	292.64	629.42	163.49	0	1
PROTOTYPE	035939	04/16/18	08:25:04	0.4892597695390782	0.4892597695390782	11.24	0.0	3.522670340681363	3.522670340681363	11.24	0.0	0.4892597695390782	0.4892597695390782	11.24	0.0	289.0	292.09	579.03	3.97	0	1
PROTOTYPE	035940	04/16/18	08:25:05	0.4892597695390782	0.4892597695390782	11.25	0.0	3.522670340681363	3.522670340681363	11.25	0.0	0.4892597695390782	0.4892597695390782	11.25	0.0	283.0	290.73	684.6	-101.63	0	1
PROTOTYPE	035941	04/16/18	08:25:07	0.4892597695390782	0.4892597695390782	11.27	0.0	3.522670340681363	3.522670340681363	11.27	0.0	0.4892597695390782	0.4892597695390782	11.27	0.0	289.0	290.47	699.3	-116.38	0	1
PROTOTYPE	035942	04/16/18	08:25:08	0.4892597695390782	0.4892597695390782	11.29	0.0	3.522670340681363	3.522670340681363	11.29	0.0	0.4892597695390782	0.4892597695390782	11.29	0.0	295.0	291.15	596.77	-218.93	0	1
PROTOTYPE	035943	04/16/18	08:25:09	0.4892597695390782	0.4892597695390782	11.31	0.0	3.522670340681363	3.522670340681363	11.31	0.0	0.4892597695390782	0.4892597695390782	11.31	0.0	291.0	291.13	504.34	-126.09	0	1
PROTOTYPE	035944	04/16/18	08:25:11	0.4892597695390782	0.4892597695390782	11.3	0.0	3.522670340681363	3.522670340681363	11.3	0.0	0.4892597695390782	0.4892597695390782	11.3	0.0	294.0	291.56	451.65	12.83	0	1
PROTOTYPE	035945	04/16/18	08:25:12	0.4892597695390782	0.4892597695390782	11.31	0.0	3.522670340681363	3.522670340681363	11.31	0.0	0.4892597695390782	0.4892597695390782	11.31	0.0	299.0	292.67	554.62	115.9	0	1
PROTOTYPE	035946	04/16/18	08:25:14	0.4892597695390782	0.4892597695390782	11.33	0.0	3.522670340681363	3.522670340681363	11.33	0.0	0.4892597695390782	0.4892597695390782	11.33	0.0	284.0	291.37	572.45	-126.48	0	1
PROTOTYPE	035947	04/16/18	08:25:15	0.4892597695390782	0.4892597695390782	11.35	0.0	3.522670340681363	3.522670340681363	11.35	0.0	0.4892597695390782	0.4892597695390782	11.35	0.0	295.0	291.92	572.3	-17.51	0	1
PROTOTYPE	035948	04/16/18	08:25:17	0.4892597695390782	0.4892597695390782	11.33	0.0	3.522670340681363	3.522670340681363	11.33	0.0	0.4892597695390782	0.4892597695390782	11.33	0.0	302.0	293.43	587.17	270.12	0	1
PROTOTYPE	035949	04/16/18	08:25:18	0.4892597695390782	0.4892597695390782	11.32	0.0	3.522670340681363	3.522670340681363	11.32	0.0	0.4892597695390782	0.4892597695390782	11.32	0.0	276.0	290.81	822.65	34.6	0	1
PROTOTYPE	035950	04/16/18	08:25:19	0.4892597695390782	0.4892597695390782	11.33	0.0	3.522670340681363	3.522670340681363	11.33	0.0	0.4892597695390782	0.4892597695390782	11.33	0.0	289.0	290.54	781.93	-60.59	0	1
PROTOTYPE	035951	04/16/18	08:25:21	0.4892597695390782	0.4892597695390782	11.3	0.0	3.522670340681363	3.522670340681363	11.3	0.0	0.4892597695390782	0.4892597695390782	11.3	0.0	297.0	291.51	876.15	38.5	0	1
PROTOTYPE	035952	04/16/18	08:25:22	0.4892597695390782	0.4892597695390782	11.3	0.0	3.522670340681363	3.522670340681363	11.3	0.0	0.4892597695390782	0.4892597695390782	11.3	0.0	295.0	292.03	885.37	47.72	0	1
PROTOTYPE	035953	04/16/18	08:25:24	0.4892597695390782	0.4892597695390782	11.29	0.0	3.522670340681363	3.522670340681363	11.29	0.0	0.4892597695390782	0.4892597695390782	11.29	0.0	294.0	292.33	803.24	-34.44	0	1
PROTOTYPE	035954	04/16/18	08:25:25	0.4892597695390782	0.4892597695390782	11.27	0.0	3.522670340681363	3.522670340681363	11.27	0.0	0.4892597695390782	0.4892597695390782	11.27	0.0	305.0	294.23	863.19	285.73	0	1
PROTOTYPE	035955	04/16/18	08:25:26	0.4892597695390782	0.4892597695390782	11.28	0.0	3.522670340681363	3.522670340681363	11.28	0.0	0.4892597695390782	0.4892597695390782	11.28	0.0	280.0	292.1	1022.21	17.87	0	1
PROTOTYPE	035956	04/16/18	08:25:28	0.4892597695390782	0.4892597695390782	11.28	0.0	3.522670340681363	3.522670340681363	11.28	0.0	0.4892597695390782	0.4892597695390782	11.28	0.0	291.0	291.93	887.45	-149.81	0	1
PROTOTYPE	035957	04/16/18	08:25:29	0.4892597695390782	0.4892597695390782	11.29	0.0	3.522670340681363	3.522670340681363	11.29	0.0	0.4892597695390782	0.4892597695390782	11.29	0.0	282.0	290.44	774.98	-37.34	0	1
PROTOTYPE	035958	04/16/18	08:25:31	0.4892597695390782	0.4892597695390782	11.29	0.0	3.522670340681363	3.522670340681363	11.29	0.0	0.4892597695390782	0.4892597695390782	11.29	0.0	294.0	290.98	801.12	43.26	0	1
PROTOTYPE	035959	04/16/18	08:25:32	0.4892597695390782	0.4892597695390782	11.3	0.0	3.522670340681363	3.522670340681363	11.3	0.0	0.4892597695390782	0.4892597695390782	11.3	0.0	289.0	290.68	733.91	-83.23	0	1
PROTOTYPE	035960	04/16/18	08:25:33	0.4892597695390782	0.4892597695390782	11.29	0.0	3.522670340681363	3.522670340681363	11.29	0.0	0.4892597695390782	0.4892597695390782	11.29	0.0	297.0	291.63	776.38	-40.74	0	1
PROTOTYPE	035961	04/16/18	08:25:35	0.4892597695390782	0.4892597695390782	11.31	0.0	3.522670340681363	3.522670340681363	11.31	0.0	0.4892597695390782	0.4892597695390782	11.31	0.0	288.0	291.08	801.29	-124.63	0	1
PROTOTYPE	035962	04/16/18	08:25:36	0.4892597695390782	0.4892597695390782	11.32	0.0	3.522670340681363	3.522670340681363	11.32	0.0	0.4892597695390782	0.4892597695390782	11.32	0.0	302.0	292.72	774.99	-150.94	0	1
PROTOTYPE	035963	04/16/18	08:25:38	0.4892597695390782	0.4892597695390782	11.29	0.0	3.522670340681363	3.522670340681363	11.29	0.0	0.4892597695390782	0.4892597695390782	11.29	0.0	296.0	293.21	610.75	111.7	0	1
PROTOTYPE	035964	04/16/18	08:25:39	0.4892597695390782	0.4892597695390782	11.3	0.0	3.522670340681363	3.522670340681363	11.3	0.0	0.4892597695390782	0.4892597695390782	11.3	0.0	294.0	293.33	606.15	139.95	0	1
PROTOTYPE	035965	04/16/18	08:25:41	0.4892597695390782	0.4892597695390782	11.29	0.0	3.522670340681363	3.522670340681363	11.29	0.0	0.4892597695390782	0.4892597695390782	11.29	0.0	289.0	292.68	522.15	223.96	0	1
PROTOTYPE	035966	04/16/18	08:25:42	0.4892597695390782	0.4892597695390782	11.28	0.0	3.522670340681363	3.522670340681363	11.28	0.0	0.4892597695390782	0.4892597695390782	11.28	0.0	291.0	292.43	494.01	145.36	0	1
