Dev_id	Index	Date	Time	Sensor1	Sensor1_Filter	Sensor1_LL	Sensor1_Diff	Sensor2	Sensor2_Filter	Sensor2_LL	Sensor2_Diff	Sensor3	Sensor3_Filter	Sensor3_LL	Sensor3_Diff	Sensor4	Sensor4_Filter	Sensor4_LL	Sensor4_Diff	Heater_Status	FSM_Status
PROTOTYPE	027367	04/16/18	05:03:23	0.4892597695390782	0.4892597695390782	11.25	0.0	3.424818386773547	3.424818386773547	11.25	0.03	0.4892597695390782	0.4892597695390782	11.25	0.0	291.0	290.72	627.11	-193.52	0	1
PROTOTYPE	027368	04/16/18	05:03:24	0.4892597695390782	0.4892597695390782	11.25	0.0	3.424818386773547	3.424818386773547	11.25	0.03	0.4892597695390782	0.4892597695390782	11.25	0.0	297.0	291.66	666.42	-44.49	0	1
PROTOTYPE	027369	04/16/18	05:03:26	0.4892597695390782	0.4892597695390782	11.24	0.0	3.424818386773547	3.424818386773547	11.24	0.02	0.4892597695390782	0.4892597695390782	11.24	0.0	284.0	290.51	584.75	37.18	0	1
PROTOTYPE	027370	04/16/18	05:03:27	0.4892597695390782	0.4892597695390782	11.23	0.0	3.424818386773547	3.424818386773547	11.23	0.02	0.4892597695390782	0.4892597695390782	11.23	0.0	289.0	290.29	579.6	-13.39	0	1
PROTOTYPE	027371	04/16/18	05:03:29	0.4892597695390782	0.4892597695390782	11.23	0.0	3.424818386773547	3.424818386773547	11.23	0.02	0.4892597695390782	0.4892597695390782	11.23	0.0	287.0	289.79	502.6	63.62	0	1
PROTOTYPE	027372	04/16/18	05:03:30	0.4892597695390782	0.4892597695390782	11.24	0.0	3.424818386773547	3.424818386773547	11.24	0.01	0.4892597695390782	0.4892597695390782	11.24	0.0	293.0	290.27	518.32	144.07	0	1
PROTOTYPE	027373	04/16/18	05:03:31	0.4892597695390782	0.4892597695390782	11.25	0.0	3.424818386773547	3.424818386773547	11.25	0.01	0.4892597695390782	0.4892597695390782	11.25	0.0	302.0	292.03	586.71	212.46	0	1
PROTOTYPE	027374	04/16/18	05:03:33	0.4892597695390782	0.4892597695390782	11.26	0.0	3.424818386773547	3.424818386773547	11.26	0.01	0.4892597695390782	0.4892597695390782	11.26	0.0	277.0	289.78	735.84	-89.41	0	1
PROTOTYPE	027375	04/16/18	05:03:34	0.4892597695390782	0.4892597695390782	11.27	0.0	3.424818386773547	3.424818386773547	11.27	0.01	0.4892597695390782	0.4892597695390782	11.27	0.0	289.0	289.66	742.49	-106.0	0	1
PROTOTYPE	027376	04/16/18	05:03:36	0.4892597695390782	0.4892597695390782	11.28	0.0	3.424818386773547	3.424818386773547	11.28	0.01	0.4892597695390782	0.4892597695390782	11.28	0.0	287.0	289.26	688.25	-240.1	0	1
PROTOTYPE	027377	04/16/18	05:03:37	0.4892597695390782	0.4892597695390782	11.33	0.0	3.424818386773547	3.424818386773547	11.33	0.01	0.4892597695390782	0.4892597695390782	11.33	0.0	299.0	290.72	719.37	20.92	0	1
PROTOTYPE	027378	04/16/18	05:03:39	0.4892597695390782	0.4892597695390782	11.32	0.0	3.424818386773547	3.424818386773547	11.32	0.0	0.4892597695390782	0.4892597695390782	11.32	0.0	289.0	290.46	722.5	17.78	0	1
PROTOTYPE	027379	04/16/18	05:03:40	0.4892597695390782	0.4892597695390782	11.33	0.0	3.424818386773547	3.424818386773547	11.33	0.0	0.4892597695390782	0.4892597695390782	11.33	0.0	289.0	290.24	695.19	45.11	0	1
PROTOTYPE	027380	04/16/18	05:03:41	0.4892597695390782	0.4892597695390782	11.31	0.0	3.424818386773547	3.424818386773547	11.31	0.0	0.4892597695390782	0.4892597695390782	11.31	0.0	279.0	288.56	815.76	-171.65	0	1
PROTOTYPE	027381	04/16/18	05:03:43	0.4892597695390782	0.4892597695390782	11.32	0.0	3.424818386773547	3.424818386773547	11.32	0.0	0.4892597695390782	0.4892597695390782	11.32	0.0	287.0	288.32	663.29	-370.91	0	1
PROTOTYPE	027382	04/16/18	05:03:44	0.4892597695390782	0.4892597695390782	11.32	0.0	3.424818386773547	3.424818386773547	11.32	0.0	0.4892597695390782	0.4892597695390782	11.32	0.0	279.0	286.93	577.65	-285.27	0	1
PROTOTYPE	027383	04/16/18	05:03:46	0.4892597695390782	0.4892597695390782	11.29	0.0	3.424818386773547	3.424818386773547	11.29	0.0	0.4892597695390782	0.4892597695390782	11.29	0.0	294.0	287.99	672.01	-167.48	0	1
PROTOTYPE	027384	04/16/18	05:03:47	0.4892597695390782	0.4892597695390782	11.29	0.0	3.424818386773547	3.424818386773547	11.29	0.0	0.4892597695390782	0.4892597695390782	11.29	0.0	299.0	289.64	797.26	37.64	0	1
PROTOTYPE	027385	04/16/18	05:03:48	0.4892597695390782	0.4892597695390782	11.25	0.0	3.424818386773547	3.424818386773547	11.25	0.0	0.4892597695390782	0.4892597695390782	11.25	0.0	297.0	290.74	761.62	2.0	0	1
PROTOTYPE	027386	04/16/18	05:03:50	0.4892597695390782	0.4892597695390782	11.26	0.0	3.424818386773547	3.424818386773547	11.26	0.0	0.4892597695390782	0.4892597695390782	11.26	0.0	294.0	291.23	784.61	76.7	0	1
PROTOTYPE	027387	04/16/18	05:03:51	0.4892597695390782	0.4892597695390782	11.26	0.0	3.424818386773547	3.424818386773547	11.26	0.0	0.4892597695390782	0.4892597695390782	11.26	0.0	284.0	290.15	871.08	-9.81	0	1
PROTOTYPE	027388	04/16/18	05:03:53	0.4892597695390782	0.4892597695390782	11.27	0.0	3.424818386773547	3.424818386773547	11.27	0.0	0.4892597695390782	0.4892597695390782	11.27	0.0	290.0	290.12	705.01	156.66	0	1
PROTOTYPE	027389	04/16/18	05:03:54	0.4892597695390782	0.4892597695390782	11.25	0.0	3.424818386773547	3.424818386773547	11.25	0.0	0.4892597695390782	0.4892597695390782	11.25	0.0	287.0	289.66	728.49	133.16	0	1
PROTOTYPE	027390	04/16/18	05:03:55	0.4892597695390782	0.4892597695390782	11.25	0.0	3.424818386773547	3.424818386773547	11.25	0.0	0.4892597695390782	0.4892597695390782	11.25	0.0	295.0	290.46	668.79	353.19	0	1
PROTOTYPE	027391	04/16/18	05:03:57	0.4892597695390782	0.4892597695390782	11.26	0.0	3.424818386773547	3.424818386773547	11.26	0.0	0.4892597695390782	0.4892597695390782	11.26	0.0	292.0	290.69	585.84	270.21	0	1
PROTOTYPE	027392	04/16/18	05:03:58	0.4892597695390782	0.4892597695390782	11.26	0.0	3.424818386773547	3.424818386773547	11.26	0.0	0.4892597695390782	0.4892597695390782	11.26	0.0	297.0	291.64	515.32	199.68	0	1
PROTOTYPE	027393	04/16/18	05:04:00	0.4892597695390782	0.4892597695390782	11.27	0.0	3.424818386773547	3.424818386773547	11.27	0.0	0.4892597695390782	0.4892597695390782	11.27	0.0	281.0	290.04	564.43	-70.27	0	1
PROTOTYPE	027394	04/16/18	05:04:01	0.4892597695390782	0.4892597695390782	11.27	0.0	3.424818386773547	3.424818386773547	11.27	0.0	0.4892597695390782	0.4892597695390782	11.27	0.0	288.0	289.73	546.19	-149.73	0	1
PROTOTYPE	027395	04/16/18	05:04:03	0.4892597695390782	0.4892597695390782	11.27	0.0	3.424818386773547	3.424818386773547	11.27	0.0	0.4892597695390782	0.4892597695390782	11.27	0.0	291.0	289.92	456.75	-22.27	0	1
PROTOTYPE	027396	04/16/18	05:04:04	0.4892597695390782	0.4892597695390782	11.27	0.0	3.424818386773547	3.424818386773547	11.27	0.0	0.4892597695390782	0.4892597695390782	11.27	0.0	283.0	288.89	558.0	-123.93	0	1
PROTOTYPE	027397	04/16/18	05:04:05	0.4892597695390782	0.4892597695390782	11.27	0.0	3.424818386773547	3.424818386773547	11.27	0.0	0.4892597695390782	0.4892597695390782	11.27	0.0	295.0	289.8	602.84	14.66	0	1
PROTOTYPE	027398	04/16/18	05:04:07	0.4892597695390782	0.4892597695390782	11.26	0.0	3.424818386773547	3.424818386773547	11.26	0.0	0.4892597695390782	0.4892597695390782	11.26	0.0	296.0	290.73	615.64	27.46	0	1
PROTOTYPE	027399	04/16/18	05:04:08	0.4892597695390782	0.4892597695390782	11.25	0.0	3.424818386773547	3.424818386773547	11.25	0.0	0.4892597695390782	0.4892597695390782	11.25	0.0	287.0	290.17	648.46	-51.66	0	1
PROTOTYPE	027400	04/16/18	05:04:10	0.4892597695390782	0.4892597695390782	11.24	0.0	3.424818386773547	3.424818386773547	11.24	0.0	0.4892597695390782	0.4892597695390782	11.24	0.0	296.0	291.05	641.21	-58.91	0	1
PROTOTYPE	027401	04/16/18	05:04:11	0.4892597695390782	0.4892597695390782	11.21	0.0	3.424818386773547	3.424818386773547	11.21	0.0	0.4892597695390782	0.4892597695390782	11.21	0.0	294.0	291.49	525.99	144.93	0	1
PROTOTYPE	027402	04/16/18	05:04:12	0.4892597695390782	0.4892597695390782	11.21	0.0	3.424818386773547	3.424818386773547	11.21	0.0	0.4892597695390782	0.4892597695390782	11.21	0.0	286.0	290.67	577.71	93.19	0	1
PROTOTYPE	027403	04/16/18	05:04:14	0.4892597695390782	0.4892597695390782	11.19	0.0	3.424818386773547	3.424818386773547	11.19	0.0	0.4892597695390782	0.4892597695390782	11.19	0.0	291.0	290.72	563.87	79.21	0	1
PROTOTYPE	027404	04/16/18	05:04:15	0.4892597695390782	0.4892597695390782	11.2	0.0	3.424818386773547	3.424818386773547	11.2	0.0	0.4892597695390782	0.4892597695390782	11.2	0.0	290.0	290.61	470.84	172.33	0	1
PROTOTYPE	027405	04/16/18	05:04:17	0.4892597695390782	0.4892597695390782	11.2	0.0	3.424818386773547	3.424818386773547	11.2	0.0	0.4892597695390782	0.4892597695390782	11.2	0.0	275.0	288.27	613.25	-153.52	0	1
PROTOTYPE	027406	04/16/18	05:04:18	0.4892597695390782	0.4892597695390782	11.22	0.0	3.424818386773547	3.424818386773547	11.22	0.0	0.4892597695390782	0.4892597695390782	11.22	0.0	283.0	287.48	599.3	-325.49	0	1
PROTOTYPE	027407	04/16/18	05:04:19	0.4892597695390782	0.4892597695390782	11.26	0.0	3.424818386773547	3.424818386773547	11.26	0.0	0.4892597695390782	0.4892597695390782	11.26	0.0	290.0	287.86	581.17	-231.67	0	1
PROTOTYPE	027408	04/16/18	05:04:21	0.4892597695390782	0.4892597695390782	11.26	0.0	3.424818386773547	3.424818386773547	11.26	0.0	0.4892597695390782	0.4892597695390782	11.26	0.0	289.0	288.03	510.96	-301.92	0	1
PROTOTYPE	027409	04/16/18	05:04:22	0.4892597695390782	0.4892597695390782	11.27	0.0	3.424818386773547	3.424818386773547	11.27	0.0	0.4892597695390782	0.4892597695390782	11.27	0.0	300.0	289.82	646.23	-166.63	0	1
PROTOTYPE	027410	04/16/18	05:04:24	0.4892597695390782	0.4892597695390782	11.28	0.0	3.424818386773547	3.424818386773547	11.28	0.0	0.4892597695390782	0.4892597695390782	11.28	0.0	287.0	289.4	606.25	-126.64	0	1
PROTOTYPE	027411	04/16/18	05:04:25	0.4892597695390782	0.4892597695390782	11.3	0.0	3.424818386773547	3.424818386773547	11.3	0.0	0.4892597695390782	0.4892597695390782	11.3	0.0	289.0	289.34	607.21	-137.64	0	1
PROTOTYPE	027412	04/16/18	05:04:26	0.5871117234468938	0.5039375626252506	24.94	15.0	3.424818386773547	3.424818386773547	11.29	0.0	0.4892597695390782	0.4892597695390782	11.29	0.0	290.0	289.44	606.38	-116.99	0	1
PROTOTYPE	027413	04/16/18	05:04:28	0.4892597695390782	0.5019805235470942	26.2	12.75	3.424818386773547	3.424818386773547	11.3	0.0	0.4892597695390782	0.4892597695390782	11.3	0.0	294.0	290.12	440.68	185.55	0	1
PROTOTYPE	027414	04/16/18	05:04:29	0.4892597695390782	0.5000234844689379	27.17	10.84	3.424818386773547	3.424818386773547	11.31	0.0	0.4892597695390782	0.4892597695390782	11.31	0.0	286.0	289.5	423.51	202.72	0	1
PROTOTYPE	027415	04/16/18	05:04:31	0.4892597695390782	0.4980664453907815	27.89	9.21	3.424818386773547	3.424818386773547	11.29	0.0	0.4892597695390782	0.4892597695390782	11.29	0.0	288.0	289.28	408.26	142.31	0	1
PROTOTYPE	027416	04/16/18	05:04:32	0.4892597695390782	0.4970879258517034	28.46	7.83	3.424818386773547	3.424818386773547	11.29	0.0	0.4892597695390782	0.4892597695390782	11.29	0.0	290.0	289.39	401.94	135.97	0	1
PROTOTYPE	027417	04/16/18	05:04:34	0.4892597695390782	0.49610940631262535	28.9	6.66	3.424818386773547	3.424818386773547	11.31	0.0	0.4892597695390782	0.4892597695390782	11.31	0.0	285.0	288.73	288.17	-109.43	0	1
PROTOTYPE	027418	04/16/18	05:04:35	0.4892597695390782	0.49513088677354705	29.2	5.66	3.424818386773547	3.424818386773547	11.29	0.0	0.4892597695390782	0.4892597695390782	11.29	0.0	301.0	290.57	429.87	116.99	0	1
PROTOTYPE	027419	04/16/18	05:04:36	0.4892597695390782	0.4941523672344689	29.44	4.81	3.424818386773547	3.424818386773547	11.29	0.0	0.4892597695390782	0.4892597695390782	11.29	0.0	284.0	289.58	522.26	24.44	0	1
PROTOTYPE	027420	04/16/18	05:04:38	0.4892597695390782	0.49317384769539074	15.96	-10.91	3.424818386773547	3.424818386773547	11.3	0.0	0.4892597695390782	0.4892597695390782	11.3	0.0	287.0	289.2	551.05	-24.23	0	1
PROTOTYPE	027421	04/16/18	05:04:39	0.4892597695390782	0.4921953281563127	14.84	-9.28	3.424818386773547	3.424818386773547	11.29	0.0	0.4892597695390782	0.4892597695390782	11.29	0.0	286.0	288.72	530.59	-140.59	0	1
PROTOTYPE	027422	04/16/18	05:04:41	0.4892597695390782	0.4921953281563127	13.96	-7.88	3.424818386773547	3.424818386773547	11.28	0.0	0.4892597695390782	0.4892597695390782	11.28	0.0	297.0	289.96	592.98	45.5	0	1
PROTOTYPE	027423	04/16/18	05:04:42	0.4892597695390782	0.4921953281563127	13.27	-6.7	3.424818386773547	3.424818386773547	11.27	0.0	0.4892597695390782	0.4892597695390782	11.27	0.0	296.0	290.87	660.98	158.67	0	1
PROTOTYPE	027424	04/16/18	05:04:43	0.4892597695390782	0.4912168086172345	12.75	-5.7	3.424818386773547	3.424818386773547	11.26	0.0	0.4892597695390782	0.4892597695390782	11.26	0.0	304.0	292.84	847.1	344.87	0	1
PROTOTYPE	027425	04/16/18	05:04:45	0.4892597695390782	0.4912168086172345	12.34	-4.84	3.424818386773547	3.424818386773547	11.24	0.0	0.4892597695390782	0.4892597695390782	11.24	0.0	293.0	292.86	784.11	413.14	0	1
PROTOTYPE	027426	04/16/18	05:04:46	0.4892597695390782	0.4912168086172345	12.07	-4.12	3.424818386773547	3.424818386773547	11.26	0.0	0.4892597695390782	0.4892597695390782	11.26	0.0	296.0	293.33	647.15	276.17	0	1
PROTOTYPE	027427	04/16/18	05:04:48	0.4892597695390782	0.49023828907815625	11.87	-3.5	3.424818386773547	3.424818386773547	11.28	0.0	0.4892597695390782	0.4892597695390782	11.28	0.0	293.0	293.28	553.77	369.74	0	1
PROTOTYPE	027428	04/16/18	05:04:49	0.4892597695390782	0.49023828907815625	11.71	-2.97	3.424818386773547	3.424818386773547	11.28	0.0	0.4892597695390782	0.4892597695390782	11.28	0.0	302.0	294.59	645.76	539.28	0	1
PROTOTYPE	027429	04/16/18	05:04:50	0.4892597695390782	0.49023828907815625	11.6	-2.53	3.424818386773547	3.424818386773547	11.29	0.0	0.4892597695390782	0.4892597695390782	11.29	0.0	286.0	293.3	726.64	458.39	0	1
PROTOTYPE	027430	04/16/18	05:04:52	0.4892597695390782	0.49023828907815625	11.52	-2.15	3.424818386773547	3.424818386773547	11.29	0.0	0.4892597695390782	0.4892597695390782	11.29	0.0	294.0	293.41	612.97	344.63	0	1
PROTOTYPE	027431	04/16/18	05:04:53	0.4892597695390782	0.49023828907815625	11.47	-1.83	3.424818386773547	3.424818386773547	11.31	0.0	0.4892597695390782	0.4892597695390782	11.31	0.0	297.0	293.94	576.29	307.94	0	1
PROTOTYPE	027432	04/16/18	05:04:55	0.4892597695390782	0.49023828907815625	11.45	-1.55	3.424818386773547	3.424818386773547	11.33	0.0	0.4892597695390782	0.4892597695390782	11.33	0.0	294.0	293.95	380.9	111.75	0	1
PROTOTYPE	027433	04/16/18	05:04:56	0.4892597695390782	0.4892597695390782	11.42	-1.32	3.424818386773547	3.424818386773547	11.34	0.0	0.4892597695390782	0.4892597695390782	11.34	0.0	294.0	293.96	379.64	109.98	0	1
PROTOTYPE	027434	04/16/18	05:04:57	0.4892597695390782	0.4892597695390782	11.37	-1.12	3.424818386773547	3.424818386773547	11.31	0.0	0.4892597695390782	0.4892597695390782	11.31	0.0	281.0	292.02	526.93	-131.51	0	1
PROTOTYPE	027435	04/16/18	05:04:59	0.4892597695390782	0.4892597695390782	11.31	-0.95	3.424818386773547	3.424818386773547	11.27	0.0	0.4892597695390782	0.4892597695390782	11.27	0.0	283.0	290.66	657.01	-261.79	0	1
PROTOTYPE	027436	04/16/18	05:05:00	0.4892597695390782	0.4892597695390782	11.3	-0.81	3.424818386773547	3.424818386773547	11.27	0.0	0.4892597695390782	0.4892597695390782	11.27	0.0	288.0	290.26	566.21	-432.52	0	1
PROTOTYPE	027437	04/16/18	05:05:02	0.4892597695390782	0.4892597695390782	11.3	-0.69	3.424818386773547	3.424818386773547	11.28	0.0	0.4892597695390782	0.4892597695390782	11.28	0.0	300.0	291.72	583.41	-157.64	0	1
PROTOTYPE	027438	04/16/18	05:05:03	0.4892597695390782	0.4892597695390782	11.28	-0.59	3.424818386773547	3.424818386773547	11.26	0.0	0.4892597695390782	0.4892597695390782	11.26	0.0	297.0	292.52	651.97	-88.99	0	1
PROTOTYPE	027439	04/16/18	05:05:05	0.4892597695390782	0.4892597695390782	11.25	-0.5	3.424818386773547	3.424818386773547	11.24	0.0	0.4892597695390782	0.4892597695390782	11.24	0.0	286.0	291.54	695.79	-240.65	0	1
PROTOTYPE	027440	04/16/18	05:05:06	0.4892597695390782	0.4892597695390782	11.27	-0.42	3.424818386773547	3.424818386773547	11.26	0.0	0.4892597695390782	0.4892597695390782	11.26	0.0	283.0	290.26	822.24	-369.55	0	1
PROTOTYPE	027441	04/16/18	05:05:07	0.4892597695390782	0.4892597695390782	11.25	-0.36	3.424818386773547	3.424818386773547	11.25	0.0	0.4892597695390782	0.4892597695390782	11.25	0.0	292.0	290.52	846.83	-344.12	0	1
PROTOTYPE	027442	04/16/18	05:05:09	0.4892597695390782	0.4892597695390782	11.26	-0.31	3.424818386773547	3.424818386773547	11.26	0.0	0.4892597695390782	0.4892597695390782	11.26	0.0	294.0	291.04	704.66	-97.5	0	1
PROTOTYPE	027443	04/16/18	05:05:10	0.4892597695390782	0.4892597695390782	11.28	-0.26	3.424818386773547	3.424818386773547	11.28	0.0	0.4892597695390782	0.4892597695390782	11.28	0.0	276.0	288.79	795.03	-187.87	0	1
PROTOTYPE	027444	04/16/18	05:05:12	0.4892597695390782	0.4892597695390782	11.28	-0.22	3.424818386773547	3.424818386773547	11.28	0.0	0.4892597695390782	0.4892597695390782	11.28	0.0	297.0	290.02	878.28	-24.69	0	1
PROTOTYPE	027445	04/16/18	05:05:13	0.4892597695390782	0.4892597695390782	11.28	-0.19	3.424818386773547	3.424818386773547	11.28	0.0	0.4892597695390782	0.4892597695390782	11.28	0.0	293.0	290.46	777.0	-125.99	0	1
PROTOTYPE	027446	04/16/18	05:05:14	0.4892597695390782	0.4892597695390782	11.3	-0.16	3.424818386773547	3.424818386773547	11.3	0.0	0.4892597695390782	0.4892597695390782	11.3	0.0	292.0	290.69	720.93	-182.09	0	1
PROTOTYPE	027447	04/16/18	05:05:16	0.4892597695390782	0.4892597695390782	11.31	-0.14	3.424818386773547	3.424818386773547	11.31	0.0	0.4892597695390782	0.4892597695390782	11.31	0.0	288.0	290.29	663.63	-124.78	0	1
PROTOTYPE	027448	04/16/18	05:05:17	0.4892597695390782	0.4892597695390782	11.29	-0.12	3.424818386773547	3.424818386773547	11.29	0.0	0.4892597695390782	0.4892597695390782	11.29	0.0	301.0	291.9	696.19	163.94	0	1
PROTOTYPE	027449	04/16/18	05:05:19	0.4892597695390782	0.4892597695390782	11.31	-0.1	3.424818386773547	3.424818386773547	11.31	0.0	0.4892597695390782	0.4892597695390782	11.31	0.0	290.0	291.61	698.51	109.35	0	1
PROTOTYPE	027450	04/16/18	05:05:20	0.4892597695390782	0.4892597695390782	11.31	-0.08	3.424818386773547	3.424818386773547	11.31	0.0	0.4892597695390782	0.4892597695390782	11.31	0.0	287.0	290.92	715.48	-12.05	0	1
PROTOTYPE	027451	04/16/18	05:05:21	0.4892597695390782	0.4892597695390782	11.31	-0.07	3.424818386773547	3.424818386773547	11.31	0.0	0.4892597695390782	0.4892597695390782	11.31	0.0	291.0	290.93	491.7	214.75	0	1
PROTOTYPE	027452	04/16/18	05:05:23	0.4892597695390782	0.4892597695390782	11.31	-0.06	3.424818386773547	3.424818386773547	11.31	0.0	0.4892597695390782	0.4892597695390782	11.31	0.0	284.0	289.89	472.47	-12.46	0	1
PROTOTYPE	027453	04/16/18	05:05:24	0.4892597695390782	0.4892597695390782	11.29	-0.05	3.424818386773547	3.424818386773547	11.29	0.0	0.4892597695390782	0.4892597695390782	11.29	0.0	294.0	290.51	489.33	4.41	0	1
PROTOTYPE	027454	04/16/18	05:05:26	0.4892597695390782	0.4892597695390782	11.29	-0.04	3.424818386773547	3.424818386773547	11.29	0.0	0.4892597695390782	0.4892597695390782	11.29	0.0	286.0	289.83	533.91	-86.25	0	1
PROTOTYPE	027455	04/16/18	05:05:27	0.4892597695390782	0.4892597695390782	11.3	-0.04	3.424818386773547	3.424818386773547	11.3	0.0	0.4892597695390782	0.4892597695390782	11.3	0.0	298.0	291.06	615.98	76.69	0	1
PROTOTYPE	027456	04/16/18	05:05:29	0.4892597695390782	0.4892597695390782	11.29	-0.03	3.424818386773547	3.424818386773547	11.29	0.0	0.4892597695390782	0.4892597695390782	11.29	0.0	283.0	289.85	576.2	-204.82	0	1
PROTOTYPE	027457	04/16/18	05:05:30	0.4892597695390782	0.4892597695390782	11.29	-0.03	3.424818386773547	3.424818386773547	11.29	0.0	0.4892597695390782	0.4892597695390782	11.29	0.0	292.0	290.17	580.01	-144.09	0	1
PROTOTYPE	027458	04/16/18	05:05:31	0.4892597695390782	0.4892597695390782	11.29	-0.02	3.424818386773547	3.424818386773547	11.29	0.0	0.4892597695390782	0.4892597695390782	11.29	0.0	284.0	289.25	603.39	-167.48	0	1
PROTOTYPE	027459	04/16/18	05:05:33	0.4892597695390782	0.4892597695390782	11.3	-0.02	3.424818386773547	3.424818386773547	11.3	0.0	0.4892597695390782	0.4892597695390782	11.3	0.0	288.0	289.06	620.29	-187.36	0	1
PROTOTYPE	027460	04/16/18	05:05:34	0.4892597695390782	0.4892597695390782	11.3	-0.02	3.424818386773547	3.424818386773547	11.3	0.0	0.4892597695390782	0.4892597695390782	11.3	0.0	295.0	289.95	605.42	5.75	0	1
PROTOTYPE	027461	04/16/18	05:05:36	0.4892597695390782	0.4892597695390782	11.3	-0.01	3.424818386773547	3.424818386773547	11.3	0.0	0.4892597695390782	0.4892597695390782	11.3	0.0	295.0	290.71	619.55	19.88	0	1
PROTOTYPE	027462	04/16/18	05:05:37	0.4892597695390782	0.4892597695390782	11.29	-0.01	3.3269664328657313	3.410140593687375	24.95	-15.0	0.4892597695390782	0.4892597695390782	11.29	0.0	296.0	291.5	631.3	166.9	0	1
PROTOTYPE	027463	04/16/18	05:05:38	0.4892597695390782	0.4892597695390782	11.26	-0.01	3.424818386773547	3.412097632765531	26.18	-12.75	0.4892597695390782	0.4892597695390782	11.26	0.0	303.0	293.23	681.26	216.87	0	1
PROTOTYPE	027464	04/16/18	05:05:40	0.4892597695390782	0.4892597695390782	11.27	-0.01	3.424818386773547	3.4140546718436875	27.15	-10.84	0.4892597695390782	0.4892597695390782	11.27	0.0	289.0	292.59	623.8	274.34	0	1
PROTOTYPE	027465	04/16/18	05:05:41	0.4892597695390782	0.4892597695390782	11.25	-0.01	3.424818386773547	3.4160117109218437	27.88	-9.21	0.4892597695390782	0.4892597695390782	11.25	0.0	284.0	291.3	720.4	113.19	0	1
PROTOTYPE	027466	04/16/18	05:05:43	0.4892597695390782	0.4892597695390782	11.26	-0.01	3.424818386773547	3.416990230460922	28.45	-7.83	0.4892597695390782	0.4892597695390782	11.26	0.0	294.0	291.71	668.29	246.21	0	1
PROTOTYPE	027467	04/16/18	05:05:44	0.4892597695390782	0.4892597695390782	11.23	-0.01	3.424818386773547	3.41796875	28.85	-6.66	0.4892597695390782	0.4892597695390782	11.23	0.0	287.0	291.0	720.18	194.28	0	1
PROTOTYPE	027468	04/16/18	05:05:45	0.4892597695390782	0.4892597695390782	11.21	-0.0	3.424818386773547	3.4189472695390783	29.15	-5.66	0.4892597695390782	0.4892597695390782	11.21	0.0	292.0	291.15	646.09	120.14	0	1
PROTOTYPE	027469	04/16/18	05:05:47	0.4892597695390782	0.4892597695390782	11.21	-0.0	3.424818386773547	3.4199257890781567	29.39	-4.81	0.4892597695390782	0.4892597695390782	11.21	0.0	291.0	291.13	573.0	42.11	0	1
PROTOTYPE	027470	04/16/18	05:05:48	0.4892597695390782	0.4892597695390782	11.21	-0.0	3.424818386773547	3.4209043086172346	15.9	10.91	0.4892597695390782	0.4892597695390782	11.21	0.0	274.0	288.56	750.53	-294.2	0	1
PROTOTYPE	027471	04/16/18	05:05:50	0.4892597695390782	0.4892597695390782	11.21	-0.0	3.424818386773547	3.4218828281563125	14.77	9.28	0.4892597695390782	0.4892597695390782	11.21	0.0	299.0	290.13	734.67	-310.07	0	1
PROTOTYPE	027472	04/16/18	05:05:51	0.4892597695390782	0.4892597695390782	11.22	-0.0	3.424818386773547	3.4218828281563125	13.91	7.88	0.4892597695390782	0.4892597695390782	11.22	0.0	291.0	290.26	684.45	-233.56	0	1
PROTOTYPE	027473	04/16/18	05:05:52	0.4892597695390782	0.4892597695390782	11.21	-0.0	3.424818386773547	3.4218828281563125	13.22	6.7	0.4892597695390782	0.4892597695390782	11.21	0.0	289.0	290.07	574.46	-123.53	0	1
PROTOTYPE	027474	04/16/18	05:05:54	0.4892597695390782	0.4892597695390782	11.2	-0.0	3.424818386773547	3.4228613476953904	12.7	5.7	0.4892597695390782	0.4892597695390782	11.2	0.0	289.0	289.91	550.07	-180.0	0	1
PROTOTYPE	027475	04/16/18	05:05:55	0.4892597695390782	0.4892597695390782	11.24	-0.0	3.424818386773547	3.4228613476953904	12.34	4.84	0.4892597695390782	0.4892597695390782	11.24	0.0	291.0	290.07	495.88	-93.0	0	1
PROTOTYPE	027476	04/16/18	05:05:57	0.4892597695390782	0.4892597695390782	11.24	-0.0	3.424818386773547	3.4228613476953904	12.05	4.12	0.4892597695390782	0.4892597695390782	11.24	0.0	293.0	290.51	524.79	-64.05	0	1
PROTOTYPE	027477	04/16/18	05:05:58	0.4892597695390782	0.4892597695390782	11.26	-0.0	3.424818386773547	3.423839867234469	11.85	3.5	0.4892597695390782	0.4892597695390782	11.26	0.0	296.0	291.33	604.47	20.56	0	1
PROTOTYPE	027478	04/16/18	05:05:59	0.4892597695390782	0.4892597695390782	11.26	-0.0	3.424818386773547	3.423839867234469	11.69	2.97	0.4892597695390782	0.4892597695390782	11.26	0.0	278.0	289.33	547.55	77.47	0	1
PROTOTYPE	027479	04/16/18	05:06:01	0.4892597695390782	0.4892597695390782	11.29	-0.0	3.424818386773547	3.423839867234469	11.6	2.53	0.4892597695390782	0.4892597695390782	11.29	0.0	289.0	289.28	396.15	-84.15	0	1
PROTOTYPE	027480	04/16/18	05:06:02	0.4892597695390782	0.4892597695390782	11.28	-0.0	3.424818386773547	3.423839867234469	11.51	2.15	0.4892597695390782	0.4892597695390782	11.28	0.0	293.0	289.84	438.71	-41.52	0	1
PROTOTYPE	027481	04/16/18	05:06:04	0.4892597695390782	0.4892597695390782	11.29	-0.0	3.424818386773547	3.423839867234469	11.45	1.83	0.4892597695390782	0.4892597695390782	11.29	0.0	289.0	289.72	432.51	-35.3	0	1
PROTOTYPE	027482	04/16/18	05:06:05	0.4892597695390782	0.4892597695390782	11.3	-0.0	3.424818386773547	3.423839867234469	11.42	1.55	0.4892597695390782	0.4892597695390782	11.3	0.0	290.0	289.76	420.92	-15.0	0	1
PROTOTYPE	027483	04/16/18	05:06:07	0.4892597695390782	0.4892597695390782	11.27	-0.0	3.424818386773547	3.424818386773547	11.36	1.32	0.4892597695390782	0.4892597695390782	11.27	0.0	283.0	288.74	505.86	-132.75	0	1
PROTOTYPE	027484	04/16/18	05:06:08	0.4892597695390782	0.4892597695390782	11.27	-0.0	3.424818386773547	3.424818386773547	11.33	1.12	0.4892597695390782	0.4892597695390782	11.27	0.0	291.0	289.08	495.78	-142.84	0	1
PROTOTYPE	027485	04/16/18	05:06:09	0.4892597695390782	0.4892597695390782	11.26	-0.0	3.424818386773547	3.424818386773547	11.3	0.95	0.4892597695390782	0.4892597695390782	11.26	0.0	283.0	288.17	504.68	-316.41	0	1
PROTOTYPE	027486	04/16/18	05:06:11	0.4892597695390782	0.4892597695390782	11.27	-0.0	3.424818386773547	3.424818386773547	11.3	0.81	0.4892597695390782	0.4892597695390782	11.27	0.0	301.0	290.09	497.11	76.05	0	1
PROTOTYPE	027487	04/16/18	05:06:12	0.4892597695390782	0.4892597695390782	11.26	-0.0	3.424818386773547	3.424818386773547	11.28	0.69	0.4892597695390782	0.4892597695390782	11.26	0.0	288.0	289.78	523.35	49.64	0	1
PROTOTYPE	027488	04/16/18	05:06:14	0.4892597695390782	0.4892597695390782	11.24	-0.0	3.424818386773547	3.424818386773547	11.26	0.59	0.4892597695390782	0.4892597695390782	11.24	0.0	286.0	289.21	524.32	-62.8	0	1
PROTOTYPE	027489	04/16/18	05:06:15	0.4892597695390782	0.4892597695390782	11.25	-0.0	3.424818386773547	3.424818386773547	11.26	0.5	0.4892597695390782	0.4892597695390782	11.25	0.0	292.0	289.63	553.44	-8.38	0	1
PROTOTYPE	027490	04/16/18	05:06:16	0.4892597695390782	0.4892597695390782	11.24	-0.0	3.424818386773547	3.424818386773547	11.25	0.42	0.4892597695390782	0.4892597695390782	11.24	0.0	291.0	289.84	569.52	7.87	0	1
PROTOTYPE	027491	04/16/18	05:06:18	0.4892597695390782	0.4892597695390782	11.25	-0.0	3.424818386773547	3.424818386773547	11.25	0.36	0.4892597695390782	0.4892597695390782	11.25	0.0	293.0	290.31	515.61	156.69	0	1
PROTOTYPE	027492	04/16/18	05:06:19	0.4892597695390782	0.4892597695390782	11.25	-0.0	3.424818386773547	3.424818386773547	11.25	0.31	0.4892597695390782	0.4892597695390782	11.25	0.0	289.0	290.11	501.47	103.19	0	1
PROTOTYPE	027493	04/16/18	05:06:21	0.4892597695390782	0.4892597695390782	11.23	-0.0	3.424818386773547	3.424818386773547	11.23	0.26	0.4892597695390782	0.4892597695390782	11.23	0.0	285.0	289.35	486.95	117.71	0	1
PROTOTYPE	027494	04/16/18	05:06:22	0.4892597695390782	0.4892597695390782	11.24	-0.0	3.424818386773547	3.424818386773547	11.24	0.22	0.4892597695390782	0.4892597695390782	11.24	0.0	299.0	290.8	439.29	70.05	0	1
PROTOTYPE	027495	04/16/18	05:06:23	0.4892597695390782	0.4892597695390782	11.23	-0.0	3.424818386773547	3.424818386773547	11.23	0.19	0.4892597695390782	0.4892597695390782	11.23	0.0	286.0	290.08	479.78	29.55	0	1
PROTOTYPE	027496	04/16/18	05:06:25	0.4892597695390782	0.4892597695390782	11.25	-0.0	3.424818386773547	3.424818386773547	11.25	0.16	0.4892597695390782	0.4892597695390782	11.25	0.0	287.0	289.61	469.22	40.11	0	1
PROTOTYPE	027497	04/16/18	05:06:26	0.4892597695390782	0.4892597695390782	11.27	-0.0	3.424818386773547	3.424818386773547	11.27	0.14	0.4892597695390782	0.4892597695390782	11.27	0.0	295.0	290.42	508.19	79.1	0	1
PROTOTYPE	027498	04/16/18	05:06:28	0.4892597695390782	0.4892597695390782	11.26	-0.0	3.424818386773547	3.424818386773547	11.26	0.12	0.4892597695390782	0.4892597695390782	11.26	0.0	293.0	290.81	526.3	97.23	0	1
PROTOTYPE	027499	04/16/18	05:06:29	0.4892597695390782	0.4892597695390782	11.26	-0.0	3.424818386773547	3.424818386773547	11.26	0.1	0.4892597695390782	0.4892597695390782	11.26	0.0	298.0	291.89	586.71	157.65	0	1
PROTOTYPE	027500	04/16/18	05:06:30	0.4892597695390782	0.4892597695390782	11.26	-0.0	3.424818386773547	3.424818386773547	11.26	0.08	0.4892597695390782	0.4892597695390782	11.26	0.0	290.0	291.6	595.34	149.0	0	1
PROTOTYPE	027501	04/16/18	05:06:32	0.4892597695390782	0.4892597695390782	11.28	-0.0	3.424818386773547	3.424818386773547	11.28	0.07	0.4892597695390782	0.4892597695390782	11.28	0.0	293.0	291.81	539.59	246.65	0	1
PROTOTYPE	027502	04/16/18	05:06:33	0.4892597695390782	0.4892597695390782	11.26	-0.0	3.424818386773547	3.424818386773547	11.26	0.06	0.4892597695390782	0.4892597695390782	11.26	0.0	285.0	290.79	497.01	-0.35	0	1
PROTOTYPE	027503	04/16/18	05:06:35	0.4892597695390782	0.4892597695390782	11.27	-0.0	3.424818386773547	3.424818386773547	11.27	0.05	0.4892597695390782	0.4892597695390782	11.27	0.0	296.0	291.57	503.2	149.7	0	1
PROTOTYPE	027504	04/16/18	05:06:36	0.4892597695390782	0.4892597695390782	11.26	-0.0	3.424818386773547	3.424818386773547	11.26	0.04	0.4892597695390782	0.4892597695390782	11.26	0.0	282.0	290.14	600.64	52.25	0	1
PROTOTYPE	027505	04/16/18	05:06:37	0.4892597695390782	0.4892597695390782	11.24	-0.0	3.424818386773547	3.424818386773547	11.24	0.04	0.4892597695390782	0.4892597695390782	11.24	0.0	296.0	291.02	607.8	59.41	0	1
PROTOTYPE	027506	04/16/18	05:06:39	0.4892597695390782	0.4892597695390782	11.27	-0.0	3.424818386773547	3.424818386773547	11.27	0.03	0.4892597695390782	0.4892597695390782	11.27	0.0	286.0	290.26	644.38	-54.5	0	1
PROTOTYPE	027507	04/16/18	05:06:40	0.4892597695390782	0.4892597695390782	11.27	-0.0	3.424818386773547	3.424818386773547	11.27	0.03	0.4892597695390782	0.4892597695390782	11.27	0.0	288.0	289.92	570.49	-196.33	0	1
PROTOTYPE	027508	04/16/18	05:06:42	0.4892597695390782	0.4892597695390782	11.27	-0.0	3.424818386773547	3.424818386773547	11.27	0.02	0.4892597695390782	0.4892597695390782	11.27	0.0	290.0	289.94	543.94	-166.88	0	1
PROTOTYPE	027509	04/16/18	05:06:43	0.4892597695390782	0.4892597695390782	11.26	-0.0	3.424818386773547	3.424818386773547	11.26	0.02	0.4892597695390782	0.4892597695390782	11.26	0.0	296.0	290.85	613.94	-96.84	0	1
PROTOTYPE	027510	04/16/18	05:06:45	0.4892597695390782	0.4892597695390782	11.32	-0.0	3.424818386773547	3.424818386773547	11.32	0.02	0.4892597695390782	0.4892597695390782	11.32	0.0	293.0	291.17	544.07	37.68	0	1
PROTOTYPE	027511	04/16/18	05:06:46	0.4892597695390782	0.4892597695390782	11.3	-0.0	3.424818386773547	3.424818386773547	11.3	0.01	0.4892597695390782	0.4892597695390782	11.3	0.0	296.0	291.89	538.42	32.03	0	1
PROTOTYPE	027512	04/16/18	05:06:47	0.4892597695390782	0.4892597695390782	11.35	-0.0	3.424818386773547	3.424818386773547	11.35	0.01	0.4892597695390782	0.4892597695390782	11.35	0.0	292.0	291.91	396.98	177.23	0	1
PROTOTYPE	027513	04/16/18	05:06:49	0.4892597695390782	0.4892597695390782	11.35	-0.0	3.424818386773547	3.424818386773547	11.35	0.01	0.4892597695390782	0.4892597695390782	11.35	0.0	292.0	291.92	310.98	90.64	0	1
PROTOTYPE	027514	04/16/18	05:06:50	0.4892597695390782	0.4892597695390782	11.33	-0.0	3.424818386773547	3.424818386773547	11.33	0.01	0.4892597695390782	0.4892597695390782	11.33	0.0	300.0	293.13	356.89	287.05	0	1
PROTOTYPE	027515	04/16/18	05:06:52	0.4892597695390782	0.4892597695390782	11.35	-0.0	3.424818386773547	3.424818386773547	11.35	0.01	0.4892597695390782	0.4892597695390782	11.35	0.0	287.0	292.21	414.93	228.99	0	1
PROTOTYPE	027516	04/16/18	05:06:53	0.4892597695390782	0.4892597695390782	11.35	-0.0	3.424818386773547	3.424818386773547	11.35	0.01	0.4892597695390782	0.4892597695390782	11.35	0.0	282.0	290.68	566.35	74.64	0	1
PROTOTYPE	027517	04/16/18	05:06:55	0.4892597695390782	0.4892597695390782	11.4	-0.0	3.424818386773547	3.424818386773547	11.4	0.01	0.4892597695390782	0.4892597695390782	11.4	0.0	287.0	290.13	530.62	-71.56	0	1
PROTOTYPE	027518	04/16/18	05:06:56	0.4892597695390782	0.4892597695390782	11.36	-0.0	3.424818386773547	3.424818386773547	11.36	0.0	0.4892597695390782	0.4892597695390782	11.36	0.0	288.0	289.81	530.25	-135.82	0	1
PROTOTYPE	027519	04/16/18	05:06:57	0.4892597695390782	0.4892597695390782	11.36	-0.0	3.424818386773547	3.424818386773547	11.36	0.0	0.4892597695390782	0.4892597695390782	11.36	0.0	296.0	290.74	550.62	-115.45	0	1
PROTOTYPE	027520	04/16/18	05:06:59	0.4892597695390782	0.4892597695390782	11.33	-0.0	3.424818386773547	3.424818386773547	11.33	0.0	0.4892597695390782	0.4892597695390782	11.33	0.0	292.0	290.93	567.43	-98.13	0	1
PROTOTYPE	027521	04/16/18	05:07:00	0.4892597695390782	0.4892597695390782	11.31	-0.0	3.424818386773547	3.424818386773547	11.31	0.0	0.4892597695390782	0.4892597695390782	11.31	0.0	294.0	291.39	611.57	-53.41	0	1
PROTOTYPE	027522	04/16/18	05:07:02	0.4892597695390782	0.4892597695390782	11.31	-0.0	3.424818386773547	3.424818386773547	11.31	0.0	0.4892597695390782	0.4892597695390782	11.31	0.0	293.0	291.63	514.62	-150.4	0	1
PROTOTYPE	027523	04/16/18	05:07:03	0.4892597695390782	0.4892597695390782	11.3	-0.0	3.424818386773547	3.424818386773547	11.3	0.0	0.4892597695390782	0.4892597695390782	11.3	0.0	289.0	291.24	462.07	-97.84	0	1
PROTOTYPE	027524	04/16/18	05:07:04	0.4892597695390782	0.4892597695390782	11.32	-0.0	3.424818386773547	3.424818386773547	11.32	0.0	0.4892597695390782	0.4892597695390782	11.32	0.0	296.0	291.95	380.33	126.84	0	1
PROTOTYPE	027525	04/16/18	05:07:06	0.4892597695390782	0.4892597695390782	11.28	-0.0	3.424818386773547	3.424818386773547	11.28	0.0	0.4892597695390782	0.4892597695390782	11.28	0.0	283.0	290.61	459.34	47.81	0	1
PROTOTYPE	027526	04/16/18	05:07:07	0.4892597695390782	0.4892597695390782	11.26	-0.0	3.424818386773547	3.424818386773547	11.26	0.0	0.4892597695390782	0.4892597695390782	11.26	0.0	289.0	290.37	451.52	55.64	0	1
PROTOTYPE	027527	04/16/18	05:07:09	0.4892597695390782	0.4892597695390782	11.29	-0.0	3.424818386773547	3.424818386773547	11.29	0.0	0.4892597695390782	0.4892597695390782	11.29	0.0	293.0	290.76	398.19	2.29	0	1
PROTOTYPE	027528	04/16/18	05:07:10	0.4892597695390782	0.4892597695390782	11.27	-0.0	3.424818386773547	3.424818386773547	11.27	0.0	0.4892597695390782	0.4892597695390782	11.27	0.0	298.0	291.85	487.8	91.95	0	1
PROTOTYPE	027529	04/16/18	05:07:11	0.4892597695390782	0.4892597695390782	11.29	-0.0	3.424818386773547	3.424818386773547	11.29	0.0	0.4892597695390782	0.4892597695390782	11.29	0.0	293.0	292.02	459.04	63.16	0	1
PROTOTYPE	027530	04/16/18	05:07:13	0.4892597695390782	0.4892597695390782	11.29	-0.0	3.424818386773547	3.424818386773547	11.29	0.0	0.4892597695390782	0.4892597695390782	11.29	0.0	297.0	292.77	509.54	113.68	0	1
PROTOTYPE	027531	04/16/18	05:07:14	0.4892597695390782	0.4892597695390782	11.28	-0.0	3.424818386773547	3.424818386773547	11.28	0.0	0.4892597695390782	0.4892597695390782	11.28	0.0	293.0	292.8	473.83	156.63	0	1
PROTOTYPE	027532	04/16/18	05:07:16	0.4892597695390782	0.4892597695390782	11.32	-0.0	3.424818386773547	3.424818386773547	11.32	0.0	0.4892597695390782	0.4892597695390782	11.32	0.0	299.0	293.73	495.33	178.14	0	1
PROTOTYPE	027533	04/16/18	05:07:17	0.4892597695390782	0.4892597695390782	11.3	-0.0	3.424818386773547	3.424818386773547	11.3	0.0	0.4892597695390782	0.4892597695390782	11.3	0.0	294.0	293.77	365.32	316.42	0	1
PROTOTYPE	027534	04/16/18	05:07:19	0.4892597695390782	0.4892597695390782	11.3	-0.0	3.424818386773547	3.424818386773547	11.3	0.0	0.4892597695390782	0.4892597695390782	11.3	0.0	282.0	292.01	517.75	163.95	0	1
PROTOTYPE	027535	04/16/18	05:07:20	0.4892597695390782	0.4892597695390782	11.29	-0.0	3.424818386773547	3.424818386773547	11.29	0.0	0.4892597695390782	0.4892597695390782	11.29	0.0	287.0	291.26	553.33	49.36	0	1
PROTOTYPE	027536	04/16/18	05:07:21	0.4892597695390782	0.4892597695390782	11.31	-0.0	3.424818386773547	3.424818386773547	11.31	0.0	0.4892597695390782	0.4892597695390782	11.31	0.0	286.0	290.47	523.59	-138.04	0	1
PROTOTYPE	027537	04/16/18	05:07:23	0.4892597695390782	0.4892597695390782	11.32	-0.0	3.424818386773547	3.424818386773547	11.32	0.0	0.4892597695390782	0.4892597695390782	11.32	0.0	295.0	291.15	574.25	-87.34	0	1
PROTOTYPE	027538	04/16/18	05:07:24	0.4892597695390782	0.4892597695390782	11.32	-0.0	3.424818386773547	3.424818386773547	11.32	0.0	0.4892597695390782	0.4892597695390782	11.32	0.0	290.0	290.97	516.81	-179.24	0	1
PROTOTYPE	027539	04/16/18	05:07:26	0.4892597695390782	0.4892597695390782	11.33	-0.0	3.424818386773547	3.424818386773547	11.33	0.0	0.4892597695390782	0.4892597695390782	11.33	0.0	286.0	290.23	587.68	-257.35	0	1
PROTOTYPE	027540	04/16/18	05:07:27	0.4892597695390782	0.4892597695390782	11.28	-0.0	3.424818386773547	3.424818386773547	11.28	0.0	0.4892597695390782	0.4892597695390782	11.28	0.0	296.0	291.09	581.28	-263.75	0	1
PROTOTYPE	027541	04/16/18	05:07:28	0.4892597695390782	0.4892597695390782	11.29	-0.0	3.424818386773547	3.424818386773547	11.29	0.0	0.4892597695390782	0.4892597695390782	11.29	0.0	285.0	290.18	668.45	-359.19	0	1
PROTOTYPE	027542	04/16/18	05:07:30	0.4892597695390782	0.4892597695390782	11.29	-0.0	3.424818386773547	3.424818386773547	11.29	0.0	0.4892597695390782	0.4892597695390782	11.29	0.0	286.0	289.55	554.59	-245.31	0	1
PROTOTYPE	027543	04/16/18	05:07:31	0.4892597695390782	0.4892597695390782	11.27	-0.0	3.424818386773547	3.424818386773547	11.27	0.0	0.39140781563126253	0.4745819764529058	24.94	-15.0	277.0	287.67	667.78	-358.51	0	1
PROTOTYPE	027544	04/16/18	05:07:33	0.4892597695390782	0.4892597695390782	11.25	-0.0	3.424818386773547	3.424818386773547	11.25	0.0	0.4892597695390782	0.4765390155310621	26.17	-12.75	291.0	288.17	638.9	-229.74	0	1
PROTOTYPE	027545	04/16/18	05:07:34	0.4892597695390782	0.4892597695390782	11.24	-0.0	3.424818386773547	3.424818386773547	11.24	0.0	0.4892597695390782	0.47849605460921835	27.13	-10.84	289.0	288.29	583.43	-285.27	0	1
PROTOTYPE	027546	04/16/18	05:07:35	0.4892597695390782	0.4892597695390782	11.25	-0.0	3.424818386773547	3.424818386773547	11.25	0.0	0.4892597695390782	0.48045309368737477	27.88	-9.21	294.0	289.15	651.77	-182.48	0	1
PROTOTYPE	027547	04/16/18	05:07:37	0.4892597695390782	0.4892597695390782	11.26	-0.0	3.424818386773547	3.424818386773547	11.26	0.0	0.4892597695390782	0.48143161322645295	28.45	-7.83	286.0	288.68	624.4	-155.11	0	1
PROTOTYPE	027548	04/16/18	05:07:38	0.4892597695390782	0.4892597695390782	11.26	-0.0	3.424818386773547	3.424818386773547	11.26	0.0	0.4892597695390782	0.482410132765531	28.87	-6.66	291.0	289.03	572.69	-206.84	0	1
PROTOTYPE	027549	04/16/18	05:07:40	0.4892597695390782	0.4892597695390782	11.28	-0.0	3.424818386773547	3.424818386773547	11.28	0.0	0.4892597695390782	0.48338865230460926	29.21	-5.66	298.0	290.37	615.88	19.18	0	1
PROTOTYPE	027550	04/16/18	05:07:41	0.4892597695390782	0.4892597695390782	11.28	-0.0	3.424818386773547	3.424818386773547	11.28	0.0	0.4892597695390782	0.48436717184368744	29.44	-4.81	300.0	291.82	697.58	226.3	0	1
PROTOTYPE	027551	04/16/18	05:07:43	0.4892597695390782	0.4892597695390782	11.29	-0.0	3.424818386773547	3.424818386773547	11.29	0.0	0.4892597695390782	0.4853456913827655	15.96	10.91	294.0	292.14	542.07	447.36	0	1
PROTOTYPE	027552	04/16/18	05:07:44	0.4892597695390782	0.4892597695390782	11.3	-0.0	3.424818386773547	3.424818386773547	11.3	0.0	0.4892597695390782	0.4863242109218437	14.84	9.28	285.0	291.07	599.27	290.26	0	1
PROTOTYPE	027553	04/16/18	05:07:45	0.4892597695390782	0.4892597695390782	11.29	-0.0	3.424818386773547	3.424818386773547	11.29	0.0	0.4892597695390782	0.4863242109218437	13.96	7.88	288.0	290.61	632.84	231.72	0	1
PROTOTYPE	027554	04/16/18	05:07:47	0.4892597695390782	0.4892597695390782	11.31	-0.0	3.424818386773547	3.424818386773547	11.31	0.0	0.4892597695390782	0.4863242109218437	13.31	6.7	293.0	290.97	583.1	181.96	0	1
PROTOTYPE	027555	04/16/18	05:07:48	0.4892597695390782	0.4892597695390782	11.29	-0.0	3.424818386773547	3.424818386773547	11.29	0.0	0.4892597695390782	0.48730273046092193	12.78	5.7	298.0	292.02	641.29	334.67	0	1
PROTOTYPE	027556	04/16/18	05:07:50	0.4892597695390782	0.4892597695390782	11.29	-0.0	3.424818386773547	3.424818386773547	11.29	0.0	0.4892597695390782	0.48730273046092193	12.39	4.84	290.0	291.72	636.82	269.47	0	1
PROTOTYPE	027557	04/16/18	05:07:51	0.4892597695390782	0.4892597695390782	11.29	-0.0	3.424818386773547	3.424818386773547	11.29	0.0	0.4892597695390782	0.48730273046092193	12.1	4.12	291.0	291.61	513.1	124.05	0	1
PROTOTYPE	027558	04/16/18	05:07:52	0.4892597695390782	0.4892597695390782	11.31	-0.0	3.424818386773547	3.424818386773547	11.31	0.0	0.4892597695390782	0.48828125	11.9	3.5	297.0	292.42	449.5	60.44	0	1
PROTOTYPE	027559	04/16/18	05:07:54	0.4892597695390782	0.4892597695390782	11.31	-0.0	3.424818386773547	3.424818386773547	11.31	0.0	0.4892597695390782	0.48828125	11.74	2.97	288.0	291.76	483.04	-38.63	0	1
PROTOTYPE	027560	04/16/18	05:07:55	0.4892597695390782	0.4892597695390782	11.31	-0.0	3.424818386773547	3.424818386773547	11.31	0.0	0.4892597695390782	0.48828125	11.62	2.53	288.0	291.19	432.25	12.17	0	1
PROTOTYPE	027561	04/16/18	05:07:57	0.4892597695390782	0.4892597695390782	11.33	-0.0	3.424818386773547	3.424818386773547	11.33	0.0	0.4892597695390782	0.48828125	11.56	2.15	293.0	291.46	413.28	85.34	0	1
PROTOTYPE	027562	04/16/18	05:07:58	0.4892597695390782	0.4892597695390782	11.31	-0.0	3.424818386773547	3.424818386773547	11.31	0.0	0.4892597695390782	0.48828125	11.47	1.83	295.0	292.0	430.47	102.54	0	1
PROTOTYPE	027563	04/16/18	05:07:59	0.4892597695390782	0.4892597695390782	11.29	-0.0	3.424818386773547	3.424818386773547	11.29	0.0	0.4892597695390782	0.48828125	11.41	1.55	300.0	293.2	445.08	117.16	0	1
PROTOTYPE	027564	04/16/18	05:08:01	0.4892597695390782	0.4892597695390782	11.29	-0.0	3.424818386773547	3.424818386773547	11.29	0.0	0.4892597695390782	0.4892597695390782	11.37	1.32	303.0	294.67	561.76	294.59	0	1
PROTOTYPE	027565	04/16/18	05:08:02	0.4892597695390782	0.4892597695390782	11.29	-0.0	3.424818386773547	3.424818386773547	11.29	0.0	0.4892597695390782	0.4892597695390782	11.35	1.12	298.0	295.17	600.88	355.4	0	1
PROTOTYPE	027566	04/16/18	05:08:04	0.4892597695390782	0.4892597695390782	11.28	-0.0	3.424818386773547	3.424818386773547	11.28	0.0	0.4892597695390782	0.4892597695390782	11.32	0.95	282.0	293.19	717.56	77.09	0	1
