Dev_id	Index	Date	Time	Sensor1	Sensor1_Filter	Sensor1_LL	Sensor1_Diff	Sensor2	Sensor2_Filter	Sensor2_LL	Sensor2_Diff	Sensor3	Sensor3_Filter	Sensor3_LL	Sensor3_Diff	Sensor4	Sensor4_Filter	Sensor4_LL	Sensor4_Diff	Heater_Status	FSM_Status
PROTOTYPE	036567	04/16/18	08:39:50	0.4892597695390782	0.4892597695390782	11.31	0.0	3.6205222945891786	3.6205222945891786	11.31	0.01	0.4892597695390782	0.4892597695390782	11.31	0.0	290.0	290.82	599.27	252.83	0	1
PROTOTYPE	036568	04/16/18	08:39:52	0.4892597695390782	0.4892597695390782	11.31	0.0	3.6205222945891786	3.6205222945891786	11.31	0.01	0.4892597695390782	0.4892597695390782	11.31	0.0	292.0	291.0	561.39	214.9	0	1
PROTOTYPE	036569	04/16/18	08:39:53	0.4892597695390782	0.4892597695390782	11.3	0.0	3.6205222945891786	3.6205222945891786	11.3	0.01	0.4892597695390782	0.4892597695390782	11.3	0.0	291.0	291.0	410.5	62.67	0	1
PROTOTYPE	036570	04/16/18	08:39:55	0.4892597695390782	0.4892597695390782	11.32	0.0	3.6205222945891786	3.6205222945891786	11.32	0.01	0.4892597695390782	0.4892597695390782	11.32	0.0	291.0	291.0	282.47	-66.73	0	1
PROTOTYPE	036571	04/16/18	08:39:56	0.4892597695390782	0.4892597695390782	11.3	0.0	3.6205222945891786	3.6205222945891786	11.3	0.0	0.4892597695390782	0.4892597695390782	11.3	0.0	286.0	290.25	322.39	-176.72	0	1
PROTOTYPE	036572	04/16/18	08:39:58	0.4892597695390782	0.4892597695390782	11.3	0.0	3.6205222945891786	3.6205222945891786	11.3	0.0	0.4892597695390782	0.4892597695390782	11.3	0.0	293.0	290.66	318.44	-90.21	0	1
PROTOTYPE	036573	04/16/18	08:39:59	0.4892597695390782	0.4892597695390782	11.3	0.0	3.6205222945891786	3.6205222945891786	11.3	0.0	0.4892597695390782	0.4892597695390782	11.3	0.0	291.0	290.71	210.27	28.32	0	1
PROTOTYPE	036574	04/16/18	08:40:00	0.4892597695390782	0.4892597695390782	11.32	0.0	3.6205222945891786	3.6205222945891786	11.32	0.0	0.4892597695390782	0.4892597695390782	11.32	0.0	289.0	290.45	182.4	-50.93	0	1
PROTOTYPE	036575	04/16/18	08:40:02	0.4892597695390782	0.4892597695390782	11.29	0.0	3.6205222945891786	3.6205222945891786	11.29	0.0	0.4892597695390782	0.4892597695390782	11.29	0.0	293.0	290.84	206.07	1.71	0	1
PROTOTYPE	036576	04/16/18	08:40:03	0.4892597695390782	0.4892597695390782	11.3	0.0	3.6205222945891786	3.6205222945891786	11.3	0.0	0.4892597695390782	0.4892597695390782	11.3	0.0	289.0	290.56	215.89	-43.55	0	1
PROTOTYPE	036577	04/16/18	08:40:05	0.4892597695390782	0.4892597695390782	11.38	0.0	3.6205222945891786	3.6205222945891786	11.38	0.0	0.4892597695390782	0.4892597695390782	11.38	0.0	288.0	290.18	252.93	-82.01	0	1
PROTOTYPE	036578	04/16/18	08:40:06	0.4892597695390782	0.4892597695390782	11.36	0.0	3.6205222945891786	3.6205222945891786	11.36	0.0	0.4892597695390782	0.4892597695390782	11.36	0.0	291.0	290.3	263.94	-69.71	0	1
PROTOTYPE	036579	04/16/18	08:40:07	0.4892597695390782	0.4892597695390782	11.36	0.0	3.6205222945891786	3.6205222945891786	11.36	0.0	0.4892597695390782	0.4892597695390782	11.36	0.0	298.0	291.46	304.46	120.74	0	1
PROTOTYPE	036580	04/16/18	08:40:09	0.4892597695390782	0.4892597695390782	11.35	0.0	3.6205222945891786	3.6205222945891786	11.35	0.0	0.4892597695390782	0.4892597695390782	11.35	0.0	293.0	291.69	286.37	102.63	0	1
PROTOTYPE	036581	04/16/18	08:40:10	0.4892597695390782	0.4892597695390782	11.34	0.0	3.6205222945891786	3.6205222945891786	11.34	0.0	0.4892597695390782	0.4892597695390782	11.34	0.0	283.0	290.38	411.4	-32.76	0	1
PROTOTYPE	036582	04/16/18	08:40:12	0.4892597695390782	0.4892597695390782	11.32	0.0	3.6205222945891786	3.6205222945891786	11.32	0.0	0.4892597695390782	0.4892597695390782	11.32	0.0	283.0	289.28	496.46	-117.85	0	1
PROTOTYPE	036583	04/16/18	08:40:13	0.4892597695390782	0.4892597695390782	11.32	0.0	3.6205222945891786	3.6205222945891786	11.32	0.0	0.4892597695390782	0.4892597695390782	11.32	0.0	284.0	288.48	537.41	-235.17	0	1
PROTOTYPE	036584	04/16/18	08:40:15	0.4892597695390782	0.4892597695390782	11.31	0.0	3.6205222945891786	3.6205222945891786	11.31	0.0	0.4892597695390782	0.4892597695390782	11.31	0.0	280.0	287.21	637.11	-334.9	0	1
PROTOTYPE	036585	04/16/18	08:40:16	0.4892597695390782	0.4892597695390782	11.26	0.0	3.6205222945891786	3.6205222945891786	11.26	0.0	0.4892597695390782	0.4892597695390782	11.26	0.0	296.0	288.53	730.49	-164.66	0	1
PROTOTYPE	036586	04/16/18	08:40:17	0.4892597695390782	0.4892597695390782	11.26	0.0	3.6205222945891786	3.6205222945891786	11.26	0.0	0.4892597695390782	0.4892597695390782	11.26	0.0	292.0	289.05	770.12	-124.96	0	1
PROTOTYPE	036587	04/16/18	08:40:19	0.4892597695390782	0.4892597695390782	11.25	0.0	3.6205222945891786	3.6205222945891786	11.25	0.0	0.4892597695390782	0.4892597695390782	11.25	0.0	287.0	288.74	685.42	-271.22	0	1
PROTOTYPE	036588	04/16/18	08:40:20	0.4892597695390782	0.4892597695390782	11.26	0.0	3.6205222945891786	3.6205222945891786	11.26	0.0	0.4892597695390782	0.4892597695390782	11.26	0.0	286.0	288.33	703.38	-335.53	0	1
PROTOTYPE	036589	04/16/18	08:40:22	0.4892597695390782	0.4892597695390782	11.26	0.0	3.6205222945891786	3.6205222945891786	11.26	0.0	0.4892597695390782	0.4892597695390782	11.26	0.0	288.0	288.28	578.23	-210.2	0	1
PROTOTYPE	036590	04/16/18	08:40:23	0.4892597695390782	0.4892597695390782	11.27	0.0	3.6205222945891786	3.6205222945891786	11.27	0.0	0.4892597695390782	0.4892597695390782	11.27	0.0	288.0	288.24	471.93	-103.67	0	1
PROTOTYPE	036591	04/16/18	08:40:24	0.4892597695390782	0.4892597695390782	11.28	0.0	3.6205222945891786	3.6205222945891786	11.28	0.0	0.4892597695390782	0.4892597695390782	11.28	0.0	294.0	289.1	479.18	61.88	0	1
PROTOTYPE	036592	04/16/18	08:40:26	0.4892597695390782	0.4892597695390782	11.3	0.0	3.6205222945891786	3.6205222945891786	11.3	0.0	0.4892597695390782	0.4892597695390782	11.3	0.0	289.0	289.09	354.01	187.6	0	1
PROTOTYPE	036593	04/16/18	08:40:27	0.4892597695390782	0.4892597695390782	11.28	0.0	3.6205222945891786	3.6205222945891786	11.28	0.0	0.4892597695390782	0.4892597695390782	11.28	0.0	288.0	288.92	238.57	39.46	0	1
PROTOTYPE	036594	04/16/18	08:40:29	0.4892597695390782	0.4892597695390782	11.3	0.0	3.6205222945891786	3.6205222945891786	11.3	0.0	0.4892597695390782	0.4892597695390782	11.3	0.0	288.0	288.79	200.45	-26.46	0	1
PROTOTYPE	036595	04/16/18	08:40:30	0.4892597695390782	0.4892597695390782	11.33	0.0	3.6205222945891786	3.6205222945891786	11.33	0.0	0.4892597695390782	0.4892597695390782	11.33	0.0	299.0	290.32	322.87	157.51	0	1
PROTOTYPE	036596	04/16/18	08:40:31	0.4892597695390782	0.4892597695390782	11.33	0.0	3.6205222945891786	3.6205222945891786	11.33	0.0	0.4892597695390782	0.4892597695390782	11.33	0.0	292.0	290.57	306.96	223.88	0	1
PROTOTYPE	036597	04/16/18	08:40:33	0.4892597695390782	0.4892597695390782	11.34	0.0	3.6205222945891786	3.6205222945891786	11.34	0.0	0.4892597695390782	0.4892597695390782	11.34	0.0	299.0	291.83	428.24	355.3	0	1
PROTOTYPE	036598	04/16/18	08:40:34	0.4892597695390782	0.4892597695390782	11.34	0.0	3.6205222945891786	3.6205222945891786	11.34	0.0	0.4892597695390782	0.4892597695390782	11.34	0.0	283.0	290.51	556.31	227.0	0	1
PROTOTYPE	036599	04/16/18	08:40:36	0.4892597695390782	0.4892597695390782	11.34	0.0	3.6205222945891786	3.6205222945891786	11.34	0.0	0.4892597695390782	0.4892597695390782	11.34	0.0	293.0	290.88	507.28	177.95	0	1
PROTOTYPE	036600	04/16/18	08:40:37	0.4892597695390782	0.4892597695390782	11.33	0.0	3.6205222945891786	3.6205222945891786	11.33	0.0	0.4892597695390782	0.4892597695390782	11.33	0.0	306.0	293.15	731.93	406.26	0	1
PROTOTYPE	036601	04/16/18	08:40:39	0.4892597695390782	0.4892597695390782	11.32	0.0	3.6205222945891786	3.6205222945891786	11.32	0.0	0.4892597695390782	0.4892597695390782	11.32	0.0	306.0	295.08	908.29	615.32	0	1
PROTOTYPE	036602	04/16/18	08:40:40	0.4892597695390782	0.4892597695390782	11.3	0.0	3.6205222945891786	3.6205222945891786	11.3	0.0	0.4892597695390782	0.4892597695390782	11.3	0.0	299.0	295.67	953.19	688.02	0	1
PROTOTYPE	036603	04/16/18	08:40:41	0.4892597695390782	0.4892597695390782	11.28	0.0	3.6205222945891786	3.6205222945891786	11.28	0.0	0.4892597695390782	0.4892597695390782	11.28	0.0	289.0	294.67	899.98	434.82	0	1
PROTOTYPE	036604	04/16/18	08:40:43	0.4892597695390782	0.4892597695390782	11.27	0.0	3.6205222945891786	3.6205222945891786	11.27	0.0	0.4892597695390782	0.4892597695390782	11.27	0.0	295.0	294.72	879.91	414.6	0	1
PROTOTYPE	036605	04/16/18	08:40:44	0.4892597695390782	0.4892597695390782	11.28	0.0	3.6205222945891786	3.6205222945891786	11.28	0.0	0.4892597695390782	0.4892597695390782	11.28	0.0	297.0	295.06	787.74	322.41	0	1
PROTOTYPE	036606	04/16/18	08:40:46	0.4892597695390782	0.4892597695390782	11.27	0.0	3.6205222945891786	3.6205222945891786	11.27	0.0	0.4892597695390782	0.4892597695390782	11.27	0.0	294.0	294.9	671.16	439.05	0	1
PROTOTYPE	036607	04/16/18	08:40:47	0.4892597695390782	0.4892597695390782	11.27	0.0	3.6205222945891786	3.6205222945891786	11.27	0.0	0.4892597695390782	0.4892597695390782	11.27	0.0	293.0	294.62	662.31	373.19	0	1
PROTOTYPE	036608	04/16/18	08:40:48	0.4892597695390782	0.4892597695390782	11.25	0.0	3.6205222945891786	3.6205222945891786	11.25	0.0	0.4892597695390782	0.4892597695390782	11.25	0.0	292.0	294.22	474.81	107.21	0	1
PROTOTYPE	036609	04/16/18	08:40:50	0.4892597695390782	0.4892597695390782	11.24	0.0	3.6205222945891786	3.6205222945891786	11.24	0.0	0.4892597695390782	0.4892597695390782	11.24	0.0	285.0	292.84	420.42	-223.87	0	1
PROTOTYPE	036610	04/16/18	08:40:51	0.4892597695390782	0.4892597695390782	11.23	0.0	3.6205222945891786	3.6205222945891786	11.23	0.0	0.4892597695390782	0.4892597695390782	11.23	0.0	286.0	291.81	464.17	-385.29	0	1
PROTOTYPE	036611	04/16/18	08:40:53	0.4892597695390782	0.4892597695390782	11.21	0.0	3.6205222945891786	3.6205222945891786	11.21	0.0	0.4892597695390782	0.4892597695390782	11.21	0.0	295.0	292.29	411.98	-237.5	0	1
PROTOTYPE	036612	04/16/18	08:40:54	0.4892597695390782	0.4892597695390782	11.23	0.0	3.6205222945891786	3.6205222945891786	11.23	0.0	0.4892597695390782	0.4892597695390782	11.23	0.0	294.0	292.55	432.45	-216.87	0	1
PROTOTYPE	036613	04/16/18	08:40:55	0.4892597695390782	0.4892597695390782	11.22	0.0	3.6205222945891786	3.6205222945891786	11.22	0.0	0.4892597695390782	0.4892597695390782	11.22	0.0	284.0	291.27	526.4	-379.34	0	1
PROTOTYPE	036614	04/16/18	08:40:57	0.4892597695390782	0.4892597695390782	11.26	0.0	3.6205222945891786	3.6205222945891786	11.26	0.0	0.4892597695390782	0.4892597695390782	11.26	0.0	284.0	290.18	619.44	-472.44	0	1
PROTOTYPE	036615	04/16/18	08:40:58	0.4892597695390782	0.4892597695390782	11.25	0.0	3.6205222945891786	3.6205222945891786	11.25	0.0	0.4892597695390782	0.4892597695390782	11.25	0.0	279.0	288.5	758.55	-611.57	0	1
PROTOTYPE	036616	04/16/18	08:41:00	0.4892597695390782	0.4892597695390782	11.27	0.0	3.6205222945891786	3.6205222945891786	11.27	0.0	0.4892597695390782	0.4892597695390782	11.27	0.0	292.0	289.02	771.82	-519.84	0	1
PROTOTYPE	036617	04/16/18	08:41:01	0.4892597695390782	0.4892597695390782	11.28	0.0	3.6205222945891786	3.6205222945891786	11.28	0.0	0.4892597695390782	0.4892597695390782	11.28	0.0	291.0	289.32	663.14	-351.86	0	1
PROTOTYPE	036618	04/16/18	08:41:02	0.4892597695390782	0.4892597695390782	11.29	0.0	3.522670340681363	3.6058445015030065	24.95	-15.0	0.4892597695390782	0.4892597695390782	11.29	0.0	285.0	288.67	625.37	-314.08	0	1
PROTOTYPE	036619	04/16/18	08:41:04	0.4892597695390782	0.4892597695390782	11.31	0.0	3.6205222945891786	3.607801540581162	26.22	-12.75	0.4892597695390782	0.4892597695390782	11.31	0.0	285.0	288.12	632.66	-416.97	0	1
PROTOTYPE	036620	04/16/18	08:41:05	0.4892597695390782	0.4892597695390782	11.31	0.0	3.6205222945891786	3.6097585796593186	27.18	-10.84	0.4892597695390782	0.4892597695390782	11.31	0.0	290.0	288.4	635.2	-414.42	0	1
PROTOTYPE	036621	04/16/18	08:41:07	0.4892597695390782	0.4892597695390782	11.31	0.0	3.6205222945891786	3.611715618737475	27.92	-9.21	0.4892597695390782	0.4892597695390782	11.31	0.0	292.0	288.94	560.94	-232.26	0	1
PROTOTYPE	036622	04/16/18	08:41:08	0.4892597695390782	0.4892597695390782	11.26	0.0	3.6205222945891786	3.612694138276553	28.44	-7.83	0.4892597695390782	0.4892597695390782	11.26	0.0	293.0	289.55	512.82	-62.42	0	1
PROTOTYPE	036623	04/16/18	08:41:10	0.4892597695390782	0.4892597695390782	11.26	0.0	3.6205222945891786	3.613672657815631	28.86	-6.66	0.4892597695390782	0.4892597695390782	11.26	0.0	281.0	288.27	473.46	-23.06	0	1
PROTOTYPE	036624	04/16/18	08:41:11	0.4892597695390782	0.4892597695390782	11.26	0.0	3.6205222945891786	3.6146511773547094	29.18	-5.66	0.4892597695390782	0.4892597695390782	11.26	0.0	288.0	288.23	425.2	-79.6	0	1
PROTOTYPE	036625	04/16/18	08:41:12	0.4892597695390782	0.4892597695390782	11.28	0.0	3.6205222945891786	3.6156296968937878	29.44	-4.81	0.4892597695390782	0.4892597695390782	11.28	0.0	295.0	289.24	497.12	-7.66	0	1
PROTOTYPE	036626	04/16/18	08:41:14	0.4892597695390782	0.4892597695390782	11.28	0.0	3.6205222945891786	3.6166082164328657	15.95	10.91	0.4892597695390782	0.4892597695390782	11.28	0.0	288.0	289.06	451.01	38.49	0	1
PROTOTYPE	036627	04/16/18	08:41:15	0.4892597695390782	0.4892597695390782	11.29	0.0	3.522670340681363	3.602908942885772	27.75	-5.72	0.4892597695390782	0.4892597695390782	11.29	0.0	289.0	289.05	397.56	92.72	0	1
PROTOTYPE	036628	04/16/18	08:41:17	0.4892597695390782	0.4892597695390782	11.28	0.0	3.6205222945891786	3.604865981963928	28.47	-4.87	0.4892597695390782	0.4892597695390782	11.28	0.0	276.0	287.09	565.09	-131.19	0	1
PROTOTYPE	036629	04/16/18	08:41:18	0.4892597695390782	0.4892597695390782	11.31	0.0	3.522670340681363	3.5931237474949898	39.05	-19.14	0.4892597695390782	0.4892597695390782	11.31	0.0	291.0	287.68	569.77	-126.51	0	1
PROTOTYPE	036630	04/16/18	08:41:19	0.4892597695390782	0.4892597695390782	11.31	0.0	3.6205222945891786	3.5970378256513027	41.56	-16.27	0.4892597695390782	0.4892597695390782	11.31	0.0	296.0	288.93	633.74	-62.54	0	1
PROTOTYPE	036631	04/16/18	08:41:21	0.5871117234468938	0.5039375626252506	24.97	15.0	3.6205222945891786	3.6009519038076148	43.61	-13.83	0.4892597695390782	0.4892597695390782	11.33	0.0	281.0	287.74	624.36	-53.16	0	1
PROTOTYPE	036632	04/16/18	08:41:22	0.4892597695390782	0.5019805235470942	26.22	12.75	3.6205222945891786	3.6038874624248494	45.27	-11.75	0.4892597695390782	0.4892597695390782	11.34	0.0	296.0	288.98	744.03	74.82	0	1
PROTOTYPE	036633	04/16/18	08:41:24	0.4892597695390782	0.5000234844689379	27.17	10.84	3.6205222945891786	3.6058445015030065	46.58	-9.99	0.4892597695390782	0.4892597695390782	11.32	0.0	289.0	288.98	643.9	-26.4	0	1
PROTOTYPE	036634	04/16/18	08:41:25	0.4892597695390782	0.4980664453907815	27.93	9.21	3.6205222945891786	3.607801540581162	47.63	-8.49	0.4892597695390782	0.4892597695390782	11.33	0.0	300.0	290.63	790.48	157.56	0	1
PROTOTYPE	036635	04/16/18	08:41:27	0.4892597695390782	0.4970879258517034	28.49	7.83	3.6205222945891786	3.6097585796593186	35.54	7.78	0.4892597695390782	0.4892597695390782	11.33	0.0	296.0	291.44	869.34	238.92	0	1
PROTOTYPE	036636	04/16/18	08:41:28	0.4892597695390782	0.49610940631262535	28.92	6.66	3.6205222945891786	3.611715618737475	34.57	6.62	0.4892597695390782	0.4892597695390782	11.34	0.0	303.0	293.17	847.03	608.08	0	1
PROTOTYPE	036637	04/16/18	08:41:29	0.4892597695390782	0.49513088677354705	29.21	5.66	3.522670340681363	3.598016345190381	35.55	5.62	0.4892597695390782	0.4892597695390782	11.32	0.0	287.0	292.25	880.98	456.87	0	1
PROTOTYPE	036638	04/16/18	08:41:31	0.4892597695390782	0.4941523672344689	29.45	4.81	3.6205222945891786	3.6019304233466936	34.76	4.78	0.4892597695390782	0.4892597695390782	11.32	0.0	282.0	290.71	909.85	178.34	0	1
PROTOTYPE	036639	04/16/18	08:41:32	0.4892597695390782	0.49317384769539074	15.96	-10.91	3.522670340681363	3.590188188877755	43.06	-10.94	0.4892597695390782	0.4892597695390782	11.3	0.0	293.0	291.05	825.33	331.59	0	1
PROTOTYPE	036640	04/16/18	08:41:34	0.4892597695390782	0.4921953281563127	14.84	-9.28	3.6205222945891786	3.594102267034068	44.6	-9.3	0.4892597695390782	0.4892597695390782	11.29	0.0	291.0	291.05	703.0	206.85	0	1
PROTOTYPE	036641	04/16/18	08:41:35	0.4892597695390782	0.4921953281563127	13.98	-7.88	3.6205222945891786	3.598016345190381	45.88	-7.9	0.4892597695390782	0.4892597695390782	11.31	0.0	290.0	290.89	717.3	190.82	0	1
PROTOTYPE	036642	04/16/18	08:41:36	0.4892597695390782	0.4921953281563127	13.3	-6.7	3.522670340681363	3.5872526302605205	54.93	-21.72	0.4892597695390782	0.4892597695390782	11.3	0.0	303.0	292.71	733.68	207.2	0	1
PROTOTYPE	036643	04/16/18	08:41:38	0.4892597695390782	0.4912168086172345	12.78	-5.7	3.522670340681363	3.5774674348697397	62.53	-33.46	0.4892597695390782	0.4892597695390782	11.29	0.0	296.0	293.2	702.61	176.12	0	1
PROTOTYPE	036644	04/16/18	08:41:39	0.4892597695390782	0.4912168086172345	12.38	-4.84	3.6205222945891786	3.5833385521042085	67.16	-28.44	0.4892597695390782	0.4892597695390782	11.28	0.0	295.0	293.47	556.22	29.7	0	1
PROTOTYPE	036645	04/16/18	08:41:41	0.4892597695390782	0.4912168086172345	12.09	-4.12	3.6205222945891786	3.5892096693386777	59.25	-9.17	0.4892597695390782	0.4892597695390782	11.28	0.0	280.0	291.45	665.67	-79.75	0	1
PROTOTYPE	036646	04/16/18	08:41:42	0.4892597695390782	0.49023828907815625	11.88	-3.5	3.6205222945891786	3.594102267034068	60.55	-7.8	0.4892597695390782	0.4892597695390782	11.29	0.0	303.0	293.18	685.23	247.21	0	1
PROTOTYPE	036647	04/16/18	08:41:44	0.4892597695390782	0.49023828907815625	11.75	-2.97	3.6205222945891786	3.598016345190381	52.68	8.37	0.4892597695390782	0.4892597695390782	11.32	0.0	286.0	292.1	758.58	105.13	0	1
PROTOTYPE	036648	04/16/18	08:41:45	0.4892597695390782	0.49023828907815625	11.63	-2.53	3.522670340681363	3.586274110721443	59.39	-7.88	0.4892597695390782	0.4892597695390782	11.32	0.0	303.0	293.74	920.4	269.36	0	1
PROTOTYPE	036649	04/16/18	08:41:46	0.4892597695390782	0.49023828907815625	11.52	-2.15	3.6205222945891786	3.592145227955912	60.51	-6.7	0.4892597695390782	0.4892597695390782	11.29	0.0	290.0	293.18	960.76	228.96	0	1
PROTOTYPE	036650	04/16/18	08:41:48	0.4892597695390782	0.49023828907815625	11.47	-1.83	3.6205222945891786	3.5960593061122244	53.47	9.3	0.4892597695390782	0.4892597695390782	11.31	0.0	279.0	291.05	991.75	-165.39	0	1
PROTOTYPE	036651	04/16/18	08:41:49	0.4892597695390782	0.49023828907815625	11.43	-1.55	3.6205222945891786	3.5999733842685373	47.52	22.91	0.4892597695390782	0.4892597695390782	11.31	0.0	300.0	292.39	1076.55	-80.58	0	1
PROTOTYPE	036652	04/16/18	08:41:51	0.4892597695390782	0.4892597695390782	11.38	-1.32	3.6205222945891786	3.602908942885772	44.23	19.47	0.4892597695390782	0.4892597695390782	11.3	0.0	296.0	292.93	1103.62	-53.49	0	1
PROTOTYPE	036653	04/16/18	08:41:52	0.4892597695390782	0.4892597695390782	11.35	-1.12	3.6205222945891786	3.6058445015030065	41.47	16.55	0.4892597695390782	0.4892597695390782	11.29	0.0	295.0	293.24	932.58	179.53	0	1
PROTOTYPE	036654	04/16/18	08:41:53	0.4892597695390782	0.4892597695390782	11.34	-0.95	3.6205222945891786	3.607801540581162	39.19	14.07	0.4892597695390782	0.4892597695390782	11.3	0.0	281.0	291.41	942.99	-177.4	0	1
PROTOTYPE	036655	04/16/18	08:41:55	0.4892597695390782	0.4892597695390782	11.33	-0.81	3.6205222945891786	3.6097585796593186	37.3	11.96	0.4892597695390782	0.4892597695390782	11.3	0.0	301.0	292.85	979.14	74.21	0	1
PROTOTYPE	036656	04/16/18	08:41:56	0.4892597695390782	0.4892597695390782	11.32	-0.69	3.6205222945891786	3.611715618737475	27.86	25.16	0.4892597695390782	0.4892597695390782	11.3	0.0	288.0	292.12	888.41	-161.92	0	1
PROTOTYPE	036657	04/16/18	08:41:58	0.4892597695390782	0.4892597695390782	11.35	-0.59	3.6205222945891786	3.612694138276553	24.49	21.39	0.4892597695390782	0.4892597695390782	11.33	0.0	275.0	289.55	1089.11	-362.63	0	1
PROTOTYPE	036658	04/16/18	08:41:59	0.4892597695390782	0.4892597695390782	11.34	-0.5	3.6205222945891786	3.613672657815631	21.72	18.18	0.4892597695390782	0.4892597695390782	11.33	0.0	294.0	290.22	943.18	-83.24	0	1
PROTOTYPE	036659	04/16/18	08:42:00	0.4892597695390782	0.4892597695390782	11.35	-0.42	3.6205222945891786	3.6146511773547094	19.46	15.45	0.4892597695390782	0.4892597695390782	11.34	0.0	300.0	291.69	955.66	-70.75	0	1
PROTOTYPE	036660	04/16/18	08:42:02	0.4892597695390782	0.4892597695390782	11.34	-0.36	3.6205222945891786	3.6156296968937878	17.63	13.14	0.4892597695390782	0.4892597695390782	11.34	0.0	281.0	290.08	1061.85	-285.14	0	1
PROTOTYPE	036661	04/16/18	08:42:03	0.4892597695390782	0.4892597695390782	11.35	-0.31	3.6205222945891786	3.6166082164328657	16.18	11.17	0.4892597695390782	0.4892597695390782	11.35	0.0	289.0	289.92	1047.14	-332.37	0	1
PROTOTYPE	036662	04/16/18	08:42:05	0.4892597695390782	0.4892597695390782	11.35	-0.26	3.6205222945891786	3.6166082164328657	15.02	9.49	0.4892597695390782	0.4892597695390782	11.35	0.0	295.0	290.68	939.67	-72.51	0	1
PROTOTYPE	036663	04/16/18	08:42:06	0.4892597695390782	0.4892597695390782	11.33	-0.22	3.6205222945891786	3.617586735971944	14.11	8.07	0.4892597695390782	0.4892597695390782	11.33	0.0	287.0	290.13	851.04	-271.64	0	1
PROTOTYPE	036664	04/16/18	08:42:08	0.4892597695390782	0.4892597695390782	11.32	-0.19	3.6205222945891786	3.617586735971944	13.4	6.86	0.4892597695390782	0.4892597695390782	11.32	0.0	290.0	290.11	780.73	-200.89	0	1
PROTOTYPE	036665	04/16/18	08:42:09	0.4892597695390782	0.4892597695390782	11.31	-0.16	3.6205222945891786	3.6185652555110215	12.86	5.83	0.4892597695390782	0.4892597695390782	11.31	0.0	300.0	291.59	672.28	204.24	0	1
PROTOTYPE	036666	04/16/18	08:42:10	0.4892597695390782	0.4892597695390782	11.29	-0.14	3.6205222945891786	3.6185652555110215	12.44	4.95	0.4892597695390782	0.4892597695390782	11.29	0.0	295.0	292.1	656.65	188.61	0	1
PROTOTYPE	036667	04/16/18	08:42:12	0.4892597695390782	0.4892597695390782	11.29	-0.12	3.6205222945891786	3.6185652555110215	12.13	4.21	0.4892597695390782	0.4892597695390782	11.29	0.0	270.0	288.79	841.5	-289.68	0	1
PROTOTYPE	036668	04/16/18	08:42:13	0.4892597695390782	0.4892597695390782	11.31	-0.1	3.6205222945891786	3.6195437750501003	11.93	3.58	0.4892597695390782	0.4892597695390782	11.31	0.0	303.0	290.92	894.37	83.77	0	1
PROTOTYPE	036669	04/16/18	08:42:15	0.4892597695390782	0.4892597695390782	11.31	-0.08	3.6205222945891786	3.6195437750501003	11.76	3.04	0.4892597695390782	0.4892597695390782	11.31	0.0	297.0	291.83	969.26	191.2	0	1
PROTOTYPE	036670	04/16/18	08:42:16	0.4892597695390782	0.4892597695390782	11.31	-0.07	3.6205222945891786	3.6195437750501003	11.64	2.59	0.4892597695390782	0.4892597695390782	11.31	0.0	291.0	291.71	905.63	102.52	0	1
PROTOTYPE	036671	04/16/18	08:42:17	0.4892597695390782	0.4892597695390782	11.3	-0.06	3.6205222945891786	3.6195437750501003	11.54	2.2	0.4892597695390782	0.4892597695390782	11.3	0.0	286.0	290.85	936.0	72.14	0	1
PROTOTYPE	036672	04/16/18	08:42:19	0.4892597695390782	0.4892597695390782	11.29	-0.05	3.6205222945891786	3.6195437750501003	11.46	1.87	0.4892597695390782	0.4892597695390782	11.29	0.0	288.0	290.42	976.39	31.32	0	1
PROTOTYPE	036673	04/16/18	08:42:20	0.4892597695390782	0.4892597695390782	11.27	-0.04	3.6205222945891786	3.6195437750501003	11.39	1.59	0.4892597695390782	0.4892597695390782	11.27	0.0	296.0	291.26	911.7	-33.38	0	1
PROTOTYPE	036674	04/16/18	08:42:22	0.4892597695390782	0.4892597695390782	11.28	-0.04	3.6205222945891786	3.6195437750501003	11.37	1.35	0.4892597695390782	0.4892597695390782	11.28	0.0	293.0	291.52	886.73	-58.37	0	1
PROTOTYPE	036675	04/16/18	08:42:23	0.4892597695390782	0.4892597695390782	11.26	-0.03	3.6205222945891786	3.6205222945891786	11.32	1.15	0.4892597695390782	0.4892597695390782	11.26	0.0	293.0	291.74	577.37	295.39	0	1
PROTOTYPE	036676	04/16/18	08:42:24	0.4892597695390782	0.4892597695390782	11.25	-0.03	3.6205222945891786	3.6205222945891786	11.3	0.98	0.4892597695390782	0.4892597695390782	11.25	0.0	286.0	290.88	450.37	-3.92	0	1
PROTOTYPE	036677	04/16/18	08:42:26	0.4892597695390782	0.4892597695390782	11.25	-0.02	3.6205222945891786	3.6205222945891786	11.28	0.83	0.4892597695390782	0.4892597695390782	11.25	0.0	295.0	291.5	420.96	-33.33	0	1
PROTOTYPE	036678	04/16/18	08:42:27	0.4892597695390782	0.4892597695390782	11.24	-0.02	3.6205222945891786	3.6205222945891786	11.26	0.7	0.4892597695390782	0.4892597695390782	11.24	0.0	291.0	291.42	416.01	-28.33	0	1
PROTOTYPE	036679	04/16/18	08:42:29	0.4892597695390782	0.4892597695390782	11.24	-0.02	3.6205222945891786	3.6205222945891786	11.26	0.6	0.4892597695390782	0.4892597695390782	11.24	0.0	297.0	292.26	414.03	140.92	0	1
PROTOTYPE	036680	04/16/18	08:42:30	0.4892597695390782	0.4892597695390782	11.24	-0.01	3.6205222945891786	3.6205222945891786	11.25	0.51	0.4892597695390782	0.4892597695390782	11.24	0.0	283.0	290.87	510.15	44.78	0	1
PROTOTYPE	036681	04/16/18	08:42:31	0.4892597695390782	0.4892597695390782	11.24	-0.01	3.6205222945891786	3.6205222945891786	11.25	0.43	0.4892597695390782	0.4892597695390782	11.24	0.0	295.0	291.49	488.44	23.06	0	1
PROTOTYPE	036682	04/16/18	08:42:33	0.4892597695390782	0.4892597695390782	11.25	-0.01	3.6205222945891786	3.6205222945891786	11.25	0.37	0.4892597695390782	0.4892597695390782	11.25	0.0	290.0	291.27	484.71	-25.4	0	1
PROTOTYPE	036683	04/16/18	08:42:34	0.4892597695390782	0.4892597695390782	11.27	-0.01	3.6205222945891786	3.6205222945891786	11.27	0.31	0.4892597695390782	0.4892597695390782	11.27	0.0	284.0	290.18	571.5	-156.59	0	1
PROTOTYPE	036684	04/16/18	08:42:36	0.4892597695390782	0.4892597695390782	11.26	-0.01	3.6205222945891786	3.6205222945891786	11.26	0.27	0.4892597695390782	0.4892597695390782	11.26	0.0	288.0	289.85	518.03	-103.1	0	1
PROTOTYPE	036685	04/16/18	08:42:37	0.4892597695390782	0.4892597695390782	11.24	-0.01	3.6205222945891786	3.6205222945891786	11.24	0.23	0.4892597695390782	0.4892597695390782	11.24	0.0	292.0	290.17	488.51	-132.63	0	1
PROTOTYPE	036686	04/16/18	08:42:39	0.4892597695390782	0.4892597695390782	11.24	-0.01	3.6205222945891786	3.6205222945891786	11.24	0.19	0.4892597695390782	0.4892597695390782	11.24	0.0	294.0	290.75	538.31	-67.74	0	1
PROTOTYPE	036687	04/16/18	08:42:40	0.4892597695390782	0.4892597695390782	11.26	-0.0	3.6205222945891786	3.6205222945891786	11.26	0.16	0.4892597695390782	0.4892597695390782	11.26	0.0	292.0	290.94	473.52	-132.58	0	1
PROTOTYPE	036688	04/16/18	08:42:41	0.4892597695390782	0.4892597695390782	11.28	-0.0	3.6205222945891786	3.6205222945891786	11.28	0.14	0.4892597695390782	0.4892597695390782	11.28	0.0	288.0	290.49	378.64	-37.69	0	1
PROTOTYPE	036689	04/16/18	08:42:43	0.4892597695390782	0.4892597695390782	11.31	-0.0	3.6205222945891786	3.6205222945891786	11.31	0.12	0.4892597695390782	0.4892597695390782	11.31	0.0	282.0	289.22	444.13	-227.04	0	1
PROTOTYPE	036690	04/16/18	08:42:44	0.4892597695390782	0.4892597695390782	11.29	-0.0	3.6205222945891786	3.6205222945891786	11.29	0.1	0.4892597695390782	0.4892597695390782	11.29	0.0	291.0	289.49	448.45	-177.98	0	1
PROTOTYPE	036691	04/16/18	08:42:46	0.4892597695390782	0.4892597695390782	11.28	-0.0	3.6205222945891786	3.6205222945891786	11.28	0.09	0.4892597695390782	0.4892597695390782	11.28	0.0	280.0	288.06	481.75	-211.28	0	1
PROTOTYPE	036692	04/16/18	08:42:47	0.4892597695390782	0.4892597695390782	11.28	-0.0	3.6205222945891786	3.6205222945891786	11.28	0.07	0.4892597695390782	0.4892597695390782	11.28	0.0	285.0	287.6	495.05	-224.59	0	1
PROTOTYPE	036693	04/16/18	08:42:48	0.4892597695390782	0.4892597695390782	11.29	-0.0	3.6205222945891786	3.6205222945891786	11.29	0.06	0.4892597695390782	0.4892597695390782	11.29	0.0	298.0	289.16	618.72	-100.9	0	1
PROTOTYPE	036694	04/16/18	08:42:50	0.4892597695390782	0.4892597695390782	11.28	-0.0	3.6205222945891786	3.6205222945891786	11.28	0.05	0.4892597695390782	0.4892597695390782	11.28	0.0	287.0	288.84	593.78	-190.77	0	1
PROTOTYPE	036695	04/16/18	08:42:51	0.4892597695390782	0.4892597695390782	11.27	-0.0	3.6205222945891786	3.6205222945891786	11.27	0.04	0.4892597695390782	0.4892597695390782	11.27	0.0	297.0	290.06	697.35	-87.15	0	1
PROTOTYPE	036696	04/16/18	08:42:53	0.4892597695390782	0.4892597695390782	11.27	-0.0	3.6205222945891786	3.6205222945891786	11.27	0.04	0.4892597695390782	0.4892597695390782	11.27	0.0	284.0	289.15	744.27	-134.08	0	1
PROTOTYPE	036697	04/16/18	08:42:54	0.4892597695390782	0.4892597695390782	11.28	-0.0	3.6205222945891786	3.6205222945891786	11.28	0.03	0.4892597695390782	0.4892597695390782	11.28	0.0	286.0	288.68	664.17	-53.97	0	1
PROTOTYPE	036698	04/16/18	08:42:55	0.4892597695390782	0.4892597695390782	11.28	-0.0	3.6205222945891786	3.6205222945891786	11.28	0.03	0.4892597695390782	0.4892597695390782	11.28	0.0	298.0	290.08	777.24	59.13	0	1
PROTOTYPE	036699	04/16/18	08:42:57	0.4892597695390782	0.4892597695390782	11.3	-0.0	3.6205222945891786	3.6205222945891786	11.3	0.02	0.4892597695390782	0.4892597695390782	11.3	0.0	290.0	290.07	636.77	200.26	0	1
PROTOTYPE	036700	04/16/18	08:42:58	0.4892597695390782	0.4892597695390782	11.31	-0.0	3.6205222945891786	3.6205222945891786	11.31	0.02	0.4892597695390782	0.4892597695390782	11.31	0.0	301.0	291.71	754.79	410.22	0	1
PROTOTYPE	036701	04/16/18	08:43:00	0.4892597695390782	0.4892597695390782	11.31	-0.0	3.6205222945891786	3.6205222945891786	11.31	0.02	0.4892597695390782	0.4892597695390782	11.31	0.0	298.0	292.65	693.26	348.69	0	1
PROTOTYPE	036702	04/16/18	08:43:01	0.4892597695390782	0.4892597695390782	11.32	-0.0	3.6205222945891786	3.6205222945891786	11.32	0.01	0.4892597695390782	0.4892597695390782	11.32	0.0	290.0	292.25	700.56	341.38	0	1
PROTOTYPE	036703	04/16/18	08:43:03	0.4892597695390782	0.4892597695390782	11.32	-0.0	3.6205222945891786	3.6205222945891786	11.32	0.01	0.4892597695390782	0.4892597695390782	11.32	0.0	285.0	291.17	686.95	110.18	0	1
PROTOTYPE	036704	04/16/18	08:43:04	0.4892597695390782	0.4892597695390782	11.31	-0.0	3.6205222945891786	3.6205222945891786	11.31	0.01	0.4892597695390782	0.4892597695390782	11.31	0.0	296.0	291.89	668.52	273.65	0	1
PROTOTYPE	036705	04/16/18	08:43:05	0.4892597695390782	0.4892597695390782	11.29	-0.0	3.6205222945891786	3.6205222945891786	11.29	0.01	0.4892597695390782	0.4892597695390782	11.29	0.0	292.0	291.91	623.36	322.6	0	1
PROTOTYPE	036706	04/16/18	08:43:07	0.4892597695390782	0.4892597695390782	11.31	-0.0	3.6205222945891786	3.6205222945891786	11.31	0.01	0.4892597695390782	0.4892597695390782	11.31	0.0	301.0	293.27	619.97	319.21	0	1
PROTOTYPE	036707	04/16/18	08:43:08	0.4892597695390782	0.4892597695390782	11.33	-0.0	3.6205222945891786	3.6205222945891786	11.33	0.01	0.4892597695390782	0.4892597695390782	11.33	0.0	297.0	293.83	674.07	376.33	0	1
PROTOTYPE	036708	04/16/18	08:43:10	0.4892597695390782	0.4892597695390782	11.33	-0.0	3.6205222945891786	3.6205222945891786	11.33	0.01	0.4892597695390782	0.4892597695390782	11.33	0.0	282.0	292.06	687.52	34.88	0	1
PROTOTYPE	036709	04/16/18	08:43:11	0.4892597695390782	0.4892597695390782	11.32	-0.0	3.6205222945891786	3.6205222945891786	11.32	0.0	0.4892597695390782	0.4892597695390782	11.32	0.0	299.0	293.1	697.29	44.65	0	1
PROTOTYPE	036710	04/16/18	08:43:12	0.4892597695390782	0.4892597695390782	11.31	-0.0	3.6205222945891786	3.6205222945891786	11.31	0.0	0.4892597695390782	0.4892597695390782	11.31	0.0	289.0	292.48	718.98	22.95	0	1
PROTOTYPE	036711	04/16/18	08:43:14	0.4892597695390782	0.4892597695390782	11.31	-0.0	3.6205222945891786	3.6205222945891786	11.31	0.0	0.4892597695390782	0.4892597695390782	11.31	0.0	289.0	291.96	662.43	79.51	0	1
PROTOTYPE	036712	04/16/18	08:43:15	0.4892597695390782	0.4892597695390782	11.31	-0.0	3.6205222945891786	3.6205222945891786	11.31	0.0	0.4892597695390782	0.4892597695390782	11.31	0.0	287.0	291.22	664.31	-67.42	0	1
PROTOTYPE	036713	04/16/18	08:43:17	0.4892597695390782	0.4892597695390782	11.31	-0.0	3.6205222945891786	3.6205222945891786	11.31	0.0	0.4892597695390782	0.4892597695390782	11.31	0.0	295.0	291.78	718.92	-12.31	0	1
PROTOTYPE	036714	04/16/18	08:43:18	0.4892597695390782	0.4892597695390782	11.31	-0.0	3.6205222945891786	3.6205222945891786	11.31	0.0	0.4892597695390782	0.4892597695390782	11.31	0.0	288.0	291.22	639.29	-205.46	0	1
PROTOTYPE	036715	04/16/18	08:43:20	0.4892597695390782	0.4892597695390782	11.26	-0.0	3.6205222945891786	3.6205222945891786	11.26	0.0	0.4892597695390782	0.4892597695390782	11.26	0.0	288.0	290.73	631.6	-309.64	0	1
PROTOTYPE	036716	04/16/18	08:43:21	0.4892597695390782	0.4892597695390782	11.25	-0.0	3.6205222945891786	3.6205222945891786	11.25	0.0	0.4892597695390782	0.4892597695390782	11.25	0.0	288.0	290.32	495.17	-173.19	0	1
PROTOTYPE	036717	04/16/18	08:43:22	0.4892597695390782	0.4892597695390782	11.28	-0.0	3.6205222945891786	3.6205222945891786	11.28	0.0	0.4892597695390782	0.4892597695390782	11.28	0.0	286.0	289.68	455.87	-342.22	0	1
PROTOTYPE	036718	04/16/18	08:43:24	0.4892597695390782	0.4892597695390782	11.31	-0.0	3.6205222945891786	3.6205222945891786	11.31	0.0	0.4892597695390782	0.4892597695390782	11.31	0.0	291.0	289.87	414.32	-260.88	0	1
PROTOTYPE	036719	04/16/18	08:43:25	0.4892597695390782	0.4892597695390782	11.32	-0.0	3.6205222945891786	3.6205222945891786	11.32	0.0	0.4892597695390782	0.4892597695390782	11.32	0.0	285.0	289.14	435.18	-281.75	0	1
PROTOTYPE	036720	04/16/18	08:43:27	0.4892597695390782	0.4892597695390782	11.33	-0.0	3.522670340681363	3.6058445015030065	24.98	-15.0	0.4892597695390782	0.4892597695390782	11.33	0.0	284.0	288.37	437.92	-284.49	0	1
PROTOTYPE	036721	04/16/18	08:43:28	0.4892597695390782	0.4892597695390782	11.32	-0.0	3.6205222945891786	3.607801540581162	26.22	-12.75	0.4892597695390782	0.4892597695390782	11.32	0.0	286.0	288.02	416.74	-376.81	0	1
PROTOTYPE	036722	04/16/18	08:43:29	0.4892597695390782	0.4892597695390782	11.3	-0.0	3.6205222945891786	3.6097585796593186	27.17	-10.84	0.4892597695390782	0.4892597695390782	11.3	0.0	292.0	288.61	419.75	-260.29	0	1
PROTOTYPE	036723	04/16/18	08:43:31	0.4892597695390782	0.4892597695390782	11.31	-0.0	3.6205222945891786	3.611715618737475	27.92	-9.21	0.4892597695390782	0.4892597695390782	11.31	0.0	294.0	289.42	452.3	-131.25	0	1
PROTOTYPE	036724	04/16/18	08:43:32	0.4892597695390782	0.4892597695390782	11.32	-0.0	3.6205222945891786	3.612694138276553	28.5	-7.83	0.4892597695390782	0.4892597695390782	11.32	0.0	301.0	291.16	584.95	83.44	0	1
PROTOTYPE	036725	04/16/18	08:43:34	0.4892597695390782	0.4892597695390782	11.29	-0.0	3.6205222945891786	3.613672657815631	28.9	-6.66	0.4892597695390782	0.4892597695390782	11.29	0.0	296.0	291.88	592.72	220.92	0	1
PROTOTYPE	036726	04/16/18	08:43:35	0.4892597695390782	0.4892597695390782	11.28	-0.0	3.6205222945891786	3.6146511773547094	29.2	-5.66	0.4892597695390782	0.4892597695390782	11.28	0.0	304.0	293.7	754.54	382.78	0	1
PROTOTYPE	036727	04/16/18	08:43:36	0.4892597695390782	0.4892597695390782	11.28	-0.0	3.6205222945891786	3.6156296968937878	29.43	-4.81	0.4892597695390782	0.4892597695390782	11.28	0.0	293.0	293.6	692.04	445.37	0	1
PROTOTYPE	036728	04/16/18	08:43:38	0.4892597695390782	0.4892597695390782	11.27	-0.0	3.6205222945891786	3.6166082164328657	15.94	10.91	0.4892597695390782	0.4892597695390782	11.27	0.0	297.0	294.11	665.95	573.56	0	1
PROTOTYPE	036729	04/16/18	08:43:39	0.4892597695390782	0.4892597695390782	11.27	-0.0	3.6205222945891786	3.617586735971944	14.82	9.28	0.4892597695390782	0.4892597695390782	11.27	0.0	299.0	294.84	703.76	682.53	0	1
PROTOTYPE	036730	04/16/18	08:43:41	0.4892597695390782	0.4892597695390782	11.28	-0.0	3.6205222945891786	3.617586735971944	13.96	7.88	0.4892597695390782	0.4892597695390782	11.28	0.0	294.0	294.71	656.67	610.15	0	1
PROTOTYPE	036731	04/16/18	08:43:42	0.4892597695390782	0.4892597695390782	11.27	-0.0	3.6205222945891786	3.617586735971944	13.27	6.7	0.4892597695390782	0.4892597695390782	11.27	0.0	291.0	294.16	631.6	473.63	0	1
PROTOTYPE	036732	04/16/18	08:43:44	0.4892597695390782	0.4892597695390782	11.27	-0.0	3.6205222945891786	3.6185652555110215	12.76	5.7	0.4892597695390782	0.4892597695390782	11.27	0.0	304.0	295.63	605.56	447.58	0	1
PROTOTYPE	036733	04/16/18	08:43:45	0.4892597695390782	0.4892597695390782	11.28	-0.0	3.6205222945891786	3.6185652555110215	12.38	4.84	0.4892597695390782	0.4892597695390782	11.28	0.0	296.0	295.69	538.59	380.44	0	1
PROTOTYPE	036734	04/16/18	08:43:46	0.4892597695390782	0.4892597695390782	11.28	-0.0	3.6205222945891786	3.6185652555110215	12.09	4.12	0.4892597695390782	0.4892597695390782	11.28	0.0	295.0	295.59	367.28	188.38	0	1
PROTOTYPE	036735	04/16/18	08:43:48	0.4892597695390782	0.4892597695390782	11.26	-0.0	3.6205222945891786	3.6195437750501003	11.85	3.5	0.4892597695390782	0.4892597695390782	11.26	0.0	303.0	296.7	467.88	310.12	0	1
PROTOTYPE	036736	04/16/18	08:43:49	0.4892597695390782	0.4892597695390782	11.26	-0.0	3.6205222945891786	3.6195437750501003	11.69	2.97	0.4892597695390782	0.4892597695390782	11.26	0.0	293.0	296.14	472.29	203.6	0	1
PROTOTYPE	036737	04/16/18	08:43:51	0.4892597695390782	0.4892597695390782	11.28	-0.0	3.6205222945891786	3.6195437750501003	11.59	2.53	0.4892597695390782	0.4892597695390782	11.28	0.0	290.0	295.22	491.04	38.06	0	1
PROTOTYPE	036738	04/16/18	08:43:52	0.4892597695390782	0.4892597695390782	11.28	-0.0	3.6205222945891786	3.6195437750501003	11.51	2.15	0.4892597695390782	0.4892597695390782	11.28	0.0	288.0	294.14	586.68	-57.65	0	1
PROTOTYPE	036739	04/16/18	08:43:53	0.4892597695390782	0.4892597695390782	11.29	-0.0	3.6205222945891786	3.6195437750501003	11.45	1.83	0.4892597695390782	0.4892597695390782	11.29	0.0	294.0	294.12	533.45	-4.0	0	1
PROTOTYPE	036740	04/16/18	08:43:55	0.4892597695390782	0.4892597695390782	11.28	-0.0	3.6205222945891786	3.6195437750501003	11.4	1.55	0.4892597695390782	0.4892597695390782	11.28	0.0	281.0	292.15	582.58	-348.4	0	1
PROTOTYPE	036741	04/16/18	08:43:56	0.4892597695390782	0.4892597695390782	11.29	-0.0	3.6205222945891786	3.6205222945891786	11.37	1.32	0.4892597695390782	0.4892597695390782	11.29	0.0	288.0	291.53	639.17	-416.14	0	1
PROTOTYPE	036742	04/16/18	08:43:58	0.4892597695390782	0.4892597695390782	11.29	-0.0	3.6205222945891786	3.6205222945891786	11.35	1.12	0.4892597695390782	0.4892597695390782	11.29	0.0	296.0	292.2	695.85	-338.72	0	1
PROTOTYPE	036743	04/16/18	08:43:59	0.4892597695390782	0.4892597695390782	11.29	-0.0	3.6205222945891786	3.6205222945891786	11.33	0.95	0.4892597695390782	0.4892597695390782	11.29	0.0	290.0	291.87	617.63	-482.91	0	1
PROTOTYPE	036744	04/16/18	08:44:00	0.4892597695390782	0.4892597695390782	11.31	-0.0	3.6205222945891786	3.6205222945891786	11.34	0.81	0.4892597695390782	0.4892597695390782	11.31	0.0	291.0	291.74	575.25	-440.47	0	1
PROTOTYPE	036745	04/16/18	08:44:02	0.4892597695390782	0.4892597695390782	11.3	-0.0	3.6205222945891786	3.6205222945891786	11.32	0.69	0.4892597695390782	0.4892597695390782	11.3	0.0	291.0	291.63	494.26	-359.4	0	1
PROTOTYPE	036746	04/16/18	08:44:03	0.4892597695390782	0.4892597695390782	11.3	-0.0	3.6205222945891786	3.6205222945891786	11.32	0.59	0.4892597695390782	0.4892597695390782	11.3	0.0	289.0	291.23	425.36	-290.49	0	1
PROTOTYPE	036747	04/16/18	08:44:05	0.4892597695390782	0.4892597695390782	11.31	-0.0	3.6205222945891786	3.6205222945891786	11.32	0.5	0.4892597695390782	0.4892597695390782	11.31	0.0	287.0	290.6	486.37	-351.92	0	1
PROTOTYPE	036748	04/16/18	08:44:06	0.4892597695390782	0.4892597695390782	11.3	-0.0	3.6205222945891786	3.6205222945891786	11.31	0.42	0.4892597695390782	0.4892597695390782	11.3	0.0	299.0	291.86	415.63	-29.13	0	1
PROTOTYPE	036749	04/16/18	08:44:08	0.4892597695390782	0.4892597695390782	11.31	-0.0	3.6205222945891786	3.6205222945891786	11.31	0.36	0.4892597695390782	0.4892597695390782	11.31	0.0	291.0	291.73	366.32	20.24	0	1
PROTOTYPE	036750	04/16/18	08:44:09	0.4892597695390782	0.4892597695390782	11.29	-0.0	3.6205222945891786	3.6205222945891786	11.29	0.31	0.4892597695390782	0.4892597695390782	11.29	0.0	277.0	289.52	520.17	-267.8	0	1
PROTOTYPE	036751	04/16/18	08:44:10	0.4892597695390782	0.4892597695390782	11.31	-0.0	3.6205222945891786	3.6205222945891786	11.31	0.26	0.4892597695390782	0.4892597695390782	11.31	0.0	293.0	290.04	539.38	-182.63	0	1
PROTOTYPE	036752	04/16/18	08:44:12	0.4892597695390782	0.4892597695390782	11.3	-0.0	3.6205222945891786	3.6205222945891786	11.3	0.22	0.4892597695390782	0.4892597695390782	11.3	0.0	300.0	291.54	675.65	-20.23	0	1
PROTOTYPE	036753	04/16/18	08:44:13	0.4892597695390782	0.4892597695390782	11.29	-0.0	3.6205222945891786	3.6205222945891786	11.29	0.19	0.4892597695390782	0.4892597695390782	11.29	0.0	292.0	291.61	671.58	-2.2	0	1
PROTOTYPE	036754	04/16/18	08:44:15	0.4892597695390782	0.4892597695390782	11.32	-0.0	3.6205222945891786	3.6205222945891786	11.32	0.16	0.4892597695390782	0.4892597695390782	11.32	0.0	291.0	291.51	641.34	28.13	0	1
PROTOTYPE	036755	04/16/18	08:44:16	0.4892597695390782	0.4892597695390782	11.3	-0.0	3.6205222945891786	3.6205222945891786	11.3	0.14	0.4892597695390782	0.4892597695390782	11.3	0.0	281.0	289.94	735.55	-66.09	0	1
PROTOTYPE	036756	04/16/18	08:44:17	0.4892597695390782	0.4892597695390782	11.33	-0.0	3.6205222945891786	3.6205222945891786	11.33	0.12	0.4892597695390782	0.4892597695390782	11.33	0.0	295.0	290.7	685.47	-116.18	0	1
PROTOTYPE	036757	04/16/18	08:44:19	0.4892597695390782	0.4892597695390782	11.32	-0.0	3.6205222945891786	3.6205222945891786	11.32	0.1	0.4892597695390782	0.4892597695390782	11.32	0.0	297.0	291.64	767.07	-8.75	0	1
PROTOTYPE	036758	04/16/18	08:44:20	0.4892597695390782	0.4892597695390782	11.32	-0.0	3.6205222945891786	3.6205222945891786	11.32	0.08	0.4892597695390782	0.4892597695390782	11.32	0.0	286.0	290.8	630.76	127.56	0	1
PROTOTYPE	036759	04/16/18	08:44:22	0.4892597695390782	0.4892597695390782	11.32	-0.0	3.6205222945891786	3.6205222945891786	11.32	0.07	0.4892597695390782	0.4892597695390782	11.32	0.0	292.0	290.98	596.67	93.43	0	1
PROTOTYPE	036760	04/16/18	08:44:23	0.4892597695390782	0.4892597695390782	11.3	-0.0	3.6205222945891786	3.6205222945891786	11.3	0.06	0.4892597695390782	0.4892597695390782	11.3	0.0	281.0	289.48	596.95	-205.59	0	1
PROTOTYPE	036761	04/16/18	08:44:24	0.4892597695390782	0.4892597695390782	11.32	-0.0	3.6205222945891786	3.6205222945891786	11.32	0.05	0.4892597695390782	0.4892597695390782	11.32	0.0	295.0	290.31	672.66	-129.75	0	1
PROTOTYPE	036762	04/16/18	08:44:26	0.4892597695390782	0.4892597695390782	11.28	-0.0	3.6205222945891786	3.6205222945891786	11.28	0.04	0.4892597695390782	0.4892597695390782	11.28	0.0	279.0	288.61	833.09	-290.29	0	1
PROTOTYPE	036763	04/16/18	08:44:27	0.4892597695390782	0.4892597695390782	11.27	-0.0	3.6205222945891786	3.6205222945891786	11.27	0.04	0.4892597695390782	0.4892597695390782	11.27	0.0	289.0	288.67	681.35	-126.74	0	1
PROTOTYPE	036764	04/16/18	08:44:29	0.4892597695390782	0.4892597695390782	11.26	-0.0	3.6205222945891786	3.6205222945891786	11.26	0.03	0.4892597695390782	0.4892597695390782	11.26	0.0	294.0	289.47	685.36	-122.73	0	1
PROTOTYPE	036765	04/16/18	08:44:30	0.4892597695390782	0.4892597695390782	11.24	-0.0	3.6205222945891786	3.6205222945891786	11.24	0.03	0.4892597695390782	0.4892597695390782	11.24	0.0	291.0	289.7	613.8	-194.32	0	1
PROTOTYPE	036766	04/16/18	08:44:32	0.4892597695390782	0.4892597695390782	11.25	-0.0	3.6205222945891786	3.6205222945891786	11.25	0.02	0.4892597695390782	0.4892597695390782	11.25	0.0	297.0	290.79	638.68	-0.17	0	1
