Dev_id	Index	Date	Time	Sensor1	Sensor1_Filter	Sensor1_LL	Sensor1_Diff	Sensor2	Sensor2_Filter	Sensor2_LL	Sensor2_Diff	Sensor3	Sensor3_Filter	Sensor3_LL	Sensor3_Diff	Sensor4	Sensor4_Filter	Sensor4_LL	Sensor4_Diff	Heater_Status	FSM_Status
PROTOTYPE	034567	04/16/18	07:52:47	0.4892597695390782	0.4892597695390782	11.29	0.0	3.522670340681363	3.538326653306613	32.51	-1.71	0.4892597695390782	0.48828125	11.88	3.5	300.0	292.7	760.22	283.62	0	1
PROTOTYPE	034568	04/16/18	07:52:48	0.4892597695390782	0.4892597695390782	11.31	0.0	3.522670340681363	3.5353910946893787	32.3	-1.46	0.39140781563126253	0.47360345691382766	25.18	-12.03	285.0	291.55	712.77	331.08	0	1
PROTOTYPE	034569	04/16/18	07:52:49	0.4892597695390782	0.4892597695390782	11.31	0.0	3.522670340681363	3.5334340556112225	32.11	-1.24	0.4892597695390782	0.475560495991984	26.44	-10.22	288.0	291.01	589.5	101.42	0	1
PROTOTYPE	034570	04/16/18	07:52:51	0.4892597695390782	0.4892597695390782	11.32	0.0	3.522670340681363	3.5324555360721446	31.98	-1.05	0.4892597695390782	0.4775175350701403	27.44	-8.69	292.0	291.16	589.29	131.21	0	1
PROTOTYPE	034571	04/16/18	07:52:52	0.4892597695390782	0.4892597695390782	11.34	0.0	3.522670340681363	3.530498496993988	31.87	-0.89	0.4892597695390782	0.4794745741482967	28.21	-7.39	291.0	291.14	454.86	-8.47	0	1
PROTOTYPE	034572	04/16/18	07:52:54	0.4892597695390782	0.4892597695390782	11.34	0.0	3.522670340681363	3.52951997745491	31.78	-0.76	0.4892597695390782	0.48143161322645295	28.8	-6.28	285.0	290.22	520.24	-127.2	0	1
PROTOTYPE	034573	04/16/18	07:52:55	0.4892597695390782	0.4892597695390782	11.35	0.0	3.6205222945891786	3.543219251002004	31.9	-0.65	0.4892597695390782	0.482410132765531	29.26	-5.34	288.0	289.88	500.84	-213.12	0	1
PROTOTYPE	034574	04/16/18	07:52:57	0.4892597695390782	0.4892597695390782	11.33	0.0	3.522670340681363	3.5402836923847696	31.8	-0.55	0.4892597695390782	0.48338865230460926	29.58	-4.54	281.0	288.55	573.86	-286.15	0	1
PROTOTYPE	034575	04/16/18	07:52:58	0.4892597695390782	0.4892597695390782	11.31	0.0	3.522670340681363	3.537348133767535	31.72	-0.47	0.4892597695390782	0.48436717184368744	29.81	-3.86	288.0	288.47	453.46	-423.23	0	1
PROTOTYPE	034576	04/16/18	07:52:59	0.4892597695390782	0.4892597695390782	11.31	0.0	3.522670340681363	3.5353910946893787	31.66	-0.4	0.4892597695390782	0.4853456913827655	16.55	11.72	296.0	289.6	450.9	-194.75	0	1
PROTOTYPE	034577	04/16/18	07:53:01	0.4892597695390782	0.4892597695390782	11.32	0.0	3.522670340681363	3.5334340556112225	31.62	-0.34	0.4892597695390782	0.4853456913827655	15.32	9.96	294.0	290.26	463.72	-75.53	0	1
PROTOTYPE	034578	04/16/18	07:53:02	0.4892597695390782	0.4892597695390782	11.33	0.0	3.522670340681363	3.5314770165330667	31.59	-0.29	0.4892597695390782	0.4863242109218437	14.36	8.47	290.0	290.22	453.0	-94.2	0	1
PROTOTYPE	034579	04/16/18	07:53:04	0.4892597695390782	0.4892597695390782	11.31	0.0	3.6205222945891786	3.54517629008016	43.25	14.76	0.4892597695390782	0.4863242109218437	13.59	7.2	300.0	291.69	596.89	54.93	0	1
PROTOTYPE	034580	04/16/18	07:53:05	0.4892597695390782	0.4892597695390782	11.34	0.0	3.6205222945891786	3.5559400050100205	53.05	27.54	0.4892597695390782	0.48730273046092193	13.03	6.12	300.0	292.93	629.51	271.69	0	1
PROTOTYPE	034581	04/16/18	07:53:06	0.4892597695390782	0.4892597695390782	11.33	0.0	3.6205222945891786	3.5657252004008013	48.95	23.41	0.4892597695390782	0.48730273046092193	12.58	5.2	294.0	293.09	612.28	320.93	0	1
PROTOTYPE	034582	04/16/18	07:53:08	0.4892597695390782	0.4892597695390782	11.34	0.0	3.522670340681363	3.559854083166333	52.31	19.9	0.4892597695390782	0.48730273046092193	12.26	4.42	282.0	291.43	645.41	287.79	0	1
PROTOTYPE	034583	04/16/18	07:53:09	0.4892597695390782	0.4892597695390782	11.32	0.0	3.522670340681363	3.553982965931864	55.11	16.91	0.4892597695390782	0.48828125	11.99	3.76	290.0	291.22	658.51	274.62	0	1
PROTOTYPE	034584	04/16/18	07:53:11	0.4892597695390782	0.4892597695390782	11.32	0.0	3.6205222945891786	3.5637681613226455	62.74	29.38	0.4892597695390782	0.48828125	11.81	3.19	291.0	291.18	549.07	158.43	0	1
PROTOTYPE	034585	04/16/18	07:53:12	0.4892597695390782	0.4892597695390782	11.31	0.0	3.522670340681363	3.5578970440881763	66.83	24.97	0.4892597695390782	0.48828125	11.67	2.72	293.0	291.46	510.32	119.67	0	1
PROTOTYPE	034586	04/16/18	07:53:13	0.4892597695390782	0.4892597695390782	11.29	0.0	3.522670340681363	3.552025926853707	70.22	21.23	0.4892597695390782	0.48828125	11.55	2.31	291.0	291.39	513.16	116.72	0	1
PROTOTYPE	034587	04/16/18	07:53:15	0.4892597695390782	0.4892597695390782	11.3	0.0	3.522670340681363	3.5481118486973946	61.33	3.04	0.4892597695390782	0.48828125	11.49	1.96	294.0	291.78	405.67	9.21	0	1
PROTOTYPE	034588	04/16/18	07:53:16	0.4892597695390782	0.4892597695390782	11.28	0.0	3.6205222945891786	3.558875563627254	60.87	2.59	0.4892597695390782	0.48828125	11.42	1.67	285.0	290.76	382.67	-217.17	0	1
PROTOTYPE	034589	04/16/18	07:53:18	0.4892597695390782	0.4892597695390782	11.28	0.0	3.522670340681363	3.553004446392786	56.67	-12.8	0.4892597695390782	0.48828125	11.38	1.42	295.0	291.4	430.2	-169.6	0	1
PROTOTYPE	034590	04/16/18	07:53:19	0.4892597695390782	0.4892597695390782	11.28	0.0	3.522670340681363	3.5490903682364734	54.8	-10.88	0.4892597695390782	0.4892597695390782	11.35	1.2	284.0	290.29	374.76	-114.16	0	1
PROTOTYPE	034591	04/16/18	07:53:21	0.4892597695390782	0.4892597695390782	11.29	0.0	3.522670340681363	3.54517629008016	53.24	-9.25	0.4892597695390782	0.4892597695390782	11.34	1.02	287.0	289.8	402.61	-142.03	0	1
PROTOTYPE	034592	04/16/18	07:53:22	0.4892597695390782	0.4892597695390782	11.28	0.0	3.522670340681363	3.5412622119238475	46.63	-22.86	0.4892597695390782	0.4892597695390782	11.32	0.87	287.0	289.38	441.03	-180.73	0	1
PROTOTYPE	034593	04/16/18	07:53:23	0.4892597695390782	0.4892597695390782	11.27	0.0	3.522670340681363	3.538326653306613	43.37	-19.43	0.4892597695390782	0.4892597695390782	11.3	0.74	291.0	289.62	438.15	-183.62	0	1
PROTOTYPE	034594	04/16/18	07:53:25	0.4892597695390782	0.4892597695390782	11.28	0.0	3.6205222945891786	3.551047407314629	50.42	-1.52	0.4892597695390782	0.4892597695390782	11.3	0.63	287.0	289.23	470.49	-216.08	0	1
PROTOTYPE	034595	04/16/18	07:53:26	0.4892597695390782	0.4892597695390782	11.28	0.0	3.522670340681363	3.5471333291583167	50.21	-1.29	0.4892597695390782	0.4892597695390782	11.29	0.53	290.0	289.34	442.96	-243.66	0	1
PROTOTYPE	034596	04/16/18	07:53:28	0.4892597695390782	0.4892597695390782	11.29	0.0	3.522670340681363	3.543219251002004	42.96	-16.1	0.4892597695390782	0.4892597695390782	11.3	0.45	296.0	290.34	441.13	-42.12	0	1
PROTOTYPE	034597	04/16/18	07:53:29	0.4892597695390782	0.4892597695390782	11.31	0.0	3.522670340681363	3.5402836923847696	40.68	-13.68	0.4892597695390782	0.4892597695390782	11.32	0.39	300.0	291.79	522.44	39.2	0	1
PROTOTYPE	034598	04/16/18	07:53:30	0.4892597695390782	0.4892597695390782	11.3	0.0	3.6205222945891786	3.552025926853707	48.16	3.37	0.4892597695390782	0.4892597695390782	11.3	0.33	301.0	293.17	549.62	288.32	0	1
PROTOTYPE	034599	04/16/18	07:53:32	0.4892597695390782	0.4892597695390782	11.31	0.0	3.522670340681363	3.5481118486973946	48.65	2.86	0.4892597695390782	0.4892597695390782	11.31	0.28	289.0	292.55	562.87	275.07	0	1
PROTOTYPE	034600	04/16/18	07:53:33	0.4892597695390782	0.4892597695390782	11.31	0.0	3.522670340681363	3.544197770541082	49.05	2.43	0.4892597695390782	0.4892597695390782	11.31	0.24	298.0	293.36	602.74	398.81	0	1
PROTOTYPE	034601	04/16/18	07:53:35	0.4892597695390782	0.4892597695390782	11.33	0.0	3.522670340681363	3.5402836923847696	49.39	2.07	0.4892597695390782	0.4892597695390782	11.33	0.2	287.0	292.41	673.81	278.99	0	1
PROTOTYPE	034602	04/16/18	07:53:36	0.4892597695390782	0.4892597695390782	11.32	0.0	3.522670340681363	3.538326653306613	39.88	-13.24	0.4892597695390782	0.4892597695390782	11.32	0.17	291.0	292.2	655.68	297.14	0	1
PROTOTYPE	034603	04/16/18	07:53:38	0.4892597695390782	0.4892597695390782	11.31	0.0	3.522670340681363	3.5353910946893787	38.06	-11.25	0.4892597695390782	0.4892597695390782	11.31	0.15	283.0	290.82	781.96	147.57	0	1
PROTOTYPE	034604	04/16/18	07:53:39	0.4892597695390782	0.4892597695390782	11.29	0.0	3.522670340681363	3.5334340556112225	36.55	-9.57	0.4892597695390782	0.4892597695390782	11.29	0.12	285.0	289.95	769.38	-39.56	0	1
PROTOTYPE	034605	04/16/18	07:53:40	0.4892597695390782	0.4892597695390782	11.27	0.0	3.6205222945891786	3.5471333291583167	46.47	6.87	0.4892597695390782	0.4892597695390782	11.27	0.11	283.0	288.9	728.68	-288.63	0	1
PROTOTYPE	034606	04/16/18	07:53:42	0.4892597695390782	0.4892597695390782	11.28	0.0	3.522670340681363	3.543219251002004	38.02	-9.16	0.4892597695390782	0.4892597695390782	11.28	0.09	296.0	289.97	696.98	-320.34	0	1
PROTOTYPE	034607	04/16/18	07:53:43	0.4892597695390782	0.4892597695390782	11.29	0.0	3.522670340681363	3.5402836923847696	36.74	-7.79	0.4892597695390782	0.4892597695390782	11.29	0.08	285.0	289.22	708.92	-332.29	0	1
PROTOTYPE	034608	04/16/18	07:53:45	0.4892597695390782	0.4892597695390782	11.29	0.0	3.522670340681363	3.537348133767535	35.67	-6.62	0.4892597695390782	0.4892597695390782	11.29	0.06	285.0	288.59	690.46	-477.44	0	1
PROTOTYPE	034609	04/16/18	07:53:46	0.4892597695390782	0.4892597695390782	11.27	0.0	3.522670340681363	3.5353910946893787	34.77	-5.63	0.4892597695390782	0.4892597695390782	11.27	0.05	298.0	290.0	736.15	-240.83	0	1
PROTOTYPE	034610	04/16/18	07:53:47	0.4892597695390782	0.4892597695390782	11.28	0.0	3.522670340681363	3.5334340556112225	34.06	-4.78	0.4892597695390782	0.4892597695390782	11.28	0.05	290.0	290.0	716.38	-219.7	0	1
PROTOTYPE	034611	04/16/18	07:53:49	0.4892597695390782	0.4892597695390782	11.28	0.0	3.522670340681363	3.5314770165330667	33.47	-4.07	0.4892597695390782	0.4892597695390782	11.28	0.04	287.0	289.55	623.44	-126.75	0	1
PROTOTYPE	034612	04/16/18	07:53:50	0.4892597695390782	0.4892597695390782	11.3	0.0	3.522670340681363	3.530498496993988	33.02	-3.46	0.4892597695390782	0.4892597695390782	11.3	0.03	291.0	289.77	557.94	-17.73	0	1
PROTOTYPE	034613	04/16/18	07:53:52	0.4892597695390782	0.4892597695390782	11.3	0.0	3.522670340681363	3.52951997745491	21.48	-17.94	0.4892597695390782	0.4892597695390782	11.3	0.03	297.0	290.85	562.23	194.93	0	1
PROTOTYPE	034614	04/16/18	07:53:53	0.4892597695390782	0.4892597695390782	11.31	0.0	3.522670340681363	3.528541457915832	19.27	-15.25	0.4892597695390782	0.4892597695390782	11.31	0.02	290.0	290.72	468.65	75.69	0	1
PROTOTYPE	034615	04/16/18	07:53:54	0.4892597695390782	0.4892597695390782	11.3	0.0	3.522670340681363	3.5275629383767533	17.47	-12.96	0.4892597695390782	0.4892597695390782	11.3	0.02	295.0	291.37	458.26	214.33	0	1
PROTOTYPE	034616	04/16/18	07:53:56	0.4892597695390782	0.4892597695390782	11.29	0.0	3.522670340681363	3.5265844188376754	16.03	-11.02	0.4892597695390782	0.4892597695390782	11.29	0.02	296.0	292.06	464.42	347.18	0	1
PROTOTYPE	034617	04/16/18	07:53:57	0.4892597695390782	0.4892597695390782	11.29	0.0	3.6205222945891786	3.5412622119238475	27.81	5.64	0.4892597695390782	0.4892597695390782	11.29	0.01	284.0	290.85	444.18	85.11	0	1
PROTOTYPE	034618	04/16/18	07:53:59	0.4892597695390782	0.4892597695390782	11.28	0.0	3.522670340681363	3.538326653306613	28.53	4.79	0.4892597695390782	0.4892597695390782	11.28	0.01	280.0	289.22	605.56	-77.66	0	1
PROTOTYPE	034619	04/16/18	07:54:00	0.4892597695390782	0.4892597695390782	11.27	0.0	3.522670340681363	3.5353910946893787	29.11	4.07	0.4892597695390782	0.4892597695390782	11.27	0.01	283.0	288.29	653.9	-126.01	0	1
PROTOTYPE	034620	04/16/18	07:54:01	0.4892597695390782	0.4892597695390782	11.27	0.0	3.522670340681363	3.5334340556112225	29.58	3.46	0.4892597695390782	0.4892597695390782	11.27	0.01	296.0	289.45	747.76	-32.11	0	1
PROTOTYPE	034621	04/16/18	07:54:03	0.4892597695390782	0.4892597695390782	11.28	0.0	3.6205222945891786	3.5471333291583167	41.11	17.94	0.4892597695390782	0.4892597695390782	11.28	0.01	290.0	289.53	647.69	-132.29	0	1
PROTOTYPE	034622	04/16/18	07:54:04	0.4892597695390782	0.4892597695390782	11.26	0.0	3.522670340681363	3.543219251002004	43.32	15.25	0.4892597695390782	0.4892597695390782	11.26	0.01	295.0	290.35	716.88	-37.45	0	1
PROTOTYPE	034623	04/16/18	07:54:06	0.4892597695390782	0.4892597695390782	11.25	0.0	3.522670340681363	3.5402836923847696	45.11	12.96	0.4892597695390782	0.4892597695390782	11.25	0.01	285.0	289.55	733.01	-181.83	0	1
PROTOTYPE	034624	04/16/18	07:54:07	0.4892597695390782	0.4892597695390782	11.25	0.0	3.522670340681363	3.537348133767535	46.55	11.02	0.4892597695390782	0.4892597695390782	11.25	0.0	293.0	290.07	715.28	-199.56	0	1
PROTOTYPE	034625	04/16/18	07:54:09	0.4892597695390782	0.4892597695390782	11.25	0.0	3.522670340681363	3.5353910946893787	34.77	-5.63	0.4892597695390782	0.4892597695390782	11.25	0.0	303.0	292.01	788.38	115.38	0	1
PROTOTYPE	034626	04/16/18	07:54:10	0.4892597695390782	0.4892597695390782	11.26	0.0	3.522670340681363	3.5334340556112225	34.05	-4.79	0.4892597695390782	0.4892597695390782	11.26	0.0	289.0	291.55	670.7	233.07	0	1
PROTOTYPE	034627	04/16/18	07:54:11	0.4892597695390782	0.4892597695390782	11.28	0.0	3.522670340681363	3.5314770165330667	33.48	-4.07	0.4892597695390782	0.4892597695390782	11.28	0.0	298.0	292.52	674.01	423.11	0	1
PROTOTYPE	034628	04/16/18	07:54:13	0.4892597695390782	0.4892597695390782	11.28	0.0	3.522670340681363	3.530498496993988	33.01	-3.46	0.4892597695390782	0.4892597695390782	11.28	0.0	291.0	292.29	581.23	284.64	0	1
PROTOTYPE	034629	04/16/18	07:54:14	0.4892597695390782	0.4892597695390782	11.3	0.0	3.522670340681363	3.52951997745491	21.5	-17.94	0.4892597695390782	0.4892597695390782	11.3	0.0	300.0	293.45	688.42	391.95	0	1
PROTOTYPE	034630	04/16/18	07:54:16	0.4892597695390782	0.4892597695390782	11.31	0.0	3.522670340681363	3.528541457915832	19.28	-15.25	0.4892597695390782	0.4892597695390782	11.31	0.0	285.0	292.18	733.11	183.15	0	1
PROTOTYPE	034631	04/16/18	07:54:17	0.4892597695390782	0.4892597695390782	11.3	0.0	3.522670340681363	3.5275629383767533	17.48	-12.96	0.4892597695390782	0.4892597695390782	11.3	0.0	304.0	293.95	830.12	440.68	0	1
PROTOTYPE	034632	04/16/18	07:54:18	0.4892597695390782	0.4892597695390782	11.3	0.0	3.522670340681363	3.5265844188376754	16.04	-11.02	0.4892597695390782	0.4892597695390782	11.3	0.0	283.0	292.31	942.64	224.58	0	1
PROTOTYPE	034633	04/16/18	07:54:20	0.4892597695390782	0.4892597695390782	11.32	0.0	3.522670340681363	3.5265844188376754	14.92	-9.37	0.4892597695390782	0.4892597695390782	11.32	0.0	294.0	292.56	773.99	55.89	0	1
PROTOTYPE	034634	04/16/18	07:54:21	0.4892597695390782	0.4892597695390782	11.37	0.0	3.522670340681363	3.5256058992985975	14.08	-7.96	0.4892597695390782	0.4892597695390782	11.37	0.0	297.0	293.23	795.43	167.51	0	1
PROTOTYPE	034635	04/16/18	07:54:23	0.4892597695390782	0.4892597695390782	11.37	0.0	3.522670340681363	3.5256058992985975	13.4	-6.77	0.4892597695390782	0.4892597695390782	11.37	0.0	303.0	294.7	845.3	217.38	0	1
PROTOTYPE	034636	04/16/18	07:54:24	0.4892597695390782	0.4892597695390782	11.36	0.0	3.522670340681363	3.524627379759519	12.87	-5.75	0.4892597695390782	0.4892597695390782	11.36	0.0	289.0	293.84	907.87	154.77	0	1
PROTOTYPE	034637	04/16/18	07:54:26	0.4892597695390782	0.4892597695390782	11.35	0.0	3.522670340681363	3.524627379759519	12.47	-4.89	0.4892597695390782	0.4892597695390782	11.35	0.0	294.0	293.87	795.04	41.56	0	1
PROTOTYPE	034638	04/16/18	07:54:27	0.4892597695390782	0.4892597695390782	11.36	0.0	3.522670340681363	3.524627379759519	12.18	-4.16	0.4892597695390782	0.4892597695390782	11.36	0.0	301.0	294.94	775.32	275.32	0	1
PROTOTYPE	034639	04/16/18	07:54:28	0.4892597695390782	0.4892597695390782	11.39	0.0	3.522670340681363	3.5236488602204408	11.99	-3.53	0.4892597695390782	0.4892597695390782	11.39	0.0	293.0	294.64	627.11	69.03	0	1
PROTOTYPE	034640	04/16/18	07:54:30	0.4892597695390782	0.4892597695390782	11.42	0.0	3.522670340681363	3.5236488602204408	11.85	-3.0	0.4892597695390782	0.4892597695390782	11.42	0.0	296.0	294.85	483.16	253.67	0	1
PROTOTYPE	034641	04/16/18	07:54:31	0.4892597695390782	0.4892597695390782	11.4	0.0	3.522670340681363	3.5236488602204408	11.71	-2.55	0.4892597695390782	0.4892597695390782	11.4	0.0	292.0	294.42	500.54	185.62	0	1
PROTOTYPE	034642	04/16/18	07:54:33	0.4892597695390782	0.4892597695390782	11.35	0.0	3.522670340681363	3.5236488602204408	11.58	-2.17	0.4892597695390782	0.4892597695390782	11.35	0.0	288.0	293.46	530.32	22.78	0	1
PROTOTYPE	034643	04/16/18	07:54:34	0.4892597695390782	0.4892597695390782	11.36	0.0	3.522670340681363	3.5236488602204408	11.53	-1.84	0.4892597695390782	0.4892597695390782	11.36	0.0	290.0	292.94	435.65	-175.64	0	1
PROTOTYPE	034644	04/16/18	07:54:35	0.4892597695390782	0.4892597695390782	11.35	0.0	3.522670340681363	3.5236488602204408	11.47	-1.57	0.4892597695390782	0.4892597695390782	11.35	0.0	281.0	291.15	529.3	-269.29	0	1
PROTOTYPE	034645	04/16/18	07:54:37	0.4892597695390782	0.4892597695390782	11.35	0.0	3.522670340681363	3.522670340681363	11.44	-1.33	0.4892597695390782	0.4892597695390782	11.35	0.0	291.0	291.13	529.17	-273.9	0	1
PROTOTYPE	034646	04/16/18	07:54:38	0.4892597695390782	0.4892597695390782	11.34	0.0	3.522670340681363	3.522670340681363	11.4	-1.13	0.4892597695390782	0.4892597695390782	11.34	0.0	288.0	290.66	469.04	-427.81	0	1
PROTOTYPE	034647	04/16/18	07:54:40	0.4892597695390782	0.4892597695390782	11.33	0.0	3.522670340681363	3.522670340681363	11.37	-0.96	0.4892597695390782	0.4892597695390782	11.33	0.0	283.0	289.51	554.85	-513.64	0	1
PROTOTYPE	034648	04/16/18	07:54:41	0.4892597695390782	0.4892597695390782	11.32	0.0	3.522670340681363	3.522670340681363	11.35	-0.82	0.4892597695390782	0.4892597695390782	11.32	0.0	287.0	289.13	572.13	-571.6	0	1
PROTOTYPE	034649	04/16/18	07:54:43	0.4892597695390782	0.4892597695390782	11.34	0.0	3.522670340681363	3.522670340681363	11.36	-0.7	0.4892597695390782	0.4892597695390782	11.34	0.0	273.0	286.71	771.37	-770.86	0	1
PROTOTYPE	034650	04/16/18	07:54:44	0.4892597695390782	0.4892597695390782	11.33	0.0	3.522670340681363	3.522670340681363	11.35	-0.59	0.4892597695390782	0.4892597695390782	11.33	0.0	290.0	287.21	724.38	-625.23	0	1
PROTOTYPE	034651	04/16/18	07:54:45	0.4892597695390782	0.4892597695390782	11.31	0.0	3.6205222945891786	3.537348133767535	24.94	14.5	0.4892597695390782	0.4892597695390782	11.31	0.0	291.0	287.77	729.42	-516.44	0	1
PROTOTYPE	034652	04/16/18	07:54:47	0.4892597695390782	0.4892597695390782	11.34	0.0	3.522670340681363	3.5353910946893787	26.23	12.32	0.4892597695390782	0.4892597695390782	11.34	0.0	289.0	287.96	568.76	-318.98	0	1
PROTOTYPE	034653	04/16/18	07:54:48	0.4892597695390782	0.4892597695390782	11.33	0.0	3.522670340681363	3.5334340556112225	27.2	10.47	0.4892597695390782	0.4892597695390782	11.33	0.0	291.0	288.41	611.77	-271.13	0	1
PROTOTYPE	034654	04/16/18	07:54:50	0.4892597695390782	0.4892597695390782	11.35	0.0	3.522670340681363	3.5314770165330667	27.97	8.9	0.4892597695390782	0.4892597695390782	11.35	0.0	303.0	290.6	783.64	-5.46	0	1
PROTOTYPE	034655	04/16/18	07:54:51	0.4892597695390782	0.4892597695390782	11.34	0.0	3.522670340681363	3.530498496993988	28.53	7.57	0.4892597695390782	0.4892597695390782	11.34	0.0	293.0	290.96	704.76	145.36	0	1
PROTOTYPE	034656	04/16/18	07:54:53	0.4892597695390782	0.4892597695390782	11.34	0.0	3.522670340681363	3.52951997745491	28.96	6.43	0.4892597695390782	0.4892597695390782	11.34	0.0	294.0	291.42	712.7	228.55	0	1
PROTOTYPE	034657	04/16/18	07:54:54	0.4892597695390782	0.4892597695390782	11.34	0.0	3.522670340681363	3.528541457915832	29.29	5.47	0.4892597695390782	0.4892597695390782	11.34	0.0	290.0	291.21	492.02	449.27	0	1
PROTOTYPE	034658	04/16/18	07:54:55	0.4892597695390782	0.4892597695390782	11.36	0.0	3.522670340681363	3.5275629383767533	29.55	4.65	0.4892597695390782	0.4892597695390782	11.36	0.0	289.0	290.87	475.8	366.88	0	1
PROTOTYPE	034659	04/16/18	07:54:57	0.4892597695390782	0.4892597695390782	11.35	0.0	3.6205222945891786	3.5412622119238475	28.85	3.95	0.4892597695390782	0.4892597695390782	11.35	0.0	290.0	290.74	432.05	296.85	0	1
PROTOTYPE	034660	04/16/18	07:54:58	0.4892597695390782	0.4892597695390782	11.32	0.0	3.522670340681363	3.538326653306613	29.35	3.36	0.4892597695390782	0.4892597695390782	11.32	0.0	293.0	291.08	447.5	312.32	0	1
PROTOTYPE	034661	04/16/18	07:55:00	0.4892597695390782	0.4892597695390782	11.36	0.0	3.522670340681363	3.536369614228457	29.8	2.85	0.4892597695390782	0.4892597695390782	11.36	0.0	295.0	291.67	460.65	325.47	0	1
PROTOTYPE	034662	04/16/18	07:55:01	0.4892597695390782	0.4892597695390782	11.32	0.0	3.522670340681363	3.5344125751503004	30.11	2.43	0.4892597695390782	0.4892597695390782	11.32	0.0	295.0	292.17	291.84	156.65	0	1
PROTOTYPE	034663	04/16/18	07:55:02	0.4892597695390782	0.4892597695390782	11.32	0.0	3.522670340681363	3.5324555360721446	30.38	2.06	0.4892597695390782	0.4892597695390782	11.32	0.0	287.0	291.39	333.4	43.15	0	1
PROTOTYPE	034664	04/16/18	07:55:04	0.4892597695390782	0.4892597695390782	11.32	0.0	3.522670340681363	3.530498496993988	30.6	1.75	0.4892597695390782	0.4892597695390782	11.32	0.0	285.0	290.43	383.73	-98.32	0	1
PROTOTYPE	034665	04/16/18	07:55:05	0.4892597695390782	0.4892597695390782	11.31	0.0	3.522670340681363	3.52951997745491	30.75	1.49	0.4892597695390782	0.4892597695390782	11.31	0.0	295.0	291.12	430.91	-8.57	0	1
PROTOTYPE	034666	04/16/18	07:55:07	0.4892597695390782	0.4892597695390782	11.29	0.0	3.522670340681363	3.528541457915832	30.86	1.27	0.4892597695390782	0.4892597695390782	11.29	0.0	284.0	290.05	504.6	-82.29	0	1
PROTOTYPE	034667	04/16/18	07:55:08	0.4892597695390782	0.4892597695390782	11.31	0.0	3.522670340681363	3.5275629383767533	18.22	-13.92	0.4892597695390782	0.4892597695390782	11.31	0.0	286.0	289.44	552.2	-129.94	0	1
PROTOTYPE	034668	04/16/18	07:55:09	0.4892597695390782	0.4892597695390782	11.31	0.0	3.522670340681363	3.5265844188376754	16.63	-11.84	0.4892597695390782	0.4892597695390782	11.31	0.0	288.0	289.23	540.02	-185.45	0	1
PROTOTYPE	034669	04/16/18	07:55:11	0.4892597695390782	0.4892597695390782	11.29	0.0	3.6205222945891786	3.5412622119238475	28.2	4.94	0.4892597695390782	0.4892597695390782	11.29	0.0	300.0	290.84	642.83	-82.63	0	1
PROTOTYPE	034670	04/16/18	07:55:12	0.4892597695390782	0.4892597695390782	11.31	0.0	3.522670340681363	3.538326653306613	28.85	4.2	0.4892597695390782	0.4892597695390782	11.31	0.0	286.0	290.12	665.51	-205.24	0	1
PROTOTYPE	034671	04/16/18	07:55:14	0.4892597695390782	0.4892597695390782	11.31	0.0	3.522670340681363	3.536369614228457	29.37	3.57	0.4892597695390782	0.4892597695390782	11.31	0.0	292.0	290.4	616.25	-99.45	0	1
PROTOTYPE	034672	04/16/18	07:55:15	0.4892597695390782	0.4892597695390782	11.31	0.0	3.522670340681363	3.5344125751503004	29.78	3.03	0.4892597695390782	0.4892597695390782	11.31	0.0	299.0	291.69	649.35	125.47	0	1
PROTOTYPE	034673	04/16/18	07:55:17	0.4892597695390782	0.4892597695390782	11.3	0.0	3.522670340681363	3.5324555360721446	30.11	2.58	0.4892597695390782	0.4892597695390782	11.3	0.0	291.0	291.59	591.29	46.65	0	1
PROTOTYPE	034674	04/16/18	07:55:18	0.5871117234468938	0.5039375626252506	24.96	15.0	3.522670340681363	3.530498496993988	30.37	2.19	0.4892597695390782	0.4892597695390782	11.31	0.0	294.0	291.95	520.73	189.65	0	1
PROTOTYPE	034675	04/16/18	07:55:19	0.4892597695390782	0.5019805235470942	26.21	12.75	3.522670340681363	3.52951997745491	30.58	1.86	0.4892597695390782	0.4892597695390782	11.32	0.0	306.0	294.06	670.72	461.2	0	1
PROTOTYPE	034676	04/16/18	07:55:21	0.4892597695390782	0.5000234844689379	27.18	10.84	3.522670340681363	3.528541457915832	30.74	1.58	0.4892597695390782	0.4892597695390782	11.33	0.0	295.0	294.2	663.25	497.02	0	1
PROTOTYPE	034677	04/16/18	07:55:22	0.4892597695390782	0.4980664453907815	27.91	9.21	3.522670340681363	3.5275629383767533	18.02	-13.65	0.4892597695390782	0.4892597695390782	11.32	0.0	292.0	293.87	534.65	302.47	0	1
PROTOTYPE	034678	04/16/18	07:55:24	0.4892597695390782	0.4970879258517034	28.48	7.83	3.522670340681363	3.5265844188376754	16.49	-11.61	0.4892597695390782	0.4892597695390782	11.33	0.0	292.0	293.59	490.04	347.1	0	1
PROTOTYPE	034679	04/16/18	07:55:25	0.4892597695390782	0.49610940631262535	28.9	6.66	3.522670340681363	3.5265844188376754	15.25	-9.86	0.4892597695390782	0.4892597695390782	11.32	0.0	295.0	293.8	482.99	340.03	0	1
PROTOTYPE	034680	04/16/18	07:55:26	0.4892597695390782	0.49513088677354705	29.21	5.66	3.522670340681363	3.5256058992985975	14.29	-8.39	0.4892597695390782	0.4892597695390782	11.31	0.0	285.0	292.48	485.97	79.03	0	1
PROTOTYPE	034681	04/16/18	07:55:28	0.4892597695390782	0.4941523672344689	29.45	4.81	3.522670340681363	3.5256058992985975	13.54	-7.13	0.4892597695390782	0.4892597695390782	11.31	0.0	292.0	292.41	482.86	82.17	0	1
PROTOTYPE	034682	04/16/18	07:55:29	0.4892597695390782	0.49317384769539074	15.97	-10.91	3.522670340681363	3.524627379759519	12.98	-6.06	0.4892597695390782	0.4892597695390782	11.32	0.0	291.0	292.2	467.79	24.85	0	1
PROTOTYPE	034683	04/16/18	07:55:31	0.4892597695390782	0.4921953281563127	14.84	-9.28	3.522670340681363	3.524627379759519	12.53	-5.15	0.4892597695390782	0.4892597695390782	11.3	0.0	294.0	292.47	284.09	-158.88	0	1
PROTOTYPE	034684	04/16/18	07:55:32	0.4892597695390782	0.4921953281563127	13.99	-7.88	3.522670340681363	3.524627379759519	12.23	-4.38	0.4892597695390782	0.4892597695390782	11.32	0.0	297.0	293.15	337.87	-105.05	0	1
PROTOTYPE	034685	04/16/18	07:55:34	0.4892597695390782	0.4921953281563127	13.31	-6.7	3.522670340681363	3.5236488602204408	11.97	-3.72	0.4892597695390782	0.4892597695390782	11.31	0.0	288.0	292.37	382.09	-149.29	0	1
PROTOTYPE	034686	04/16/18	07:55:35	0.4892597695390782	0.4912168086172345	12.79	-5.7	3.522670340681363	3.5236488602204408	11.79	-3.16	0.4892597695390782	0.4892597695390782	11.3	0.0	289.0	291.87	404.68	-171.9	0	1
PROTOTYPE	034687	04/16/18	07:55:36	0.4892597695390782	0.4912168086172345	12.41	-4.84	3.522670340681363	3.5236488602204408	11.66	-2.69	0.4892597695390782	0.4892597695390782	11.31	0.0	284.0	290.69	501.49	-311.11	0	1
PROTOTYPE	034688	04/16/18	07:55:38	0.4892597695390782	0.4912168086172345	12.13	-4.12	3.6205222945891786	3.538326653306613	25.06	12.72	0.4892597695390782	0.4892597695390782	11.32	0.0	267.0	287.14	724.82	-534.45	0	1
PROTOTYPE	034689	04/16/18	07:55:39	0.4892597695390782	0.49023828907815625	11.92	-3.5	3.522670340681363	3.5353910946893787	26.35	10.81	0.4892597695390782	0.4892597695390782	11.33	0.0	294.0	288.16	820.47	-424.28	0	1
PROTOTYPE	034690	04/16/18	07:55:41	0.4892597695390782	0.49023828907815625	11.74	-2.97	3.522670340681363	3.5334340556112225	27.33	9.19	0.4892597695390782	0.4892597695390782	11.31	0.0	290.0	288.44	826.87	-375.64	0	1
PROTOTYPE	034691	04/16/18	07:55:42	0.4892597695390782	0.49023828907815625	11.61	-2.53	3.522670340681363	3.5324555360721446	28.1	7.81	0.4892597695390782	0.4892597695390782	11.3	0.0	282.0	287.47	896.4	-499.29	0	1
PROTOTYPE	034692	04/16/18	07:55:43	0.4892597695390782	0.49023828907815625	11.51	-2.15	3.522670340681363	3.530498496993988	28.67	6.64	0.4892597695390782	0.4892597695390782	11.28	0.0	292.0	288.15	896.29	-499.4	0	1
PROTOTYPE	034693	04/16/18	07:55:45	0.4892597695390782	0.49023828907815625	11.43	-1.83	3.522670340681363	3.52951997745491	29.11	5.64	0.4892597695390782	0.4892597695390782	11.27	0.0	284.0	287.53	881.38	-484.49	0	1
PROTOTYPE	034694	04/16/18	07:55:46	0.4892597695390782	0.49023828907815625	11.38	-1.55	3.522670340681363	3.528541457915832	29.44	4.8	0.4892597695390782	0.4892597695390782	11.26	0.0	294.0	288.5	927.8	-336.81	0	1
PROTOTYPE	034695	04/16/18	07:55:48	0.4892597695390782	0.4892597695390782	11.33	-1.32	3.522670340681363	3.5275629383767533	29.67	4.08	0.4892597695390782	0.4892597695390782	11.24	0.0	289.0	288.58	817.38	-211.29	0	1
PROTOTYPE	034696	04/16/18	07:55:49	0.4892597695390782	0.4892597695390782	11.29	-1.12	3.522670340681363	3.5265844188376754	16.36	-11.54	0.4892597695390782	0.4892597695390782	11.23	0.0	293.0	289.24	528.43	210.4	0	1
PROTOTYPE	034697	04/16/18	07:55:50	0.4892597695390782	0.4892597695390782	11.26	-0.95	3.522670340681363	3.5265844188376754	15.14	-9.8	0.4892597695390782	0.4892597695390782	11.22	0.0	295.0	290.1	511.88	193.84	0	1
PROTOTYPE	034698	04/16/18	07:55:52	0.4892597695390782	0.4892597695390782	11.26	-0.81	3.522670340681363	3.5256058992985975	14.19	-8.33	0.4892597695390782	0.4892597695390782	11.23	0.0	272.0	287.39	755.87	-105.24	0	1
PROTOTYPE	034699	04/16/18	07:55:53	0.4892597695390782	0.4892597695390782	11.25	-0.69	3.522670340681363	3.5256058992985975	13.45	-7.08	0.4892597695390782	0.4892597695390782	11.23	0.0	287.0	287.33	665.24	-14.45	0	1
PROTOTYPE	034700	04/16/18	07:55:55	0.4892597695390782	0.4892597695390782	11.25	-0.59	3.522670340681363	3.524627379759519	12.89	-6.02	0.4892597695390782	0.4892597695390782	11.23	0.0	302.0	289.53	817.39	137.72	0	1
PROTOTYPE	034701	04/16/18	07:55:56	0.4892597695390782	0.4892597695390782	11.26	-0.5	3.522670340681363	3.524627379759519	12.48	-5.12	0.4892597695390782	0.4892597695390782	11.25	0.0	287.0	289.15	793.06	162.06	0	1
PROTOTYPE	034702	04/16/18	07:55:57	0.4892597695390782	0.4892597695390782	11.26	-0.42	3.522670340681363	3.524627379759519	12.15	-4.35	0.4892597695390782	0.4892597695390782	11.25	0.0	279.0	287.63	848.27	-87.25	0	1
PROTOTYPE	034703	04/16/18	07:55:59	0.4892597695390782	0.4892597695390782	11.29	-0.36	3.522670340681363	3.5236488602204408	11.95	-3.7	0.4892597695390782	0.4892597695390782	11.29	0.0	283.0	286.93	910.08	-164.16	0	1
PROTOTYPE	034704	04/16/18	07:56:00	0.4892597695390782	0.4892597695390782	11.31	-0.31	3.522670340681363	3.5236488602204408	11.79	-3.14	0.4892597695390782	0.4892597695390782	11.31	0.0	288.0	287.09	859.76	-214.54	0	1
PROTOTYPE	034705	04/16/18	07:56:02	0.4892597695390782	0.4892597695390782	11.31	-0.26	3.522670340681363	3.5236488602204408	11.66	-2.67	0.4892597695390782	0.4892597695390782	11.31	0.0	296.0	288.43	906.93	-167.36	0	1
PROTOTYPE	034706	04/16/18	07:56:03	0.4892597695390782	0.4892597695390782	11.31	-0.22	3.522670340681363	3.5236488602204408	11.56	-2.27	0.4892597695390782	0.4892597695390782	11.31	0.0	287.0	288.22	656.87	82.75	0	1
PROTOTYPE	034707	04/16/18	07:56:05	0.4892597695390782	0.4892597695390782	11.36	-0.19	3.522670340681363	3.5236488602204408	11.54	-1.93	0.4892597695390782	0.4892597695390782	11.36	0.0	286.0	287.88	684.15	55.33	0	1
PROTOTYPE	034708	04/16/18	07:56:06	0.4892597695390782	0.4892597695390782	11.35	-0.16	3.522670340681363	3.5236488602204408	11.48	-1.64	0.4892597695390782	0.4892597695390782	11.35	0.0	281.0	286.85	567.34	-267.97	0	1
PROTOTYPE	034709	04/16/18	07:56:07	0.4892597695390782	0.4892597695390782	11.34	-0.14	3.522670340681363	3.5236488602204408	11.43	-1.39	0.4892597695390782	0.4892597695390782	11.34	0.0	293.0	287.77	621.62	-137.77	0	1
PROTOTYPE	034710	04/16/18	07:56:09	0.4892597695390782	0.4892597695390782	11.36	-0.12	3.522670340681363	3.522670340681363	11.43	-1.19	0.4892597695390782	0.4892597695390782	11.36	0.0	285.0	287.36	510.97	-27.11	0	1
PROTOTYPE	034711	04/16/18	07:56:10	0.4892597695390782	0.4892597695390782	11.33	-0.1	3.522670340681363	3.522670340681363	11.38	-1.01	0.4892597695390782	0.4892597695390782	11.33	0.0	284.0	286.85	491.91	-8.04	0	1
PROTOTYPE	034712	04/16/18	07:56:12	0.4892597695390782	0.4892597695390782	11.31	-0.08	3.522670340681363	3.522670340681363	11.34	-0.86	0.4892597695390782	0.4892597695390782	11.31	0.0	304.0	289.43	733.05	233.17	0	1
PROTOTYPE	034713	04/16/18	07:56:13	0.4892597695390782	0.4892597695390782	11.32	-0.07	3.6205222945891786	3.537348133767535	24.95	14.27	0.4892597695390782	0.4892597695390782	11.32	0.0	289.0	289.36	605.99	93.19	0	1
PROTOTYPE	034714	04/16/18	07:56:14	0.4892597695390782	0.4892597695390782	11.32	-0.06	3.522670340681363	3.5353910946893787	26.22	12.13	0.4892597695390782	0.4892597695390782	11.32	0.0	284.0	288.56	664.93	34.21	0	1
PROTOTYPE	034715	04/16/18	07:56:16	0.4892597695390782	0.4892597695390782	11.27	-0.05	3.522670340681363	3.5334340556112225	27.16	10.31	0.4892597695390782	0.4892597695390782	11.27	0.0	281.0	287.42	745.04	-45.92	0	1
PROTOTYPE	034716	04/16/18	07:56:17	0.4892597695390782	0.4892597695390782	11.28	-0.04	3.6205222945891786	3.546154809619239	39.18	23.76	0.4892597695390782	0.4892597695390782	11.28	0.0	290.0	287.81	680.46	95.97	0	1
PROTOTYPE	034717	04/16/18	07:56:19	0.4892597695390782	0.4892597695390782	11.29	-0.04	3.522670340681363	3.543219251002004	41.69	20.2	0.4892597695390782	0.4892597695390782	11.29	0.0	287.0	287.69	600.44	-8.43	0	1
PROTOTYPE	034718	04/16/18	07:56:20	0.4892597695390782	0.4892597695390782	11.27	-0.03	3.522670340681363	3.5402836923847696	43.67	17.17	0.4892597695390782	0.4892597695390782	11.27	0.0	292.0	288.34	623.51	97.84	0	1
PROTOTYPE	034719	04/16/18	07:56:22	0.4892597695390782	0.4892597695390782	11.28	-0.03	3.522670340681363	3.537348133767535	45.27	14.59	0.4892597695390782	0.4892597695390782	11.28	0.0	295.0	289.34	673.11	248.16	0	1
PROTOTYPE	034720	04/16/18	07:56:23	0.4892597695390782	0.4892597695390782	11.27	-0.02	3.522670340681363	3.5353910946893787	46.5	12.41	0.4892597695390782	0.4892597695390782	11.27	0.0	290.0	289.43	425.98	0.94	0	1
PROTOTYPE	034721	04/16/18	07:56:24	0.5871117234468938	0.5039375626252506	24.92	14.98	3.522670340681363	3.5334340556112225	33.87	-4.46	0.4892597695390782	0.4892597695390782	11.29	0.0	295.0	290.27	502.94	90.8	0	1
PROTOTYPE	034722	04/16/18	07:56:26	0.4892597695390782	0.5019805235470942	26.16	12.73	3.522670340681363	3.5314770165330667	33.32	-3.79	0.4892597695390782	0.4892597695390782	11.28	0.0	288.0	289.93	456.57	137.18	0	1
PROTOTYPE	034723	04/16/18	07:56:27	0.4892597695390782	0.5000234844689379	27.14	10.82	3.522670340681363	3.530498496993988	32.9	-3.22	0.4892597695390782	0.4892597695390782	11.29	0.0	301.0	291.59	509.27	416.6	0	1
PROTOTYPE	034724	04/16/18	07:56:29	0.4892597695390782	0.4980664453907815	27.88	9.2	3.522670340681363	3.52951997745491	21.3	-17.74	0.4892597695390782	0.4892597695390782	11.28	0.0	290.0	291.35	494.49	354.11	0	1
PROTOTYPE	034725	04/16/18	07:56:30	0.4892597695390782	0.4970879258517034	28.43	7.82	3.6205222945891786	3.543219251002004	31.46	-0.08	0.4892597695390782	0.4892597695390782	11.27	0.0	286.0	290.55	562.54	285.99	0	1
PROTOTYPE	034726	04/16/18	07:56:31	0.4892597695390782	0.49610940631262535	28.87	6.65	3.6205222945891786	3.5549614854709417	40.03	14.94	0.4892597695390782	0.4892597695390782	11.28	0.0	279.0	288.82	671.09	48.09	0	1
PROTOTYPE	034727	04/16/18	07:56:33	0.4892597695390782	0.49513088677354705	29.19	5.65	3.522670340681363	3.5500688877755513	42.12	12.7	0.4892597695390782	0.4892597695390782	11.29	0.0	301.0	290.64	753.87	130.88	0	1
PROTOTYPE	034728	04/16/18	07:56:34	0.4892597695390782	0.4941523672344689	29.45	4.8	3.522670340681363	3.546154809619239	43.86	10.79	0.4892597695390782	0.4892597695390782	11.31	0.0	281.0	289.2	888.46	-23.75	0	1
PROTOTYPE	034729	04/16/18	07:56:36	0.4892597695390782	0.49317384769539074	15.99	-10.92	3.522670340681363	3.5422407314629263	45.29	9.17	0.4892597695390782	0.4892597695390782	11.32	0.0	303.0	291.27	1012.02	99.81	0	1
PROTOTYPE	034730	04/16/18	07:56:37	0.4892597695390782	0.4921953281563127	14.89	-9.28	3.522670340681363	3.5393051728456917	46.46	7.8	0.4892597695390782	0.4892597695390782	11.34	0.0	280.0	289.58	1146.97	-35.16	0	1
PROTOTYPE	034731	04/16/18	07:56:39	0.4892597695390782	0.4921953281563127	14.0	-7.89	3.522670340681363	3.536369614228457	47.4	6.63	0.4892597695390782	0.4892597695390782	11.33	0.0	279.0	287.99	1139.57	-359.89	0	1
PROTOTYPE	034732	04/16/18	07:56:40	0.4892597695390782	0.4921953281563127	13.33	-6.7	3.522670340681363	3.5344125751503004	48.15	5.63	0.4892597695390782	0.4892597695390782	11.33	0.0	290.0	288.29	1145.85	-305.9	0	1
PROTOTYPE	034733	04/16/18	07:56:41	0.4892597695390782	0.4912168086172345	12.83	-5.7	3.522670340681363	3.5324555360721446	36.41	-10.21	0.4892597695390782	0.4892597695390782	11.35	0.0	286.0	287.95	1099.98	-260.02	0	1
PROTOTYPE	034734	04/16/18	07:56:43	0.4892597695390782	0.4912168086172345	12.45	-4.84	3.522670340681363	3.5314770165330667	26.53	-23.68	0.4892597695390782	0.4892597695390782	11.36	0.0	293.0	288.71	1002.53	-11.02	0	1
PROTOTYPE	034735	04/16/18	07:56:44	0.4892597695390782	0.4912168086172345	12.14	-4.12	3.522670340681363	3.530498496993988	23.38	-20.13	0.4892597695390782	0.4892597695390782	11.34	0.0	290.0	288.9	839.23	-174.36	0	1
PROTOTYPE	034736	04/16/18	07:56:46	0.4892597695390782	0.49023828907815625	11.92	-3.5	3.522670340681363	3.528541457915832	20.8	-17.11	0.4892597695390782	0.4892597695390782	11.33	0.0	298.0	290.27	831.07	106.79	0	1
PROTOTYPE	034737	04/16/18	07:56:47	0.4892597695390782	0.49023828907815625	11.73	-2.98	3.522670340681363	3.5275629383767533	18.7	-14.54	0.4892597695390782	0.4892597695390782	11.3	0.0	299.0	291.58	755.05	30.77	0	1
PROTOTYPE	034738	04/16/18	07:56:48	0.4892597695390782	0.49023828907815625	11.6	-2.53	3.522670340681363	3.5275629383767533	17.01	-12.36	0.4892597695390782	0.4892597695390782	11.29	0.0	289.0	291.19	624.69	161.16	0	1
PROTOTYPE	034739	04/16/18	07:56:50	0.4892597695390782	0.49023828907815625	11.57	-2.15	3.522670340681363	3.5265844188376754	15.71	-10.51	0.4892597695390782	0.4892597695390782	11.34	0.0	298.0	292.21	568.19	421.98	0	1
PROTOTYPE	034740	04/16/18	07:56:51	0.4892597695390782	0.49023828907815625	11.51	-1.83	3.522670340681363	3.5256058992985975	14.66	-8.93	0.4892597695390782	0.4892597695390782	11.35	0.0	291.0	292.03	556.24	373.69	0	1
PROTOTYPE	034741	04/16/18	07:56:53	0.4892597695390782	0.49023828907815625	11.45	-1.55	3.522670340681363	3.5256058992985975	13.83	-7.59	0.4892597695390782	0.4892597695390782	11.33	0.0	294.0	292.32	551.42	437.63	0	1
PROTOTYPE	034742	04/16/18	07:56:54	0.4892597695390782	0.4892597695390782	11.41	-1.32	3.522670340681363	3.524627379759519	13.19	-6.45	0.4892597695390782	0.4892597695390782	11.32	0.0	287.0	291.53	555.52	281.99	0	1
PROTOTYPE	034743	04/16/18	07:56:56	0.4892597695390782	0.4892597695390782	11.39	-1.12	3.522670340681363	3.524627379759519	12.71	-5.48	0.4892597695390782	0.4892597695390782	11.33	0.0	296.0	292.2	603.18	329.69	0	1
PROTOTYPE	034744	04/16/18	07:56:57	0.4892597695390782	0.4892597695390782	11.37	-0.95	3.522670340681363	3.524627379759519	12.35	-4.66	0.4892597695390782	0.4892597695390782	11.33	0.0	296.0	292.77	523.74	250.24	0	1
PROTOTYPE	034745	04/16/18	07:56:58	0.4892597695390782	0.4892597695390782	11.37	-0.81	3.522670340681363	3.5236488602204408	12.09	-3.96	0.4892597695390782	0.4892597695390782	11.34	0.0	292.0	292.65	404.31	107.7	0	1
PROTOTYPE	034746	04/16/18	07:57:00	0.4892597695390782	0.4892597695390782	11.36	-0.69	3.522670340681363	3.5236488602204408	11.88	-3.37	0.4892597695390782	0.4892597695390782	11.34	0.0	291.0	292.4	390.48	121.55	0	1
PROTOTYPE	034747	04/16/18	07:57:01	0.4892597695390782	0.4892597695390782	11.33	-0.59	3.522670340681363	3.5236488602204408	11.71	-2.86	0.4892597695390782	0.4892597695390782	11.31	0.0	283.0	290.99	429.38	-121.69	0	1
PROTOTYPE	034748	04/16/18	07:57:03	0.4892597695390782	0.4892597695390782	11.33	-0.5	3.522670340681363	3.5236488602204408	11.61	-2.43	0.4892597695390782	0.4892597695390782	11.32	0.0	294.0	291.44	456.28	-58.43	0	1
PROTOTYPE	034749	04/16/18	07:57:04	0.4892597695390782	0.4892597695390782	11.32	-0.42	3.522670340681363	3.5236488602204408	11.52	-2.07	0.4892597695390782	0.4892597695390782	11.31	0.0	292.0	291.53	435.13	-79.67	0	1
PROTOTYPE	034750	04/16/18	07:57:05	0.4892597695390782	0.4892597695390782	11.31	-0.36	3.522670340681363	3.5236488602204408	11.46	-1.76	0.4892597695390782	0.4892597695390782	11.31	0.0	296.0	292.2	422.34	67.28	0	1
PROTOTYPE	034751	04/16/18	07:57:07	0.4892597695390782	0.4892597695390782	11.3	-0.31	3.522670340681363	3.5236488602204408	11.41	-1.49	0.4892597695390782	0.4892597695390782	11.3	0.0	299.0	293.22	457.24	102.19	0	1
PROTOTYPE	034752	04/16/18	07:57:08	0.4892597695390782	0.4892597695390782	11.31	-0.26	3.522670340681363	3.522670340681363	11.39	-1.27	0.4892597695390782	0.4892597695390782	11.31	0.0	294.0	293.34	411.98	56.86	0	1
PROTOTYPE	034753	04/16/18	07:57:10	0.4892597695390782	0.4892597695390782	11.3	-0.22	3.6205222945891786	3.537348133767535	24.94	13.92	0.4892597695390782	0.4892597695390782	11.3	0.0	289.0	292.69	465.44	3.33	0	1
PROTOTYPE	034754	04/16/18	07:57:11	0.4892597695390782	0.4892597695390782	11.29	-0.19	3.522670340681363	3.5353910946893787	26.21	11.83	0.4892597695390782	0.4892597695390782	11.29	0.0	291.0	292.43	465.94	2.83	0	1
PROTOTYPE	034755	04/16/18	07:57:12	0.4892597695390782	0.4892597695390782	11.28	-0.16	3.6205222945891786	3.5481118486973946	37.89	25.06	0.4892597695390782	0.4892597695390782	11.28	0.0	285.0	291.32	436.37	32.41	0	1
PROTOTYPE	034756	04/16/18	07:57:14	0.4892597695390782	0.4892597695390782	11.28	-0.14	3.522670340681363	3.544197770541082	40.63	21.3	0.4892597695390782	0.4892597695390782	11.28	0.0	300.0	292.62	521.49	117.55	0	1
PROTOTYPE	034757	04/16/18	07:57:15	0.4892597695390782	0.4892597695390782	11.28	-0.12	3.522670340681363	3.5412622119238475	42.84	18.1	0.4892597695390782	0.4892597695390782	11.28	0.0	283.0	291.18	657.36	-35.09	0	1
PROTOTYPE	034758	04/16/18	07:57:17	0.4892597695390782	0.4892597695390782	11.26	-0.1	3.522670340681363	3.538326653306613	44.58	15.39	0.4892597695390782	0.4892597695390782	11.26	0.0	288.0	290.7	637.94	-149.82	0	1
PROTOTYPE	034759	04/16/18	07:57:18	0.4892597695390782	0.4892597695390782	11.27	-0.08	3.522670340681363	3.536369614228457	45.96	13.08	0.4892597695390782	0.4892597695390782	11.27	0.0	287.0	290.15	591.44	-307.35	0	1
PROTOTYPE	034760	04/16/18	07:57:19	0.4892597695390782	0.4892597695390782	11.25	-0.07	3.6205222945891786	3.5490903682364734	57.57	26.12	0.4892597695390782	0.4892597695390782	11.25	0.0	298.0	291.32	697.47	-201.25	0	1
PROTOTYPE	034761	04/16/18	07:57:21	0.4892597695390782	0.4892597695390782	11.25	-0.06	3.522670340681363	3.54517629008016	46.8	7.2	0.4892597695390782	0.4892597695390782	11.25	0.0	290.0	291.13	652.31	-156.06	0	1
PROTOTYPE	034762	04/16/18	07:57:22	0.4892597695390782	0.4892597695390782	11.25	-0.05	3.522670340681363	3.5412622119238475	47.77	6.12	0.4892597695390782	0.4892597695390782	11.25	0.0	297.0	292.01	715.12	-42.65	0	1
PROTOTYPE	034763	04/16/18	07:57:24	0.4892597695390782	0.4892597695390782	11.25	-0.04	3.522670340681363	3.538326653306613	37.87	-9.8	0.4892597695390782	0.4892597695390782	11.25	0.0	286.0	291.11	693.73	-21.25	0	1
PROTOTYPE	034764	04/16/18	07:57:25	0.4892597695390782	0.4892597695390782	11.24	-0.04	3.522670340681363	3.536369614228457	36.52	-8.33	0.4892597695390782	0.4892597695390782	11.24	0.0	283.0	289.89	685.08	-273.07	0	1
PROTOTYPE	034765	04/16/18	07:57:27	0.4892597695390782	0.4892597695390782	11.23	-0.03	3.522670340681363	3.5344125751503004	35.41	-7.08	0.4892597695390782	0.4892597695390782	11.23	0.0	300.0	291.41	692.43	22.89	0	1
PROTOTYPE	034766	04/16/18	07:57:28	0.4892597695390782	0.4892597695390782	11.24	-0.03	3.522670340681363	3.5324555360721446	34.52	-6.02	0.4892597695390782	0.4892597695390782	11.24	0.0	299.0	292.55	758.67	184.46	0	1
