Dev_id	Index	Date	Time	Sensor1	Sensor1_Filter	Sensor1_LL	Sensor1_Diff	Sensor2	Sensor2_Filter	Sensor2_LL	Sensor2_Diff	Sensor3	Sensor3_Filter	Sensor3_LL	Sensor3_Diff	Sensor4	Sensor4_Filter	Sensor4_LL	Sensor4_Diff	Heater_Status	FSM_Status
PROTOTYPE	034167	04/16/18	07:43:20	0.4892597695390782	0.4892597695390782	11.29	0.0	3.522670340681363	3.536369614228457	41.03	-17.15	0.4892597695390782	0.4892597695390782	11.29	0.0	299.0	292.56	839.97	175.51	0	1
PROTOTYPE	034168	04/16/18	07:43:22	0.4892597695390782	0.4892597695390782	11.29	0.0	3.6205222945891786	3.5490903682364734	49.07	0.42	0.4892597695390782	0.4892597695390782	11.29	0.0	288.0	291.87	815.4	14.18	0	1
PROTOTYPE	034169	04/16/18	07:43:23	0.4892597695390782	0.4892597695390782	11.29	0.0	3.522670340681363	3.54517629008016	42.28	-14.64	0.4892597695390782	0.4892597695390782	11.29	0.0	298.0	292.79	843.27	42.05	0	1
PROTOTYPE	034170	04/16/18	07:43:24	0.4892597695390782	0.4892597695390782	11.26	0.0	3.6205222945891786	3.5569185245490984	48.08	2.55	0.4892597695390782	0.4892597695390782	11.26	0.0	294.0	292.97	762.01	-39.25	0	1
PROTOTYPE	034171	04/16/18	07:43:26	0.4892597695390782	0.4892597695390782	11.26	0.0	3.522670340681363	3.551047407314629	48.45	2.17	0.4892597695390782	0.4892597695390782	11.26	0.0	291.0	292.68	711.14	11.63	0	1
PROTOTYPE	034172	04/16/18	07:43:27	0.4892597695390782	0.4892597695390782	11.28	0.0	3.522670340681363	3.5471333291583167	48.77	1.85	0.4892597695390782	0.4892597695390782	11.28	0.0	285.0	291.53	804.71	-125.11	0	1
PROTOTYPE	034173	04/16/18	07:43:29	0.4892597695390782	0.4892597695390782	11.28	0.0	3.522670340681363	3.543219251002004	49.02	1.57	0.4892597695390782	0.4892597695390782	11.28	0.0	288.0	291.0	605.96	73.66	0	1
PROTOTYPE	034174	04/16/18	07:43:30	0.4892597695390782	0.4892597695390782	11.28	0.0	3.522670340681363	3.5402836923847696	49.24	1.33	0.4892597695390782	0.4892597695390782	11.28	0.0	288.0	290.55	534.85	-87.39	0	1
PROTOTYPE	034175	04/16/18	07:43:32	0.4892597695390782	0.4892597695390782	11.27	0.0	3.522670340681363	3.537348133767535	49.41	1.13	0.4892597695390782	0.4892597695390782	11.27	0.0	283.0	289.42	534.4	-314.28	0	1
PROTOTYPE	034176	04/16/18	07:43:33	0.4892597695390782	0.4892597695390782	11.26	0.0	3.522670340681363	3.5353910946893787	39.15	-14.04	0.4892597695390782	0.4892597695390782	11.26	0.0	284.0	288.6	547.26	-327.14	0	1
PROTOTYPE	034177	04/16/18	07:43:34	0.4892597695390782	0.4892597695390782	11.28	0.0	3.522670340681363	3.5334340556112225	37.28	-11.93	0.4892597695390782	0.4892597695390782	11.28	0.0	280.0	287.31	584.43	-548.07	0	1
PROTOTYPE	034178	04/16/18	07:43:37	0.4892597695390782	0.4892597695390782	11.28	0.0	3.522670340681363	3.5314770165330667	27.82	-25.14	0.4892597695390782	0.4892597695390782	11.28	0.0	297.0	288.77	711.59	-420.86	0	1
PROTOTYPE	034179	04/16/18	07:43:39	0.4892597695390782	0.4892597695390782	12.78	0.0	3.522670340681363	3.530498496993988	25.68	-21.37	0.39140781563126253	0.4745819764529058	25.15	-15.0	286.0	288.35	723.53	-432.73	0	1
PROTOTYPE	034180	04/16/18	07:43:40	0.4892597695390782	0.4892597695390782	12.77	0.0	3.6205222945891786	3.544197770541082	34.92	-3.16	0.4892597695390782	0.4765390155310621	26.39	-12.75	288.0	288.3	613.8	-322.82	0	1
PROTOTYPE	034181	04/16/18	07:43:41	0.4892597695390782	0.4892597695390782	12.77	0.0	3.522670340681363	3.5412622119238475	34.48	-2.69	0.4892597695390782	0.47849605460921835	27.36	-10.84	294.0	289.15	646.41	-184.4	0	1
PROTOTYPE	034182	04/16/18	07:43:43	0.4892597695390782	0.4892597695390782	12.78	0.0	3.522670340681363	3.538326653306613	34.12	-2.29	0.4892597695390782	0.48045309368737477	28.11	-9.21	301.0	290.93	779.13	38.26	0	1
PROTOTYPE	034183	04/16/18	07:43:44	0.4892597695390782	0.4892597695390782	12.77	0.0	3.522670340681363	3.5353910946893787	33.81	-1.94	0.4892597695390782	0.48143161322645295	28.66	-7.83	287.0	290.34	724.88	92.52	0	1
PROTOTYPE	034184	04/16/18	07:43:46	0.4892597695390782	0.4892597695390782	12.78	0.0	3.522670340681363	3.5334340556112225	33.58	-1.65	0.4892597695390782	0.482410132765531	29.1	-6.66	291.0	290.44	653.61	183.64	0	1
PROTOTYPE	034185	04/16/18	07:43:47	0.4892597695390782	0.4892597695390782	12.76	0.0	3.522670340681363	3.5324555360721446	33.37	-1.4	0.4892597695390782	0.48338865230460926	29.4	-5.66	275.0	288.12	756.16	81.1	0	1
PROTOTYPE	034186	04/16/18	07:43:49	0.4892597695390782	0.4892597695390782	12.76	0.0	3.522670340681363	3.530498496993988	33.21	-1.19	0.4892597695390782	0.48436717184368744	29.63	-4.81	284.0	287.51	672.72	-126.07	0	1
PROTOTYPE	034187	04/16/18	07:43:50	0.4892597695390782	0.4892597695390782	11.28	0.0	3.522670340681363	3.52951997745491	31.87	-1.01	0.4892597695390782	0.4853456913827655	15.95	10.91	282.0	286.68	713.72	-167.16	0	1
PROTOTYPE	034188	04/16/18	07:43:51	0.4892597695390782	0.4892597695390782	11.28	0.0	3.522670340681363	3.528541457915832	19.75	-15.86	0.4892597695390782	0.4863242109218437	14.83	9.28	287.0	286.73	713.28	-157.08	0	1
PROTOTYPE	034189	04/16/18	07:43:53	0.4892597695390782	0.4892597695390782	11.27	0.0	3.522670340681363	3.5275629383767533	17.85	-13.48	0.4892597695390782	0.4863242109218437	13.95	7.88	287.0	286.77	632.06	-238.52	0	1
PROTOTYPE	034190	04/16/18	07:43:54	0.4892597695390782	0.4892597695390782	11.27	0.0	3.522670340681363	3.5265844188376754	16.34	-11.46	0.4892597695390782	0.4863242109218437	13.28	6.7	293.0	287.7	547.84	-322.74	0	1
PROTOTYPE	034191	04/16/18	07:43:56	0.4892597695390782	0.4892597695390782	11.29	0.0	3.6205222945891786	3.5412622119238475	28.01	5.26	0.4892597695390782	0.48730273046092193	12.78	5.7	304.0	290.15	733.32	-19.33	0	1
PROTOTYPE	034192	04/16/18	07:43:57	0.4892597695390782	0.4892597695390782	11.29	0.0	3.522670340681363	3.538326653306613	28.69	4.47	0.4892597695390782	0.48730273046092193	12.39	4.84	285.0	289.38	800.57	-106.43	0	1
PROTOTYPE	034193	04/16/18	07:43:58	0.4892597695390782	0.4892597695390782	11.29	0.0	3.522670340681363	3.5353910946893787	29.24	3.8	0.4892597695390782	0.48730273046092193	12.1	4.12	279.0	287.82	724.6	-30.47	0	1
PROTOTYPE	034194	04/16/18	07:44:00	0.4892597695390782	0.4892597695390782	11.27	0.0	3.522670340681363	3.5334340556112225	29.67	3.23	0.4892597695390782	0.48828125	11.86	3.5	294.0	288.75	755.45	124.1	0	1
PROTOTYPE	034195	04/16/18	07:44:01	0.4892597695390782	0.4892597695390782	11.24	0.0	3.522670340681363	3.5324555360721446	30.0	2.74	0.4892597695390782	0.48828125	11.67	2.97	284.0	288.03	744.07	135.49	0	1
PROTOTYPE	034196	04/16/18	07:44:03	0.4892597695390782	0.4892597695390782	11.24	0.0	3.522670340681363	3.530498496993988	30.28	2.33	0.4892597695390782	0.48828125	11.55	2.53	293.0	288.78	813.56	205.16	0	1
PROTOTYPE	034197	04/16/18	07:44:04	0.4892597695390782	0.4892597695390782	11.26	0.0	3.522670340681363	3.52951997745491	30.5	1.98	0.4892597695390782	0.48828125	11.49	2.15	286.0	288.36	850.95	159.39	0	1
PROTOTYPE	034198	04/16/18	07:44:05	0.4892597695390782	0.4892597695390782	11.25	0.0	3.522670340681363	3.528541457915832	30.65	1.69	0.4892597695390782	0.48828125	11.41	1.83	290.0	288.61	782.07	90.48	0	1
PROTOTYPE	034199	04/16/18	07:44:07	0.4892597695390782	0.4892597695390782	11.25	0.0	3.522670340681363	3.5275629383767533	17.91	-13.57	0.4892597695390782	0.48828125	11.37	1.55	286.0	288.22	576.76	-193.09	0	1
PROTOTYPE	034200	04/16/18	07:44:08	0.4892597695390782	0.4892597695390782	11.25	0.0	3.522670340681363	3.5265844188376754	16.38	-11.53	0.4892597695390782	0.4892597695390782	11.34	1.32	301.0	290.13	691.28	75.87	0	1
PROTOTYPE	034201	04/16/18	07:44:10	0.4892597695390782	0.4892597695390782	11.26	0.0	3.522670340681363	3.5265844188376754	15.17	-9.8	0.4892597695390782	0.4892597695390782	11.32	1.12	291.0	290.26	548.71	244.49	0	1
PROTOTYPE	034202	04/16/18	07:44:11	0.4892597695390782	0.4892597695390782	11.26	0.0	3.522670340681363	3.5256058992985975	14.21	-8.33	0.4892597695390782	0.4892597695390782	11.3	0.95	289.0	290.07	475.0	132.82	0	1
PROTOTYPE	034203	04/16/18	07:44:12	0.4892597695390782	0.4892597695390782	11.28	0.0	3.522670340681363	3.5256058992985975	13.49	-7.08	0.4892597695390782	0.4892597695390782	11.31	0.81	298.0	291.26	522.68	322.9	0	1
PROTOTYPE	034204	04/16/18	07:44:14	0.4892597695390782	0.4892597695390782	11.27	0.0	3.6205222945891786	3.5393051728456917	26.13	8.98	0.4892597695390782	0.4892597695390782	11.29	0.69	293.0	291.52	474.27	274.46	0	1
PROTOTYPE	034205	04/16/18	07:44:15	0.4892597695390782	0.4892597695390782	11.27	0.0	3.522670340681363	3.537348133767535	27.19	7.63	0.4892597695390782	0.4892597695390782	11.29	0.59	293.0	291.75	454.75	338.29	0	1
PROTOTYPE	034206	04/16/18	07:44:17	0.4892597695390782	0.4892597695390782	11.29	0.0	3.522670340681363	3.5344125751503004	28.06	6.49	0.4892597695390782	0.4892597695390782	11.3	0.5	296.0	292.38	493.98	377.55	0	1
PROTOTYPE	034207	04/16/18	07:44:18	0.4892597695390782	0.4892597695390782	11.39	0.0	3.522670340681363	3.5334340556112225	28.79	5.51	0.4892597695390782	0.4892597695390782	11.4	0.42	293.0	292.48	464.2	425.92	0	1
PROTOTYPE	034208	04/16/18	07:44:20	0.4892597695390782	0.4892597695390782	11.38	0.0	3.522670340681363	3.5314770165330667	29.31	4.69	0.4892597695390782	0.4892597695390782	11.38	0.36	294.0	292.7	295.35	257.03	0	1
PROTOTYPE	034209	04/16/18	07:44:21	0.4892597695390782	0.4892597695390782	11.36	0.0	3.522670340681363	3.530498496993988	29.69	3.98	0.4892597695390782	0.4892597695390782	11.36	0.31	295.0	293.05	316.75	278.47	0	1
PROTOTYPE	034210	04/16/18	07:44:22	0.4892597695390782	0.4892597695390782	11.37	0.0	3.6205222945891786	3.544197770541082	42.12	18.39	0.4892597695390782	0.4892597695390782	11.37	0.26	295.0	293.34	327.04	326.7	0	1
PROTOTYPE	034211	04/16/18	07:44:24	0.4892597695390782	0.4892597695390782	11.37	0.0	3.522670340681363	3.5402836923847696	44.15	15.63	0.4892597695390782	0.4892597695390782	11.37	0.22	277.0	290.89	453.28	-37.3	0	1
PROTOTYPE	034212	04/16/18	07:44:25	0.4892597695390782	0.4892597695390782	11.37	0.0	3.522670340681363	3.538326653306613	32.56	-1.72	0.4892597695390782	0.4892597695390782	11.37	0.19	291.0	290.91	429.35	-61.71	0	1
PROTOTYPE	034213	04/16/18	07:44:27	0.4892597695390782	0.4892597695390782	11.36	0.0	3.6205222945891786	3.5500688877755513	42.36	13.54	0.4892597695390782	0.4892597695390782	11.36	0.16	290.0	290.77	420.84	-97.45	0	1
PROTOTYPE	034214	04/16/18	07:44:28	0.4892597695390782	0.4892597695390782	11.34	0.0	3.522670340681363	3.546154809619239	44.2	11.51	0.4892597695390782	0.4892597695390782	11.34	0.14	288.0	290.36	398.58	-202.83	0	1
PROTOTYPE	034215	04/16/18	07:44:29	0.4892597695390782	0.4892597695390782	11.23	0.0	3.6205222945891786	3.5569185245490984	53.28	24.78	0.4892597695390782	0.4892597695390782	11.23	0.12	289.0	290.15	409.59	-232.41	0	1
PROTOTYPE	034216	04/16/18	07:44:31	0.4892597695390782	0.4892597695390782	11.24	0.0	3.6205222945891786	3.5667037199398797	60.95	36.07	0.4892597695390782	0.4892597695390782	11.24	0.1	294.0	290.73	444.42	-197.55	0	1
PROTOTYPE	034217	04/16/18	07:44:32	0.4892597695390782	0.4892597695390782	11.28	0.0	3.6205222945891786	3.574531876252505	67.38	45.66	0.4892597695390782	0.4892597695390782	11.28	0.08	290.0	290.62	420.99	-242.92	0	1
PROTOTYPE	034218	04/16/18	07:44:34	0.4892597695390782	0.4892597695390782	11.28	0.0	3.6205222945891786	3.5813815130260522	60.59	38.81	0.4892597695390782	0.4892597695390782	11.28	0.07	284.0	289.63	491.0	-371.48	0	1
PROTOTYPE	034219	04/16/18	07:44:35	0.4892597695390782	0.4892597695390782	11.27	0.0	3.6205222945891786	3.5872526302605205	63.19	47.99	0.4892597695390782	0.4892597695390782	11.27	0.06	294.0	290.28	311.48	-60.76	0	1
PROTOTYPE	034220	04/16/18	07:44:37	0.4892597695390782	0.4892597695390782	11.28	0.0	3.6205222945891786	3.592145227955912	65.36	55.79	0.4892597695390782	0.4892597695390782	11.28	0.05	290.0	290.24	313.79	-66.64	0	1
PROTOTYPE	034221	04/16/18	07:44:38	0.4892597695390782	0.4892597695390782	11.3	0.0	3.6205222945891786	3.5970378256513027	57.15	47.42	0.4892597695390782	0.4892597695390782	11.3	0.04	293.0	290.65	341.54	-11.65	0	1
PROTOTYPE	034222	04/16/18	07:44:39	0.4892597695390782	0.4892597695390782	11.31	0.0	3.6205222945891786	3.5999733842685373	56.61	55.31	0.4892597695390782	0.4892597695390782	11.31	0.04	292.0	290.86	320.19	50.1	0	1
PROTOTYPE	034223	04/16/18	07:44:41	0.4892597695390782	0.4892597695390782	11.3	0.0	3.6205222945891786	3.602908942885772	48.53	47.01	0.4892597695390782	0.4892597695390782	11.3	0.03	295.0	291.48	361.99	132.59	0	1
PROTOTYPE	034224	04/16/18	07:44:42	0.4892597695390782	0.4892597695390782	11.3	0.0	3.522670340681363	3.591166708416834	51.17	24.96	0.4892597695390782	0.4892597695390782	11.3	0.03	297.0	292.31	387.09	157.7	0	1
PROTOTYPE	034225	04/16/18	07:44:44	0.4892597695390782	0.4892597695390782	11.29	0.0	3.522670340681363	3.5813815130260522	53.41	6.22	0.4892597695390782	0.4892597695390782	11.29	0.02	297.0	293.01	446.49	239.04	0	1
PROTOTYPE	034226	04/16/18	07:44:45	0.4892597695390782	0.4892597695390782	11.31	0.0	3.6205222945891786	3.5872526302605205	52.5	5.28	0.4892597695390782	0.4892597695390782	11.31	0.02	290.0	292.56	392.36	293.19	0	1
PROTOTYPE	034227	04/16/18	07:44:46	0.4892597695390782	0.4892597695390782	11.33	0.0	3.6205222945891786	3.592145227955912	51.74	4.49	0.4892597695390782	0.4892597695390782	11.33	0.02	282.0	290.97	485.13	69.21	0	1
PROTOTYPE	034228	04/16/18	07:44:48	0.4892597695390782	0.4892597695390782	11.32	0.0	3.522670340681363	3.5813815130260522	57.19	-11.18	0.4892597695390782	0.4892597695390782	11.32	0.01	291.0	290.98	482.11	73.83	0	1
PROTOTYPE	034229	04/16/18	07:44:49	0.4892597695390782	0.4892597695390782	11.3	0.0	3.522670340681363	3.5725748371743484	61.79	-24.51	0.4892597695390782	0.4892597695390782	11.3	0.01	292.0	291.13	456.08	47.75	0	1
PROTOTYPE	034230	04/16/18	07:44:51	0.4892597695390782	0.4892597695390782	11.31	0.0	3.522670340681363	3.5647466808617234	65.67	-35.83	0.4892597695390782	0.4892597695390782	11.31	0.01	292.0	291.26	448.94	40.59	0	1
PROTOTYPE	034231	04/16/18	07:44:52	0.4892597695390782	0.4892597695390782	11.31	0.0	3.522670340681363	3.558875563627254	68.93	-45.46	0.4892597695390782	0.4892597695390782	11.31	0.01	298.0	292.27	487.85	79.5	0	1
PROTOTYPE	034232	04/16/18	07:44:53	0.4892597695390782	0.4892597695390782	11.31	0.0	3.6205222945891786	3.567682239478958	66.06	-23.64	0.4892597695390782	0.4892597695390782	11.31	0.01	289.0	291.78	454.11	-52.42	0	1
PROTOTYPE	034233	04/16/18	07:44:55	0.4892597695390782	0.4892597695390782	11.29	0.0	3.522670340681363	3.560832602705411	62.55	-20.09	0.4892597695390782	0.4892597695390782	11.29	0.01	291.0	291.66	395.5	-134.56	0	1
PROTOTYPE	034234	04/16/18	07:44:56	0.4892597695390782	0.4892597695390782	11.28	0.0	3.6205222945891786	3.5706177980961926	65.51	-17.08	0.4892597695390782	0.4892597695390782	11.28	0.01	285.0	290.66	450.3	-189.38	0	1
PROTOTYPE	034235	04/16/18	07:44:58	0.4892597695390782	0.4892597695390782	11.26	0.0	3.522670340681363	3.5627896417835667	67.57	-29.52	0.4892597695390782	0.4892597695390782	11.26	0.0	276.0	288.47	511.89	-250.97	0	1
PROTOTYPE	034236	04/16/18	07:44:59	0.4892597695390782	0.4892597695390782	11.29	0.0	3.6205222945891786	3.5715963176352705	65.79	-10.09	0.4892597695390782	0.4892597695390782	11.29	0.0	283.0	287.65	592.43	-333.32	0	1
PROTOTYPE	034237	04/16/18	07:45:01	0.4892597695390782	0.4892597695390782	11.29	0.0	3.522670340681363	3.5647466808617234	64.3	-8.58	0.4892597695390782	0.4892597695390782	11.29	0.0	289.0	287.85	597.41	-328.33	0	1
PROTOTYPE	034238	04/16/18	07:45:02	0.4892597695390782	0.4892597695390782	11.29	0.0	3.522670340681363	3.5578970440881763	63.04	-7.29	0.4892597695390782	0.4892597695390782	11.29	0.0	280.0	286.67	702.05	-459.08	0	1
PROTOTYPE	034239	04/16/18	07:45:03	0.4892597695390782	0.4892597695390782	11.3	0.0	3.522670340681363	3.553004446392786	61.98	-6.2	0.4892597695390782	0.4892597695390782	11.3	0.0	292.0	287.47	680.92	-480.22	0	1
PROTOTYPE	034240	04/16/18	07:45:05	0.4892597695390782	0.4892597695390782	11.29	0.0	3.522670340681363	3.5481118486973946	57.24	-20.27	0.4892597695390782	0.4892597695390782	11.29	0.0	293.0	288.3	714.76	-348.18	0	1
PROTOTYPE	034241	04/16/18	07:45:06	0.4892597695390782	0.4892597695390782	11.3	0.0	3.522670340681363	3.544197770541082	54.3	-17.23	0.4892597695390782	0.4892597695390782	11.3	0.0	300.0	290.05	878.45	-160.96	0	1
PROTOTYPE	034242	04/16/18	07:45:08	0.4892597695390782	0.4892597695390782	11.29	0.0	3.522670340681363	3.5412622119238475	48.72	-29.64	0.4892597695390782	0.4892597695390782	11.29	0.0	284.0	289.15	869.31	-151.81	0	1
PROTOTYPE	034243	04/16/18	07:45:09	0.4892597695390782	0.4892597695390782	11.29	0.0	3.522670340681363	3.538326653306613	44.47	-25.2	0.4892597695390782	0.4892597695390782	11.29	0.0	291.0	289.42	677.17	95.96	0	1
PROTOTYPE	034244	04/16/18	07:45:10	0.4892597695390782	0.4892597695390782	11.25	0.0	3.6205222945891786	3.551047407314629	48.21	-21.42	0.4892597695390782	0.4892597695390782	11.25	0.0	300.0	291.01	753.81	336.57	0	1
PROTOTYPE	034245	04/16/18	07:45:12	0.4892597695390782	0.4892597695390782	11.25	0.0	3.6205222945891786	3.560832602705411	51.37	-3.2	0.4892597695390782	0.4892597695390782	11.25	0.0	296.0	291.76	808.29	391.08	0	1
PROTOTYPE	034246	04/16/18	07:45:13	0.4892597695390782	0.4892597695390782	11.24	0.0	3.522670340681363	3.5549614854709417	50.9	-2.72	0.4892597695390782	0.4892597695390782	11.24	0.0	278.0	289.7	896.95	302.42	0	1
PROTOTYPE	034247	04/16/18	07:45:15	0.4892597695390782	0.4892597695390782	11.24	0.0	3.522670340681363	3.5500688877755513	50.5	-2.31	0.4892597695390782	0.4892597695390782	11.24	0.0	292.0	290.04	851.6	257.06	0	1
PROTOTYPE	034248	04/16/18	07:45:16	0.4892597695390782	0.4892597695390782	11.24	0.0	3.522670340681363	3.546154809619239	50.17	-1.97	0.4892597695390782	0.4892597695390782	11.24	0.0	296.0	290.93	858.04	263.5	0	1
PROTOTYPE	034249	04/16/18	07:45:17	0.4892597695390782	0.4892597695390782	11.24	0.0	3.522670340681363	3.543219251002004	49.9	-1.67	0.4892597695390782	0.4892597695390782	11.24	0.0	291.0	290.94	684.25	88.97	0	1
PROTOTYPE	034250	04/16/18	07:45:19	0.4892597695390782	0.4892597695390782	11.25	0.0	3.522670340681363	3.5393051728456917	49.67	-1.42	0.4892597695390782	0.4892597695390782	11.25	0.0	285.0	290.05	682.6	90.63	0	1
PROTOTYPE	034251	04/16/18	07:45:20	0.4892597695390782	0.4892597695390782	11.27	0.0	3.522670340681363	3.537348133767535	49.49	-1.21	0.4892597695390782	0.4892597695390782	11.27	0.0	292.0	290.35	684.01	92.03	0	1
PROTOTYPE	034252	04/16/18	07:45:22	0.4892597695390782	0.4892597695390782	11.3	0.0	3.522670340681363	3.5353910946893787	39.46	-16.03	0.4892597695390782	0.4892597695390782	11.3	0.0	296.0	291.19	610.21	18.23	0	1
PROTOTYPE	034253	04/16/18	07:45:23	0.4892597695390782	0.4892597695390782	11.29	0.0	3.522670340681363	3.5334340556112225	31.02	-28.62	0.4892597695390782	0.4892597695390782	11.29	0.0	292.0	291.31	547.54	-44.51	0	1
PROTOTYPE	034254	04/16/18	07:45:25	0.4892597695390782	0.4892597695390782	11.29	0.0	3.522670340681363	3.5314770165330667	27.09	-24.33	0.4892597695390782	0.4892597695390782	11.29	0.0	295.0	291.87	396.45	217.17	0	1
PROTOTYPE	034255	04/16/18	07:45:26	0.4892597695390782	0.4892597695390782	11.3	0.0	3.6205222945891786	3.54517629008016	35.59	-5.68	0.4892597695390782	0.4892597695390782	11.3	0.0	290.0	291.59	389.89	154.59	0	1
PROTOTYPE	034256	04/16/18	07:45:27	0.4892597695390782	0.4892597695390782	11.3	0.0	3.6205222945891786	3.5559400050100205	42.77	10.17	0.4892597695390782	0.4892597695390782	11.3	0.0	301.0	293.0	441.7	206.41	0	1
PROTOTYPE	034257	04/16/18	07:45:29	0.4892597695390782	0.4892597695390782	11.3	0.0	3.522670340681363	3.551047407314629	44.22	8.65	0.4892597695390782	0.4892597695390782	11.3	0.0	295.0	293.3	470.03	235.44	0	1
PROTOTYPE	034258	04/16/18	07:45:30	0.4892597695390782	0.4892597695390782	11.29	0.0	3.522670340681363	3.5471333291583167	45.43	7.35	0.4892597695390782	0.4892597695390782	11.29	0.0	291.0	292.95	415.37	290.13	0	1
PROTOTYPE	034259	04/16/18	07:45:32	0.4892597695390782	0.4892597695390782	11.27	0.0	3.6205222945891786	3.5578970440881763	53.82	21.25	0.4892597695390782	0.4892597695390782	11.27	0.0	293.0	292.96	387.69	261.61	0	1
PROTOTYPE	034260	04/16/18	07:45:33	0.4892597695390782	0.4892597695390782	11.24	0.0	3.6205222945891786	3.567682239478958	60.86	33.06	0.4892597695390782	0.4892597695390782	11.24	0.0	297.0	293.57	363.45	237.37	0	1
PROTOTYPE	034261	04/16/18	07:45:34	0.4892597695390782	0.4892597695390782	11.25	0.0	3.522670340681363	3.560832602705411	65.5	28.1	0.4892597695390782	0.4892597695390782	11.25	0.0	281.0	291.68	539.78	36.76	0	1
PROTOTYPE	034262	04/16/18	07:45:36	0.4892597695390782	0.4892597695390782	11.24	0.0	3.522670340681363	3.5549614854709417	69.35	23.89	0.4892597695390782	0.4892597695390782	11.24	0.0	279.0	289.78	674.71	-208.75	0	1
PROTOTYPE	034263	04/16/18	07:45:37	0.4892597695390782	0.4892597695390782	11.23	0.0	3.6205222945891786	3.5647466808617234	65.79	20.3	0.4892597695390782	0.4892597695390782	11.23	0.0	296.0	290.71	739.98	-87.44	0	1
PROTOTYPE	034264	04/16/18	07:45:39	0.4892597695390782	0.4892597695390782	11.23	0.0	3.522670340681363	3.558875563627254	60.73	2.26	0.4892597695390782	0.4892597695390782	11.23	0.0	298.0	291.81	708.1	-119.32	0	1
PROTOTYPE	034265	04/16/18	07:45:40	0.4892597695390782	0.4892597695390782	11.21	0.0	3.522670340681363	3.553004446392786	61.05	1.92	0.4892597695390782	0.4892597695390782	11.21	0.0	296.0	292.43	740.98	-86.42	0	1
PROTOTYPE	034266	04/16/18	07:45:41	0.4892597695390782	0.4892597695390782	11.23	0.0	3.522670340681363	3.5481118486973946	61.33	1.63	0.4892597695390782	0.4892597695390782	11.23	0.0	288.0	291.77	773.0	-118.46	0	1
PROTOTYPE	034267	04/16/18	07:45:43	0.4892597695390782	0.4892597695390782	11.24	0.0	3.6205222945891786	3.558875563627254	61.09	1.39	0.4892597695390782	0.4892597695390782	11.24	0.0	303.0	293.45	939.91	49.31	0	1
PROTOTYPE	034268	04/16/18	07:45:44	0.4892597695390782	0.4892597695390782	11.25	0.0	3.6205222945891786	3.568660759018036	60.89	1.18	0.4892597695390782	0.4892597695390782	11.25	0.0	302.0	294.74	1007.5	116.91	0	1
PROTOTYPE	034269	04/16/18	07:45:46	0.4892597695390782	0.4892597695390782	11.24	0.0	3.6205222945891786	3.576488915330661	61.99	16.0	0.4892597695390782	0.4892597695390782	11.24	0.0	297.0	295.08	852.98	339.38	0	1
PROTOTYPE	034270	04/16/18	07:45:47	0.4892597695390782	0.4892597695390782	11.23	0.0	3.6205222945891786	3.5833385521042085	62.92	28.6	0.4892597695390782	0.4892597695390782	11.23	0.0	295.0	295.06	664.54	528.47	0	1
PROTOTYPE	034271	04/16/18	07:45:48	0.4892597695390782	0.4892597695390782	11.24	0.0	3.522670340681363	3.573553356713427	62.12	9.31	0.4892597695390782	0.4892597695390782	11.24	0.0	275.0	292.05	872.19	134.2	0	1
PROTOTYPE	034272	04/16/18	07:45:50	0.4892597695390782	0.4892597695390782	11.25	0.0	3.522670340681363	3.5667037199398797	63.49	7.91	0.4892597695390782	0.4892597695390782	11.25	0.0	292.0	292.05	764.51	24.07	0	1
PROTOTYPE	034273	04/16/18	07:45:51	0.4892597695390782	0.4892597695390782	11.27	0.0	3.6205222945891786	3.574531876252505	66.27	21.73	0.4892597695390782	0.4892597695390782	11.27	0.0	298.0	292.94	790.89	50.46	0	1
PROTOTYPE	034274	04/16/18	07:45:53	0.4892597695390782	0.4892597695390782	11.25	0.0	3.522670340681363	3.5667037199398797	69.44	18.47	0.4892597695390782	0.4892597695390782	11.25	0.0	298.0	293.7	800.27	192.89	0	1
PROTOTYPE	034275	04/16/18	07:45:54	0.4892597695390782	0.4892597695390782	11.24	0.0	3.6205222945891786	3.574531876252505	66.7	15.7	0.4892597695390782	0.4892597695390782	11.24	0.0	299.0	294.49	711.35	103.96	0	1
PROTOTYPE	034276	04/16/18	07:45:55	0.4892597695390782	0.4892597695390782	11.25	0.0	3.6205222945891786	3.5813815130260522	64.38	13.34	0.4892597695390782	0.4892597695390782	11.25	0.0	298.0	295.02	635.76	28.36	0	1
PROTOTYPE	034277	04/16/18	07:45:57	0.4892597695390782	0.4892597695390782	11.26	0.0	3.522670340681363	3.5725748371743484	65.42	-3.66	0.4892597695390782	0.4892597695390782	11.26	0.0	274.0	291.87	917.07	-320.89	0	1
PROTOTYPE	034278	04/16/18	07:45:58	0.4892597695390782	0.4892597695390782	11.3	0.0	3.522670340681363	3.5647466808617234	66.31	-18.11	0.4892597695390782	0.4892597695390782	11.3	0.0	273.0	289.04	1198.28	-602.76	0	1
PROTOTYPE	034279	04/16/18	07:46:00	0.4892597695390782	0.4892597695390782	11.28	0.0	3.522670340681363	3.558875563627254	63.63	-15.39	0.4892597695390782	0.4892597695390782	11.28	0.0	297.0	290.23	1016.77	-182.34	0	1
PROTOTYPE	034280	04/16/18	07:46:01	0.4892597695390782	0.4892597695390782	11.27	0.0	3.6205222945891786	3.567682239478958	65.21	1.92	0.4892597695390782	0.4892597695390782	11.27	0.0	293.0	290.65	1056.7	-139.99	0	1
PROTOTYPE	034281	04/16/18	07:46:03	0.4892597695390782	0.4892597695390782	11.27	0.0	3.522670340681363	3.560832602705411	63.88	-13.37	0.4892597695390782	0.4892597695390782	11.27	0.0	285.0	289.8	1052.09	-313.99	0	1
PROTOTYPE	034282	04/16/18	07:46:04	0.4892597695390782	0.4892597695390782	11.29	0.0	3.522670340681363	3.5559400050100205	61.91	-11.37	0.4892597695390782	0.4892597695390782	11.29	0.0	285.0	289.08	1048.18	-461.89	0	1
PROTOTYPE	034283	04/16/18	07:46:05	0.4892597695390782	0.4892597695390782	11.29	0.0	3.522670340681363	3.551047407314629	58.76	-24.66	0.4892597695390782	0.4892597695390782	11.29	0.0	283.0	288.17	1059.85	-632.61	0	1
PROTOTYPE	034284	04/16/18	07:46:07	0.4892597695390782	0.4892597695390782	11.29	0.0	3.522670340681363	3.546154809619239	56.09	-35.96	0.4892597695390782	0.4892597695390782	11.29	0.0	294.0	289.04	1094.74	-597.72	0	1
PROTOTYPE	034285	04/16/18	07:46:08	0.4892597695390782	0.4892597695390782	11.29	0.0	3.522670340681363	3.543219251002004	50.85	-30.57	0.4892597695390782	0.4892597695390782	11.29	0.0	289.0	289.04	780.98	-283.06	0	1
PROTOTYPE	034286	04/16/18	07:46:10	0.4892597695390782	0.4892597695390782	11.27	0.0	3.522670340681363	3.5402836923847696	46.44	-25.98	0.4892597695390782	0.4892597695390782	11.27	0.0	287.0	288.73	528.55	-30.6	0	1
PROTOTYPE	034287	04/16/18	07:46:11	0.4892597695390782	0.4892597695390782	11.3	0.0	3.522670340681363	3.537348133767535	42.76	-22.09	0.4892597695390782	0.4892597695390782	11.3	0.0	267.0	285.47	735.06	-476.01	0	1
PROTOTYPE	034288	04/16/18	07:46:12	0.4892597695390782	0.4892597695390782	11.31	0.0	3.522670340681363	3.5353910946893787	35.84	-33.77	0.4892597695390782	0.4892597695390782	11.31	0.0	286.0	285.55	701.56	-509.61	0	1
PROTOTYPE	034289	04/16/18	07:46:14	0.4892597695390782	0.4892597695390782	11.31	0.0	3.522670340681363	3.5334340556112225	31.1	-28.71	0.4892597695390782	0.4892597695390782	11.31	0.0	296.0	287.12	773.6	-268.17	0	1
PROTOTYPE	034290	04/16/18	07:46:15	0.4892597695390782	0.4892597695390782	11.31	0.0	3.522670340681363	3.5314770165330667	27.17	-24.4	0.4892597695390782	0.4892597695390782	11.31	0.0	291.0	287.7	759.85	-137.94	0	1
PROTOTYPE	034291	04/16/18	07:46:17	0.4892597695390782	0.4892597695390782	11.32	0.0	3.522670340681363	3.530498496993988	23.91	-20.74	0.4892597695390782	0.4892597695390782	11.32	0.0	300.0	289.55	853.14	137.75	0	1
PROTOTYPE	034292	04/16/18	07:46:18	0.4892597695390782	0.4892597695390782	11.32	0.0	3.6205222945891786	3.544197770541082	33.32	-2.63	0.4892597695390782	0.4892597695390782	11.32	0.0	273.0	287.06	1013.83	-197.91	0	1
PROTOTYPE	034293	04/16/18	07:46:19	0.4892597695390782	0.4892597695390782	11.32	0.0	3.522670340681363	3.5402836923847696	32.95	-2.23	0.4892597695390782	0.4892597695390782	11.32	0.0	284.0	286.6	1058.25	-243.23	0	1
PROTOTYPE	034294	04/16/18	07:46:21	0.4892597695390782	0.4892597695390782	11.31	0.0	3.522670340681363	3.538326653306613	32.64	-1.9	0.4892597695390782	0.4892597695390782	11.31	0.0	288.0	286.81	1048.67	-191.74	0	1
PROTOTYPE	034295	04/16/18	07:46:22	0.4892597695390782	0.4892597695390782	11.29	0.0	3.6205222945891786	3.5500688877755513	42.39	13.39	0.4892597695390782	0.4892597695390782	11.29	0.0	298.0	288.49	890.51	302.02	0	1
PROTOTYPE	034296	04/16/18	07:46:24	0.4892597695390782	0.4892597695390782	11.29	0.0	3.522670340681363	3.546154809619239	44.22	11.38	0.4892597695390782	0.4892597695390782	11.29	0.0	283.0	287.67	964.83	211.72	0	1
PROTOTYPE	034297	04/16/18	07:46:25	0.4892597695390782	0.4892597695390782	11.28	0.0	3.6205222945891786	3.5569185245490984	53.34	24.67	0.4892597695390782	0.4892597695390782	11.28	0.0	289.0	287.87	828.12	74.96	0	1
PROTOTYPE	034298	04/16/18	07:46:27	0.4892597695390782	0.4892597695390782	11.26	0.0	3.6205222945891786	3.5667037199398797	60.97	35.97	0.4892597695390782	0.4892597695390782	11.26	0.0	291.0	288.34	816.88	63.71	0	1
PROTOTYPE	034299	04/16/18	07:46:28	0.4892597695390782	0.4892597695390782	11.26	0.0	3.6205222945891786	3.574531876252505	67.36	45.57	0.4892597695390782	0.4892597695390782	11.26	0.0	287.0	288.14	652.48	-140.84	0	1
PROTOTYPE	034300	04/16/18	07:46:29	0.4892597695390782	0.4892597695390782	11.28	0.0	3.522670340681363	3.5667037199398797	61.58	23.74	0.4892597695390782	0.4892597695390782	11.28	0.0	286.0	287.82	436.39	75.28	0	1
PROTOTYPE	034301	04/16/18	07:46:31	0.4892597695390782	0.4892597695390782	11.29	0.0	3.6205222945891786	3.575510395791583	66.37	35.18	0.4892597695390782	0.4892597695390782	11.29	0.0	294.0	288.74	483.18	213.99	0	1
PROTOTYPE	034302	04/16/18	07:46:32	0.4892597695390782	0.4892597695390782	11.29	0.0	3.522670340681363	3.567682239478958	71.43	29.9	0.4892597695390782	0.4892597695390782	11.29	0.0	279.0	287.28	608.36	46.89	0	1
PROTOTYPE	034303	04/16/18	07:46:34	0.4892597695390782	0.4892597695390782	11.29	0.0	3.6205222945891786	3.575510395791583	66.99	25.42	0.4892597695390782	0.4892597695390782	11.29	0.0	286.0	287.09	459.83	-140.14	0	1
PROTOTYPE	034304	04/16/18	07:46:35	0.4892597695390782	0.4892597695390782	11.28	0.0	3.522670340681363	3.567682239478958	70.69	21.6	0.4892597695390782	0.4892597695390782	11.28	0.0	299.0	288.88	556.11	120.88	0	1
PROTOTYPE	034305	04/16/18	07:46:36	0.4892597695390782	0.4892597695390782	11.31	0.0	3.522670340681363	3.560832602705411	66.2	3.36	0.4892597695390782	0.4892597695390782	11.31	0.0	299.0	290.39	687.94	252.75	0	1
PROTOTYPE	034306	04/16/18	07:46:38	0.4892597695390782	0.4892597695390782	11.32	0.0	3.522670340681363	3.5549614854709417	62.4	-12.14	0.4892597695390782	0.4892597695390782	11.32	0.0	296.0	291.24	725.01	289.84	0	1
PROTOTYPE	034307	04/16/18	07:46:39	0.4892597695390782	0.4892597695390782	11.33	0.0	3.522670340681363	3.5500688877755513	59.19	-25.32	0.4892597695390782	0.4892597695390782	11.33	0.0	288.0	290.75	753.46	261.36	0	1
PROTOTYPE	034308	04/16/18	07:46:41	0.4892597695390782	0.4892597695390782	11.31	0.0	3.6205222945891786	3.560832602705411	61.95	-6.52	0.4892597695390782	0.4892597695390782	11.31	0.0	290.0	290.64	732.72	282.16	0	1
PROTOTYPE	034309	04/16/18	07:46:42	0.4892597695390782	0.4892597695390782	11.29	0.0	3.522670340681363	3.5549614854709417	59.62	-20.54	0.4892597695390782	0.4892597695390782	11.29	0.0	300.0	292.04	780.39	329.83	0	1
PROTOTYPE	034310	04/16/18	07:46:43	0.4892597695390782	0.4892597695390782	11.31	0.0	3.522670340681363	3.5500688877755513	56.62	-17.46	0.4892597695390782	0.4892597695390782	11.31	0.0	290.0	291.74	664.9	445.36	0	1
PROTOTYPE	034311	04/16/18	07:46:45	0.4892597695390782	0.4892597695390782	11.4	0.0	3.522670340681363	3.546154809619239	52.79	-29.84	0.4892597695390782	0.4892597695390782	11.4	0.0	295.0	292.23	694.6	513.55	0	1
PROTOTYPE	034312	04/16/18	07:46:46	0.4892597695390782	0.4892597695390782	11.4	0.0	3.522670340681363	3.5422407314629263	48.46	-25.37	0.4892597695390782	0.4892597695390782	11.4	0.0	303.0	293.84	677.56	496.52	0	1
PROTOTYPE	034313	04/16/18	07:46:48	0.4892597695390782	0.4892597695390782	11.4	0.0	3.522670340681363	3.5393051728456917	44.83	-21.56	0.4892597695390782	0.4892597695390782	11.4	0.0	284.0	292.37	673.33	197.04	0	1
PROTOTYPE	034314	04/16/18	07:46:49	0.4892597695390782	0.4892597695390782	11.4	0.0	3.6205222945891786	3.552025926853707	51.34	-3.33	0.4892597695390782	0.4892597695390782	11.4	0.0	294.0	292.61	613.81	137.49	0	1
PROTOTYPE	034315	04/16/18	07:46:51	0.4892597695390782	0.4892597695390782	11.39	0.0	3.6205222945891786	3.561811122244489	56.84	12.17	0.4892597695390782	0.4892597695390782	11.39	0.0	283.0	291.17	709.42	41.86	0	1
PROTOTYPE	034316	04/16/18	07:46:52	0.4892597695390782	0.4892597695390782	11.38	0.0	3.6205222945891786	3.5706177980961926	55.03	10.35	0.4892597695390782	0.4892597695390782	11.38	0.0	295.0	291.74	755.55	110.58	0	1
PROTOTYPE	034317	04/16/18	07:46:53	0.4892597695390782	0.4892597695390782	11.41	0.0	3.6205222945891786	3.5784459544088176	56.8	23.79	0.4892597695390782	0.4892597695390782	11.41	0.0	297.0	292.53	693.97	49.0	0	1
PROTOTYPE	034318	04/16/18	07:46:55	0.4892597695390782	0.4892597695390782	11.41	0.0	3.6205222945891786	3.584317071643287	58.28	35.23	0.4892597695390782	0.4892597695390782	11.41	0.0	293.0	292.6	670.47	86.65	0	1
PROTOTYPE	034319	04/16/18	07:46:56	0.4892597695390782	0.4892597695390782	11.31	0.0	3.6205222945891786	3.590188188877755	59.5	44.94	0.4892597695390782	0.4892597695390782	11.31	0.0	297.0	293.26	687.46	103.65	0	1
PROTOTYPE	034320	04/16/18	07:46:58	0.4892597695390782	0.4892597695390782	11.31	0.0	3.522670340681363	3.5794244739478955	66.07	38.2	0.4892597695390782	0.4892597695390782	11.31	0.0	294.0	293.37	537.0	-46.9	0	1
PROTOTYPE	034321	04/16/18	07:46:59	0.4892597695390782	0.4892597695390782	11.3	0.0	3.522670340681363	3.5715963176352705	71.6	32.47	0.4892597695390782	0.4892597695390782	11.3	0.0	289.0	292.72	454.97	35.14	0	1
PROTOTYPE	034322	04/16/18	07:47:01	0.4892597695390782	0.4892597695390782	11.3	0.0	3.6205222945891786	3.5784459544088176	66.78	27.6	0.4892597695390782	0.4892597695390782	11.3	0.0	280.0	290.81	621.17	-180.13	0	1
PROTOTYPE	034323	04/16/18	07:47:02	0.4892597695390782	0.4892597695390782	11.31	0.0	3.6205222945891786	3.5852955911823647	62.7	23.46	0.4892597695390782	0.4892597695390782	11.31	0.0	279.0	289.04	654.15	-213.11	0	1
PROTOTYPE	034324	04/16/18	07:47:03	0.4892597695390782	0.4892597695390782	11.33	0.0	3.522670340681363	3.575510395791583	63.27	4.94	0.4892597695390782	0.4892597695390782	11.33	0.0	298.0	290.38	731.1	-136.15	0	1
PROTOTYPE	034325	04/16/18	07:47:05	0.4892597695390782	0.4892597695390782	11.32	0.0	3.6205222945891786	3.58236003256513	62.54	4.2	0.4892597695390782	0.4892597695390782	11.32	0.0	296.0	291.22	736.53	-130.72	0	1
PROTOTYPE	034326	04/16/18	07:47:06	0.4892597695390782	0.4892597695390782	11.3	0.0	3.522670340681363	3.573553356713427	65.16	-11.43	0.4892597695390782	0.4892597695390782	11.3	0.0	292.0	291.34	741.08	-126.12	0	1
PROTOTYPE	034327	04/16/18	07:47:08	0.4892597695390782	0.4892597695390782	11.32	0.0	3.6205222945891786	3.5804029934869743	66.84	-9.72	0.4892597695390782	0.4892597695390782	11.32	0.0	286.0	290.54	755.22	-272.2	0	1
PROTOTYPE	034328	04/16/18	07:47:09	0.4892597695390782	0.4892597695390782	11.33	0.0	3.6205222945891786	3.586274110721443	62.73	6.74	0.4892597695390782	0.4892597695390782	11.33	0.0	280.0	288.96	902.17	-441.37	0	1
PROTOTYPE	034329	04/16/18	07:47:10	0.4892597695390782	0.4892597695390782	11.31	0.0	3.522670340681363	3.576488915330661	63.73	5.73	0.4892597695390782	0.4892597695390782	11.31	0.0	301.0	290.77	1017.19	-195.16	0	1
PROTOTYPE	034330	04/16/18	07:47:12	0.4892597695390782	0.4892597695390782	11.3	0.0	3.6205222945891786	3.5833385521042085	62.88	4.87	0.4892597695390782	0.4892597695390782	11.3	0.0	298.0	291.85	934.96	104.11	0	1
PROTOTYPE	034331	04/16/18	07:47:13	0.4892597695390782	0.4892597695390782	11.27	0.0	3.522670340681363	3.574531876252505	65.73	-10.86	0.4892597695390782	0.4892597695390782	11.27	0.0	292.0	291.87	760.46	283.49	0	1
PROTOTYPE	034332	04/16/18	07:47:15	0.4892597695390782	0.4892597695390782	11.26	0.0	3.522670340681363	3.5667037199398797	64.12	-9.23	0.4892597695390782	0.4892597695390782	11.26	0.0	293.0	292.04	642.99	165.97	0	1
PROTOTYPE	034333	04/16/18	07:47:16	0.4892597695390782	0.4892597695390782	11.26	0.0	3.522670340681363	3.559854083166333	63.97	-22.85	0.4892597695390782	0.4892597695390782	11.26	0.0	281.0	290.39	724.34	-83.93	0	1
PROTOTYPE	034334	04/16/18	07:47:17	0.4892597695390782	0.4892597695390782	11.26	0.0	3.522670340681363	3.553982965931864	60.61	-19.42	0.4892597695390782	0.4892597695390782	11.26	0.0	293.0	290.78	751.87	-56.34	0	1
PROTOTYPE	034335	04/16/18	07:47:19	0.4892597695390782	0.4892597695390782	11.27	0.0	3.522670340681363	3.5500688877755513	58.32	-31.51	0.4892597695390782	0.4892597695390782	11.27	0.0	275.0	288.41	908.41	-212.89	0	1
PROTOTYPE	034336	04/16/18	07:47:20	0.4892597695390782	0.4892597695390782	11.26	0.0	3.522670340681363	3.54517629008016	56.38	-41.78	0.4892597695390782	0.4892597695390782	11.26	0.0	291.0	288.8	789.17	-15.95	0	1
PROTOTYPE	034337	04/16/18	07:47:22	0.4892597695390782	0.4892597695390782	11.28	0.0	3.522670340681363	3.5422407314629263	50.29	-35.51	0.4892597695390782	0.4892597695390782	11.28	0.0	291.0	289.13	641.58	-163.56	0	1
PROTOTYPE	034338	04/16/18	07:47:23	0.4892597695390782	0.4892597695390782	11.29	0.0	3.522670340681363	3.5393051728456917	46.76	-45.19	0.4892597695390782	0.4892597695390782	11.29	0.0	287.0	288.81	565.03	-304.03	0	1
PROTOTYPE	034339	04/16/18	07:47:25	0.4892597695390782	0.4892597695390782	11.3	0.0	3.6205222945891786	3.551047407314629	49.88	-23.41	0.4892597695390782	0.4892597695390782	11.3	0.0	295.0	289.74	655.24	-213.42	0	1
PROTOTYPE	034340	04/16/18	07:47:26	0.4892597695390782	0.4892597695390782	11.3	0.0	3.522670340681363	3.5471333291583167	46.47	-19.9	0.4892597695390782	0.4892597695390782	11.3	0.0	286.0	289.18	694.37	-286.41	0	1
PROTOTYPE	034341	04/16/18	07:47:27	0.4892597695390782	0.4892597695390782	11.27	0.0	3.6205222945891786	3.5578970440881763	50.93	-1.91	0.4892597695390782	0.4892597695390782	11.27	0.0	302.0	291.1	721.08	71.55	0	1
PROTOTYPE	034342	04/16/18	07:47:29	0.4892597695390782	0.4892597695390782	11.27	0.0	3.522670340681363	3.553004446392786	50.65	-1.63	0.4892597695390782	0.4892597695390782	11.27	0.0	295.0	291.69	740.34	90.82	0	1
PROTOTYPE	034343	04/16/18	07:47:30	0.4892597695390782	0.4892597695390782	11.24	0.0	3.522670340681363	3.5481118486973946	50.4	-1.38	0.4892597695390782	0.4892597695390782	11.24	0.0	282.0	290.23	648.96	182.2	0	1
PROTOTYPE	034344	04/16/18	07:47:32	0.4892597695390782	0.4892597695390782	11.27	0.0	3.6205222945891786	3.558875563627254	57.21	13.83	0.4892597695390782	0.4892597695390782	11.27	0.0	295.0	290.95	681.62	214.87	0	1
PROTOTYPE	034345	04/16/18	07:47:33	0.4892597695390782	0.4892597695390782	11.24	0.0	3.522670340681363	3.553982965931864	59.17	11.75	0.4892597695390782	0.4892597695390782	11.24	0.0	290.0	290.81	662.87	167.64	0	1
PROTOTYPE	034346	04/16/18	07:47:34	0.4892597695390782	0.4892597695390782	11.24	0.0	3.6205222945891786	3.5637681613226455	66.22	24.99	0.4892597695390782	0.4892597695390782	11.24	0.0	287.0	290.24	688.0	142.49	0	1
PROTOTYPE	034347	04/16/18	07:47:36	0.4892597695390782	0.4892597695390782	11.29	0.0	3.522670340681363	3.5578970440881763	60.13	6.24	0.4892597695390782	0.4892597695390782	11.29	0.0	287.0	289.75	643.69	1.12	0	1
PROTOTYPE	034348	04/16/18	07:47:37	0.4892597695390782	0.4892597695390782	11.29	0.0	3.6205222945891786	3.5667037199398797	65.26	20.3	0.4892597695390782	0.4892597695390782	11.29	0.0	299.0	291.14	726.36	195.95	0	1
PROTOTYPE	034349	04/16/18	07:47:39	0.4892597695390782	0.4892597695390782	11.3	0.0	3.6205222945891786	3.574531876252505	62.25	17.26	0.4892597695390782	0.4892597695390782	11.3	0.0	297.0	292.02	621.97	91.56	0	1
PROTOTYPE	034350	04/16/18	07:47:40	0.4892597695390782	0.4892597695390782	11.32	0.0	3.6205222945891786	3.5813815130260522	63.76	29.67	0.4892597695390782	0.4892597695390782	11.32	0.0	292.0	292.01	564.91	32.82	0	1
PROTOTYPE	034351	04/16/18	07:47:41	0.4892597695390782	0.4892597695390782	11.34	0.0	3.6205222945891786	3.5872526302605205	65.03	40.22	0.4892597695390782	0.4892597695390782	11.34	0.0	291.0	291.86	434.89	162.9	0	1
PROTOTYPE	034352	04/16/18	07:47:43	0.4892597695390782	0.4892597695390782	11.31	0.0	3.6205222945891786	3.592145227955912	59.09	34.19	0.4892597695390782	0.4892597695390782	11.31	0.0	284.0	290.68	481.32	-26.53	0	1
PROTOTYPE	034353	04/16/18	07:47:44	0.4892597695390782	0.4892597695390782	11.34	0.0	3.522670340681363	3.58236003256513	64.14	29.06	0.4892597695390782	0.4892597695390782	11.34	0.0	299.0	291.93	591.79	112.45	0	1
PROTOTYPE	034354	04/16/18	07:47:46	0.4892597695390782	0.4892597695390782	11.34	0.0	3.522670340681363	3.573553356713427	63.01	9.7	0.4892597695390782	0.4892597695390782	11.34	0.0	295.0	292.39	580.75	215.58	0	1
PROTOTYPE	034355	04/16/18	07:47:47	0.4892597695390782	0.4892597695390782	11.29	0.0	3.522670340681363	3.5657252004008013	64.43	8.24	0.4892597695390782	0.4892597695390782	11.29	0.0	285.0	291.28	643.08	153.24	0	1
PROTOTYPE	034356	04/16/18	07:47:49	0.4892597695390782	0.4892597695390782	11.29	0.0	3.6205222945891786	3.573553356713427	63.21	7.01	0.4892597695390782	0.4892597695390782	11.29	0.0	282.0	289.89	643.56	-124.74	0	1
PROTOTYPE	034357	04/16/18	07:47:50	0.4892597695390782	0.4892597695390782	11.32	0.0	3.6205222945891786	3.5804029934869743	62.18	5.96	0.4892597695390782	0.4892597695390782	11.32	0.0	283.0	288.86	658.96	-316.03	0	1
PROTOTYPE	034358	04/16/18	07:47:51	0.4892597695390782	0.4892597695390782	11.31	0.0	3.6205222945891786	3.5872526302605205	61.3	5.06	0.4892597695390782	0.4892597695390782	11.31	0.0	300.0	290.53	824.68	-148.63	0	1
PROTOTYPE	034359	04/16/18	07:47:53	0.4892597695390782	0.4892597695390782	11.29	0.0	3.6205222945891786	3.592145227955912	60.56	4.3	0.4892597695390782	0.4892597695390782	11.29	0.0	283.0	289.4	922.33	-246.33	0	1
PROTOTYPE	034360	04/16/18	07:47:54	0.4892597695390782	0.4892597695390782	11.31	0.0	3.6205222945891786	3.5960593061122244	59.95	3.66	0.4892597695390782	0.4892597695390782	11.31	0.0	285.0	288.74	870.39	-194.38	0	1
PROTOTYPE	034361	04/16/18	07:47:56	0.4892597695390782	0.4892597695390782	11.29	0.0	3.6205222945891786	3.5999733842685373	53.13	18.11	0.4892597695390782	0.4892597695390782	11.29	0.0	298.0	290.13	884.54	-180.23	0	1
PROTOTYPE	034362	04/16/18	07:47:57	0.4892597695390782	0.4892597695390782	11.29	0.0	3.6205222945891786	3.602908942885772	47.39	30.39	0.4892597695390782	0.4892597695390782	11.29	0.0	292.0	290.41	866.59	-198.19	0	1
PROTOTYPE	034363	04/16/18	07:47:58	0.4892597695390782	0.4892597695390782	11.3	0.0	3.6205222945891786	3.6058445015030065	42.57	40.83	0.4892597695390782	0.4892597695390782	11.3	0.0	295.0	291.1	824.6	-18.46	0	1
PROTOTYPE	034364	04/16/18	07:48:00	0.4892597695390782	0.4892597695390782	11.29	0.0	3.6205222945891786	3.607801540581162	36.72	34.71	0.4892597695390782	0.4892597695390782	11.29	0.0	287.0	290.48	746.84	59.31	0	1
PROTOTYPE	034365	04/16/18	07:48:01	0.4892597695390782	0.4892597695390782	11.28	0.0	3.6205222945891786	3.6097585796593186	31.83	29.5	0.4892597695390782	0.4892597695390782	11.28	0.0	303.0	292.36	831.24	350.41	0	1
PROTOTYPE	034366	04/16/18	07:48:03	0.4892597695390782	0.4892597695390782	11.27	0.0	3.6205222945891786	3.611715618737475	27.76	25.08	0.4892597695390782	0.4892597695390782	11.27	0.0	295.0	292.76	703.7	222.85	0	1
