Dev_id	Index	Date	Time	Sensor1	Sensor1_Filter	Sensor1_LL	Sensor1_Diff	Sensor2	Sensor2_Filter	Sensor2_LL	Sensor2_Diff	Sensor3	Sensor3_Filter	Sensor3_LL	Sensor3_Diff	Sensor4	Sensor4_Filter	Sensor4_LL	Sensor4_Diff	Heater_Status	FSM_Status
PROTOTYPE	035567	04/16/18	08:16:19	0.4892597695390782	0.4892597695390782	11.28	-0.0	3.424818386773547	3.4385176603206413	46.18	11.81	0.4892597695390782	0.48828125	11.71	2.97	291.0	290.6	545.12	223.0	0	1
PROTOTYPE	035568	04/16/18	08:16:20	0.4892597695390782	0.4892597695390782	11.29	-0.0	3.424818386773547	3.4365606212424846	47.28	10.04	0.4892597695390782	0.48828125	11.6	2.53	291.0	290.66	496.82	174.55	0	1
PROTOTYPE	035569	04/16/18	08:16:22	0.4892597695390782	0.4892597695390782	11.27	-0.0	3.424818386773547	3.434603582164329	34.79	-6.47	0.4892597695390782	0.48828125	11.5	2.15	296.0	291.46	470.64	148.37	0	1
PROTOTYPE	035570	04/16/18	08:16:23	0.4892597695390782	0.4892597695390782	11.27	-0.0	3.424818386773547	3.433625062625251	34.0	-5.5	0.4892597695390782	0.48828125	11.43	1.83	289.0	291.09	462.2	66.11	0	1
PROTOTYPE	035571	04/16/18	08:16:24	0.4892597695390782	0.4892597695390782	11.28	-0.0	3.424818386773547	3.431668023547094	22.96	-19.67	0.4892597695390782	0.48828125	11.4	1.55	307.0	293.48	619.37	386.2	0	1
PROTOTYPE	035572	04/16/18	08:16:26	0.4892597695390782	0.4892597695390782	11.26	-0.0	3.424818386773547	3.4306895040080163	20.44	-16.72	0.4892597695390782	0.4892597695390782	11.35	1.32	298.0	294.16	516.45	283.27	0	1
PROTOTYPE	035573	04/16/18	08:16:27	0.4892597695390782	0.4892597695390782	11.26	-0.0	3.522670340681363	3.4443887775551105	30.85	0.79	0.4892597695390782	0.4892597695390782	11.32	1.12	287.0	293.08	588.92	210.78	0	1
PROTOTYPE	035574	04/16/18	08:16:29	0.4892597695390782	0.4892597695390782	11.26	-0.0	3.522670340681363	3.456131012024048	39.63	15.67	0.4892597695390782	0.4892597695390782	11.3	0.95	296.0	293.52	588.06	299.16	0	1
PROTOTYPE	035575	04/16/18	08:16:30	0.4892597695390782	0.4892597695390782	11.26	-0.0	3.522670340681363	3.4659162074148298	47.02	28.32	0.4892597695390782	0.4892597695390782	11.29	0.81	288.0	292.69	663.66	209.29	0	1
PROTOTYPE	035576	04/16/18	08:16:31	0.4892597695390782	0.4892597695390782	11.28	-0.0	3.522670340681363	3.474722883266533	53.23	39.07	0.4892597695390782	0.4892597695390782	11.3	0.69	293.0	292.74	662.32	207.89	0	1
PROTOTYPE	035577	04/16/18	08:16:33	0.4892597695390782	0.4892597695390782	11.29	-0.0	3.522670340681363	3.4815725200400798	58.42	48.21	0.4892597695390782	0.4892597695390782	11.31	0.59	299.0	293.68	676.14	221.71	0	1
PROTOTYPE	035578	04/16/18	08:16:34	0.4892597695390782	0.4892597695390782	11.27	-0.0	3.522670340681363	3.4884221568136273	62.73	55.98	0.4892597695390782	0.4892597695390782	11.28	0.5	290.0	293.13	694.38	203.45	0	1
PROTOTYPE	035579	04/16/18	08:16:36	0.4892597695390782	0.4892597695390782	11.28	-0.0	3.522670340681363	3.493314754509018	66.31	62.58	0.4892597695390782	0.4892597695390782	11.29	0.42	289.0	292.51	517.66	-97.06	0	1
PROTOTYPE	035580	04/16/18	08:16:37	0.4892597695390782	0.4892597695390782	11.31	-0.0	3.424818386773547	3.4825510395791586	75.12	53.19	0.4892597695390782	0.4892597695390782	11.31	0.36	296.0	293.03	502.22	-112.51	0	1
PROTOTYPE	035581	04/16/18	08:16:38	0.4892597695390782	0.4892597695390782	11.32	-0.0	3.522670340681363	3.4894006763527052	67.23	45.22	0.4892597695390782	0.4892597695390782	11.32	0.31	298.0	293.78	469.42	69.37	0	1
PROTOTYPE	035582	04/16/18	08:16:40	0.4892597695390782	0.4892597695390782	11.33	-0.0	3.424818386773547	3.479615480961924	65.13	23.43	0.4892597695390782	0.4892597695390782	11.33	0.26	292.0	293.51	452.32	-1.03	0	1
PROTOTYPE	035583	04/16/18	08:16:41	0.4892597695390782	0.4892597695390782	11.33	-0.0	3.424818386773547	3.47080880511022	63.35	4.92	0.4892597695390782	0.4892597695390782	11.33	0.22	284.0	292.08	512.16	-60.88	0	1
PROTOTYPE	035584	04/16/18	08:16:43	0.4892597695390782	0.4892597695390782	11.31	-0.0	3.424818386773547	3.4639591683366735	61.84	-10.82	0.4892597695390782	0.4892597695390782	11.31	0.19	296.0	292.67	566.09	-6.75	0	1
PROTOTYPE	035585	04/16/18	08:16:44	0.4892597695390782	0.4892597695390782	11.3	-0.0	3.522670340681363	3.4727658441883773	63.43	-9.2	0.4892597695390782	0.4892597695390782	11.3	0.16	293.0	292.72	477.29	-95.74	0	1
PROTOTYPE	035586	04/16/18	08:16:46	0.4892597695390782	0.4892597695390782	11.33	-0.0	3.522670340681363	3.4805940005010023	64.79	-7.82	0.4892597695390782	0.4892597695390782	11.33	0.14	286.0	291.71	522.92	-141.38	0	1
PROTOTYPE	035587	04/16/18	08:16:47	0.4892597695390782	0.4892597695390782	11.35	-0.0	3.424818386773547	3.4717873246492985	67.95	-21.64	0.4892597695390782	0.4892597695390782	11.35	0.12	290.0	291.46	486.73	-105.17	0	1
PROTOTYPE	035588	04/16/18	08:16:48	0.4892597695390782	0.4892597695390782	11.35	-0.0	3.424818386773547	3.464937687875751	64.74	-18.4	0.4892597695390782	0.4892597695390782	11.35	0.1	278.0	289.44	636.16	-359.39	0	1
PROTOTYPE	035589	04/16/18	08:16:50	0.4892597695390782	0.4892597695390782	11.33	-0.0	3.522670340681363	3.4737443637274548	67.45	-15.64	0.4892597695390782	0.4892597695390782	11.33	0.08	283.0	288.47	658.18	-530.48	0	1
PROTOTYPE	035590	04/16/18	08:16:51	0.4892597695390782	0.4892597695390782	11.33	-0.0	3.522670340681363	3.4805940005010023	65.17	1.71	0.4892597695390782	0.4892597695390782	11.33	0.07	283.0	287.65	713.58	-585.91	0	1
PROTOTYPE	035591	04/16/18	08:16:53	0.4892597695390782	0.4892597695390782	11.3	-0.0	3.424818386773547	3.4727658441883773	65.41	1.45	0.4892597695390782	0.4892597695390782	11.3	0.06	296.0	288.9	696.17	-318.03	0	1
PROTOTYPE	035592	04/16/18	08:16:54	0.4892597695390782	0.4892597695390782	11.29	-0.0	3.522670340681363	3.479615480961924	65.98	16.23	0.4892597695390782	0.4892597695390782	11.29	0.05	286.0	288.47	680.97	-420.32	0	1
PROTOTYPE	035593	04/16/18	08:16:55	0.4892597695390782	0.4892597695390782	11.29	-0.0	3.522670340681363	3.4864651177354715	63.58	13.8	0.4892597695390782	0.4892597695390782	11.29	0.04	283.0	287.65	757.87	-507.27	0	1
PROTOTYPE	035594	04/16/18	08:16:57	0.4892597695390782	0.4892597695390782	11.28	-0.0	3.424818386773547	3.4776584418837677	65.39	-3.27	0.4892597695390782	0.4892597695390782	11.28	0.04	296.0	288.9	782.35	-281.18	0	1
PROTOTYPE	035595	04/16/18	08:16:58	0.4892597695390782	0.4892597695390782	11.27	-0.0	3.424818386773547	3.4698302855711427	64.9	-2.78	0.4892597695390782	0.4892597695390782	11.27	0.03	289.0	288.92	758.69	-254.0	0	1
PROTOTYPE	035596	04/16/18	08:17:00	0.4892597695390782	0.4892597695390782	11.28	-0.0	3.424818386773547	3.462980648797595	64.5	-2.36	0.4892597695390782	0.4892597695390782	11.28	0.03	293.0	289.53	618.14	9.1	0	1
PROTOTYPE	035597	04/16/18	08:17:01	0.4892597695390782	0.4892597695390782	11.32	-0.0	3.522670340681363	3.4717873246492985	64.85	-2.01	0.4892597695390782	0.4892597695390782	11.32	0.02	298.0	290.8	648.66	232.73	0	1
PROTOTYPE	035598	04/16/18	08:17:03	0.4892597695390782	0.4892597695390782	11.31	-0.0	3.522670340681363	3.479615480961924	65.15	-1.71	0.4892597695390782	0.4892597695390782	11.31	0.02	292.0	290.98	584.65	332.82	0	1
PROTOTYPE	035599	04/16/18	08:17:04	0.4892597695390782	0.4892597695390782	11.32	-0.0	3.424818386773547	3.47080880511022	64.9	-1.45	0.4892597695390782	0.4892597695390782	11.32	0.02	291.0	290.98	460.84	207.9	0	1
PROTOTYPE	035600	04/16/18	08:17:05	0.4892597695390782	0.4892597695390782	11.34	-0.0	3.424818386773547	3.4639591683366735	64.34	-16.23	0.4892597695390782	0.4892597695390782	11.34	0.01	300.0	292.33	552.54	386.71	0	1
PROTOTYPE	035601	04/16/18	08:17:07	0.4892597695390782	0.4892597695390782	11.34	-0.0	3.424818386773547	3.4580880511022047	63.86	-28.8	0.4892597695390782	0.4892597695390782	11.34	0.01	291.0	292.13	490.59	448.71	0	1
PROTOTYPE	035602	04/16/18	08:17:08	0.4892597695390782	0.4892597695390782	11.33	-0.0	3.424818386773547	3.4531954534068134	59.62	-24.48	0.4892597695390782	0.4892597695390782	11.33	0.01	300.0	293.31	483.28	441.4	0	1
PROTOTYPE	035603	04/16/18	08:17:10	0.4892597695390782	0.4892597695390782	11.33	-0.0	3.522670340681363	3.4639591683366735	62.19	-5.81	0.4892597695390782	0.4892597695390782	11.33	0.01	302.0	294.62	611.51	570.19	0	1
PROTOTYPE	035604	04/16/18	08:17:11	0.4892597695390782	0.4892597695390782	11.31	-0.0	3.522670340681363	3.4727658441883773	64.37	10.06	0.4892597695390782	0.4892597695390782	11.31	0.01	271.0	291.07	904.48	154.66	0	1
PROTOTYPE	035605	04/16/18	08:17:12	0.4892597695390782	0.4892597695390782	11.31	-0.0	3.522670340681363	3.479615480961924	62.88	8.55	0.4892597695390782	0.4892597695390782	11.31	0.01	283.0	289.86	898.53	-93.54	0	1
PROTOTYPE	035606	04/16/18	08:17:14	0.4892597695390782	0.4892597695390782	11.31	-0.0	3.424818386773547	3.4717873246492985	63.52	-7.73	0.4892597695390782	0.4892597695390782	11.31	0.01	291.0	290.03	897.56	-94.51	0	1
PROTOTYPE	035607	04/16/18	08:17:15	0.4892597695390782	0.4892597695390782	11.31	-0.0	3.424818386773547	3.464937687875751	62.38	-6.57	0.4892597695390782	0.4892597695390782	11.31	0.0	287.0	289.58	941.65	-140.33	0	1
PROTOTYPE	035608	04/16/18	08:17:17	0.4892597695390782	0.4892597695390782	11.27	-0.0	3.424818386773547	3.4590665706412826	61.41	-5.58	0.4892597695390782	0.4892597695390782	11.27	0.0	297.0	290.69	917.71	-164.28	0	1
PROTOTYPE	035609	04/16/18	08:17:18	0.4892597695390782	0.4892597695390782	11.28	-0.0	3.522670340681363	3.4678732464929856	65.11	10.25	0.4892597695390782	0.4892597695390782	11.28	0.0	297.0	291.64	992.26	-49.64	0	1
PROTOTYPE	035610	04/16/18	08:17:19	0.4892597695390782	0.4892597695390782	11.28	-0.0	3.522670340681363	3.4766799223446894	68.24	23.72	0.4892597695390782	0.4892597695390782	11.28	0.0	287.0	290.94	943.86	-237.19	0	1
PROTOTYPE	035611	04/16/18	08:17:21	0.4892597695390782	0.4892597695390782	11.25	-0.0	3.424818386773547	3.4688517660320644	65.55	5.16	0.4892597695390782	0.4892597695390782	11.25	0.0	292.0	291.1	829.49	-351.61	0	1
PROTOTYPE	035612	04/16/18	08:17:22	0.4892597695390782	0.4892597695390782	11.26	-0.0	3.424818386773547	3.4620021292585172	63.28	-10.62	0.4892597695390782	0.4892597695390782	11.26	0.0	290.0	290.94	491.81	-13.87	0	1
PROTOTYPE	035613	04/16/18	08:17:24	0.4892597695390782	0.4892597695390782	11.25	-0.0	3.424818386773547	3.456131012024048	61.35	-24.02	0.4892597695390782	0.4892597695390782	11.25	0.0	277.0	288.85	579.73	-101.79	0	1
PROTOTYPE	035614	04/16/18	08:17:25	0.4892597695390782	0.4892597695390782	11.23	-0.0	3.522670340681363	3.466894726953908	63.0	-5.42	0.4892597695390782	0.4892597695390782	11.23	0.0	287.0	288.57	590.34	-146.52	0	1
PROTOTYPE	035615	04/16/18	08:17:26	0.4892597695390782	0.4892597695390782	11.23	-0.0	3.522670340681363	3.474722883266533	64.4	10.39	0.4892597695390782	0.4892597695390782	11.23	0.0	286.0	288.18	583.36	-139.54	0	1
PROTOTYPE	035616	04/16/18	08:17:28	0.4892597695390782	0.4892597695390782	11.23	-0.0	3.522670340681363	3.4815725200400798	65.58	23.83	0.4892597695390782	0.4892597695390782	11.23	0.0	296.0	289.36	589.29	-133.61	0	1
PROTOTYPE	035617	04/16/18	08:17:29	0.4892597695390782	0.4892597695390782	11.23	-0.0	3.424818386773547	3.4737443637274548	64.57	5.26	0.4892597695390782	0.4892597695390782	11.23	0.0	292.0	289.75	534.35	-188.57	0	1
PROTOTYPE	035618	04/16/18	08:17:31	0.4892597695390782	0.4892597695390782	11.23	-0.0	3.522670340681363	3.4805940005010023	63.79	4.47	0.4892597695390782	0.4892597695390782	11.23	0.0	287.0	289.34	506.08	-160.29	0	1
PROTOTYPE	035619	04/16/18	08:17:32	0.4892597695390782	0.4892597695390782	11.24	-0.0	3.522670340681363	3.487443637274549	62.31	18.8	0.4892597695390782	0.4892597695390782	11.24	0.0	283.0	288.39	585.26	-271.24	0	1
PROTOTYPE	035620	04/16/18	08:17:33	0.4892597695390782	0.4892597695390782	11.23	-0.0	3.424818386773547	3.4776584418837677	65.09	15.98	0.4892597695390782	0.4892597695390782	11.23	0.0	294.0	289.23	652.86	-170.56	0	1
PROTOTYPE	035621	04/16/18	08:17:35	0.4892597695390782	0.4892597695390782	11.23	-0.0	3.522670340681363	3.4845080786573144	66.22	28.58	0.4892597695390782	0.4892597695390782	11.23	0.0	298.0	290.55	575.37	170.03	0	1
PROTOTYPE	035622	04/16/18	08:17:36	0.4892597695390782	0.4892597695390782	11.24	-0.0	3.522670340681363	3.4903791958917836	62.0	24.3	0.4892597695390782	0.4892597695390782	11.24	0.0	282.0	289.26	675.84	69.52	0	1
PROTOTYPE	035623	04/16/18	08:17:38	0.4892597695390782	0.4892597695390782	11.24	-0.0	3.522670340681363	3.4952717935871744	58.44	20.65	0.4892597695390782	0.4892597695390782	11.24	0.0	301.0	291.02	813.33	284.09	0	1
PROTOTYPE	035624	04/16/18	08:17:39	0.4892597695390782	0.4892597695390782	11.25	-0.0	3.522670340681363	3.4991858717434865	55.43	17.55	0.4892597695390782	0.4892597695390782	11.25	0.0	284.0	289.97	801.45	61.48	0	1
PROTOTYPE	035625	04/16/18	08:17:41	0.4892597695390782	0.4892597695390782	11.24	-0.0	3.522670340681363	3.5030999498997994	50.4	29.92	0.4892597695390782	0.4892597695390782	11.24	0.0	295.0	290.73	837.22	97.26	0	1
PROTOTYPE	035626	04/16/18	08:17:42	0.4892597695390782	0.4892597695390782	11.24	-0.0	3.522670340681363	3.506035508517034	46.09	25.43	0.4892597695390782	0.4892597695390782	11.24	0.0	289.0	290.47	821.82	112.67	0	1
PROTOTYPE	035627	04/16/18	08:17:43	0.4892597695390782	0.4892597695390782	11.27	-0.0	3.522670340681363	3.5079925475951903	42.49	21.62	0.4892597695390782	0.4892597695390782	11.27	0.0	296.0	291.3	809.73	290.77	0	1
PROTOTYPE	035628	04/16/18	08:17:45	0.4892597695390782	0.4892597695390782	11.26	-0.0	3.424818386773547	3.4952717935871744	45.71	18.37	0.4892597695390782	0.4892597695390782	11.26	0.0	295.0	291.85	781.12	262.15	0	1
PROTOTYPE	035629	04/16/18	08:17:46	0.4892597695390782	0.4892597695390782	11.25	-0.0	3.522670340681363	3.5001643912825657	43.04	15.62	0.4892597695390782	0.4892597695390782	11.25	0.0	285.0	290.82	752.36	27.83	0	1
PROTOTYPE	035630	04/16/18	08:17:48	0.4892597695390782	0.4892597695390782	11.26	-0.0	3.522670340681363	3.5030999498997994	40.81	13.28	0.4892597695390782	0.4892597695390782	11.26	0.0	295.0	291.45	686.82	218.66	0	1
PROTOTYPE	035631	04/16/18	08:17:49	0.4892597695390782	0.4892597695390782	11.27	-0.0	3.522670340681363	3.506035508517034	38.94	11.28	0.4892597695390782	0.4892597695390782	11.27	0.0	296.0	292.13	579.03	110.86	0	1
PROTOTYPE	035632	04/16/18	08:17:50	0.4892597695390782	0.4892597695390782	11.28	-0.0	3.522670340681363	3.5089710671342687	37.39	9.59	0.4892597695390782	0.4892597695390782	11.28	0.0	290.0	291.81	505.68	184.23	0	1
PROTOTYPE	035633	04/16/18	08:17:52	0.4892597695390782	0.4892597695390782	11.28	-0.0	3.522670340681363	3.510928106212425	36.1	8.15	0.4892597695390782	0.4892597695390782	11.28	0.0	284.0	290.64	547.43	-8.41	0	1
PROTOTYPE	035634	04/16/18	08:17:53	0.4892597695390782	0.4892597695390782	11.31	-0.0	3.522670340681363	3.5128851452905807	35.06	6.93	0.4892597695390782	0.4892597695390782	11.31	0.0	284.0	289.64	621.14	-82.14	0	1
PROTOTYPE	035635	04/16/18	08:17:55	0.4892597695390782	0.4892597695390782	11.29	-0.0	3.522670340681363	3.513863664829659	34.2	5.89	0.4892597695390782	0.4892597695390782	11.29	0.0	299.0	291.05	678.46	-24.82	0	1
PROTOTYPE	035636	04/16/18	08:17:56	0.4892597695390782	0.4892597695390782	11.3	-0.0	3.522670340681363	3.5158207039078153	23.26	20.01	0.4892597695390782	0.4892597695390782	11.3	0.0	304.0	292.99	817.17	113.9	0	1
PROTOTYPE	035637	04/16/18	08:17:57	0.4892597695390782	0.4892597695390782	11.3	-0.0	3.522670340681363	3.5167992234468937	20.71	17.01	0.4892597695390782	0.4892597695390782	11.3	0.0	289.0	292.39	774.26	156.82	0	1
PROTOTYPE	035638	04/16/18	08:17:59	0.4892597695390782	0.4892597695390782	11.28	-0.0	3.522670340681363	3.5177777429859725	18.62	14.46	0.4892597695390782	0.4892597695390782	11.28	0.0	282.0	290.83	867.5	-61.71	0	1
PROTOTYPE	035639	04/16/18	08:18:00	0.4892597695390782	0.4892597695390782	11.28	-0.0	3.522670340681363	3.5177777429859725	16.95	12.29	0.4892597695390782	0.4892597695390782	11.28	0.0	298.0	291.91	906.75	-22.45	0	1
PROTOTYPE	035640	04/16/18	08:18:02	0.4892597695390782	0.4892597695390782	11.28	-0.0	3.522670340681363	3.51875626252505	15.62	10.44	0.4892597695390782	0.4892597695390782	11.28	0.0	285.0	290.87	978.36	-94.08	0	1
PROTOTYPE	035641	04/16/18	08:18:03	0.4892597695390782	0.4892597695390782	11.29	-0.0	3.424818386773547	3.5050569889779557	27.53	-6.12	0.4892597695390782	0.4892597695390782	11.29	0.0	292.0	291.04	878.13	40.03	0	1
PROTOTYPE	035642	04/16/18	08:18:04	0.4892597695390782	0.4892597695390782	11.27	-0.0	3.424818386773547	3.49233623496994	37.54	-20.2	0.4892597695390782	0.4892597695390782	11.27	0.0	292.0	291.19	792.96	154.02	0	1
PROTOTYPE	035643	04/16/18	08:18:06	0.4892597695390782	0.4892597695390782	11.3	-0.0	3.522670340681363	3.497228832665331	40.25	-17.17	0.4892597695390782	0.4892597695390782	11.3	0.0	295.0	291.76	709.86	70.92	0	1
PROTOTYPE	035644	04/16/18	08:18:07	0.4892597695390782	0.4892597695390782	11.3	-0.0	3.522670340681363	3.5011429108216436	42.46	-14.6	0.4892597695390782	0.4892597695390782	11.3	0.0	295.0	292.24	564.24	-74.72	0	1
PROTOTYPE	035645	04/16/18	08:18:09	0.4892597695390782	0.4892597695390782	11.3	-0.0	3.424818386773547	3.4894006763527052	52.43	-27.41	0.4892597695390782	0.4892597695390782	11.3	0.0	292.0	292.21	508.28	-18.51	0	1
PROTOTYPE	035646	04/16/18	08:18:10	0.4892597695390782	0.4892597695390782	11.31	0.0	3.522670340681363	3.4942932740480965	55.99	-23.3	0.4892597695390782	0.4892597695390782	11.31	0.0	292.0	292.18	355.8	134.27	0	1
PROTOTYPE	035647	04/16/18	08:18:12	0.4892597695390782	0.4892597695390782	11.34	0.0	3.522670340681363	3.4991858717434865	58.91	-19.8	0.4892597695390782	0.4892597695390782	11.34	0.0	296.0	292.75	305.67	84.13	0	1
PROTOTYPE	035648	04/16/18	08:18:13	0.4892597695390782	0.4892597695390782	11.36	0.0	3.522670340681363	3.502121430360721	61.27	-16.83	0.4892597695390782	0.4892597695390782	11.36	0.0	294.0	292.94	220.84	206.51	0	1
PROTOTYPE	035649	04/16/18	08:18:14	0.4892597695390782	0.4892597695390782	11.36	0.0	3.424818386773547	3.4903791958917836	58.76	-14.31	0.4892597695390782	0.4892597695390782	11.36	0.0	290.0	292.5	247.94	145.53	0	1
PROTOTYPE	035650	04/16/18	08:18:16	0.4892597695390782	0.4892597695390782	11.37	0.0	3.522670340681363	3.4952717935871744	51.52	2.84	0.4892597695390782	0.4892597695390782	11.37	0.0	294.0	292.72	256.09	153.7	0	1
PROTOTYPE	035651	04/16/18	08:18:17	0.4892597695390782	0.4892597695390782	11.36	0.0	3.522670340681363	3.4991858717434865	51.11	2.41	0.4892597695390782	0.4892597695390782	11.36	0.0	298.0	293.51	278.03	175.65	0	1
PROTOTYPE	035652	04/16/18	08:18:19	0.4892597695390782	0.4892597695390782	11.36	0.0	3.424818386773547	3.4884221568136273	58.52	-12.95	0.4892597695390782	0.4892597695390782	11.36	0.0	280.0	291.49	432.08	-75.7	0	1
PROTOTYPE	035653	04/16/18	08:18:20	0.4892597695390782	0.4892597695390782	11.37	0.0	3.522670340681363	3.493314754509018	52.19	3.99	0.4892597695390782	0.4892597695390782	11.37	0.0	289.0	291.11	465.49	-109.35	0	1
PROTOTYPE	035654	04/16/18	08:18:22	0.4892597695390782	0.4892597695390782	11.39	0.0	3.424818386773547	3.483529559118237	57.56	-11.61	0.4892597695390782	0.4892597695390782	11.39	0.0	293.0	291.4	490.41	-77.94	0	1
PROTOTYPE	035655	04/16/18	08:18:23	0.4892597695390782	0.4892597695390782	11.35	0.0	3.522670340681363	3.4894006763527052	59.23	-9.86	0.4892597695390782	0.4892597695390782	11.35	0.0	290.0	291.19	454.03	-156.25	0	1
PROTOTYPE	035656	04/16/18	08:18:24	0.4892597695390782	0.4892597695390782	11.33	0.0	3.522670340681363	3.4942932740480965	60.63	-8.39	0.4892597695390782	0.4892597695390782	11.33	0.0	288.0	290.71	483.05	-222.81	0	1
PROTOTYPE	035657	04/16/18	08:18:26	0.4892597695390782	0.4892597695390782	11.34	0.0	3.522670340681363	3.498207352204409	53.25	7.87	0.4892597695390782	0.4892597695390782	11.34	0.0	290.0	290.6	449.7	-189.39	0	1
PROTOTYPE	035658	04/16/18	08:18:27	0.4892597695390782	0.4892597695390782	11.34	0.0	3.424818386773547	3.487443637274549	59.53	-8.31	0.4892597695390782	0.4892597695390782	11.34	0.0	285.0	289.76	511.16	-295.98	0	1
PROTOTYPE	035659	04/16/18	08:18:29	0.4892597695390782	0.4892597695390782	11.32	0.0	3.522670340681363	3.49233623496994	60.72	-7.06	0.4892597695390782	0.4892597695390782	11.32	0.0	289.0	289.65	443.5	-386.59	0	1
PROTOTYPE	035660	04/16/18	08:18:30	0.4892597695390782	0.4892597695390782	11.34	0.0	3.522670340681363	3.497228832665331	53.98	9.0	0.4892597695390782	0.4892597695390782	11.34	0.0	296.0	290.6	336.08	-88.6	0	1
PROTOTYPE	035661	04/16/18	08:18:31	0.4892597695390782	0.4892597695390782	11.33	0.0	3.522670340681363	3.5011429108216436	52.69	7.65	0.4892597695390782	0.4892597695390782	11.33	0.0	288.0	290.21	337.79	-90.31	0	1
PROTOTYPE	035662	04/16/18	08:18:33	0.4892597695390782	0.4892597695390782	11.31	0.0	3.522670340681363	3.5040784694388782	45.67	21.5	0.4892597695390782	0.4892597695390782	11.31	0.0	289.0	290.03	327.67	-136.76	0	1
PROTOTYPE	035663	04/16/18	08:18:34	0.4892597695390782	0.4892597695390782	11.31	0.0	3.424818386773547	3.49233623496994	51.72	3.28	0.4892597695390782	0.4892597695390782	11.31	0.0	294.0	290.62	366.26	-56.25	0	1
PROTOTYPE	035664	04/16/18	08:18:36	0.4892597695390782	0.4892597695390782	11.29	0.0	3.522670340681363	3.497228832665331	51.24	2.78	0.4892597695390782	0.4892597695390782	11.29	0.0	299.0	291.88	444.07	117.19	0	1
PROTOTYPE	035665	04/16/18	08:18:37	0.4892597695390782	0.4892597695390782	11.28	0.0	3.424818386773547	3.4864651177354715	57.78	-12.63	0.4892597695390782	0.4892597695390782	11.28	0.0	291.0	291.75	446.62	114.61	0	1
PROTOTYPE	035666	04/16/18	08:18:38	0.4892597695390782	0.4892597695390782	11.26	0.0	3.522670340681363	3.491357715430862	52.19	4.26	0.4892597695390782	0.4892597695390782	11.26	0.0	297.0	292.54	441.35	277.42	0	1
PROTOTYPE	035667	04/16/18	08:18:40	0.4892597695390782	0.4892597695390782	11.28	0.0	3.522670340681363	3.496250313126252	51.58	3.62	0.4892597695390782	0.4892597695390782	11.28	0.0	303.0	294.11	586.79	445.81	0	1
PROTOTYPE	035668	04/16/18	08:18:41	0.4892597695390782	0.4892597695390782	11.28	0.0	3.424818386773547	3.4854865981963927	57.81	-11.92	0.4892597695390782	0.4892597695390782	11.28	0.0	290.0	293.49	553.1	288.94	0	1
PROTOTYPE	035669	04/16/18	08:18:43	0.4892597695390782	0.4892597695390782	11.28	0.0	3.424818386773547	3.4766799223446894	63.06	-25.13	0.4892597695390782	0.4892597695390782	11.28	0.0	293.0	293.42	521.55	320.6	0	1
PROTOTYPE	035670	04/16/18	08:18:44	0.4892597695390782	0.4892597695390782	11.28	0.0	3.522670340681363	3.483529559118237	66.69	-21.36	0.4892597695390782	0.4892597695390782	11.28	0.0	277.0	290.95	749.59	92.51	0	1
PROTOTYPE	035671	04/16/18	08:18:46	0.4892597695390782	0.4892597695390782	11.3	0.0	3.522670340681363	3.4894006763527052	60.62	-3.16	0.4892597695390782	0.4892597695390782	11.3	0.0	299.0	292.16	810.71	153.63	0	1
PROTOTYPE	035672	04/16/18	08:18:47	0.4892597695390782	0.4892597695390782	11.31	0.0	3.522670340681363	3.4942932740480965	61.08	-2.68	0.4892597695390782	0.4892597695390782	11.31	0.0	298.0	293.04	772.67	115.59	0	1
PROTOTYPE	035673	04/16/18	08:18:48	0.4892597695390782	0.4892597695390782	11.33	0.0	3.522670340681363	3.498207352204409	54.53	12.72	0.4892597695390782	0.4892597695390782	11.33	0.0	300.0	294.08	863.83	233.25	0	1
PROTOTYPE	035674	04/16/18	08:18:50	0.4892597695390782	0.4892597695390782	11.34	0.0	3.522670340681363	3.502121430360721	52.71	10.81	0.4892597695390782	0.4892597695390782	11.34	0.0	281.0	292.12	981.28	-41.74	0	1
PROTOTYPE	035675	04/16/18	08:18:51	0.4892597695390782	0.4892597695390782	11.34	0.0	3.522670340681363	3.5050569889779557	51.18	9.19	0.4892597695390782	0.4892597695390782	11.34	0.0	292.0	292.1	826.61	-200.48	0	1
PROTOTYPE	035676	04/16/18	08:18:53	0.4892597695390782	0.4892597695390782	11.31	0.0	3.522670340681363	3.5079925475951903	43.16	22.81	0.4892597695390782	0.4892597695390782	11.31	0.0	292.0	292.09	767.07	-140.41	0	1
PROTOTYPE	035677	04/16/18	08:18:54	0.4892597695390782	0.4892597695390782	11.32	0.0	3.522670340681363	3.5099495866733466	36.43	34.39	0.4892597695390782	0.4892597695390782	11.32	0.0	293.0	292.22	773.37	-119.35	0	1
PROTOTYPE	035678	04/16/18	08:18:55	0.4892597695390782	0.4892597695390782	11.32	0.0	3.522670340681363	3.5119066257515033	31.59	29.23	0.4892597695390782	0.4892597695390782	11.32	0.0	281.0	290.54	695.47	-41.44	0	1
PROTOTYPE	035679	04/16/18	08:18:57	0.4892597695390782	0.4892597695390782	11.29	0.0	3.522670340681363	3.513863664829659	27.55	24.85	0.4892597695390782	0.4892597695390782	11.29	0.0	286.0	289.86	642.88	-230.23	0	1
PROTOTYPE	035680	04/16/18	08:18:58	0.4892597695390782	0.4892597695390782	11.29	0.0	3.522670340681363	3.514842184368738	24.22	21.12	0.4892597695390782	0.4892597695390782	11.29	0.0	294.0	290.48	617.42	-255.69	0	1
PROTOTYPE	035681	04/16/18	08:19:00	0.4892597695390782	0.4892597695390782	11.27	0.0	3.522670340681363	3.5158207039078153	21.48	17.95	0.4892597695390782	0.4892597695390782	11.27	0.0	292.0	290.71	535.81	-337.34	0	1
PROTOTYPE	035682	04/16/18	08:19:01	0.4892597695390782	0.4892597695390782	11.25	0.0	3.522670340681363	3.5167992234468937	19.23	15.26	0.4892597695390782	0.4892597695390782	11.25	0.0	291.0	290.75	344.18	-136.74	0	1
PROTOTYPE	035683	04/16/18	08:19:02	0.4892597695390782	0.4892597695390782	11.23	0.0	3.522670340681363	3.5177777429859725	17.43	12.97	0.4892597695390782	0.4892597695390782	11.23	0.0	292.0	290.94	360.66	-116.23	0	1
PROTOTYPE	035684	04/16/18	08:19:04	0.4892597695390782	0.4892597695390782	11.23	0.0	3.522670340681363	3.51875626252505	15.99	11.02	0.4892597695390782	0.4892597695390782	11.23	0.0	293.0	291.25	389.55	-83.79	0	1
PROTOTYPE	035685	04/16/18	08:19:05	0.4892597695390782	0.4892597695390782	11.21	0.0	3.522670340681363	3.51875626252505	14.84	9.37	0.4892597695390782	0.4892597695390782	11.21	0.0	287.0	290.61	439.5	-161.22	0	1
PROTOTYPE	035686	04/16/18	08:19:07	0.4892597695390782	0.4892597695390782	11.22	0.0	3.522670340681363	3.5197347820641283	13.96	7.97	0.4892597695390782	0.4892597695390782	11.22	0.0	290.0	290.52	280.42	-2.04	0	1
PROTOTYPE	035687	04/16/18	08:19:08	0.4892597695390782	0.4892597695390782	11.25	0.0	3.522670340681363	3.5197347820641283	13.3	6.77	0.4892597695390782	0.4892597695390782	11.25	0.0	288.0	290.14	250.13	28.27	0	1
PROTOTYPE	035688	04/16/18	08:19:10	0.4892597695390782	0.4892597695390782	11.24	0.0	3.522670340681363	3.520713301603206	12.76	5.75	0.4892597695390782	0.4892597695390782	11.24	0.0	276.0	288.02	400.12	-245.97	0	1
PROTOTYPE	035689	04/16/18	08:19:11	0.4892597695390782	0.4892597695390782	11.23	0.0	3.522670340681363	3.520713301603206	12.36	4.89	0.4892597695390782	0.4892597695390782	11.23	0.0	267.0	284.87	692.58	-584.08	0	1
PROTOTYPE	035690	04/16/18	08:19:12	0.4892597695390782	0.4892597695390782	11.26	0.0	3.522670340681363	3.520713301603206	12.09	4.16	0.4892597695390782	0.4892597695390782	11.26	0.0	298.0	286.84	884.98	-391.47	0	1
PROTOTYPE	035691	04/16/18	08:19:14	0.4892597695390782	0.4892597695390782	11.27	0.0	3.522670340681363	3.5216918211422845	11.87	3.53	0.4892597695390782	0.4892597695390782	11.27	0.0	297.0	288.36	1018.65	-257.75	0	1
PROTOTYPE	035692	04/16/18	08:19:15	0.4892597695390782	0.4892597695390782	11.29	0.0	3.522670340681363	3.5216918211422845	11.73	3.0	0.4892597695390782	0.4892597695390782	11.29	0.0	284.0	287.71	1053.14	-354.08	0	1
PROTOTYPE	035693	04/16/18	08:19:17	0.4892597695390782	0.4892597695390782	11.29	0.0	3.522670340681363	3.5216918211422845	11.61	2.55	0.4892597695390782	0.4892597695390782	11.29	0.0	294.0	288.65	1083.81	-195.97	0	1
PROTOTYPE	035694	04/16/18	08:19:18	0.4892597695390782	0.4892597695390782	11.29	0.0	3.522670340681363	3.5216918211422845	11.52	2.17	0.4892597695390782	0.4892597695390782	11.29	0.0	293.0	289.3	1139.78	-121.58	0	1
PROTOTYPE	035695	04/16/18	08:19:19	0.4892597695390782	0.4892597695390782	11.27	0.0	3.522670340681363	3.5216918211422845	11.44	1.84	0.4892597695390782	0.4892597695390782	11.27	0.0	293.0	289.86	1157.43	-28.34	0	1
PROTOTYPE	035696	04/16/18	08:19:21	0.4892597695390782	0.4892597695390782	11.29	0.0	3.522670340681363	3.5216918211422845	11.41	1.57	0.4892597695390782	0.4892597695390782	11.29	0.0	292.0	290.18	977.47	215.91	0	1
PROTOTYPE	035697	04/16/18	08:19:22	0.4892597695390782	0.4892597695390782	11.31	0.0	3.522670340681363	3.522670340681363	11.4	1.33	0.4892597695390782	0.4892597695390782	11.31	0.0	290.0	290.15	665.2	528.52	0	1
PROTOTYPE	035698	04/16/18	08:19:24	0.4892597695390782	0.4892597695390782	11.29	0.0	3.522670340681363	3.522670340681363	11.35	1.13	0.4892597695390782	0.4892597695390782	11.29	0.0	302.0	291.93	645.92	509.25	0	1
PROTOTYPE	035699	04/16/18	08:19:25	0.4892597695390782	0.4892597695390782	11.27	0.0	3.522670340681363	3.522670340681363	11.31	0.96	0.4892597695390782	0.4892597695390782	11.27	0.0	284.0	290.74	612.43	237.86	0	1
PROTOTYPE	035700	04/16/18	08:19:26	0.4892597695390782	0.4892597695390782	11.26	0.0	3.522670340681363	3.522670340681363	11.29	0.82	0.4892597695390782	0.4892597695390782	11.26	0.0	286.0	290.03	618.1	232.18	0	1
PROTOTYPE	035701	04/16/18	08:19:28	0.4892597695390782	0.4892597695390782	11.27	0.0	3.522670340681363	3.522670340681363	11.29	0.7	0.4892597695390782	0.4892597695390782	11.27	0.0	288.0	289.72	554.17	107.35	0	1
PROTOTYPE	035702	04/16/18	08:19:29	0.4892597695390782	0.4892597695390782	11.28	0.0	3.522670340681363	3.522670340681363	11.3	0.59	0.4892597695390782	0.4892597695390782	11.28	0.0	299.0	291.12	628.06	181.25	0	1
PROTOTYPE	035703	04/16/18	08:19:31	0.4892597695390782	0.4892597695390782	11.3	0.0	3.522670340681363	3.522670340681363	11.31	0.5	0.4892597695390782	0.4892597695390782	11.3	0.0	284.0	290.05	679.34	19.06	0	1
PROTOTYPE	035704	04/16/18	08:19:32	0.4892597695390782	0.4892597695390782	11.31	0.0	3.522670340681363	3.522670340681363	11.32	0.43	0.4892597695390782	0.4892597695390782	11.31	0.0	292.0	290.34	676.49	16.2	0	1
PROTOTYPE	035705	04/16/18	08:19:34	0.4892597695390782	0.4892597695390782	11.29	0.0	3.522670340681363	3.522670340681363	11.29	0.36	0.4892597695390782	0.4892597695390782	11.29	0.0	293.0	290.74	713.35	58.77	0	1
PROTOTYPE	035706	04/16/18	08:19:35	0.4892597695390782	0.4892597695390782	11.29	0.0	3.522670340681363	3.522670340681363	11.29	0.31	0.4892597695390782	0.4892597695390782	11.29	0.0	277.0	288.68	741.74	-325.04	0	1
PROTOTYPE	035707	04/16/18	08:19:36	0.4892597695390782	0.4892597695390782	11.3	0.0	3.522670340681363	3.522670340681363	11.3	0.26	0.4892597695390782	0.4892597695390782	11.3	0.0	282.0	287.68	722.98	-306.29	0	1
PROTOTYPE	035708	04/16/18	08:19:38	0.4892597695390782	0.4892597695390782	11.29	0.0	3.522670340681363	3.522670340681363	11.29	0.22	0.4892597695390782	0.4892597695390782	11.29	0.0	294.0	288.63	746.72	-140.34	0	1
PROTOTYPE	035709	04/16/18	08:19:39	0.4892597695390782	0.4892597695390782	11.29	0.0	3.522670340681363	3.522670340681363	11.29	0.19	0.4892597695390782	0.4892597695390782	11.29	0.0	291.0	288.98	751.89	-74.29	0	1
PROTOTYPE	035710	04/16/18	08:19:41	0.4892597695390782	0.4892597695390782	11.27	0.0	3.522670340681363	3.522670340681363	11.27	0.16	0.4892597695390782	0.4892597695390782	11.27	0.0	285.0	288.38	672.5	-273.15	0	1
PROTOTYPE	035711	04/16/18	08:19:42	0.4892597695390782	0.4892597695390782	11.26	0.0	3.522670340681363	3.522670340681363	11.26	0.14	0.4892597695390782	0.4892597695390782	11.26	0.0	290.0	288.63	590.02	-142.18	0	1
PROTOTYPE	035712	04/16/18	08:19:43	0.4892597695390782	0.4892597695390782	11.24	0.0	3.522670340681363	3.522670340681363	11.24	0.12	0.4892597695390782	0.4892597695390782	11.24	0.0	287.0	288.38	585.16	-195.85	0	1
PROTOTYPE	035713	04/16/18	08:19:45	0.4892597695390782	0.4892597695390782	11.25	0.0	3.522670340681363	3.522670340681363	11.25	0.1	0.4892597695390782	0.4892597695390782	11.25	0.0	287.0	288.18	566.05	-256.47	0	1
PROTOTYPE	035714	04/16/18	08:19:46	0.4892597695390782	0.4892597695390782	11.26	0.0	3.522670340681363	3.522670340681363	11.26	0.08	0.4892597695390782	0.4892597695390782	11.26	0.0	292.0	288.75	417.33	7.0	0	1
PROTOTYPE	035715	04/16/18	08:19:48	0.4892597695390782	0.4892597695390782	11.28	0.0	3.522670340681363	3.522670340681363	11.28	0.07	0.4892597695390782	0.4892597695390782	11.28	0.0	301.0	290.59	500.9	290.95	0	1
PROTOTYPE	035716	04/16/18	08:19:49	0.4892597695390782	0.4892597695390782	11.28	0.0	3.522670340681363	3.522670340681363	11.28	0.06	0.4892597695390782	0.4892597695390782	11.28	0.0	283.0	289.45	519.86	82.31	0	1
PROTOTYPE	035717	04/16/18	08:19:50	0.4892597695390782	0.4892597695390782	11.29	0.0	3.522670340681363	3.522670340681363	11.29	0.05	0.4892597695390782	0.4892597695390782	11.29	0.0	294.0	290.13	552.5	114.96	0	1
PROTOTYPE	035718	04/16/18	08:19:52	0.4892597695390782	0.4892597695390782	11.3	0.0	3.522670340681363	3.522670340681363	11.3	0.04	0.4892597695390782	0.4892597695390782	11.3	0.0	291.0	290.26	505.86	187.72	0	1
PROTOTYPE	035719	04/16/18	08:19:53	0.4892597695390782	0.4892597695390782	11.29	0.0	3.522670340681363	3.522670340681363	11.29	0.04	0.4892597695390782	0.4892597695390782	11.29	0.0	298.0	291.42	597.67	279.56	0	1
PROTOTYPE	035720	04/16/18	08:19:55	0.4892597695390782	0.4892597695390782	11.29	0.0	3.522670340681363	3.522670340681363	11.29	0.03	0.4892597695390782	0.4892597695390782	11.29	0.0	285.0	290.46	669.57	207.63	0	1
PROTOTYPE	035721	04/16/18	08:19:56	0.4892597695390782	0.4892597695390782	11.31	0.0	3.522670340681363	3.522670340681363	11.31	0.03	0.4892597695390782	0.4892597695390782	11.31	0.0	297.0	291.44	746.91	326.48	0	1
PROTOTYPE	035722	04/16/18	08:19:57	0.4892597695390782	0.4892597695390782	11.3	0.0	3.522670340681363	3.522670340681363	11.3	0.02	0.4892597695390782	0.4892597695390782	11.3	0.0	296.0	292.12	757.93	337.51	0	1
PROTOTYPE	035723	04/16/18	08:19:59	0.4892597695390782	0.4892597695390782	11.28	0.0	3.522670340681363	3.522670340681363	11.28	0.02	0.4892597695390782	0.4892597695390782	11.28	0.0	297.0	292.86	647.31	226.88	0	1
PROTOTYPE	035724	04/16/18	08:20:00	0.4892597695390782	0.4892597695390782	11.29	0.0	3.522670340681363	3.522670340681363	11.29	0.02	0.4892597695390782	0.4892597695390782	11.29	0.0	287.0	291.98	621.35	252.85	0	1
PROTOTYPE	035725	04/16/18	08:20:02	0.4892597695390782	0.4892597695390782	11.28	0.0	3.522670340681363	3.522670340681363	11.28	0.01	0.4892597695390782	0.4892597695390782	11.28	0.0	307.0	294.23	778.41	409.92	0	1
PROTOTYPE	035726	04/16/18	08:20:03	0.4892597695390782	0.4892597695390782	11.27	0.0	3.522670340681363	3.522670340681363	11.27	0.01	0.4892597695390782	0.4892597695390782	11.27	0.0	281.0	292.25	963.77	198.43	0	1
PROTOTYPE	035727	04/16/18	08:20:05	0.4892597695390782	0.4892597695390782	11.29	0.0	3.522670340681363	3.522670340681363	11.29	0.01	0.4892597695390782	0.4892597695390782	11.29	0.0	286.0	291.31	941.39	-11.33	0	1
PROTOTYPE	035728	04/16/18	08:20:06	0.4892597695390782	0.4892597695390782	11.31	0.0	3.522670340681363	3.522670340681363	11.31	0.01	0.4892597695390782	0.4892597695390782	11.31	0.0	294.0	291.71	885.43	125.37	0	1
PROTOTYPE	035729	04/16/18	08:20:07	0.4892597695390782	0.4892597695390782	11.29	0.0	3.522670340681363	3.522670340681363	11.29	0.01	0.4892597695390782	0.4892597695390782	11.29	0.0	295.0	292.21	836.64	76.56	0	1
PROTOTYPE	035730	04/16/18	08:20:09	0.4892597695390782	0.4892597695390782	11.29	0.0	3.522670340681363	3.522670340681363	11.29	0.01	0.4892597695390782	0.4892597695390782	11.29	0.0	299.0	293.22	870.15	110.08	0	1
PROTOTYPE	035731	04/16/18	08:20:10	0.4892597695390782	0.4892597695390782	11.3	0.0	3.522670340681363	3.522670340681363	11.3	0.01	0.4892597695390782	0.4892597695390782	11.3	0.0	285.0	291.99	920.38	-86.43	0	1
PROTOTYPE	035732	04/16/18	08:20:12	0.4892597695390782	0.4892597695390782	11.3	0.0	3.522670340681363	3.522670340681363	11.3	0.0	0.4892597695390782	0.4892597695390782	11.3	0.0	292.0	291.99	833.95	1.53	0	1
PROTOTYPE	035733	04/16/18	08:20:13	0.4892597695390782	0.4892597695390782	11.29	0.0	3.522670340681363	3.522670340681363	11.29	0.0	0.4892597695390782	0.4892597695390782	11.29	0.0	285.0	290.94	713.5	-328.7	0	1
PROTOTYPE	035734	04/16/18	08:20:14	0.4892597695390782	0.4892597695390782	11.29	0.0	3.522670340681363	3.522670340681363	11.29	0.0	0.4892597695390782	0.4892597695390782	11.29	0.0	288.0	290.5	559.21	-174.39	0	1
PROTOTYPE	035735	04/16/18	08:20:16	0.4892597695390782	0.4892597695390782	11.3	0.0	3.522670340681363	3.522670340681363	11.3	0.0	0.4892597695390782	0.4892597695390782	11.3	0.0	290.0	290.43	473.18	-88.23	0	1
PROTOTYPE	035736	04/16/18	08:20:17	0.4892597695390782	0.4892597695390782	11.29	0.0	3.522670340681363	3.522670340681363	11.29	0.0	0.4892597695390782	0.4892597695390782	11.29	0.0	294.0	290.96	486.41	-75.0	0	1
PROTOTYPE	035737	04/16/18	08:20:19	0.4892597695390782	0.4892597695390782	11.3	0.0	3.522670340681363	3.522670340681363	11.3	0.0	0.4892597695390782	0.4892597695390782	11.3	0.0	298.0	292.02	542.65	-18.75	0	1
PROTOTYPE	035738	04/16/18	08:20:20	0.4892597695390782	0.4892597695390782	11.31	0.0	3.522670340681363	3.522670340681363	11.31	0.0	0.4892597695390782	0.4892597695390782	11.31	0.0	298.0	292.92	530.46	-30.94	0	1
PROTOTYPE	035739	04/16/18	08:20:22	0.4892597695390782	0.4892597695390782	11.29	0.0	3.522670340681363	3.522670340681363	11.29	0.0	0.4892597695390782	0.4892597695390782	11.29	0.0	285.0	291.73	525.82	-26.3	0	1
PROTOTYPE	035740	04/16/18	08:20:23	0.4892597695390782	0.4892597695390782	11.29	0.0	3.522670340681363	3.522670340681363	11.29	0.0	0.4892597695390782	0.4892597695390782	11.29	0.0	286.0	290.87	610.34	-112.35	0	1
PROTOTYPE	035741	04/16/18	08:20:24	0.4892597695390782	0.4892597695390782	11.3	0.0	3.522670340681363	3.522670340681363	11.3	0.0	0.4892597695390782	0.4892597695390782	11.3	0.0	282.0	289.54	638.48	-140.5	0	1
PROTOTYPE	035742	04/16/18	08:20:26	0.4892597695390782	0.4892597695390782	11.31	0.0	3.522670340681363	3.522670340681363	11.31	0.0	0.4892597695390782	0.4892597695390782	11.31	0.0	298.0	290.81	721.24	30.58	0	1
PROTOTYPE	035743	04/16/18	08:20:27	0.4892597695390782	0.4892597695390782	11.28	0.0	3.522670340681363	3.522670340681363	11.28	0.0	0.4892597695390782	0.4892597695390782	11.28	0.0	297.0	291.74	806.46	130.99	0	1
PROTOTYPE	035744	04/16/18	08:20:29	0.4892597695390782	0.4892597695390782	11.28	0.0	3.522670340681363	3.522670340681363	11.28	0.0	0.4892597695390782	0.4892597695390782	11.28	0.0	286.0	290.88	838.91	-8.66	0	1
PROTOTYPE	035745	04/16/18	08:20:30	0.4892597695390782	0.4892597695390782	11.28	0.0	3.522670340681363	3.522670340681363	11.28	0.0	0.4892597695390782	0.4892597695390782	11.28	0.0	294.0	291.34	780.22	-67.36	0	1
PROTOTYPE	035746	04/16/18	08:20:31	0.4892597695390782	0.4892597695390782	11.3	0.0	3.522670340681363	3.522670340681363	11.3	0.0	0.4892597695390782	0.4892597695390782	11.3	0.0	288.0	290.84	740.67	-207.26	0	1
PROTOTYPE	035747	04/16/18	08:20:33	0.4892597695390782	0.4892597695390782	11.33	0.0	3.522670340681363	3.522670340681363	11.33	0.0	0.4892597695390782	0.4892597695390782	11.33	0.0	291.0	290.87	624.69	-86.17	0	1
PROTOTYPE	035748	04/16/18	08:20:34	0.4892597695390782	0.4892597695390782	11.34	0.0	3.522670340681363	3.522670340681363	11.34	0.0	0.4892597695390782	0.4892597695390782	11.34	0.0	286.0	290.14	611.76	-73.24	0	1
PROTOTYPE	035749	04/16/18	08:20:36	0.4892597695390782	0.4892597695390782	11.33	0.0	3.424818386773547	3.5079925475951903	24.99	-15.0	0.4892597695390782	0.4892597695390782	11.33	0.0	281.0	288.77	615.78	-77.26	0	1
PROTOTYPE	035750	04/16/18	08:20:37	0.4892597695390782	0.4892597695390782	11.31	0.0	3.522670340681363	3.5099495866733466	26.23	-12.75	0.4892597695390782	0.4892597695390782	11.31	0.0	289.0	288.8	492.62	-200.67	0	1
PROTOTYPE	035751	04/16/18	08:20:38	0.4892597695390782	0.4892597695390782	11.34	0.0	3.522670340681363	3.5119066257515033	27.21	-10.84	0.4892597695390782	0.4892597695390782	11.34	0.0	300.0	290.48	567.72	-125.57	0	1
PROTOTYPE	035752	04/16/18	08:20:40	0.4892597695390782	0.4892597695390782	11.32	0.0	3.522670340681363	3.513863664829659	27.94	-9.21	0.4892597695390782	0.4892597695390782	11.32	0.0	295.0	291.16	549.46	28.27	0	1
PROTOTYPE	035753	04/16/18	08:20:41	0.4892597695390782	0.4892597695390782	11.3	0.0	3.522670340681363	3.514842184368738	28.49	-7.83	0.4892597695390782	0.4892597695390782	11.3	0.0	296.0	291.89	575.21	54.03	0	1
PROTOTYPE	035754	04/16/18	08:20:43	0.4892597695390782	0.4892597695390782	11.27	0.0	3.522670340681363	3.5158207039078153	28.89	-6.66	0.4892597695390782	0.4892597695390782	11.27	0.0	287.0	291.15	598.3	30.92	0	1
PROTOTYPE	035755	04/16/18	08:20:44	0.4892597695390782	0.4892597695390782	11.24	0.0	3.522670340681363	3.5167992234468937	29.18	-5.66	0.4892597695390782	0.4892597695390782	11.24	0.0	293.0	291.43	623.3	56.28	0	1
PROTOTYPE	035756	04/16/18	08:20:45	0.4892597695390782	0.4892597695390782	11.21	0.0	3.522670340681363	3.5177777429859725	29.38	-4.81	0.4892597695390782	0.4892597695390782	11.21	0.0	291.0	291.37	556.88	122.84	0	1
PROTOTYPE	035757	04/16/18	08:20:47	0.4892597695390782	0.4892597695390782	11.23	0.0	3.522670340681363	3.51875626252505	15.91	10.91	0.4892597695390782	0.4892597695390782	11.23	0.0	282.0	289.96	560.3	119.42	0	1
PROTOTYPE	035758	04/16/18	08:20:48	0.4892597695390782	0.4892597695390782	11.26	0.0	3.522670340681363	3.5197347820641283	14.82	9.28	0.4892597695390782	0.4892597695390782	11.26	0.0	289.0	289.82	571.0	101.5	0	1
PROTOTYPE	035759	04/16/18	08:20:50	0.4892597695390782	0.4892597695390782	11.24	0.0	3.522670340681363	3.5197347820641283	13.93	7.88	0.4892597695390782	0.4892597695390782	11.24	0.0	276.0	287.74	610.26	-273.72	0	1
PROTOTYPE	035760	04/16/18	08:20:51	0.4892597695390782	0.4892597695390782	11.26	0.0	3.522670340681363	3.5197347820641283	13.27	6.7	0.4892597695390782	0.4892597695390782	11.26	0.0	293.0	288.53	621.32	-262.66	0	1
PROTOTYPE	035761	04/16/18	08:20:53	0.4892597695390782	0.4892597695390782	11.25	0.0	3.522670340681363	3.520713301603206	12.74	5.7	0.4892597695390782	0.4892597695390782	11.25	0.0	290.0	288.75	570.75	-313.26	0	1
PROTOTYPE	035762	04/16/18	08:20:54	0.4892597695390782	0.4892597695390782	11.26	0.0	3.522670340681363	3.520713301603206	12.36	4.84	0.4892597695390782	0.4892597695390782	11.26	0.0	274.0	286.54	718.75	-461.27	0	1
PROTOTYPE	035763	04/16/18	08:20:55	0.4892597695390782	0.4892597695390782	11.3	0.0	3.522670340681363	3.520713301603206	12.11	4.12	0.4892597695390782	0.4892597695390782	11.3	0.0	285.0	286.31	714.14	-512.08	0	1
PROTOTYPE	035764	04/16/18	08:20:57	0.4892597695390782	0.4892597695390782	11.31	0.0	3.522670340681363	3.5216918211422845	11.9	3.5	0.4892597695390782	0.4892597695390782	11.31	0.0	288.0	286.56	732.96	-480.27	0	1
PROTOTYPE	035765	04/16/18	08:20:58	0.4892597695390782	0.4892597695390782	11.29	0.0	3.522670340681363	3.5216918211422845	11.72	2.97	0.4892597695390782	0.4892597695390782	11.29	0.0	284.0	286.18	630.94	-378.23	0	1
PROTOTYPE	035766	04/16/18	08:21:00	0.4892597695390782	0.4892597695390782	11.28	0.0	3.522670340681363	3.5216918211422845	11.59	2.53	0.4892597695390782	0.4892597695390782	11.28	0.0	302.0	288.55	853.8	-126.5	0	1
