Dev_id	Index	Date	Time	Sensor1	Sensor1_Filter	Sensor1_LL	Sensor1_Diff	Sensor2	Sensor2_Filter	Sensor2_LL	Sensor2_Diff	Sensor3	Sensor3_Filter	Sensor3_LL	Sensor3_Diff	Sensor4	Sensor4_Filter	Sensor4_LL	Sensor4_Diff	Heater_Status	FSM_Status
PROTOTYPE	026967	04/16/18	04:53:59	0.4892597695390782	0.4892597695390782	11.25	-0.0	3.1312625250501003	3.1253914078156315	30.74	-1.52	0.4892597695390782	0.4892597695390782	11.25	0.0	283.0	288.55	839.77	-302.73	0	1
PROTOTYPE	026968	04/16/18	04:54:01	0.4892597695390782	0.4892597695390782	11.25	-0.0	3.1312625250501003	3.1263699273547094	18.02	13.71	0.4892597695390782	0.4892597695390782	11.25	0.0	287.0	288.32	796.81	-392.32	0	1
PROTOTYPE	026969	04/16/18	04:54:02	0.4892597695390782	0.4892597695390782	11.25	-0.0	3.1312625250501003	3.1273484468937878	16.46	11.65	0.4892597695390782	0.4892597695390782	11.25	0.0	294.0	289.17	870.59	-318.47	0	1
PROTOTYPE	026970	04/16/18	04:54:03	0.4892597695390782	0.4892597695390782	11.24	-0.0	3.1312625250501003	3.1273484468937878	15.22	9.9	0.4892597695390782	0.4892597695390782	11.24	0.0	296.0	290.2	772.64	-15.7	0	1
PROTOTYPE	026971	04/16/18	04:54:05	0.4892597695390782	0.4892597695390782	11.25	-0.0	3.1312625250501003	3.1283269664328657	14.26	8.42	0.4892597695390782	0.4892597695390782	11.25	0.0	293.0	290.62	700.01	-88.35	0	1
PROTOTYPE	026972	04/16/18	04:54:06	0.4892597695390782	0.4892597695390782	11.24	-0.0	3.1312625250501003	3.1283269664328657	13.5	7.16	0.4892597695390782	0.4892597695390782	11.24	0.0	289.0	290.37	566.8	44.91	0	1
PROTOTYPE	026973	04/16/18	04:54:08	0.4892597695390782	0.4892597695390782	11.21	-0.0	3.1312625250501003	3.129305485971944	12.9	6.08	0.4892597695390782	0.4892597695390782	11.21	0.0	287.0	289.87	541.3	-81.83	0	1
PROTOTYPE	026974	04/16/18	04:54:09	0.4892597695390782	0.4892597695390782	11.22	-0.0	3.1312625250501003	3.129305485971944	12.47	5.17	0.4892597695390782	0.4892597695390782	11.22	0.0	279.0	288.24	589.03	-129.56	0	1
PROTOTYPE	026975	04/16/18	04:54:11	0.4892597695390782	0.4892597695390782	11.22	-0.0	3.1312625250501003	3.129305485971944	12.14	4.39	0.4892597695390782	0.4892597695390782	11.22	0.0	294.0	289.1	577.45	54.88	0	1
PROTOTYPE	026976	04/16/18	04:54:12	0.4892597695390782	0.4892597695390782	11.24	-0.0	3.1312625250501003	3.130284005511022	11.91	3.74	0.4892597695390782	0.4892597695390782	11.24	0.0	284.0	288.34	630.65	1.65	0	1
PROTOTYPE	026977	04/16/18	04:54:13	0.4892597695390782	0.4892597695390782	11.24	-0.0	3.1312625250501003	3.130284005511022	11.73	3.18	0.4892597695390782	0.4892597695390782	11.24	0.0	299.0	289.94	705.4	76.4	0	1
PROTOTYPE	026978	04/16/18	04:54:15	0.4892597695390782	0.4892597695390782	11.26	-0.0	3.1312625250501003	3.130284005511022	11.62	2.7	0.4892597695390782	0.4892597695390782	11.26	0.0	295.0	290.7	678.95	49.94	0	1
PROTOTYPE	026979	04/16/18	04:54:16	0.4892597695390782	0.4892597695390782	11.24	-0.0	3.1312625250501003	3.130284005511022	11.5	2.29	0.4892597695390782	0.4892597695390782	11.24	0.0	290.0	290.59	647.4	-2.55	0	1
PROTOTYPE	026980	04/16/18	04:54:18	0.4892597695390782	0.4892597695390782	11.25	-0.0	3.1312625250501003	3.130284005511022	11.44	1.95	0.4892597695390782	0.4892597695390782	11.25	0.0	287.0	290.05	677.0	-32.17	0	1
PROTOTYPE	026981	04/16/18	04:54:19	0.4892597695390782	0.4892597695390782	11.26	-0.0	3.1312625250501003	3.130284005511022	11.39	1.66	0.4892597695390782	0.4892597695390782	11.26	0.0	295.0	290.79	700.58	92.66	0	1
PROTOTYPE	026982	04/16/18	04:54:20	0.4892597695390782	0.4892597695390782	11.27	-0.0	3.1312625250501003	3.130284005511022	11.37	1.41	0.4892597695390782	0.4892597695390782	11.27	0.0	295.0	291.43	600.64	318.76	0	1
PROTOTYPE	026983	04/16/18	04:54:22	0.4892597695390782	0.4892597695390782	11.26	-0.0	3.1312625250501003	3.1312625250501003	11.33	1.2	0.4892597695390782	0.4892597695390782	11.26	0.0	300.0	292.71	642.82	360.94	0	1
PROTOTYPE	026984	04/16/18	04:54:23	0.4892597695390782	0.4892597695390782	11.27	-0.0	3.1312625250501003	3.1312625250501003	11.32	1.02	0.4892597695390782	0.4892597695390782	11.27	0.0	288.0	292.01	636.97	366.8	0	1
PROTOTYPE	026985	04/16/18	04:54:25	0.4892597695390782	0.4892597695390782	11.29	-0.0	3.1312625250501003	3.1312625250501003	11.33	0.87	0.4892597695390782	0.4892597695390782	11.29	0.0	301.0	293.35	611.95	341.78	0	1
PROTOTYPE	026986	04/16/18	04:54:26	0.4892597695390782	0.4892597695390782	11.31	-0.0	3.1312625250501003	3.1312625250501003	11.34	0.74	0.4892597695390782	0.4892597695390782	11.31	0.0	297.0	293.9	590.69	320.51	0	1
PROTOTYPE	026987	04/16/18	04:54:27	0.4892597695390782	0.4892597695390782	11.32	-0.0	3.1312625250501003	3.1312625250501003	11.34	0.63	0.4892597695390782	0.4892597695390782	11.32	0.0	275.0	291.07	863.68	47.44	0	1
PROTOTYPE	026988	04/16/18	04:54:29	0.4892597695390782	0.4892597695390782	11.31	-0.0	3.1312625250501003	3.1312625250501003	11.32	0.53	0.4892597695390782	0.4892597695390782	11.31	0.0	303.0	292.86	988.8	280.32	0	1
PROTOTYPE	026989	04/16/18	04:54:30	0.4892597695390782	0.4892597695390782	11.32	-0.0	3.1312625250501003	3.1312625250501003	11.33	0.45	0.4892597695390782	0.4892597695390782	11.32	0.0	276.0	290.33	1167.42	-46.73	0	1
PROTOTYPE	026990	04/16/18	04:54:32	0.4892597695390782	0.4892597695390782	11.3	-0.0	3.1312625250501003	3.1312625250501003	11.31	0.38	0.4892597695390782	0.4892597695390782	11.3	0.0	291.0	290.43	1114.51	-99.72	0	1
PROTOTYPE	026991	04/16/18	04:54:33	0.4892597695390782	0.4892597695390782	11.29	-0.0	3.1312625250501003	3.1312625250501003	11.29	0.33	0.4892597695390782	0.4892597695390782	11.29	0.0	303.0	292.31	1174.47	-39.76	0	1
PROTOTYPE	026992	04/16/18	04:54:34	0.4892597695390782	0.4892597695390782	11.27	-0.0	3.1312625250501003	3.1312625250501003	11.27	0.28	0.4892597695390782	0.4892597695390782	11.27	0.0	289.0	291.82	1153.51	-18.8	0	1
PROTOTYPE	026993	04/16/18	04:54:36	0.4892597695390782	0.4892597695390782	11.26	-0.0	3.1312625250501003	3.1312625250501003	11.26	0.24	0.4892597695390782	0.4892597695390782	11.26	0.0	283.0	290.49	1150.84	-285.98	0	1
PROTOTYPE	026994	04/16/18	04:54:37	0.4892597695390782	0.4892597695390782	11.21	-0.0	3.1312625250501003	3.1312625250501003	11.21	0.2	0.4892597695390782	0.4892597695390782	11.21	0.0	289.0	290.27	1118.6	-363.08	0	1
PROTOTYPE	026995	04/16/18	04:54:39	0.4892597695390782	0.4892597695390782	11.21	-0.0	3.1312625250501003	3.1312625250501003	11.21	0.17	0.4892597695390782	0.4892597695390782	11.21	0.0	286.0	289.63	899.15	-143.62	0	1
PROTOTYPE	026996	04/16/18	04:54:40	0.4892597695390782	0.4892597695390782	11.21	-0.0	3.1312625250501003	3.1312625250501003	11.21	0.14	0.4892597695390782	0.4892597695390782	11.21	0.0	296.0	290.59	815.7	-227.08	0	1
PROTOTYPE	026997	04/16/18	04:54:42	0.4892597695390782	0.4892597695390782	11.22	-0.0	3.1312625250501003	3.1312625250501003	11.22	0.12	0.4892597695390782	0.4892597695390782	11.22	0.0	302.0	292.3	734.08	196.99	0	1
PROTOTYPE	026998	04/16/18	04:54:43	0.4892597695390782	0.4892597695390782	11.25	-0.0	3.1312625250501003	3.1312625250501003	11.25	0.1	0.4892597695390782	0.4892597695390782	11.25	0.0	282.0	290.75	878.37	32.44	0	1
PROTOTYPE	026999	04/16/18	04:54:44	0.4892597695390782	0.4892597695390782	11.27	-0.0	3.1312625250501003	3.1312625250501003	11.27	0.09	0.4892597695390782	0.4892597695390782	11.27	0.0	283.0	289.59	806.09	-272.43	0	1
PROTOTYPE	027000	04/16/18	04:54:46	0.4892597695390782	0.4892597695390782	11.29	-0.0	3.1312625250501003	3.1312625250501003	11.29	0.08	0.4892597695390782	0.4892597695390782	11.29	0.0	295.0	290.4	837.52	-141.56	0	1
PROTOTYPE	027001	04/16/18	04:54:47	0.4892597695390782	0.4892597695390782	11.3	-0.0	3.1312625250501003	3.1312625250501003	11.3	0.06	0.4892597695390782	0.4892597695390782	11.3	0.0	284.0	289.44	801.29	-105.33	0	1
PROTOTYPE	027002	04/16/18	04:54:49	0.4892597695390782	0.4892597695390782	11.31	-0.0	3.1312625250501003	3.1312625250501003	11.31	0.05	0.4892597695390782	0.4892597695390782	11.31	0.0	287.0	289.08	815.47	-119.53	0	1
PROTOTYPE	027003	04/16/18	04:54:50	0.4892597695390782	0.4892597695390782	11.32	-0.0	3.1312625250501003	3.1312625250501003	11.32	0.05	0.4892597695390782	0.4892597695390782	11.32	0.0	271.0	286.36	1022.53	-326.6	0	1
PROTOTYPE	027004	04/16/18	04:54:51	0.4892597695390782	0.4892597695390782	11.32	-0.0	3.1312625250501003	3.1312625250501003	11.32	0.04	0.4892597695390782	0.4892597695390782	11.32	0.0	295.0	287.66	1056.52	-292.61	0	1
PROTOTYPE	027005	04/16/18	04:54:53	0.4892597695390782	0.4892597695390782	11.31	-0.0	3.1312625250501003	3.1312625250501003	11.31	0.03	0.4892597695390782	0.4892597695390782	11.31	0.0	290.0	288.01	920.43	-428.72	0	1
PROTOTYPE	027006	04/16/18	04:54:54	0.4892597695390782	0.4892597695390782	11.28	-0.0	3.1312625250501003	3.1312625250501003	11.28	0.03	0.4892597695390782	0.4892597695390782	11.28	0.0	294.0	288.91	855.82	-184.41	0	1
PROTOTYPE	027007	04/16/18	04:54:56	0.4892597695390782	0.4892597695390782	11.28	-0.0	3.1312625250501003	3.1312625250501003	11.28	0.02	0.4892597695390782	0.4892597695390782	11.28	0.0	283.0	288.02	828.16	-156.75	0	1
PROTOTYPE	027008	04/16/18	04:54:57	0.4892597695390782	0.4892597695390782	11.26	-0.0	3.1312625250501003	3.1312625250501003	11.26	0.02	0.4892597695390782	0.4892597695390782	11.26	0.0	285.0	287.57	792.36	-283.24	0	1
PROTOTYPE	027009	04/16/18	04:54:58	0.4892597695390782	0.4892597695390782	11.24	-0.0	3.1312625250501003	3.1312625250501003	11.24	0.02	0.4892597695390782	0.4892597695390782	11.24	0.0	290.0	287.93	732.81	-150.75	0	1
PROTOTYPE	027010	04/16/18	04:55:00	0.4892597695390782	0.4892597695390782	11.23	-0.0	3.1312625250501003	3.1312625250501003	11.23	0.01	0.4892597695390782	0.4892597695390782	11.23	0.0	289.0	288.09	712.22	-98.14	0	1
PROTOTYPE	027011	04/16/18	04:55:01	0.4892597695390782	0.4892597695390782	11.21	-0.0	3.1312625250501003	3.1312625250501003	11.21	0.01	0.4892597695390782	0.4892597695390782	11.21	0.0	276.0	286.28	622.5	-8.42	0	1
PROTOTYPE	027012	04/16/18	04:55:03	0.4892597695390782	0.4892597695390782	11.22	-0.0	3.1312625250501003	3.1312625250501003	11.22	0.01	0.4892597695390782	0.4892597695390782	11.22	0.0	285.0	286.09	512.2	-157.16	0	1
PROTOTYPE	027013	04/16/18	04:55:04	0.4892597695390782	0.4892597695390782	11.21	-0.0	3.1312625250501003	3.1312625250501003	11.21	0.01	0.4892597695390782	0.4892597695390782	11.21	0.0	291.0	286.82	550.76	-118.58	0	1
PROTOTYPE	027014	04/16/18	04:55:05	0.4892597695390782	0.4892597695390782	11.23	-0.0	3.1312625250501003	3.1312625250501003	11.23	0.01	0.4892597695390782	0.4892597695390782	11.23	0.0	295.0	288.05	583.54	-85.79	0	1
PROTOTYPE	027015	04/16/18	04:55:07	0.4892597695390782	0.4892597695390782	11.21	-0.0	3.1312625250501003	3.1312625250501003	11.21	0.01	0.4892597695390782	0.4892597695390782	11.21	0.0	293.0	288.79	569.15	77.07	0	1
PROTOTYPE	027016	04/16/18	04:55:08	0.4892597695390782	0.4892597695390782	11.23	-0.0	3.1312625250501003	3.1312625250501003	11.23	0.01	0.4892597695390782	0.4892597695390782	11.23	0.0	285.0	288.22	580.71	65.51	0	1
PROTOTYPE	027017	04/16/18	04:55:10	0.4892597695390782	0.4892597695390782	11.25	-0.0	3.1312625250501003	3.1312625250501003	11.25	0.0	0.4892597695390782	0.4892597695390782	11.25	0.0	291.0	288.64	585.88	70.69	0	1
PROTOTYPE	027018	04/16/18	04:55:11	0.4892597695390782	0.4892597695390782	11.26	-0.0	3.1312625250501003	3.1312625250501003	11.26	0.0	0.4892597695390782	0.4892597695390782	11.26	0.0	286.0	288.24	609.46	15.08	0	1
PROTOTYPE	027019	04/16/18	04:55:13	0.4892597695390782	0.4892597695390782	11.28	-0.0	3.1312625250501003	3.1312625250501003	11.28	0.0	0.4892597695390782	0.4892597695390782	11.28	0.0	297.0	289.56	559.39	327.82	0	1
PROTOTYPE	027020	04/16/18	04:55:14	0.4892597695390782	0.4892597695390782	11.27	-0.0	3.1312625250501003	3.1312625250501003	11.27	0.0	0.4892597695390782	0.4892597695390782	11.27	0.0	291.0	289.77	561.82	368.65	0	1
PROTOTYPE	027021	04/16/18	04:55:15	0.4892597695390782	0.4892597695390782	11.26	-0.0	3.1312625250501003	3.1312625250501003	11.26	0.0	0.4892597695390782	0.4892597695390782	11.26	0.0	294.0	290.41	551.52	358.35	0	1
PROTOTYPE	027022	04/16/18	04:55:17	0.4892597695390782	0.4892597695390782	11.25	-0.0	3.1312625250501003	3.1312625250501003	11.25	0.0	0.4892597695390782	0.4892597695390782	11.25	0.0	290.0	290.35	435.16	229.6	0	1
PROTOTYPE	027023	04/16/18	04:55:18	0.4892597695390782	0.4892597695390782	11.26	-0.0	3.1312625250501003	3.1312625250501003	11.26	0.0	0.4892597695390782	0.4892597695390782	11.26	0.0	291.0	290.44	370.81	165.16	0	1
PROTOTYPE	027024	04/16/18	04:55:20	0.4892597695390782	0.4892597695390782	11.24	-0.0	3.1312625250501003	3.1312625250501003	11.24	0.0	0.4892597695390782	0.4892597695390782	11.24	0.0	292.0	290.68	337.26	245.38	0	1
PROTOTYPE	027025	04/16/18	04:55:21	0.4892597695390782	0.4892597695390782	11.25	-0.0	3.1312625250501003	3.1312625250501003	11.25	0.0	0.4892597695390782	0.4892597695390782	11.25	0.0	289.0	290.43	320.82	178.58	0	1
PROTOTYPE	027026	04/16/18	04:55:22	0.4892597695390782	0.4892597695390782	11.26	-0.0	3.1312625250501003	3.1312625250501003	11.26	0.0	0.4892597695390782	0.4892597695390782	11.26	0.0	287.0	289.91	332.6	166.79	0	1
PROTOTYPE	027027	04/16/18	04:55:24	0.4892597695390782	0.4892597695390782	11.28	-0.0	3.1312625250501003	3.1312625250501003	11.28	0.0	0.4892597695390782	0.4892597695390782	11.28	0.0	288.0	289.63	229.98	6.77	0	1
PROTOTYPE	027028	04/16/18	04:55:25	0.4892597695390782	0.4892597695390782	11.29	-0.0	3.1312625250501003	3.1312625250501003	11.29	0.0	0.4892597695390782	0.4892597695390782	11.29	0.0	283.0	288.63	307.69	-114.24	0	1
PROTOTYPE	027029	04/16/18	04:55:27	0.4892597695390782	0.4892597695390782	11.3	-0.0	3.1312625250501003	3.1312625250501003	11.3	0.0	0.4892597695390782	0.4892597695390782	11.3	0.0	290.0	288.84	264.86	-157.11	0	1
PROTOTYPE	027030	04/16/18	04:55:28	0.4892597695390782	0.4892597695390782	11.3	-0.0	3.1312625250501003	3.1312625250501003	11.3	0.0	0.4892597695390782	0.4892597695390782	11.3	0.0	289.0	288.86	261.41	-148.54	0	1
PROTOTYPE	027031	04/16/18	04:55:29	0.4892597695390782	0.4892597695390782	11.3	-0.0	3.1312625250501003	3.1312625250501003	11.3	0.0	0.4892597695390782	0.4892597695390782	11.3	0.0	287.0	288.58	279.46	-186.26	0	1
PROTOTYPE	027032	04/16/18	04:55:31	0.4892597695390782	0.4892597695390782	11.29	-0.0	3.1312625250501003	3.1312625250501003	11.29	0.0	0.4892597695390782	0.4892597695390782	11.29	0.0	295.0	289.54	352.37	-113.32	0	1
PROTOTYPE	027033	04/16/18	04:55:32	0.4892597695390782	0.4892597695390782	11.28	-0.0	3.1312625250501003	3.1312625250501003	11.28	0.0	0.4892597695390782	0.4892597695390782	11.28	0.0	290.0	289.61	334.13	-81.32	0	1
PROTOTYPE	027034	04/16/18	04:55:34	0.4892597695390782	0.4892597695390782	11.27	-0.0	3.1312625250501003	3.1312625250501003	11.27	0.0	0.4892597695390782	0.4892597695390782	11.27	0.0	295.0	290.42	363.53	50.88	0	1
PROTOTYPE	027035	04/16/18	04:55:35	0.4892597695390782	0.4892597695390782	11.25	-0.0	3.1312625250501003	3.1312625250501003	11.25	0.0	0.4892597695390782	0.4892597695390782	11.25	0.0	298.0	291.56	448.5	193.24	0	1
PROTOTYPE	027036	04/16/18	04:55:36	0.4892597695390782	0.4892597695390782	11.23	-0.0	3.1312625250501003	3.1312625250501003	11.23	0.0	0.4892597695390782	0.4892597695390782	11.23	0.0	283.0	290.27	477.48	164.26	0	1
PROTOTYPE	027037	04/16/18	04:55:38	0.4892597695390782	0.4892597695390782	11.23	-0.0	3.1312625250501003	3.1312625250501003	11.23	0.0	0.4892597695390782	0.4892597695390782	11.23	0.0	281.0	288.88	596.03	4.62	0	1
PROTOTYPE	027038	04/16/18	04:55:39	0.4892597695390782	0.4892597695390782	11.23	-0.0	3.1312625250501003	3.1312625250501003	11.23	0.0	0.4892597695390782	0.4892597695390782	11.23	0.0	287.0	288.6	621.49	-26.07	0	1
PROTOTYPE	027039	04/16/18	04:55:41	0.4892597695390782	0.4892597695390782	11.22	-0.0	3.1312625250501003	3.1312625250501003	11.22	0.0	0.4892597695390782	0.4892597695390782	11.22	0.0	277.0	286.86	767.55	-172.16	0	1
PROTOTYPE	027040	04/16/18	04:55:42	0.4892597695390782	0.4892597695390782	11.25	-0.0	3.1312625250501003	3.1312625250501003	11.25	0.0	0.4892597695390782	0.4892597695390782	11.25	0.0	297.0	288.38	823.37	-116.34	0	1
PROTOTYPE	027041	04/16/18	04:55:43	0.4892597695390782	0.4892597695390782	11.23	-0.0	3.1312625250501003	3.1312625250501003	11.23	0.0	0.4892597695390782	0.4892597695390782	11.23	0.0	279.0	286.97	957.13	-263.89	0	1
PROTOTYPE	027042	04/16/18	04:55:45	0.4892597695390782	0.4892597695390782	11.23	-0.0	3.1312625250501003	3.1312625250501003	11.23	0.0	0.4892597695390782	0.4892597695390782	11.23	0.0	291.0	287.58	936.72	-284.3	0	1
PROTOTYPE	027043	04/16/18	04:55:46	0.4892597695390782	0.4892597695390782	11.23	-0.0	3.1312625250501003	3.1312625250501003	11.23	0.0	0.4892597695390782	0.4892597695390782	11.23	0.0	297.0	288.99	964.36	-256.66	0	1
PROTOTYPE	027044	04/16/18	04:55:48	0.4892597695390782	0.4892597695390782	11.26	-0.0	3.1312625250501003	3.1312625250501003	11.26	0.0	0.4892597695390782	0.4892597695390782	11.26	0.0	283.0	288.09	925.87	-218.16	0	1
PROTOTYPE	027045	04/16/18	04:55:49	0.4892597695390782	0.4892597695390782	11.26	-0.0	3.1312625250501003	3.1312625250501003	11.26	0.0	0.4892597695390782	0.4892597695390782	11.26	0.0	295.0	289.13	890.36	24.56	0	1
PROTOTYPE	027046	04/16/18	04:55:51	0.4892597695390782	0.4892597695390782	11.26	-0.0	3.1312625250501003	3.1312625250501003	11.26	0.0	0.4892597695390782	0.4892597695390782	11.26	0.0	291.0	289.41	890.19	80.88	0	1
PROTOTYPE	027047	04/16/18	04:55:52	0.4892597695390782	0.4892597695390782	11.27	-0.0	3.1312625250501003	3.1312625250501003	11.27	0.0	0.4892597695390782	0.4892597695390782	11.27	0.0	286.0	288.9	767.33	203.75	0	1
PROTOTYPE	027048	04/16/18	04:55:53	0.4892597695390782	0.4892597695390782	11.26	-0.0	3.1312625250501003	3.1312625250501003	11.26	0.0	0.4892597695390782	0.4892597695390782	11.26	0.0	295.0	289.81	706.77	143.19	0	1
PROTOTYPE	027049	04/16/18	04:55:55	0.4892597695390782	0.4892597695390782	11.29	-0.0	3.1312625250501003	3.1312625250501003	11.29	0.0	0.4892597695390782	0.4892597695390782	11.29	0.0	286.0	289.24	623.26	226.71	0	1
PROTOTYPE	027050	04/16/18	04:55:56	0.4892597695390782	0.4892597695390782	11.3	-0.0	3.1312625250501003	3.1312625250501003	11.3	0.0	0.4892597695390782	0.4892597695390782	11.3	0.0	302.0	291.16	754.24	357.7	0	1
PROTOTYPE	027051	04/16/18	04:55:58	0.4892597695390782	0.4892597695390782	11.29	-0.0	3.1312625250501003	3.1312625250501003	11.29	0.0	0.4892597695390782	0.4892597695390782	11.29	0.0	291.0	291.13	615.63	214.05	0	1
PROTOTYPE	027052	04/16/18	04:55:59	0.4892597695390782	0.4892597695390782	11.28	-0.0	3.1312625250501003	3.1312625250501003	11.28	0.0	0.4892597695390782	0.4892597695390782	11.28	0.0	293.0	291.41	553.8	331.94	0	1
PROTOTYPE	027053	04/16/18	04:56:00	0.4892597695390782	0.4892597695390782	11.29	-0.0	3.1312625250501003	3.1312625250501003	11.29	0.0	0.4892597695390782	0.4892597695390782	11.29	0.0	291.0	291.35	456.52	222.15	0	1
PROTOTYPE	027054	04/16/18	04:56:02	0.4892597695390782	0.4892597695390782	11.28	-0.0	3.1312625250501003	3.1312625250501003	11.28	0.0	0.4892597695390782	0.4892597695390782	11.28	0.0	287.0	290.7	493.69	128.83	0	1
PROTOTYPE	027055	04/16/18	04:56:03	0.4892597695390782	0.4892597695390782	11.28	-0.0	3.1312625250501003	3.1312625250501003	11.28	0.0	0.4892597695390782	0.4892597695390782	11.28	0.0	280.0	289.09	603.0	19.5	0	1
PROTOTYPE	027056	04/16/18	04:56:05	0.4892597695390782	0.4892597695390782	11.26	-0.0	3.1312625250501003	3.1312625250501003	11.26	0.0	0.4892597695390782	0.4892597695390782	11.26	0.0	289.0	289.08	513.43	-73.42	0	1
PROTOTYPE	027057	04/16/18	04:56:06	0.4892597695390782	0.4892597695390782	11.25	-0.0	3.1312625250501003	3.1312625250501003	11.25	0.0	0.4892597695390782	0.4892597695390782	11.25	0.0	301.0	290.87	635.03	162.59	0	1
PROTOTYPE	027058	04/16/18	04:56:07	0.4892597695390782	0.4892597695390782	11.26	-0.0	3.1312625250501003	3.1312625250501003	11.26	0.0	0.4892597695390782	0.4892597695390782	11.26	0.0	296.0	291.64	520.65	48.2	0	1
PROTOTYPE	027059	04/16/18	04:56:09	0.4892597695390782	0.4892597695390782	11.26	-0.0	3.1312625250501003	3.1312625250501003	11.26	0.0	0.4892597695390782	0.4892597695390782	11.26	0.0	290.0	291.39	542.53	25.97	0	1
PROTOTYPE	027060	04/16/18	04:56:10	0.4892597695390782	0.4892597695390782	11.26	-0.0	3.1312625250501003	3.1312625250501003	11.26	0.0	0.4892597695390782	0.4892597695390782	11.26	0.0	293.0	291.63	538.64	22.08	0	1
PROTOTYPE	027061	04/16/18	04:56:12	0.4892597695390782	0.4892597695390782	11.27	-0.0	3.1312625250501003	3.1312625250501003	11.27	0.0	0.4892597695390782	0.4892597695390782	11.27	0.0	295.0	292.14	582.83	78.76	0	1
PROTOTYPE	027062	04/16/18	04:56:13	0.4892597695390782	0.4892597695390782	11.27	-0.0	3.1312625250501003	3.1312625250501003	11.27	0.0	0.4892597695390782	0.4892597695390782	11.27	0.0	294.0	292.42	545.52	171.95	0	1
PROTOTYPE	027063	04/16/18	04:56:14	0.4892597695390782	0.4892597695390782	11.27	-0.0	3.1312625250501003	3.1312625250501003	11.27	0.0	0.4892597695390782	0.4892597695390782	11.27	0.0	295.0	292.8	423.82	371.16	0	1
PROTOTYPE	027064	04/16/18	04:56:16	0.4892597695390782	0.4892597695390782	11.28	-0.0	3.1312625250501003	3.1312625250501003	11.28	0.0	0.4892597695390782	0.4892597695390782	11.28	0.0	290.0	292.38	463.94	330.48	0	1
PROTOTYPE	027065	04/16/18	04:56:17	0.4892597695390782	0.4892597695390782	11.28	-0.0	3.1312625250501003	3.1312625250501003	11.28	0.0	0.4892597695390782	0.4892597695390782	11.28	0.0	276.0	289.93	530.89	-94.09	0	1
PROTOTYPE	027066	04/16/18	04:56:19	0.4892597695390782	0.4892597695390782	11.25	-0.0	3.1312625250501003	3.1312625250501003	11.25	0.0	0.4892597695390782	0.4892597695390782	11.25	0.0	297.0	290.99	560.0	-64.98	0	1
PROTOTYPE	027067	04/16/18	04:56:20	0.4892597695390782	0.4892597695390782	11.26	-0.0	3.1312625250501003	3.1312625250501003	11.26	0.0	0.4892597695390782	0.4892597695390782	11.26	0.0	279.0	289.19	715.21	-220.23	0	1
PROTOTYPE	027068	04/16/18	04:56:22	0.4892597695390782	0.4892597695390782	11.26	-0.0	3.1312625250501003	3.1312625250501003	11.26	0.0	0.4892597695390782	0.4892597695390782	11.26	0.0	289.0	289.16	694.22	-247.19	0	1
PROTOTYPE	027069	04/16/18	04:56:23	0.4892597695390782	0.4892597695390782	11.24	-0.0	3.1312625250501003	3.1312625250501003	11.24	0.0	0.4892597695390782	0.4892597695390782	11.24	0.0	294.0	289.89	716.29	-225.12	0	1
PROTOTYPE	027070	04/16/18	04:56:24	0.4892597695390782	0.4892597695390782	11.23	-0.0	3.1312625250501003	3.1312625250501003	11.23	0.0	0.4892597695390782	0.4892597695390782	11.23	0.0	295.0	290.65	765.04	-176.35	0	1
PROTOTYPE	027071	04/16/18	04:56:26	0.4892597695390782	0.4892597695390782	11.22	-0.0	3.1312625250501003	3.1312625250501003	11.22	0.0	0.4892597695390782	0.4892597695390782	11.22	0.0	290.0	290.56	736.17	-224.9	0	1
PROTOTYPE	027072	04/16/18	04:56:27	0.4892597695390782	0.4892597695390782	11.21	-0.0	3.1312625250501003	3.1312625250501003	11.21	0.0	0.4892597695390782	0.4892597695390782	11.21	0.0	271.0	287.62	987.42	-476.16	0	1
PROTOTYPE	027073	04/16/18	04:56:28	0.4892597695390782	0.4892597695390782	11.19	-0.0	3.1312625250501003	3.1312625250501003	11.19	0.0	0.4892597695390782	0.4892597695390782	11.19	0.0	291.0	288.13	792.34	-179.74	0	1
PROTOTYPE	027074	04/16/18	04:56:30	0.4892597695390782	0.4892597695390782	11.19	-0.0	3.1312625250501003	3.1312625250501003	11.19	0.0	0.4892597695390782	0.4892597695390782	11.19	0.0	292.0	288.71	744.31	-227.78	0	1
PROTOTYPE	027075	04/16/18	04:56:31	0.4892597695390782	0.4892597695390782	11.2	-0.0	3.1312625250501003	3.1312625250501003	11.2	0.0	0.4892597695390782	0.4892597695390782	11.2	0.0	296.0	289.8	673.86	61.39	0	1
PROTOTYPE	027076	04/16/18	04:56:33	0.4892597695390782	0.4892597695390782	11.19	-0.0	3.1312625250501003	3.1312625250501003	11.19	0.0	0.4892597695390782	0.4892597695390782	11.19	0.0	295.0	290.58	748.65	142.18	0	1
PROTOTYPE	027077	04/16/18	04:56:34	0.4892597695390782	0.4892597695390782	11.22	-0.0	3.1312625250501003	3.1312625250501003	11.22	0.0	0.4892597695390782	0.4892597695390782	11.22	0.0	289.0	290.35	699.83	45.85	0	1
PROTOTYPE	027078	04/16/18	04:56:36	0.4892597695390782	0.4892597695390782	11.24	-0.0	3.1312625250501003	3.1312625250501003	11.24	0.0	0.4892597695390782	0.4892597695390782	11.24	0.0	290.0	290.29	628.49	-36.02	0	1
PROTOTYPE	027079	04/16/18	04:56:37	0.4892597695390782	0.4892597695390782	11.25	-0.0	3.1312625250501003	3.1312625250501003	11.25	0.0	0.4892597695390782	0.4892597695390782	11.25	0.0	299.0	291.6	749.19	104.38	0	1
PROTOTYPE	027080	04/16/18	04:56:38	0.4892597695390782	0.4892597695390782	11.28	-0.0	3.1312625250501003	3.1312625250501003	11.28	0.0	0.4892597695390782	0.4892597695390782	11.28	0.0	279.0	289.71	644.85	208.72	0	1
PROTOTYPE	027081	04/16/18	04:56:40	0.4892597695390782	0.4892597695390782	11.29	-0.0	3.1312625250501003	3.1312625250501003	11.29	0.0	0.4892597695390782	0.4892597695390782	11.29	0.0	292.0	290.05	628.55	192.41	0	1
PROTOTYPE	027082	04/16/18	04:56:41	0.4892597695390782	0.4892597695390782	11.31	-0.0	3.1312625250501003	3.1312625250501003	11.31	0.0	0.4892597695390782	0.4892597695390782	11.31	0.0	289.0	289.9	586.33	118.55	0	1
PROTOTYPE	027083	04/16/18	04:56:43	0.4892597695390782	0.4892597695390782	11.31	-0.0	3.1312625250501003	3.1312625250501003	11.31	0.0	0.4892597695390782	0.4892597695390782	11.31	0.0	286.0	289.31	535.41	-49.23	0	1
PROTOTYPE	027084	04/16/18	04:56:44	0.4892597695390782	0.4892597695390782	11.31	-0.0	3.1312625250501003	3.1312625250501003	11.31	0.0	0.4892597695390782	0.4892597695390782	11.31	0.0	298.0	290.61	587.79	3.15	0	1
PROTOTYPE	027085	04/16/18	04:56:45	0.4892597695390782	0.4892597695390782	11.29	-0.0	3.1312625250501003	3.1312625250501003	11.29	0.0	0.4892597695390782	0.4892597695390782	11.29	0.0	294.0	291.12	614.81	77.68	0	1
PROTOTYPE	027086	04/16/18	04:56:47	0.4892597695390782	0.4892597695390782	11.3	-0.0	3.1312625250501003	3.1312625250501003	11.3	0.0	0.4892597695390782	0.4892597695390782	11.3	0.0	297.0	292.0	697.62	171.03	0	1
PROTOTYPE	027087	04/16/18	04:56:48	0.4892597695390782	0.4892597695390782	11.29	-0.0	3.1312625250501003	3.1312625250501003	11.29	0.0	0.4892597695390782	0.4892597695390782	11.29	0.0	290.0	291.7	597.11	10.37	0	1
PROTOTYPE	027088	04/16/18	04:56:50	0.4892597695390782	0.4892597695390782	11.27	-0.0	3.1312625250501003	3.1312625250501003	11.27	0.0	0.4892597695390782	0.4892597695390782	11.27	0.0	293.0	291.9	427.61	218.82	0	1
PROTOTYPE	027089	04/16/18	04:56:51	0.4892597695390782	0.4892597695390782	11.26	-0.0	3.1312625250501003	3.1312625250501003	11.26	0.0	0.4892597695390782	0.4892597695390782	11.26	0.0	296.0	292.51	454.78	246.0	0	1
PROTOTYPE	027090	04/16/18	04:56:52	0.4892597695390782	0.4892597695390782	11.26	-0.0	3.2291144789579156	3.1459403181362724	24.91	15.0	0.4892597695390782	0.4892597695390782	11.26	0.0	290.0	292.14	476.64	224.1	0	1
PROTOTYPE	027091	04/16/18	04:56:54	0.4892597695390782	0.4892597695390782	11.27	-0.0	3.1312625250501003	3.143983279058116	26.16	12.75	0.4892597695390782	0.4892597695390782	11.27	0.0	291.0	291.97	435.3	265.48	0	1
PROTOTYPE	027092	04/16/18	04:56:55	0.4892597695390782	0.4892597695390782	11.28	-0.0	3.2291144789579156	3.156704033066132	37.92	25.84	0.4892597695390782	0.4892597695390782	11.28	0.0	295.0	292.42	350.49	180.66	0	1
PROTOTYPE	027093	04/16/18	04:56:57	0.4892597695390782	0.4892597695390782	11.28	-0.0	3.2291144789579156	3.1674677479959916	47.72	36.96	0.4892597695390782	0.4892597695390782	11.28	0.0	289.0	291.91	351.01	78.56	0	1
PROTOTYPE	027094	04/16/18	04:56:58	0.4892597695390782	0.4892597695390782	11.3	0.0	3.1312625250501003	3.1615966307615233	52.03	31.42	0.4892597695390782	0.4892597695390782	11.3	0.0	282.0	290.42	411.46	-158.22	0	1
PROTOTYPE	027095	04/16/18	04:57:00	0.4892597695390782	0.4892597695390782	11.31	0.0	3.1312625250501003	3.157682552605211	55.55	26.7	0.4892597695390782	0.4892597695390782	11.31	0.0	294.0	290.96	435.06	-74.49	0	1
PROTOTYPE	027096	04/16/18	04:57:01	0.4892597695390782	0.4892597695390782	11.32	0.0	3.1312625250501003	3.1537684744488974	58.4	22.7	0.4892597695390782	0.4892597695390782	11.32	0.0	286.0	290.21	489.95	-168.32	0	1
PROTOTYPE	027097	04/16/18	04:57:02	0.4892597695390782	0.4892597695390782	11.33	0.0	3.1312625250501003	3.149854396292585	60.69	19.29	0.4892597695390782	0.4892597695390782	11.33	0.0	287.0	289.73	476.64	-278.07	0	1
PROTOTYPE	027098	04/16/18	04:57:04	0.4892597695390782	0.4892597695390782	11.32	0.0	3.1312625250501003	3.1469188376753503	48.84	1.4	0.4892597695390782	0.4892597695390782	11.32	0.0	294.0	290.37	502.94	-176.36	0	1
PROTOTYPE	027099	04/16/18	04:57:05	0.4892597695390782	0.4892597695390782	11.3	0.0	3.1312625250501003	3.1449617985971945	49.0	1.19	0.4892597695390782	0.4892597695390782	11.3	0.0	288.0	290.02	521.46	-194.9	0	1
PROTOTYPE	027100	04/16/18	04:57:07	0.4892597695390782	0.4892597695390782	11.31	0.0	3.1312625250501003	3.143004759519038	38.37	-13.99	0.4892597695390782	0.4892597695390782	11.31	0.0	295.0	290.76	550.69	-165.67	0	1
PROTOTYPE	027101	04/16/18	04:57:08	0.4892597695390782	0.4892597695390782	11.3	0.0	3.1312625250501003	3.1410477204408815	29.42	-26.89	0.4892597695390782	0.4892597695390782	11.3	0.0	286.0	290.05	570.83	-185.82	0	1
PROTOTYPE	027102	04/16/18	04:57:09	0.4892597695390782	0.4892597695390782	11.27	0.0	3.1312625250501003	3.140069200901804	25.76	-22.86	0.4892597695390782	0.4892597695390782	11.27	0.0	287.0	289.59	467.97	-82.95	0	1
PROTOTYPE	027103	04/16/18	04:57:11	0.4892597695390782	0.4892597695390782	11.26	0.0	3.2291144789579156	3.1527899549098195	34.63	-4.43	0.4892597695390782	0.4892597695390782	11.26	0.0	291.0	289.8	435.44	-115.5	0	1
PROTOTYPE	027104	04/16/18	04:57:12	0.4892597695390782	0.4892597695390782	11.27	0.0	3.2291144789579156	3.164532189378758	42.12	11.24	0.4892597695390782	0.4892597695390782	11.27	0.0	287.0	289.38	403.13	-83.18	0	1
PROTOTYPE	027105	04/16/18	04:57:14	0.4892597695390782	0.4892597695390782	11.29	0.0	3.2291144789579156	3.174317384769539	48.45	24.55	0.4892597695390782	0.4892597695390782	11.29	0.0	282.0	288.28	465.64	-145.7	0	1
PROTOTYPE	027106	04/16/18	04:57:15	0.4892597695390782	0.4892597695390782	11.33	0.0	3.1312625250501003	3.1674677479959916	51.97	20.87	0.4892597695390782	0.4892597695390782	11.33	0.0	295.0	289.28	502.49	-108.85	0	1
PROTOTYPE	027107	04/16/18	04:57:17	0.4892597695390782	0.4892597695390782	11.34	0.0	3.2291144789579156	3.1772529433867738	58.65	32.74	0.4892597695390782	0.4892597695390782	11.34	0.0	288.0	289.09	486.19	-92.52	0	1
PROTOTYPE	027108	04/16/18	04:57:18	0.4892597695390782	0.4892597695390782	11.32	0.0	3.2291144789579156	3.1850810996993983	64.24	42.83	0.4892597695390782	0.4892597695390782	11.32	0.0	292.0	289.53	455.07	-123.64	0	1
PROTOTYPE	027109	04/16/18	04:57:19	0.4892597695390782	0.4892597695390782	11.33	0.0	3.2291144789579156	3.1909522169338675	68.92	51.4	0.4892597695390782	0.4892597695390782	11.33	0.0	279.0	287.95	541.52	-210.1	0	1
PROTOTYPE	027110	04/16/18	04:57:21	0.4892597695390782	0.4892597695390782	11.34	0.0	3.2291144789579156	3.1968233341683367	72.81	58.69	0.4892597695390782	0.4892597695390782	11.34	0.0	295.0	289.01	601.54	-58.58	0	1
PROTOTYPE	027111	04/16/18	04:57:22	0.4892597695390782	0.4892597695390782	11.34	0.0	3.2291144789579156	3.201715931863727	64.13	49.89	0.4892597695390782	0.4892597695390782	11.34	0.0	297.0	290.21	700.29	40.21	0	1
PROTOTYPE	027112	04/16/18	04:57:24	0.4892597695390782	0.4892597695390782	11.37	0.0	3.2291144789579156	3.20563001002004	56.8	42.41	0.4892597695390782	0.4892597695390782	11.37	0.0	284.0	289.27	751.3	-10.82	0	1
PROTOTYPE	027113	04/16/18	04:57:25	0.4892597695390782	0.4892597695390782	11.36	0.0	3.2291144789579156	3.209544088176352	50.61	36.04	0.4892597695390782	0.4892597695390782	11.36	0.0	296.0	290.28	741.44	200.8	0	1
PROTOTYPE	027114	04/16/18	04:57:26	0.4892597695390782	0.4892597695390782	11.33	0.0	3.2291144789579156	3.2124796467935868	47.21	45.64	0.4892597695390782	0.4892597695390782	11.33	0.0	290.0	290.24	645.04	95.68	0	1
PROTOTYPE	027115	04/16/18	04:57:28	0.4892597695390782	0.4892597695390782	11.3	0.0	3.2291144789579156	3.214436685871744	40.61	38.79	0.4892597695390782	0.4892597695390782	11.3	0.0	287.0	289.75	674.36	66.33	0	1
PROTOTYPE	027116	04/16/18	04:57:29	0.4892597695390782	0.4892597695390782	11.3	0.0	3.2291144789579156	3.2173722444889785	35.08	32.97	0.4892597695390782	0.4892597695390782	11.3	0.0	275.0	287.54	852.04	-198.62	0	1
PROTOTYPE	027117	04/16/18	04:57:31	0.4892597695390782	0.4892597695390782	11.3	0.0	3.2291144789579156	3.2193292835671343	30.46	28.03	0.4892597695390782	0.4892597695390782	11.3	0.0	272.0	285.21	927.24	-273.83	0	1
PROTOTYPE	027118	04/16/18	04:57:32	0.4892597695390782	0.4892597695390782	11.28	0.0	3.2291144789579156	3.2203078031062122	26.62	23.82	0.4892597695390782	0.4892597695390782	11.28	0.0	295.0	286.68	968.31	-232.75	0	1
PROTOTYPE	027119	04/16/18	04:57:33	0.4892597695390782	0.4892597695390782	11.27	0.0	3.2291144789579156	3.2212863226452906	23.44	20.25	0.4892597695390782	0.4892597695390782	11.27	0.0	291.0	287.33	913.23	-287.84	0	1
PROTOTYPE	027120	04/16/18	04:57:35	0.4892597695390782	0.4892597695390782	11.24	0.0	3.2291144789579156	3.223243361723447	20.84	17.21	0.4892597695390782	0.4892597695390782	11.24	0.0	286.0	287.13	840.1	-214.66	0	1
PROTOTYPE	027121	04/16/18	04:57:36	0.4892597695390782	0.4892597695390782	11.24	0.0	3.2291144789579156	3.224221881262525	18.74	14.63	0.4892597695390782	0.4892597695390782	11.24	0.0	301.0	289.21	947.29	-107.47	0	1
PROTOTYPE	027122	04/16/18	04:57:38	0.4892597695390782	0.4892597695390782	11.24	0.0	3.2291144789579156	3.224221881262525	17.04	12.44	0.4892597695390782	0.4892597695390782	11.24	0.0	296.0	290.23	1044.69	-1.35	0	1
PROTOTYPE	027123	04/16/18	04:57:39	0.4892597695390782	0.4892597695390782	11.24	0.0	3.2291144789579156	3.2252004008016035	15.68	10.57	0.4892597695390782	0.4892597695390782	11.24	0.0	294.0	290.79	1052.66	103.86	0	1
PROTOTYPE	027124	04/16/18	04:57:40	0.4892597695390782	0.4892597695390782	11.25	0.0	3.2291144789579156	3.226178920340681	14.62	8.98	0.4892597695390782	0.4892597695390782	11.25	0.0	283.0	289.62	948.25	208.28	0	1
PROTOTYPE	027125	04/16/18	04:57:42	0.4892597695390782	0.4892597695390782	11.24	0.0	3.2291144789579156	3.226178920340681	13.78	7.64	0.4892597695390782	0.4892597695390782	11.24	0.0	293.0	290.13	765.77	492.04	0	1
PROTOTYPE	027126	04/16/18	04:57:43	0.4892597695390782	0.4892597695390782	11.25	0.0	3.2291144789579156	3.2271574398797593	13.15	6.49	0.4892597695390782	0.4892597695390782	11.25	0.0	294.0	290.71	676.98	403.23	0	1
PROTOTYPE	027127	04/16/18	04:57:45	0.4892597695390782	0.4892597695390782	11.28	0.0	3.2291144789579156	3.2271574398797593	12.68	5.52	0.4892597695390782	0.4892597695390782	11.28	0.0	278.0	288.8	802.82	147.75	0	1
PROTOTYPE	027128	04/16/18	04:57:46	0.4892597695390782	0.4892597695390782	11.28	0.0	3.2291144789579156	3.2271574398797593	12.32	4.69	0.4892597695390782	0.4892597695390782	11.28	0.0	296.0	289.88	890.81	275.58	0	1
PROTOTYPE	027129	04/16/18	04:57:48	0.4892597695390782	0.4892597695390782	11.29	0.0	3.2291144789579156	3.228135959418838	12.05	3.99	0.4892597695390782	0.4892597695390782	11.29	0.0	284.0	289.0	770.99	-20.75	0	1
PROTOTYPE	027130	04/16/18	04:57:49	0.4892597695390782	0.4892597695390782	11.3	0.0	3.2291144789579156	3.228135959418838	11.86	3.39	0.4892597695390782	0.4892597695390782	11.3	0.0	290.0	289.15	684.16	-107.64	0	1
PROTOTYPE	027131	04/16/18	04:57:50	0.4892597695390782	0.4892597695390782	11.31	0.0	3.2291144789579156	3.228135959418838	11.71	2.88	0.4892597695390782	0.4892597695390782	11.31	0.0	286.0	288.68	674.84	-211.49	0	1
PROTOTYPE	027132	04/16/18	04:57:52	0.4892597695390782	0.4892597695390782	11.31	0.0	3.2291144789579156	3.228135959418838	11.6	2.45	0.4892597695390782	0.4892597695390782	11.31	0.0	291.0	289.03	592.78	-59.77	0	1
PROTOTYPE	027133	04/16/18	04:57:53	0.4892597695390782	0.4892597695390782	11.34	0.0	3.2291144789579156	3.228135959418838	11.55	2.08	0.4892597695390782	0.4892597695390782	11.34	0.0	294.0	289.77	616.74	-35.8	0	1
PROTOTYPE	027134	04/16/18	04:57:55	0.4892597695390782	0.4892597695390782	11.34	0.0	3.2291144789579156	3.228135959418838	11.49	1.77	0.4892597695390782	0.4892597695390782	11.34	0.0	296.0	290.71	652.11	-0.43	0	1
PROTOTYPE	027135	04/16/18	04:57:56	0.4892597695390782	0.4892597695390782	11.34	0.0	3.2291144789579156	3.228135959418838	11.45	1.5	0.4892597695390782	0.4892597695390782	11.34	0.0	290.0	290.6	472.13	179.63	0	1
PROTOTYPE	027136	04/16/18	04:57:57	0.4892597695390782	0.4892597695390782	11.33	0.0	3.2291144789579156	3.2291144789579156	11.41	1.28	0.4892597695390782	0.4892597695390782	11.33	0.0	285.0	289.76	448.21	-12.31	0	1
PROTOTYPE	027137	04/16/18	04:57:59	0.4892597695390782	0.4892597695390782	11.31	0.0	3.2291144789579156	3.2291144789579156	11.37	1.09	0.4892597695390782	0.4892597695390782	11.31	0.0	291.0	289.95	378.59	94.53	0	1
PROTOTYPE	027138	04/16/18	04:58:00	0.4892597695390782	0.4892597695390782	11.29	0.0	3.2291144789579156	3.2291144789579156	11.33	0.92	0.4892597695390782	0.4892597695390782	11.29	0.0	279.0	288.3	527.74	-84.65	0	1
PROTOTYPE	027139	04/16/18	04:58:02	0.4892597695390782	0.4892597695390782	11.29	0.0	3.2291144789579156	3.2291144789579156	11.32	0.78	0.4892597695390782	0.4892597695390782	11.29	0.0	282.0	287.36	575.03	-131.95	0	1
PROTOTYPE	027140	04/16/18	04:58:03	0.4892597695390782	0.4892597695390782	11.27	0.0	3.2291144789579156	3.2291144789579156	11.29	0.67	0.4892597695390782	0.4892597695390782	11.27	0.0	296.0	288.66	669.8	-37.16	0	1
PROTOTYPE	027141	04/16/18	04:58:05	0.4892597695390782	0.4892597695390782	11.26	0.0	3.2291144789579156	3.2291144789579156	11.27	0.57	0.4892597695390782	0.4892597695390782	11.26	0.0	297.0	289.91	720.37	13.42	0	1
PROTOTYPE	027142	04/16/18	04:58:06	0.4892597695390782	0.4892597695390782	11.26	0.0	3.2291144789579156	3.2291144789579156	11.27	0.48	0.4892597695390782	0.4892597695390782	11.26	0.0	296.0	290.82	718.36	11.4	0	1
PROTOTYPE	027143	04/16/18	04:58:07	0.4892597695390782	0.4892597695390782	11.26	0.0	3.2291144789579156	3.2291144789579156	11.27	0.41	0.4892597695390782	0.4892597695390782	11.26	0.0	292.0	291.0	725.41	39.69	0	1
PROTOTYPE	027144	04/16/18	04:58:09	0.4892597695390782	0.4892597695390782	11.25	0.0	3.2291144789579156	3.2291144789579156	11.25	0.35	0.4892597695390782	0.4892597695390782	11.25	0.0	294.0	291.45	686.45	168.74	0	1
PROTOTYPE	027145	04/16/18	04:58:10	0.4892597695390782	0.4892597695390782	11.27	0.0	3.2291144789579156	3.2291144789579156	11.27	0.3	0.4892597695390782	0.4892597695390782	11.27	0.0	301.0	292.88	811.09	293.43	0	1
PROTOTYPE	027146	04/16/18	04:58:12	0.4892597695390782	0.4892597695390782	11.28	0.0	3.2291144789579156	3.2291144789579156	11.28	0.25	0.4892597695390782	0.4892597695390782	11.28	0.0	281.0	291.1	825.1	279.41	0	1
PROTOTYPE	027147	04/16/18	04:58:13	0.4892597695390782	0.4892597695390782	11.3	0.0	3.2291144789579156	3.2291144789579156	11.3	0.21	0.4892597695390782	0.4892597695390782	11.3	0.0	280.0	289.43	897.01	207.5	0	1
PROTOTYPE	027148	04/16/18	04:58:14	0.4892597695390782	0.4892597695390782	11.31	0.0	3.2291144789579156	3.2291144789579156	11.31	0.18	0.4892597695390782	0.4892597695390782	11.31	0.0	291.0	289.67	790.92	101.38	0	1
PROTOTYPE	027149	04/16/18	04:58:16	0.4892597695390782	0.4892597695390782	11.3	0.0	3.2291144789579156	3.2291144789579156	11.3	0.15	0.4892597695390782	0.4892597695390782	11.3	0.0	290.0	289.72	670.9	-18.83	0	1
PROTOTYPE	027150	04/16/18	04:58:17	0.4892597695390782	0.4892597695390782	11.31	0.0	3.2291144789579156	3.2291144789579156	11.31	0.13	0.4892597695390782	0.4892597695390782	11.31	0.0	272.0	287.06	845.27	-376.01	0	1
PROTOTYPE	027151	04/16/18	04:58:19	0.4892597695390782	0.4892597695390782	11.32	0.0	3.2291144789579156	3.2291144789579156	11.32	0.11	0.4892597695390782	0.4892597695390782	11.32	0.0	296.0	288.4	961.62	-259.6	0	1
PROTOTYPE	027152	04/16/18	04:58:20	0.4892597695390782	0.4892597695390782	11.31	0.0	3.2291144789579156	3.2291144789579156	11.31	0.09	0.4892597695390782	0.4892597695390782	11.31	0.0	300.0	290.14	1090.55	-130.66	0	1
PROTOTYPE	027153	04/16/18	04:58:21	0.4892597695390782	0.4892597695390782	11.28	0.0	3.2291144789579156	3.2291144789579156	11.28	0.08	0.4892597695390782	0.4892597695390782	11.28	0.0	291.0	290.27	960.22	-261.06	0	1
PROTOTYPE	027154	04/16/18	04:58:23	0.4892597695390782	0.4892597695390782	11.26	0.0	3.2291144789579156	3.2291144789579156	11.26	0.07	0.4892597695390782	0.4892597695390782	11.26	0.0	289.0	290.08	801.1	-101.9	0	1
PROTOTYPE	027155	04/16/18	04:58:24	0.4892597695390782	0.4892597695390782	11.25	0.0	3.2291144789579156	3.2291144789579156	11.25	0.06	0.4892597695390782	0.4892597695390782	11.25	0.0	288.0	289.77	665.84	33.38	0	1
PROTOTYPE	027156	04/16/18	04:58:26	0.4892597695390782	0.4892597695390782	11.27	0.0	3.2291144789579156	3.2291144789579156	11.27	0.05	0.4892597695390782	0.4892597695390782	11.27	0.0	287.0	289.35	683.85	-31.63	0	1
PROTOTYPE	027157	04/16/18	04:58:27	0.4892597695390782	0.4892597695390782	11.28	0.0	3.2291144789579156	3.2291144789579156	11.28	0.04	0.4892597695390782	0.4892597695390782	11.28	0.0	294.0	290.05	748.41	33.12	0	1
PROTOTYPE	027158	04/16/18	04:58:28	0.4892597695390782	0.4892597695390782	11.26	0.0	3.2291144789579156	3.2291144789579156	11.26	0.04	0.4892597695390782	0.4892597695390782	11.26	0.0	299.0	291.39	616.89	433.15	0	1
PROTOTYPE	027159	04/16/18	04:58:30	0.4892597695390782	0.4892597695390782	11.25	0.0	3.2291144789579156	3.2291144789579156	11.25	0.03	0.4892597695390782	0.4892597695390782	11.25	0.0	282.0	289.98	623.68	158.18	0	1
PROTOTYPE	027160	04/16/18	04:58:31	0.4892597695390782	0.4892597695390782	11.27	0.0	3.2291144789579156	3.2291144789579156	11.27	0.03	0.4892597695390782	0.4892597695390782	11.27	0.0	288.0	289.69	479.49	-45.55	0	1
PROTOTYPE	027161	04/16/18	04:58:33	0.4892597695390782	0.4892597695390782	11.28	0.0	3.2291144789579156	3.2291144789579156	11.28	0.02	0.4892597695390782	0.4892597695390782	11.28	0.0	292.0	290.03	501.27	-23.72	0	1
PROTOTYPE	027162	04/16/18	04:58:34	0.4892597695390782	0.4892597695390782	11.31	0.0	3.2291144789579156	3.2291144789579156	11.31	0.02	0.4892597695390782	0.4892597695390782	11.31	0.0	293.0	290.48	526.7	39.84	0	1
PROTOTYPE	027163	04/16/18	04:58:36	0.4892597695390782	0.4892597695390782	11.32	0.0	3.2291144789579156	3.2291144789579156	11.32	0.02	0.4892597695390782	0.4892597695390782	11.32	0.0	283.0	289.36	607.65	-41.14	0	1
PROTOTYPE	027164	04/16/18	04:58:37	0.4892597695390782	0.4892597695390782	11.3	0.0	3.2291144789579156	3.2291144789579156	11.3	0.01	0.4892597695390782	0.4892597695390782	11.3	0.0	297.0	290.5	680.77	115.04	0	1
PROTOTYPE	027165	04/16/18	04:58:38	0.4892597695390782	0.4892597695390782	11.28	0.0	3.2291144789579156	3.2291144789579156	11.28	0.01	0.4892597695390782	0.4892597695390782	11.28	0.0	293.0	290.88	648.53	82.78	0	1
PROTOTYPE	027166	04/16/18	04:58:40	0.4892597695390782	0.4892597695390782	11.29	0.0	3.2291144789579156	3.2291144789579156	11.29	0.01	0.4892597695390782	0.4892597695390782	11.29	0.0	272.0	288.05	797.43	-334.64	0	1
