Dev_id	Index	Date	Time	Sensor1	Sensor1_Filter	Sensor1_LL	Sensor1_Diff	Sensor2	Sensor2_Filter	Sensor2_LL	Sensor2_Diff	Sensor3	Sensor3_Filter	Sensor3_LL	Sensor3_Diff	Sensor4	Sensor4_Filter	Sensor4_LL	Sensor4_Diff	Heater_Status	FSM_Status
PROTOTYPE	027567	04/16/18	05:08:05	0.4892597695390782	0.4892597695390782	11.32	-0.0	3.424818386773547	3.424818386773547	11.32	0.0	0.4892597695390782	0.4892597695390782	11.35	0.81	289.0	292.56	714.12	80.52	0	1
PROTOTYPE	027568	04/16/18	05:08:07	0.4892597695390782	0.4892597695390782	11.31	-0.0	3.424818386773547	3.424818386773547	11.31	0.0	0.4892597695390782	0.4892597695390782	11.33	0.69	288.0	291.88	726.2	68.45	0	1
PROTOTYPE	027569	04/16/18	05:08:08	0.4892597695390782	0.4892597695390782	11.3	-0.0	3.424818386773547	3.424818386773547	11.3	0.0	0.4892597695390782	0.4892597695390782	11.32	0.59	290.0	291.6	727.28	13.18	0	1
PROTOTYPE	027570	04/16/18	05:08:09	0.4892597695390782	0.4892597695390782	11.32	-0.0	3.424818386773547	3.424818386773547	11.32	0.0	0.4892597695390782	0.4892597695390782	11.33	0.5	286.0	290.76	758.19	-123.8	0	1
PROTOTYPE	027571	04/16/18	05:08:11	0.4892597695390782	0.4892597695390782	11.35	-0.0	3.424818386773547	3.424818386773547	11.35	0.0	0.4892597695390782	0.4892597695390782	11.36	0.42	288.0	290.34	679.49	-285.23	0	1
PROTOTYPE	027572	04/16/18	05:08:12	0.4892597695390782	0.4892597695390782	11.34	-0.0	3.424818386773547	3.424818386773547	11.34	0.0	0.4892597695390782	0.4892597695390782	11.34	0.36	293.0	290.74	572.3	-392.44	0	1
PROTOTYPE	027573	04/16/18	05:08:14	0.4892597695390782	0.4892597695390782	11.34	-0.0	3.424818386773547	3.424818386773547	11.34	0.0	0.4892597695390782	0.4892597695390782	11.34	0.31	295.0	291.38	586.16	-378.58	0	1
PROTOTYPE	027574	04/16/18	05:08:15	0.4892597695390782	0.4892597695390782	11.35	-0.0	3.424818386773547	3.424818386773547	11.35	0.0	0.4892597695390782	0.4892597695390782	11.35	0.26	294.0	291.77	427.97	-141.79	0	1
PROTOTYPE	027575	04/16/18	05:08:16	0.4892597695390782	0.4892597695390782	11.32	-0.0	3.424818386773547	3.424818386773547	11.32	0.0	0.4892597695390782	0.4892597695390782	11.32	0.22	287.0	291.06	436.7	-150.52	0	1
PROTOTYPE	027576	04/16/18	05:08:18	0.4892597695390782	0.4892597695390782	11.32	-0.0	3.424818386773547	3.424818386773547	11.32	0.0	0.4892597695390782	0.4892597695390782	11.32	0.19	286.0	290.3	444.12	-157.94	0	1
PROTOTYPE	027577	04/16/18	05:08:19	0.4892597695390782	0.4892597695390782	11.33	-0.0	3.424818386773547	3.424818386773547	11.33	0.0	0.4892597695390782	0.4892597695390782	11.33	0.16	296.0	291.15	501.44	-44.25	0	1
PROTOTYPE	027578	04/16/18	05:08:21	0.4892597695390782	0.4892597695390782	11.3	-0.0	3.424818386773547	3.424818386773547	11.3	0.0	0.4892597695390782	0.4892597695390782	11.3	0.14	297.0	292.03	505.18	127.39	0	1
PROTOTYPE	027579	04/16/18	05:08:22	0.4892597695390782	0.4892597695390782	11.3	-0.0	3.424818386773547	3.424818386773547	11.3	0.0	0.4892597695390782	0.4892597695390782	11.3	0.12	290.0	291.73	494.29	138.28	0	1
PROTOTYPE	027580	04/16/18	05:08:24	0.4892597695390782	0.4892597695390782	11.31	-0.0	3.424818386773547	3.424818386773547	11.31	0.0	0.4892597695390782	0.4892597695390782	11.31	0.1	302.0	293.27	608.53	252.54	0	1
PROTOTYPE	027581	04/16/18	05:08:25	0.4892597695390782	0.4892597695390782	11.29	-0.0	3.424818386773547	3.424818386773547	11.29	0.0	0.4892597695390782	0.4892597695390782	11.29	0.08	284.0	291.88	683.66	49.66	0	1
PROTOTYPE	027582	04/16/18	05:08:26	0.4892597695390782	0.4892597695390782	11.29	-0.0	3.424818386773547	3.424818386773547	11.29	0.0	0.4892597695390782	0.4892597695390782	11.29	0.07	287.0	291.15	717.52	-62.79	0	1
PROTOTYPE	027583	04/16/18	05:08:28	0.4892597695390782	0.4892597695390782	11.3	-0.0	3.424818386773547	3.424818386773547	11.3	0.0	0.4892597695390782	0.4892597695390782	11.3	0.06	286.0	290.37	723.1	-68.37	0	1
PROTOTYPE	027584	04/16/18	05:08:29	0.4892597695390782	0.4892597695390782	11.31	-0.0	3.424818386773547	3.424818386773547	11.31	0.0	0.4892597695390782	0.4892597695390782	11.31	0.05	297.0	291.37	746.63	106.88	0	1
PROTOTYPE	027585	04/16/18	05:08:31	0.4892597695390782	0.4892597695390782	11.31	-0.0	3.424818386773547	3.424818386773547	11.31	0.0	0.4892597695390782	0.4892597695390782	11.31	0.04	295.0	291.91	715.6	75.85	0	1
PROTOTYPE	027586	04/16/18	05:08:32	0.4892597695390782	0.4892597695390782	11.31	-0.0	3.424818386773547	3.424818386773547	11.31	0.0	0.4892597695390782	0.4892597695390782	11.31	0.04	291.0	291.78	641.66	-25.53	0	1
PROTOTYPE	027587	04/16/18	05:08:33	0.4892597695390782	0.4892597695390782	11.31	-0.0	3.424818386773547	3.424818386773547	11.31	0.0	0.4892597695390782	0.4892597695390782	11.31	0.03	289.0	291.36	652.83	-36.7	0	1
PROTOTYPE	027588	04/16/18	05:08:35	0.4892597695390782	0.4892597695390782	11.31	-0.0	3.424818386773547	3.424818386773547	11.31	0.0	0.4892597695390782	0.4892597695390782	11.31	0.03	298.0	292.36	598.33	-91.19	0	1
PROTOTYPE	027589	04/16/18	05:08:36	0.4892597695390782	0.4892597695390782	11.31	-0.0	3.424818386773547	3.424818386773547	11.31	0.0	0.4892597695390782	0.4892597695390782	11.31	0.02	288.0	291.7	524.66	-17.51	0	1
PROTOTYPE	027590	04/16/18	05:08:38	0.4892597695390782	0.4892597695390782	11.29	-0.0	3.424818386773547	3.424818386773547	11.29	0.0	0.4892597695390782	0.4892597695390782	11.29	0.02	286.0	290.85	537.03	-29.89	0	1
PROTOTYPE	027591	04/16/18	05:08:39	0.4892597695390782	0.4892597695390782	11.28	-0.0	3.424818386773547	3.424818386773547	11.28	0.0	0.4892597695390782	0.4892597695390782	11.28	0.02	294.0	291.32	507.15	94.6	0	1
PROTOTYPE	027592	04/16/18	05:08:40	0.4892597695390782	0.4892597695390782	11.27	-0.0	3.424818386773547	3.424818386773547	11.27	0.0	0.4892597695390782	0.4892597695390782	11.27	0.01	293.0	291.57	432.99	20.41	0	1
PROTOTYPE	027593	04/16/18	05:08:42	0.4892597695390782	0.4892597695390782	11.26	-0.0	3.424818386773547	3.424818386773547	11.26	0.0	0.4892597695390782	0.4892597695390782	11.26	0.01	289.0	291.19	417.09	-72.65	0	1
PROTOTYPE	027594	04/16/18	05:08:43	0.4892597695390782	0.4892597695390782	11.26	-0.0	3.424818386773547	3.424818386773547	11.26	0.0	0.4892597695390782	0.4892597695390782	11.26	0.01	291.0	291.16	406.46	-61.76	0	1
PROTOTYPE	027595	04/16/18	05:08:45	0.4892597695390782	0.4892597695390782	11.24	-0.0	3.424818386773547	3.424818386773547	11.24	0.0	0.4892597695390782	0.4892597695390782	11.24	0.01	288.0	290.68	412.19	-67.49	0	1
PROTOTYPE	027596	04/16/18	05:08:46	0.4892597695390782	0.4892597695390782	11.24	-0.0	3.424818386773547	3.424818386773547	11.24	0.0	0.4892597695390782	0.4892597695390782	11.24	0.01	286.0	289.98	382.85	-237.37	0	1
PROTOTYPE	027597	04/16/18	05:08:48	0.4892597695390782	0.4892597695390782	11.26	-0.0	3.424818386773547	3.424818386773547	11.26	0.0	0.4892597695390782	0.4892597695390782	11.26	0.01	289.0	289.83	332.3	-186.76	0	1
PROTOTYPE	027598	04/16/18	05:08:49	0.4892597695390782	0.4892597695390782	11.26	-0.0	3.424818386773547	3.424818386773547	11.26	0.0	0.4892597695390782	0.4892597695390782	11.26	0.01	300.0	291.36	399.24	51.25	0	1
PROTOTYPE	027599	04/16/18	05:08:50	0.4892597695390782	0.4892597695390782	11.26	-0.0	3.424818386773547	3.424818386773547	11.26	0.0	0.4892597695390782	0.4892597695390782	11.26	0.0	288.0	290.86	402.33	-46.44	0	1
PROTOTYPE	027600	04/16/18	05:08:52	0.4892597695390782	0.4892597695390782	11.26	-0.0	3.424818386773547	3.424818386773547	11.26	0.0	0.4892597695390782	0.4892597695390782	11.26	0.0	292.0	291.03	394.32	-54.47	0	1
PROTOTYPE	027601	04/16/18	05:08:53	0.4892597695390782	0.4892597695390782	11.26	-0.0	3.424818386773547	3.424818386773547	11.26	0.0	0.4892597695390782	0.4892597695390782	11.26	0.0	289.0	290.72	386.15	-46.3	0	1
PROTOTYPE	027602	04/16/18	05:08:55	0.4892597695390782	0.4892597695390782	11.27	-0.0	3.424818386773547	3.424818386773547	11.27	0.0	0.4892597695390782	0.4892597695390782	11.27	0.0	298.0	291.81	492.2	65.64	0	1
PROTOTYPE	027603	04/16/18	05:08:56	0.4892597695390782	0.4892597695390782	11.28	-0.0	3.424818386773547	3.424818386773547	11.28	0.0	0.4892597695390782	0.4892597695390782	11.28	0.0	296.0	292.44	507.6	175.8	0	1
PROTOTYPE	027604	04/16/18	05:08:57	0.4892597695390782	0.4892597695390782	11.29	-0.0	3.424818386773547	3.424818386773547	11.29	0.0	0.4892597695390782	0.4892597695390782	11.29	0.0	296.0	292.98	490.7	299.43	0	1
PROTOTYPE	027605	04/16/18	05:08:59	0.4892597695390782	0.4892597695390782	11.29	-0.0	3.424818386773547	3.424818386773547	11.29	0.0	0.4892597695390782	0.4892597695390782	11.29	0.0	291.0	292.68	505.58	284.51	0	1
PROTOTYPE	027606	04/16/18	05:09:00	0.4892597695390782	0.4892597695390782	11.3	-0.0	3.424818386773547	3.424818386773547	11.3	0.0	0.4892597695390782	0.4892597695390782	11.3	0.0	288.0	291.98	423.3	61.84	0	1
PROTOTYPE	027607	04/16/18	05:09:02	0.4892597695390782	0.4892597695390782	11.32	-0.0	3.424818386773547	3.424818386773547	11.32	0.0	0.4892597695390782	0.4892597695390782	11.32	0.0	295.0	292.43	418.25	157.56	0	1
PROTOTYPE	027608	04/16/18	05:09:03	0.4892597695390782	0.4892597695390782	11.31	-0.0	3.424818386773547	3.424818386773547	11.31	0.0	0.4892597695390782	0.4892597695390782	11.31	0.0	295.0	292.82	439.58	178.93	0	1
PROTOTYPE	027609	04/16/18	05:09:04	0.4892597695390782	0.4892597695390782	11.31	-0.0	3.424818386773547	3.424818386773547	11.31	0.0	0.4892597695390782	0.4892597695390782	11.31	0.0	295.0	293.14	441.93	242.09	0	1
PROTOTYPE	027610	04/16/18	05:09:06	0.4892597695390782	0.4892597695390782	11.32	-0.0	3.424818386773547	3.424818386773547	11.32	0.0	0.4892597695390782	0.4892597695390782	11.32	0.0	295.0	293.42	360.64	160.77	0	1
PROTOTYPE	027611	04/16/18	05:09:07	0.4892597695390782	0.4892597695390782	11.31	-0.0	3.424818386773547	3.424818386773547	11.31	0.0	0.4892597695390782	0.4892597695390782	11.31	0.0	294.0	293.51	306.62	106.66	0	1
PROTOTYPE	027612	04/16/18	05:09:09	0.4892597695390782	0.4892597695390782	11.28	-0.0	3.424818386773547	3.424818386773547	11.28	0.0	0.4892597695390782	0.4892597695390782	11.28	0.0	291.0	293.13	290.9	15.66	0	1
PROTOTYPE	027613	04/16/18	05:09:10	0.4892597695390782	0.4892597695390782	11.25	-0.0	3.424818386773547	3.424818386773547	11.25	0.0	0.4892597695390782	0.4892597695390782	11.25	0.0	289.0	292.51	323.23	-16.69	0	1
PROTOTYPE	027614	04/16/18	05:09:11	0.4892597695390782	0.4892597695390782	11.23	0.0	3.424818386773547	3.424818386773547	11.23	0.0	0.4892597695390782	0.4892597695390782	11.23	0.0	294.0	292.74	275.37	75.81	0	1
PROTOTYPE	027615	04/16/18	05:09:13	0.4892597695390782	0.4892597695390782	11.22	0.0	3.424818386773547	3.424818386773547	11.22	0.0	0.4892597695390782	0.4892597695390782	11.22	0.0	295.0	293.08	264.01	64.44	0	1
PROTOTYPE	027616	04/16/18	05:09:14	0.4892597695390782	0.4892597695390782	11.23	0.0	3.424818386773547	3.424818386773547	11.23	0.0	0.4892597695390782	0.4892597695390782	11.23	0.0	298.0	293.81	299.33	99.78	0	1
PROTOTYPE	027617	04/16/18	05:09:16	0.4892597695390782	0.4892597695390782	11.26	0.0	3.424818386773547	3.424818386773547	11.26	0.0	0.4892597695390782	0.4892597695390782	11.26	0.0	296.0	294.14	299.37	99.81	0	1
PROTOTYPE	027618	04/16/18	05:09:17	0.4892597695390782	0.4892597695390782	11.24	0.0	3.424818386773547	3.424818386773547	11.24	0.0	0.4892597695390782	0.4892597695390782	11.24	0.0	295.0	294.27	284.43	84.84	0	1
PROTOTYPE	027619	04/16/18	05:09:19	0.4892597695390782	0.4892597695390782	11.27	0.0	3.424818386773547	3.424818386773547	11.27	0.0	0.4892597695390782	0.4892597695390782	11.27	0.0	288.0	293.33	369.73	-17.89	0	1
PROTOTYPE	027620	04/16/18	05:09:20	0.4892597695390782	0.4892597695390782	11.3	0.0	3.424818386773547	3.424818386773547	11.3	0.0	0.4892597695390782	0.4892597695390782	11.3	0.0	300.0	294.33	432.13	119.8	0	1
PROTOTYPE	027621	04/16/18	05:09:21	0.4892597695390782	0.4892597695390782	11.31	0.0	3.424818386773547	3.424818386773547	11.31	0.0	0.4892597695390782	0.4892597695390782	11.31	0.0	287.0	293.23	480.09	71.83	0	1
PROTOTYPE	027622	04/16/18	05:09:23	0.4892597695390782	0.4892597695390782	11.32	0.0	3.424818386773547	3.424818386773547	11.32	0.0	0.4892597695390782	0.4892597695390782	11.32	0.0	279.0	291.1	671.21	-163.95	0	1
PROTOTYPE	027623	04/16/18	05:09:24	0.4892597695390782	0.4892597695390782	11.3	0.0	3.424818386773547	3.424818386773547	11.3	0.0	0.39140781563126253	0.4745819764529058	24.96	-15.0	286.0	290.33	713.67	-274.36	0	1
PROTOTYPE	027624	04/16/18	05:09:26	0.4892597695390782	0.4892597695390782	11.3	0.0	3.424818386773547	3.424818386773547	11.3	0.0	0.4892597695390782	0.4765390155310621	26.21	-12.75	292.0	290.58	664.85	-323.2	0	1
PROTOTYPE	027625	04/16/18	05:09:27	0.4892597695390782	0.4892597695390782	11.27	0.0	3.424818386773547	3.424818386773547	11.27	0.0	0.4892597695390782	0.47849605460921835	27.15	-10.84	293.0	290.94	668.33	-319.72	0	1
PROTOTYPE	027626	04/16/18	05:09:28	0.4892597695390782	0.4892597695390782	11.28	0.0	3.424818386773547	3.424818386773547	11.28	0.0	0.4892597695390782	0.48045309368737477	27.9	-9.21	285.0	290.05	744.57	-421.76	0	1
PROTOTYPE	027627	04/16/18	05:09:30	0.4892597695390782	0.4892597695390782	11.27	0.0	3.424818386773547	3.424818386773547	11.27	0.0	0.4892597695390782	0.48143161322645295	28.45	-7.83	292.0	290.35	679.73	-298.5	0	1
PROTOTYPE	027628	04/16/18	05:09:31	0.4892597695390782	0.4892597695390782	11.25	0.0	3.424818386773547	3.424818386773547	11.25	0.0	0.4892597695390782	0.482410132765531	28.86	-6.66	296.0	291.19	664.51	-313.72	0	1
PROTOTYPE	027629	04/16/18	05:09:33	0.4892597695390782	0.4892597695390782	11.26	0.0	3.424818386773547	3.424818386773547	11.26	0.0	0.4892597695390782	0.48338865230460926	29.18	-5.66	285.0	290.26	647.45	-296.67	0	1
PROTOTYPE	027630	04/16/18	05:09:34	0.4892597695390782	0.4892597695390782	11.26	0.0	3.424818386773547	3.424818386773547	11.26	0.0	0.4892597695390782	0.48436717184368744	29.42	-4.81	286.0	289.62	497.96	-147.17	0	1
PROTOTYPE	027631	04/16/18	05:09:35	0.4892597695390782	0.4892597695390782	11.27	0.0	3.424818386773547	3.424818386773547	11.27	0.0	0.4892597695390782	0.4853456913827655	15.94	10.91	290.0	289.68	427.31	-65.09	0	1
PROTOTYPE	027632	04/16/18	05:09:37	0.4892597695390782	0.4892597695390782	11.27	0.0	3.424818386773547	3.424818386773547	11.27	0.0	0.4892597695390782	0.4863242109218437	14.82	9.28	294.0	290.33	467.05	-25.33	0	1
PROTOTYPE	027633	04/16/18	05:09:38	0.4892597695390782	0.4892597695390782	11.27	0.0	3.424818386773547	3.424818386773547	11.27	0.0	0.4892597695390782	0.4863242109218437	13.95	7.88	289.0	290.13	450.73	-81.53	0	1
PROTOTYPE	027634	04/16/18	05:09:40	0.4892597695390782	0.4892597695390782	11.26	0.0	3.424818386773547	3.424818386773547	11.26	0.0	0.4892597695390782	0.4863242109218437	13.26	6.7	294.0	290.71	419.63	65.7	0	1
PROTOTYPE	027635	04/16/18	05:09:41	0.4892597695390782	0.4892597695390782	11.25	0.0	3.424818386773547	3.424818386773547	11.25	0.0	0.4892597695390782	0.48730273046092193	12.74	5.7	281.0	289.25	536.05	-109.15	0	1
PROTOTYPE	027636	04/16/18	05:09:42	0.4892597695390782	0.4892597695390782	11.25	0.0	3.424818386773547	3.424818386773547	11.25	0.0	0.4892597695390782	0.48730273046092193	12.35	4.84	289.0	289.22	455.26	-197.78	0	1
PROTOTYPE	027637	04/16/18	05:09:44	0.4892597695390782	0.4892597695390782	11.26	0.0	3.424818386773547	3.424818386773547	11.26	0.0	0.4892597695390782	0.48730273046092193	12.07	4.12	285.0	288.58	425.6	-168.11	0	1
PROTOTYPE	027638	04/16/18	05:09:45	0.4892597695390782	0.4892597695390782	11.26	0.0	3.424818386773547	3.424818386773547	11.26	0.0	0.4892597695390782	0.48828125	11.85	3.5	299.0	290.15	517.88	52.1	0	1
PROTOTYPE	027639	04/16/18	05:09:47	0.4892597695390782	0.4892597695390782	11.26	0.0	3.424818386773547	3.424818386773547	11.26	0.0	0.4892597695390782	0.48828125	11.69	2.97	285.0	289.37	589.27	-30.71	0	1
PROTOTYPE	027640	04/16/18	05:09:48	0.4892597695390782	0.4892597695390782	11.26	0.0	3.424818386773547	3.424818386773547	11.26	0.0	0.4892597695390782	0.48828125	11.57	2.53	298.0	290.67	653.87	33.89	0	1
PROTOTYPE	027641	04/16/18	05:09:50	0.4892597695390782	0.4892597695390782	11.24	0.0	3.424818386773547	3.424818386773547	11.24	0.0	0.4892597695390782	0.48828125	11.47	2.15	289.0	290.42	658.95	28.81	0	1
PROTOTYPE	027642	04/16/18	05:09:51	0.4892597695390782	0.4892597695390782	11.25	0.0	3.424818386773547	3.424818386773547	11.25	0.0	0.4892597695390782	0.48828125	11.41	1.83	283.0	289.3	712.15	-140.51	0	1
PROTOTYPE	027643	04/16/18	05:09:52	0.4892597695390782	0.4892597695390782	11.25	0.0	3.424818386773547	3.424818386773547	11.25	0.0	0.4892597695390782	0.48828125	11.37	1.55	288.0	289.11	586.11	-14.43	0	1
PROTOTYPE	027644	04/16/18	05:09:54	0.4892597695390782	0.4892597695390782	11.25	0.0	3.424818386773547	3.424818386773547	11.25	0.0	0.4892597695390782	0.4892597695390782	11.34	1.32	294.0	289.84	655.43	62.73	0	1
PROTOTYPE	027645	04/16/18	05:09:55	0.4892597695390782	0.4892597695390782	11.24	0.0	3.424818386773547	3.424818386773547	11.24	0.0	0.4892597695390782	0.4892597695390782	11.3	1.12	286.0	289.27	649.85	68.32	0	1
PROTOTYPE	027646	04/16/18	05:09:57	0.4892597695390782	0.4892597695390782	11.25	0.0	3.424818386773547	3.424818386773547	11.25	-0.0	0.4892597695390782	0.4892597695390782	11.29	0.95	294.0	289.98	564.61	-16.93	0	1
PROTOTYPE	027647	04/16/18	05:09:58	0.4892597695390782	0.4892597695390782	11.26	0.0	3.424818386773547	3.424818386773547	11.26	-0.0	0.4892597695390782	0.4892597695390782	11.29	0.81	301.0	291.63	652.77	225.61	0	1
PROTOTYPE	027648	04/16/18	05:09:59	0.4892597695390782	0.4892597695390782	11.27	0.0	3.424818386773547	3.424818386773547	11.27	-0.0	0.4892597695390782	0.4892597695390782	11.29	0.69	296.0	292.29	588.93	161.77	0	1
PROTOTYPE	027649	04/16/18	05:10:01	0.4892597695390782	0.4892597695390782	11.28	0.0	3.424818386773547	3.424818386773547	11.28	-0.0	0.4892597695390782	0.4892597695390782	11.3	0.59	272.0	289.24	868.16	-117.5	0	1
PROTOTYPE	027650	04/16/18	05:10:02	0.4892597695390782	0.4892597695390782	11.29	0.0	3.424818386773547	3.424818386773547	11.29	-0.0	0.4892597695390782	0.4892597695390782	11.3	0.5	282.0	288.16	865.54	-114.87	0	1
PROTOTYPE	027651	04/16/18	05:10:04	0.4892597695390782	0.4892597695390782	11.28	0.0	3.424818386773547	3.424818386773547	11.28	-0.0	0.4892597695390782	0.4892597695390782	11.29	0.42	280.0	286.93	968.26	-217.64	0	1
PROTOTYPE	027652	04/16/18	05:10:05	0.4892597695390782	0.4892597695390782	11.29	0.0	3.424818386773547	3.424818386773547	11.29	-0.0	0.4892597695390782	0.4892597695390782	11.29	0.36	306.0	289.79	1180.9	-4.99	0	1
PROTOTYPE	027653	04/16/18	05:10:06	0.4892597695390782	0.4892597695390782	11.28	0.0	3.424818386773547	3.424818386773547	11.28	-0.0	0.4892597695390782	0.4892597695390782	11.28	0.31	283.0	288.77	1225.14	-49.25	0	1
PROTOTYPE	027654	04/16/18	05:10:08	0.4892597695390782	0.4892597695390782	11.28	0.0	3.424818386773547	3.424818386773547	11.28	-0.0	0.4892597695390782	0.4892597695390782	11.28	0.26	278.0	287.16	1315.74	-281.86	0	1
PROTOTYPE	027655	04/16/18	05:10:09	0.4892597695390782	0.4892597695390782	11.28	0.0	3.424818386773547	3.424818386773547	11.28	-0.0	0.4892597695390782	0.4892597695390782	11.28	0.22	286.0	286.98	1167.81	-464.58	0	1
PROTOTYPE	027656	04/16/18	05:10:11	0.4892597695390782	0.4892597695390782	11.27	0.0	3.424818386773547	3.424818386773547	11.27	-0.0	0.4892597695390782	0.4892597695390782	11.27	0.19	296.0	288.34	1237.49	-394.89	0	1
PROTOTYPE	027657	04/16/18	05:10:12	0.4892597695390782	0.4892597695390782	11.31	0.0	3.424818386773547	3.424818386773547	11.31	-0.0	0.4892597695390782	0.4892597695390782	11.31	0.16	300.0	290.09	1108.16	84.34	0	1
PROTOTYPE	027658	04/16/18	05:10:14	0.4892597695390782	0.4892597695390782	11.29	0.0	3.424818386773547	3.424818386773547	11.29	-0.0	0.4892597695390782	0.4892597695390782	11.29	0.14	293.0	290.52	1043.24	236.69	0	1
PROTOTYPE	027659	04/16/18	05:10:15	0.4892597695390782	0.4892597695390782	11.3	0.0	3.424818386773547	3.424818386773547	11.3	-0.0	0.4892597695390782	0.4892597695390782	11.3	0.12	289.0	290.29	943.78	336.19	0	1
PROTOTYPE	027660	04/16/18	05:10:16	0.4892597695390782	0.4892597695390782	11.3	0.0	3.424818386773547	3.424818386773547	11.3	-0.0	0.4892597695390782	0.4892597695390782	11.3	0.1	283.0	289.2	767.2	-59.24	0	1
PROTOTYPE	027661	04/16/18	05:10:18	0.4892597695390782	0.4892597695390782	11.31	0.0	3.424818386773547	3.424818386773547	11.31	-0.0	0.4892597695390782	0.4892597695390782	11.31	0.08	289.0	289.17	668.62	39.64	0	1
PROTOTYPE	027662	04/16/18	05:10:19	0.4892597695390782	0.4892597695390782	11.31	0.0	3.424818386773547	3.424818386773547	11.31	-0.0	0.4892597695390782	0.4892597695390782	11.31	0.07	280.0	287.79	644.57	63.7	0	1
PROTOTYPE	027663	04/16/18	05:10:21	0.4892597695390782	0.4892597695390782	11.28	0.0	3.424818386773547	3.424818386773547	11.28	-0.0	0.4892597695390782	0.4892597695390782	11.28	0.06	294.0	288.73	720.23	174.14	0	1
PROTOTYPE	027664	04/16/18	05:10:22	0.4892597695390782	0.4892597695390782	11.28	0.0	3.424818386773547	3.424818386773547	11.28	-0.0	0.4892597695390782	0.4892597695390782	11.28	0.05	296.0	289.82	694.11	148.02	0	1
PROTOTYPE	027665	04/16/18	05:10:23	0.4892597695390782	0.4892597695390782	11.26	0.0	3.424818386773547	3.424818386773547	11.26	-0.0	0.4892597695390782	0.4892597695390782	11.26	0.04	290.0	289.84	522.24	-24.18	0	1
PROTOTYPE	027666	04/16/18	05:10:25	0.4892597695390782	0.4892597695390782	11.27	0.0	3.424818386773547	3.424818386773547	11.27	-0.0	0.4892597695390782	0.4892597695390782	11.27	0.04	296.0	290.77	570.86	24.45	0	1
PROTOTYPE	027667	04/16/18	05:10:26	0.4892597695390782	0.4892597695390782	11.28	0.0	3.424818386773547	3.424818386773547	11.28	-0.0	0.4892597695390782	0.4892597695390782	11.28	0.03	287.0	290.2	604.5	-9.22	0	1
PROTOTYPE	027668	04/16/18	05:10:28	0.4892597695390782	0.4892597695390782	11.26	0.0	3.424818386773547	3.424818386773547	11.26	-0.0	0.4892597695390782	0.4892597695390782	11.26	0.03	295.0	290.92	567.05	172.16	0	1
PROTOTYPE	027669	04/16/18	05:10:29	0.4892597695390782	0.4892597695390782	11.27	0.0	3.424818386773547	3.424818386773547	11.27	-0.0	0.4892597695390782	0.4892597695390782	11.27	0.02	296.0	291.68	639.91	251.34	0	1
PROTOTYPE	027670	04/16/18	05:10:30	0.4892597695390782	0.4892597695390782	11.26	0.0	3.424818386773547	3.424818386773547	11.26	-0.0	0.4892597695390782	0.4892597695390782	11.26	0.02	290.0	291.43	527.64	363.64	0	1
PROTOTYPE	027671	04/16/18	05:10:32	0.4892597695390782	0.4892597695390782	11.28	0.0	3.424818386773547	3.424818386773547	11.28	-0.0	0.4892597695390782	0.4892597695390782	11.28	0.02	301.0	292.87	578.09	414.09	0	1
PROTOTYPE	027672	04/16/18	05:10:33	0.4892597695390782	0.4892597695390782	11.3	0.0	3.424818386773547	3.424818386773547	11.3	-0.0	0.4892597695390782	0.4892597695390782	11.3	0.01	283.0	291.39	616.97	156.98	0	1
PROTOTYPE	027673	04/16/18	05:10:35	0.4892597695390782	0.4892597695390782	11.28	0.0	3.424818386773547	3.424818386773547	11.28	-0.0	0.4892597695390782	0.4892597695390782	11.28	0.01	300.0	292.68	743.09	283.43	0	1
PROTOTYPE	027674	04/16/18	05:10:36	0.4892597695390782	0.4892597695390782	11.26	0.0	3.522670340681363	3.4394961798597192	24.93	15.0	0.4892597695390782	0.4892597695390782	11.26	0.01	285.0	291.53	765.93	75.92	0	1
PROTOTYPE	027675	04/16/18	05:10:37	0.4892597695390782	0.4892597695390782	11.26	0.0	3.424818386773547	3.4375391407815634	26.17	12.75	0.4892597695390782	0.4892597695390782	11.26	0.01	292.0	291.6	716.63	139.53	0	1
PROTOTYPE	027676	04/16/18	05:10:39	0.4892597695390782	0.4892597695390782	11.26	0.0	3.522670340681363	3.4502598947895793	37.94	25.84	0.4892597695390782	0.4892597695390782	11.26	0.01	302.0	293.16	800.7	223.6	0	1
PROTOTYPE	027677	04/16/18	05:10:40	0.4892597695390782	0.4892597695390782	11.24	0.0	3.522670340681363	3.461023609719439	47.73	36.96	0.4892597695390782	0.4892597695390782	11.24	0.01	294.0	293.28	737.22	160.06	0	1
PROTOTYPE	027678	04/16/18	05:10:42	0.4892597695390782	0.4892597695390782	11.25	0.0	3.424818386773547	3.45515249248497	52.05	31.42	0.4892597695390782	0.4892597695390782	11.25	0.01	293.0	293.24	716.42	181.05	0	1
PROTOTYPE	027679	04/16/18	05:10:43	0.4892597695390782	0.4892597695390782	11.24	0.0	3.522670340681363	3.4659162074148298	61.02	41.7	0.4892597695390782	0.4892597695390782	11.24	0.0	289.0	292.61	636.52	-26.11	0	1
PROTOTYPE	027680	04/16/18	05:10:44	0.4892597695390782	0.4892597695390782	11.23	0.0	3.522670340681363	3.4737443637274548	68.46	50.45	0.4892597695390782	0.4892597695390782	11.23	0.0	283.0	291.16	632.6	-22.19	0	1
PROTOTYPE	027681	04/16/18	05:10:46	0.4892597695390782	0.4892597695390782	11.23	0.0	3.522670340681363	3.4815725200400798	74.62	57.88	0.4892597695390782	0.4892597695390782	11.23	0.0	293.0	291.44	530.96	-123.86	0	1
PROTOTYPE	027682	04/16/18	05:10:47	0.4892597695390782	0.4892597695390782	11.26	0.0	3.522670340681363	3.487443637274549	66.03	49.2	0.4892597695390782	0.4892597695390782	11.26	0.0	295.0	291.97	469.19	44.72	0	1
PROTOTYPE	027683	04/16/18	05:10:49	0.4892597695390782	0.4892597695390782	11.24	0.0	3.424818386773547	3.4786369614228456	73.1	41.82	0.4892597695390782	0.4892597695390782	11.24	0.0	288.0	291.38	521.58	-21.99	0	1
PROTOTYPE	027684	04/16/18	05:10:50	0.4892597695390782	0.4892597695390782	11.24	0.0	3.424818386773547	3.4698302855711427	68.25	20.55	0.4892597695390782	0.4892597695390782	11.24	0.0	291.0	291.32	371.38	-183.69	0	1
PROTOTYPE	027685	04/16/18	05:10:51	0.4892597695390782	0.4892597695390782	11.23	0.0	3.522670340681363	3.4776584418837677	65.2	17.46	0.4892597695390782	0.4892597695390782	11.23	0.0	297.0	292.17	443.86	-111.14	0	1
PROTOTYPE	027686	04/16/18	05:10:53	0.4892597695390782	0.4892597695390782	11.21	0.0	3.522670340681363	3.4845080786573144	66.45	29.84	0.4892597695390782	0.4892597695390782	11.21	0.0	288.0	291.55	501.98	-169.47	0	1
PROTOTYPE	027687	04/16/18	05:10:54	0.4892597695390782	0.4892597695390782	11.23	0.0	3.522670340681363	3.4903791958917836	62.05	25.37	0.4892597695390782	0.4892597695390782	11.23	0.0	284.0	290.41	551.56	-219.05	0	1
PROTOTYPE	027688	04/16/18	05:10:56	0.4892597695390782	0.4892597695390782	11.24	0.0	3.424818386773547	3.4805940005010023	63.35	6.56	0.4892597695390782	0.4892597695390782	11.24	0.0	297.0	291.4	506.25	23.81	0	1
PROTOTYPE	027689	04/16/18	05:10:57	0.4892597695390782	0.4892597695390782	11.25	0.0	3.522670340681363	3.4864651177354715	62.39	5.58	0.4892597695390782	0.4892597695390782	11.25	0.0	280.0	289.69	649.73	-174.76	0	1
PROTOTYPE	027690	04/16/18	05:10:59	0.4892597695390782	0.4892597695390782	11.23	0.0	3.522670340681363	3.49233623496994	61.57	4.74	0.4892597695390782	0.4892597695390782	11.23	0.0	293.0	290.19	645.95	-178.55	0	1
PROTOTYPE	027691	04/16/18	05:11:00	0.4892597695390782	0.4892597695390782	11.24	0.0	3.522670340681363	3.497228832665331	56.71	19.03	0.4892597695390782	0.4892597695390782	11.24	0.0	288.0	289.86	619.18	-151.77	0	1
PROTOTYPE	027692	04/16/18	05:11:01	0.5871117234468938	0.5039375626252506	24.91	15.0	3.522670340681363	3.5011429108216436	52.61	31.18	0.4892597695390782	0.4892597695390782	11.27	0.0	298.0	291.08	735.45	-24.0	0	1
PROTOTYPE	027693	04/16/18	05:11:03	0.4892597695390782	0.5019805235470942	26.18	12.75	3.522670340681363	3.5040784694388782	48.11	26.5	0.4892597695390782	0.4892597695390782	11.3	0.0	293.0	291.37	679.07	-80.4	0	1
PROTOTYPE	027694	04/16/18	05:11:04	0.4892597695390782	0.5000234844689379	27.16	10.84	3.522670340681363	3.5070140280561124	44.31	22.52	0.4892597695390782	0.4892597695390782	11.31	0.0	293.0	291.61	640.97	6.66	0	1
PROTOTYPE	027695	04/16/18	05:11:06	0.4892597695390782	0.4980664453907815	27.9	9.21	3.522670340681363	3.5089710671342687	41.14	19.15	0.4892597695390782	0.4892597695390782	11.3	0.0	284.0	290.47	641.97	5.66	0	1
PROTOTYPE	027696	04/16/18	05:11:07	0.4892597695390782	0.4970879258517034	28.44	7.83	3.522670340681363	3.510928106212425	33.48	31.27	0.4892597695390782	0.4892597695390782	11.28	0.0	281.0	289.05	685.26	-235.19	0	1
PROTOTYPE	027697	04/16/18	05:11:08	0.4892597695390782	0.49610940631262535	28.87	6.66	3.522670340681363	3.5128851452905807	29.14	26.58	0.4892597695390782	0.4892597695390782	11.29	0.0	294.0	289.79	588.46	10.09	0	1
PROTOTYPE	027698	04/16/18	05:11:10	0.4892597695390782	0.49513088677354705	29.19	5.66	3.424818386773547	3.5001643912825657	37.06	7.6	0.4892597695390782	0.4892597695390782	11.29	0.0	294.0	290.42	601.95	23.58	0	1
PROTOTYPE	027699	04/16/18	05:11:11	0.4892597695390782	0.4941523672344689	29.43	4.81	3.522670340681363	3.5030999498997994	35.99	6.46	0.4892597695390782	0.4892597695390782	11.29	0.0	278.0	288.56	755.46	-129.96	0	1
PROTOTYPE	027700	04/16/18	05:11:13	0.4892597695390782	0.49317384769539074	15.94	-10.91	3.522670340681363	3.506035508517034	35.08	5.49	0.4892597695390782	0.4892597695390782	11.27	0.0	296.0	289.68	744.95	-140.47	0	1
PROTOTYPE	027701	04/16/18	05:11:14	0.4892597695390782	0.4921953281563127	14.82	-9.28	3.522670340681363	3.5089710671342687	34.34	4.66	0.4892597695390782	0.4892597695390782	11.26	0.0	287.0	289.28	756.31	-209.4	0	1
PROTOTYPE	027702	04/16/18	05:11:15	0.4892597695390782	0.4921953281563127	13.94	-7.88	3.522670340681363	3.510928106212425	33.73	3.96	0.4892597695390782	0.4892597695390782	11.26	0.0	287.0	288.93	765.96	-267.99	0	1
PROTOTYPE	027703	04/16/18	05:11:17	0.4892597695390782	0.4921953281563127	13.26	-6.7	3.522670340681363	3.5128851452905807	33.23	3.37	0.4892597695390782	0.4892597695390782	11.25	0.0	295.0	289.84	742.75	-62.79	0	1
PROTOTYPE	027704	04/16/18	05:11:18	0.4892597695390782	0.4912168086172345	12.74	-5.7	3.522670340681363	3.513863664829659	32.83	2.86	0.4892597695390782	0.4892597695390782	11.25	0.0	299.0	291.22	738.02	216.63	0	1
PROTOTYPE	027705	04/16/18	05:11:20	0.4892597695390782	0.4912168086172345	12.33	-4.84	3.522670340681363	3.514842184368738	32.5	2.43	0.4892597695390782	0.4892597695390782	11.23	0.0	297.0	292.08	750.52	229.14	0	1
PROTOTYPE	027706	04/16/18	05:11:21	0.4892597695390782	0.4912168086172345	12.04	-4.12	3.522670340681363	3.5167992234468937	20.72	17.07	0.4892597695390782	0.4892597695390782	11.23	0.0	297.0	292.82	761.15	239.76	0	1
PROTOTYPE	027707	04/16/18	05:11:22	0.4892597695390782	0.49023828907815625	11.81	-3.5	3.522670340681363	3.5177777429859725	18.62	14.51	0.4892597695390782	0.4892597695390782	11.22	0.0	277.0	290.45	812.11	188.8	0	1
PROTOTYPE	027708	04/16/18	05:11:24	0.4892597695390782	0.49023828907815625	11.65	-2.97	3.522670340681363	3.5177777429859725	16.94	12.33	0.4892597695390782	0.4892597695390782	11.22	0.0	281.0	289.03	842.25	-64.52	0	1
PROTOTYPE	027709	04/16/18	05:11:25	0.4892597695390782	0.49023828907815625	11.52	-2.53	3.522670340681363	3.51875626252505	15.59	10.48	0.4892597695390782	0.4892597695390782	11.21	0.0	292.0	289.48	846.63	20.16	0	1
PROTOTYPE	027710	04/16/18	05:11:27	0.4892597695390782	0.49023828907815625	11.44	-2.15	3.522670340681363	3.5197347820641283	14.54	8.91	0.4892597695390782	0.4892597695390782	11.21	0.0	296.0	290.46	910.34	152.13	0	1
PROTOTYPE	027711	04/16/18	05:11:28	0.4892597695390782	0.49023828907815625	11.36	-1.83	3.522670340681363	3.5197347820641283	13.71	7.57	0.4892597695390782	0.4892597695390782	11.2	0.0	289.0	290.24	841.2	39.31	0	1
PROTOTYPE	027712	04/16/18	05:11:29	0.4892597695390782	0.49023828907815625	11.31	-1.55	3.522670340681363	3.520713301603206	13.06	6.44	0.4892597695390782	0.4892597695390782	11.19	0.0	291.0	290.35	715.38	-86.58	0	1
PROTOTYPE	027713	04/16/18	05:11:31	0.4892597695390782	0.4892597695390782	11.27	-1.32	3.424818386773547	3.506035508517034	25.84	-9.53	0.4892597695390782	0.4892597695390782	11.18	0.0	283.0	289.25	738.91	-283.6	0	1
PROTOTYPE	027714	04/16/18	05:11:32	0.4892597695390782	0.4892597695390782	11.23	-1.12	3.522670340681363	3.5089710671342687	26.95	-8.1	0.4892597695390782	0.4892597695390782	11.17	0.0	292.0	289.66	706.46	-316.06	0	1
PROTOTYPE	027715	04/16/18	05:11:34	0.4892597695390782	0.4892597695390782	11.22	-0.95	3.522670340681363	3.510928106212425	27.84	-6.88	0.4892597695390782	0.4892597695390782	11.18	0.0	299.0	291.06	609.21	61.35	0	1
PROTOTYPE	027716	04/16/18	05:11:35	0.4892597695390782	0.4892597695390782	11.24	-0.81	3.522670340681363	3.5128851452905807	28.56	-5.85	0.4892597695390782	0.4892597695390782	11.21	0.0	286.0	290.3	543.42	127.15	0	1
PROTOTYPE	027717	04/16/18	05:11:37	0.4892597695390782	0.4892597695390782	11.25	-0.69	3.424818386773547	3.4991858717434865	40.5	-19.97	0.4892597695390782	0.4892597695390782	11.23	0.0	286.0	289.66	563.43	18.08	0	1
PROTOTYPE	027718	04/16/18	05:11:38	0.4892597695390782	0.4892597695390782	11.26	-0.59	3.522670340681363	3.5030999498997994	42.83	-16.98	0.4892597695390782	0.4892597695390782	11.24	0.0	287.0	289.26	505.45	-119.63	0	1
PROTOTYPE	027719	04/16/18	05:11:39	0.4892597695390782	0.4892597695390782	11.26	-0.5	3.522670340681363	3.506035508517034	44.71	-14.43	0.4892597695390782	0.4892597695390782	11.25	0.0	287.0	288.92	517.49	-131.69	0	1
PROTOTYPE	027720	04/16/18	05:11:41	0.4892597695390782	0.4892597695390782	11.29	-0.42	3.424818386773547	3.493314754509018	55.75	-27.27	0.4892597695390782	0.4892597695390782	11.28	0.0	291.0	289.23	537.19	-111.94	0	1
PROTOTYPE	027721	04/16/18	05:11:42	0.4892597695390782	0.4892597695390782	11.31	-0.36	3.522670340681363	3.498207352204409	45.71	-8.18	0.4892597695390782	0.4892597695390782	11.31	0.0	279.0	287.7	580.4	-155.15	0	1
PROTOTYPE	027722	04/16/18	05:11:44	0.4892597695390782	0.4892597695390782	11.32	-0.31	3.522670340681363	3.502121430360721	46.84	-6.95	0.4892597695390782	0.4892597695390782	11.32	0.0	294.0	288.64	633.66	-101.87	0	1
PROTOTYPE	027723	04/16/18	05:11:45	0.4892597695390782	0.4892597695390782	11.3	-0.26	3.424818386773547	3.4903791958917836	56.11	-20.91	0.4892597695390782	0.4892597695390782	11.3	0.0	292.0	289.15	543.95	-191.59	0	1
PROTOTYPE	027724	04/16/18	05:11:46	0.4892597695390782	0.4892597695390782	11.28	-0.22	3.522670340681363	3.4952717935871744	58.95	-17.77	0.4892597695390782	0.4892597695390782	11.28	0.0	296.0	290.17	570.82	-12.85	0	1
PROTOTYPE	027725	04/16/18	05:11:48	0.4892597695390782	0.4892597695390782	11.26	-0.19	3.424818386773547	3.4845080786573144	56.31	-15.11	0.4892597695390782	0.4892597695390782	11.26	0.0	289.0	290.0	523.93	34.07	0	1
PROTOTYPE	027726	04/16/18	05:11:49	0.4892597695390782	0.4892597695390782	11.27	-0.16	3.522670340681363	3.4903791958917836	58.47	-12.84	0.4892597695390782	0.4892597695390782	11.27	0.0	284.0	289.1	574.03	-16.04	0	1
PROTOTYPE	027727	04/16/18	05:11:51	0.4892597695390782	0.4892597695390782	11.29	-0.14	3.522670340681363	3.4952717935871744	60.29	-10.91	0.4892597695390782	0.4892597695390782	11.29	0.0	291.0	289.38	568.68	46.37	0	1
PROTOTYPE	027728	04/16/18	05:11:52	0.4892597695390782	0.4892597695390782	11.26	-0.12	3.522670340681363	3.4991858717434865	52.25	5.72	0.4892597695390782	0.4892597695390782	11.26	0.0	284.0	288.58	618.21	-65.59	0	1
PROTOTYPE	027729	04/16/18	05:11:53	0.4892597695390782	0.4892597695390782	11.26	-0.1	3.522670340681363	3.5030999498997994	51.44	4.86	0.4892597695390782	0.4892597695390782	11.26	0.0	299.0	290.14	621.09	244.25	0	1
PROTOTYPE	027730	04/16/18	05:11:55	0.4892597695390782	0.4892597695390782	11.26	-0.08	3.522670340681363	3.506035508517034	50.77	4.14	0.4892597695390782	0.4892597695390782	11.26	0.0	293.0	290.57	569.47	192.61	0	1
PROTOTYPE	027731	04/16/18	05:11:56	0.4892597695390782	0.4892597695390782	11.28	-0.07	3.522670340681363	3.5079925475951903	41.86	18.51	0.4892597695390782	0.4892597695390782	11.28	0.0	287.0	290.03	572.64	88.72	0	1
PROTOTYPE	027732	04/16/18	05:11:58	0.4892597695390782	0.4892597695390782	11.27	-0.06	3.424818386773547	3.4952717935871744	49.55	0.74	0.4892597695390782	0.4892597695390782	11.27	0.0	294.0	290.63	529.34	45.41	0	1
PROTOTYPE	027733	04/16/18	05:11:59	0.4892597695390782	0.4892597695390782	11.3	-0.05	3.522670340681363	3.5001643912825657	43.06	15.63	0.4892597695390782	0.4892597695390782	11.3	0.0	282.0	289.33	641.1	-66.4	0	1
PROTOTYPE	027734	04/16/18	05:12:00	0.4892597695390782	0.4892597695390782	11.28	-0.04	3.522670340681363	3.5030999498997994	40.81	13.28	0.4892597695390782	0.4892597695390782	11.28	0.0	294.0	290.03	621.12	93.56	0	1
PROTOTYPE	027735	04/16/18	05:12:02	0.4892597695390782	0.4892597695390782	11.26	-0.04	3.522670340681363	3.506035508517034	38.94	11.29	0.4892597695390782	0.4892597695390782	11.26	0.0	308.0	292.73	862.05	334.53	0	1
PROTOTYPE	027736	04/16/18	05:12:03	0.4892597695390782	0.4892597695390782	11.28	-0.03	3.424818386773547	3.4942932740480965	47.03	-5.4	0.4892597695390782	0.4892597695390782	11.28	0.0	295.0	293.07	815.38	449.35	0	1
PROTOTYPE	027737	04/16/18	05:12:05	0.4892597695390782	0.4892597695390782	11.28	-0.03	3.522670340681363	3.498207352204409	47.79	-4.59	0.4892597695390782	0.4892597695390782	11.28	0.0	297.0	293.66	717.99	351.95	0	1
PROTOTYPE	027738	04/16/18	05:12:06	0.4892597695390782	0.4892597695390782	11.3	-0.02	3.522670340681363	3.502121430360721	48.44	-3.9	0.4892597695390782	0.4892597695390782	11.3	0.0	283.0	292.06	834.96	149.15	0	1
PROTOTYPE	027739	04/16/18	05:12:08	0.4892597695390782	0.4892597695390782	11.29	-0.02	3.522670340681363	3.5050569889779557	48.96	-3.32	0.4892597695390782	0.4892597695390782	11.29	0.0	292.0	292.05	783.07	201.78	0	1
PROTOTYPE	027740	04/16/18	05:12:09	0.4892597695390782	0.4892597695390782	11.3	-0.02	3.522670340681363	3.5079925475951903	39.14	12.18	0.4892597695390782	0.4892597695390782	11.3	0.0	287.0	291.29	799.34	66.51	0	1
PROTOTYPE	027741	04/16/18	05:12:10	0.4892597695390782	0.4892597695390782	11.29	-0.01	3.522670340681363	3.5099495866733466	37.48	10.35	0.4892597695390782	0.4892597695390782	11.29	0.0	292.0	291.4	680.6	206.54	0	1
PROTOTYPE	027742	04/16/18	05:12:12	0.4892597695390782	0.4892597695390782	11.29	-0.01	3.522670340681363	3.5119066257515033	36.1	8.8	0.4892597695390782	0.4892597695390782	11.29	0.0	283.0	290.14	736.6	10.56	0	1
PROTOTYPE	027743	04/16/18	05:12:13	0.4892597695390782	0.4892597695390782	11.3	-0.01	3.424818386773547	3.4991858717434865	46.22	-7.52	0.4892597695390782	0.4892597695390782	11.3	0.0	297.0	291.17	570.02	-156.03	0	1
PROTOTYPE	027744	04/16/18	05:12:15	0.4892597695390782	0.4892597695390782	11.29	-0.01	3.522670340681363	3.502121430360721	37.6	8.61	0.4892597695390782	0.4892597695390782	11.29	0.0	291.0	291.14	538.82	-192.62	0	1
PROTOTYPE	027745	04/16/18	05:12:16	0.4892597695390782	0.4892597695390782	11.26	-0.01	3.522670340681363	3.5050569889779557	36.38	7.32	0.4892597695390782	0.4892597695390782	11.26	0.0	291.0	291.12	482.4	-253.73	0	1
PROTOTYPE	027746	04/16/18	05:12:17	0.4892597695390782	0.4892597695390782	11.26	-0.01	3.522670340681363	3.5079925475951903	35.38	6.22	0.4892597695390782	0.4892597695390782	11.26	0.0	291.0	291.1	324.82	-95.67	0	1
PROTOTYPE	027747	04/16/18	05:12:19	0.4892597695390782	0.4892597695390782	11.26	-0.01	3.522670340681363	3.5099495866733466	34.55	5.29	0.4892597695390782	0.4892597695390782	11.26	0.0	293.0	291.39	351.64	-66.32	0	1
PROTOTYPE	027748	04/16/18	05:12:20	0.4892597695390782	0.4892597695390782	11.24	-0.0	3.522670340681363	3.5119066257515033	33.87	4.49	0.4892597695390782	0.4892597695390782	11.24	0.0	281.0	289.83	431.68	-146.37	0	1
PROTOTYPE	027749	04/16/18	05:12:22	0.4892597695390782	0.4892597695390782	11.21	-0.0	3.522670340681363	3.513863664829659	33.3	3.82	0.4892597695390782	0.4892597695390782	11.21	0.0	290.0	289.86	423.9	-154.42	0	1
PROTOTYPE	027750	04/16/18	05:12:23	0.4892597695390782	0.4892597695390782	11.21	-0.0	3.522670340681363	3.514842184368738	32.87	3.25	0.4892597695390782	0.4892597695390782	11.21	0.0	283.0	288.83	400.74	-131.25	0	1
PROTOTYPE	027751	04/16/18	05:12:24	0.4892597695390782	0.4892597695390782	11.19	-0.0	3.522670340681363	3.5158207039078153	21.27	17.76	0.4892597695390782	0.4892597695390782	11.19	0.0	283.0	287.95	385.24	-321.57	0	1
PROTOTYPE	027752	04/16/18	05:12:26	0.4892597695390782	0.4892597695390782	11.2	-0.0	3.522670340681363	3.5167992234468937	19.08	15.1	0.4892597695390782	0.4892597695390782	11.2	0.0	305.0	290.51	638.06	-63.33	0	1
PROTOTYPE	027753	04/16/18	05:12:27	0.4892597695390782	0.4892597695390782	11.23	-0.0	3.522670340681363	3.5177777429859725	17.33	12.83	0.4892597695390782	0.4892597695390782	11.23	0.0	292.0	290.73	657.89	-38.83	0	1
PROTOTYPE	027754	04/16/18	05:12:29	0.4892597695390782	0.4892597695390782	11.23	-0.0	3.522670340681363	3.51875626252505	15.92	10.91	0.4892597695390782	0.4892597695390782	11.23	0.0	294.0	291.22	704.59	11.99	0	1
PROTOTYPE	027755	04/16/18	05:12:30	0.4892597695390782	0.4892597695390782	11.23	-0.0	3.522670340681363	3.5197347820641283	14.8	9.27	0.4892597695390782	0.4892597695390782	11.23	0.0	288.0	290.74	724.48	-64.81	0	1
PROTOTYPE	027756	04/16/18	05:12:31	0.4892597695390782	0.4892597695390782	11.23	-0.0	3.522670340681363	3.5197347820641283	13.92	7.88	0.4892597695390782	0.4892597695390782	11.23	0.0	299.0	291.98	692.57	214.92	0	1
PROTOTYPE	027757	04/16/18	05:12:33	0.4892597695390782	0.4892597695390782	11.25	-0.0	3.522670340681363	3.5197347820641283	13.26	6.7	0.4892597695390782	0.4892597695390782	11.25	0.0	297.0	292.73	764.99	287.68	0	1
PROTOTYPE	027758	04/16/18	05:12:34	0.4892597695390782	0.4892597695390782	11.25	-0.0	3.522670340681363	3.520713301603206	12.74	5.69	0.4892597695390782	0.4892597695390782	11.25	0.0	290.0	292.32	703.15	349.53	0	1
PROTOTYPE	027759	04/16/18	05:12:36	0.4892597695390782	0.4892597695390782	11.28	-0.0	3.522670340681363	3.520713301603206	12.38	4.84	0.4892597695390782	0.4892597695390782	11.28	0.0	293.0	292.42	626.0	447.1	0	1
PROTOTYPE	027760	04/16/18	05:12:37	0.4892597695390782	0.4892597695390782	11.27	-0.0	3.522670340681363	3.520713301603206	12.08	4.11	0.4892597695390782	0.4892597695390782	11.27	0.0	280.0	290.56	556.66	5.03	0	1
PROTOTYPE	027761	04/16/18	05:12:38	0.4892597695390782	0.4892597695390782	11.24	-0.0	3.522670340681363	3.5216918211422845	11.83	3.5	0.4892597695390782	0.4892597695390782	11.24	0.0	289.0	290.33	557.71	-40.72	0	1
PROTOTYPE	027762	04/16/18	05:12:40	0.4892597695390782	0.4892597695390782	11.21	-0.0	3.522670340681363	3.5216918211422845	11.64	2.97	0.4892597695390782	0.4892597695390782	11.21	0.0	299.0	291.63	638.8	40.39	0	1
PROTOTYPE	027763	04/16/18	05:12:41	0.4892597695390782	0.4892597695390782	11.23	-0.0	3.522670340681363	3.5216918211422845	11.54	2.53	0.4892597695390782	0.4892597695390782	11.23	0.0	294.0	291.98	626.05	124.33	0	1
PROTOTYPE	027764	04/16/18	05:12:43	0.4892597695390782	0.4892597695390782	11.26	-0.0	3.522670340681363	3.5216918211422845	11.49	2.15	0.4892597695390782	0.4892597695390782	11.26	0.0	279.0	290.04	696.89	-194.32	0	1
PROTOTYPE	027765	04/16/18	05:12:44	0.4892597695390782	0.4892597695390782	11.26	-0.0	3.522670340681363	3.5216918211422845	11.42	1.83	0.4892597695390782	0.4892597695390782	11.26	0.0	286.0	289.43	682.12	-330.17	0	1
PROTOTYPE	027766	04/16/18	05:12:46	0.4892597695390782	0.4892597695390782	11.28	-0.0	3.522670340681363	3.5216918211422845	11.4	1.55	0.4892597695390782	0.4892597695390782	11.28	0.0	293.0	289.97	694.68	-235.65	0	1
