Dev_id	Index	Date	Time	Sensor1	Sensor1_Filter	Sensor1_LL	Sensor1_Diff	Sensor2	Sensor2_Filter	Sensor2_LL	Sensor2_Diff	Sensor3	Sensor3_Filter	Sensor3_LL	Sensor3_Diff	Sensor4	Sensor4_Filter	Sensor4_LL	Sensor4_Diff	Heater_Status	FSM_Status
PROTOTYPE	029967	04/16/18	06:04:33	0.4892597695390782	0.4892597695390782	11.27	-0.0	3.522670340681363	3.5256058992985975	13.95	-7.87	0.4892597695390782	0.4892597695390782	11.27	0.0	290.0	288.17	724.19	4.18	0	1
PROTOTYPE	029968	04/16/18	06:04:34	0.4892597695390782	0.4892597695390782	11.28	-0.0	3.522670340681363	3.5256058992985975	13.28	-6.69	0.4892597695390782	0.4892597695390782	11.28	0.0	297.0	289.49	783.56	63.55	0	1
PROTOTYPE	029969	04/16/18	06:04:36	0.4892597695390782	0.4892597695390782	11.3	-0.0	3.522670340681363	3.524627379759519	12.78	-5.69	0.4892597695390782	0.4892597695390782	11.3	0.0	296.0	290.47	823.37	219.02	0	1
PROTOTYPE	029970	04/16/18	06:04:37	0.4892597695390782	0.4892597695390782	11.31	-0.0	3.522670340681363	3.524627379759519	12.4	-4.83	0.4892597695390782	0.4892597695390782	11.31	0.0	288.0	290.1	639.54	-38.84	0	1
PROTOTYPE	029971	04/16/18	06:04:39	0.4892597695390782	0.4892597695390782	11.31	-0.0	3.522670340681363	3.524627379759519	12.11	-4.11	0.4892597695390782	0.4892597695390782	11.31	0.0	289.0	289.93	618.31	-93.01	0	1
PROTOTYPE	029972	04/16/18	06:04:40	0.4892597695390782	0.4892597695390782	11.29	-0.0	3.522670340681363	3.5236488602204408	11.88	-3.49	0.4892597695390782	0.4892597695390782	11.29	0.0	287.0	289.49	634.34	-109.06	0	1
PROTOTYPE	029973	04/16/18	06:04:42	0.4892597695390782	0.4892597695390782	11.31	-0.0	3.522670340681363	3.5236488602204408	11.74	-2.97	0.4892597695390782	0.4892597695390782	11.31	0.0	288.0	289.27	468.02	57.3	0	1
PROTOTYPE	029974	04/16/18	06:04:43	0.4892597695390782	0.4892597695390782	11.3	-0.0	3.522670340681363	3.5236488602204408	11.61	-2.52	0.4892597695390782	0.4892597695390782	11.3	0.0	278.0	287.58	551.61	-26.29	0	1
PROTOTYPE	029975	04/16/18	06:04:44	0.4892597695390782	0.4892597695390782	11.31	-0.0	3.522670340681363	3.5236488602204408	11.54	-2.14	0.4892597695390782	0.4892597695390782	11.31	0.0	298.0	289.14	675.53	97.65	0	1
PROTOTYPE	029976	04/16/18	06:04:46	0.4892597695390782	0.4892597695390782	11.31	-0.0	3.522670340681363	3.5236488602204408	11.47	-1.82	0.4892597695390782	0.4892597695390782	11.31	0.0	296.0	290.17	645.88	68.0	0	1
PROTOTYPE	029977	04/16/18	06:04:47	0.4892597695390782	0.4892597695390782	11.29	-0.0	3.522670340681363	3.5236488602204408	11.41	-1.55	0.4892597695390782	0.4892597695390782	11.29	0.0	301.0	291.79	710.68	132.8	0	1
PROTOTYPE	029978	04/16/18	06:04:49	0.4892597695390782	0.4892597695390782	11.29	-0.0	3.522670340681363	3.522670340681363	11.37	-1.32	0.4892597695390782	0.4892597695390782	11.29	0.0	298.0	292.73	766.74	262.88	0	1
PROTOTYPE	029979	04/16/18	06:04:50	0.4892597695390782	0.4892597695390782	11.27	-0.0	3.522670340681363	3.522670340681363	11.33	-1.12	0.4892597695390782	0.4892597695390782	11.27	0.0	286.0	291.72	851.12	178.45	0	1
PROTOTYPE	029980	04/16/18	06:04:51	0.4892597695390782	0.4892597695390782	11.29	-0.0	3.522670340681363	3.522670340681363	11.33	-0.95	0.4892597695390782	0.4892597695390782	11.29	0.0	292.0	291.76	811.6	226.68	0	1
PROTOTYPE	029981	04/16/18	06:04:53	0.4892597695390782	0.4892597695390782	11.29	-0.0	3.522670340681363	3.522670340681363	11.32	-0.81	0.4892597695390782	0.4892597695390782	11.29	0.0	299.0	292.85	897.79	357.68	0	1
PROTOTYPE	029982	04/16/18	06:04:54	0.4892597695390782	0.4892597695390782	11.29	-0.0	3.522670340681363	3.522670340681363	11.31	-0.69	0.4892597695390782	0.4892597695390782	11.29	0.0	286.0	291.82	831.45	424.03	0	1
PROTOTYPE	029983	04/16/18	06:04:56	0.4892597695390782	0.4892597695390782	11.29	-0.0	3.522670340681363	3.522670340681363	11.31	-0.58	0.4892597695390782	0.4892597695390782	11.29	0.0	304.0	293.65	857.84	450.42	0	1
PROTOTYPE	029984	04/16/18	06:04:57	0.4892597695390782	0.4892597695390782	11.29	-0.0	3.522670340681363	3.522670340681363	11.3	-0.5	0.4892597695390782	0.4892597695390782	11.29	0.0	293.0	293.55	764.74	337.86	0	1
PROTOTYPE	029985	04/16/18	06:04:58	0.4892597695390782	0.4892597695390782	11.29	-0.0	3.522670340681363	3.522670340681363	11.3	-0.42	0.4892597695390782	0.4892597695390782	11.29	0.0	282.0	291.82	775.53	2.18	0	1
PROTOTYPE	029986	04/16/18	06:05:00	0.4892597695390782	0.4892597695390782	11.32	-0.0	3.522670340681363	3.522670340681363	11.32	-0.36	0.4892597695390782	0.4892597695390782	11.32	0.0	290.0	291.54	709.72	-118.15	0	1
PROTOTYPE	029987	04/16/18	06:05:01	0.4892597695390782	0.4892597695390782	11.33	-0.0	3.522670340681363	3.522670340681363	11.33	-0.3	0.4892597695390782	0.4892597695390782	11.33	0.0	285.0	290.56	707.0	-115.42	0	1
PROTOTYPE	029988	04/16/18	06:05:03	0.4892597695390782	0.4892597695390782	11.31	-0.0	3.522670340681363	3.522670340681363	11.31	-0.26	0.4892597695390782	0.4892597695390782	11.31	0.0	287.0	290.03	755.98	-173.11	0	1
PROTOTYPE	029989	04/16/18	06:05:04	0.4892597695390782	0.4892597695390782	11.28	-0.0	3.522670340681363	3.522670340681363	11.28	-0.22	0.4892597695390782	0.4892597695390782	11.28	0.0	289.0	289.87	662.84	-297.14	0	1
PROTOTYPE	029990	04/16/18	06:05:06	0.4892597695390782	0.4892597695390782	11.27	-0.0	3.522670340681363	3.522670340681363	11.27	-0.19	0.4892597695390782	0.4892597695390782	11.27	0.0	300.0	291.39	712.05	-42.57	0	1
PROTOTYPE	029991	04/16/18	06:05:07	0.4892597695390782	0.4892597695390782	11.25	-0.0	3.522670340681363	3.522670340681363	11.25	-0.16	0.4892597695390782	0.4892597695390782	11.25	0.0	290.0	291.18	550.26	-246.19	0	1
PROTOTYPE	029992	04/16/18	06:05:08	0.4892597695390782	0.4892597695390782	11.25	-0.0	3.522670340681363	3.522670340681363	11.25	-0.14	0.4892597695390782	0.4892597695390782	11.25	0.0	298.0	292.21	642.72	-134.26	0	1
PROTOTYPE	029993	04/16/18	06:05:10	0.4892597695390782	0.4892597695390782	11.25	-0.0	3.522670340681363	3.522670340681363	11.25	-0.12	0.4892597695390782	0.4892597695390782	11.25	0.0	281.0	290.53	637.59	-129.12	0	1
PROTOTYPE	029994	04/16/18	06:05:11	0.4892597695390782	0.4892597695390782	11.23	-0.0	3.522670340681363	3.522670340681363	11.23	-0.1	0.4892597695390782	0.4892597695390782	11.23	0.0	292.0	290.75	632.46	-79.75	0	1
PROTOTYPE	029995	04/16/18	06:05:13	0.4892597695390782	0.4892597695390782	11.24	-0.0	3.522670340681363	3.522670340681363	11.24	-0.08	0.4892597695390782	0.4892597695390782	11.24	0.0	290.0	290.63	545.58	7.21	0	1
PROTOTYPE	029996	04/16/18	06:05:14	0.4892597695390782	0.4892597695390782	11.24	-0.0	3.522670340681363	3.522670340681363	11.24	-0.07	0.4892597695390782	0.4892597695390782	11.24	0.0	291.0	290.69	497.78	66.13	0	1
PROTOTYPE	029997	04/16/18	06:05:15	0.4892597695390782	0.4892597695390782	11.26	-0.0	3.522670340681363	3.522670340681363	11.26	-0.06	0.4892597695390782	0.4892597695390782	11.26	0.0	288.0	290.29	522.66	41.21	0	1
PROTOTYPE	029998	04/16/18	06:05:17	0.4892597695390782	0.4892597695390782	11.26	-0.0	3.522670340681363	3.522670340681363	11.26	-0.05	0.4892597695390782	0.4892597695390782	11.26	0.0	302.0	292.04	546.48	65.03	0	1
PROTOTYPE	029999	04/16/18	06:05:18	0.4892597695390782	0.4892597695390782	11.24	-0.0	3.522670340681363	3.522670340681363	11.24	-0.04	0.4892597695390782	0.4892597695390782	11.24	0.0	286.0	291.14	616.2	-4.73	0	1
PROTOTYPE	030000	04/16/18	06:05:20	0.4892597695390782	0.4892597695390782	11.24	-0.0	3.522670340681363	3.522670340681363	11.24	-0.04	0.4892597695390782	0.4892597695390782	11.24	0.0	289.0	290.82	546.03	-139.02	0	1
PROTOTYPE	030001	04/16/18	06:05:21	0.4892597695390782	0.4892597695390782	11.26	-0.0	3.522670340681363	3.522670340681363	11.26	-0.03	0.4892597695390782	0.4892597695390782	11.26	0.0	294.0	291.29	425.71	76.84	0	1
PROTOTYPE	030002	04/16/18	06:05:22	0.4892597695390782	0.4892597695390782	11.26	-0.0	3.522670340681363	3.522670340681363	11.26	-0.03	0.4892597695390782	0.4892597695390782	11.26	0.0	296.0	292.0	474.15	125.31	0	1
PROTOTYPE	030003	04/16/18	06:05:24	0.4892597695390782	0.4892597695390782	11.25	-0.0	3.522670340681363	3.522670340681363	11.25	-0.02	0.4892597695390782	0.4892597695390782	11.25	0.0	299.0	293.05	567.88	241.51	0	1
PROTOTYPE	030004	04/16/18	06:05:25	0.4892597695390782	0.4892597695390782	11.27	-0.0	3.522670340681363	3.522670340681363	11.27	-0.02	0.4892597695390782	0.4892597695390782	11.27	0.0	291.0	292.74	593.0	205.29	0	1
PROTOTYPE	030005	04/16/18	06:05:27	0.4892597695390782	0.4892597695390782	11.26	-0.0	3.522670340681363	3.522670340681363	11.26	-0.02	0.4892597695390782	0.4892597695390782	11.26	0.0	297.0	293.38	616.52	309.49	0	1
PROTOTYPE	030006	04/16/18	06:05:28	0.4892597695390782	0.4892597695390782	11.25	-0.0	3.522670340681363	3.522670340681363	11.25	-0.01	0.4892597695390782	0.4892597695390782	11.25	0.0	264.0	288.97	881.52	-306.93	0	1
PROTOTYPE	030007	04/16/18	06:05:29	0.4892597695390782	0.4892597695390782	11.28	-0.0	3.522670340681363	3.522670340681363	11.28	-0.01	0.4892597695390782	0.4892597695390782	11.28	0.0	276.0	287.03	985.47	-410.89	0	1
PROTOTYPE	030008	04/16/18	06:05:31	0.4892597695390782	0.4892597695390782	11.29	-0.0	3.522670340681363	3.522670340681363	11.29	-0.01	0.4892597695390782	0.4892597695390782	11.29	0.0	299.0	288.82	1132.98	-199.26	0	1
PROTOTYPE	030009	04/16/18	06:05:32	0.4892597695390782	0.4892597695390782	11.27	-0.0	3.522670340681363	3.522670340681363	11.27	-0.01	0.4892597695390782	0.4892597695390782	11.27	0.0	289.0	288.85	1088.2	-244.37	0	1
PROTOTYPE	030010	04/16/18	06:05:34	0.4892597695390782	0.4892597695390782	11.26	-0.0	3.522670340681363	3.522670340681363	11.26	-0.01	0.4892597695390782	0.4892597695390782	11.26	0.0	293.0	289.47	1079.85	-252.71	0	1
PROTOTYPE	030011	04/16/18	06:05:35	0.4892597695390782	0.4892597695390782	11.28	-0.0	3.522670340681363	3.522670340681363	11.28	-0.01	0.4892597695390782	0.4892597695390782	11.28	0.0	294.0	290.15	1042.76	-289.81	0	1
PROTOTYPE	030012	04/16/18	06:05:37	0.4892597695390782	0.4892597695390782	11.28	-0.0	3.522670340681363	3.522670340681363	11.28	-0.01	0.4892597695390782	0.4892597695390782	11.28	0.0	291.0	290.28	1024.79	-246.34	0	1
PROTOTYPE	030013	04/16/18	06:05:38	0.4892597695390782	0.4892597695390782	11.28	-0.0	3.522670340681363	3.522670340681363	11.28	-0.0	0.4892597695390782	0.4892597695390782	11.28	0.0	299.0	291.59	1091.73	-179.39	0	1
PROTOTYPE	030014	04/16/18	06:05:39	0.4892597695390782	0.4892597695390782	11.29	-0.0	3.522670340681363	3.522670340681363	11.29	-0.0	0.4892597695390782	0.4892597695390782	11.29	0.0	291.0	291.5	659.93	252.52	0	1
PROTOTYPE	030015	04/16/18	06:05:41	0.4892597695390782	0.4892597695390782	11.28	-0.0	3.522670340681363	3.522670340681363	11.28	-0.0	0.4892597695390782	0.4892597695390782	11.28	0.0	279.0	289.62	652.81	259.64	0	1
PROTOTYPE	030016	04/16/18	06:05:42	0.4892597695390782	0.4892597695390782	11.26	-0.0	3.522670340681363	3.522670340681363	11.26	-0.0	0.4892597695390782	0.4892597695390782	11.26	0.0	280.0	288.18	617.59	-64.3	0	1
PROTOTYPE	030017	04/16/18	06:05:44	0.4892597695390782	0.4892597695390782	11.27	-0.0	3.522670340681363	3.522670340681363	11.27	-0.0	0.4892597695390782	0.4892597695390782	11.27	0.0	301.0	290.1	806.89	125.34	0	1
PROTOTYPE	030018	04/16/18	06:05:45	0.4892597695390782	0.4892597695390782	11.27	-0.0	3.522670340681363	3.522670340681363	11.27	-0.0	0.4892597695390782	0.4892597695390782	11.27	0.0	296.0	290.99	833.09	151.54	0	1
PROTOTYPE	030019	04/16/18	06:05:46	0.4892597695390782	0.4892597695390782	11.26	-0.0	3.522670340681363	3.522670340681363	11.26	-0.0	0.4892597695390782	0.4892597695390782	11.26	0.0	288.0	290.54	810.0	38.81	0	1
PROTOTYPE	030020	04/16/18	06:05:48	0.4892597695390782	0.4892597695390782	11.26	-0.0	3.522670340681363	3.522670340681363	11.26	-0.0	0.4892597695390782	0.4892597695390782	11.26	0.0	292.0	290.76	819.15	47.99	0	1
PROTOTYPE	030021	04/16/18	06:05:49	0.4892597695390782	0.4892597695390782	11.26	-0.0	3.522670340681363	3.522670340681363	11.26	-0.0	0.4892597695390782	0.4892597695390782	11.26	0.0	307.0	293.19	931.95	160.79	0	1
PROTOTYPE	030022	04/16/18	06:05:51	0.4892597695390782	0.4892597695390782	11.26	-0.0	3.522670340681363	3.522670340681363	11.26	-0.0	0.4892597695390782	0.4892597695390782	11.26	0.0	301.0	294.37	1040.11	286.67	0	1
PROTOTYPE	030023	04/16/18	06:05:52	0.4892597695390782	0.4892597695390782	11.31	-0.0	3.522670340681363	3.522670340681363	11.31	-0.0	0.4892597695390782	0.4892597695390782	11.31	0.0	278.0	291.91	1098.11	228.67	0	1
PROTOTYPE	030024	04/16/18	06:05:53	0.4892597695390782	0.4892597695390782	11.31	-0.0	3.522670340681363	3.522670340681363	11.31	-0.0	0.4892597695390782	0.4892597695390782	11.31	0.0	296.0	292.52	1015.1	434.37	0	1
PROTOTYPE	030025	04/16/18	06:05:55	0.4892597695390782	0.4892597695390782	11.33	-0.0	3.522670340681363	3.522670340681363	11.33	-0.0	0.4892597695390782	0.4892597695390782	11.33	0.0	288.0	291.85	890.68	174.21	0	1
PROTOTYPE	030026	04/16/18	06:05:56	0.4892597695390782	0.4892597695390782	11.34	-0.0	3.522670340681363	3.522670340681363	11.34	-0.0	0.4892597695390782	0.4892597695390782	11.34	0.0	294.0	292.17	834.57	118.08	0	1
PROTOTYPE	030027	04/16/18	06:05:58	0.4892597695390782	0.4892597695390782	11.34	-0.0	3.522670340681363	3.522670340681363	11.34	-0.0	0.4892597695390782	0.4892597695390782	11.34	0.0	298.0	293.04	877.2	250.37	0	1
PROTOTYPE	030028	04/16/18	06:05:59	0.4892597695390782	0.4892597695390782	11.32	0.0	3.522670340681363	3.522670340681363	11.32	-0.0	0.4892597695390782	0.4892597695390782	11.32	0.0	285.0	291.84	975.91	107.81	0	1
PROTOTYPE	030029	04/16/18	06:06:01	0.4892597695390782	0.4892597695390782	11.34	0.0	3.522670340681363	3.522670340681363	11.34	-0.0	0.4892597695390782	0.4892597695390782	11.34	0.0	292.0	291.86	735.12	-133.36	0	1
PROTOTYPE	030030	04/16/18	06:06:02	0.4892597695390782	0.4892597695390782	11.34	0.0	3.522670340681363	3.522670340681363	11.34	-0.0	0.4892597695390782	0.4892597695390782	11.34	0.0	300.0	293.08	740.12	-128.35	0	1
PROTOTYPE	030031	04/16/18	06:06:03	0.4892597695390782	0.4892597695390782	11.29	0.0	3.522670340681363	3.522670340681363	11.29	-0.0	0.4892597695390782	0.4892597695390782	11.29	0.0	291.0	292.77	525.9	85.9	0	1
PROTOTYPE	030032	04/16/18	06:06:05	0.4892597695390782	0.4892597695390782	11.3	0.0	3.522670340681363	3.522670340681363	11.3	-0.0	0.4892597695390782	0.4892597695390782	11.3	0.0	292.0	292.65	476.18	13.01	0	1
PROTOTYPE	030033	04/16/18	06:06:06	0.4892597695390782	0.4892597695390782	11.29	0.0	3.522670340681363	3.522670340681363	11.29	-0.0	0.4892597695390782	0.4892597695390782	11.29	0.0	288.0	291.96	478.13	11.06	0	1
PROTOTYPE	030034	04/16/18	06:06:08	0.4892597695390782	0.4892597695390782	11.28	0.0	3.522670340681363	3.522670340681363	11.28	-0.0	0.4892597695390782	0.4892597695390782	11.28	0.0	294.0	292.26	476.47	9.4	0	1
PROTOTYPE	030035	04/16/18	06:06:09	0.4892597695390782	0.4892597695390782	11.26	0.0	3.522670340681363	3.522670340681363	11.26	-0.0	0.39140781563126253	0.4745819764529058	24.93	-15.0	276.0	289.82	632.94	-322.01	0	1
PROTOTYPE	030036	04/16/18	06:06:10	0.4892597695390782	0.4892597695390782	11.26	0.0	3.522670340681363	3.522670340681363	11.26	-0.0	0.4892597695390782	0.4765390155310621	26.18	-12.75	285.0	289.1	584.64	-273.71	0	1
PROTOTYPE	030037	04/16/18	06:06:12	0.4892597695390782	0.4892597695390782	11.27	0.0	3.522670340681363	3.522670340681363	11.27	-0.0	0.4892597695390782	0.47849605460921835	27.15	-10.84	285.0	288.48	643.33	-337.65	0	1
PROTOTYPE	030038	04/16/18	06:06:13	0.4892597695390782	0.4892597695390782	11.27	0.0	3.522670340681363	3.522670340681363	11.27	-0.0	0.4892597695390782	0.48045309368737477	27.89	-9.21	290.0	288.71	544.01	-437.0	0	1
PROTOTYPE	030039	04/16/18	06:06:15	0.4892597695390782	0.4892597695390782	11.27	0.0	3.522670340681363	3.522670340681363	11.27	-0.0	0.4892597695390782	0.48143161322645295	28.46	-7.83	277.0	286.96	688.43	-581.45	0	1
PROTOTYPE	030040	04/16/18	06:06:16	0.4892597695390782	0.4892597695390782	11.26	0.0	3.522670340681363	3.522670340681363	11.26	-0.0	0.4892597695390782	0.482410132765531	28.87	-6.66	289.0	287.26	707.5	-539.23	0	1
PROTOTYPE	030041	04/16/18	06:06:17	0.4892597695390782	0.4892597695390782	11.27	0.0	3.522670340681363	3.522670340681363	11.27	-0.0	0.4892597695390782	0.48338865230460926	29.2	-5.66	288.0	287.37	648.83	-458.35	0	1
PROTOTYPE	030042	04/16/18	06:06:19	0.4892597695390782	0.4892597695390782	11.28	0.0	3.522670340681363	3.522670340681363	11.28	-0.0	0.4892597695390782	0.48436717184368744	29.44	-4.81	283.0	286.72	683.75	-554.6	0	1
PROTOTYPE	030043	04/16/18	06:06:20	0.4892597695390782	0.4892597695390782	11.31	0.0	3.522670340681363	3.522670340681363	11.31	-0.0	0.4892597695390782	0.4853456913827655	15.97	10.91	295.0	287.96	564.06	-186.41	0	1
PROTOTYPE	030044	04/16/18	06:06:22	0.4892597695390782	0.4892597695390782	11.33	0.0	3.522670340681363	3.522670340681363	11.33	-0.0	0.4892597695390782	0.4863242109218437	14.87	9.28	297.0	289.32	627.32	21.55	0	1
PROTOTYPE	030045	04/16/18	06:06:23	0.4892597695390782	0.4892597695390782	11.31	0.0	3.522670340681363	3.522670340681363	11.31	-0.0	0.4892597695390782	0.4863242109218437	13.99	7.88	290.0	289.42	576.17	93.32	0	1
PROTOTYPE	030046	04/16/18	06:06:25	0.4892597695390782	0.4892597695390782	11.31	0.0	3.522670340681363	3.522670340681363	11.31	-0.0	0.4892597695390782	0.4863242109218437	13.31	6.7	279.0	287.86	709.67	-85.68	0	1
PROTOTYPE	030047	04/16/18	06:06:26	0.4892597695390782	0.4892597695390782	11.32	0.0	3.522670340681363	3.522670340681363	11.32	-0.0	0.4892597695390782	0.48730273046092193	12.8	5.7	288.0	287.88	536.58	92.17	0	1
PROTOTYPE	030048	04/16/18	06:06:27	0.4892597695390782	0.4892597695390782	11.32	0.0	3.522670340681363	3.522670340681363	11.32	-0.0	0.4892597695390782	0.48730273046092193	12.41	4.84	284.0	287.3	564.05	3.35	0	1
PROTOTYPE	030049	04/16/18	06:06:29	0.4892597695390782	0.4892597695390782	11.3	0.0	3.522670340681363	3.522670340681363	11.3	-0.0	0.4892597695390782	0.48730273046092193	12.11	4.12	289.0	287.55	578.5	17.85	0	1
PROTOTYPE	030050	04/16/18	06:06:30	0.4892597695390782	0.4892597695390782	11.31	0.0	3.522670340681363	3.522670340681363	11.31	-0.0	0.4892597695390782	0.48828125	11.9	3.5	297.0	288.97	654.63	225.17	0	1
PROTOTYPE	030051	04/16/18	06:06:32	0.4892597695390782	0.4892597695390782	11.29	0.0	3.522670340681363	3.522670340681363	11.29	-0.0	0.4892597695390782	0.48828125	11.72	2.97	291.0	289.27	560.88	131.39	0	1
PROTOTYPE	030052	04/16/18	06:06:33	0.4892597695390782	0.4892597695390782	11.28	0.0	3.522670340681363	3.522670340681363	11.28	-0.0	0.4892597695390782	0.48828125	11.59	2.53	291.0	289.53	451.2	21.68	0	1
PROTOTYPE	030053	04/16/18	06:06:34	0.4892597695390782	0.4892597695390782	11.27	0.0	3.522670340681363	3.522670340681363	11.27	-0.0	0.4892597695390782	0.48828125	11.5	2.15	291.0	289.75	462.89	33.43	0	1
PROTOTYPE	030054	04/16/18	06:06:36	0.4892597695390782	0.4892597695390782	11.27	0.0	3.522670340681363	3.522670340681363	11.27	-0.0	0.39140781563126253	0.47360345691382766	24.97	-13.17	276.0	287.69	512.91	-16.58	0	1
PROTOTYPE	030055	04/16/18	06:06:37	0.4892597695390782	0.4892597695390782	11.24	0.0	3.6205222945891786	3.537348133767535	24.91	15.0	0.4892597695390782	0.4765390155310621	26.24	-11.2	295.0	288.79	619.98	90.9	0	1
PROTOTYPE	030056	04/16/18	06:06:39	0.4892597695390782	0.4892597695390782	11.27	0.0	3.522670340681363	3.5353910946893787	26.18	12.75	0.4892597695390782	0.47849605460921835	27.26	-9.52	295.0	289.72	655.03	242.27	0	1
PROTOTYPE	030057	04/16/18	06:06:40	0.4892597695390782	0.4892597695390782	11.29	0.0	3.522670340681363	3.5334340556112225	27.15	10.84	0.4892597695390782	0.4794745741482967	28.04	-8.09	299.0	291.11	768.65	355.93	0	1
PROTOTYPE	030058	04/16/18	06:06:41	0.4892597695390782	0.4892597695390782	11.27	0.0	3.522670340681363	3.5314770165330667	27.88	9.21	0.4892597695390782	0.48143161322645295	28.62	-6.88	282.0	289.74	763.58	77.54	0	1
PROTOTYPE	030059	04/16/18	06:06:43	0.4892597695390782	0.4892597695390782	11.28	0.0	3.522670340681363	3.530498496993988	28.45	7.83	0.4892597695390782	0.482410132765531	29.07	-5.85	289.0	289.63	744.32	35.91	0	1
PROTOTYPE	030060	04/16/18	06:06:44	0.4892597695390782	0.4892597695390782	11.3	0.0	3.522670340681363	3.52951997745491	28.89	6.66	0.4892597695390782	0.48338865230460926	29.42	-4.97	285.0	288.94	787.88	-59.48	0	1
PROTOTYPE	030061	04/16/18	06:06:46	0.4892597695390782	0.4892597695390782	11.31	0.0	3.6205222945891786	3.543219251002004	41.57	20.66	0.4892597695390782	0.48436717184368744	29.68	-4.22	284.0	288.2	839.9	-155.56	0	1
PROTOTYPE	030062	04/16/18	06:06:47	0.4892597695390782	0.4892597695390782	11.31	0.0	3.522670340681363	3.5402836923847696	43.56	17.56	0.4892597695390782	0.4853456913827655	16.33	11.41	295.0	289.22	735.66	152.78	0	1
PROTOTYPE	030063	04/16/18	06:06:49	0.4892597695390782	0.4892597695390782	11.33	0.0	3.522670340681363	3.537348133767535	31.49	-0.08	0.4892597695390782	0.4853456913827655	15.14	9.7	291.0	289.48	652.77	69.86	0	1
PROTOTYPE	030064	04/16/18	06:06:50	0.4892597695390782	0.4892597695390782	11.31	0.0	3.522670340681363	3.5353910946893787	31.47	-0.06	0.4892597695390782	0.4863242109218437	14.2	8.24	292.0	289.86	597.31	14.38	0	1
PROTOTYPE	030065	04/16/18	06:06:51	0.4892597695390782	0.4892597695390782	11.28	0.0	3.522670340681363	3.5334340556112225	31.44	-0.05	0.4892597695390782	0.4863242109218437	13.45	7.01	292.0	290.18	490.18	-92.78	0	1
PROTOTYPE	030066	04/16/18	06:06:53	0.4892597695390782	0.4892597695390782	11.3	0.0	3.522670340681363	3.5314770165330667	31.45	-0.05	0.4892597695390782	0.48730273046092193	12.91	5.96	292.0	290.46	380.81	71.14	0	1
PROTOTYPE	030067	04/16/18	06:06:54	0.4892597695390782	0.4892597695390782	11.34	0.0	3.522670340681363	3.530498496993988	31.47	-0.04	0.4892597695390782	0.48730273046092193	12.53	5.06	297.0	291.44	467.74	180.47	0	1
PROTOTYPE	030068	04/16/18	06:06:56	0.4892597695390782	0.4892597695390782	11.31	0.0	3.522670340681363	3.52951997745491	31.45	-0.03	0.4892597695390782	0.48730273046092193	12.19	4.3	296.0	292.12	466.7	318.4	0	1
PROTOTYPE	030069	04/16/18	06:06:57	0.4892597695390782	0.4892597695390782	11.31	0.0	3.522670340681363	3.528541457915832	19.1	-15.03	0.4892597695390782	0.48828125	11.95	3.66	292.0	292.1	394.93	390.64	0	1
PROTOTYPE	030070	04/16/18	06:06:58	0.4892597695390782	0.4892597695390782	11.33	0.0	3.6205222945891786	3.5422407314629263	29.93	2.23	0.4892597695390782	0.48828125	11.8	3.11	295.0	292.54	336.35	332.04	0	1
PROTOTYPE	030071	04/16/18	06:07:00	0.4892597695390782	0.4892597695390782	11.32	0.0	3.522670340681363	3.5393051728456917	30.22	1.89	0.4892597695390782	0.48828125	11.66	2.64	290.0	292.16	347.66	267.24	0	1
PROTOTYPE	030072	04/16/18	06:07:01	0.4892597695390782	0.4892597695390782	11.33	0.0	3.522670340681363	3.536369614228457	30.47	1.61	0.4892597695390782	0.48828125	11.58	2.25	297.0	292.88	382.57	302.15	0	1
PROTOTYPE	030073	04/16/18	06:07:03	0.4892597695390782	0.4892597695390782	11.34	0.0	3.6205222945891786	3.5490903682364734	41.04	16.37	0.4892597695390782	0.48828125	11.52	1.91	295.0	293.2	382.24	301.83	0	1
PROTOTYPE	030074	04/16/18	06:07:04	0.4892597695390782	0.4892597695390782	11.32	0.0	3.522670340681363	3.54517629008016	43.19	13.91	0.4892597695390782	0.48828125	11.45	1.62	290.0	292.72	402.98	226.55	0	1
PROTOTYPE	030075	04/16/18	06:07:05	0.4892597695390782	0.4892597695390782	11.28	0.0	3.522670340681363	3.5422407314629263	44.93	11.83	0.4892597695390782	0.48828125	11.37	1.38	298.0	293.51	384.0	207.57	0	1
PROTOTYPE	030076	04/16/18	06:07:07	0.4892597695390782	0.4892597695390782	11.28	0.0	3.6205222945891786	3.553982965931864	55.25	25.05	0.4892597695390782	0.4892597695390782	11.35	1.17	297.0	294.04	367.87	191.44	0	1
PROTOTYPE	030077	04/16/18	06:07:08	0.4892597695390782	0.4892597695390782	11.27	0.0	3.522670340681363	3.5490903682364734	58.47	21.29	0.4892597695390782	0.4892597695390782	11.32	1.0	285.0	292.68	501.11	57.72	0	1
PROTOTYPE	030078	04/16/18	06:07:10	0.4892597695390782	0.4892597695390782	11.26	0.0	3.522670340681363	3.54517629008016	48.52	3.1	0.4892597695390782	0.4892597695390782	11.29	0.85	301.0	293.93	582.44	139.06	0	1
PROTOTYPE	030079	04/16/18	06:07:11	0.4892597695390782	0.4892597695390782	11.28	0.0	3.522670340681363	3.5412622119238475	48.96	2.63	0.4892597695390782	0.4892597695390782	11.3	0.72	305.0	295.59	710.43	343.2	0	1
PROTOTYPE	030080	04/16/18	06:07:13	0.4892597695390782	0.4892597695390782	11.26	0.0	3.522670340681363	3.5393051728456917	49.3	2.24	0.4892597695390782	0.4892597695390782	11.28	0.61	297.0	295.8	658.98	291.72	0	1
PROTOTYPE	030081	04/16/18	06:07:14	0.4892597695390782	0.4892597695390782	11.26	0.0	3.522670340681363	3.536369614228457	39.22	-13.1	0.4892597695390782	0.4892597695390782	11.27	0.52	286.0	294.33	774.22	112.96	0	1
PROTOTYPE	030082	04/16/18	06:07:15	0.4892597695390782	0.4892597695390782	11.26	0.0	3.522670340681363	3.5344125751503004	37.44	-11.13	0.4892597695390782	0.4892597695390782	11.27	0.44	290.0	293.68	791.16	96.02	0	1
PROTOTYPE	030083	04/16/18	06:07:17	0.4892597695390782	0.4892597695390782	11.24	0.0	3.522670340681363	3.5324555360721446	35.97	-9.46	0.4892597695390782	0.4892597695390782	11.25	0.38	296.0	294.03	746.77	51.62	0	1
PROTOTYPE	030084	04/16/18	06:07:18	0.4892597695390782	0.4892597695390782	11.26	0.0	3.522670340681363	3.5314770165330667	25.92	-23.04	0.4892597695390782	0.4892597695390782	11.26	0.32	293.0	293.87	709.94	-16.13	0	1
PROTOTYPE	030085	04/16/18	06:07:20	0.4892597695390782	0.4892597695390782	11.27	0.0	3.522670340681363	3.52951997745491	22.88	-19.59	0.4892597695390782	0.4892597695390782	11.27	0.27	269.0	290.14	947.52	-253.71	0	1
PROTOTYPE	030086	04/16/18	06:07:21	0.4892597695390782	0.4892597695390782	11.26	0.0	3.522670340681363	3.528541457915832	20.38	-16.65	0.4892597695390782	0.4892597695390782	11.26	0.23	296.0	291.02	910.58	-290.65	0	1
PROTOTYPE	030087	04/16/18	06:07:22	0.4892597695390782	0.4892597695390782	11.26	0.0	3.522670340681363	3.5275629383767533	18.37	-14.15	0.4892597695390782	0.4892597695390782	11.26	0.2	291.0	291.02	745.95	-457.05	0	1
PROTOTYPE	030088	04/16/18	06:07:24	0.4892597695390782	0.4892597695390782	11.26	0.0	3.522670340681363	3.5275629383767533	16.74	-12.03	0.4892597695390782	0.4892597695390782	11.26	0.17	287.0	290.42	785.04	-538.5	0	1
PROTOTYPE	030089	04/16/18	06:07:25	0.4892597695390782	0.4892597695390782	11.24	0.0	3.522670340681363	3.5265844188376754	15.44	-10.22	0.4892597695390782	0.4892597695390782	11.24	0.14	292.0	290.65	661.82	-367.72	0	1
PROTOTYPE	030090	04/16/18	06:07:27	0.4892597695390782	0.4892597695390782	11.23	0.0	3.522670340681363	3.5256058992985975	14.41	-8.69	0.4892597695390782	0.4892597695390782	11.23	0.12	299.0	291.91	722.06	-177.56	0	1
PROTOTYPE	030091	04/16/18	06:07:28	0.4892597695390782	0.4892597695390782	11.23	0.0	3.522670340681363	3.5256058992985975	13.62	-7.39	0.4892597695390782	0.4892597695390782	11.23	0.1	285.0	290.87	790.83	-315.93	0	1
PROTOTYPE	030092	04/16/18	06:07:29	0.4892597695390782	0.4892597695390782	11.2	0.0	3.522670340681363	3.524627379759519	12.99	-6.28	0.4892597695390782	0.4892597695390782	11.2	0.09	290.0	290.74	788.45	-313.54	0	1
PROTOTYPE	030093	04/16/18	06:07:31	0.4892597695390782	0.4892597695390782	11.19	0.0	3.522670340681363	3.524627379759519	12.52	-5.34	0.4892597695390782	0.4892597695390782	11.19	0.07	287.0	290.18	471.44	3.49	0	1
PROTOTYPE	030094	04/16/18	06:07:32	0.4892597695390782	0.4892597695390782	11.18	0.0	3.522670340681363	3.524627379759519	12.16	-4.54	0.4892597695390782	0.4892597695390782	11.18	0.06	306.0	292.55	620.91	152.97	0	1
PROTOTYPE	030095	04/16/18	06:07:34	0.4892597695390782	0.4892597695390782	11.15	0.0	3.522670340681363	3.5236488602204408	11.87	-3.86	0.4892597695390782	0.4892597695390782	11.15	0.05	287.0	291.72	702.73	70.02	0	1
PROTOTYPE	030096	04/16/18	06:07:35	0.4892597695390782	0.4892597695390782	11.17	0.0	3.522670340681363	3.5236488602204408	11.7	-3.28	0.4892597695390782	0.4892597695390782	11.17	0.05	292.0	291.76	646.89	134.52	0	1
PROTOTYPE	030097	04/16/18	06:07:36	0.4892597695390782	0.4892597695390782	11.19	0.0	3.6205222945891786	3.538326653306613	25.03	12.21	0.4892597695390782	0.4892597695390782	11.19	0.04	297.0	292.55	701.68	189.34	0	1
PROTOTYPE	030098	04/16/18	06:07:38	0.4892597695390782	0.4892597695390782	11.2	0.0	3.6205222945891786	3.551047407314629	36.2	25.38	0.4892597695390782	0.4892597695390782	11.2	0.03	289.0	292.01	629.7	10.94	0	1
PROTOTYPE	030099	04/16/18	06:07:39	0.4892597695390782	0.4892597695390782	11.2	0.0	3.522670340681363	3.546154809619239	39.24	21.57	0.4892597695390782	0.4892597695390782	11.2	0.03	292.0	292.01	527.52	114.3	0	1
PROTOTYPE	030100	04/16/18	06:07:41	0.4892597695390782	0.4892597695390782	11.22	0.0	3.522670340681363	3.543219251002004	41.7	18.34	0.4892597695390782	0.4892597695390782	11.22	0.02	288.0	291.41	574.6	67.15	0	1
PROTOTYPE	030101	04/16/18	06:07:42	0.4892597695390782	0.4892597695390782	11.23	0.0	3.522670340681363	3.5402836923847696	43.67	15.59	0.4892597695390782	0.4892597695390782	11.23	0.02	288.0	290.9	569.68	72.08	0	1
PROTOTYPE	030102	04/16/18	06:07:43	0.4892597695390782	0.4892597695390782	11.25	0.0	3.522670340681363	3.537348133767535	45.24	13.25	0.4892597695390782	0.4892597695390782	11.25	0.02	287.0	290.31	390.85	-223.73	0	1
PROTOTYPE	030103	04/16/18	06:07:45	0.4892597695390782	0.4892597695390782	11.26	0.0	3.6205222945891786	3.5500688877755513	56.66	26.26	0.4892597695390782	0.4892597695390782	11.26	0.01	289.0	290.12	327.33	-160.17	0	1
PROTOTYPE	030104	04/16/18	06:07:46	0.4892597695390782	0.4892597695390782	11.23	0.0	3.522670340681363	3.546154809619239	59.6	22.32	0.4892597695390782	0.4892597695390782	11.23	0.01	290.0	290.1	325.12	-166.15	0	1
PROTOTYPE	030105	04/16/18	06:07:48	0.4892597695390782	0.4892597695390782	11.23	0.0	3.522670340681363	3.5422407314629263	48.52	3.97	0.4892597695390782	0.4892597695390782	11.23	0.01	298.0	291.28	365.04	-126.22	0	1
PROTOTYPE	030106	04/16/18	06:07:49	0.4892597695390782	0.4892597695390782	11.23	0.0	3.6205222945891786	3.553982965931864	47.93	3.38	0.4892597695390782	0.4892597695390782	11.23	0.01	287.0	290.64	376.1	-137.29	0	1
PROTOTYPE	030107	04/16/18	06:07:50	0.4892597695390782	0.4892597695390782	11.27	0.0	3.522670340681363	3.5490903682364734	48.43	2.87	0.4892597695390782	0.4892597695390782	11.27	0.01	288.0	290.25	414.35	-176.7	0	1
PROTOTYPE	030108	04/16/18	06:07:52	0.4892597695390782	0.4892597695390782	11.27	0.0	3.522670340681363	3.54517629008016	48.83	2.44	0.4892597695390782	0.4892597695390782	11.27	0.01	288.0	289.91	387.86	-150.19	0	1
PROTOTYPE	030109	04/16/18	06:07:53	0.4892597695390782	0.4892597695390782	11.26	0.0	3.522670340681363	3.5422407314629263	49.16	2.07	0.4892597695390782	0.4892597695390782	11.26	0.01	293.0	290.37	383.06	-52.66	0	1
PROTOTYPE	030110	04/16/18	06:07:55	0.4892597695390782	0.4892597695390782	11.26	0.0	3.522670340681363	3.5393051728456917	49.44	1.76	0.4892597695390782	0.4892597695390782	11.26	0.0	294.0	290.92	378.99	60.24	0	1
PROTOTYPE	030111	04/16/18	06:07:56	0.4892597695390782	0.4892597695390782	11.26	0.0	3.522670340681363	3.536369614228457	39.48	-13.5	0.4892597695390782	0.4892597695390782	11.26	0.0	294.0	291.38	405.5	126.2	0	1
PROTOTYPE	030112	04/16/18	06:07:57	0.4892597695390782	0.4892597695390782	11.28	0.0	3.522670340681363	3.5344125751503004	37.65	-11.48	0.4892597695390782	0.4892597695390782	11.28	0.0	283.0	290.12	528.96	2.27	0	1
PROTOTYPE	030113	04/16/18	06:07:59	0.4892597695390782	0.4892597695390782	11.28	0.0	3.522670340681363	3.5324555360721446	36.14	-9.75	0.4892597695390782	0.4892597695390782	11.28	0.0	295.0	290.85	483.62	-43.07	0	1
PROTOTYPE	030114	04/16/18	06:08:00	0.4892597695390782	0.4892597695390782	11.29	0.0	3.522670340681363	3.5314770165330667	26.15	-23.29	0.4892597695390782	0.4892597695390782	11.29	0.0	288.0	290.43	462.17	-21.61	0	1
PROTOTYPE	030115	04/16/18	06:08:02	0.4892597695390782	0.4892597695390782	11.27	0.0	3.6205222945891786	3.544197770541082	34.91	-4.8	0.4892597695390782	0.4892597695390782	11.27	0.0	297.0	291.41	521.14	116.63	0	1
PROTOTYPE	030116	04/16/18	06:08:03	0.4892597695390782	0.4892597695390782	11.28	0.0	3.6205222945891786	3.5559400050100205	42.31	10.92	0.4892597695390782	0.4892597695390782	11.28	0.0	296.0	292.1	556.26	219.14	0	1
PROTOTYPE	030117	04/16/18	06:08:05	0.4892597695390782	0.4892597695390782	11.3	0.0	3.6205222945891786	3.5657252004008013	48.56	24.28	0.4892597695390782	0.4892597695390782	11.3	0.0	298.0	292.99	598.38	261.27	0	1
PROTOTYPE	030118	04/16/18	06:08:06	0.4892597695390782	0.4892597695390782	11.29	0.0	3.6205222945891786	3.573553356713427	53.82	35.64	0.4892597695390782	0.4892597695390782	11.29	0.0	297.0	293.59	604.19	267.08	0	1
PROTOTYPE	030119	04/16/18	06:08:07	0.4892597695390782	0.4892597695390782	11.3	0.0	3.6205222945891786	3.5813815130260522	58.23	45.29	0.4892597695390782	0.4892597695390782	11.3	0.0	282.0	291.85	731.73	47.02	0	1
PROTOTYPE	030120	04/16/18	06:08:09	0.4892597695390782	0.4892597695390782	11.31	0.0	3.522670340681363	3.5725748371743484	64.71	38.5	0.4892597695390782	0.4892597695390782	11.31	0.0	283.0	290.52	738.78	39.96	0	1
PROTOTYPE	030121	04/16/18	06:08:10	0.4892597695390782	0.4892597695390782	11.32	0.0	3.6205222945891786	3.5794244739478955	69.97	47.73	0.4892597695390782	0.4892597695390782	11.32	0.0	296.0	291.34	747.79	48.97	0	1
PROTOTYPE	030122	04/16/18	06:08:12	0.4892597695390782	0.4892597695390782	11.31	0.0	3.6205222945891786	3.5852955911823647	74.33	55.57	0.4892597695390782	0.4892597695390782	11.31	0.0	276.0	289.04	935.11	-138.38	0	1
PROTOTYPE	030123	04/16/18	06:08:13	0.4892597695390782	0.4892597695390782	11.3	0.0	3.522670340681363	3.576488915330661	70.31	32.23	0.4892597695390782	0.4892597695390782	11.3	0.0	297.0	290.24	955.87	-117.62	0	1
PROTOTYPE	030124	04/16/18	06:08:14	0.4892597695390782	0.4892597695390782	11.28	0.0	3.522670340681363	3.567682239478958	66.91	12.4	0.4892597695390782	0.4892597695390782	11.28	0.0	294.0	290.8	943.51	-129.98	0	1
PROTOTYPE	030125	04/16/18	06:08:16	0.4892597695390782	0.4892597695390782	11.27	0.0	3.522670340681363	3.560832602705411	64.02	-4.46	0.4892597695390782	0.4892597695390782	11.27	0.0	297.0	291.73	948.01	-125.48	0	1
PROTOTYPE	030126	04/16/18	06:08:17	0.4892597695390782	0.4892597695390782	11.28	0.0	3.522670340681363	3.5559400050100205	61.58	-18.79	0.4892597695390782	0.4892597695390782	11.28	0.0	282.0	290.27	1033.73	-331.66	0	1
PROTOTYPE	030127	04/16/18	06:08:19	0.4892597695390782	0.4892597695390782	11.29	0.0	3.522670340681363	3.551047407314629	59.53	-30.97	0.4892597695390782	0.4892597695390782	11.29	0.0	298.0	291.43	975.86	-41.91	0	1
PROTOTYPE	030128	04/16/18	06:08:20	0.4892597695390782	0.4892597695390782	11.29	0.0	3.522670340681363	3.546154809619239	55.0	-26.33	0.4892597695390782	0.4892597695390782	11.29	0.0	295.0	291.97	896.68	144.38	0	1
PROTOTYPE	030129	04/16/18	06:08:22	0.4892597695390782	0.4892597695390782	11.28	0.0	3.522670340681363	3.543219251002004	51.35	-37.38	0.4892597695390782	0.4892597695390782	11.28	0.0	295.0	292.42	860.03	107.72	0	1
PROTOTYPE	030130	04/16/18	06:08:23	0.4892597695390782	0.4892597695390782	11.3	0.0	3.522670340681363	3.5402836923847696	48.3	-46.77	0.4892597695390782	0.4892597695390782	11.3	0.0	286.0	291.46	726.2	241.56	0	1
PROTOTYPE	030131	04/16/18	06:08:24	0.4892597695390782	0.4892597695390782	11.31	0.0	3.522670340681363	3.537348133767535	41.54	-39.76	0.4892597695390782	0.4892597695390782	11.31	0.0	291.0	291.39	613.83	115.33	0	1
PROTOTYPE	030132	04/16/18	06:08:26	0.4892597695390782	0.4892597695390782	11.34	0.0	3.522670340681363	3.5353910946893787	35.88	-33.79	0.4892597695390782	0.4892597695390782	11.34	0.0	283.0	290.13	683.19	-66.97	0	1
PROTOTYPE	030133	04/16/18	06:08:27	0.4892597695390782	0.4892597695390782	11.33	0.0	3.6205222945891786	3.5481118486973946	41.94	-13.72	0.4892597695390782	0.4892597695390782	11.33	0.0	283.0	289.06	697.16	-266.93	0	1
PROTOTYPE	030134	04/16/18	06:08:29	0.4892597695390782	0.4892597695390782	11.32	0.0	3.522670340681363	3.544197770541082	39.96	-11.67	0.4892597695390782	0.4892597695390782	11.32	0.0	285.0	288.45	612.13	-181.89	0	1
PROTOTYPE	030135	04/16/18	06:08:30	0.4892597695390782	0.4892597695390782	11.31	0.0	3.522670340681363	3.5412622119238475	38.31	-9.92	0.4892597695390782	0.4892597695390782	11.31	0.0	274.0	286.28	712.96	-514.6	0	1
PROTOTYPE	030136	04/16/18	06:08:31	0.4892597695390782	0.4892597695390782	11.31	0.0	3.522670340681363	3.538326653306613	36.93	-8.43	0.4892597695390782	0.4892597695390782	11.31	0.0	283.0	285.79	708.68	-617.41	0	1
PROTOTYPE	030137	04/16/18	06:08:33	0.4892597695390782	0.4892597695390782	11.32	0.0	3.522670340681363	3.5353910946893787	35.8	-7.16	0.4892597695390782	0.4892597695390782	11.32	0.0	278.0	284.62	780.02	-779.8	0	1
PROTOTYPE	030138	04/16/18	06:08:34	0.4892597695390782	0.4892597695390782	11.34	0.0	3.522670340681363	3.5334340556112225	34.87	-6.09	0.4892597695390782	0.4892597695390782	11.34	0.0	294.0	286.03	824.37	-542.83	0	1
PROTOTYPE	030139	04/16/18	06:08:36	0.4892597695390782	0.4892597695390782	11.33	0.0	3.522670340681363	3.5324555360721446	34.1	-5.18	0.4892597695390782	0.4892597695390782	11.33	0.0	282.0	285.42	877.81	-596.41	0	1
PROTOTYPE	030140	04/16/18	06:08:37	0.4892597695390782	0.4892597695390782	11.3	0.0	3.522670340681363	3.530498496993988	33.47	-4.4	0.4892597695390782	0.4892597695390782	11.3	0.0	297.0	287.16	925.6	-296.95	0	1
PROTOTYPE	030141	04/16/18	06:08:38	0.4892597695390782	0.4892597695390782	11.31	0.0	3.6205222945891786	3.544197770541082	34.13	-3.74	0.4892597695390782	0.4892597695390782	11.31	0.0	288.0	287.29	831.29	-177.4	0	1
PROTOTYPE	030142	04/16/18	06:08:40	0.4892597695390782	0.4892597695390782	11.31	0.0	3.522670340681363	3.5412622119238475	33.61	-3.18	0.4892597695390782	0.4892597695390782	11.31	0.0	298.0	288.89	931.06	44.21	0	1
PROTOTYPE	030143	04/16/18	06:08:41	0.4892597695390782	0.4892597695390782	11.31	0.0	3.522670340681363	3.538326653306613	33.18	-2.7	0.4892597695390782	0.4892597695390782	11.31	0.0	292.0	289.36	760.89	307.58	0	1
PROTOTYPE	030144	04/16/18	06:08:43	0.4892597695390782	0.4892597695390782	11.29	0.0	3.522670340681363	3.536369614228457	32.81	-2.3	0.4892597695390782	0.4892597695390782	11.29	0.0	279.0	287.81	867.01	201.44	0	1
PROTOTYPE	030145	04/16/18	06:08:44	0.4892597695390782	0.4892597695390782	11.29	0.0	3.522670340681363	3.5334340556112225	32.52	-1.95	0.4892597695390782	0.4892597695390782	11.29	0.0	283.0	287.09	822.23	246.22	0	1
PROTOTYPE	030146	04/16/18	06:08:46	0.4892597695390782	0.4892597695390782	11.26	0.0	3.6205222945891786	3.5471333291583167	43.39	13.34	0.4892597695390782	0.4892597695390782	11.26	0.0	294.0	288.12	785.3	209.29	0	1
PROTOTYPE	030147	04/16/18	06:08:47	0.4892597695390782	0.4892597695390782	11.28	0.0	3.522670340681363	3.543219251002004	45.16	11.34	0.4892597695390782	0.4892597695390782	11.28	0.0	287.0	287.95	741.74	252.9	0	1
PROTOTYPE	030148	04/16/18	06:08:48	0.4892597695390782	0.4892597695390782	11.28	0.0	3.522670340681363	3.5402836923847696	46.59	9.64	0.4892597695390782	0.4892597695390782	11.28	0.0	280.0	286.76	687.43	-40.04	0	1
PROTOTYPE	030149	04/16/18	06:08:50	0.4892597695390782	0.4892597695390782	11.27	0.0	3.6205222945891786	3.552025926853707	45.15	8.19	0.4892597695390782	0.4892597695390782	11.27	0.0	289.0	287.1	708.38	-19.03	0	1
PROTOTYPE	030150	04/16/18	06:08:51	0.4892597695390782	0.4892597695390782	11.28	0.0	3.522670340681363	3.5481118486973946	46.31	6.96	0.4892597695390782	0.4892597695390782	11.28	0.0	280.0	286.03	654.14	-286.18	0	1
PROTOTYPE	030151	04/16/18	06:08:53	0.4892597695390782	0.4892597695390782	11.29	0.0	3.522670340681363	3.544197770541082	47.27	5.92	0.4892597695390782	0.4892597695390782	11.29	0.0	295.0	287.38	742.05	-198.25	0	1
PROTOTYPE	030152	04/16/18	06:08:54	0.4892597695390782	0.4892597695390782	11.29	0.0	3.522670340681363	3.5412622119238475	48.07	5.03	0.4892597695390782	0.4892597695390782	11.29	0.0	282.0	286.57	667.32	-123.51	0	1
PROTOTYPE	030153	04/16/18	06:08:55	0.4892597695390782	0.4892597695390782	11.28	0.0	3.522670340681363	3.538326653306613	48.71	4.28	0.4892597695390782	0.4892597695390782	11.28	0.0	291.0	287.24	661.67	15.01	0	1
PROTOTYPE	030154	04/16/18	06:08:57	0.4892597695390782	0.4892597695390782	11.29	0.0	3.522670340681363	3.5353910946893787	38.12	-11.36	0.4892597695390782	0.4892597695390782	11.29	0.0	293.0	288.1	644.42	-2.24	0	1
PROTOTYPE	030155	04/16/18	06:08:58	0.4892597695390782	0.4892597695390782	11.27	0.0	3.522670340681363	3.5334340556112225	36.59	-9.66	0.4892597695390782	0.4892597695390782	11.27	0.0	295.0	289.13	731.04	118.1	0	1
PROTOTYPE	030156	04/16/18	06:09:00	0.4892597695390782	0.4892597695390782	11.28	0.0	3.522670340681363	3.5324555360721446	35.36	-8.21	0.4892597695390782	0.4892597695390782	11.28	0.0	290.0	289.26	624.78	250.38	0	1
PROTOTYPE	030157	04/16/18	06:09:01	0.4892597695390782	0.4892597695390782	11.3	0.0	3.522670340681363	3.530498496993988	24.99	-21.98	0.4892597695390782	0.4892597695390782	11.3	0.0	291.0	289.52	617.23	242.83	0	1
PROTOTYPE	030158	04/16/18	06:09:02	0.4892597695390782	0.4892597695390782	11.3	0.0	3.522670340681363	3.52951997745491	22.12	-18.68	0.4892597695390782	0.4892597695390782	11.3	0.0	294.0	290.2	577.91	416.4	0	1
PROTOTYPE	030159	04/16/18	06:09:04	0.4892597695390782	0.4892597695390782	11.28	0.0	3.522670340681363	3.528541457915832	19.77	-15.88	0.4892597695390782	0.4892597695390782	11.28	0.0	278.0	288.37	626.33	98.94	0	1
PROTOTYPE	030160	04/16/18	06:09:05	0.4892597695390782	0.4892597695390782	11.46	0.0	3.522670340681363	3.5275629383767533	18.02	-13.5	0.4892597695390782	0.4892597695390782	11.46	0.0	303.0	290.56	765.16	399.1	0	1
PROTOTYPE	030161	04/16/18	06:09:07	0.4892597695390782	0.4892597695390782	11.44	0.0	3.522670340681363	3.5265844188376754	16.48	-11.47	0.4892597695390782	0.4892597695390782	11.44	0.0	291.0	290.63	705.43	339.24	0	1
PROTOTYPE	030162	04/16/18	06:09:08	0.4892597695390782	0.4892597695390782	11.44	0.0	3.522670340681363	3.5265844188376754	15.28	-9.75	0.4892597695390782	0.4892597695390782	11.44	0.0	294.0	291.13	669.55	303.35	0	1
PROTOTYPE	030163	04/16/18	06:09:10	0.4892597695390782	0.4892597695390782	11.46	0.0	3.522670340681363	3.5256058992985975	14.36	-8.29	0.4892597695390782	0.4892597695390782	11.46	0.0	297.0	292.01	654.05	287.85	0	1
PROTOTYPE	030164	04/16/18	06:09:11	0.4892597695390782	0.4892597695390782	11.47	0.0	3.6205222945891786	3.5402836923847696	26.74	7.95	0.4892597695390782	0.4892597695390782	11.47	0.0	298.0	292.91	730.81	364.67	0	1
PROTOTYPE	030165	04/16/18	06:09:13	0.4892597695390782	0.4892597695390782	11.44	0.0	3.522670340681363	3.537348133767535	27.7	6.76	0.4892597695390782	0.4892597695390782	11.44	0.0	291.0	292.62	733.45	309.97	0	1
PROTOTYPE	030166	04/16/18	06:09:14	0.4892597695390782	0.4892597695390782	11.45	0.0	3.522670340681363	3.5353910946893787	28.49	5.75	0.4892597695390782	0.4892597695390782	11.45	0.0	289.0	292.08	720.69	188.47	0	1
