Dev_id	Index	Date	Time	Sensor1	Sensor1_Filter	Sensor1_LL	Sensor1_Diff	Sensor2	Sensor2_Filter	Sensor2_LL	Sensor2_Diff	Sensor3	Sensor3_Filter	Sensor3_LL	Sensor3_Diff	Sensor4	Sensor4_Filter	Sensor4_LL	Sensor4_Diff	Heater_Status	FSM_Status
PROTOTYPE	024767	04/16/18	04:02:17	0.4892597695390782	0.4892597695390782	11.33	0.0	3.6205222945891786	3.5804029934869743	64.86	-13.43	0.4892597695390782	0.4892597695390782	11.33	0.0	294.0	293.79	410.51	-90.88	0	1
PROTOTYPE	024768	04/16/18	04:02:18	0.4892597695390782	0.4892597695390782	11.31	0.0	3.522670340681363	3.5715963176352705	69.43	-26.42	0.4892597695390782	0.4892597695390782	11.31	0.0	303.0	295.17	543.93	42.75	0	1
PROTOTYPE	024769	04/16/18	04:02:20	0.4892597695390782	0.4892597695390782	11.3	0.0	3.6205222945891786	3.5794244739478955	65.48	-7.45	0.4892597695390782	0.4892597695390782	11.3	0.0	288.0	294.1	610.33	-23.66	0	1
PROTOTYPE	024770	04/16/18	04:02:21	0.4892597695390782	0.4892597695390782	11.27	0.0	3.6205222945891786	3.5852955911823647	66.56	-6.34	0.4892597695390782	0.4892597695390782	11.27	0.0	282.0	292.28	676.73	-320.11	0	1
PROTOTYPE	024771	04/16/18	04:02:23	0.4892597695390782	0.4892597695390782	11.26	0.0	3.522670340681363	3.575510395791583	65.62	-5.38	0.4892597695390782	0.4892597695390782	11.26	0.0	293.0	292.39	664.8	-332.1	0	1
PROTOTYPE	024772	04/16/18	04:02:24	0.4892597695390782	0.4892597695390782	11.25	0.0	3.522670340681363	3.567682239478958	64.82	-4.58	0.4892597695390782	0.4892597695390782	11.25	0.0	284.0	291.13	629.98	-297.28	0	1
PROTOTYPE	024773	04/16/18	04:02:26	0.4892597695390782	0.4892597695390782	11.24	0.0	3.522670340681363	3.560832602705411	64.14	-3.89	0.4892597695390782	0.4892597695390782	11.24	0.0	289.0	290.81	648.45	-342.69	0	1
PROTOTYPE	024774	04/16/18	04:02:27	0.4892597695390782	0.4892597695390782	11.23	0.0	3.522670340681363	3.5549614854709417	61.56	-18.31	0.4892597695390782	0.4892597695390782	11.23	0.0	281.0	289.34	747.03	-441.29	0	1
PROTOTYPE	024775	04/16/18	04:02:28	0.4892597695390782	0.4892597695390782	11.22	0.0	3.522670340681363	3.5500688877755513	59.37	-30.56	0.4892597695390782	0.4892597695390782	11.22	0.0	298.0	290.64	872.97	-315.09	0	1
PROTOTYPE	024776	04/16/18	04:02:30	0.4892597695390782	0.4892597695390782	11.21	0.0	3.522670340681363	3.546154809619239	54.9	-25.98	0.4892597695390782	0.4892597695390782	11.21	0.0	292.0	290.84	755.27	-432.83	0	1
PROTOTYPE	024777	04/16/18	04:02:31	0.4892597695390782	0.4892597695390782	11.21	0.0	3.522670340681363	3.5422407314629263	51.16	-37.08	0.4892597695390782	0.4892597695390782	11.21	0.0	298.0	291.92	755.07	-217.9	0	1
PROTOTYPE	024778	04/16/18	04:02:33	0.4892597695390782	0.4892597695390782	11.25	0.0	3.6205222945891786	3.553982965931864	56.66	-31.52	0.4892597695390782	0.4892597695390782	11.25	0.0	297.0	292.68	649.9	39.78	0	1
PROTOTYPE	024779	04/16/18	04:02:34	0.4892597695390782	0.4892597695390782	11.26	0.0	3.6205222945891786	3.5647466808617234	57.2	-11.79	0.4892597695390782	0.4892597695390782	11.26	0.0	285.0	291.53	754.22	-86.19	0	1
PROTOTYPE	024780	04/16/18	04:02:35	0.4892597695390782	0.4892597695390782	11.27	0.0	3.522670340681363	3.5578970440881763	55.47	-10.02	0.4892597695390782	0.4892597695390782	11.27	0.0	289.0	291.15	666.31	1.74	0	1
PROTOTYPE	024781	04/16/18	04:02:37	0.4892597695390782	0.4892597695390782	11.26	0.0	3.6205222945891786	3.567682239478958	58.07	6.48	0.4892597695390782	0.4892597695390782	11.26	0.0	300.0	292.48	767.11	166.48	0	1
PROTOTYPE	024782	04/16/18	04:02:38	0.4892597695390782	0.4892597695390782	11.27	0.0	3.6205222945891786	3.575510395791583	60.28	20.51	0.4892597695390782	0.4892597695390782	11.27	0.0	291.0	292.25	642.12	291.51	0	1
PROTOTYPE	024783	04/16/18	04:02:40	0.4892597695390782	0.4892597695390782	11.27	0.0	3.522670340681363	3.567682239478958	63.28	17.43	0.4892597695390782	0.4892597695390782	11.27	0.0	299.0	293.27	613.4	262.78	0	1
PROTOTYPE	024784	04/16/18	04:02:41	0.4892597695390782	0.4892597695390782	11.28	0.0	3.6205222945891786	3.575510395791583	67.05	29.82	0.4892597695390782	0.4892597695390782	11.28	0.0	290.0	292.78	641.94	193.36	0	1
PROTOTYPE	024785	04/16/18	04:02:42	0.4892597695390782	0.4892597695390782	11.28	0.0	3.6205222945891786	3.58236003256513	70.22	40.35	0.4892597695390782	0.4892597695390782	11.28	0.0	295.0	293.11	567.95	119.36	0	1
PROTOTYPE	024786	04/16/18	04:02:44	0.4892597695390782	0.4892597695390782	11.26	0.0	3.522670340681363	3.573553356713427	67.45	19.29	0.4892597695390782	0.4892597695390782	11.26	0.0	289.0	292.49	553.35	-18.54	0	1
PROTOTYPE	024787	04/16/18	04:02:45	0.4892597695390782	0.4892597695390782	11.26	0.0	3.6205222945891786	3.5804029934869743	64.59	16.4	0.4892597695390782	0.4892597695390782	11.26	0.0	294.0	292.72	460.8	119.24	0	1
PROTOTYPE	024788	04/16/18	04:02:47	0.4892597695390782	0.4892597695390782	11.25	0.0	3.6205222945891786	3.586274110721443	64.37	28.94	0.4892597695390782	0.4892597695390782	11.25	0.0	286.0	291.71	523.67	56.35	0	1
PROTOTYPE	024789	04/16/18	04:02:48	0.4892597695390782	0.4892597695390782	11.25	0.0	3.6205222945891786	3.591166708416834	60.11	24.6	0.4892597695390782	0.4892597695390782	11.25	0.0	303.0	293.4	560.21	92.9	0	1
PROTOTYPE	024790	04/16/18	04:02:49	0.4892597695390782	0.4892597695390782	11.25	0.0	3.6205222945891786	3.5960593061122244	56.52	20.91	0.4892597695390782	0.4892597695390782	11.25	0.0	293.0	293.34	544.27	108.96	0	1
PROTOTYPE	024791	04/16/18	04:02:51	0.4892597695390782	0.4892597695390782	11.24	0.0	3.6205222945891786	3.5999733842685373	52.34	32.77	0.4892597695390782	0.4892597695390782	11.24	0.0	294.0	293.44	453.01	17.62	0	1
PROTOTYPE	024792	04/16/18	04:02:52	0.4892597695390782	0.4892597695390782	11.25	0.0	3.6205222945891786	3.602908942885772	47.6	27.86	0.4892597695390782	0.4892597695390782	11.25	0.0	295.0	293.68	427.4	89.98	0	1
PROTOTYPE	024793	04/16/18	04:02:54	0.4892597695390782	0.4892597695390782	11.26	0.0	3.522670340681363	3.591166708416834	52.9	8.68	0.4892597695390782	0.4892597695390782	11.26	0.0	289.0	292.97	464.17	-13.52	0	1
PROTOTYPE	024794	04/16/18	04:02:55	0.4892597695390782	0.4892597695390782	11.27	0.0	3.6205222945891786	3.5950807865731464	48.45	22.38	0.4892597695390782	0.4892597695390782	11.27	0.0	293.0	292.98	403.97	48.51	0	1
PROTOTYPE	024795	04/16/18	04:02:56	0.4892597695390782	0.4892597695390782	11.26	0.0	3.6205222945891786	3.598994864729459	45.2	19.02	0.4892597695390782	0.4892597695390782	11.26	0.0	294.0	293.13	396.71	41.23	0	1
PROTOTYPE	024796	04/16/18	04:02:58	0.4892597695390782	0.4892597695390782	11.24	0.0	3.6205222945891786	3.6019304233466936	42.47	16.17	0.4892597695390782	0.4892597695390782	11.24	0.0	295.0	293.41	323.97	170.05	0	1
PROTOTYPE	024797	04/16/18	04:02:59	0.4892597695390782	0.4892597695390782	11.26	0.0	3.6205222945891786	3.604865981963928	40.2	13.74	0.4892597695390782	0.4892597695390782	11.26	0.0	299.0	294.25	238.47	84.54	0	1
PROTOTYPE	024798	04/16/18	04:03:01	0.4892597695390782	0.4892597695390782	11.26	0.0	3.6205222945891786	3.606823021042084	38.31	11.68	0.4892597695390782	0.4892597695390782	11.26	0.0	295.0	294.36	243.58	101.86	0	1
PROTOTYPE	024799	04/16/18	04:03:02	0.4892597695390782	0.4892597695390782	11.28	0.0	3.6205222945891786	3.6097585796593186	36.75	9.93	0.4892597695390782	0.4892597695390782	11.28	0.0	293.0	294.16	254.13	71.58	0	1
PROTOTYPE	024800	04/16/18	04:03:04	0.4892597695390782	0.4892597695390782	11.28	0.0	3.6205222945891786	3.6107370991983965	35.47	8.44	0.4892597695390782	0.4892597695390782	11.28	0.0	274.0	291.13	533.1	-254.16	0	1
PROTOTYPE	024801	04/16/18	04:03:05	0.4892597695390782	0.4892597695390782	11.26	0.0	3.6205222945891786	3.612694138276553	25.15	22.17	0.4892597695390782	0.4892597695390782	11.26	0.0	286.0	290.36	539.97	-261.03	0	1
PROTOTYPE	024802	04/16/18	04:03:06	0.4892597695390782	0.4892597695390782	11.27	0.0	3.6205222945891786	3.613672657815631	22.25	18.85	0.4892597695390782	0.4892597695390782	11.27	0.0	287.0	289.86	588.99	-311.88	0	1
PROTOTYPE	024803	04/16/18	04:03:08	0.4892597695390782	0.4892597695390782	11.28	0.0	3.522670340681363	3.5999733842685373	32.14	1.02	0.4892597695390782	0.4892597695390782	11.28	0.0	297.0	290.93	680.72	-220.1	0	1
PROTOTYPE	024804	04/16/18	04:03:09	0.4892597695390782	0.4892597695390782	11.3	0.0	3.6205222945891786	3.602908942885772	32.0	0.87	0.4892597695390782	0.4892597695390782	11.3	0.0	296.0	291.69	728.72	-172.08	0	1
PROTOTYPE	024805	04/16/18	04:03:11	0.4892597695390782	0.4892597695390782	11.28	0.0	3.6205222945891786	3.6058445015030065	31.88	0.74	0.4892597695390782	0.4892597695390782	11.28	0.0	294.0	292.04	679.54	-221.27	0	1
PROTOTYPE	024806	04/16/18	04:03:12	0.4892597695390782	0.4892597695390782	11.29	0.0	3.6205222945891786	3.607801540581162	31.79	0.63	0.4892597695390782	0.4892597695390782	11.29	0.0	292.0	292.03	669.74	-233.08	0	1
PROTOTYPE	024807	04/16/18	04:03:13	0.4892597695390782	0.4892597695390782	11.3	0.0	3.6205222945891786	3.6097585796593186	31.72	0.53	0.4892597695390782	0.4892597695390782	11.3	0.0	285.0	290.98	754.73	-318.12	0	1
PROTOTYPE	024808	04/16/18	04:03:15	0.4892597695390782	0.4892597695390782	11.32	0.0	3.6205222945891786	3.611715618737475	31.67	0.45	0.4892597695390782	0.4892597695390782	11.32	0.0	287.0	290.38	512.03	-75.4	0	1
PROTOTYPE	024809	04/16/18	04:03:16	0.4892597695390782	0.4892597695390782	11.32	0.0	3.522670340681363	3.598016345190381	43.32	-14.62	0.4892597695390782	0.4892597695390782	11.32	0.0	293.0	290.77	474.32	40.91	0	1
PROTOTYPE	024810	04/16/18	04:03:18	0.4892597695390782	0.4892597695390782	11.31	0.0	3.6205222945891786	3.6019304233466936	45.14	-12.42	0.4892597695390782	0.4892597695390782	11.31	0.0	292.0	290.96	442.29	109.77	0	1
PROTOTYPE	024811	04/16/18	04:03:19	0.4892597695390782	0.4892597695390782	11.31	0.0	3.6205222945891786	3.6038874624248494	34.37	4.44	0.4892597695390782	0.4892597695390782	11.31	0.0	288.0	290.51	379.56	-41.69	0	1
PROTOTYPE	024812	04/16/18	04:03:20	0.4892597695390782	0.4892597695390782	11.32	0.0	3.6205222945891786	3.606823021042084	33.78	3.77	0.4892597695390782	0.4892597695390782	11.32	0.0	280.0	288.94	461.22	-275.44	0	1
PROTOTYPE	024813	04/16/18	04:03:22	0.4892597695390782	0.4892597695390782	11.33	0.0	3.6205222945891786	3.608780060120241	33.3	3.21	0.4892597695390782	0.4892597695390782	11.33	0.0	296.0	290.0	532.51	-204.12	0	1
PROTOTYPE	024814	04/16/18	04:03:23	0.4892597695390782	0.4892597695390782	11.31	0.0	3.6205222945891786	3.6107370991983965	32.9	2.73	0.4892597695390782	0.4892597695390782	11.31	0.0	285.0	289.25	605.94	-278.5	0	1
PROTOTYPE	024815	04/16/18	04:03:25	0.4892597695390782	0.4892597695390782	11.28	0.0	3.6205222945891786	3.611715618737475	32.56	2.32	0.4892597695390782	0.4892597695390782	11.28	0.0	284.0	288.46	579.17	-251.73	0	1
PROTOTYPE	024816	04/16/18	04:03:26	0.4892597695390782	0.4892597695390782	11.27	0.0	3.522670340681363	3.598994864729459	44.16	-13.03	0.4892597695390782	0.4892597695390782	11.27	0.0	295.0	289.44	617.61	-93.97	0	1
PROTOTYPE	024817	04/16/18	04:03:28	0.4892597695390782	0.4892597695390782	11.29	0.0	3.6205222945891786	3.6019304233466936	34.12	3.92	0.4892597695390782	0.4892597695390782	11.29	0.0	276.0	287.42	779.91	-334.87	0	1
PROTOTYPE	024818	04/16/18	04:03:29	0.4892597695390782	0.4892597695390782	11.29	0.0	3.6205222945891786	3.604865981963928	33.59	3.34	0.4892597695390782	0.4892597695390782	11.29	0.0	291.0	287.96	815.1	-299.64	0	1
PROTOTYPE	024819	04/16/18	04:03:30	0.4892597695390782	0.4892597695390782	11.31	0.0	3.6205222945891786	3.606823021042084	33.15	2.84	0.4892597695390782	0.4892597695390782	11.31	0.0	290.0	288.27	801.34	-224.7	0	1
PROTOTYPE	024820	04/16/18	04:03:32	0.4892597695390782	0.4892597695390782	11.31	0.0	3.6205222945891786	3.608780060120241	32.79	2.41	0.4892597695390782	0.4892597695390782	11.31	0.0	306.0	290.93	909.63	199.01	0	1
PROTOTYPE	024821	04/16/18	04:03:33	0.4892597695390782	0.4892597695390782	11.3	0.0	3.6205222945891786	3.6107370991983965	32.5	2.05	0.4892597695390782	0.4892597695390782	11.3	0.0	291.0	290.94	805.45	94.16	0	1
PROTOTYPE	024822	04/16/18	04:03:35	0.4892597695390782	0.4892597695390782	11.32	0.0	3.6205222945891786	3.612694138276553	32.28	1.74	0.4892597695390782	0.4892597695390782	11.32	0.0	284.0	289.9	834.57	65.03	0	1
PROTOTYPE	024823	04/16/18	04:03:36	0.4892597695390782	0.4892597695390782	11.32	0.0	3.6205222945891786	3.613672657815631	32.09	1.48	0.4892597695390782	0.4892597695390782	11.32	0.0	284.0	289.01	844.32	55.28	0	1
PROTOTYPE	024824	04/16/18	04:03:37	0.4892597695390782	0.4892597695390782	11.3	0.0	3.6205222945891786	3.6146511773547094	20.08	16.26	0.4892597695390782	0.4892597695390782	11.3	0.0	275.0	286.91	956.4	-253.01	0	1
PROTOTYPE	024825	04/16/18	04:03:39	0.4892597695390782	0.4892597695390782	11.3	0.0	3.6205222945891786	3.6156296968937878	18.13	13.82	0.4892597695390782	0.4892597695390782	11.3	0.0	296.0	288.27	891.13	84.94	0	1
PROTOTYPE	024826	04/16/18	04:03:40	0.4892597695390782	0.4892597695390782	11.3	0.0	3.6205222945891786	3.6166082164328657	16.56	11.75	0.4892597695390782	0.4892597695390782	11.3	0.0	285.0	287.78	886.62	-17.8	0	1
PROTOTYPE	024827	04/16/18	04:03:42	0.4892597695390782	0.4892597695390782	11.31	0.0	3.6205222945891786	3.6166082164328657	15.33	9.98	0.4892597695390782	0.4892597695390782	11.31	0.0	269.0	284.97	1137.75	-330.13	0	1
PROTOTYPE	024828	04/16/18	04:03:43	0.4892597695390782	0.4892597695390782	11.3	0.0	3.6205222945891786	3.617586735971944	14.35	8.49	0.4892597695390782	0.4892597695390782	11.3	0.0	300.0	287.22	1097.27	-370.61	0	1
PROTOTYPE	024829	04/16/18	04:03:45	0.4892597695390782	0.4892597695390782	11.31	0.0	3.6205222945891786	3.617586735971944	13.59	7.21	0.4892597695390782	0.4892597695390782	11.31	0.0	289.0	287.49	1122.21	-345.02	0	1
PROTOTYPE	024830	04/16/18	04:03:46	0.4892597695390782	0.4892597695390782	11.3	0.0	3.6205222945891786	3.6185652555110215	13.0	6.13	0.4892597695390782	0.4892597695390782	11.3	0.0	289.0	287.71	1040.87	-218.27	0	1
PROTOTYPE	024831	04/16/18	04:03:47	0.4892597695390782	0.4892597695390782	11.3	0.0	3.6205222945891786	3.6185652555110215	12.56	5.21	0.4892597695390782	0.4892597695390782	11.3	0.0	274.0	285.66	1158.12	-335.53	0	1
PROTOTYPE	024832	04/16/18	04:03:49	0.4892597695390782	0.4892597695390782	11.32	0.0	3.6205222945891786	3.6185652555110215	12.25	4.43	0.4892597695390782	0.4892597695390782	11.32	0.0	299.0	287.66	1148.07	74.8	0	1
PROTOTYPE	024833	04/16/18	04:03:50	0.4892597695390782	0.4892597695390782	11.3	0.0	3.6205222945891786	3.6195437750501003	11.98	3.77	0.4892597695390782	0.4892597695390782	11.3	0.0	296.0	288.91	1136.85	63.58	1	0
PROTOTYPE	024834	04/16/18	04:03:52	0.4892597695390782	0.4892597695390782	11.3	0.0	4.1097820641282565	3.692932740480962	85.59	78.2	0.4892597695390782	0.4892597695390782	11.3	0.0	293.0	289.52	1149.09	174.04	1	0
PROTOTYPE	024835	04/16/18	04:03:53	0.4892597695390782	0.4892597695390782	11.27	0.0	4.403337925851703	3.7995913702404804	192.96	186.47	0.4892597695390782	0.4892597695390782	11.27	0.0	290.0	289.59	874.63	462.94	1	0
PROTOTYPE	024836	04/16/18	04:03:54	0.4892597695390782	0.4892597695390782	11.28	0.0	4.599041833667335	3.918970754008016	314.04	308.5	0.4892597695390782	0.4892597695390782	11.28	0.0	291.0	289.81	670.23	258.5	1	0
PROTOTYPE	024837	04/16/18	04:03:56	0.4892597695390782	0.4892597695390782	11.31	0.0	4.7947457414829655	4.051070891783566	446.76	442.23	0.4892597695390782	0.4892597695390782	11.31	0.0	303.0	291.78	841.42	429.72	1	0
PROTOTYPE	024838	04/16/18	04:03:57	0.4892597695390782	0.4892597695390782	11.3	0.0	4.892597695390782	4.177299912324649	574.37	570.89	0.4892597695390782	0.4892597695390782	11.3	0.0	296.0	292.42	881.94	470.26	1	0
PROTOTYPE	024839	04/16/18	04:03:59	0.4892597695390782	0.4892597695390782	11.31	0.0	4.990449649298597	4.2986363351703405	697.64	695.26	0.4892597695390782	0.4892597695390782	11.31	0.0	305.0	294.3	864.96	864.72	1	0
PROTOTYPE	024840	04/16/18	04:04:00	0.4892597695390782	0.4892597695390782	11.28	0.0	5.088301603206413	4.417037199398798	817.2	815.97	0.4892597695390782	0.4892597695390782	11.28	0.0	275.0	291.41	954.39	375.02	1	0
PROTOTYPE	024841	04/16/18	04:04:01	0.4892597695390782	0.4892597695390782	11.28	0.0	5.1861535571142285	4.5325025050100205	933.64	933.57	0.4892597695390782	0.4892597695390782	11.28	0.0	290.0	291.2	850.44	228.76	1	0
PROTOTYPE	024842	04/16/18	04:04:03	0.4892597695390782	0.4892597695390782	11.28	0.0	5.284005511022044	4.6450322520040075	973.6	973.54	0.4892597695390782	0.4892597695390782	11.28	0.0	297.0	292.07	876.12	254.45	1	0
PROTOTYPE	024843	04/16/18	04:04:04	0.4892597695390782	0.4892597695390782	11.28	0.0	5.284005511022044	4.740927166833667	962.57	962.51	0.4892597695390782	0.4892597695390782	11.28	0.0	295.0	292.51	912.84	291.28	1	0
PROTOTYPE	024844	04/16/18	04:04:06	0.4892597695390782	0.4892597695390782	11.28	0.0	5.38185746492986	4.8368220816633265	938.2	938.13	0.4892597695390782	0.4892597695390782	11.28	0.0	297.0	293.18	959.11	337.59	1	0
PROTOTYPE	024845	04/16/18	04:04:07	0.4892597695390782	0.4892597695390782	11.25	0.0	5.38185746492986	4.919017722945892	887.48	887.41	0.4892597695390782	0.4892597695390782	11.25	0.0	288.0	292.4	838.93	61.95	1	0
PROTOTYPE	024846	04/16/18	04:04:09	0.4892597695390782	0.4892597695390782	11.25	0.0	5.479709418837675	5.003170403306614	844.38	844.3	0.4892597695390782	0.4892597695390782	11.25	0.0	294.0	292.64	799.66	22.66	1	0
PROTOTYPE	024847	04/16/18	04:04:10	0.4892597695390782	0.4892597695390782	11.3	0.0	5.479709418837675	5.074602329659318	792.74	792.65	0.4892597695390782	0.4892597695390782	11.3	0.0	295.0	293.0	646.29	-130.74	1	0
PROTOTYPE	024848	04/16/18	04:04:11	0.4892597695390782	0.4892597695390782	11.31	0.0	5.577561372745492	5.149948334168337	748.84	748.76	0.4892597695390782	0.4892597695390782	11.31	0.0	290.0	292.55	401.7	113.87	1	0
PROTOTYPE	024849	04/16/18	04:04:13	0.4892597695390782	0.4892597695390782	11.3	0.0	5.577561372745492	5.214530623747495	696.54	696.44	0.4892597695390782	0.4892597695390782	11.3	0.0	296.0	293.07	432.32	186.79	0	0
PROTOTYPE	024850	04/16/18	04:04:14	0.4892597695390782	0.4892597695390782	11.29	0.0	4.01193011022044	5.0335045090180355	765.65	396.98	0.4892597695390782	0.4892597695390782	11.29	0.0	296.0	293.51	389.32	143.77	0	0
PROTOTYPE	024851	04/16/18	04:04:16	0.4892597695390782	0.4892597695390782	11.3	0.0	3.6205222945891786	4.822144288577155	884.39	82.43	0.4892597695390782	0.4892597695390782	11.3	0.0	289.0	292.83	412.91	32.21	0	0
PROTOTYPE	024852	04/16/18	04:04:17	0.4892597695390782	0.4892597695390782	11.28	0.0	3.522670340681363	4.627418900300601	985.32	-214.93	0.4892597695390782	0.4892597695390782	11.28	0.0	290.0	292.41	387.98	-77.63	0	0
PROTOTYPE	024853	04/16/18	04:04:18	0.4892597695390782	0.4892597695390782	11.28	0.0	3.424818386773547	4.446392785571143	1086.11	-482.69	0.4892597695390782	0.4892597695390782	11.28	0.0	283.0	290.99	451.33	-140.98	0	0
PROTOTYPE	024854	04/16/18	04:04:20	0.4892597695390782	0.4892597695390782	11.28	0.0	3.3269664328657313	4.279065944388777	1171.78	-740.29	0.4892597695390782	0.4892597695390782	11.28	0.0	277.0	288.9	637.28	-374.83	0	0
PROTOTYPE	024855	04/16/18	04:04:21	0.4892597695390782	0.4892597695390782	11.24	0.0	3.3269664328657313	4.1362020916833675	1244.6	-959.25	0.4892597695390782	0.4892597695390782	11.24	0.0	283.0	288.01	690.34	-498.61	0	0
PROTOTYPE	024856	04/16/18	04:04:23	0.4892597695390782	0.4892597695390782	11.24	0.0	3.3269664328657313	4.014865668837675	1291.5	-1160.36	0.4892597695390782	0.4892597695390782	11.24	0.0	288.0	288.01	646.78	-453.82	0	0
PROTOTYPE	024857	04/16/18	04:04:24	0.4892597695390782	0.4892597695390782	11.29	0.0	3.3269664328657313	3.9111425976953904	1331.36	-1331.31	0.4892597695390782	0.4892597695390782	11.29	0.0	285.0	287.56	640.13	-550.74	0	0
PROTOTYPE	024858	04/16/18	04:04:25	0.4892597695390782	0.4892597695390782	11.3	0.0	3.2291144789579156	3.8093765656312626	1251.66	-1251.61	0.4892597695390782	0.4892597695390782	11.3	0.0	289.0	287.77	617.77	-573.13	0	0
PROTOTYPE	024859	04/16/18	04:04:27	0.4892597695390782	0.4892597695390782	11.29	0.0	3.2291144789579156	3.722288326653307	1123.93	-1123.87	0.4892597695390782	0.4892597695390782	11.29	0.0	289.0	287.96	568.61	-487.16	0	0
PROTOTYPE	024860	04/16/18	04:04:28	0.4892597695390782	0.4892597695390782	11.29	0.0	3.2291144789579156	3.647920841683367	1000.36	-1000.29	0.4892597695390782	0.4892597695390782	11.29	0.0	285.0	287.51	570.53	-489.09	0	0
PROTOTYPE	024861	04/16/18	04:04:30	0.4892597695390782	0.4892597695390782	11.27	0.0	3.2291144789579156	3.5852955911823647	880.32	-880.24	0.4892597695390782	0.4892597695390782	11.27	0.0	298.0	289.09	586.74	-190.73	0	0
PROTOTYPE	024862	04/16/18	04:04:31	0.4892597695390782	0.4892597695390782	11.29	0.0	3.2291144789579156	3.5314770165330667	763.3	-763.21	0.4892597695390782	0.4892597695390782	11.29	0.0	302.0	291.02	570.51	212.88	0	0
PROTOTYPE	024863	04/16/18	04:04:32	0.4892597695390782	0.4892597695390782	11.28	0.0	3.2291144789579156	3.4864651177354715	663.83	-663.73	0.4892597695390782	0.4892597695390782	11.28	0.0	278.0	289.07	677.44	105.95	0	0
PROTOTYPE	024864	04/16/18	04:04:34	0.4892597695390782	0.4892597695390782	11.28	0.0	3.2291144789579156	3.448302855711423	579.29	-579.17	0.4892597695390782	0.4892597695390782	11.28	0.0	301.0	290.86	854.97	285.06	0	0
PROTOTYPE	024865	04/16/18	04:04:35	0.4892597695390782	0.4892597695390782	11.23	0.0	3.2291144789579156	3.4150331913827654	507.43	-507.29	0.4892597695390782	0.4892597695390782	11.23	0.0	288.0	290.43	852.73	287.3	0	0
PROTOTYPE	024866	04/16/18	04:04:37	0.4892597695390782	0.4892597695390782	11.23	0.0	3.2291144789579156	3.387634644288577	431.37	-431.2	0.4892597695390782	0.4892597695390782	11.23	0.0	277.0	288.42	1032.53	64.2	0	0
PROTOTYPE	024867	04/16/18	04:04:38	0.4892597695390782	0.4892597695390782	11.24	0.0	3.1312625250501003	3.3484938627254506	381.7	-381.52	0.4892597695390782	0.4892597695390782	11.24	0.0	280.0	287.15	1140.34	-80.43	0	0
PROTOTYPE	024868	04/16/18	04:04:40	0.4892597695390782	0.4892597695390782	11.25	0.0	3.2291144789579156	3.3308805110220443	324.51	-324.29	0.4892597695390782	0.4892597695390782	11.25	0.0	276.0	285.48	1263.26	-203.36	0	0
PROTOTYPE	024869	04/16/18	04:04:41	0.4892597695390782	0.4892597695390782	11.26	0.0	3.2291144789579156	3.315224198396794	275.92	-275.65	0.4892597695390782	0.4892597695390782	11.26	0.0	287.0	285.71	1128.8	-337.86	0	0
PROTOTYPE	024870	04/16/18	04:04:42	0.4892597695390782	0.4892597695390782	11.25	0.0	3.1312625250501003	3.2878256513026054	249.59	-249.3	0.4892597695390782	0.4892597695390782	11.25	0.0	294.0	286.95	1059.48	-407.18	0	0
PROTOTYPE	024871	04/16/18	04:04:44	0.4892597695390782	0.4892597695390782	11.23	0.0	3.1312625250501003	3.2643411823647295	227.21	-226.91	0.4892597695390782	0.4892597695390782	11.23	0.0	287.0	286.96	865.68	-211.1	0	0
PROTOTYPE	024872	04/16/18	04:04:45	0.4892597695390782	0.4892597695390782	11.25	0.0	3.1312625250501003	3.244770791583166	208.2	-207.87	0.4892597695390782	0.4892597695390782	11.25	0.0	287.0	286.97	688.28	-389.44	0	0
PROTOTYPE	024873	04/16/18	04:04:47	0.4892597695390782	0.4892597695390782	11.26	0.0	3.1312625250501003	3.2271574398797593	192.05	-191.69	0.4892597695390782	0.4892597695390782	11.26	0.0	294.0	288.02	750.88	-241.02	0	0
PROTOTYPE	024874	04/16/18	04:04:48	0.4892597695390782	0.4892597695390782	11.26	0.0	3.1312625250501003	3.2134581663326656	178.33	-177.94	0.4892597695390782	0.4892597695390782	11.26	0.0	291.0	288.47	594.12	5.13	0	0
PROTOTYPE	024875	04/16/18	04:04:49	0.4892597695390782	0.4892597695390782	11.26	0.0	3.1312625250501003	3.2007374123246493	151.69	-151.25	0.4892597695390782	0.4892597695390782	11.26	0.0	285.0	287.95	519.9	79.36	0	0
PROTOTYPE	024876	04/16/18	04:04:51	0.4892597695390782	0.4892597695390782	11.25	0.0	3.1312625250501003	3.1899736973947896	144.04	-143.56	0.4892597695390782	0.4892597695390782	11.25	0.0	287.0	287.81	366.87	232.46	0	0
PROTOTYPE	024877	04/16/18	04:04:52	0.4892597695390782	0.4892597695390782	11.29	0.0	3.1312625250501003	3.181167021543086	137.56	-137.02	0.4892597695390782	0.4892597695390782	11.29	0.0	274.0	285.73	551.12	2.59	0	0
PROTOTYPE	024878	04/16/18	04:04:54	0.4892597695390782	0.4892597695390782	11.28	0.0	3.1312625250501003	3.174317384769539	117.1	-116.47	0.4892597695390782	0.4892597695390782	11.28	0.0	290.0	286.37	490.74	-57.8	0	0
PROTOTYPE	024879	04/16/18	04:04:55	0.4892597695390782	0.4892597695390782	11.29	0.0	3.1312625250501003	3.1674677479959916	99.73	-99.0	0.4892597695390782	0.4892597695390782	11.29	0.0	291.0	287.07	558.58	10.87	0	1
PROTOTYPE	024880	04/16/18	04:04:56	0.4892597695390782	0.4892597695390782	11.29	0.0	3.1312625250501003	3.162575150300601	85.01	-84.15	0.4892597695390782	0.4892597695390782	11.29	0.0	297.0	288.56	706.02	159.24	0	1
PROTOTYPE	024881	04/16/18	04:04:58	0.4892597695390782	0.4892597695390782	11.28	0.0	3.1312625250501003	3.157682552605211	72.53	-71.53	0.4892597695390782	0.4892597695390782	11.28	0.0	296.0	289.67	712.13	165.35	0	1
PROTOTYPE	024882	04/16/18	04:04:59	0.4892597695390782	0.4892597695390782	11.27	0.0	3.1312625250501003	3.1537684744488974	61.97	-60.8	0.4892597695390782	0.4892597695390782	11.27	0.0	293.0	290.17	717.32	170.55	0	1
PROTOTYPE	024883	04/16/18	04:05:01	0.4892597695390782	0.4892597695390782	11.27	0.0	3.1312625250501003	3.149854396292585	53.06	-51.68	0.4892597695390782	0.4892597695390782	11.27	0.0	284.0	289.25	757.9	129.97	0	1
PROTOTYPE	024884	04/16/18	04:05:02	0.4892597695390782	0.4892597695390782	11.27	0.0	3.1312625250501003	3.1469188376753503	45.53	-43.93	0.4892597695390782	0.4892597695390782	11.27	0.0	280.0	287.86	882.33	5.47	0	1
PROTOTYPE	024885	04/16/18	04:05:03	0.4892597695390782	0.4892597695390782	11.22	0.0	3.1312625250501003	3.1449617985971945	39.19	-37.34	0.4892597695390782	0.4892597695390782	11.22	0.0	286.0	287.58	703.18	184.65	0	1
PROTOTYPE	024886	04/16/18	04:05:05	0.4892597695390782	0.4892597695390782	11.21	0.0	3.1312625250501003	3.143004759519038	33.89	-31.74	0.4892597695390782	0.4892597695390782	11.21	0.0	287.0	287.49	648.01	111.95	0	1
PROTOTYPE	024887	04/16/18	04:05:06	0.4892597695390782	0.4892597695390782	11.23	0.0	3.1312625250501003	3.1410477204408815	29.47	-26.98	0.4892597695390782	0.4892597695390782	11.23	0.0	295.0	288.62	691.21	155.16	0	1
PROTOTYPE	024888	04/16/18	04:05:08	0.4892597695390782	0.4892597695390782	11.22	0.0	3.1312625250501003	3.140069200901804	25.8	-22.93	0.4892597695390782	0.4892597695390782	11.22	0.0	289.0	288.68	548.1	11.89	0	1
PROTOTYPE	024889	04/16/18	04:05:09	0.4892597695390782	0.4892597695390782	11.24	0.0	3.1312625250501003	3.138112161823647	22.79	-19.49	0.4892597695390782	0.4892597695390782	11.24	0.0	286.0	288.28	476.64	-139.9	0	1
PROTOTYPE	024890	04/16/18	04:05:10	0.4892597695390782	0.4892597695390782	11.25	0.0	3.1312625250501003	3.1371336422845695	20.32	-16.57	0.4892597695390782	0.4892597695390782	11.25	0.0	294.0	289.13	512.62	-103.91	0	1
PROTOTYPE	024891	04/16/18	04:05:12	0.4892597695390782	0.4892597695390782	11.23	0.0	3.1312625250501003	3.1361551227454907	18.3	-14.08	0.4892597695390782	0.4892597695390782	11.23	0.0	285.0	288.51	482.04	-73.32	0	1
PROTOTYPE	024892	04/16/18	04:05:13	0.4892597695390782	0.4892597695390782	11.23	0.0	3.1312625250501003	3.135176603206413	16.68	-11.97	0.4892597695390782	0.4892597695390782	11.23	0.0	291.0	288.89	380.64	102.67	0	1
PROTOTYPE	024893	04/16/18	04:05:15	0.4892597695390782	0.4892597695390782	11.24	0.0	3.1312625250501003	3.135176603206413	15.4	-10.17	0.4892597695390782	0.4892597695390782	11.24	0.0	298.0	290.25	489.41	267.27	0	1
PROTOTYPE	024894	04/16/18	04:05:16	0.4892597695390782	0.4892597695390782	11.26	0.0	3.1312625250501003	3.134198083667335	14.41	-8.65	0.4892597695390782	0.4892597695390782	11.26	0.0	295.0	290.97	551.79	347.18	0	1
PROTOTYPE	024895	04/16/18	04:05:17	0.4892597695390782	0.4892597695390782	11.24	0.0	3.0334105711422845	3.1195202905811623	27.68	-22.35	0.4892597695390782	0.4892597695390782	11.24	0.0	288.0	290.52	483.7	190.1	0	1
PROTOTYPE	024896	04/16/18	04:05:19	0.4892597695390782	0.4892597695390782	11.22	0.0	3.1312625250501003	3.1214773296593186	27.91	-19.0	0.4892597695390782	0.4892597695390782	11.22	0.0	297.0	291.49	575.02	281.59	0	1
PROTOTYPE	024897	04/16/18	04:05:20	0.4892597695390782	0.4892597695390782	11.22	0.0	3.0334105711422845	3.1077780561122244	39.51	-31.15	0.4892597695390782	0.4892597695390782	11.22	0.0	287.0	290.82	602.25	254.35	0	1
PROTOTYPE	024898	04/16/18	04:05:22	0.4892597695390782	0.4892597695390782	11.21	0.0	3.1312625250501003	3.1116921342685373	41.57	-26.48	0.4892597695390782	0.4892597695390782	11.21	0.0	294.0	291.3	564.1	216.2	0	1
PROTOTYPE	024899	04/16/18	04:05:23	0.4892597695390782	0.4892597695390782	11.21	0.0	3.0334105711422845	3.0999498997995993	51.93	-37.5	0.4892597695390782	0.4892597695390782	11.21	0.0	292.0	291.4	512.73	288.77	0	1
PROTOTYPE	024900	04/16/18	04:05:24	0.4892597695390782	0.4892597695390782	11.21	0.0	3.0334105711422845	3.090164704408817	60.59	-46.88	0.4892597695390782	0.4892597695390782	11.21	0.0	290.0	291.19	496.48	230.45	0	1
PROTOTYPE	024901	04/16/18	04:05:26	0.4892597695390782	0.4892597695390782	11.22	0.0	3.1312625250501003	3.0960358216432864	65.55	-39.85	0.4892597695390782	0.4892597695390782	11.22	0.0	299.0	292.36	476.92	210.89	0	1
PROTOTYPE	024902	04/16/18	04:05:27	0.4892597695390782	0.4892597695390782	11.2	0.0	3.1312625250501003	3.1009284193386777	69.6	-33.87	0.4892597695390782	0.4892597695390782	11.2	0.0	282.0	290.81	561.15	-15.75	0	1
PROTOTYPE	024903	04/16/18	04:05:29	0.4892597695390782	0.4892597695390782	11.22	0.0	3.0334105711422845	3.091143223947896	64.56	-28.79	0.4892597695390782	0.4892597695390782	11.22	0.0	295.0	291.44	579.54	91.61	0	1
PROTOTYPE	024904	04/16/18	04:05:30	0.4892597695390782	0.4892597695390782	11.24	0.0	3.0334105711422845	3.082336548096192	71.21	-39.47	0.4892597695390782	0.4892597695390782	11.24	0.0	290.0	291.22	503.94	-27.13	0	1
PROTOTYPE	024905	04/16/18	04:05:32	0.4892597695390782	0.4892597695390782	11.24	0.0	3.1312625250501003	3.090164704408817	65.31	-18.55	0.4892597695390782	0.4892597695390782	11.24	0.0	289.0	290.89	469.89	6.94	0	1
PROTOTYPE	024906	04/16/18	04:05:33	0.4892597695390782	0.4892597695390782	11.27	0.0	3.1312625250501003	3.0960358216432864	67.99	-15.77	0.4892597695390782	0.4892597695390782	11.27	0.0	274.0	288.36	675.48	-294.1	0	1
PROTOTYPE	024907	04/16/18	04:05:34	0.4892597695390782	0.4892597695390782	11.36	0.0	3.0334105711422845	3.086250626252505	65.66	-13.4	0.4892597695390782	0.4892597695390782	11.36	0.0	295.0	289.35	764.51	-204.98	0	1
PROTOTYPE	024908	04/16/18	04:05:36	0.4892597695390782	0.4892597695390782	11.36	0.0	3.0334105711422845	3.0784224699398797	63.67	-11.39	0.4892597695390782	0.4892597695390782	11.36	0.0	281.0	288.1	868.73	-309.24	0	1
PROTOTYPE	024909	04/16/18	04:05:37	0.4892597695390782	0.4892597695390782	11.36	0.0	3.0334105711422845	3.071572833166333	64.23	-24.68	0.4892597695390782	0.4892597695390782	11.36	0.0	288.0	288.08	753.64	-427.85	0	1
PROTOTYPE	024910	04/16/18	04:05:39	0.4892597695390782	0.4892597695390782	11.37	0.0	3.0334105711422845	3.065701715931864	64.7	-35.98	0.4892597695390782	0.4892597695390782	11.37	0.0	278.0	286.57	749.46	-423.67	0	1
PROTOTYPE	024911	04/16/18	04:05:40	0.4892597695390782	0.4892597695390782	11.36	0.0	3.0334105711422845	3.0608091182364734	59.4	-30.58	0.4892597695390782	0.4892597695390782	11.36	0.0	285.0	286.34	710.18	-510.12	0	1
PROTOTYPE	024912	04/16/18	04:05:41	0.4892597695390782	0.4892597695390782	11.35	0.0	3.0334105711422845	3.05689504008016	54.93	-26.0	0.4892597695390782	0.4892597695390782	11.35	0.0	292.0	287.19	773.56	-403.6	0	1
PROTOTYPE	024913	04/16/18	04:05:43	0.4892597695390782	0.4892597695390782	11.36	0.0	3.0334105711422845	3.053959481462926	51.2	-37.1	0.4892597695390782	0.4892597695390782	11.36	0.0	292.0	287.91	812.44	-298.06	0	1
PROTOTYPE	024914	04/16/18	04:05:44	0.4892597695390782	0.4892597695390782	11.32	0.0	3.1312625250501003	3.0647231963927855	56.69	-31.53	0.4892597695390782	0.4892597695390782	11.32	0.0	287.0	287.77	572.79	-58.35	0	1
PROTOTYPE	024915	04/16/18	04:05:46	0.4892597695390782	0.4892597695390782	11.23	0.0	3.1312625250501003	3.0754869113226455	57.21	-11.8	0.4892597695390782	0.4892597695390782	11.23	0.0	293.0	288.56	551.55	-79.6	0	1
PROTOTYPE	024916	04/16/18	04:05:47	0.4892597695390782	0.4892597695390782	11.23	0.0	3.0334105711422845	3.0686372745490984	55.47	-10.03	0.4892597695390782	0.4892597695390782	11.23	0.0	285.0	288.02	479.62	-7.66	0	1
PROTOTYPE	024917	04/16/18	04:05:49	0.4892597695390782	0.4892597695390782	11.24	0.0	3.0334105711422845	3.0637446768537075	54.01	-8.53	0.4892597695390782	0.4892597695390782	11.24	0.0	286.0	287.72	507.94	-36.51	0	1
PROTOTYPE	024918	04/16/18	04:05:50	0.4892597695390782	0.4892597695390782	11.25	0.0	3.1312625250501003	3.073529872244489	58.44	7.75	0.4892597695390782	0.4892597695390782	11.25	0.0	293.0	288.51	435.9	193.97	0	1
PROTOTYPE	024919	04/16/18	04:05:51	0.4892597695390782	0.4892597695390782	11.25	0.0	3.0334105711422845	3.06765875501002	59.56	6.59	0.4892597695390782	0.4892597695390782	11.25	0.0	281.0	287.38	524.96	104.87	0	1
PROTOTYPE	024920	04/16/18	04:05:53	0.4892597695390782	0.4892597695390782	11.25	0.0	3.1312625250501003	3.0774439504008018	64.94	20.6	0.4892597695390782	0.4892597695390782	11.25	0.0	291.0	287.93	494.24	74.14	0	1
PROTOTYPE	024921	04/16/18	04:05:54	0.4892597695390782	0.4892597695390782	11.23	0.0	3.0334105711422845	3.070594313627254	67.9	17.51	0.4892597695390782	0.4892597695390782	11.23	0.0	298.0	289.44	573.11	153.02	0	1
PROTOTYPE	024922	04/16/18	04:05:56	0.4892597695390782	0.4892597695390782	11.24	0.0	3.0334105711422845	3.0647231963927855	61.77	-0.12	0.4892597695390782	0.4892597695390782	11.24	0.0	284.0	288.62	641.0	85.07	0	1
PROTOTYPE	024923	04/16/18	04:05:57	0.4892597695390782	0.4892597695390782	11.26	0.0	3.0334105711422845	3.0598305986973946	56.59	-15.1	0.4892597695390782	0.4892597695390782	11.26	0.0	287.0	288.38	586.93	-17.69	0	1
PROTOTYPE	024924	04/16/18	04:05:58	0.4892597695390782	0.4892597695390782	11.26	0.0	3.0334105711422845	3.055916520541082	54.4	-12.83	0.4892597695390782	0.4892597695390782	11.26	0.0	293.0	289.07	602.91	104.96	0	1
PROTOTYPE	024925	04/16/18	04:06:00	0.4892597695390782	0.4892597695390782	11.25	0.0	3.0334105711422845	3.0529809619238475	52.57	-10.91	0.4892597695390782	0.4892597695390782	11.25	0.0	286.0	288.61	618.64	89.22	0	1
PROTOTYPE	024926	04/16/18	04:06:01	0.4892597695390782	0.4892597695390782	11.24	0.0	3.0334105711422845	3.0500454033066133	45.38	-24.27	0.4892597695390782	0.4892597695390782	11.24	0.0	294.0	289.42	620.26	90.83	0	1
PROTOTYPE	024927	04/16/18	04:06:03	0.4892597695390782	0.4892597695390782	11.32	0.0	3.1312625250501003	3.061787637775551	51.6	-5.63	0.4892597695390782	0.4892597695390782	11.32	0.0	294.0	290.11	576.31	272.21	0	1
PROTOTYPE	024928	04/16/18	04:06:04	0.4892597695390782	0.4892597695390782	11.32	0.0	3.0334105711422845	3.057873559619239	46.37	-19.79	0.4892597695390782	0.4892597695390782	11.32	0.0	297.0	291.14	625.47	321.38	0	1
PROTOTYPE	024929	04/16/18	04:06:05	0.4892597695390782	0.4892597695390782	11.33	0.0	3.0334105711422845	3.053959481462926	43.51	-16.82	0.4892597695390782	0.4892597695390782	11.33	0.0	298.0	292.17	577.26	273.17	0	1
PROTOTYPE	024930	04/16/18	04:06:07	0.4892597695390782	0.4892597695390782	11.33	0.0	3.0334105711422845	3.0510239228456912	41.11	-14.3	0.4892597695390782	0.4892597695390782	11.33	0.0	285.0	291.09	603.24	247.2	0	1
PROTOTYPE	024931	04/16/18	04:06:08	0.4892597695390782	0.4892597695390782	11.32	0.0	3.0334105711422845	3.0480883642284566	39.11	-12.15	0.4892597695390782	0.4892597695390782	11.32	0.0	297.0	291.98	667.46	360.12	0	1
PROTOTYPE	024932	04/16/18	04:06:10	0.4892597695390782	0.4892597695390782	11.31	0.0	3.0334105711422845	3.0461313251503004	37.44	-10.33	0.4892597695390782	0.4892597695390782	11.31	0.0	295.0	292.43	643.45	336.1	0	1
PROTOTYPE	024933	04/16/18	04:06:11	0.4892597695390782	0.4892597695390782	11.31	0.0	3.0334105711422845	3.0441742860721446	36.08	-8.78	0.4892597695390782	0.4892597695390782	11.31	0.0	300.0	293.57	710.87	495.68	0	1
PROTOTYPE	024934	04/16/18	04:06:12	0.4892597695390782	0.4892597695390782	11.31	0.0	3.0334105711422845	3.042217246993988	34.96	-7.46	0.4892597695390782	0.4892597695390782	11.31	0.0	292.0	293.33	653.58	391.33	0	1
PROTOTYPE	024935	04/16/18	04:06:14	0.4892597695390782	0.4892597695390782	11.23	0.0	3.0334105711422845	3.04123872745491	24.4	-21.34	0.4892597695390782	0.4892597695390782	11.23	0.0	280.0	291.33	784.86	122.63	0	1
PROTOTYPE	024936	04/16/18	04:06:15	0.4892597695390782	0.4892597695390782	11.24	0.0	3.0334105711422845	3.0402602079158316	21.63	-18.14	0.4892597695390782	0.4892597695390782	11.24	0.0	290.0	291.13	701.49	-0.76	0	1
PROTOTYPE	024937	04/16/18	04:06:17	0.4892597695390782	0.4892597695390782	11.24	0.0	3.0334105711422845	3.0392816883767533	19.37	-15.42	0.4892597695390782	0.4892597695390782	11.24	0.0	296.0	291.86	671.61	-30.65	0	1
PROTOTYPE	024938	04/16/18	04:06:18	0.4892597695390782	0.4892597695390782	11.24	0.0	3.0334105711422845	3.038303168837676	17.55	-13.11	0.4892597695390782	0.4892597695390782	11.24	0.0	288.0	291.28	622.02	18.95	0	1
PROTOTYPE	024939	04/16/18	04:06:20	0.4892597695390782	0.4892597695390782	11.23	0.0	3.0334105711422845	3.037324649298597	16.08	-11.14	0.4892597695390782	0.4892597695390782	11.23	0.0	278.0	289.29	732.68	-268.89	0	1
PROTOTYPE	024940	04/16/18	04:06:21	0.4892597695390782	0.4892597695390782	11.25	0.0	3.0334105711422845	3.037324649298597	14.93	-9.47	0.4892597695390782	0.4892597695390782	11.25	0.0	281.0	288.05	811.73	-438.56	0	1
PROTOTYPE	024941	04/16/18	04:06:22	0.4892597695390782	0.4892597695390782	11.26	0.0	3.0334105711422845	3.036346129759519	14.04	-8.05	0.4892597695390782	0.4892597695390782	11.26	0.0	293.0	288.79	772.52	-477.78	0	1
PROTOTYPE	024942	04/16/18	04:06:24	0.4892597695390782	0.4892597695390782	11.26	0.0	3.0334105711422845	3.036346129759519	13.34	-6.84	0.4892597695390782	0.4892597695390782	11.26	0.0	296.0	289.87	857.11	-346.11	0	1
PROTOTYPE	024943	04/16/18	04:06:25	0.4892597695390782	0.4892597695390782	11.25	0.0	3.0334105711422845	3.035367610220441	12.8	-5.82	0.39140781563126253	0.4745819764529058	24.91	-15.0	262.0	285.69	1075.19	-564.19	0	1
PROTOTYPE	024944	04/16/18	04:06:27	0.4892597695390782	0.4892597695390782	11.24	0.0	3.0334105711422845	3.035367610220441	12.39	-4.94	0.4892597695390782	0.4765390155310621	26.15	-12.75	286.0	285.74	1059.99	-539.56	0	1
PROTOTYPE	024945	04/16/18	04:06:28	0.4892597695390782	0.4892597695390782	11.23	0.0	3.0334105711422845	3.035367610220441	12.07	-4.2	0.4892597695390782	0.47849605460921835	27.11	-10.84	296.0	287.28	1140.92	-458.63	0	1
PROTOTYPE	024946	04/16/18	04:06:29	0.4892597695390782	0.4892597695390782	11.25	0.0	3.0334105711422845	3.034389090681363	11.87	-3.57	0.4892597695390782	0.48045309368737477	27.87	-9.21	294.0	288.29	1183.82	-299.83	0	1
PROTOTYPE	024947	04/16/18	04:06:31	0.4892597695390782	0.4892597695390782	11.28	0.0	3.0334105711422845	3.034389090681363	11.73	-3.04	0.4892597695390782	0.48143161322645295	28.46	-7.83	294.0	289.14	1070.29	-14.86	0	1
PROTOTYPE	024948	04/16/18	04:06:32	0.4892597695390782	0.4892597695390782	11.27	0.0	3.1312625250501003	3.049066883767535	25.08	12.42	0.4892597695390782	0.482410132765531	28.88	-6.66	291.0	289.42	973.82	137.37	0	1
PROTOTYPE	024949	04/16/18	04:06:34	0.4892597695390782	0.4892597695390782	11.24	0.0	3.0334105711422845	3.047109844689379	26.33	10.56	0.4892597695390782	0.48338865230460926	29.17	-5.66	285.0	288.76	965.84	-3.24	0	1
PROTOTYPE	024950	04/16/18	04:06:35	0.4892597695390782	0.4892597695390782	11.23	0.0	3.0334105711422845	3.0451528056112225	27.33	8.97	0.4892597695390782	0.48436717184368744	29.4	-4.81	289.0	288.79	861.58	-107.75	0	1
PROTOTYPE	024951	04/16/18	04:06:36	0.4892597695390782	0.4892597695390782	11.25	0.0	3.0334105711422845	3.0431957665330662	28.11	7.63	0.4892597695390782	0.4853456913827655	15.93	10.91	296.0	289.88	551.6	418.41	0	1
PROTOTYPE	024952	04/16/18	04:06:38	0.4892597695390782	0.4892597695390782	11.26	0.0	3.0334105711422845	3.04123872745491	28.71	6.48	0.4892597695390782	0.4863242109218437	14.81	9.28	289.0	289.74	559.96	400.65	0	1
PROTOTYPE	024953	04/16/18	04:06:39	0.4892597695390782	0.4892597695390782	11.26	0.0	3.0334105711422845	3.0402602079158316	29.16	5.51	0.4892597695390782	0.4863242109218437	13.94	7.88	283.0	288.73	507.18	145.55	0	1
PROTOTYPE	024954	04/16/18	04:06:41	0.4892597695390782	0.4892597695390782	11.24	0.0	3.0334105711422845	3.0392816883767533	29.48	4.68	0.4892597695390782	0.4863242109218437	13.25	6.7	283.0	287.87	492.31	-41.28	0	1
PROTOTYPE	024955	04/16/18	04:06:42	0.4892597695390782	0.4892597695390782	11.21	0.0	3.0334105711422845	3.038303168837676	29.7	3.98	0.4892597695390782	0.48730273046092193	12.71	5.7	293.0	288.64	483.5	-50.09	0	1
PROTOTYPE	024956	04/16/18	04:06:43	0.4892597695390782	0.4892597695390782	11.22	0.0	3.0334105711422845	3.037324649298597	16.41	-11.62	0.4892597695390782	0.48730273046092193	12.33	4.84	287.0	288.4	480.27	-102.58	0	1
PROTOTYPE	024957	04/16/18	04:06:45	0.4892597695390782	0.4892597695390782	11.25	0.0	3.0334105711422845	3.037324649298597	15.21	-9.87	0.4892597695390782	0.48730273046092193	12.06	4.12	291.0	288.79	453.03	2.81	0	1
PROTOTYPE	024958	04/16/18	04:06:46	0.4892597695390782	0.4892597695390782	11.31	0.0	3.0334105711422845	3.036346129759519	14.3	-8.39	0.4892597695390782	0.48828125	11.9	3.5	295.0	289.72	542.37	92.39	0	1
PROTOTYPE	024959	04/16/18	04:06:48	0.4892597695390782	0.4892597695390782	11.28	0.0	3.0334105711422845	3.036346129759519	13.53	-7.13	0.4892597695390782	0.48828125	11.71	2.97	302.0	291.56	618.5	168.53	0	1
PROTOTYPE	024960	04/16/18	04:06:49	0.4892597695390782	0.4892597695390782	11.27	0.0	3.1312625250501003	3.0500454033066133	26.15	8.94	0.4892597695390782	0.48828125	11.58	2.53	293.0	291.78	626.94	203.25	0	1
PROTOTYPE	024961	04/16/18	04:06:51	0.4892597695390782	0.4892597695390782	11.28	0.0	3.0334105711422845	3.0480883642284566	27.23	7.6	0.4892597695390782	0.48828125	11.51	2.15	297.0	292.56	604.14	382.76	0	1
PROTOTYPE	024962	04/16/18	04:06:52	0.4892597695390782	0.4892597695390782	11.28	0.0	3.0334105711422845	3.0451528056112225	28.08	6.46	0.4892597695390782	0.48828125	11.44	1.83	290.0	292.18	556.57	430.35	0	1
PROTOTYPE	024963	04/16/18	04:06:53	0.4892597695390782	0.4892597695390782	11.3	0.0	3.0334105711422845	3.0441742860721446	28.76	5.49	0.4892597695390782	0.48828125	11.42	1.55	287.0	291.4	557.3	275.8	0	1
PROTOTYPE	024964	04/16/18	04:06:55	0.4892597695390782	0.4892597695390782	11.29	0.0	3.0334105711422845	3.042217246993988	29.28	4.66	0.4892597695390782	0.4892597695390782	11.37	1.32	303.0	293.14	706.65	474.43	0	1
PROTOTYPE	024965	04/16/18	04:06:56	0.4892597695390782	0.4892597695390782	11.29	0.0	3.0334105711422845	3.04123872745491	29.67	3.97	0.4892597695390782	0.4892597695390782	11.35	1.12	292.0	292.97	684.7	418.26	0	1
PROTOTYPE	024966	04/16/18	04:06:58	0.4892597695390782	0.4892597695390782	11.25	0.0	3.1312625250501003	3.054938001002004	42.04	18.37	0.4892597695390782	0.4892597695390782	11.29	0.95	294.0	293.12	607.02	340.52	0	1
