Dev_id	Index	Date	Time	Sensor1	Sensor1_Filter	Sensor1_LL	Sensor1_Diff	Sensor2	Sensor2_Filter	Sensor2_LL	Sensor2_Diff	Sensor3	Sensor3_Filter	Sensor3_LL	Sensor3_Diff	Sensor4	Sensor4_Filter	Sensor4_LL	Sensor4_Diff	Heater_Status	FSM_Status
PROTOTYPE	031567	04/16/18	06:42:11	0.4892597695390782	0.4892597695390782	11.3	0.0	3.522670340681363	3.520713301603206	12.98	6.08	0.4892597695390782	0.4892597695390782	11.3	0.0	292.0	289.91	344.52	-165.19	0	1
PROTOTYPE	031568	04/16/18	06:42:12	0.4892597695390782	0.4892597695390782	11.28	0.0	3.522670340681363	3.520713301603206	12.52	5.17	0.4892597695390782	0.4892597695390782	11.28	0.0	292.0	290.22	339.3	-170.41	0	1
PROTOTYPE	031569	04/16/18	06:42:14	0.4892597695390782	0.4892597695390782	11.29	0.0	3.522670340681363	3.520713301603206	12.2	4.39	0.4892597695390782	0.4892597695390782	11.29	0.0	286.0	289.59	386.53	-249.85	0	1
PROTOTYPE	031570	04/16/18	06:42:15	0.4892597695390782	0.4892597695390782	11.27	0.0	3.522670340681363	3.5216918211422845	11.94	3.73	0.4892597695390782	0.4892597695390782	11.27	0.0	290.0	289.65	316.49	-167.37	0	1
PROTOTYPE	031571	04/16/18	06:42:17	0.4892597695390782	0.4892597695390782	11.25	0.0	3.522670340681363	3.5216918211422845	11.74	3.17	0.4892597695390782	0.4892597695390782	11.25	0.0	302.0	291.5	451.82	67.73	0	1
PROTOTYPE	031572	04/16/18	06:42:18	0.4892597695390782	0.4892597695390782	11.27	0.0	3.522670340681363	3.5216918211422845	11.63	2.7	0.4892597695390782	0.4892597695390782	11.27	0.0	280.0	289.78	551.97	-32.43	0	1
PROTOTYPE	031573	04/16/18	06:42:19	0.4892597695390782	0.4892597695390782	11.25	0.0	3.522670340681363	3.5216918211422845	11.51	2.29	0.4892597695390782	0.4892597695390782	11.25	0.0	293.0	290.26	553.75	62.44	0	1
PROTOTYPE	031574	04/16/18	06:42:21	0.4892597695390782	0.4892597695390782	11.24	0.0	3.522670340681363	3.5216918211422845	11.43	1.95	0.4892597695390782	0.4892597695390782	11.24	0.0	288.0	289.92	578.05	38.07	0	1
PROTOTYPE	031575	04/16/18	06:42:22	0.4892597695390782	0.4892597695390782	11.21	0.0	3.522670340681363	3.5216918211422845	11.35	1.66	0.4892597695390782	0.4892597695390782	11.21	0.0	277.0	287.98	734.98	-192.64	0	1
PROTOTYPE	031576	04/16/18	06:42:24	0.4892597695390782	0.4892597695390782	11.22	0.0	3.522670340681363	3.5216918211422845	11.32	1.41	0.4892597695390782	0.4892597695390782	11.22	0.0	288.0	287.99	705.04	-223.74	0	1
PROTOTYPE	031577	04/16/18	06:42:25	0.4892597695390782	0.4892597695390782	11.21	0.0	3.522670340681363	3.522670340681363	11.28	1.2	0.4892597695390782	0.4892597695390782	11.21	0.0	293.0	288.74	716.88	-85.18	0	1
PROTOTYPE	031578	04/16/18	06:42:26	0.4892597695390782	0.4892597695390782	11.21	0.0	3.522670340681363	3.522670340681363	11.26	1.02	0.4892597695390782	0.4892597695390782	11.21	0.0	294.0	289.53	789.52	-12.4	0	1
PROTOTYPE	031579	04/16/18	06:42:28	0.4892597695390782	0.4892597695390782	11.24	0.0	3.522670340681363	3.522670340681363	11.28	0.86	0.4892597695390782	0.4892597695390782	11.24	0.0	295.0	290.35	686.38	-115.54	0	1
PROTOTYPE	031580	04/16/18	06:42:29	0.4892597695390782	0.4892597695390782	11.23	0.0	3.522670340681363	3.522670340681363	11.26	0.74	0.4892597695390782	0.4892597695390782	11.23	0.0	294.0	290.9	568.61	111.79	0	1
PROTOTYPE	031581	04/16/18	06:42:31	0.4892597695390782	0.4892597695390782	11.24	0.0	3.522670340681363	3.522670340681363	11.26	0.62	0.4892597695390782	0.4892597695390782	11.24	0.0	283.0	289.71	638.72	-54.98	0	1
PROTOTYPE	031582	04/16/18	06:42:32	0.4892597695390782	0.4892597695390782	11.27	0.0	3.522670340681363	3.522670340681363	11.28	0.53	0.4892597695390782	0.4892597695390782	11.27	0.0	289.0	289.61	615.53	-31.73	0	1
PROTOTYPE	031583	04/16/18	06:42:34	0.4892597695390782	0.4892597695390782	11.28	0.0	3.522670340681363	3.522670340681363	11.29	0.45	0.4892597695390782	0.4892597695390782	11.28	0.0	297.0	290.71	532.63	273.03	0	1
PROTOTYPE	031584	04/16/18	06:42:35	0.4892597695390782	0.4892597695390782	11.29	0.0	3.522670340681363	3.522670340681363	11.3	0.38	0.4892597695390782	0.4892597695390782	11.29	0.0	295.0	291.36	595.5	337.07	0	1
PROTOTYPE	031585	04/16/18	06:42:36	0.4892597695390782	0.4892597695390782	11.32	0.0	3.522670340681363	3.522670340681363	11.32	0.33	0.4892597695390782	0.4892597695390782	11.32	0.0	292.0	291.45	530.03	271.51	0	1
PROTOTYPE	031586	04/16/18	06:42:38	0.4892597695390782	0.4892597695390782	11.32	0.0	3.522670340681363	3.522670340681363	11.32	0.28	0.4892597695390782	0.4892597695390782	11.32	0.0	284.0	290.34	562.91	80.78	0	1
PROTOTYPE	031587	04/16/18	06:42:39	0.4892597695390782	0.4892597695390782	11.32	0.0	3.522670340681363	3.522670340681363	11.32	0.24	0.4892597695390782	0.4892597695390782	11.32	0.0	272.0	287.59	755.85	-276.33	0	1
PROTOTYPE	031588	04/16/18	06:42:41	0.4892597695390782	0.4892597695390782	11.34	0.0	3.522670340681363	3.522670340681363	11.34	0.2	0.4892597695390782	0.4892597695390782	11.34	0.0	296.0	288.85	827.29	-204.88	0	1
PROTOTYPE	031589	04/16/18	06:42:42	0.4892597695390782	0.4892597695390782	11.37	0.0	3.522670340681363	3.522670340681363	11.37	0.17	0.4892597695390782	0.4892597695390782	11.37	0.0	280.0	287.52	841.55	-219.15	0	1
PROTOTYPE	031590	04/16/18	06:42:43	0.4892597695390782	0.4892597695390782	11.37	0.0	3.522670340681363	3.522670340681363	11.37	0.14	0.4892597695390782	0.4892597695390782	11.37	0.0	279.0	286.24	958.59	-336.28	0	1
PROTOTYPE	031591	04/16/18	06:42:45	0.4892597695390782	0.4892597695390782	11.36	0.0	3.522670340681363	3.522670340681363	11.36	0.12	0.4892597695390782	0.4892597695390782	11.36	0.0	285.0	286.06	866.35	-465.84	0	1
PROTOTYPE	031592	04/16/18	06:42:46	0.4892597695390782	0.4892597695390782	11.36	0.0	3.522670340681363	3.522670340681363	11.36	0.1	0.4892597695390782	0.4892597695390782	11.36	0.0	275.0	284.4	967.89	-695.96	0	1
PROTOTYPE	031593	04/16/18	06:42:48	0.4892597695390782	0.4892597695390782	11.35	0.0	3.522670340681363	3.522670340681363	11.35	0.09	0.4892597695390782	0.4892597695390782	11.35	0.0	285.0	284.49	967.29	-696.57	0	1
PROTOTYPE	031594	04/16/18	06:42:49	0.4892597695390782	0.4892597695390782	11.36	0.0	3.522670340681363	3.522670340681363	11.36	0.08	0.4892597695390782	0.4892597695390782	11.36	0.0	279.0	283.66	937.81	-667.08	0	1
PROTOTYPE	031595	04/16/18	06:42:51	0.4892597695390782	0.4892597695390782	11.35	0.0	3.522670340681363	3.522670340681363	11.35	0.06	0.4892597695390782	0.4892597695390782	11.35	0.0	289.0	284.47	742.81	-312.02	0	1
PROTOTYPE	031596	04/16/18	06:42:52	0.4892597695390782	0.4892597695390782	11.32	0.0	3.522670340681363	3.522670340681363	11.32	0.05	0.4892597695390782	0.4892597695390782	11.32	0.0	295.0	286.05	774.61	-280.22	0	1
PROTOTYPE	031597	04/16/18	06:42:53	0.4892597695390782	0.4892597695390782	11.32	0.0	3.522670340681363	3.522670340681363	11.32	0.05	0.4892597695390782	0.4892597695390782	11.32	0.0	277.0	284.69	777.58	-283.18	0	1
PROTOTYPE	031598	04/16/18	06:42:55	0.4892597695390782	0.4892597695390782	11.31	0.0	3.522670340681363	3.522670340681363	11.31	0.04	0.4892597695390782	0.4892597695390782	11.31	0.0	302.0	287.29	909.45	104.29	0	1
PROTOTYPE	031599	04/16/18	06:42:56	0.4892597695390782	0.4892597695390782	11.33	0.0	3.522670340681363	3.522670340681363	11.33	0.03	0.4892597695390782	0.4892597695390782	11.33	0.0	299.0	289.04	1066.49	298.65	0	1
PROTOTYPE	031600	04/16/18	06:42:58	0.4892597695390782	0.4892597695390782	11.31	0.0	3.522670340681363	3.522670340681363	11.31	0.03	0.4892597695390782	0.4892597695390782	11.31	0.0	290.0	289.19	915.07	478.85	0	1
PROTOTYPE	031601	04/16/18	06:42:59	0.4892597695390782	0.4892597695390782	11.3	0.0	3.522670340681363	3.522670340681363	11.3	0.02	0.4892597695390782	0.4892597695390782	11.3	0.0	284.0	288.41	983.73	392.02	0	1
PROTOTYPE	031602	04/16/18	06:43:00	0.4892597695390782	0.4892597695390782	11.29	0.0	3.522670340681363	3.522670340681363	11.29	0.02	0.4892597695390782	0.4892597695390782	11.29	0.0	307.0	291.2	1180.28	753.22	0	1
PROTOTYPE	031603	04/16/18	06:43:02	0.4892597695390782	0.4892597695390782	11.28	0.0	3.522670340681363	3.522670340681363	11.28	0.02	0.4892597695390782	0.4892597695390782	11.28	0.0	299.0	292.37	1217.29	790.24	0	1
PROTOTYPE	031604	04/16/18	06:43:03	0.4892597695390782	0.4892597695390782	11.27	0.0	3.522670340681363	3.522670340681363	11.27	0.01	0.4892597695390782	0.4892597695390782	11.27	0.0	276.0	289.91	1304.78	386.7	0	1
PROTOTYPE	031605	04/16/18	06:43:05	0.4892597695390782	0.4892597695390782	11.25	0.0	3.522670340681363	3.522670340681363	11.25	0.01	0.4892597695390782	0.4892597695390782	11.25	0.0	284.0	289.03	1257.79	433.7	0	1
PROTOTYPE	031606	04/16/18	06:43:06	0.4892597695390782	0.4892597695390782	11.24	0.0	3.522670340681363	3.522670340681363	11.24	0.01	0.4892597695390782	0.4892597695390782	11.24	0.0	289.0	289.02	999.56	173.64	0	1
PROTOTYPE	031607	04/16/18	06:43:07	0.4892597695390782	0.4892597695390782	11.27	0.0	3.522670340681363	3.522670340681363	11.27	0.01	0.4892597695390782	0.4892597695390782	11.27	0.0	285.0	288.42	884.18	-62.4	0	1
PROTOTYPE	031608	04/16/18	06:43:09	0.4892597695390782	0.4892597695390782	11.28	0.0	3.522670340681363	3.522670340681363	11.28	0.01	0.4892597695390782	0.4892597695390782	11.28	0.0	297.0	289.71	998.48	51.96	0	1
PROTOTYPE	031609	04/16/18	06:43:10	0.4892597695390782	0.4892597695390782	11.27	0.0	3.522670340681363	3.522670340681363	11.27	0.01	0.4892597695390782	0.4892597695390782	11.27	0.0	296.0	290.65	1015.1	224.16	0	1
PROTOTYPE	031610	04/16/18	06:43:12	0.4892597695390782	0.4892597695390782	11.28	0.0	3.522670340681363	3.522670340681363	11.28	0.01	0.4892597695390782	0.4892597695390782	11.28	0.0	294.0	291.15	786.49	-4.46	0	1
PROTOTYPE	031611	04/16/18	06:43:13	0.4892597695390782	0.4892597695390782	11.3	0.0	3.522670340681363	3.522670340681363	11.3	0.0	0.4892597695390782	0.4892597695390782	11.3	0.0	289.0	290.83	701.75	-153.79	0	1
PROTOTYPE	031612	04/16/18	06:43:15	0.4892597695390782	0.4892597695390782	11.32	0.0	3.522670340681363	3.522670340681363	11.32	0.0	0.4892597695390782	0.4892597695390782	11.32	0.0	282.0	289.51	588.69	-40.72	0	1
PROTOTYPE	031613	04/16/18	06:43:16	0.4892597695390782	0.4892597695390782	11.32	0.0	3.522670340681363	3.522670340681363	11.32	0.0	0.4892597695390782	0.4892597695390782	11.32	0.0	297.0	290.63	612.42	160.39	0	1
PROTOTYPE	031614	04/16/18	06:43:17	0.4892597695390782	0.4892597695390782	11.33	0.0	3.522670340681363	3.522670340681363	11.33	0.0	0.4892597695390782	0.4892597695390782	11.33	0.0	296.0	291.43	691.54	241.33	0	1
PROTOTYPE	031615	04/16/18	06:43:19	0.4892597695390782	0.4892597695390782	11.28	0.0	3.522670340681363	3.522670340681363	11.28	0.0	0.4892597695390782	0.4892597695390782	11.28	0.0	300.0	292.72	759.69	430.13	0	1
PROTOTYPE	031616	04/16/18	06:43:20	0.4892597695390782	0.4892597695390782	11.29	0.0	3.522670340681363	3.522670340681363	11.29	0.0	0.4892597695390782	0.4892597695390782	11.29	0.0	287.0	291.86	716.76	215.61	0	1
PROTOTYPE	031617	04/16/18	06:43:22	0.4892597695390782	0.4892597695390782	11.31	0.0	3.522670340681363	3.522670340681363	11.31	0.0	0.4892597695390782	0.4892597695390782	11.31	0.0	292.0	291.88	624.85	123.27	0	1
PROTOTYPE	031618	04/16/18	06:43:23	0.4892597695390782	0.4892597695390782	11.31	0.0	3.522670340681363	3.522670340681363	11.31	0.0	0.4892597695390782	0.4892597695390782	11.31	0.0	296.0	292.5	636.36	134.78	0	1
PROTOTYPE	031619	04/16/18	06:43:24	0.4892597695390782	0.4892597695390782	11.29	0.0	3.522670340681363	3.522670340681363	11.29	0.0	0.4892597695390782	0.4892597695390782	11.29	0.0	297.0	293.18	671.55	234.56	0	1
PROTOTYPE	031620	04/16/18	06:43:26	0.4892597695390782	0.4892597695390782	11.28	0.0	3.522670340681363	3.522670340681363	11.28	0.0	0.4892597695390782	0.4892597695390782	11.28	0.0	300.0	294.2	641.49	469.38	0	1
PROTOTYPE	031621	04/16/18	06:43:27	0.4892597695390782	0.4892597695390782	11.29	0.0	3.522670340681363	3.522670340681363	11.29	0.0	0.4892597695390782	0.4892597695390782	11.29	0.0	295.0	294.32	541.16	368.97	0	1
PROTOTYPE	031622	04/16/18	06:43:29	0.4892597695390782	0.4892597695390782	11.29	0.0	3.522670340681363	3.522670340681363	11.29	0.0	0.4892597695390782	0.4892597695390782	11.29	0.0	284.0	292.77	615.37	133.62	0	1
PROTOTYPE	031623	04/16/18	06:43:30	0.4892597695390782	0.4892597695390782	11.3	0.0	3.522670340681363	3.522670340681363	11.3	0.0	0.4892597695390782	0.4892597695390782	11.3	0.0	301.0	294.01	610.33	128.58	0	1
PROTOTYPE	031624	04/16/18	06:43:31	0.4892597695390782	0.4892597695390782	11.29	0.0	3.522670340681363	3.522670340681363	11.29	0.0	0.4892597695390782	0.4892597695390782	11.29	0.0	280.0	291.9	734.61	4.29	0	1
PROTOTYPE	031625	04/16/18	06:43:33	0.4892597695390782	0.4892597695390782	11.3	0.0	3.522670340681363	3.522670340681363	11.3	0.0	0.4892597695390782	0.4892597695390782	11.3	0.0	289.0	291.47	775.69	-41.35	0	1
PROTOTYPE	031626	04/16/18	06:43:34	0.4892597695390782	0.4892597695390782	11.29	0.0	3.522670340681363	3.522670340681363	11.29	0.0	0.4892597695390782	0.4892597695390782	11.29	0.0	281.0	289.9	870.95	-260.15	0	1
PROTOTYPE	031627	04/16/18	06:43:36	0.4892597695390782	0.4892597695390782	11.31	0.0	3.522670340681363	3.522670340681363	11.31	0.0	0.4892597695390782	0.4892597695390782	11.31	0.0	295.0	290.66	879.97	-251.13	0	1
PROTOTYPE	031628	04/16/18	06:43:37	0.4892597695390782	0.4892597695390782	11.35	0.0	3.522670340681363	3.522670340681363	11.35	0.0	0.4892597695390782	0.4892597695390782	11.35	0.0	284.0	289.66	877.56	-453.46	0	1
PROTOTYPE	031629	04/16/18	06:43:39	0.4892597695390782	0.4892597695390782	11.34	0.0	3.522670340681363	3.522670340681363	11.34	0.0	0.4892597695390782	0.4892597695390782	11.34	0.0	296.0	290.61	960.5	-370.44	0	1
PROTOTYPE	031630	04/16/18	06:43:40	0.4892597695390782	0.4892597695390782	11.34	0.0	3.522670340681363	3.522670340681363	11.34	0.0	0.4892597695390782	0.4892597695390782	11.34	0.0	282.0	289.32	934.94	-344.87	0	1
PROTOTYPE	031631	04/16/18	06:43:41	0.4892597695390782	0.4892597695390782	11.33	0.0	3.522670340681363	3.522670340681363	11.33	0.0	0.4892597695390782	0.4892597695390782	11.33	0.0	283.0	288.37	906.34	-563.14	0	1
PROTOTYPE	031632	04/16/18	06:43:43	0.4892597695390782	0.4892597695390782	11.33	0.0	3.522670340681363	3.522670340681363	11.33	0.0	0.4892597695390782	0.4892597695390782	11.33	0.0	294.0	289.22	780.66	-268.67	0	1
PROTOTYPE	031633	04/16/18	06:43:44	0.4892597695390782	0.4892597695390782	11.3	0.0	3.522670340681363	3.522670340681363	11.3	0.0	0.4892597695390782	0.4892597695390782	11.3	0.0	298.0	290.54	868.8	-93.37	0	1
PROTOTYPE	031634	04/16/18	06:43:46	0.4892597695390782	0.4892597695390782	11.31	0.0	3.522670340681363	3.522670340681363	11.31	0.0	0.4892597695390782	0.4892597695390782	11.31	0.0	298.0	291.65	823.74	175.64	0	1
PROTOTYPE	031635	04/16/18	06:43:47	0.4892597695390782	0.4892597695390782	11.31	0.0	3.522670340681363	3.522670340681363	11.31	0.0	0.4892597695390782	0.4892597695390782	11.31	0.0	289.0	291.26	787.06	59.29	0	1
PROTOTYPE	031636	04/16/18	06:43:48	0.4892597695390782	0.4892597695390782	11.27	0.0	3.522670340681363	3.522670340681363	11.27	0.0	0.4892597695390782	0.4892597695390782	11.27	0.0	291.0	291.22	691.19	155.4	0	1
PROTOTYPE	031637	04/16/18	06:43:50	0.4892597695390782	0.4892597695390782	11.28	0.0	3.522670340681363	3.522670340681363	11.28	0.0	0.4892597695390782	0.4892597695390782	11.28	0.0	299.0	292.39	712.88	177.09	0	1
PROTOTYPE	031638	04/16/18	06:43:51	0.4892597695390782	0.4892597695390782	11.29	0.0	3.522670340681363	3.522670340681363	11.29	0.0	0.4892597695390782	0.4892597695390782	11.29	0.0	276.0	289.93	829.44	60.52	0	1
PROTOTYPE	031639	04/16/18	06:43:53	0.4892597695390782	0.4892597695390782	11.3	0.0	3.522670340681363	3.522670340681363	11.3	0.0	0.4892597695390782	0.4892597695390782	11.3	0.0	292.0	290.24	765.71	186.45	0	1
PROTOTYPE	031640	04/16/18	06:43:54	0.4892597695390782	0.4892597695390782	11.29	0.0	3.522670340681363	3.522670340681363	11.29	0.0	0.4892597695390782	0.4892597695390782	11.29	0.0	291.0	290.35	692.81	113.48	0	1
PROTOTYPE	031641	04/16/18	06:43:56	0.4892597695390782	0.4892597695390782	11.31	0.0	3.522670340681363	3.522670340681363	11.31	0.0	0.4892597695390782	0.4892597695390782	11.31	0.0	289.0	290.15	581.42	-38.54	0	1
PROTOTYPE	031642	04/16/18	06:43:57	0.4892597695390782	0.4892597695390782	11.3	0.0	3.522670340681363	3.522670340681363	11.3	0.0	0.4892597695390782	0.4892597695390782	11.3	0.0	292.0	290.43	497.22	-122.76	0	1
PROTOTYPE	031643	04/16/18	06:43:58	0.4892597695390782	0.4892597695390782	11.28	0.0	3.522670340681363	3.522670340681363	11.28	0.0	0.4892597695390782	0.4892597695390782	11.28	0.0	295.0	291.11	525.98	-14.35	0	1
PROTOTYPE	031644	04/16/18	06:44:00	0.4892597695390782	0.4892597695390782	11.29	0.0	3.522670340681363	3.522670340681363	11.29	0.0	0.4892597695390782	0.4892597695390782	11.29	0.0	298.0	292.15	625.19	92.8	0	1
PROTOTYPE	031645	04/16/18	06:44:01	0.4892597695390782	0.4892597695390782	11.28	0.0	3.522670340681363	3.522670340681363	11.28	0.0	0.4892597695390782	0.4892597695390782	11.28	0.0	275.0	289.57	765.65	-281.12	0	1
PROTOTYPE	031646	04/16/18	06:44:03	0.4892597695390782	0.4892597695390782	11.27	0.0	3.522670340681363	3.522670340681363	11.27	0.0	0.4892597695390782	0.4892597695390782	11.27	0.0	288.0	289.34	543.52	-58.95	0	1
PROTOTYPE	031647	04/16/18	06:44:04	0.4892597695390782	0.4892597695390782	11.29	0.0	3.522670340681363	3.522670340681363	11.29	0.0	0.4892597695390782	0.4892597695390782	11.29	0.0	286.0	288.84	562.5	-140.11	0	1
PROTOTYPE	031648	04/16/18	06:44:05	0.4892597695390782	0.4892597695390782	11.31	0.0	3.522670340681363	3.522670340681363	11.31	0.0	0.4892597695390782	0.4892597695390782	11.31	0.0	301.0	290.66	733.44	30.91	0	1
PROTOTYPE	031649	04/16/18	06:44:07	0.4892597695390782	0.4892597695390782	11.29	0.0	3.522670340681363	3.522670340681363	11.29	0.0	0.4892597695390782	0.4892597695390782	11.29	0.0	301.0	292.21	868.17	206.27	0	1
PROTOTYPE	031650	04/16/18	06:44:08	0.4892597695390782	0.4892597695390782	11.29	0.0	3.522670340681363	3.522670340681363	11.29	0.0	0.4892597695390782	0.4892597695390782	11.29	0.0	294.0	292.48	867.23	205.33	0	1
PROTOTYPE	031651	04/16/18	06:44:10	0.4892597695390782	0.4892597695390782	11.29	0.0	3.522670340681363	3.522670340681363	11.29	0.0	0.4892597695390782	0.4892597695390782	11.29	0.0	289.0	291.96	850.86	84.53	0	1
PROTOTYPE	031652	04/16/18	06:44:11	0.4892597695390782	0.4892597695390782	11.28	0.0	3.522670340681363	3.522670340681363	11.28	0.0	0.4892597695390782	0.4892597695390782	11.28	0.0	282.0	290.46	896.93	-168.15	0	1
PROTOTYPE	031653	04/16/18	06:44:12	0.4892597695390782	0.4892597695390782	11.26	0.0	3.522670340681363	3.522670340681363	11.26	0.0	0.4892597695390782	0.4892597695390782	11.26	0.0	295.0	291.15	707.78	157.07	0	1
PROTOTYPE	031654	04/16/18	06:44:14	0.4892597695390782	0.4892597695390782	11.25	0.0	3.522670340681363	3.522670340681363	11.25	0.0	0.4892597695390782	0.4892597695390782	11.25	0.0	289.0	290.82	716.33	148.51	0	1
PROTOTYPE	031655	04/16/18	06:44:15	0.4892597695390782	0.4892597695390782	11.23	0.0	3.522670340681363	3.522670340681363	11.23	0.0	0.4892597695390782	0.4892597695390782	11.23	0.0	291.0	290.85	669.24	201.24	0	1
PROTOTYPE	031656	04/16/18	06:44:17	0.4892597695390782	0.4892597695390782	11.21	0.0	3.522670340681363	3.522670340681363	11.21	0.0	0.4892597695390782	0.4892597695390782	11.21	0.0	296.0	291.62	564.06	96.05	0	1
PROTOTYPE	031657	04/16/18	06:44:18	0.4892597695390782	0.4892597695390782	11.26	0.0	3.522670340681363	3.522670340681363	11.26	0.0	0.4892597695390782	0.4892597695390782	11.26	0.0	283.0	290.33	538.32	-188.36	0	1
PROTOTYPE	031658	04/16/18	06:44:20	0.4892597695390782	0.4892597695390782	11.27	0.0	3.522670340681363	3.522670340681363	11.27	0.0	0.4892597695390782	0.4892597695390782	11.27	0.0	293.0	290.73	551.56	-175.1	0	1
PROTOTYPE	031659	04/16/18	06:44:21	0.4892597695390782	0.4892597695390782	11.29	0.0	3.522670340681363	3.522670340681363	11.29	0.0	0.4892597695390782	0.4892597695390782	11.29	0.0	279.0	288.97	675.29	-298.84	0	1
PROTOTYPE	031660	04/16/18	06:44:22	0.4892597695390782	0.4892597695390782	11.29	0.0	3.522670340681363	3.522670340681363	11.29	0.0	0.4892597695390782	0.4892597695390782	11.29	0.0	294.0	289.72	601.36	-74.01	0	1
PROTOTYPE	031661	04/16/18	06:44:24	0.4892597695390782	0.4892597695390782	11.29	0.0	3.522670340681363	3.522670340681363	11.29	0.0	0.4892597695390782	0.4892597695390782	11.29	0.0	295.0	290.52	612.46	-62.91	0	1
PROTOTYPE	031662	04/16/18	06:44:25	0.4892597695390782	0.4892597695390782	11.3	0.0	3.522670340681363	3.522670340681363	11.3	0.0	0.4892597695390782	0.4892597695390782	11.3	0.0	280.0	288.94	738.0	-188.47	0	1
PROTOTYPE	031663	04/16/18	06:44:27	0.4892597695390782	0.4892597695390782	11.29	0.0	3.522670340681363	3.522670340681363	11.29	0.0	0.4892597695390782	0.4892597695390782	11.29	0.0	278.0	287.3	899.08	-355.2	0	1
PROTOTYPE	031664	04/16/18	06:44:28	0.4892597695390782	0.4892597695390782	11.29	0.0	3.522670340681363	3.522670340681363	11.29	0.0	0.4892597695390782	0.4892597695390782	11.29	0.0	279.0	286.05	946.29	-556.92	0	1
PROTOTYPE	031665	04/16/18	06:44:29	0.4892597695390782	0.4892597695390782	11.26	0.0	3.522670340681363	3.522670340681363	11.26	0.0	0.4892597695390782	0.4892597695390782	11.26	0.0	302.0	288.45	1056.16	-188.38	0	1
PROTOTYPE	031666	04/16/18	06:44:31	0.4892597695390782	0.4892597695390782	11.26	0.0	3.522670340681363	3.522670340681363	11.26	0.0	0.4892597695390782	0.4892597695390782	11.26	0.0	293.0	289.13	1084.4	-160.13	0	1
PROTOTYPE	031667	04/16/18	06:44:32	0.4892597695390782	0.4892597695390782	11.26	0.0	3.522670340681363	3.522670340681363	11.26	0.0	0.4892597695390782	0.4892597695390782	11.26	0.0	289.0	289.11	910.85	13.89	0	1
PROTOTYPE	031668	04/16/18	06:44:34	0.4892597695390782	0.4892597695390782	11.28	0.0	3.522670340681363	3.522670340681363	11.28	0.0	0.4892597695390782	0.4892597695390782	11.28	0.0	291.0	289.39	863.78	-33.19	0	1
PROTOTYPE	031669	04/16/18	06:44:35	0.4892597695390782	0.4892597695390782	11.29	0.0	3.522670340681363	3.522670340681363	11.29	0.0	0.4892597695390782	0.4892597695390782	11.29	0.0	289.0	289.33	790.7	-118.21	0	1
PROTOTYPE	031670	04/16/18	06:44:36	0.4892597695390782	0.4892597695390782	11.29	0.0	3.522670340681363	3.522670340681363	11.29	0.0	0.4892597695390782	0.4892597695390782	11.29	0.0	296.0	290.33	732.95	139.52	0	1
PROTOTYPE	031671	04/16/18	06:44:38	0.4892597695390782	0.4892597695390782	11.29	0.0	3.522670340681363	3.522670340681363	11.29	0.0	0.4892597695390782	0.4892597695390782	11.29	0.0	301.0	291.93	728.87	463.59	0	1
PROTOTYPE	031672	04/16/18	06:44:39	0.4892597695390782	0.4892597695390782	11.31	0.0	3.522670340681363	3.522670340681363	11.31	0.0	0.4892597695390782	0.4892597695390782	11.31	0.0	297.0	292.69	680.4	664.05	0	1
PROTOTYPE	031673	04/16/18	06:44:41	0.4892597695390782	0.4892597695390782	11.3	0.0	3.522670340681363	3.522670340681363	11.3	0.0	0.4892597695390782	0.4892597695390782	11.3	0.0	280.0	290.79	631.6	234.44	0	1
PROTOTYPE	031674	04/16/18	06:44:42	0.4892597695390782	0.4892597695390782	11.29	0.0	3.522670340681363	3.522670340681363	11.29	0.0	0.4892597695390782	0.4892597695390782	11.29	0.0	293.0	291.12	596.45	199.28	0	1
PROTOTYPE	031675	04/16/18	06:44:43	0.4892597695390782	0.4892597695390782	11.29	0.0	3.522670340681363	3.522670340681363	11.29	0.0	0.4892597695390782	0.4892597695390782	11.29	0.0	292.0	291.25	607.32	214.39	0	1
PROTOTYPE	031676	04/16/18	06:44:45	0.4892597695390782	0.4892597695390782	11.28	0.0	3.522670340681363	3.522670340681363	11.28	0.0	0.4892597695390782	0.4892597695390782	11.28	0.0	268.0	287.77	927.72	-162.77	0	1
PROTOTYPE	031677	04/16/18	06:44:46	0.4892597695390782	0.4892597695390782	11.3	0.0	3.522670340681363	3.522670340681363	11.3	0.0	0.4892597695390782	0.4892597695390782	11.3	0.0	285.0	287.35	963.16	-198.36	0	1
PROTOTYPE	031678	04/16/18	06:44:48	0.4892597695390782	0.4892597695390782	11.31	0.0	3.522670340681363	3.522670340681363	11.31	0.0	0.4892597695390782	0.4892597695390782	11.31	0.0	292.0	288.05	932.92	-228.6	0	1
PROTOTYPE	031679	04/16/18	06:44:49	0.4892597695390782	0.4892597695390782	11.31	0.0	3.522670340681363	3.522670340681363	11.31	0.0	0.4892597695390782	0.4892597695390782	11.31	0.0	299.0	289.69	937.21	-224.31	0	1
PROTOTYPE	031680	04/16/18	06:44:51	0.4892597695390782	0.4892597695390782	11.29	0.0	3.522670340681363	3.522670340681363	11.29	0.0	0.4892597695390782	0.4892597695390782	11.29	0.0	294.0	290.34	925.86	-235.67	0	1
PROTOTYPE	031681	04/16/18	06:44:52	0.4892597695390782	0.4892597695390782	11.29	0.0	3.522670340681363	3.522670340681363	11.29	0.0	0.4892597695390782	0.4892597695390782	11.29	0.0	285.0	289.54	815.52	-125.32	0	1
PROTOTYPE	031682	04/16/18	06:44:53	0.4892597695390782	0.4892597695390782	11.29	0.0	3.522670340681363	3.522670340681363	11.29	0.0	0.4892597695390782	0.4892597695390782	11.29	0.0	287.0	289.16	820.4	-196.52	0	1
PROTOTYPE	031683	04/16/18	06:44:55	0.4892597695390782	0.4892597695390782	11.29	0.0	3.522670340681363	3.522670340681363	11.29	0.0	0.4892597695390782	0.4892597695390782	11.29	0.0	290.0	289.28	819.88	-197.04	0	1
PROTOTYPE	031684	04/16/18	06:44:56	0.4892597695390782	0.4892597695390782	11.29	0.0	3.522670340681363	3.522670340681363	11.29	0.0	0.4892597695390782	0.4892597695390782	11.29	0.0	289.0	289.24	475.55	147.52	0	1
PROTOTYPE	031685	04/16/18	06:44:58	0.4892597695390782	0.4892597695390782	11.27	0.0	3.522670340681363	3.522670340681363	11.27	0.0	0.4892597695390782	0.4892597695390782	11.27	0.0	285.0	288.6	497.67	125.39	0	1
PROTOTYPE	031686	04/16/18	06:44:59	0.4892597695390782	0.4892597695390782	11.27	0.0	3.522670340681363	3.522670340681363	11.27	0.0	0.4892597695390782	0.4892597695390782	11.27	0.0	280.0	287.31	556.98	-73.42	0	1
PROTOTYPE	031687	04/16/18	06:45:00	0.4892597695390782	0.4892597695390782	11.29	0.0	3.522670340681363	3.522670340681363	11.29	0.0	0.4892597695390782	0.4892597695390782	11.29	0.0	291.0	287.87	448.01	-182.41	0	1
PROTOTYPE	031688	04/16/18	06:45:02	0.4892597695390782	0.4892597695390782	11.3	0.0	3.522670340681363	3.522670340681363	11.3	0.0	0.4892597695390782	0.4892597695390782	11.3	0.0	294.0	288.79	475.36	-155.05	0	1
PROTOTYPE	031689	04/16/18	06:45:03	0.4892597695390782	0.4892597695390782	11.31	0.0	3.522670340681363	3.522670340681363	11.31	0.0	0.4892597695390782	0.4892597695390782	11.31	0.0	283.0	287.92	482.11	-161.79	0	1
PROTOTYPE	031690	04/16/18	06:45:05	0.4892597695390782	0.4892597695390782	11.31	0.0	3.522670340681363	3.522670340681363	11.31	0.0	0.4892597695390782	0.4892597695390782	11.31	0.0	283.0	287.18	517.83	-197.52	0	1
PROTOTYPE	031691	04/16/18	06:45:06	0.4892597695390782	0.4892597695390782	11.3	0.0	3.522670340681363	3.522670340681363	11.3	0.0	0.4892597695390782	0.4892597695390782	11.3	0.0	302.0	289.4	727.38	12.11	0	1
PROTOTYPE	031692	04/16/18	06:45:07	0.4892597695390782	0.4892597695390782	11.29	0.0	3.522670340681363	3.522670340681363	11.29	0.0	0.4892597695390782	0.4892597695390782	11.29	0.0	280.0	287.99	863.97	-124.71	0	1
PROTOTYPE	031693	04/16/18	06:45:09	0.4892597695390782	0.4892597695390782	11.31	0.0	3.522670340681363	3.522670340681363	11.31	0.0	0.4892597695390782	0.4892597695390782	11.31	0.0	286.0	287.69	830.28	-91.0	0	1
PROTOTYPE	031694	04/16/18	06:45:10	0.4892597695390782	0.4892597695390782	11.3	0.0	3.522670340681363	3.522670340681363	11.3	0.0	0.4892597695390782	0.4892597695390782	11.3	0.0	280.0	286.54	816.64	-77.35	0	1
PROTOTYPE	031695	04/16/18	06:45:12	0.5871117234468938	0.5039375626252506	24.94	15.0	3.522670340681363	3.522670340681363	11.29	0.0	0.4892597695390782	0.4892597695390782	11.29	0.0	277.0	285.11	904.43	-275.75	0	1
PROTOTYPE	031696	04/16/18	06:45:13	0.4892597695390782	0.5019805235470942	26.19	12.75	3.522670340681363	3.522670340681363	11.3	0.0	0.4892597695390782	0.4892597695390782	11.3	0.0	285.0	285.09	814.58	-369.39	0	1
PROTOTYPE	031697	04/16/18	06:45:15	0.4892597695390782	0.5000234844689379	27.15	10.84	3.522670340681363	3.522670340681363	11.29	0.0	0.4892597695390782	0.4892597695390782	11.29	0.0	291.0	285.98	816.39	-193.98	0	1
PROTOTYPE	031698	04/16/18	06:45:16	0.4892597695390782	0.4980664453907815	27.89	9.21	3.522670340681363	3.522670340681363	11.28	0.0	0.4892597695390782	0.4892597695390782	11.28	0.0	293.0	287.03	847.93	-14.88	0	1
PROTOTYPE	031699	04/16/18	06:45:17	0.4892597695390782	0.4970879258517034	28.45	7.83	3.522670340681363	3.522670340681363	11.28	0.0	0.4892597695390782	0.4892597695390782	11.28	0.0	289.0	287.33	655.19	-207.65	0	1
PROTOTYPE	031700	04/16/18	06:45:19	0.4892597695390782	0.49610940631262535	28.88	6.66	3.522670340681363	3.522670340681363	11.28	0.0	0.4892597695390782	0.4892597695390782	11.28	0.0	293.0	288.18	599.23	18.5	0	1
PROTOTYPE	031701	04/16/18	06:45:20	0.4892597695390782	0.49513088677354705	29.19	5.66	3.522670340681363	3.522670340681363	11.27	0.0	0.4892597695390782	0.4892597695390782	11.27	0.0	287.0	288.0	587.03	30.72	0	1
PROTOTYPE	031702	04/16/18	06:45:22	0.4892597695390782	0.4941523672344689	29.43	4.81	3.522670340681363	3.522670340681363	11.28	0.0	0.4892597695390782	0.4892597695390782	11.28	0.0	291.0	288.45	516.61	191.11	0	1
PROTOTYPE	031703	04/16/18	06:45:23	0.4892597695390782	0.49317384769539074	15.94	-10.91	3.522670340681363	3.522670340681363	11.27	0.0	0.4892597695390782	0.4892597695390782	11.27	0.0	303.0	290.63	591.74	552.45	0	1
PROTOTYPE	031704	04/16/18	06:45:24	0.4892597695390782	0.4921953281563127	14.82	-9.28	3.522670340681363	3.522670340681363	11.26	0.0	0.4892597695390782	0.4892597695390782	11.26	0.0	299.0	291.89	715.08	679.58	0	1
PROTOTYPE	031705	04/16/18	06:45:26	0.4892597695390782	0.4921953281563127	13.97	-7.88	3.522670340681363	3.522670340681363	11.29	0.0	0.4892597695390782	0.4892597695390782	11.29	0.0	286.0	291.01	714.8	502.64	0	1
PROTOTYPE	031706	04/16/18	06:45:27	0.4892597695390782	0.4921953281563127	13.31	-6.7	3.522670340681363	3.522670340681363	11.31	0.0	0.4892597695390782	0.4892597695390782	11.31	0.0	298.0	292.05	714.4	502.25	0	1
PROTOTYPE	031707	04/16/18	06:45:29	0.4892597695390782	0.4912168086172345	12.83	-5.7	3.522670340681363	3.522670340681363	11.34	0.0	0.4892597695390782	0.4892597695390782	11.34	0.0	298.0	292.95	774.04	561.91	0	1
PROTOTYPE	031708	04/16/18	06:45:30	0.4892597695390782	0.4912168086172345	12.44	-4.84	3.522670340681363	3.522670340681363	11.34	0.0	0.4892597695390782	0.4892597695390782	11.34	0.0	292.0	292.8	703.2	462.62	0	1
PROTOTYPE	031709	04/16/18	06:45:32	0.4892597695390782	0.4912168086172345	12.14	-4.12	3.522670340681363	3.522670340681363	11.34	0.0	0.4892597695390782	0.4892597695390782	11.34	0.0	293.0	292.83	688.73	483.23	0	1
PROTOTYPE	031710	04/16/18	06:45:33	0.4892597695390782	0.49023828907815625	11.94	-3.5	3.522670340681363	3.522670340681363	11.35	0.0	0.4892597695390782	0.4892597695390782	11.35	0.0	291.0	292.56	671.27	410.75	0	1
PROTOTYPE	031711	04/16/18	06:45:34	0.4892597695390782	0.49023828907815625	11.79	-2.97	3.522670340681363	3.522670340681363	11.36	0.0	0.4892597695390782	0.4892597695390782	11.36	0.0	278.0	290.37	671.42	-25.87	0	1
PROTOTYPE	031712	04/16/18	06:45:36	0.4892597695390782	0.49023828907815625	11.66	-2.53	3.522670340681363	3.522670340681363	11.35	0.0	0.4892597695390782	0.4892597695390782	11.35	0.0	298.0	291.52	660.3	-36.99	0	1
PROTOTYPE	031713	04/16/18	06:45:37	0.4892597695390782	0.49023828907815625	11.56	-2.15	3.522670340681363	3.522670340681363	11.33	0.0	0.4892597695390782	0.4892597695390782	11.33	0.0	292.0	291.59	579.32	58.56	0	1
PROTOTYPE	031714	04/16/18	06:45:39	0.4892597695390782	0.49023828907815625	11.49	-1.83	3.522670340681363	3.522670340681363	11.33	0.0	0.4892597695390782	0.4892597695390782	11.33	0.0	294.0	291.95	510.55	-10.22	0	1
PROTOTYPE	031715	04/16/18	06:45:40	0.4892597695390782	0.49023828907815625	11.41	-1.55	3.522670340681363	3.522670340681363	11.29	0.0	0.4892597695390782	0.4892597695390782	11.29	0.0	292.0	291.96	422.93	-98.69	0	1
PROTOTYPE	031716	04/16/18	06:45:41	0.4892597695390782	0.4892597695390782	11.36	-1.32	3.522670340681363	3.522670340681363	11.28	0.0	0.4892597695390782	0.4892597695390782	11.28	0.0	298.0	292.87	499.29	6.11	0	1
PROTOTYPE	031717	04/16/18	06:45:43	0.4892597695390782	0.4892597695390782	11.35	-1.12	3.522670340681363	3.522670340681363	11.29	0.0	0.4892597695390782	0.4892597695390782	11.29	0.0	290.0	292.44	539.04	-39.8	0	1
PROTOTYPE	031718	04/16/18	06:45:44	0.4892597695390782	0.4892597695390782	11.3	-0.95	3.522670340681363	3.522670340681363	11.26	0.0	0.4892597695390782	0.4892597695390782	11.26	0.0	303.0	294.02	669.97	146.17	0	1
PROTOTYPE	031719	04/16/18	06:45:46	0.4892597695390782	0.4892597695390782	11.29	-0.81	3.522670340681363	3.522670340681363	11.26	0.0	0.4892597695390782	0.4892597695390782	11.26	0.0	297.0	294.47	496.3	409.24	0	1
PROTOTYPE	031720	04/16/18	06:45:47	0.4892597695390782	0.4892597695390782	11.28	-0.69	3.522670340681363	3.522670340681363	11.26	0.0	0.4892597695390782	0.4892597695390782	11.26	0.0	287.0	293.35	493.93	182.86	0	1
PROTOTYPE	031721	04/16/18	06:45:48	0.4892597695390782	0.4892597695390782	11.26	-0.59	3.522670340681363	3.522670340681363	11.24	0.0	0.4892597695390782	0.4892597695390782	11.24	0.0	292.0	293.15	506.83	155.43	0	1
PROTOTYPE	031722	04/16/18	06:45:50	0.4892597695390782	0.4892597695390782	11.24	-0.5	3.522670340681363	3.522670340681363	11.23	0.0	0.4892597695390782	0.4892597695390782	11.23	0.0	288.0	292.37	547.85	42.11	0	1
PROTOTYPE	031723	04/16/18	06:45:51	0.4892597695390782	0.4892597695390782	11.26	-0.42	3.522670340681363	3.522670340681363	11.25	0.0	0.4892597695390782	0.4892597695390782	11.25	0.0	287.0	291.57	626.89	-39.2	0	1
PROTOTYPE	031724	04/16/18	06:45:53	0.4892597695390782	0.4892597695390782	11.27	-0.36	3.522670340681363	3.522670340681363	11.27	0.0	0.4892597695390782	0.4892597695390782	11.27	0.0	298.0	292.53	632.77	-33.32	0	1
PROTOTYPE	031725	04/16/18	06:45:54	0.4892597695390782	0.4892597695390782	11.28	-0.31	3.522670340681363	3.522670340681363	11.28	0.0	0.4892597695390782	0.4892597695390782	11.28	0.0	292.0	292.45	597.88	1.68	0	1
PROTOTYPE	031726	04/16/18	06:45:56	0.4892597695390782	0.4892597695390782	11.29	-0.26	3.522670340681363	3.522670340681363	11.29	0.0	0.4892597695390782	0.4892597695390782	11.29	0.0	293.0	292.53	447.74	-148.58	0	1
PROTOTYPE	031727	04/16/18	06:45:57	0.4892597695390782	0.4892597695390782	11.31	-0.22	3.522670340681363	3.522670340681363	11.31	0.0	0.4892597695390782	0.4892597695390782	11.31	0.0	295.0	292.9	440.03	-156.29	0	1
PROTOTYPE	031728	04/16/18	06:45:58	0.4892597695390782	0.4892597695390782	11.31	-0.19	3.522670340681363	3.522670340681363	11.31	0.0	0.4892597695390782	0.4892597695390782	11.31	0.0	297.0	293.52	389.46	17.15	0	1
PROTOTYPE	031729	04/16/18	06:46:00	0.4892597695390782	0.4892597695390782	11.32	-0.16	3.522670340681363	3.522670340681363	11.32	0.0	0.4892597695390782	0.4892597695390782	11.32	0.0	306.0	295.39	556.43	224.58	0	1
PROTOTYPE	031730	04/16/18	06:46:01	0.4892597695390782	0.4892597695390782	11.33	-0.14	3.522670340681363	3.522670340681363	11.33	0.0	0.4892597695390782	0.4892597695390782	11.33	0.0	286.0	293.98	620.11	160.89	0	1
PROTOTYPE	031731	04/16/18	06:46:03	0.4892597695390782	0.4892597695390782	11.32	-0.12	3.522670340681363	3.522670340681363	11.32	0.0	0.4892597695390782	0.4892597695390782	11.32	0.0	284.0	292.48	689.24	91.76	0	1
PROTOTYPE	031732	04/16/18	06:46:04	0.4892597695390782	0.4892597695390782	11.31	-0.1	3.522670340681363	3.522670340681363	11.31	0.0	0.4892597695390782	0.4892597695390782	11.31	0.0	287.0	291.66	675.03	-87.0	0	1
PROTOTYPE	031733	04/16/18	06:46:05	0.4892597695390782	0.4892597695390782	11.28	-0.08	3.522670340681363	3.522670340681363	11.28	0.0	0.4892597695390782	0.4892597695390782	11.28	0.0	289.0	291.26	706.87	-118.95	0	1
PROTOTYPE	031734	04/16/18	06:46:07	0.4892597695390782	0.4892597695390782	11.28	-0.07	3.522670340681363	3.522670340681363	11.28	0.0	0.4892597695390782	0.4892597695390782	11.28	0.0	289.0	290.92	732.51	-161.11	0	1
PROTOTYPE	031735	04/16/18	06:46:08	0.4892597695390782	0.4892597695390782	11.26	-0.06	3.522670340681363	3.522670340681363	11.26	0.0	0.4892597695390782	0.4892597695390782	11.26	0.0	293.0	291.23	726.68	-166.94	0	1
PROTOTYPE	031736	04/16/18	06:46:10	0.4892597695390782	0.4892597695390782	11.26	-0.05	3.522670340681363	3.522670340681363	11.26	0.0	0.4892597695390782	0.4892597695390782	11.26	0.0	295.0	291.8	721.73	-171.9	0	1
PROTOTYPE	031737	04/16/18	06:46:11	0.4892597695390782	0.4892597695390782	11.27	-0.04	3.522670340681363	3.522670340681363	11.27	0.0	0.4892597695390782	0.4892597695390782	11.27	0.0	284.0	290.63	651.5	-476.12	0	1
PROTOTYPE	031738	04/16/18	06:46:12	0.4892597695390782	0.4892597695390782	11.27	-0.04	3.522670340681363	3.522670340681363	11.27	0.0	0.4892597695390782	0.4892597695390782	11.27	0.0	292.0	290.84	531.24	-314.7	0	1
PROTOTYPE	031739	04/16/18	06:46:14	0.4892597695390782	0.4892597695390782	11.28	-0.03	3.522670340681363	3.522670340681363	11.28	0.0	0.4892597695390782	0.4892597695390782	11.28	0.0	291.0	290.86	384.35	-162.49	0	1
PROTOTYPE	031740	04/16/18	06:46:15	0.4892597695390782	0.4892597695390782	11.28	-0.03	3.522670340681363	3.522670340681363	11.28	0.0	0.4892597695390782	0.4892597695390782	11.28	0.0	281.0	289.38	449.97	-228.12	0	1
PROTOTYPE	031741	04/16/18	06:46:17	0.4892597695390782	0.4892597695390782	11.3	-0.02	3.522670340681363	3.522670340681363	11.3	0.0	0.4892597695390782	0.4892597695390782	11.3	0.0	294.0	290.07	479.31	-118.9	0	1
PROTOTYPE	031742	04/16/18	06:46:18	0.4892597695390782	0.4892597695390782	11.3	-0.02	3.522670340681363	3.522670340681363	11.3	-0.0	0.4892597695390782	0.4892597695390782	11.3	0.0	281.0	288.71	581.45	-221.07	0	1
PROTOTYPE	031743	04/16/18	06:46:20	0.4892597695390782	0.4892597695390782	11.3	-0.02	3.522670340681363	3.522670340681363	11.3	-0.0	0.4892597695390782	0.4892597695390782	11.3	0.0	292.0	289.21	599.6	-202.91	0	1
PROTOTYPE	031744	04/16/18	06:46:21	0.4892597695390782	0.4892597695390782	11.31	-0.01	3.522670340681363	3.522670340681363	11.31	-0.0	0.4892597695390782	0.4892597695390782	11.31	0.0	299.0	290.67	690.03	-112.47	0	1
PROTOTYPE	031745	04/16/18	06:46:22	0.4892597695390782	0.4892597695390782	11.29	-0.01	3.522670340681363	3.522670340681363	11.29	-0.0	0.4892597695390782	0.4892597695390782	11.29	0.0	300.0	292.07	712.9	144.4	0	1
PROTOTYPE	031746	04/16/18	06:46:24	0.4892597695390782	0.4892597695390782	11.29	-0.01	3.522670340681363	3.522670340681363	11.29	-0.0	0.4892597695390782	0.4892597695390782	11.29	0.0	285.0	291.01	798.42	17.74	0	1
PROTOTYPE	031747	04/16/18	06:46:25	0.4892597695390782	0.4892597695390782	11.29	-0.01	3.522670340681363	3.522670340681363	11.29	-0.0	0.4892597695390782	0.4892597695390782	11.29	0.0	291.0	291.01	797.0	15.08	0	1
PROTOTYPE	031748	04/16/18	06:46:27	0.4892597695390782	0.4892597695390782	11.29	-0.01	3.522670340681363	3.522670340681363	11.29	-0.0	0.4892597695390782	0.4892597695390782	11.29	0.0	280.0	289.36	814.26	-2.18	0	1
PROTOTYPE	031749	04/16/18	06:46:28	0.4892597695390782	0.4892597695390782	11.29	-0.01	3.522670340681363	3.522670340681363	11.29	-0.0	0.4892597695390782	0.4892597695390782	11.29	0.0	266.0	285.86	1095.35	-421.86	0	1
PROTOTYPE	031750	04/16/18	06:46:29	0.4892597695390782	0.4892597695390782	11.3	-0.01	3.522670340681363	3.522670340681363	11.3	-0.0	0.4892597695390782	0.4892597695390782	11.3	0.0	296.0	287.38	1111.41	-133.58	0	1
PROTOTYPE	031751	04/16/18	06:46:31	0.4892597695390782	0.4892597695390782	11.31	-0.0	3.522670340681363	3.522670340681363	11.31	-0.0	0.4892597695390782	0.4892597695390782	11.31	0.0	292.0	288.07	1131.45	-113.54	0	1
PROTOTYPE	031752	04/16/18	06:46:32	0.4892597695390782	0.4892597695390782	11.33	-0.0	3.522670340681363	3.522670340681363	11.33	-0.0	0.4892597695390782	0.4892597695390782	11.33	0.0	273.0	285.81	1210.59	-486.51	0	1
PROTOTYPE	031753	04/16/18	06:46:34	0.4892597695390782	0.4892597695390782	11.33	-0.0	3.522670340681363	3.522670340681363	11.33	-0.0	0.4892597695390782	0.4892597695390782	11.33	0.0	298.0	287.64	1253.56	-443.53	0	1
PROTOTYPE	031754	04/16/18	06:46:35	0.4892597695390782	0.4892597695390782	11.32	-0.0	3.522670340681363	3.522670340681363	11.32	-0.0	0.4892597695390782	0.4892597695390782	11.32	0.0	296.0	288.89	1272.88	-212.0	0	1
PROTOTYPE	031755	04/16/18	06:46:36	0.4892597695390782	0.4892597695390782	11.31	-0.0	3.522670340681363	3.522670340681363	11.31	-0.0	0.4892597695390782	0.4892597695390782	11.31	0.0	300.0	290.56	1438.06	-45.2	0	1
PROTOTYPE	031756	04/16/18	06:46:38	0.4892597695390782	0.4892597695390782	11.33	-0.0	3.522670340681363	3.522670340681363	11.33	-0.0	0.4892597695390782	0.4892597695390782	11.33	0.0	297.0	291.52	1369.52	216.58	0	1
PROTOTYPE	031757	04/16/18	06:46:39	0.4892597695390782	0.4892597695390782	11.34	-0.0	3.522670340681363	3.522670340681363	11.34	-0.0	0.4892597695390782	0.4892597695390782	11.34	0.0	281.0	289.95	1177.01	409.09	0	1
PROTOTYPE	031758	04/16/18	06:46:41	0.4892597695390782	0.4892597695390782	11.33	-0.0	3.522670340681363	3.522670340681363	11.33	-0.0	0.4892597695390782	0.4892597695390782	11.33	0.0	300.0	291.45	1175.65	407.73	0	1
PROTOTYPE	031759	04/16/18	06:46:42	0.4892597695390782	0.4892597695390782	11.33	-0.0	3.522670340681363	3.522670340681363	11.33	-0.0	0.4892597695390782	0.4892597695390782	11.33	0.0	292.0	291.54	1114.6	346.57	0	1
PROTOTYPE	031760	04/16/18	06:46:44	0.4892597695390782	0.4892597695390782	11.3	-0.0	3.522670340681363	3.522670340681363	11.3	-0.0	0.4892597695390782	0.4892597695390782	11.3	0.0	296.0	292.21	955.51	639.58	0	1
PROTOTYPE	031761	04/16/18	06:46:45	0.4892597695390782	0.4892597695390782	11.3	-0.0	3.522670340681363	3.522670340681363	11.3	-0.0	0.4892597695390782	0.4892597695390782	11.3	0.0	292.0	292.17	776.04	453.65	0	1
PROTOTYPE	031762	04/16/18	06:46:46	0.4892597695390782	0.4892597695390782	11.31	-0.0	3.522670340681363	3.522670340681363	11.31	-0.0	0.4892597695390782	0.4892597695390782	11.31	0.0	294.0	292.45	678.02	355.6	0	1
PROTOTYPE	031763	04/16/18	06:46:48	0.4892597695390782	0.4892597695390782	11.32	-0.0	3.522670340681363	3.522670340681363	11.32	-0.0	0.4892597695390782	0.4892597695390782	11.32	0.0	296.0	292.98	564.7	242.26	0	1
PROTOTYPE	031764	04/16/18	06:46:49	0.4892597695390782	0.4892597695390782	11.31	-0.0	3.522670340681363	3.522670340681363	11.31	-0.0	0.4892597695390782	0.4892597695390782	11.31	0.0	287.0	292.08	557.8	55.92	0	1
PROTOTYPE	031765	04/16/18	06:46:51	0.4892597695390782	0.4892597695390782	11.29	-0.0	3.522670340681363	3.522670340681363	11.29	-0.0	0.4892597695390782	0.4892597695390782	11.29	0.0	296.0	292.67	458.67	272.53	0	1
PROTOTYPE	031766	04/16/18	06:46:52	0.4892597695390782	0.4892597695390782	11.29	-0.0	3.522670340681363	3.522670340681363	11.29	-0.0	0.4892597695390782	0.4892597695390782	11.29	0.0	297.0	293.32	372.8	186.65	0	1
