Dev_id	Index	Date	Time	Sensor1	Sensor1_Filter	Sensor1_LL	Sensor1_Diff	Sensor2	Sensor2_Filter	Sensor2_LL	Sensor2_Diff	Sensor3	Sensor3_Filter	Sensor3_LL	Sensor3_Diff
PROTOTYPE	b'2'	04/05/18	19:31:01	0.4892597695390782	0.4892597695390782	0.0	0.0	0.4892597695390782	0.4892597695390782	0.0	0.0	0.4892597695390782	0.4892597695390782	0.0	0.0
PROTOTYPE	b'3'	04/05/18	19:31:04	0.4892597695390782	0.4892597695390782	0.0	0.0	0.4892597695390782	0.4892597695390782	0.0	0.0	0.4892597695390782	0.4892597695390782	0.0	0.0
PROTOTYPE	b'4'	04/05/18	19:31:06	0.4892597695390782	0.4892597695390782	0.0	0.0	0.4892597695390782	0.4892597695390782	0.0	0.0	0.4892597695390782	0.4892597695390782	0.0	0.0
PROTOTYPE	b'5'	04/05/18	19:31:09	0.4892597695390782	0.4892597695390782	0.0	0.0	0.4892597695390782	0.4892597695390782	0.0	0.0	0.4892597695390782	0.4892597695390782	0.0	0.0
PROTOTYPE	b'6'	04/05/18	19:31:11	0.4892597695390782	0.4892597695390782	0.0	0.0	0.4892597695390782	0.4892597695390782	0.0	0.0	0.4892597695390782	0.4892597695390782	0.0	0.0
PROTOTYPE	b'7'	04/05/18	19:31:14	0.4892597695390782	0.4892597695390782	0.0	0.0	0.4892597695390782	0.4892597695390782	0.0	0.0	0.4892597695390782	0.4892597695390782	0.0	0.0
PROTOTYPE	b'8'	04/05/18	19:31:16	0.4892597695390782	0.4892597695390782	0.0	0.0	0.4892597695390782	0.4892597695390782	0.0	0.0	0.4892597695390782	0.4892597695390782	0.0	0.0
PROTOTYPE	b'9'	04/05/18	19:31:19	0.4892597695390782	0.4892597695390782	18.23	0.0	0.4892597695390782	0.4892597695390782	18.23	0.0	0.4892597695390782	0.4892597695390782	18.23	0.0
PROTOTYPE	b'10'	04/05/18	19:31:21	0.4892597695390782	0.4892597695390782	20.53	0.0	0.4892597695390782	0.4892597695390782	20.53	0.0	0.4892597695390782	0.4892597695390782	20.53	0.0
PROTOTYPE	b'11'	04/05/18	19:31:24	0.4892597695390782	0.4892597695390782	19.95	0.0	0.4892597695390782	0.4892597695390782	19.95	0.0	0.4892597695390782	0.4892597695390782	19.95	0.0
PROTOTYPE	b'12'	04/05/18	19:31:26	0.4892597695390782	0.4892597695390782	19.96	0.0	0.4892597695390782	0.4892597695390782	19.96	0.0	0.4892597695390782	0.4892597695390782	19.96	0.0
PROTOTYPE	b'13'	04/05/18	19:31:29	0.4892597695390782	0.4892597695390782	19.97	0.0	0.4892597695390782	0.4892597695390782	19.97	0.0	0.4892597695390782	0.4892597695390782	19.97	0.0
PROTOTYPE	b'14'	04/05/18	19:31:31	0.4892597695390782	0.4892597695390782	19.97	0.0	0.4892597695390782	0.4892597695390782	19.97	0.0	0.4892597695390782	0.4892597695390782	19.97	0.0
PROTOTYPE	b'15'	04/05/18	19:31:34	0.4892597695390782	0.4892597695390782	20.02	0.0	0.4892597695390782	0.4892597695390782	20.02	0.0	0.4892597695390782	0.4892597695390782	20.02	0.0
PROTOTYPE	b'16'	04/05/18	19:31:36	0.4892597695390782	0.4892597695390782	20.05	0.0	0.4892597695390782	0.4892597695390782	20.05	0.0	0.4892597695390782	0.4892597695390782	20.05	0.0
PROTOTYPE	b'17'	04/05/18	19:31:39	0.4892597695390782	0.4892597695390782	20.09	0.0	0.4892597695390782	0.4892597695390782	20.09	0.0	0.4892597695390782	0.4892597695390782	20.09	0.0
PROTOTYPE	b'18'	04/05/18	19:31:41	0.4892597695390782	0.4892597695390782	20.14	0.0	0.4892597695390782	0.4892597695390782	20.14	0.0	0.4892597695390782	0.4892597695390782	20.14	0.0
PROTOTYPE	b'19'	04/05/18	19:31:44	0.4892597695390782	0.4892597695390782	20.23	0.0	0.4892597695390782	0.4892597695390782	20.23	0.0	0.4892597695390782	0.4892597695390782	20.23	0.0
PROTOTYPE	b'20'	04/05/18	19:31:46	0.4892597695390782	0.4892597695390782	20.27	0.0	0.4892597695390782	0.4892597695390782	20.27	0.0	0.4892597695390782	0.4892597695390782	20.27	0.0
PROTOTYPE	b'21'	04/05/18	19:31:49	0.4892597695390782	0.4892597695390782	20.3	0.0	0.4892597695390782	0.4892597695390782	20.3	0.0	0.4892597695390782	0.4892597695390782	20.3	0.0
PROTOTYPE	b'22'	04/05/18	19:31:51	0.4892597695390782	0.4892597695390782	20.33	0.0	0.4892597695390782	0.4892597695390782	20.33	0.0	0.4892597695390782	0.4892597695390782	20.33	0.0
PROTOTYPE	b'23'	04/05/18	19:31:54	0.4892597695390782	0.4892597695390782	20.34	0.0	0.4892597695390782	0.4892597695390782	20.34	0.0	0.4892597695390782	0.4892597695390782	20.34	0.0
PROTOTYPE	b'24'	04/05/18	19:31:56	0.4892597695390782	0.4892597695390782	20.36	0.0	0.4892597695390782	0.4892597695390782	20.36	0.0	0.4892597695390782	0.4892597695390782	20.36	0.0
PROTOTYPE	b'25'	04/05/18	19:31:59	0.4892597695390782	0.4892597695390782	20.37	0.0	0.4892597695390782	0.4892597695390782	20.37	0.0	0.4892597695390782	0.4892597695390782	20.37	0.0
PROTOTYPE	b'26'	04/05/18	19:32:02	0.4892597695390782	0.4892597695390782	20.47	0.0	0.4892597695390782	0.4892597695390782	20.47	0.0	0.4892597695390782	0.4892597695390782	20.47	0.0
PROTOTYPE	b'27'	04/05/18	19:32:04	0.4892597695390782	0.4892597695390782	20.45	0.0	0.4892597695390782	0.4892597695390782	20.45	0.0	0.4892597695390782	0.4892597695390782	20.45	0.0
PROTOTYPE	b'28'	04/05/18	19:32:07	0.4892597695390782	0.4892597695390782	20.48	0.0	0.4892597695390782	0.4892597695390782	20.48	0.0	0.4892597695390782	0.4892597695390782	20.48	0.0
PROTOTYPE	b'29'	04/05/18	19:32:09	0.4892597695390782	0.4892597695390782	20.52	0.0	0.4892597695390782	0.4892597695390782	20.52	0.0	0.4892597695390782	0.4892597695390782	20.52	0.0
PROTOTYPE	b'30'	04/05/18	19:32:12	0.4892597695390782	0.4892597695390782	20.56	0.0	0.4892597695390782	0.4892597695390782	20.56	0.0	0.4892597695390782	0.4892597695390782	20.56	0.0
PROTOTYPE	b'31'	04/05/18	19:32:15	0.4892597695390782	0.4892597695390782	20.6	0.0	0.4892597695390782	0.4892597695390782	20.6	0.0	0.4892597695390782	0.4892597695390782	20.6	0.0
PROTOTYPE	b'32'	04/05/18	19:32:17	0.4892597695390782	0.4892597695390782	20.67	0.0	0.4892597695390782	0.4892597695390782	20.67	0.0	0.4892597695390782	0.4892597695390782	20.67	0.0
PROTOTYPE	b'33'	04/05/18	19:32:20	0.4892597695390782	0.4892597695390782	20.75	0.0	0.4892597695390782	0.4892597695390782	20.75	0.0	0.4892597695390782	0.4892597695390782	20.75	0.0
PROTOTYPE	b'34'	04/05/18	19:32:22	0.4892597695390782	0.4892597695390782	20.72	0.0	0.4892597695390782	0.4892597695390782	20.72	0.0	0.4892597695390782	0.4892597695390782	20.72	0.0
PROTOTYPE	b'35'	04/05/18	19:32:25	0.4892597695390782	0.4892597695390782	20.77	0.0	0.4892597695390782	0.4892597695390782	20.77	0.0	0.4892597695390782	0.4892597695390782	20.77	0.0
PROTOTYPE	b'36'	04/05/18	19:32:28	0.4892597695390782	0.4892597695390782	20.79	0.0	0.4892597695390782	0.4892597695390782	20.79	0.0	0.4892597695390782	0.4892597695390782	20.79	0.0
PROTOTYPE	b'37'	04/05/18	19:32:30	0.4892597695390782	0.4892597695390782	20.81	0.0	0.4892597695390782	0.4892597695390782	20.81	0.0	0.4892597695390782	0.4892597695390782	20.81	0.0
PROTOTYPE	b'38'	04/05/18	19:32:33	0.4892597695390782	0.4892597695390782	20.83	0.0	0.4892597695390782	0.4892597695390782	20.83	0.0	0.4892597695390782	0.4892597695390782	20.83	0.0
PROTOTYPE	b'39'	04/05/18	19:32:35	0.4892597695390782	0.4892597695390782	20.85	0.0	0.4892597695390782	0.4892597695390782	20.85	0.0	0.4892597695390782	0.4892597695390782	20.85	0.0
PROTOTYPE	b'40'	04/05/18	19:32:38	0.4892597695390782	0.4892597695390782	20.86	0.0	0.4892597695390782	0.4892597695390782	20.86	0.0	0.4892597695390782	0.4892597695390782	20.86	0.0
PROTOTYPE	b'41'	04/05/18	19:32:41	0.4892597695390782	0.4892597695390782	20.86	0.0	0.4892597695390782	0.4892597695390782	20.86	0.0	0.4892597695390782	0.4892597695390782	20.86	0.0
PROTOTYPE	b'42'	04/05/18	19:32:43	0.4892597695390782	0.4892597695390782	20.85	0.0	0.4892597695390782	0.4892597695390782	20.85	0.0	0.4892597695390782	0.4892597695390782	20.85	0.0
PROTOTYPE	b'43'	04/05/18	19:32:46	0.4892597695390782	0.4892597695390782	20.87	0.0	0.4892597695390782	0.4892597695390782	20.87	0.0	0.4892597695390782	0.4892597695390782	20.87	0.0
PROTOTYPE	b'44'	04/05/18	19:32:48	0.4892597695390782	0.4892597695390782	20.92	0.0	0.4892597695390782	0.4892597695390782	20.92	0.0	0.4892597695390782	0.4892597695390782	20.92	0.0
PROTOTYPE	b'45'	04/05/18	19:32:51	0.4892597695390782	0.4892597695390782	20.96	0.0	0.4892597695390782	0.4892597695390782	20.96	0.0	0.4892597695390782	0.4892597695390782	20.96	0.0
PROTOTYPE	b'46'	04/05/18	19:32:54	0.4892597695390782	0.4892597695390782	21.03	0.0	0.4892597695390782	0.4892597695390782	21.03	0.0	0.4892597695390782	0.4892597695390782	21.03	0.0
