Dev_id	Index	Date	Time	Sensor1	Sensor1_Filter	Sensor1_LL	Sensor1_Diff	Sensor2	Sensor2_Filter	Sensor2_LL	Sensor2_Diff	Sensor3	Sensor3_Filter	Sensor3_LL	Sensor3_Diff	Sensor4	Sensor4_Filter	Sensor4_LL	Sensor4_Diff	Heater_Status	FSM_Status
PROTOTYPE	028167	04/16/18	05:22:11	0.4892597695390782	0.4892597695390782	11.28	0.0	3.522670340681363	3.522670340681363	11.28	0.0	0.4892597695390782	0.4892597695390782	11.28	0.0	276.0	286.18	610.9	-426.28	0	1
PROTOTYPE	028168	04/16/18	05:22:13	0.4892597695390782	0.4892597695390782	11.28	0.0	3.522670340681363	3.522670340681363	11.28	0.0	0.4892597695390782	0.4892597695390782	11.28	0.0	297.0	287.81	586.41	-77.33	0	1
PROTOTYPE	028169	04/16/18	05:22:14	0.4892597695390782	0.4892597695390782	11.27	0.0	3.522670340681363	3.522670340681363	11.27	0.0	0.4892597695390782	0.4892597695390782	11.27	0.0	293.0	288.59	583.01	-80.73	0	1
PROTOTYPE	028170	04/16/18	05:22:16	0.4892597695390782	0.4892597695390782	11.27	0.0	3.522670340681363	3.522670340681363	11.27	0.0	0.4892597695390782	0.4892597695390782	11.27	0.0	288.0	288.5	481.0	21.38	0	1
PROTOTYPE	028171	04/16/18	05:22:17	0.4892597695390782	0.4892597695390782	11.26	0.0	3.522670340681363	3.522670340681363	11.26	0.0	0.4892597695390782	0.4892597695390782	11.26	0.0	292.0	289.02	522.73	63.17	0	1
PROTOTYPE	028172	04/16/18	05:22:18	0.4892597695390782	0.4892597695390782	11.23	0.0	3.522670340681363	3.522670340681363	11.23	0.0	0.4892597695390782	0.4892597695390782	11.23	0.0	290.0	289.17	516.52	98.69	0	1
PROTOTYPE	028173	04/16/18	05:22:20	0.4892597695390782	0.4892597695390782	11.21	0.0	3.522670340681363	3.522670340681363	11.21	0.0	0.4892597695390782	0.4892597695390782	11.21	0.0	286.0	288.69	561.0	53.89	0	1
PROTOTYPE	028174	04/16/18	05:22:21	0.4892597695390782	0.4892597695390782	11.22	0.0	3.522670340681363	3.522670340681363	11.22	0.0	0.4892597695390782	0.4892597695390782	11.22	0.0	303.0	290.84	758.2	285.81	0	1
PROTOTYPE	028175	04/16/18	05:22:23	0.4892597695390782	0.4892597695390782	11.19	0.0	3.522670340681363	3.522670340681363	11.19	0.0	0.4892597695390782	0.4892597695390782	11.19	0.0	287.0	290.26	636.08	407.94	0	1
PROTOTYPE	028176	04/16/18	05:22:24	0.4892597695390782	0.4892597695390782	11.17	0.0	3.522670340681363	3.522670340681363	11.17	0.0	0.4892597695390782	0.4892597695390782	11.17	0.0	298.0	291.42	589.89	361.75	0	1
PROTOTYPE	028177	04/16/18	05:22:25	0.4892597695390782	0.4892597695390782	11.19	0.0	3.522670340681363	3.522670340681363	11.19	0.0	0.4892597695390782	0.4892597695390782	11.19	0.0	289.0	291.06	548.38	247.48	0	1
PROTOTYPE	028178	04/16/18	05:22:27	0.4892597695390782	0.4892597695390782	11.2	0.0	3.522670340681363	3.522670340681363	11.2	0.0	0.4892597695390782	0.4892597695390782	11.2	0.0	288.0	290.6	585.42	210.36	0	1
PROTOTYPE	028179	04/16/18	05:22:28	0.4892597695390782	0.4892597695390782	11.21	0.0	3.522670340681363	3.522670340681363	11.21	0.0	0.4892597695390782	0.4892597695390782	11.21	0.0	294.0	291.11	583.86	208.81	0	1
PROTOTYPE	028180	04/16/18	05:22:30	0.4892597695390782	0.4892597695390782	11.25	0.0	3.522670340681363	3.522670340681363	11.25	0.0	0.4892597695390782	0.4892597695390782	11.25	0.0	294.0	291.54	612.5	237.49	0	1
PROTOTYPE	028181	04/16/18	05:22:31	0.4892597695390782	0.4892597695390782	11.25	0.0	3.522670340681363	3.522670340681363	11.25	0.0	0.4892597695390782	0.4892597695390782	11.25	0.0	288.0	291.01	618.12	231.86	0	1
PROTOTYPE	028182	04/16/18	05:22:32	0.4892597695390782	0.4892597695390782	11.23	0.0	3.522670340681363	3.522670340681363	11.23	0.0	0.4892597695390782	0.4892597695390782	11.23	0.0	287.0	290.41	463.74	-42.92	0	1
PROTOTYPE	028183	04/16/18	05:22:34	0.4892597695390782	0.4892597695390782	11.23	0.0	3.522670340681363	3.522670340681363	11.23	0.0	0.4892597695390782	0.4892597695390782	11.23	0.0	279.0	288.7	577.29	-156.48	0	1
PROTOTYPE	028184	04/16/18	05:22:35	0.4892597695390782	0.4892597695390782	11.25	0.0	3.522670340681363	3.522670340681363	11.25	0.0	0.4892597695390782	0.4892597695390782	11.25	0.0	291.0	289.04	495.79	-238.01	0	1
PROTOTYPE	028185	04/16/18	05:22:37	0.4892597695390782	0.4892597695390782	11.23	0.0	3.522670340681363	3.522670340681363	11.23	0.0	0.4892597695390782	0.4892597695390782	11.23	0.0	295.0	289.94	548.73	-112.31	0	1
PROTOTYPE	028186	04/16/18	05:22:38	0.4892597695390782	0.4892597695390782	11.22	0.0	3.522670340681363	3.522670340681363	11.22	0.0	0.4892597695390782	0.4892597695390782	11.22	0.0	270.0	286.95	801.87	-365.46	0	1
PROTOTYPE	028187	04/16/18	05:22:39	0.4892597695390782	0.4892597695390782	11.26	0.0	3.522670340681363	3.522670340681363	11.26	0.0	0.4892597695390782	0.4892597695390782	11.26	0.0	303.0	289.36	991.67	-175.64	0	1
PROTOTYPE	028188	04/16/18	05:22:41	0.4892597695390782	0.4892597695390782	11.23	0.0	3.522670340681363	3.522670340681363	11.23	0.0	0.4892597695390782	0.4892597695390782	11.23	0.0	295.0	290.2	1033.01	-134.29	0	1
PROTOTYPE	028189	04/16/18	05:22:42	0.4892597695390782	0.4892597695390782	11.25	0.0	3.522670340681363	3.522670340681363	11.25	0.0	0.4892597695390782	0.4892597695390782	11.25	0.0	280.0	288.67	1132.85	-234.15	0	1
PROTOTYPE	028190	04/16/18	05:22:44	0.4892597695390782	0.4892597695390782	11.26	0.0	3.522670340681363	3.522670340681363	11.26	0.0	0.4892597695390782	0.4892597695390782	11.26	0.0	297.0	289.92	1197.57	-49.03	0	1
PROTOTYPE	028191	04/16/18	05:22:45	0.4892597695390782	0.4892597695390782	11.3	0.0	3.522670340681363	3.522670340681363	11.3	0.0	0.4892597695390782	0.4892597695390782	11.3	0.0	284.0	289.03	1115.23	33.33	0	1
PROTOTYPE	028192	04/16/18	05:22:46	0.4892597695390782	0.4892597695390782	11.29	0.0	3.522670340681363	3.522670340681363	11.29	0.0	0.4892597695390782	0.4892597695390782	11.29	0.0	289.0	289.03	1082.17	-1.67	0	1
PROTOTYPE	028193	04/16/18	05:22:48	0.4892597695390782	0.4892597695390782	11.29	0.0	3.522670340681363	3.522670340681363	11.29	0.0	0.4892597695390782	0.4892597695390782	11.29	0.0	293.0	289.62	1052.43	-31.42	0	1
PROTOTYPE	028194	04/16/18	05:22:49	0.4892597695390782	0.4892597695390782	11.3	0.0	3.522670340681363	3.522670340681363	11.3	0.0	0.4892597695390782	0.4892597695390782	11.3	0.0	289.0	289.53	762.82	258.29	0	1
PROTOTYPE	028195	04/16/18	05:22:51	0.4892597695390782	0.4892597695390782	11.28	0.0	3.522670340681363	3.522670340681363	11.28	0.0	0.4892597695390782	0.4892597695390782	11.28	0.0	294.0	290.2	589.09	84.55	0	1
PROTOTYPE	028196	04/16/18	05:22:52	0.4892597695390782	0.4892597695390782	11.28	0.0	3.522670340681363	3.522670340681363	11.28	0.0	0.4892597695390782	0.4892597695390782	11.28	0.0	288.0	289.87	537.44	-33.13	0	1
PROTOTYPE	028197	04/16/18	05:22:54	0.4892597695390782	0.4892597695390782	11.28	0.0	3.522670340681363	3.522670340681363	11.28	0.0	0.4892597695390782	0.4892597695390782	11.28	0.0	294.0	290.49	446.36	181.84	0	1
PROTOTYPE	028198	04/16/18	05:22:55	0.4892597695390782	0.4892597695390782	11.28	0.0	3.522670340681363	3.522670340681363	11.28	0.0	0.4892597695390782	0.4892597695390782	11.28	0.0	294.0	291.02	374.1	109.56	0	1
PROTOTYPE	028199	04/16/18	05:22:56	0.4892597695390782	0.4892597695390782	11.26	0.0	3.522670340681363	3.522670340681363	11.26	0.0	0.4892597695390782	0.4892597695390782	11.26	0.0	280.0	289.36	450.53	33.13	0	1
PROTOTYPE	028200	04/16/18	05:22:58	0.4892597695390782	0.4892597695390782	11.27	0.0	3.522670340681363	3.522670340681363	11.27	0.0	0.4892597695390782	0.4892597695390782	11.27	0.0	296.0	290.36	548.59	133.16	0	1
PROTOTYPE	028201	04/16/18	05:22:59	0.4892597695390782	0.4892597695390782	11.27	0.0	3.522670340681363	3.522670340681363	11.27	0.0	0.4892597695390782	0.4892597695390782	11.27	0.0	281.0	288.96	629.39	-66.82	0	1
PROTOTYPE	028202	04/16/18	05:23:01	0.4892597695390782	0.4892597695390782	11.28	0.0	3.522670340681363	3.522670340681363	11.28	0.0	0.4892597695390782	0.4892597695390782	11.28	0.0	284.0	288.21	694.28	-131.79	0	1
PROTOTYPE	028203	04/16/18	05:23:02	0.4892597695390782	0.4892597695390782	11.27	0.0	3.522670340681363	3.522670340681363	11.27	0.0	0.4892597695390782	0.4892597695390782	11.27	0.0	285.0	287.73	675.42	-247.02	0	1
PROTOTYPE	028204	04/16/18	05:23:03	0.4892597695390782	0.4892597695390782	11.31	0.0	3.522670340681363	3.522670340681363	11.31	0.0	0.4892597695390782	0.4892597695390782	11.31	0.0	293.0	288.52	721.44	-134.97	0	1
PROTOTYPE	028205	04/16/18	05:23:05	0.4892597695390782	0.4892597695390782	11.32	0.0	3.522670340681363	3.522670340681363	11.32	0.0	0.4892597695390782	0.4892597695390782	11.32	0.0	289.0	288.59	666.8	-189.73	0	1
PROTOTYPE	028206	04/16/18	05:23:06	0.4892597695390782	0.4892597695390782	11.35	0.0	3.522670340681363	3.522670340681363	11.35	0.0	0.4892597695390782	0.4892597695390782	11.35	0.0	290.0	288.8	635.29	-221.27	0	1
PROTOTYPE	028207	04/16/18	05:23:08	0.4892597695390782	0.4892597695390782	11.39	0.0	3.522670340681363	3.522670340681363	11.39	0.0	0.4892597695390782	0.4892597695390782	11.39	0.0	292.0	289.28	518.01	-8.08	0	1
PROTOTYPE	028208	04/16/18	05:23:09	0.4892597695390782	0.4892597695390782	11.39	0.0	3.522670340681363	3.522670340681363	11.39	0.0	0.4892597695390782	0.4892597695390782	11.39	0.0	296.0	290.29	519.22	-6.87	0	1
PROTOTYPE	028209	04/16/18	05:23:11	0.4892597695390782	0.4892597695390782	11.41	0.0	3.522670340681363	3.522670340681363	11.41	0.0	0.4892597695390782	0.4892597695390782	11.41	0.0	293.0	290.7	419.48	174.16	0	1
PROTOTYPE	028210	04/16/18	05:23:12	0.4892597695390782	0.4892597695390782	11.41	0.0	3.522670340681363	3.522670340681363	11.41	0.0	0.4892597695390782	0.4892597695390782	11.41	0.0	295.0	291.34	409.7	313.04	0	1
PROTOTYPE	028211	04/16/18	05:23:13	0.4892597695390782	0.4892597695390782	11.42	0.0	3.522670340681363	3.522670340681363	11.42	0.0	0.4892597695390782	0.4892597695390782	11.42	0.0	295.0	291.89	416.38	416.08	0	1
PROTOTYPE	028212	04/16/18	05:23:15	0.4892597695390782	0.4892597695390782	11.41	0.0	3.522670340681363	3.522670340681363	11.41	0.0	0.4892597695390782	0.4892597695390782	11.41	0.0	290.0	291.61	365.72	308.67	0	1
PROTOTYPE	028213	04/16/18	05:23:16	0.4892597695390782	0.4892597695390782	11.43	0.0	3.522670340681363	3.522670340681363	11.43	0.0	0.4892597695390782	0.4892597695390782	11.43	0.0	289.0	291.22	397.53	262.37	0	1
PROTOTYPE	028214	04/16/18	05:23:18	0.4892597695390782	0.4892597695390782	11.44	0.0	3.522670340681363	3.522670340681363	11.44	0.0	0.4892597695390782	0.4892597695390782	11.44	0.0	292.0	291.33	388.22	253.02	0	1
PROTOTYPE	028215	04/16/18	05:23:19	0.4892597695390782	0.4892597695390782	11.43	0.0	3.522670340681363	3.522670340681363	11.43	0.0	0.4892597695390782	0.4892597695390782	11.43	0.0	294.0	291.73	380.27	245.06	0	1
PROTOTYPE	028216	04/16/18	05:23:21	0.4892597695390782	0.4892597695390782	11.43	0.0	3.522670340681363	3.522670340681363	11.43	0.0	0.4892597695390782	0.4892597695390782	11.43	0.0	284.0	290.57	395.52	28.3	0	1
PROTOTYPE	028217	04/16/18	05:23:22	0.4892597695390782	0.4892597695390782	11.46	0.0	3.522670340681363	3.522670340681363	11.46	0.0	0.4892597695390782	0.4892597695390782	11.46	0.0	284.0	289.59	453.47	-110.94	0	1
PROTOTYPE	028218	04/16/18	05:23:23	0.4892597695390782	0.4892597695390782	11.48	0.0	3.522670340681363	3.522670340681363	11.48	0.0	0.4892597695390782	0.4892597695390782	11.48	0.0	294.0	290.25	455.12	-109.3	0	1
PROTOTYPE	028219	04/16/18	05:23:25	0.4892597695390782	0.4892597695390782	11.5	0.0	3.522670340681363	3.522670340681363	11.5	0.0	0.4892597695390782	0.4892597695390782	11.5	0.0	283.0	289.16	508.99	-272.91	0	1
PROTOTYPE	028220	04/16/18	05:23:26	0.4892597695390782	0.4892597695390782	11.51	0.0	3.522670340681363	3.522670340681363	11.51	0.0	0.4892597695390782	0.4892597695390782	11.51	0.0	282.0	288.09	588.03	-351.97	0	1
PROTOTYPE	028221	04/16/18	05:23:28	0.4892597695390782	0.4892597695390782	11.51	0.0	3.522670340681363	3.522670340681363	11.51	0.0	0.4892597695390782	0.4892597695390782	11.51	0.0	291.0	288.52	592.59	-269.17	0	1
PROTOTYPE	028222	04/16/18	05:23:29	0.4892597695390782	0.4892597695390782	11.49	0.0	3.522670340681363	3.522670340681363	11.49	0.0	0.4892597695390782	0.4892597695390782	11.49	0.0	292.0	289.05	632.9	-228.8	0	1
PROTOTYPE	028223	04/16/18	05:23:31	0.4892597695390782	0.4892597695390782	11.47	0.0	3.522670340681363	3.522670340681363	11.47	0.0	0.4892597695390782	0.4892597695390782	11.47	0.0	285.0	288.44	653.59	-329.48	0	1
PROTOTYPE	028224	04/16/18	05:23:32	0.4892597695390782	0.4892597695390782	11.53	0.0	3.522670340681363	3.522670340681363	11.53	0.0	0.4892597695390782	0.4892597695390782	11.53	0.0	293.0	289.12	606.0	-145.06	0	1
PROTOTYPE	028225	04/16/18	05:23:34	0.4892597695390782	0.4892597695390782	11.51	0.0	3.522670340681363	3.522670340681363	11.51	0.0	0.4892597695390782	0.4892597695390782	11.51	0.0	285.0	288.5	569.25	-108.3	0	1
PROTOTYPE	028226	04/16/18	05:23:35	0.4892597695390782	0.4892597695390782	11.53	0.0	3.522670340681363	3.522670340681363	11.53	0.0	0.4892597695390782	0.4892597695390782	11.53	0.0	289.0	288.58	510.62	-167.05	0	1
PROTOTYPE	028227	04/16/18	05:23:36	0.4892597695390782	0.4892597695390782	11.52	0.0	3.522670340681363	3.522670340681363	11.52	0.0	0.4892597695390782	0.4892597695390782	11.52	0.0	281.0	287.44	515.56	-172.0	0	1
PROTOTYPE	028228	04/16/18	05:23:38	0.4892597695390782	0.4892597695390782	11.52	0.0	3.522670340681363	3.522670340681363	11.52	0.0	0.4892597695390782	0.4892597695390782	11.52	0.0	300.0	289.33	596.5	123.8	0	1
PROTOTYPE	028229	04/16/18	05:23:39	0.4892597695390782	0.4892597695390782	11.5	0.0	3.522670340681363	3.522670340681363	11.5	0.0	0.4892597695390782	0.4892597695390782	11.5	0.0	284.0	288.53	632.69	0.23	0	1
PROTOTYPE	028230	04/16/18	05:23:41	0.4892597695390782	0.4892597695390782	11.51	0.0	3.522670340681363	3.522670340681363	11.51	0.0	0.4892597695390782	0.4892597695390782	11.51	0.0	282.0	287.55	678.45	-149.8	0	1
PROTOTYPE	028231	04/16/18	05:23:42	0.4892597695390782	0.4892597695390782	11.54	0.0	3.522670340681363	3.522670340681363	11.54	0.0	0.4892597695390782	0.4892597695390782	11.54	0.0	294.0	288.52	714.54	7.67	0	1
PROTOTYPE	028232	04/16/18	05:23:44	0.4892597695390782	0.4892597695390782	11.5	0.0	3.522670340681363	3.522670340681363	11.5	0.0	0.4892597695390782	0.4892597695390782	11.5	0.0	288.0	288.44	653.98	-68.48	0	1
PROTOTYPE	028233	04/16/18	05:23:45	0.4892597695390782	0.4892597695390782	11.52	0.0	3.522670340681363	3.522670340681363	11.52	0.0	0.4892597695390782	0.4892597695390782	11.52	0.0	287.0	288.22	613.74	-28.21	0	1
PROTOTYPE	028234	04/16/18	05:23:46	0.4892597695390782	0.4892597695390782	11.48	0.0	3.522670340681363	3.522670340681363	11.48	0.0	0.4892597695390782	0.4892597695390782	11.48	0.0	283.0	287.44	684.52	-113.98	0	1
PROTOTYPE	028235	04/16/18	05:23:48	0.4892597695390782	0.4892597695390782	11.5	0.0	3.522670340681363	3.522670340681363	11.5	0.0	0.4892597695390782	0.4892597695390782	11.5	0.0	290.0	287.82	609.26	38.12	0	1
PROTOTYPE	028236	04/16/18	05:23:49	0.4892597695390782	0.4892597695390782	11.49	0.0	3.522670340681363	3.522670340681363	11.49	0.0	0.4892597695390782	0.4892597695390782	11.49	0.0	273.0	285.6	643.24	-372.6	0	1
PROTOTYPE	028237	04/16/18	05:23:51	0.4892597695390782	0.4892597695390782	11.52	0.0	3.522670340681363	3.522670340681363	11.52	0.0	0.4892597695390782	0.4892597695390782	11.52	0.0	295.0	287.01	704.35	-151.71	0	1
PROTOTYPE	028238	04/16/18	05:23:52	0.4892597695390782	0.4892597695390782	11.53	0.0	3.522670340681363	3.522670340681363	11.53	0.0	0.4892597695390782	0.4892597695390782	11.53	0.0	281.0	286.11	696.6	-143.95	0	1
PROTOTYPE	028239	04/16/18	05:23:54	0.4892597695390782	0.4892597695390782	11.5	0.0	3.522670340681363	3.522670340681363	11.5	0.0	0.4892597695390782	0.4892597695390782	11.5	0.0	303.0	288.64	853.18	12.64	0	1
PROTOTYPE	028240	04/16/18	05:23:55	0.4892597695390782	0.4892597695390782	11.49	0.0	3.522670340681363	3.522670340681363	11.49	0.0	0.4892597695390782	0.4892597695390782	11.49	0.0	296.0	289.75	955.69	130.74	0	1
PROTOTYPE	028241	04/16/18	05:23:57	0.4892597695390782	0.4892597695390782	11.44	0.0	3.522670340681363	3.522670340681363	11.44	0.0	0.4892597695390782	0.4892597695390782	11.44	0.0	296.0	290.68	1027.89	246.13	0	1
PROTOTYPE	028242	04/16/18	05:23:58	0.4892597695390782	0.4892597695390782	11.43	0.0	3.522670340681363	3.522670340681363	11.43	0.0	0.4892597695390782	0.4892597695390782	11.43	0.0	291.0	290.73	954.49	329.21	0	1
PROTOTYPE	028243	04/16/18	05:23:59	0.4892597695390782	0.4892597695390782	11.43	0.0	3.522670340681363	3.522670340681363	11.43	0.0	0.4892597695390782	0.4892597695390782	11.43	0.0	291.0	290.77	920.33	294.83	0	1
PROTOTYPE	028244	04/16/18	05:24:01	0.4892597695390782	0.4892597695390782	11.44	0.0	3.522670340681363	3.522670340681363	11.44	0.0	0.4892597695390782	0.4892597695390782	11.44	0.0	288.0	290.36	739.58	475.61	0	1
PROTOTYPE	028245	04/16/18	05:24:02	0.4892597695390782	0.4892597695390782	11.38	0.0	3.522670340681363	3.522670340681363	11.38	0.0	0.4892597695390782	0.4892597695390782	11.38	0.0	294.0	290.9	653.25	389.27	0	1
PROTOTYPE	028246	04/16/18	05:24:04	0.4892597695390782	0.4892597695390782	11.33	0.0	3.522670340681363	3.522670340681363	11.33	0.0	0.4892597695390782	0.4892597695390782	11.33	0.0	293.0	291.22	594.58	510.88	0	1
PROTOTYPE	028247	04/16/18	05:24:05	0.4892597695390782	0.4892597695390782	11.36	0.0	3.522670340681363	3.522670340681363	11.36	0.0	0.4892597695390782	0.4892597695390782	11.36	0.0	294.0	291.63	382.97	299.24	0	1
PROTOTYPE	028248	04/16/18	05:24:06	0.4892597695390782	0.4892597695390782	11.35	0.0	3.522670340681363	3.522670340681363	11.35	0.0	0.4892597695390782	0.4892597695390782	11.35	0.0	292.0	291.69	278.25	194.36	0	1
PROTOTYPE	028249	04/16/18	05:24:08	0.4892597695390782	0.4892597695390782	11.35	0.0	3.522670340681363	3.522670340681363	11.35	0.0	0.4892597695390782	0.4892597695390782	11.35	0.0	283.0	290.39	314.78	-29.8	0	1
PROTOTYPE	028250	04/16/18	05:24:09	0.4892597695390782	0.4892597695390782	11.34	0.0	3.522670340681363	3.522670340681363	11.34	0.0	0.4892597695390782	0.4892597695390782	11.34	0.0	291.0	290.48	319.15	-25.33	0	1
PROTOTYPE	028251	04/16/18	05:24:11	0.4892597695390782	0.4892597695390782	11.28	0.0	3.522670340681363	3.522670340681363	11.28	0.0	0.4892597695390782	0.4892597695390782	11.28	0.0	282.0	289.21	442.04	-156.53	0	1
PROTOTYPE	028252	04/16/18	05:24:12	0.4892597695390782	0.4892597695390782	11.25	0.0	3.522670340681363	3.522670340681363	11.25	0.0	0.4892597695390782	0.4892597695390782	11.25	0.0	298.0	290.53	532.36	16.95	0	1
PROTOTYPE	028253	04/16/18	05:24:13	0.4892597695390782	0.4892597695390782	11.25	0.0	3.522670340681363	3.522670340681363	11.25	0.0	0.4892597695390782	0.4892597695390782	11.25	0.0	302.0	292.25	649.8	134.41	0	1
PROTOTYPE	028254	04/16/18	05:24:15	0.4892597695390782	0.4892597695390782	11.28	0.0	3.522670340681363	3.522670340681363	11.28	0.0	0.4892597695390782	0.4892597695390782	11.28	0.0	287.0	291.46	697.02	24.25	0	1
PROTOTYPE	028255	04/16/18	05:24:16	0.4892597695390782	0.4892597695390782	11.23	0.0	3.522670340681363	3.522670340681363	11.23	0.0	0.4892597695390782	0.4892597695390782	11.23	0.0	288.0	290.94	707.16	-69.39	0	1
PROTOTYPE	028256	04/16/18	05:24:18	0.4892597695390782	0.4892597695390782	11.23	0.0	3.522670340681363	3.522670340681363	11.23	0.0	0.4892597695390782	0.4892597695390782	11.23	0.0	294.0	291.4	747.42	-28.98	0	1
PROTOTYPE	028257	04/16/18	05:24:19	0.4892597695390782	0.4892597695390782	11.26	0.0	3.522670340681363	3.522670340681363	11.26	0.0	0.4892597695390782	0.4892597695390782	11.26	0.0	290.0	291.19	638.11	80.37	0	1
PROTOTYPE	028258	04/16/18	05:24:21	0.4892597695390782	0.4892597695390782	11.26	0.0	3.522670340681363	3.522670340681363	11.26	0.0	0.4892597695390782	0.4892597695390782	11.26	0.0	291.0	291.16	631.96	68.31	0	1
PROTOTYPE	028259	04/16/18	05:24:22	0.4892597695390782	0.4892597695390782	11.28	0.0	3.522670340681363	3.522670340681363	11.28	0.0	0.4892597695390782	0.4892597695390782	11.28	0.0	300.0	292.49	637.38	328.06	0	1
PROTOTYPE	028260	04/16/18	05:24:23	0.4892597695390782	0.4892597695390782	11.27	0.0	3.522670340681363	3.522670340681363	11.27	0.0	0.4892597695390782	0.4892597695390782	11.27	0.0	291.0	292.26	527.81	173.85	0	1
PROTOTYPE	028261	04/16/18	05:24:25	0.4892597695390782	0.4892597695390782	11.29	0.0	3.522670340681363	3.522670340681363	11.29	0.0	0.4892597695390782	0.4892597695390782	11.29	0.0	295.0	292.67	396.75	42.78	0	1
PROTOTYPE	028262	04/16/18	05:24:26	0.4892597695390782	0.4892597695390782	11.27	0.0	3.522670340681363	3.522670340681363	11.27	0.0	0.4892597695390782	0.4892597695390782	11.27	0.0	300.0	293.77	427.93	231.36	0	1
PROTOTYPE	028263	04/16/18	05:24:28	0.4892597695390782	0.4892597695390782	11.29	0.0	3.522670340681363	3.522670340681363	11.29	0.0	0.4892597695390782	0.4892597695390782	11.29	0.0	282.0	292.01	552.63	106.66	0	1
PROTOTYPE	028264	04/16/18	05:24:29	0.4892597695390782	0.4892597695390782	11.29	0.0	3.522670340681363	3.522670340681363	11.29	0.0	0.4892597695390782	0.4892597695390782	11.29	0.0	281.0	290.36	671.83	-104.34	0	1
PROTOTYPE	028265	04/16/18	05:24:30	0.4892597695390782	0.4892597695390782	11.26	0.0	3.522670340681363	3.522670340681363	11.26	0.0	0.4892597695390782	0.4892597695390782	11.26	0.0	288.0	290.0	686.16	-118.69	0	1
PROTOTYPE	028266	04/16/18	05:24:32	0.4892597695390782	0.4892597695390782	11.26	0.0	3.522670340681363	3.522670340681363	11.26	0.0	0.4892597695390782	0.4892597695390782	11.26	0.0	291.0	290.15	698.01	-100.89	0	1
PROTOTYPE	028267	04/16/18	05:24:33	0.4892597695390782	0.4892597695390782	11.28	0.0	3.522670340681363	3.522670340681363	11.28	0.0	0.4892597695390782	0.4892597695390782	11.28	0.0	295.0	290.88	638.15	-160.75	0	1
PROTOTYPE	028268	04/16/18	05:24:35	0.4892597695390782	0.4892597695390782	11.28	0.0	3.522670340681363	3.522670340681363	11.28	0.0	0.4892597695390782	0.4892597695390782	11.28	0.0	298.0	291.95	722.62	-31.64	0	1
PROTOTYPE	028269	04/16/18	05:24:36	0.4892597695390782	0.4892597695390782	11.27	0.0	3.522670340681363	3.522670340681363	11.27	0.0	0.4892597695390782	0.4892597695390782	11.27	0.0	296.0	292.56	742.36	-11.89	0	1
PROTOTYPE	028270	04/16/18	05:24:37	0.4892597695390782	0.4892597695390782	11.28	0.0	3.522670340681363	3.522670340681363	11.28	0.0	0.4892597695390782	0.4892597695390782	11.28	0.0	290.0	292.17	670.82	-160.11	0	1
PROTOTYPE	028271	04/16/18	05:24:39	0.4892597695390782	0.4892597695390782	11.27	0.0	3.522670340681363	3.522670340681363	11.27	0.0	0.4892597695390782	0.4892597695390782	11.27	0.0	271.0	289.0	811.8	-301.09	0	1
PROTOTYPE	028272	04/16/18	05:24:40	0.4892597695390782	0.4892597695390782	11.27	0.0	3.522670340681363	3.522670340681363	11.27	-0.0	0.4892597695390782	0.4892597695390782	11.27	0.0	284.0	288.25	721.64	-210.93	0	1
PROTOTYPE	028273	04/16/18	05:24:42	0.4892597695390782	0.4892597695390782	11.26	0.0	3.522670340681363	3.522670340681363	11.26	-0.0	0.4892597695390782	0.4892597695390782	11.26	0.0	293.0	288.96	757.58	-104.29	0	1
PROTOTYPE	028274	04/16/18	05:24:43	0.4892597695390782	0.4892597695390782	11.27	0.0	3.522670340681363	3.522670340681363	11.27	-0.0	0.4892597695390782	0.4892597695390782	11.27	0.0	301.0	290.77	923.17	61.35	0	1
PROTOTYPE	028275	04/16/18	05:24:44	0.4892597695390782	0.4892597695390782	11.26	0.0	3.522670340681363	3.522670340681363	11.26	-0.0	0.4892597695390782	0.4892597695390782	11.26	0.0	294.0	291.25	898.97	37.15	0	1
PROTOTYPE	028276	04/16/18	05:24:46	0.4892597695390782	0.4892597695390782	11.29	0.0	3.6205222945891786	3.537348133767535	24.93	15.0	0.4892597695390782	0.4892597695390782	11.29	0.0	285.0	290.31	885.93	-163.42	0	1
PROTOTYPE	028277	04/16/18	05:24:47	0.4892597695390782	0.4892597695390782	11.33	0.0	3.522670340681363	3.5353910946893787	26.2	12.75	0.4892597695390782	0.4892597695390782	11.33	0.0	294.0	290.87	880.45	-168.91	0	1
PROTOTYPE	028278	04/16/18	05:24:49	0.4892597695390782	0.4892597695390782	11.32	0.0	3.522670340681363	3.5334340556112225	27.16	10.84	0.4892597695390782	0.4892597695390782	11.32	0.0	290.0	290.74	855.16	-143.57	0	1
PROTOTYPE	028279	04/16/18	05:24:50	0.4892597695390782	0.4892597695390782	11.32	0.0	3.522670340681363	3.5314770165330667	27.9	9.21	0.4892597695390782	0.4892597695390782	11.32	0.0	286.0	290.03	608.63	102.96	0	1
PROTOTYPE	028280	04/16/18	05:24:52	0.4892597695390782	0.4892597695390782	11.33	0.0	3.522670340681363	3.530498496993988	28.47	7.83	0.4892597695390782	0.4892597695390782	11.33	0.0	283.0	288.97	639.07	72.52	0	1
PROTOTYPE	028281	04/16/18	05:24:53	0.4892597695390782	0.4892597695390782	11.36	0.0	3.522670340681363	3.52951997745491	28.92	6.66	0.4892597695390782	0.4892597695390782	11.36	0.0	304.0	291.23	793.19	226.64	0	1
PROTOTYPE	028282	04/16/18	05:24:54	0.4892597695390782	0.4892597695390782	11.43	0.0	3.522670340681363	3.528541457915832	29.3	5.66	0.4892597695390782	0.4892597695390782	11.43	0.0	284.0	290.14	720.98	-62.36	0	1
PROTOTYPE	028283	04/16/18	05:24:56	0.4892597695390782	0.4892597695390782	11.42	0.0	3.522670340681363	3.5275629383767533	29.52	4.81	0.4892597695390782	0.4892597695390782	11.42	0.0	291.0	290.27	685.39	-98.0	0	1
PROTOTYPE	028284	04/16/18	05:24:57	0.4892597695390782	0.4892597695390782	11.4	0.0	3.522670340681363	3.5265844188376754	16.04	-10.91	0.4892597695390782	0.4892597695390782	11.4	0.0	297.0	291.28	692.56	96.7	0	1
PROTOTYPE	028285	04/16/18	05:24:59	0.4892597695390782	0.4892597695390782	11.37	0.0	3.522670340681363	3.5256058992985975	14.9	-9.28	0.4892597695390782	0.4892597695390782	11.37	0.0	284.0	290.19	746.46	-67.81	0	1
PROTOTYPE	028286	04/16/18	05:25:00	0.5871117234468938	0.5039375626252506	25.04	15.0	3.522670340681363	3.5256058992985975	14.06	-7.88	0.4892597695390782	0.4892597695390782	11.4	0.0	286.0	289.56	796.23	-117.64	0	1
PROTOTYPE	028287	04/16/18	05:25:02	0.4892597695390782	0.5019805235470942	26.3	12.75	3.522670340681363	3.5256058992985975	13.41	-6.7	0.4892597695390782	0.4892597695390782	11.43	0.0	298.0	290.83	851.78	80.01	0	1
PROTOTYPE	028288	04/16/18	05:25:03	0.4892597695390782	0.5000234844689379	27.24	10.84	3.522670340681363	3.524627379759519	12.87	-5.7	0.4892597695390782	0.4892597695390782	11.4	0.0	294.0	291.3	794.01	233.01	0	1
PROTOTYPE	028289	04/16/18	05:25:04	0.4892597695390782	0.4980664453907815	27.98	9.21	3.522670340681363	3.524627379759519	12.48	-4.84	0.4892597695390782	0.4892597695390782	11.4	0.0	295.0	291.86	624.07	63.06	0	1
PROTOTYPE	028290	04/16/18	05:25:06	0.4892597695390782	0.4970879258517034	28.48	7.83	3.522670340681363	3.524627379759519	12.14	-4.12	0.4892597695390782	0.4892597695390782	11.34	0.0	288.0	291.28	573.54	113.6	0	1
PROTOTYPE	028291	04/16/18	05:25:07	0.4892597695390782	0.49610940631262535	28.9	6.66	3.522670340681363	3.5236488602204408	11.92	-3.5	0.4892597695390782	0.4892597695390782	11.33	0.0	290.0	291.09	579.82	81.56	0	1
PROTOTYPE	028292	04/16/18	05:25:09	0.4892597695390782	0.49513088677354705	29.2	5.66	3.522670340681363	3.5236488602204408	11.74	-2.97	0.4892597695390782	0.4892597695390782	11.31	0.0	288.0	290.62	525.19	-65.68	0	1
PROTOTYPE	028293	04/16/18	05:25:10	0.4892597695390782	0.4941523672344689	29.42	4.81	3.522670340681363	3.5236488602204408	11.6	-2.53	0.4892597695390782	0.4892597695390782	11.29	0.0	279.0	288.88	590.34	-130.82	0	1
PROTOTYPE	028294	04/16/18	05:25:11	0.4892597695390782	0.49317384769539074	15.93	-10.91	3.522670340681363	3.5236488602204408	11.5	-2.15	0.4892597695390782	0.4892597695390782	11.27	0.0	281.0	287.7	645.71	-186.2	0	1
PROTOTYPE	028295	04/16/18	05:25:13	0.4892597695390782	0.4921953281563127	14.79	-9.28	3.522670340681363	3.5236488602204408	11.39	-1.83	0.4892597695390782	0.4892597695390782	11.23	0.0	288.0	287.74	523.84	-308.27	0	1
PROTOTYPE	028296	04/16/18	05:25:14	0.4892597695390782	0.4921953281563127	13.94	-7.88	3.522670340681363	3.5236488602204408	11.38	-1.55	0.4892597695390782	0.4892597695390782	11.26	0.0	276.0	285.98	652.36	-532.03	0	1
PROTOTYPE	028297	04/16/18	05:25:16	0.4892597695390782	0.4921953281563127	13.27	-6.7	3.522670340681363	3.522670340681363	11.35	-1.32	0.4892597695390782	0.4892597695390782	11.26	0.0	302.0	288.38	837.16	-347.23	0	1
PROTOTYPE	028298	04/16/18	05:25:17	0.4892597695390782	0.4912168086172345	12.76	-5.7	3.522670340681363	3.522670340681363	11.32	-1.12	0.4892597695390782	0.4892597695390782	11.26	0.0	274.0	286.23	995.06	-505.14	0	1
PROTOTYPE	028299	04/16/18	05:25:19	0.4892597695390782	0.4912168086172345	12.38	-4.84	3.522670340681363	3.522670340681363	11.32	-0.95	0.4892597695390782	0.4892597695390782	11.28	0.0	293.0	287.24	1077.44	-384.37	0	1
PROTOTYPE	028300	04/16/18	05:25:20	0.4892597695390782	0.4912168086172345	12.1	-4.12	3.522670340681363	3.522670340681363	11.32	-0.81	0.4892597695390782	0.4892597695390782	11.29	0.0	295.0	288.41	1147.49	-221.71	0	1
PROTOTYPE	028301	04/16/18	05:25:21	0.4892597695390782	0.49023828907815625	11.9	-3.5	3.522670340681363	3.522670340681363	11.33	-0.69	0.4892597695390782	0.4892597695390782	11.31	0.0	287.0	288.2	994.27	-68.46	0	1
PROTOTYPE	028302	04/16/18	05:25:23	0.4892597695390782	0.49023828907815625	11.75	-2.97	3.522670340681363	3.522670340681363	11.34	-0.59	0.4892597695390782	0.4892597695390782	11.32	0.0	286.0	287.87	909.03	16.81	0	1
PROTOTYPE	028303	04/16/18	05:25:24	0.4892597695390782	0.49023828907815625	11.63	-2.53	3.522670340681363	3.522670340681363	11.33	-0.5	0.4892597695390782	0.4892597695390782	11.32	0.0	284.0	287.29	962.29	-45.71	0	1
PROTOTYPE	028304	04/16/18	05:25:26	0.4892597695390782	0.49023828907815625	11.54	-2.15	3.522670340681363	3.522670340681363	11.32	-0.42	0.4892597695390782	0.4892597695390782	11.31	0.0	289.0	287.54	811.88	156.15	0	1
PROTOTYPE	028305	04/16/18	05:25:27	0.4892597695390782	0.49023828907815625	11.47	-1.83	3.522670340681363	3.522670340681363	11.31	-0.36	0.4892597695390782	0.4892597695390782	11.31	0.0	289.0	287.76	593.5	-62.28	0	1
PROTOTYPE	028306	04/16/18	05:25:28	0.4892597695390782	0.49023828907815625	11.41	-1.55	3.522670340681363	3.522670340681363	11.29	-0.31	0.4892597695390782	0.4892597695390782	11.29	0.0	292.0	288.4	441.32	217.07	0	1
PROTOTYPE	028307	04/16/18	05:25:30	0.4892597695390782	0.4892597695390782	11.38	-1.32	3.522670340681363	3.522670340681363	11.29	-0.26	0.4892597695390782	0.4892597695390782	11.29	0.0	285.0	287.89	390.69	64.51	0	1
PROTOTYPE	028308	04/16/18	05:25:31	0.4892597695390782	0.4892597695390782	11.37	-1.12	3.522670340681363	3.522670340681363	11.31	-0.22	0.4892597695390782	0.4892597695390782	11.31	0.0	293.0	288.65	351.02	24.83	0	1
PROTOTYPE	028309	04/16/18	05:25:33	0.4892597695390782	0.4892597695390782	11.35	-0.95	3.522670340681363	3.522670340681363	11.31	-0.19	0.4892597695390782	0.4892597695390782	11.31	0.0	290.0	288.86	350.11	66.11	0	1
PROTOTYPE	028310	04/16/18	05:25:34	0.4892597695390782	0.4892597695390782	11.32	-0.81	3.522670340681363	3.522670340681363	11.29	-0.16	0.4892597695390782	0.4892597695390782	11.29	0.0	296.0	289.93	424.31	206.19	0	1
PROTOTYPE	028311	04/16/18	05:25:35	0.4892597695390782	0.4892597695390782	11.32	-0.69	3.522670340681363	3.522670340681363	11.3	-0.14	0.4892597695390782	0.4892597695390782	11.3	0.0	292.0	290.24	397.41	295.26	0	1
PROTOTYPE	028312	04/16/18	05:25:37	0.4892597695390782	0.4892597695390782	11.33	-0.59	3.522670340681363	3.522670340681363	11.31	-0.12	0.4892597695390782	0.4892597695390782	11.31	0.0	281.0	288.85	510.25	130.97	0	1
PROTOTYPE	028313	04/16/18	05:25:38	0.4892597695390782	0.4892597695390782	11.3	-0.5	3.522670340681363	3.522670340681363	11.29	-0.1	0.4892597695390782	0.4892597695390782	11.29	0.0	293.0	289.48	550.58	171.33	0	1
PROTOTYPE	028314	04/16/18	05:25:40	0.4892597695390782	0.4892597695390782	11.29	-0.42	3.522670340681363	3.522670340681363	11.28	-0.08	0.4892597695390782	0.4892597695390782	11.28	0.0	295.0	290.3	569.88	190.63	0	1
PROTOTYPE	028315	04/16/18	05:25:41	0.4892597695390782	0.4892597695390782	11.26	-0.36	3.522670340681363	3.522670340681363	11.26	-0.07	0.4892597695390782	0.4892597695390782	11.26	0.0	288.0	289.96	553.48	207.03	0	1
PROTOTYPE	028316	04/16/18	05:25:42	0.4892597695390782	0.4892597695390782	11.24	-0.31	3.522670340681363	3.522670340681363	11.24	-0.06	0.4892597695390782	0.4892597695390782	11.24	0.0	301.0	291.61	642.42	295.98	0	1
PROTOTYPE	028317	04/16/18	05:25:44	0.4892597695390782	0.4892597695390782	11.24	-0.26	3.522670340681363	3.522670340681363	11.24	-0.05	0.4892597695390782	0.4892597695390782	11.24	0.0	299.0	292.72	732.98	386.58	0	1
PROTOTYPE	028318	04/16/18	05:25:45	0.4892597695390782	0.4892597695390782	11.24	-0.22	3.522670340681363	3.522670340681363	11.24	-0.04	0.4892597695390782	0.4892597695390782	11.24	0.0	294.0	292.91	645.03	298.59	0	1
PROTOTYPE	028319	04/16/18	05:25:47	0.4892597695390782	0.4892597695390782	11.22	-0.19	3.522670340681363	3.522670340681363	11.22	-0.04	0.4892597695390782	0.4892597695390782	11.22	0.0	300.0	293.98	720.22	373.81	0	1
PROTOTYPE	028320	04/16/18	05:25:48	0.4892597695390782	0.4892597695390782	11.21	-0.16	3.522670340681363	3.522670340681363	11.21	-0.03	0.4892597695390782	0.4892597695390782	11.21	0.0	286.0	292.78	701.29	392.73	0	1
PROTOTYPE	028321	04/16/18	05:25:49	0.4892597695390782	0.4892597695390782	11.2	-0.14	3.522670340681363	3.522670340681363	11.2	-0.03	0.4892597695390782	0.4892597695390782	11.2	0.0	289.0	292.21	695.8	273.82	0	1
PROTOTYPE	028322	04/16/18	05:25:51	0.4892597695390782	0.4892597695390782	11.2	-0.12	3.522670340681363	3.522670340681363	11.2	-0.02	0.4892597695390782	0.4892597695390782	11.2	0.0	289.0	291.73	661.13	142.75	0	1
PROTOTYPE	028323	04/16/18	05:25:52	0.4892597695390782	0.4892597695390782	11.2	-0.1	3.522670340681363	3.522670340681363	11.2	-0.02	0.4892597695390782	0.4892597695390782	11.2	0.0	282.0	290.27	772.52	31.34	0	1
PROTOTYPE	028324	04/16/18	05:25:54	0.4892597695390782	0.4892597695390782	11.19	-0.08	3.522670340681363	3.522670340681363	11.19	-0.02	0.4892597695390782	0.4892597695390782	11.19	0.0	276.0	288.13	820.97	-348.36	0	1
PROTOTYPE	028325	04/16/18	05:25:55	0.4892597695390782	0.4892597695390782	11.21	-0.07	3.522670340681363	3.522670340681363	11.21	-0.01	0.4892597695390782	0.4892597695390782	11.21	0.0	286.0	287.81	742.17	-491.11	0	1
PROTOTYPE	028326	04/16/18	05:25:57	0.4892597695390782	0.4892597695390782	11.21	-0.06	3.522670340681363	3.522670340681363	11.21	-0.01	0.4892597695390782	0.4892597695390782	11.21	0.0	291.0	288.29	770.8	-462.44	0	1
PROTOTYPE	028327	04/16/18	05:25:58	0.4892597695390782	0.4892597695390782	11.24	-0.05	3.522670340681363	3.522670340681363	11.24	-0.01	0.4892597695390782	0.4892597695390782	11.24	0.0	291.0	288.7	705.19	-528.08	0	1
PROTOTYPE	028328	04/16/18	05:25:59	0.4892597695390782	0.4892597695390782	11.24	-0.04	3.522670340681363	3.522670340681363	11.24	-0.01	0.4892597695390782	0.4892597695390782	11.24	0.0	297.0	289.94	710.09	-283.86	0	1
PROTOTYPE	028329	04/16/18	05:26:01	0.4892597695390782	0.4892597695390782	11.25	-0.04	3.522670340681363	3.522670340681363	11.25	-0.01	0.4892597695390782	0.4892597695390782	11.25	0.0	286.0	289.35	712.51	-286.28	0	1
PROTOTYPE	028330	04/16/18	05:26:02	0.4892597695390782	0.4892597695390782	11.26	-0.03	3.522670340681363	3.522670340681363	11.26	-0.01	0.4892597695390782	0.4892597695390782	11.26	0.0	295.0	290.2	749.05	-153.34	0	1
PROTOTYPE	028331	04/16/18	05:26:04	0.4892597695390782	0.4892597695390782	11.26	-0.03	3.522670340681363	3.522670340681363	11.26	-0.01	0.4892597695390782	0.4892597695390782	11.26	0.0	295.0	290.92	675.12	64.66	0	1
PROTOTYPE	028332	04/16/18	05:26:05	0.4892597695390782	0.4892597695390782	11.3	-0.02	3.522670340681363	3.522670340681363	11.3	-0.0	0.4892597695390782	0.4892597695390782	11.3	0.0	295.0	291.53	522.28	339.96	0	1
PROTOTYPE	028333	04/16/18	05:26:06	0.4892597695390782	0.4892597695390782	11.27	-0.02	3.522670340681363	3.522670340681363	11.27	-0.0	0.4892597695390782	0.4892597695390782	11.27	0.0	287.0	290.85	558.26	303.97	0	1
PROTOTYPE	028334	04/16/18	05:26:08	0.4892597695390782	0.4892597695390782	11.27	-0.02	3.522670340681363	3.522670340681363	11.27	-0.0	0.4892597695390782	0.4892597695390782	11.27	0.0	291.0	290.87	513.04	258.37	0	1
PROTOTYPE	028335	04/16/18	05:26:09	0.4892597695390782	0.4892597695390782	11.26	-0.01	3.522670340681363	3.522670340681363	11.26	-0.0	0.4892597695390782	0.4892597695390782	11.26	0.0	285.0	289.99	560.47	129.62	0	1
PROTOTYPE	028336	04/16/18	05:26:11	0.4892597695390782	0.4892597695390782	11.25	-0.01	3.522670340681363	3.522670340681363	11.25	-0.0	0.4892597695390782	0.4892597695390782	11.25	0.0	288.0	289.69	465.82	-24.83	0	1
PROTOTYPE	028337	04/16/18	05:26:12	0.4892597695390782	0.4892597695390782	11.27	-0.01	3.522670340681363	3.522670340681363	11.27	-0.0	0.4892597695390782	0.4892597695390782	11.27	0.0	291.0	289.89	426.33	53.9	0	1
PROTOTYPE	028338	04/16/18	05:26:13	0.4892597695390782	0.4892597695390782	11.26	-0.01	3.522670340681363	3.522670340681363	11.26	-0.0	0.4892597695390782	0.4892597695390782	11.26	0.0	288.0	289.61	369.95	-59.19	0	1
PROTOTYPE	028339	04/16/18	05:26:15	0.4892597695390782	0.4892597695390782	11.26	-0.01	3.522670340681363	3.522670340681363	11.26	-0.0	0.4892597695390782	0.4892597695390782	11.26	0.0	293.0	290.12	348.84	-80.31	0	1
PROTOTYPE	028340	04/16/18	05:26:16	0.4892597695390782	0.4892597695390782	11.24	-0.01	3.522670340681363	3.522670340681363	11.24	-0.0	0.4892597695390782	0.4892597695390782	11.24	0.0	290.0	290.1	289.82	-143.26	0	1
PROTOTYPE	028341	04/16/18	05:26:18	0.4892597695390782	0.4892597695390782	11.26	-0.01	3.522670340681363	3.522670340681363	11.26	-0.0	0.4892597695390782	0.4892597695390782	11.26	0.0	292.0	290.38	250.42	-46.77	0	1
PROTOTYPE	028342	04/16/18	05:26:19	0.4892597695390782	0.4892597695390782	11.26	-0.0	3.522670340681363	3.522670340681363	11.26	-0.0	0.4892597695390782	0.4892597695390782	11.26	0.0	291.0	290.48	257.14	-39.76	0	1
PROTOTYPE	028343	04/16/18	05:26:20	0.4892597695390782	0.4892597695390782	11.24	-0.0	3.522670340681363	3.522670340681363	11.24	-0.0	0.4892597695390782	0.4892597695390782	11.24	0.0	296.0	291.3	251.9	131.21	0	1
PROTOTYPE	028344	04/16/18	05:26:22	0.4892597695390782	0.4892597695390782	11.25	-0.0	3.522670340681363	3.522670340681363	11.25	-0.0	0.4892597695390782	0.4892597695390782	11.25	0.0	276.0	289.01	451.56	-68.47	0	1
PROTOTYPE	028345	04/16/18	05:26:23	0.4892597695390782	0.4892597695390782	11.25	-0.0	3.522670340681363	3.522670340681363	11.25	-0.0	0.4892597695390782	0.4892597695390782	11.25	0.0	278.0	287.36	597.04	-253.2	0	1
PROTOTYPE	028346	04/16/18	05:26:25	0.4892597695390782	0.4892597695390782	11.26	-0.0	3.522670340681363	3.522670340681363	11.26	-0.0	0.4892597695390782	0.4892597695390782	11.26	0.0	293.0	288.2	653.32	-140.22	0	1
PROTOTYPE	028347	04/16/18	05:26:26	0.4892597695390782	0.4892597695390782	11.28	-0.0	3.522670340681363	3.522670340681363	11.28	-0.0	0.4892597695390782	0.4892597695390782	11.28	0.0	281.0	287.12	710.45	-299.19	0	1
PROTOTYPE	028348	04/16/18	05:26:28	0.4892597695390782	0.4892597695390782	11.28	-0.0	3.522670340681363	3.522670340681363	11.28	-0.0	0.4892597695390782	0.4892597695390782	11.28	0.0	282.0	286.35	785.09	-374.31	0	1
PROTOTYPE	028349	04/16/18	05:26:29	0.4892597695390782	0.4892597695390782	11.28	-0.0	3.522670340681363	3.522670340681363	11.28	-0.0	0.4892597695390782	0.4892597695390782	11.28	0.0	300.0	288.4	961.2	-198.16	0	1
PROTOTYPE	028350	04/16/18	05:26:30	0.4892597695390782	0.4892597695390782	11.28	-0.0	3.522670340681363	3.522670340681363	11.28	-0.0	0.4892597695390782	0.4892597695390782	11.28	0.0	285.0	287.89	1002.89	-258.44	0	1
PROTOTYPE	028351	04/16/18	05:26:32	0.4892597695390782	0.4892597695390782	11.3	-0.0	3.522670340681363	3.522670340681363	11.3	-0.0	0.4892597695390782	0.4892597695390782	11.3	0.0	290.0	288.21	951.67	-309.67	0	1
PROTOTYPE	028352	04/16/18	05:26:33	0.4892597695390782	0.4892597695390782	11.29	-0.0	3.522670340681363	3.522670340681363	11.29	-0.0	0.4892597695390782	0.4892597695390782	11.29	0.0	273.0	285.93	950.22	-308.22	0	1
PROTOTYPE	028353	04/16/18	05:26:35	0.4892597695390782	0.4892597695390782	11.27	-0.0	3.522670340681363	3.522670340681363	11.27	-0.0	0.4892597695390782	0.4892597695390782	11.27	0.0	276.0	284.44	933.99	-291.99	0	1
PROTOTYPE	028354	04/16/18	05:26:36	0.4892597695390782	0.4892597695390782	11.26	-0.0	3.522670340681363	3.522670340681363	11.26	-0.0	0.4892597695390782	0.4892597695390782	11.26	0.0	286.0	284.67	872.82	-353.19	0	1
PROTOTYPE	028355	04/16/18	05:26:37	0.4892597695390782	0.4892597695390782	11.26	-0.0	3.522670340681363	3.522670340681363	11.26	-0.0	0.4892597695390782	0.4892597695390782	11.26	0.0	276.0	283.37	894.84	-375.21	0	1
PROTOTYPE	028356	04/16/18	05:26:39	0.4892597695390782	0.4892597695390782	11.26	-0.0	3.522670340681363	3.522670340681363	11.26	-0.0	0.4892597695390782	0.4892597695390782	11.26	0.0	283.0	283.32	823.72	-303.93	0	1
PROTOTYPE	028357	04/16/18	05:26:40	0.4892597695390782	0.4892597695390782	11.26	-0.0	3.522670340681363	3.522670340681363	11.26	-0.0	0.4892597695390782	0.4892597695390782	11.26	0.0	290.0	284.32	719.31	-408.34	0	1
PROTOTYPE	028358	04/16/18	05:26:42	0.4892597695390782	0.4892597695390782	11.26	-0.0	3.522670340681363	3.522670340681363	11.26	-0.0	0.4892597695390782	0.4892597695390782	11.26	0.0	282.0	283.97	703.07	-392.09	0	1
PROTOTYPE	028359	04/16/18	05:26:43	0.4892597695390782	0.4892597695390782	11.24	-0.0	3.522670340681363	3.522670340681363	11.24	-0.0	0.4892597695390782	0.4892597695390782	11.24	0.0	293.0	285.32	806.86	-288.28	0	1
PROTOTYPE	028360	04/16/18	05:26:44	0.4892597695390782	0.4892597695390782	11.25	-0.0	3.522670340681363	3.522670340681363	11.25	-0.0	0.4892597695390782	0.4892597695390782	11.25	0.0	294.0	286.63	708.88	69.97	0	1
PROTOTYPE	028361	04/16/18	05:26:46	0.4892597695390782	0.4892597695390782	11.26	-0.0	3.522670340681363	3.522670340681363	11.26	-0.0	0.4892597695390782	0.4892597695390782	11.26	0.0	292.0	287.43	640.59	299.47	0	1
PROTOTYPE	028362	04/16/18	05:26:47	0.4892597695390782	0.4892597695390782	11.26	-0.0	3.522670340681363	3.522670340681363	11.26	-0.0	0.4892597695390782	0.4892597695390782	11.26	0.0	295.0	288.57	730.64	389.55	0	1
PROTOTYPE	028363	04/16/18	05:26:49	0.4892597695390782	0.4892597695390782	11.23	-0.0	3.522670340681363	3.522670340681363	11.23	-0.0	0.4892597695390782	0.4892597695390782	11.23	0.0	284.0	287.88	669.08	451.12	0	1
PROTOTYPE	028364	04/16/18	05:26:50	0.4892597695390782	0.4892597695390782	11.23	-0.0	3.522670340681363	3.522670340681363	11.23	-0.0	0.4892597695390782	0.4892597695390782	11.23	0.0	292.0	288.5	725.12	518.45	0	1
PROTOTYPE	028365	04/16/18	05:26:51	0.4892597695390782	0.4892597695390782	11.23	-0.0	3.522670340681363	3.522670340681363	11.23	-0.0	0.4892597695390782	0.4892597695390782	11.23	0.0	285.0	287.97	677.36	365.68	0	1
PROTOTYPE	028366	04/16/18	05:26:53	0.4892597695390782	0.4892597695390782	11.24	-0.0	3.522670340681363	3.522670340681363	11.24	-0.0	0.4892597695390782	0.4892597695390782	11.24	0.0	288.0	287.98	644.02	400.83	0	1
