Dev_id	Index	Date	Time	Sensor1	Sensor1_Filter	Sensor1_LL	Sensor1_Diff	Sensor2	Sensor2_Filter	Sensor2_LL	Sensor2_Diff	Sensor3	Sensor3_Filter	Sensor3_LL	Sensor3_Diff	Sensor4	Sensor4_Filter	Sensor4_LL	Sensor4_Diff	Heater_Status	FSM_Status
PROTOTYPE	032367	04/16/18	07:01:00	0.4892597695390782	0.4912168086172345	12.32	-4.84	3.6205222945891786	3.6205222945891786	11.21	0.11	0.4892597695390782	0.4892597695390782	11.21	-0.0	283.0	290.09	625.64	-82.77	0	1
PROTOTYPE	032368	04/16/18	07:01:02	0.4892597695390782	0.4912168086172345	12.03	-4.12	3.6205222945891786	3.6205222945891786	11.22	0.09	0.4892597695390782	0.4892597695390782	11.22	-0.0	299.0	291.43	670.39	139.64	0	1
PROTOTYPE	032369	04/16/18	07:01:03	0.4892597695390782	0.49023828907815625	11.82	-3.5	3.6205222945891786	3.6205222945891786	11.23	0.08	0.4892597695390782	0.4892597695390782	11.23	-0.0	295.0	291.97	679.44	148.7	0	1
PROTOTYPE	032370	04/16/18	07:01:04	0.4892597695390782	0.49023828907815625	11.66	-2.97	3.6205222945891786	3.6205222945891786	11.23	0.06	0.4892597695390782	0.4892597695390782	11.23	-0.0	296.0	292.57	612.15	81.39	0	1
PROTOTYPE	032371	04/16/18	07:01:06	0.4892597695390782	0.49023828907815625	11.53	-2.53	3.6205222945891786	3.6205222945891786	11.22	0.05	0.4892597695390782	0.4892597695390782	11.22	-0.0	298.0	293.39	577.24	279.18	0	1
PROTOTYPE	032372	04/16/18	07:01:07	0.4892597695390782	0.49023828907815625	11.47	-2.15	3.6205222945891786	3.6205222945891786	11.24	0.05	0.4892597695390782	0.4892597695390782	11.24	-0.0	290.0	292.88	606.89	207.3	0	1
PROTOTYPE	032373	04/16/18	07:01:09	0.4892597695390782	0.49023828907815625	11.42	-1.83	3.6205222945891786	3.6205222945891786	11.26	0.04	0.4892597695390782	0.4892597695390782	11.26	-0.0	288.0	292.15	602.11	56.21	0	1
PROTOTYPE	032374	04/16/18	07:01:10	0.4892597695390782	0.49023828907815625	11.4	-1.55	3.6205222945891786	3.6205222945891786	11.28	0.03	0.4892597695390782	0.4892597695390782	11.28	-0.0	295.0	292.57	621.15	122.78	0	1
PROTOTYPE	032375	04/16/18	07:01:12	0.4892597695390782	0.4892597695390782	11.4	-1.32	3.6205222945891786	3.6205222945891786	11.31	0.03	0.4892597695390782	0.4892597695390782	11.31	-0.0	296.0	293.09	547.37	299.36	0	1
PROTOTYPE	032376	04/16/18	07:01:13	0.4892597695390782	0.4892597695390782	11.37	-1.12	3.6205222945891786	3.6205222945891786	11.31	0.02	0.4892597695390782	0.4892597695390782	11.31	-0.0	302.0	294.42	547.46	299.46	0	1
PROTOTYPE	032377	04/16/18	07:01:14	0.4892597695390782	0.4892597695390782	11.37	-0.95	3.6205222945891786	3.6205222945891786	11.33	0.02	0.4892597695390782	0.4892597695390782	11.33	-0.0	288.0	293.46	590.27	149.54	0	1
PROTOTYPE	032378	04/16/18	07:01:16	0.4892597695390782	0.4892597695390782	11.35	-0.81	3.6205222945891786	3.6205222945891786	11.32	0.02	0.4892597695390782	0.4892597695390782	11.32	-0.0	272.0	290.24	851.66	-232.89	0	1
PROTOTYPE	032379	04/16/18	07:01:17	0.4892597695390782	0.4892597695390782	11.34	-0.69	3.6205222945891786	3.6205222945891786	11.32	0.01	0.4892597695390782	0.4892597695390782	11.32	-0.0	295.0	290.96	841.59	-242.96	0	1
PROTOTYPE	032380	04/16/18	07:01:19	0.4892597695390782	0.4892597695390782	11.34	-0.59	3.6205222945891786	3.6205222945891786	11.32	0.01	0.4892597695390782	0.4892597695390782	11.32	-0.0	294.0	291.41	836.49	-146.51	0	1
PROTOTYPE	032381	04/16/18	07:01:20	0.4892597695390782	0.4892597695390782	11.32	-0.5	3.6205222945891786	3.6205222945891786	11.31	0.01	0.4892597695390782	0.4892597695390782	11.31	-0.0	290.0	291.2	784.54	-94.54	0	1
PROTOTYPE	032382	04/16/18	07:01:21	0.4892597695390782	0.4892597695390782	11.31	-0.42	3.6205222945891786	3.6205222945891786	11.3	0.01	0.4892597695390782	0.4892597695390782	11.3	-0.0	291.0	291.17	745.03	-140.36	0	1
PROTOTYPE	032383	04/16/18	07:01:23	0.4892597695390782	0.4892597695390782	11.29	-0.36	3.6205222945891786	3.6205222945891786	11.29	0.01	0.4892597695390782	0.4892597695390782	11.29	-0.0	294.0	291.59	736.08	-149.3	0	1
PROTOTYPE	032384	04/16/18	07:01:24	0.4892597695390782	0.4892597695390782	11.3	-0.31	3.6205222945891786	3.6205222945891786	11.3	0.01	0.4892597695390782	0.4892597695390782	11.3	-0.0	288.0	291.06	656.33	-336.91	0	1
PROTOTYPE	032385	04/16/18	07:01:26	0.4892597695390782	0.4892597695390782	11.29	-0.26	3.6205222945891786	3.6205222945891786	11.29	0.01	0.4892597695390782	0.4892597695390782	11.29	-0.0	292.0	291.2	574.19	-226.37	0	1
PROTOTYPE	032386	04/16/18	07:01:27	0.4892597695390782	0.4892597695390782	11.29	-0.22	3.6205222945891786	3.6205222945891786	11.29	0.0	0.4892597695390782	0.4892597695390782	11.29	-0.0	292.0	291.32	264.4	107.58	0	1
PROTOTYPE	032387	04/16/18	07:01:29	0.4892597695390782	0.4892597695390782	11.32	-0.19	3.6205222945891786	3.6205222945891786	11.32	0.0	0.4892597695390782	0.4892597695390782	11.32	-0.0	297.0	292.17	278.26	121.45	0	1
PROTOTYPE	032388	04/16/18	07:01:30	0.4892597695390782	0.4892597695390782	11.32	-0.16	3.6205222945891786	3.6205222945891786	11.32	0.0	0.4892597695390782	0.4892597695390782	11.32	-0.0	285.0	291.09	340.13	-31.77	0	1
PROTOTYPE	032389	04/16/18	07:01:31	0.4892597695390782	0.4892597695390782	11.31	-0.14	3.6205222945891786	3.6205222945891786	11.31	0.0	0.4892597695390782	0.4892597695390782	11.31	-0.0	297.0	291.98	407.49	78.0	0	1
PROTOTYPE	032390	04/16/18	07:01:33	0.4892597695390782	0.4892597695390782	11.31	-0.12	3.6205222945891786	3.6205222945891786	11.31	0.0	0.4892597695390782	0.4892597695390782	11.31	-0.0	274.0	289.28	673.88	-188.7	0	1
PROTOTYPE	032391	04/16/18	07:01:34	0.4892597695390782	0.4892597695390782	11.31	-0.1	3.6205222945891786	3.6205222945891786	11.31	0.0	0.4892597695390782	0.4892597695390782	11.31	-0.0	289.0	289.24	635.89	-235.4	0	1
PROTOTYPE	032392	04/16/18	07:01:36	0.4892597695390782	0.4892597695390782	11.31	-0.08	3.6205222945891786	3.6205222945891786	11.31	0.0	0.4892597695390782	0.4892597695390782	11.31	-0.0	283.0	288.3	675.57	-275.09	0	1
PROTOTYPE	032393	04/16/18	07:01:37	0.4892597695390782	0.4892597695390782	11.3	-0.07	3.6205222945891786	3.6205222945891786	11.3	0.0	0.4892597695390782	0.4892597695390782	11.3	-0.0	288.0	288.26	666.11	-293.83	0	1
PROTOTYPE	032394	04/16/18	07:01:38	0.4892597695390782	0.4892597695390782	11.3	-0.06	3.6205222945891786	3.6205222945891786	11.3	0.0	0.4892597695390782	0.4892597695390782	11.3	-0.0	287.0	288.07	672.92	-324.75	0	1
PROTOTYPE	032395	04/16/18	07:01:40	0.4892597695390782	0.4892597695390782	11.28	-0.05	3.6205222945891786	3.6205222945891786	11.28	0.0	0.4892597695390782	0.4892597695390782	11.28	-0.0	288.0	288.06	589.44	-411.04	0	1
PROTOTYPE	032396	04/16/18	07:01:41	0.4892597695390782	0.4892597695390782	11.27	-0.04	3.6205222945891786	3.6205222945891786	11.27	0.0	0.4892597695390782	0.4892597695390782	11.27	-0.0	292.0	288.65	541.0	-244.38	0	1
PROTOTYPE	032397	04/16/18	07:01:43	0.4892597695390782	0.4892597695390782	11.26	-0.04	3.6205222945891786	3.6205222945891786	11.26	0.0	0.4892597695390782	0.4892597695390782	11.26	-0.0	289.0	288.7	457.83	-327.73	0	1
PROTOTYPE	032398	04/16/18	07:01:44	0.4892597695390782	0.4892597695390782	11.27	-0.03	3.6205222945891786	3.6205222945891786	11.27	0.0	0.4892597695390782	0.4892597695390782	11.27	-0.0	294.0	289.5	267.59	21.43	0	1
PROTOTYPE	032399	04/16/18	07:01:45	0.4892597695390782	0.4892597695390782	11.26	-0.03	3.6205222945891786	3.6205222945891786	11.26	0.0	0.4892597695390782	0.4892597695390782	11.26	-0.0	299.0	290.92	405.65	168.22	0	1
PROTOTYPE	032400	04/16/18	07:01:47	0.4892597695390782	0.4892597695390782	11.25	-0.02	3.6205222945891786	3.6205222945891786	11.25	0.0	0.4892597695390782	0.4892597695390782	11.25	-0.0	292.0	291.08	328.25	277.99	0	1
PROTOTYPE	032401	04/16/18	07:01:48	0.4892597695390782	0.4892597695390782	11.29	-0.02	3.6205222945891786	3.6205222945891786	11.29	0.0	0.4892597695390782	0.4892597695390782	11.29	-0.0	295.0	291.67	382.22	341.29	0	1
PROTOTYPE	032402	04/16/18	07:01:50	0.4892597695390782	0.4892597695390782	11.29	-0.02	3.6205222945891786	3.6205222945891786	11.29	0.0	0.4892597695390782	0.4892597695390782	11.29	-0.0	300.0	292.92	488.21	485.09	0	1
PROTOTYPE	032403	04/16/18	07:01:51	0.4892597695390782	0.4892597695390782	11.28	-0.01	3.6205222945891786	3.6205222945891786	11.28	0.0	0.4892597695390782	0.4892597695390782	11.28	-0.0	291.0	292.63	515.3	457.33	0	1
PROTOTYPE	032404	04/16/18	07:01:53	0.4892597695390782	0.4892597695390782	11.32	-0.01	3.6205222945891786	3.6205222945891786	11.32	0.0	0.4892597695390782	0.4892597695390782	11.32	-0.0	292.0	292.54	465.78	388.73	0	1
PROTOTYPE	032405	04/16/18	07:01:54	0.4892597695390782	0.4892597695390782	11.32	-0.01	3.6205222945891786	3.6205222945891786	11.32	0.0	0.4892597695390782	0.4892597695390782	11.32	-0.0	293.0	292.61	467.43	390.42	0	1
PROTOTYPE	032406	04/16/18	07:01:55	0.4892597695390782	0.4892597695390782	11.29	-0.01	3.6205222945891786	3.6205222945891786	11.29	0.0	0.4892597695390782	0.4892597695390782	11.29	-0.0	297.0	293.27	453.87	376.86	0	1
PROTOTYPE	032407	04/16/18	07:01:57	0.4892597695390782	0.4892597695390782	11.31	-0.01	3.6205222945891786	3.6205222945891786	11.31	0.0	0.4892597695390782	0.4892597695390782	11.31	-0.0	293.0	293.23	315.56	230.33	0	1
PROTOTYPE	032408	04/16/18	07:01:58	0.4892597695390782	0.4892597695390782	11.32	-0.01	3.6205222945891786	3.6205222945891786	11.32	0.0	0.4892597695390782	0.4892597695390782	11.32	-0.0	295.0	293.49	325.99	240.78	0	1
PROTOTYPE	032409	04/16/18	07:02:00	0.4892597695390782	0.4892597695390782	11.29	-0.01	3.6205222945891786	3.6205222945891786	11.29	0.0	0.4892597695390782	0.4892597695390782	11.29	-0.0	287.0	292.52	364.64	84.66	0	1
PROTOTYPE	032410	04/16/18	07:02:01	0.4892597695390782	0.4892597695390782	11.29	-0.0	3.6205222945891786	3.6205222945891786	11.29	0.0	0.4892597695390782	0.4892597695390782	11.29	-0.0	294.0	292.74	261.97	-18.04	0	1
PROTOTYPE	032411	04/16/18	07:02:02	0.4892597695390782	0.4892597695390782	11.3	-0.0	3.6205222945891786	3.6205222945891786	11.3	0.0	0.4892597695390782	0.4892597695390782	11.3	-0.0	284.0	291.43	364.24	-120.33	0	1
PROTOTYPE	032412	04/16/18	07:02:04	0.4892597695390782	0.4892597695390782	11.26	-0.0	3.6205222945891786	3.6205222945891786	11.26	0.0	0.4892597695390782	0.4892597695390782	11.26	-0.0	301.0	292.87	498.2	32.72	0	1
PROTOTYPE	032413	04/16/18	07:02:05	0.4892597695390782	0.4892597695390782	11.29	-0.0	3.6205222945891786	3.6205222945891786	11.29	0.0	0.4892597695390782	0.4892597695390782	11.29	-0.0	300.0	293.94	598.16	132.81	0	1
PROTOTYPE	032414	04/16/18	07:02:07	0.4892597695390782	0.4892597695390782	11.3	-0.0	3.6205222945891786	3.6205222945891786	11.3	0.0	0.4892597695390782	0.4892597695390782	11.3	-0.0	279.0	291.7	756.29	-157.11	0	1
PROTOTYPE	032415	04/16/18	07:02:08	0.4892597695390782	0.4892597695390782	11.29	-0.0	3.6205222945891786	3.6205222945891786	11.29	0.0	0.4892597695390782	0.4892597695390782	11.29	-0.0	297.0	292.49	831.64	-73.54	0	1
PROTOTYPE	032416	04/16/18	07:02:09	0.4892597695390782	0.4892597695390782	11.28	-0.0	3.6205222945891786	3.6205222945891786	11.28	0.0	0.4892597695390782	0.4892597695390782	11.28	-0.0	289.0	291.97	857.38	-152.51	0	1
PROTOTYPE	032417	04/16/18	07:02:11	0.4892597695390782	0.4892597695390782	11.27	-0.0	3.6205222945891786	3.6205222945891786	11.27	0.0	0.4892597695390782	0.4892597695390782	11.27	-0.0	292.0	291.97	761.47	-54.64	0	1
PROTOTYPE	032418	04/16/18	07:02:12	0.4892597695390782	0.4892597695390782	11.28	-0.0	3.6205222945891786	3.6205222945891786	11.28	0.0	0.4892597695390782	0.4892597695390782	11.28	-0.0	296.0	292.58	799.64	-16.44	0	1
PROTOTYPE	032419	04/16/18	07:02:14	0.4892597695390782	0.4892597695390782	11.29	-0.0	3.6205222945891786	3.6205222945891786	11.29	0.0	0.4892597695390782	0.4892597695390782	11.29	-0.0	296.0	293.09	719.89	166.03	0	1
PROTOTYPE	032420	04/16/18	07:02:15	0.4892597695390782	0.4892597695390782	11.29	-0.0	3.6205222945891786	3.6205222945891786	11.29	0.0	0.4892597695390782	0.4892597695390782	11.29	-0.0	283.0	291.58	727.68	-128.88	0	1
PROTOTYPE	032421	04/16/18	07:02:17	0.4892597695390782	0.4892597695390782	11.27	-0.0	3.6205222945891786	3.6205222945891786	11.27	0.0	0.4892597695390782	0.4892597695390782	11.27	-0.0	291.0	291.49	629.41	-244.55	0	1
PROTOTYPE	032422	04/16/18	07:02:18	0.4892597695390782	0.4892597695390782	11.27	-0.0	3.6205222945891786	3.6205222945891786	11.27	0.0	0.4892597695390782	0.4892597695390782	11.27	-0.0	289.0	291.12	442.75	-57.86	0	1
PROTOTYPE	032423	04/16/18	07:02:19	0.4892597695390782	0.4892597695390782	11.28	-0.0	3.6205222945891786	3.6205222945891786	11.28	0.0	0.4892597695390782	0.4892597695390782	11.28	-0.0	301.0	292.6	511.43	10.82	0	1
PROTOTYPE	032424	04/16/18	07:02:21	0.4892597695390782	0.4892597695390782	11.26	-0.0	3.6205222945891786	3.6205222945891786	11.26	0.0	0.4892597695390782	0.4892597695390782	11.26	-0.0	287.0	291.76	543.04	-20.81	0	1
PROTOTYPE	032425	04/16/18	07:02:22	0.4892597695390782	0.4892597695390782	11.26	-0.0	3.6205222945891786	3.6205222945891786	11.26	0.0	0.4892597695390782	0.4892597695390782	11.26	-0.0	298.0	292.7	635.18	72.31	0	1
PROTOTYPE	032426	04/16/18	07:02:24	0.4892597695390782	0.4892597695390782	11.24	-0.0	3.6205222945891786	3.6205222945891786	11.24	0.0	0.4892597695390782	0.4892597695390782	11.24	-0.0	292.0	292.59	585.27	1.47	0	1
PROTOTYPE	032427	04/16/18	07:02:25	0.4892597695390782	0.4892597695390782	11.23	-0.0	3.6205222945891786	3.6205222945891786	11.23	0.0	0.4892597695390782	0.4892597695390782	11.23	-0.0	282.0	291.0	692.76	-208.75	0	1
PROTOTYPE	032428	04/16/18	07:02:26	0.4892597695390782	0.4892597695390782	11.23	-0.0	3.6205222945891786	3.6205222945891786	11.23	0.0	0.4892597695390782	0.4892597695390782	11.23	-0.0	304.0	292.95	736.38	137.56	0	1
PROTOTYPE	032429	04/16/18	07:02:28	0.4892597695390782	0.4892597695390782	11.21	-0.0	3.6205222945891786	3.6205222945891786	11.21	0.0	0.4892597695390782	0.4892597695390782	11.21	-0.0	295.0	293.26	758.37	176.93	0	1
PROTOTYPE	032430	04/16/18	07:02:29	0.4892597695390782	0.4892597695390782	11.22	-0.0	3.6205222945891786	3.6205222945891786	11.22	0.0	0.4892597695390782	0.4892597695390782	11.22	-0.0	285.0	292.02	844.89	90.39	0	1
PROTOTYPE	032431	04/16/18	07:02:31	0.4892597695390782	0.4892597695390782	11.2	-0.0	3.6205222945891786	3.6205222945891786	11.2	0.0	0.4892597695390782	0.4892597695390782	11.2	-0.0	294.0	292.32	726.36	-28.17	0	1
PROTOTYPE	032432	04/16/18	07:02:32	0.4892597695390782	0.4892597695390782	11.2	-0.0	3.6205222945891786	3.6205222945891786	11.2	0.0	0.4892597695390782	0.4892597695390782	11.2	-0.0	285.0	291.22	752.13	-53.95	0	1
PROTOTYPE	032433	04/16/18	07:02:33	0.4892597695390782	0.4892597695390782	11.2	-0.0	3.6205222945891786	3.6205222945891786	11.2	0.0	0.4892597695390782	0.4892597695390782	11.2	-0.0	286.0	290.44	736.81	-225.85	0	1
PROTOTYPE	032434	04/16/18	07:02:35	0.4892597695390782	0.4892597695390782	11.22	-0.0	3.6205222945891786	3.6205222945891786	11.22	0.0	0.4892597695390782	0.4892597695390782	11.22	-0.0	284.0	289.47	822.85	-311.98	0	1
PROTOTYPE	032435	04/16/18	07:02:36	0.4892597695390782	0.4892597695390782	11.21	-0.0	3.6205222945891786	3.6205222945891786	11.21	0.0	0.4892597695390782	0.4892597695390782	11.21	-0.0	291.0	289.7	686.96	-130.18	0	1
PROTOTYPE	032436	04/16/18	07:02:38	0.4892597695390782	0.4892597695390782	11.22	-0.0	3.6205222945891786	3.6205222945891786	11.22	0.0	0.4892597695390782	0.4892597695390782	11.22	-0.0	283.0	288.7	592.5	-425.65	0	1
PROTOTYPE	032437	04/16/18	07:02:39	0.4892597695390782	0.4892597695390782	11.25	-0.0	3.6205222945891786	3.6205222945891786	11.25	0.0	0.4892597695390782	0.4892597695390782	11.25	-0.0	296.0	289.79	671.33	-346.8	0	1
PROTOTYPE	032438	04/16/18	07:02:40	0.4892597695390782	0.4892597695390782	11.24	-0.0	3.6205222945891786	3.6205222945891786	11.24	0.0	0.4892597695390782	0.4892597695390782	11.24	-0.0	303.0	291.77	745.57	-24.78	0	1
PROTOTYPE	032439	04/16/18	07:02:42	0.4892597695390782	0.4892597695390782	11.25	-0.0	3.6205222945891786	3.6205222945891786	11.25	0.0	0.4892597695390782	0.4892597695390782	11.25	-0.0	277.0	289.56	937.44	-276.07	0	1
PROTOTYPE	032440	04/16/18	07:02:43	0.4892597695390782	0.4892597695390782	11.26	-0.0	3.6205222945891786	3.6205222945891786	11.26	0.0	0.4892597695390782	0.4892597695390782	11.26	-0.0	299.0	290.97	969.33	-24.66	0	1
PROTOTYPE	032441	04/16/18	07:02:45	0.4892597695390782	0.4892597695390782	11.26	-0.0	3.6205222945891786	3.6205222945891786	11.26	0.0	0.4892597695390782	0.4892597695390782	11.26	0.0	295.0	291.58	951.44	114.04	0	1
PROTOTYPE	032442	04/16/18	07:02:46	0.4892597695390782	0.4892597695390782	11.26	-0.0	3.6205222945891786	3.6205222945891786	11.26	0.0	0.4892597695390782	0.4892597695390782	11.26	0.0	298.0	292.54	951.23	306.94	0	1
PROTOTYPE	032443	04/16/18	07:02:47	0.4892597695390782	0.4892597695390782	11.27	-0.0	3.6205222945891786	3.6205222945891786	11.27	0.0	0.4892597695390782	0.4892597695390782	11.27	0.0	295.0	292.91	965.17	320.9	0	1
PROTOTYPE	032444	04/16/18	07:02:49	0.4892597695390782	0.4892597695390782	11.27	-0.0	3.6205222945891786	3.6205222945891786	11.27	0.0	0.4892597695390782	0.4892597695390782	11.27	0.0	303.0	294.42	1016.02	572.76	0	1
PROTOTYPE	032445	04/16/18	07:02:50	0.4892597695390782	0.4892597695390782	11.26	-0.0	3.6205222945891786	3.6205222945891786	11.26	0.0	0.4892597695390782	0.4892597695390782	11.26	0.0	293.0	294.21	927.84	441.85	0	1
PROTOTYPE	032446	04/16/18	07:02:52	0.4892597695390782	0.4892597695390782	11.28	-0.0	3.6205222945891786	3.6205222945891786	11.28	0.0	0.4892597695390782	0.4892597695390782	11.28	0.0	293.0	294.03	747.9	225.57	0	1
PROTOTYPE	032447	04/16/18	07:02:53	0.4892597695390782	0.4892597695390782	11.3	-0.0	3.6205222945891786	3.6205222945891786	11.3	0.0	0.4892597695390782	0.4892597695390782	11.3	0.0	282.0	292.22	706.73	266.73	0	1
PROTOTYPE	032448	04/16/18	07:02:55	0.4892597695390782	0.4892597695390782	11.31	-0.0	3.6205222945891786	3.6205222945891786	11.31	0.0	0.4892597695390782	0.4892597695390782	11.31	0.0	291.0	292.04	583.49	106.72	0	1
PROTOTYPE	032449	04/16/18	07:02:56	0.4892597695390782	0.4892597695390782	11.31	-0.0	3.6205222945891786	3.6205222945891786	11.31	0.0	0.4892597695390782	0.4892597695390782	11.31	0.0	286.0	291.13	613.69	-44.28	0	1
PROTOTYPE	032450	04/16/18	07:02:57	0.4892597695390782	0.4892597695390782	11.29	-0.0	3.6205222945891786	3.6205222945891786	11.29	0.0	0.4892597695390782	0.4892597695390782	11.29	0.0	286.0	290.36	594.36	-217.64	0	1
PROTOTYPE	032451	04/16/18	07:02:59	0.4892597695390782	0.4892597695390782	11.3	-0.0	3.6205222945891786	3.6205222945891786	11.3	0.0	0.4892597695390782	0.4892597695390782	11.3	0.0	291.0	290.46	567.08	-245.0	0	1
PROTOTYPE	032452	04/16/18	07:03:00	0.4892597695390782	0.4892597695390782	11.3	-0.0	3.6205222945891786	3.6205222945891786	11.3	0.0	0.4892597695390782	0.4892597695390782	11.3	0.0	292.0	290.69	438.87	-373.25	0	1
PROTOTYPE	032453	04/16/18	07:03:02	0.4892597695390782	0.4892597695390782	11.31	-0.0	3.6205222945891786	3.6205222945891786	11.31	0.0	0.4892597695390782	0.4892597695390782	11.31	0.0	295.0	291.34	482.13	-287.26	0	1
PROTOTYPE	032454	04/16/18	07:03:03	0.4892597695390782	0.4892597695390782	11.29	-0.0	3.6205222945891786	3.6205222945891786	11.29	0.0	0.4892597695390782	0.4892597695390782	11.29	0.0	298.0	292.34	563.89	-169.17	0	1
PROTOTYPE	032455	04/16/18	07:03:04	0.4892597695390782	0.4892597695390782	11.27	-0.0	3.6205222945891786	3.6205222945891786	11.27	0.0	0.4892597695390782	0.4892597695390782	11.27	0.0	295.0	292.74	423.44	51.21	0	1
PROTOTYPE	032456	04/16/18	07:03:06	0.4892597695390782	0.4892597695390782	11.28	-0.0	3.6205222945891786	3.6205222945891786	11.28	0.0	0.4892597695390782	0.4892597695390782	11.28	0.0	302.0	294.13	543.99	208.52	0	1
PROTOTYPE	032457	04/16/18	07:03:07	0.4892597695390782	0.4892597695390782	11.3	-0.0	3.6205222945891786	3.6205222945891786	11.3	0.0	0.4892597695390782	0.4892597695390782	11.3	0.0	293.0	293.96	470.32	282.25	0	1
PROTOTYPE	032458	04/16/18	07:03:09	0.4892597695390782	0.4892597695390782	11.32	-0.0	3.6205222945891786	3.6205222945891786	11.32	0.0	0.4892597695390782	0.4892597695390782	11.32	0.0	296.0	294.26	423.97	389.91	0	1
PROTOTYPE	032459	04/16/18	07:03:10	0.4892597695390782	0.4892597695390782	11.3	-0.0	3.6205222945891786	3.6205222945891786	11.3	0.0	0.4892597695390782	0.4892597695390782	11.3	0.0	301.0	295.27	515.39	481.42	0	1
PROTOTYPE	032460	04/16/18	07:03:11	0.4892597695390782	0.4892597695390782	11.3	-0.0	3.6205222945891786	3.6205222945891786	11.3	0.0	0.4892597695390782	0.4892597695390782	11.3	0.0	283.0	293.43	676.35	274.21	0	1
PROTOTYPE	032461	04/16/18	07:03:13	0.4892597695390782	0.4892597695390782	11.29	-0.0	3.6205222945891786	3.6205222945891786	11.29	0.0	0.4892597695390782	0.4892597695390782	11.29	0.0	289.0	292.77	678.2	143.08	0	1
PROTOTYPE	032462	04/16/18	07:03:14	0.4892597695390782	0.4892597695390782	11.32	-0.0	3.6205222945891786	3.6205222945891786	11.32	0.0	0.4892597695390782	0.4892597695390782	11.32	0.0	288.0	292.05	649.78	-28.38	0	1
PROTOTYPE	032463	04/16/18	07:03:16	0.4892597695390782	0.4892597695390782	11.31	-0.0	3.6205222945891786	3.6205222945891786	11.31	0.0	0.4892597695390782	0.4892597695390782	11.31	0.0	283.0	290.69	745.6	-204.13	0	1
PROTOTYPE	032464	04/16/18	07:03:17	0.4892597695390782	0.4892597695390782	11.29	-0.0	3.6205222945891786	3.6205222945891786	11.29	0.0	0.4892597695390782	0.4892597695390782	11.29	0.0	292.0	290.89	626.26	-323.51	0	1
PROTOTYPE	032465	04/16/18	07:03:19	0.4892597695390782	0.4892597695390782	11.28	-0.0	3.6205222945891786	3.6205222945891786	11.28	0.0	0.4892597695390782	0.4892597695390782	11.28	0.0	287.0	290.31	667.69	-364.98	0	1
PROTOTYPE	032466	04/16/18	07:03:20	0.4892597695390782	0.4892597695390782	11.29	-0.0	3.6205222945891786	3.6205222945891786	11.29	0.0	0.4892597695390782	0.4892597695390782	11.29	0.0	290.0	290.26	641.83	-400.23	0	1
PROTOTYPE	032467	04/16/18	07:03:21	0.4892597695390782	0.4892597695390782	11.32	-0.0	3.6205222945891786	3.6205222945891786	11.32	0.0	0.4892597695390782	0.4892597695390782	11.32	0.0	296.0	291.12	626.87	-415.2	0	1
PROTOTYPE	032468	04/16/18	07:03:23	0.4892597695390782	0.4892597695390782	11.33	-0.0	3.6205222945891786	3.6205222945891786	11.33	0.0	0.4892597695390782	0.4892597695390782	11.33	0.0	294.0	291.55	485.95	-187.92	0	1
PROTOTYPE	032469	04/16/18	07:03:24	0.4892597695390782	0.4892597695390782	11.33	-0.0	3.6205222945891786	3.6205222945891786	11.33	0.0	0.4892597695390782	0.4892597695390782	11.33	0.0	299.0	292.67	531.15	-9.73	0	1
PROTOTYPE	032470	04/16/18	07:03:26	0.4892597695390782	0.4892597695390782	11.3	-0.0	3.6205222945891786	3.6205222945891786	11.3	0.0	0.4892597695390782	0.4892597695390782	11.3	0.0	276.0	290.17	709.68	-188.27	0	1
PROTOTYPE	032471	04/16/18	07:03:27	0.4892597695390782	0.4892597695390782	11.32	-0.0	3.6205222945891786	3.6205222945891786	11.32	0.0	0.4892597695390782	0.4892597695390782	11.32	0.0	297.0	291.19	676.35	49.97	0	1
PROTOTYPE	032472	04/16/18	07:03:28	0.4892597695390782	0.4892597695390782	11.33	-0.0	3.6205222945891786	3.6205222945891786	11.33	0.0	0.4892597695390782	0.4892597695390782	11.33	0.0	294.0	291.62	698.82	72.47	0	1
PROTOTYPE	032473	04/16/18	07:03:30	0.4892597695390782	0.4892597695390782	11.35	-0.0	3.6205222945891786	3.6205222945891786	11.35	0.0	0.4892597695390782	0.4892597695390782	11.35	0.0	297.0	292.42	721.23	211.6	0	1
PROTOTYPE	032474	04/16/18	07:03:31	0.4892597695390782	0.4892597695390782	11.35	-0.0	3.6205222945891786	3.6205222945891786	11.35	0.0	0.4892597695390782	0.4892597695390782	11.35	0.0	285.0	291.31	827.77	104.86	0	1
PROTOTYPE	032475	04/16/18	07:03:33	0.4892597695390782	0.4892597695390782	11.33	-0.0	3.6205222945891786	3.6205222945891786	11.33	0.0	0.4892597695390782	0.4892597695390782	11.33	0.0	275.0	288.86	986.32	-225.87	0	1
PROTOTYPE	032476	04/16/18	07:03:34	0.4892597695390782	0.4892597695390782	11.31	-0.0	3.6205222945891786	3.6205222945891786	11.31	0.0	0.4892597695390782	0.4892597695390782	11.31	0.0	296.0	289.93	1050.18	-161.99	0	1
PROTOTYPE	032477	04/16/18	07:03:36	0.4892597695390782	0.4892597695390782	11.32	-0.0	3.6205222945891786	3.6205222945891786	11.32	0.0	0.4892597695390782	0.4892597695390782	11.32	0.0	290.0	289.94	940.21	-272.69	0	1
PROTOTYPE	032478	04/16/18	07:03:37	0.4892597695390782	0.4892597695390782	11.35	-0.0	3.6205222945891786	3.6205222945891786	11.35	0.0	0.4892597695390782	0.4892597695390782	11.35	0.0	304.0	292.05	901.0	188.21	0	1
PROTOTYPE	032479	04/16/18	07:03:38	0.4892597695390782	0.4892597695390782	11.34	-0.0	3.718374248496994	3.6352000876753503	24.99	15.0	0.4892597695390782	0.4892597695390782	11.34	0.0	294.0	292.34	827.79	114.98	0	1
PROTOTYPE	032480	04/16/18	07:03:40	0.4892597695390782	0.4892597695390782	11.34	-0.0	3.6205222945891786	3.6332430485971945	26.24	12.75	0.4892597695390782	0.4892597695390782	11.34	0.0	289.0	291.84	835.87	22.73	0	1
PROTOTYPE	032481	04/16/18	07:03:41	0.4892597695390782	0.4892597695390782	11.33	-0.0	3.6205222945891786	3.6312860095190382	27.19	10.84	0.4892597695390782	0.4892597695390782	11.33	0.0	297.0	292.62	832.46	19.32	0	1
PROTOTYPE	032482	04/16/18	07:03:43	0.4892597695390782	0.4892597695390782	11.31	-0.0	3.718374248496994	3.644006763527054	39.22	24.21	0.4892597695390782	0.4892597695390782	11.31	0.0	290.0	292.22	760.37	91.43	0	1
PROTOTYPE	032483	04/16/18	07:03:44	0.4892597695390782	0.4892597695390782	11.3	-0.0	3.6205222945891786	3.6410712049098195	41.7	20.58	0.4892597695390782	0.4892597695390782	11.3	0.0	284.0	290.99	639.09	212.71	0	1
PROTOTYPE	032484	04/16/18	07:03:45	0.4892597695390782	0.4892597695390782	11.31	-0.0	3.6205222945891786	3.6371571267535074	43.69	17.49	0.4892597695390782	0.4892597695390782	11.31	0.0	295.0	291.59	592.19	165.81	0	1
PROTOTYPE	032485	04/16/18	07:03:47	0.4892597695390782	0.4892597695390782	11.31	-0.0	3.6205222945891786	3.6352000876753503	45.25	14.87	0.4892597695390782	0.4892597695390782	11.31	0.0	288.0	291.05	644.35	110.93	0	1
PROTOTYPE	032486	04/16/18	07:03:48	0.4892597695390782	0.4892597695390782	11.3	-0.0	3.6205222945891786	3.6332430485971945	46.47	12.64	0.4892597695390782	0.4892597695390782	11.3	0.0	297.0	291.94	522.72	-10.71	0	1
PROTOTYPE	032487	04/16/18	07:03:50	0.4892597695390782	0.4892597695390782	11.3	-0.0	3.6205222945891786	3.6312860095190382	33.76	-4.26	0.4892597695390782	0.4892597695390782	11.3	0.0	291.0	291.8	507.71	-54.1	0	1
PROTOTYPE	032488	04/16/18	07:03:51	0.4892597695390782	0.4892597695390782	11.29	-0.0	3.6205222945891786	3.629328970440882	33.24	-3.62	0.4892597695390782	0.4892597695390782	11.29	0.0	286.0	290.93	544.59	-90.98	0	1
PROTOTYPE	032489	04/16/18	07:03:53	0.4892597695390782	0.4892597695390782	11.29	-0.0	3.6205222945891786	3.6283504509018036	32.84	-3.08	0.4892597695390782	0.4892597695390782	11.29	0.0	290.0	290.79	481.28	-182.34	0	1
PROTOTYPE	032490	04/16/18	07:03:54	0.4892597695390782	0.4892597695390782	11.31	-0.0	3.6205222945891786	3.6273719313627253	21.22	-17.61	0.4892597695390782	0.4892597695390782	11.31	0.0	286.0	290.07	513.91	-214.99	0	1
PROTOTYPE	032491	04/16/18	07:03:55	0.4892597695390782	0.4892597695390782	11.31	-0.0	3.6205222945891786	3.6263934118236474	19.05	-14.97	0.4892597695390782	0.4892597695390782	11.31	0.0	279.0	288.41	556.66	-257.74	0	1
PROTOTYPE	032492	04/16/18	07:03:57	0.4892597695390782	0.4892597695390782	11.29	-0.0	3.6205222945891786	3.625414892284569	17.28	-12.73	0.4892597695390782	0.4892597695390782	11.29	0.0	291.0	288.8	535.33	-279.08	0	1
PROTOTYPE	032493	04/16/18	07:03:58	0.4892597695390782	0.4892597695390782	11.29	-0.0	3.6205222945891786	3.6244363727454907	15.89	-10.82	0.4892597695390782	0.4892597695390782	11.29	0.0	296.0	289.88	589.44	-117.22	0	1
PROTOTYPE	032494	04/16/18	07:04:00	0.4892597695390782	0.4892597695390782	11.26	-0.0	3.6205222945891786	3.623457853206413	14.76	-9.19	0.4892597695390782	0.4892597695390782	11.26	0.0	294.0	290.5	562.02	-144.63	0	1
PROTOTYPE	032495	04/16/18	07:04:01	0.4892597695390782	0.4892597695390782	11.26	-0.0	3.6205222945891786	3.623457853206413	13.9	-7.82	0.4892597695390782	0.4892597695390782	11.26	0.0	292.0	290.72	570.34	-107.94	0	1
PROTOTYPE	032496	04/16/18	07:04:02	0.4892597695390782	0.4892597695390782	11.26	-0.0	3.6205222945891786	3.622479333667335	13.23	-6.64	0.4892597695390782	0.4892597695390782	11.26	0.0	297.0	291.67	577.43	73.25	0	1
PROTOTYPE	032497	04/16/18	07:04:04	0.4892597695390782	0.4892597695390782	11.26	-0.0	3.6205222945891786	3.622479333667335	12.73	-5.65	0.39140781563126253	0.4745819764529058	24.9	-15.0	292.0	291.72	568.59	92.26	0	1
PROTOTYPE	032498	04/16/18	07:04:05	0.4892597695390782	0.4892597695390782	11.24	-0.0	3.6205222945891786	3.622479333667335	12.33	-4.8	0.4892597695390782	0.4765390155310621	26.13	-12.75	281.0	290.11	657.42	3.42	0	1
PROTOTYPE	032499	04/16/18	07:04:07	0.4892597695390782	0.4892597695390782	11.23	-0.0	3.6205222945891786	3.622479333667335	12.03	-4.08	0.4892597695390782	0.47849605460921835	27.1	-10.84	285.0	289.34	567.94	92.91	0	1
PROTOTYPE	032500	04/16/18	07:04:08	0.4892597695390782	0.4892597695390782	11.23	-0.0	3.6205222945891786	3.621500814128256	11.81	-3.47	0.4892597695390782	0.48045309368737477	27.85	-9.21	288.0	289.14	549.29	33.97	0	1
PROTOTYPE	032501	04/16/18	07:04:09	0.4892597695390782	0.4892597695390782	11.2	-0.0	3.6205222945891786	3.621500814128256	11.63	-2.95	0.4892597695390782	0.48143161322645295	28.39	-7.83	294.0	289.87	514.19	-1.12	0	1
PROTOTYPE	032502	04/16/18	07:04:11	0.4892597695390782	0.4892597695390782	11.22	-0.0	3.6205222945891786	3.621500814128256	11.53	-2.51	0.4892597695390782	0.482410132765531	28.83	-6.66	284.0	288.99	540.44	-150.95	0	1
PROTOTYPE	032503	04/16/18	07:04:12	0.4892597695390782	0.4892597695390782	11.22	-0.0	3.6205222945891786	3.621500814128256	11.44	-2.13	0.4892597695390782	0.48338865230460926	29.15	-5.66	299.0	290.49	668.05	-23.31	0	1
PROTOTYPE	032504	04/16/18	07:04:14	0.4892597695390782	0.4892597695390782	11.22	-0.0	3.6205222945891786	3.621500814128256	11.38	-1.81	0.4892597695390782	0.48436717184368744	29.39	-4.81	290.0	290.42	581.39	-124.81	0	1
PROTOTYPE	032505	04/16/18	07:04:15	0.4892597695390782	0.4892597695390782	11.21	-0.0	3.6205222945891786	3.621500814128256	11.33	-1.54	0.4892597695390782	0.4853456913827655	15.9	10.91	290.0	290.35	582.59	-136.09	0	1
PROTOTYPE	032506	04/16/18	07:04:16	0.4892597695390782	0.4892597695390782	11.22	-0.0	3.6205222945891786	3.6205222945891786	11.3	-1.31	0.4892597695390782	0.4863242109218437	14.79	9.28	298.0	291.5	536.54	139.32	0	1
PROTOTYPE	032507	04/16/18	07:04:18	0.4892597695390782	0.4892597695390782	11.27	-0.0	3.6205222945891786	3.6205222945891786	11.33	-1.11	0.4892597695390782	0.4863242109218437	13.96	7.88	302.0	293.08	617.39	373.42	0	1
PROTOTYPE	032508	04/16/18	07:04:19	0.4892597695390782	0.4892597695390782	11.28	-0.0	3.6205222945891786	3.6205222945891786	11.32	-0.94	0.4892597695390782	0.4863242109218437	13.29	6.7	293.0	293.06	599.02	392.41	0	1
PROTOTYPE	032509	04/16/18	07:04:21	0.4892597695390782	0.4892597695390782	11.29	-0.0	3.6205222945891786	3.6205222945891786	11.32	-0.8	0.4892597695390782	0.48730273046092193	12.78	5.7	292.0	292.91	542.15	303.55	0	1
PROTOTYPE	032510	04/16/18	07:04:22	0.4892597695390782	0.4892597695390782	11.28	-0.0	3.6205222945891786	3.6205222945891786	11.3	-0.68	0.4892597695390782	0.48730273046092193	12.38	4.84	275.0	290.22	722.67	123.02	0	1
PROTOTYPE	032511	04/16/18	07:04:23	0.4892597695390782	0.4892597695390782	11.27	-0.0	3.6205222945891786	3.6205222945891786	11.28	-0.58	0.4892597695390782	0.48730273046092193	12.08	4.12	284.0	289.29	665.8	-120.44	0	1
PROTOTYPE	032512	04/16/18	07:04:25	0.4892597695390782	0.4892597695390782	11.29	-0.0	3.6205222945891786	3.6205222945891786	11.3	-0.49	0.4892597695390782	0.48828125	11.88	3.5	295.0	290.14	744.03	-27.37	0	1
PROTOTYPE	032513	04/16/18	07:04:26	0.4892597695390782	0.4892597695390782	11.28	-0.0	3.6205222945891786	3.6205222945891786	11.29	-0.42	0.4892597695390782	0.48828125	11.71	2.97	294.0	290.72	795.48	36.73	0	1
PROTOTYPE	032514	04/16/18	07:04:28	0.4892597695390782	0.4892597695390782	11.28	-0.0	3.6205222945891786	3.6205222945891786	11.28	-0.36	0.4892597695390782	0.48828125	11.59	2.53	299.0	291.96	804.97	46.22	0	1
PROTOTYPE	032515	04/16/18	07:04:29	0.4892597695390782	0.4892597695390782	11.24	-0.0	3.6205222945891786	3.6205222945891786	11.24	-0.3	0.4892597695390782	0.48828125	11.47	2.15	293.0	292.12	663.09	-95.71	0	1
PROTOTYPE	032516	04/16/18	07:04:31	0.4892597695390782	0.4892597695390782	11.26	-0.0	3.6205222945891786	3.6205222945891786	11.26	-0.26	0.4892597695390782	0.48828125	11.42	1.83	300.0	293.3	779.5	23.65	0	1
PROTOTYPE	032517	04/16/18	07:04:32	0.4892597695390782	0.4892597695390782	11.28	-0.0	3.6205222945891786	3.6205222945891786	11.28	-0.22	0.4892597695390782	0.48828125	11.4	1.55	291.0	292.96	798.02	5.1	0	1
PROTOTYPE	032518	04/16/18	07:04:33	0.4892597695390782	0.4892597695390782	11.28	-0.0	3.6205222945891786	3.6205222945891786	11.28	-0.19	0.4892597695390782	0.4892597695390782	11.37	1.32	287.0	292.06	618.79	184.34	0	1
PROTOTYPE	032519	04/16/18	07:04:35	0.4892597695390782	0.4892597695390782	11.31	-0.0	3.6205222945891786	3.6205222945891786	11.31	-0.16	0.4892597695390782	0.4892597695390782	11.37	1.12	293.0	292.2	539.62	291.68	0	1
PROTOTYPE	032520	04/16/18	07:04:36	0.4892597695390782	0.4892597695390782	11.3	-0.0	3.6205222945891786	3.6205222945891786	11.3	-0.13	0.4892597695390782	0.4892597695390782	11.34	0.95	296.0	292.77	510.88	262.93	0	1
PROTOTYPE	032521	04/16/18	07:04:38	0.4892597695390782	0.4892597695390782	11.3	-0.0	3.6205222945891786	3.6205222945891786	11.3	-0.11	0.4892597695390782	0.4892597695390782	11.33	0.81	279.0	290.71	659.61	-1.51	0	1
PROTOTYPE	032522	04/16/18	07:04:39	0.4892597695390782	0.4892597695390782	11.29	-0.0	3.6205222945891786	3.6205222945891786	11.29	-0.1	0.4892597695390782	0.4892597695390782	11.31	0.69	299.0	291.95	659.83	-1.28	0	1
PROTOTYPE	032523	04/16/18	07:04:40	0.4892597695390782	0.4892597695390782	11.3	-0.0	3.6205222945891786	3.6205222945891786	11.3	-0.08	0.4892597695390782	0.4892597695390782	11.32	0.59	297.0	292.71	719.98	58.91	0	1
PROTOTYPE	032524	04/16/18	07:04:42	0.4892597695390782	0.4892597695390782	11.28	-0.0	3.6205222945891786	3.6205222945891786	11.28	-0.07	0.4892597695390782	0.4892597695390782	11.29	0.5	288.0	292.0	672.39	-129.93	0	1
PROTOTYPE	032525	04/16/18	07:04:43	0.4892597695390782	0.4892597695390782	11.26	-0.0	3.6205222945891786	3.6205222945891786	11.26	-0.06	0.4892597695390782	0.4892597695390782	11.27	0.42	283.0	290.65	772.88	-230.44	0	1
PROTOTYPE	032526	04/16/18	07:04:45	0.4892597695390782	0.4892597695390782	11.26	-0.0	3.6205222945891786	3.6205222945891786	11.26	-0.05	0.4892597695390782	0.4892597695390782	11.26	0.36	290.0	290.55	693.4	-150.87	0	1
PROTOTYPE	032527	04/16/18	07:04:46	0.4892597695390782	0.4892597695390782	11.27	-0.0	3.6205222945891786	3.6205222945891786	11.27	-0.04	0.4892597695390782	0.4892597695390782	11.27	0.31	290.0	290.47	687.7	-173.24	0	1
PROTOTYPE	032528	04/16/18	07:04:47	0.4892597695390782	0.4892597695390782	11.28	-0.0	3.6205222945891786	3.6205222945891786	11.28	-0.04	0.4892597695390782	0.4892597695390782	11.28	0.26	291.0	290.55	638.8	-222.25	0	1
PROTOTYPE	032529	04/16/18	07:04:49	0.4892597695390782	0.4892597695390782	11.31	-0.0	3.6205222945891786	3.6205222945891786	11.31	-0.03	0.4892597695390782	0.4892597695390782	11.31	0.22	301.0	292.12	588.95	141.08	0	1
PROTOTYPE	032530	04/16/18	07:04:50	0.4892597695390782	0.4892597695390782	11.31	-0.0	3.6205222945891786	3.6205222945891786	11.31	-0.03	0.4892597695390782	0.4892597695390782	11.31	0.19	279.0	290.15	661.32	-180.08	0	1
PROTOTYPE	032531	04/16/18	07:04:52	0.4892597695390782	0.4892597695390782	11.3	-0.0	3.6205222945891786	3.6205222945891786	11.3	-0.02	0.4892597695390782	0.4892597695390782	11.3	0.16	304.0	292.23	793.32	-48.07	0	1
PROTOTYPE	032532	04/16/18	07:04:53	0.4892597695390782	0.4892597695390782	11.3	-0.0	3.6205222945891786	3.6205222945891786	11.3	-0.02	0.4892597695390782	0.4892597695390782	11.3	0.14	295.0	292.64	764.3	64.14	0	1
PROTOTYPE	032533	04/16/18	07:04:55	0.4892597695390782	0.4892597695390782	11.33	-0.0	3.6205222945891786	3.6205222945891786	11.33	-0.02	0.4892597695390782	0.4892597695390782	11.33	0.12	286.0	291.65	728.92	99.52	0	1
PROTOTYPE	032534	04/16/18	07:04:56	0.4892597695390782	0.4892597695390782	11.34	-0.0	3.6205222945891786	3.6205222945891786	11.34	-0.01	0.4892597695390782	0.4892597695390782	11.34	0.1	291.0	291.55	728.85	99.59	0	1
PROTOTYPE	032535	04/16/18	07:04:57	0.4892597695390782	0.4892597695390782	11.31	-0.0	3.6205222945891786	3.6205222945891786	11.31	-0.01	0.4892597695390782	0.4892597695390782	11.31	0.08	287.0	290.87	788.68	39.65	0	1
PROTOTYPE	032536	04/16/18	07:04:59	0.4892597695390782	0.4892597695390782	11.31	-0.0	3.6205222945891786	3.6205222945891786	11.31	-0.01	0.4892597695390782	0.4892597695390782	11.31	0.07	295.0	291.49	842.62	93.71	0	1
PROTOTYPE	032537	04/16/18	07:05:00	0.4892597695390782	0.4892597695390782	11.3	-0.0	3.6205222945891786	3.6205222945891786	11.3	-0.01	0.4892597695390782	0.4892597695390782	11.3	0.06	271.0	288.41	993.18	-370.35	0	1
PROTOTYPE	032538	04/16/18	07:05:02	0.4892597695390782	0.4892597695390782	11.33	-0.0	3.6205222945891786	3.6205222945891786	11.33	-0.01	0.4892597695390782	0.4892597695390782	11.33	0.05	295.0	289.4	895.21	-74.8	0	1
PROTOTYPE	032539	04/16/18	07:05:03	0.4892597695390782	0.4892597695390782	11.34	-0.0	3.6205222945891786	3.6205222945891786	11.34	-0.01	0.4892597695390782	0.4892597695390782	11.34	0.04	289.0	289.34	693.65	-288.58	0	1
PROTOTYPE	032540	04/16/18	07:05:04	0.4892597695390782	0.4892597695390782	11.36	-0.0	3.6205222945891786	3.6205222945891786	11.36	-0.01	0.4892597695390782	0.4892597695390782	11.36	0.04	285.0	288.69	717.18	-395.29	0	1
PROTOTYPE	032541	04/16/18	07:05:06	0.4892597695390782	0.4892597695390782	11.34	-0.0	3.6205222945891786	3.6205222945891786	11.34	-0.0	0.4892597695390782	0.4892597695390782	11.34	0.03	289.0	288.74	622.37	-291.0	0	1
PROTOTYPE	032542	04/16/18	07:05:07	0.4892597695390782	0.4892597695390782	11.35	-0.0	3.6205222945891786	3.6205222945891786	11.35	-0.0	0.4892597695390782	0.4892597695390782	11.35	0.03	297.0	289.98	736.52	-157.35	0	1
PROTOTYPE	032543	04/16/18	07:05:09	0.4892597695390782	0.4892597695390782	11.34	-0.0	3.6205222945891786	3.6205222945891786	11.34	-0.0	0.4892597695390782	0.4892597695390782	11.34	0.02	282.0	288.78	787.91	-208.75	0	1
PROTOTYPE	032544	04/16/18	07:05:10	0.4892597695390782	0.4892597695390782	11.32	-0.0	3.6205222945891786	3.6205222945891786	11.32	-0.0	0.4892597695390782	0.4892597695390782	11.32	0.02	294.0	289.56	804.22	-192.43	0	1
PROTOTYPE	032545	04/16/18	07:05:12	0.4892597695390782	0.4892597695390782	11.31	-0.0	3.6205222945891786	3.6205222945891786	11.31	-0.0	0.4892597695390782	0.4892597695390782	11.31	0.02	289.0	289.48	505.47	106.43	0	1
PROTOTYPE	032546	04/16/18	07:05:13	0.4892597695390782	0.4892597695390782	11.28	-0.0	3.6205222945891786	3.6205222945891786	11.28	-0.0	0.4892597695390782	0.4892597695390782	11.28	0.01	282.0	288.36	518.86	-104.53	0	1
PROTOTYPE	032547	04/16/18	07:05:14	0.4892597695390782	0.4892597695390782	11.31	-0.0	3.6205222945891786	3.6205222945891786	11.31	-0.0	0.4892597695390782	0.4892597695390782	11.31	0.01	285.0	287.85	563.03	-148.85	0	1
PROTOTYPE	032548	04/16/18	07:05:16	0.4892597695390782	0.4892597695390782	11.29	-0.0	3.6205222945891786	3.6205222945891786	11.29	-0.0	0.4892597695390782	0.4892597695390782	11.29	0.01	295.0	288.93	605.1	23.47	0	1
PROTOTYPE	032549	04/16/18	07:05:17	0.4892597695390782	0.4892597695390782	11.3	-0.0	3.6205222945891786	3.6205222945891786	11.3	-0.0	0.4892597695390782	0.4892597695390782	11.3	0.01	289.0	288.94	602.06	19.95	0	1
PROTOTYPE	032550	04/16/18	07:05:19	0.4892597695390782	0.4892597695390782	11.29	-0.0	3.6205222945891786	3.6205222945891786	11.29	-0.0	0.4892597695390782	0.4892597695390782	11.29	0.01	298.0	290.3	614.07	31.96	0	1
PROTOTYPE	032551	04/16/18	07:05:20	0.4892597695390782	0.4892597695390782	11.29	-0.0	3.6205222945891786	3.6205222945891786	11.29	-0.0	0.4892597695390782	0.4892597695390782	11.29	0.01	284.0	289.35	588.86	57.17	0	1
PROTOTYPE	032552	04/16/18	07:05:21	0.4892597695390782	0.4892597695390782	11.29	-0.0	3.6205222945891786	3.6205222945891786	11.29	-0.0	0.4892597695390782	0.4892597695390782	11.29	0.01	286.0	288.85	560.84	-71.41	0	1
PROTOTYPE	032553	04/16/18	07:05:23	0.4892597695390782	0.4892597695390782	11.29	-0.0	3.6205222945891786	3.6205222945891786	11.29	-0.0	0.4892597695390782	0.4892597695390782	11.29	0.0	288.0	288.72	565.09	-75.7	0	1
PROTOTYPE	032554	04/16/18	07:05:24	0.4892597695390782	0.4892597695390782	11.3	-0.0	3.6205222945891786	3.6205222945891786	11.3	-0.0	0.4892597695390782	0.4892597695390782	11.3	0.0	294.0	289.51	532.1	115.66	0	1
PROTOTYPE	032555	04/16/18	07:05:26	0.4892597695390782	0.4892597695390782	11.28	-0.0	3.6205222945891786	3.6205222945891786	11.28	-0.0	0.4892597695390782	0.4892597695390782	11.28	0.0	292.0	289.89	519.05	203.31	0	1
PROTOTYPE	032556	04/16/18	07:05:27	0.4892597695390782	0.4892597695390782	11.28	0.0	3.6205222945891786	3.6205222945891786	11.28	-0.0	0.4892597695390782	0.4892597695390782	11.28	0.0	293.0	290.35	458.57	142.81	0	1
PROTOTYPE	032557	04/16/18	07:05:28	0.4892597695390782	0.4892597695390782	11.26	0.0	3.6205222945891786	3.6205222945891786	11.26	-0.0	0.4892597695390782	0.4892597695390782	11.26	0.0	284.0	289.4	552.07	46.39	0	1
PROTOTYPE	032558	04/16/18	07:05:30	0.4892597695390782	0.4892597695390782	11.27	0.0	3.6205222945891786	3.6205222945891786	11.27	-0.0	0.4892597695390782	0.4892597695390782	11.27	0.0	289.0	289.34	422.28	-95.57	0	1
PROTOTYPE	032559	04/16/18	07:05:31	0.4892597695390782	0.4892597695390782	11.28	0.0	3.6205222945891786	3.6205222945891786	11.28	-0.0	0.4892597695390782	0.4892597695390782	11.28	0.0	285.0	288.69	392.95	-66.23	0	1
PROTOTYPE	032560	04/16/18	07:05:33	0.4892597695390782	0.4892597695390782	11.28	0.0	3.6205222945891786	3.6205222945891786	11.28	-0.0	0.4892597695390782	0.4892597695390782	11.28	0.0	305.0	291.14	587.32	228.7	0	1
PROTOTYPE	032561	04/16/18	07:05:34	0.4892597695390782	0.4892597695390782	11.28	0.0	3.6205222945891786	3.6205222945891786	11.28	-0.0	0.4892597695390782	0.4892597695390782	11.28	0.0	294.0	291.57	617.5	284.4	0	1
PROTOTYPE	032562	04/16/18	07:05:35	0.4892597695390782	0.4892597695390782	11.27	0.0	3.6205222945891786	3.6205222945891786	11.27	-0.0	0.4892597695390782	0.4892597695390782	11.27	0.0	289.0	291.18	576.81	166.74	0	1
PROTOTYPE	032563	04/16/18	07:05:37	0.4892597695390782	0.4892597695390782	11.26	0.0	3.6205222945891786	3.6205222945891786	11.26	-0.0	0.4892597695390782	0.4892597695390782	11.26	0.0	280.0	289.5	707.2	-38.27	0	1
PROTOTYPE	032564	04/16/18	07:05:38	0.4892597695390782	0.4892597695390782	11.26	0.0	3.6205222945891786	3.6205222945891786	11.26	-0.0	0.4892597695390782	0.4892597695390782	11.26	0.0	277.0	287.63	848.03	-272.53	0	1
PROTOTYPE	032565	04/16/18	07:05:40	0.4892597695390782	0.4892597695390782	11.26	0.0	3.6205222945891786	3.6205222945891786	11.26	-0.0	0.4892597695390782	0.4892597695390782	11.26	0.0	276.0	285.88	927.15	-351.65	0	1
PROTOTYPE	032566	04/16/18	07:05:41	0.4892597695390782	0.4892597695390782	11.23	0.0	3.6205222945891786	3.6205222945891786	11.23	-0.0	0.4892597695390782	0.4892597695390782	11.23	0.0	288.0	286.2	952.75	-313.9	0	1
