Dev_id	Index	Date	Time	Sensor1	Sensor1_Filter	Sensor1_LL	Sensor1_Diff	Sensor2	Sensor2_Filter	Sensor2_LL	Sensor2_Diff	Sensor3	Sensor3_Filter	Sensor3_LL	Sensor3_Diff	Sensor4	Sensor4_Filter	Sensor4_LL	Sensor4_Diff	Heater_Status	FSM_Status
PROTOTYPE	021767	04/16/18	02:51:46	0.4892597695390782	0.4892597695390782	11.24	-0.0	3.522670340681363	3.522670340681363	11.24	0.0	0.4892597695390782	0.4892597695390782	11.24	0.0	294.0	291.3	762.36	-137.82	0	1
PROTOTYPE	021768	04/16/18	02:51:48	0.4892597695390782	0.4892597695390782	11.23	-0.0	3.522670340681363	3.522670340681363	11.23	0.0	0.4892597695390782	0.4892597695390782	11.23	0.0	271.0	288.26	1041.65	-417.14	0	1
PROTOTYPE	021769	04/16/18	02:51:49	0.4892597695390782	0.4892597695390782	11.22	-0.0	3.522670340681363	3.522670340681363	11.22	0.0	0.4892597695390782	0.4892597695390782	11.22	0.0	293.0	288.97	1031.31	-264.57	0	1
PROTOTYPE	021770	04/16/18	02:51:50	0.4892597695390782	0.4892597695390782	11.25	-0.0	3.522670340681363	3.522670340681363	11.25	0.0	0.4892597695390782	0.4892597695390782	11.25	0.0	298.0	290.32	1037.53	0.11	0	1
PROTOTYPE	021771	04/16/18	02:51:52	0.4892597695390782	0.4892597695390782	11.27	-0.0	3.522670340681363	3.522670340681363	11.27	0.0	0.4892597695390782	0.4892597695390782	11.27	0.0	301.0	291.93	1112.51	75.1	0	1
PROTOTYPE	021772	04/16/18	02:51:53	0.4892597695390782	0.4892597695390782	11.27	-0.0	3.522670340681363	3.522670340681363	11.27	0.0	0.4892597695390782	0.4892597695390782	11.27	0.0	289.0	291.49	1048.79	138.83	0	1
PROTOTYPE	021773	04/16/18	02:51:55	0.4892597695390782	0.4892597695390782	11.26	-0.0	3.522670340681363	3.522670340681363	11.26	0.0	0.4892597695390782	0.4892597695390782	11.26	0.0	293.0	291.71	965.04	268.01	0	1
PROTOTYPE	021774	04/16/18	02:51:56	0.4892597695390782	0.4892597695390782	11.26	-0.0	3.522670340681363	3.522670340681363	11.26	0.0	0.4892597695390782	0.4892597695390782	11.26	0.0	288.0	291.16	841.26	32.81	0	1
PROTOTYPE	021775	04/16/18	02:51:58	0.4892597695390782	0.4892597695390782	11.27	-0.0	3.522670340681363	3.522670340681363	11.27	0.0	0.4892597695390782	0.4892597695390782	11.27	0.0	285.0	290.23	886.04	-107.12	0	1
PROTOTYPE	021776	04/16/18	02:51:59	0.4892597695390782	0.4892597695390782	11.28	-0.0	3.522670340681363	3.522670340681363	11.28	0.0	0.4892597695390782	0.4892597695390782	11.28	0.0	295.0	290.95	652.98	268.95	0	1
PROTOTYPE	021777	04/16/18	02:52:00	0.4892597695390782	0.4892597695390782	11.3	-0.0	3.522670340681363	3.522670340681363	11.3	0.0	0.4892597695390782	0.4892597695390782	11.3	0.0	283.0	289.76	701.08	78.61	0	1
PROTOTYPE	021778	04/16/18	02:52:02	0.4892597695390782	0.4892597695390782	11.28	-0.0	3.522670340681363	3.522670340681363	11.28	0.0	0.4892597695390782	0.4892597695390782	11.28	0.0	304.0	291.89	779.29	156.82	0	1
PROTOTYPE	021779	04/16/18	02:52:03	0.4892597695390782	0.4892597695390782	11.25	-0.0	3.522670340681363	3.522670340681363	11.25	0.0	0.4892597695390782	0.4892597695390782	11.25	0.0	300.0	293.11	740.77	118.3	0	1
PROTOTYPE	021780	04/16/18	02:52:05	0.4892597695390782	0.4892597695390782	11.24	-0.0	3.522670340681363	3.522670340681363	11.24	0.0	0.4892597695390782	0.4892597695390782	11.24	0.0	286.0	292.04	803.5	55.55	0	1
PROTOTYPE	021781	04/16/18	02:52:06	0.4892597695390782	0.4892597695390782	11.25	-0.0	3.522670340681363	3.522670340681363	11.25	0.0	0.4892597695390782	0.4892597695390782	11.25	0.0	294.0	292.34	810.16	62.22	0	1
PROTOTYPE	021782	04/16/18	02:52:07	0.4892597695390782	0.4892597695390782	11.24	-0.0	3.522670340681363	3.522670340681363	11.24	0.0	0.4892597695390782	0.4892597695390782	11.24	0.0	296.0	292.89	809.41	172.89	0	1
PROTOTYPE	021783	04/16/18	02:52:09	0.4892597695390782	0.4892597695390782	11.21	-0.0	3.522670340681363	3.522670340681363	11.21	0.0	0.4892597695390782	0.4892597695390782	11.21	0.0	290.0	292.45	760.35	221.95	0	1
PROTOTYPE	021784	04/16/18	02:52:10	0.4892597695390782	0.4892597695390782	11.22	-0.0	3.522670340681363	3.522670340681363	11.22	0.0	0.4892597695390782	0.4892597695390782	11.22	0.0	285.0	291.33	800.64	38.66	0	1
PROTOTYPE	021785	04/16/18	02:52:12	0.4892597695390782	0.4892597695390782	11.21	-0.0	3.522670340681363	3.522670340681363	11.21	0.0	0.4892597695390782	0.4892597695390782	11.21	0.0	289.0	290.98	716.46	122.86	0	1
PROTOTYPE	021786	04/16/18	02:52:13	0.4892597695390782	0.4892597695390782	11.2	-0.0	3.522670340681363	3.522670340681363	11.2	0.0	0.4892597695390782	0.4892597695390782	11.2	0.0	294.0	291.44	548.04	-45.57	0	1
PROTOTYPE	021787	04/16/18	02:52:14	0.4892597695390782	0.4892597695390782	11.23	-0.0	3.522670340681363	3.522670340681363	11.23	0.0	0.4892597695390782	0.4892597695390782	11.23	0.0	285.0	290.47	522.99	-263.73	0	1
PROTOTYPE	021788	04/16/18	02:52:16	0.4892597695390782	0.4892597695390782	11.25	-0.0	3.522670340681363	3.522670340681363	11.25	0.0	0.4892597695390782	0.4892597695390782	11.25	0.0	297.0	291.45	514.29	-59.17	0	1
PROTOTYPE	021789	04/16/18	02:52:17	0.4892597695390782	0.4892597695390782	11.23	-0.0	3.522670340681363	3.522670340681363	11.23	0.0	0.4892597695390782	0.4892597695390782	11.23	0.0	302.0	293.03	643.14	69.7	0	1
PROTOTYPE	021790	04/16/18	02:52:19	0.4892597695390782	0.4892597695390782	11.22	-0.0	3.522670340681363	3.522670340681363	11.22	0.0	0.4892597695390782	0.4892597695390782	11.22	0.0	288.0	292.28	663.67	-60.75	0	1
PROTOTYPE	021791	04/16/18	02:52:20	0.4892597695390782	0.4892597695390782	11.22	-0.0	3.522670340681363	3.522670340681363	11.22	0.0	0.4892597695390782	0.4892597695390782	11.22	0.0	285.0	291.19	729.54	-126.64	0	1
PROTOTYPE	021792	04/16/18	02:52:21	0.4892597695390782	0.4892597695390782	11.21	-0.0	3.522670340681363	3.522670340681363	11.21	0.0	0.4892597695390782	0.4892597695390782	11.21	0.0	291.0	291.16	620.87	-17.64	0	1
PROTOTYPE	021793	04/16/18	02:52:23	0.4892597695390782	0.4892597695390782	11.2	-0.0	3.522670340681363	3.522670340681363	11.2	0.0	0.4892597695390782	0.4892597695390782	11.2	0.0	290.0	290.98	603.25	0.0	0	1
PROTOTYPE	021794	04/16/18	02:52:24	0.4892597695390782	0.4892597695390782	11.2	-0.0	3.522670340681363	3.522670340681363	11.2	-0.0	0.4892597695390782	0.4892597695390782	11.2	0.0	301.0	292.49	708.24	105.0	0	1
PROTOTYPE	021795	04/16/18	02:52:26	0.4892597695390782	0.4892597695390782	11.17	-0.0	3.522670340681363	3.522670340681363	11.17	-0.0	0.4892597695390782	0.4892597695390782	11.17	0.0	293.0	292.56	619.49	209.25	0	1
PROTOTYPE	021796	04/16/18	02:52:27	0.4892597695390782	0.4892597695390782	11.15	-0.0	3.6205222945891786	3.537348133767535	24.82	15.0	0.4892597695390782	0.4892597695390782	11.15	0.0	278.0	290.38	740.02	-107.14	0	1
PROTOTYPE	021797	04/16/18	02:52:28	0.4892597695390782	0.4892597695390782	11.17	-0.0	3.522670340681363	3.5353910946893787	26.08	12.75	0.4892597695390782	0.4892597695390782	11.17	0.0	295.0	291.07	651.09	-196.07	0	1
PROTOTYPE	021798	04/16/18	02:52:30	0.4892597695390782	0.4892597695390782	11.18	-0.0	3.522670340681363	3.5334340556112225	27.06	10.84	0.4892597695390782	0.4892597695390782	11.18	0.0	289.0	290.76	606.7	-151.66	0	1
PROTOTYPE	021799	04/16/18	02:52:31	0.4892597695390782	0.4892597695390782	11.18	-0.0	3.522670340681363	3.5314770165330667	27.81	9.21	0.4892597695390782	0.4892597695390782	11.18	0.0	302.0	292.45	666.1	126.09	0	1
PROTOTYPE	021800	04/16/18	02:52:33	0.4892597695390782	0.4892597695390782	11.19	-0.0	3.522670340681363	3.530498496993988	28.38	7.83	0.4892597695390782	0.4892597695390782	11.19	0.0	286.0	291.48	759.7	32.18	0	1
PROTOTYPE	021801	04/16/18	02:52:34	0.4892597695390782	0.4892597695390782	11.2	-0.0	3.522670340681363	3.52951997745491	28.82	6.66	0.4892597695390782	0.4892597695390782	11.2	0.0	298.0	292.46	840.07	147.35	0	1
PROTOTYPE	021802	04/16/18	02:52:35	0.4892597695390782	0.4892597695390782	11.21	-0.0	3.522670340681363	3.528541457915832	29.15	5.66	0.4892597695390782	0.4892597695390782	11.21	0.0	285.0	291.34	801.72	-114.75	0	1
PROTOTYPE	021803	04/16/18	02:52:37	0.4892597695390782	0.4892597695390782	11.21	-0.0	3.522670340681363	3.5275629383767533	29.39	4.81	0.4892597695390782	0.4892597695390782	11.21	0.0	293.0	291.59	818.84	-97.54	0	1
PROTOTYPE	021804	04/16/18	02:52:38	0.4892597695390782	0.4892597695390782	11.24	-0.0	3.522670340681363	3.5265844188376754	15.92	-10.91	0.4892597695390782	0.4892597695390782	11.24	0.0	295.0	292.1	651.57	172.09	0	1
PROTOTYPE	021805	04/16/18	02:52:40	0.4892597695390782	0.4892597695390782	11.23	-0.0	3.522670340681363	3.5256058992985975	14.8	-9.28	0.4892597695390782	0.4892597695390782	11.23	0.0	282.0	290.59	733.76	-48.72	0	1
PROTOTYPE	021806	04/16/18	02:52:41	0.4892597695390782	0.4892597695390782	11.26	-0.0	3.522670340681363	3.5256058992985975	13.95	-7.88	0.4892597695390782	0.4892597695390782	11.26	0.0	290.0	290.5	711.53	-26.41	0	1
PROTOTYPE	021807	04/16/18	02:52:42	0.4892597695390782	0.4892597695390782	11.32	-0.0	3.522670340681363	3.5256058992985975	13.32	-6.7	0.4892597695390782	0.4892597695390782	11.32	0.0	288.0	290.12	580.44	-232.45	0	1
PROTOTYPE	021808	04/16/18	02:52:44	0.4892597695390782	0.4892597695390782	11.3	-0.0	3.522670340681363	3.524627379759519	12.79	-5.7	0.4892597695390782	0.4892597695390782	11.3	0.0	298.0	291.3	601.89	-17.58	0	1
PROTOTYPE	021809	04/16/18	02:52:45	0.4892597695390782	0.4892597695390782	11.31	-0.0	3.522670340681363	3.524627379759519	12.41	-4.84	0.4892597695390782	0.4892597695390782	11.31	0.0	289.0	290.96	538.68	-149.95	0	1
PROTOTYPE	021810	04/16/18	02:52:47	0.4892597695390782	0.4892597695390782	11.32	-0.0	3.522670340681363	3.524627379759519	12.13	-4.12	0.4892597695390782	0.4892597695390782	11.32	0.0	297.0	291.86	517.42	52.55	0	1
PROTOTYPE	021811	04/16/18	02:52:48	0.4892597695390782	0.4892597695390782	11.33	-0.0	3.522670340681363	3.5236488602204408	11.92	-3.5	0.4892597695390782	0.4892597695390782	11.33	0.0	301.0	293.24	629.51	164.66	0	1
PROTOTYPE	021812	04/16/18	02:52:50	0.4892597695390782	0.4892597695390782	11.31	-0.0	3.522670340681363	3.5236488602204408	11.74	-2.97	0.4892597695390782	0.4892597695390782	11.31	0.0	302.0	294.55	709.8	244.96	0	1
PROTOTYPE	021813	04/16/18	02:52:51	0.4892597695390782	0.4892597695390782	11.29	-0.0	3.522670340681363	3.5236488602204408	11.6	-2.53	0.4892597695390782	0.4892597695390782	11.29	0.0	290.0	293.87	626.55	328.22	0	1
PROTOTYPE	021814	04/16/18	02:52:52	0.4892597695390782	0.4892597695390782	11.25	-0.0	3.522670340681363	3.5236488602204408	11.48	-2.15	0.4892597695390782	0.4892597695390782	11.25	0.0	301.0	294.94	724.65	443.99	0	1
PROTOTYPE	021815	04/16/18	02:52:54	0.4892597695390782	0.4892597695390782	11.22	-0.0	3.522670340681363	3.5236488602204408	11.38	-1.83	0.4892597695390782	0.4892597695390782	11.22	0.0	285.0	293.45	836.23	332.39	0	1
PROTOTYPE	021816	04/16/18	02:52:55	0.4892597695390782	0.4892597695390782	11.24	-0.0	3.522670340681363	3.5236488602204408	11.36	-1.55	0.4892597695390782	0.4892597695390782	11.24	0.0	299.0	294.28	801.38	297.53	0	1
PROTOTYPE	021817	04/16/18	02:52:57	0.4892597695390782	0.4892597695390782	11.24	-0.0	3.522670340681363	3.522670340681363	11.33	-1.32	0.4892597695390782	0.4892597695390782	11.24	0.0	292.0	293.94	801.01	297.9	0	1
PROTOTYPE	021818	04/16/18	02:52:58	0.4892597695390782	0.4892597695390782	11.22	-0.0	3.522670340681363	3.522670340681363	11.28	-1.12	0.4892597695390782	0.4892597695390782	11.22	0.0	292.0	293.65	739.48	178.22	0	1
PROTOTYPE	021819	04/16/18	02:52:59	0.4892597695390782	0.4892597695390782	11.23	-0.0	3.522670340681363	3.522670340681363	11.27	-0.95	0.4892597695390782	0.4892597695390782	11.23	0.0	278.0	291.3	837.15	-193.52	0	1
PROTOTYPE	021820	04/16/18	02:53:01	0.4892597695390782	0.4892597695390782	11.23	-0.0	3.522670340681363	3.522670340681363	11.26	-0.81	0.4892597695390782	0.4892597695390782	11.23	0.0	291.0	291.26	710.39	-329.49	0	1
PROTOTYPE	021821	04/16/18	02:53:02	0.4892597695390782	0.4892597695390782	11.23	-0.0	3.522670340681363	3.522670340681363	11.25	-0.69	0.4892597695390782	0.4892597695390782	11.23	0.0	298.0	292.27	743.31	-160.07	0	1
PROTOTYPE	021822	04/16/18	02:53:04	0.4892597695390782	0.4892597695390782	11.25	-0.0	3.522670340681363	3.522670340681363	11.27	-0.59	0.4892597695390782	0.4892597695390782	11.25	0.0	295.0	292.68	677.33	-226.06	0	1
PROTOTYPE	021823	04/16/18	02:53:05	0.4892597695390782	0.4892597695390782	11.23	-0.0	3.522670340681363	3.522670340681363	11.24	-0.5	0.4892597695390782	0.4892597695390782	11.23	0.0	288.0	291.98	598.43	-147.15	0	1
PROTOTYPE	021824	04/16/18	02:53:06	0.4892597695390782	0.4892597695390782	11.24	-0.0	3.522670340681363	3.522670340681363	11.25	-0.42	0.4892597695390782	0.4892597695390782	11.24	0.0	301.0	293.33	650.5	-95.08	0	1
PROTOTYPE	021825	04/16/18	02:53:08	0.4892597695390782	0.4892597695390782	11.24	-0.0	3.522670340681363	3.522670340681363	11.24	-0.36	0.4892597695390782	0.4892597695390782	11.24	0.0	292.0	293.13	636.26	-80.81	0	1
PROTOTYPE	021826	04/16/18	02:53:09	0.4892597695390782	0.4892597695390782	11.25	-0.0	3.522670340681363	3.522670340681363	11.25	-0.31	0.4892597695390782	0.4892597695390782	11.25	0.0	299.0	294.01	695.23	36.31	0	1
PROTOTYPE	021827	04/16/18	02:53:11	0.4892597695390782	0.4892597695390782	11.24	-0.0	3.522670340681363	3.522670340681363	11.24	-0.26	0.4892597695390782	0.4892597695390782	11.24	0.0	296.0	294.31	490.4	300.86	0	1
PROTOTYPE	021828	04/16/18	02:53:12	0.4892597695390782	0.4892597695390782	11.25	-0.0	3.522670340681363	3.522670340681363	11.25	-0.22	0.4892597695390782	0.4892597695390782	11.25	0.0	295.0	294.41	496.15	315.73	0	1
PROTOTYPE	021829	04/16/18	02:53:13	0.4892597695390782	0.4892597695390782	11.28	-0.0	3.522670340681363	3.522670340681363	11.28	-0.19	0.4892597695390782	0.4892597695390782	11.28	0.0	301.0	295.4	493.79	313.37	0	1
PROTOTYPE	021830	04/16/18	02:53:15	0.4892597695390782	0.4892597695390782	11.27	-0.0	3.522670340681363	3.522670340681363	11.27	-0.16	0.4892597695390782	0.4892597695390782	11.27	0.0	290.0	294.59	533.79	191.37	0	1
PROTOTYPE	021831	04/16/18	02:53:16	0.4892597695390782	0.4892597695390782	11.26	-0.0	3.522670340681363	3.522670340681363	11.26	-0.14	0.4892597695390782	0.4892597695390782	11.26	0.0	288.0	293.6	562.49	162.66	0	1
PROTOTYPE	021832	04/16/18	02:53:18	0.4892597695390782	0.4892597695390782	11.26	-0.0	3.522670340681363	3.522670340681363	11.26	-0.12	0.4892597695390782	0.4892597695390782	11.26	0.0	288.0	292.76	511.15	-56.74	0	1
PROTOTYPE	021833	04/16/18	02:53:19	0.4892597695390782	0.4892597695390782	11.26	-0.0	3.522670340681363	3.522670340681363	11.26	-0.1	0.4892597695390782	0.4892597695390782	11.26	0.0	281.0	291.0	667.59	-213.23	0	1
PROTOTYPE	021834	04/16/18	02:53:20	0.4892597695390782	0.4892597695390782	11.26	-0.0	3.522670340681363	3.522670340681363	11.26	-0.08	0.4892597695390782	0.4892597695390782	11.26	0.0	287.0	290.4	639.5	-361.24	0	1
PROTOTYPE	021835	04/16/18	02:53:22	0.4892597695390782	0.4892597695390782	11.27	0.0	3.522670340681363	3.522670340681363	11.27	-0.07	0.4892597695390782	0.4892597695390782	11.27	0.0	293.0	290.79	648.68	-352.06	0	1
PROTOTYPE	021836	04/16/18	02:53:23	0.4892597695390782	0.4892597695390782	11.26	0.0	3.522670340681363	3.522670340681363	11.26	-0.06	0.4892597695390782	0.4892597695390782	11.26	0.0	293.0	291.12	671.42	-329.25	0	1
PROTOTYPE	021837	04/16/18	02:53:25	0.4892597695390782	0.4892597695390782	11.24	0.0	3.522670340681363	3.522670340681363	11.24	-0.05	0.4892597695390782	0.4892597695390782	11.24	0.0	294.0	291.55	615.82	-384.86	0	1
PROTOTYPE	021838	04/16/18	02:53:26	0.4892597695390782	0.4892597695390782	11.25	0.0	3.522670340681363	3.522670340681363	11.25	-0.04	0.4892597695390782	0.4892597695390782	11.25	0.0	291.0	291.47	543.2	-312.13	0	1
PROTOTYPE	021839	04/16/18	02:53:27	0.4892597695390782	0.4892597695390782	11.26	0.0	3.522670340681363	3.522670340681363	11.26	-0.04	0.4892597695390782	0.4892597695390782	11.26	0.0	287.0	290.8	511.39	-280.31	0	1
PROTOTYPE	021840	04/16/18	02:53:29	0.4892597695390782	0.4892597695390782	11.25	0.0	3.522670340681363	3.522670340681363	11.25	-0.03	0.4892597695390782	0.4892597695390782	11.25	0.0	300.0	292.18	565.37	-58.27	0	1
PROTOTYPE	021841	04/16/18	02:53:30	0.4892597695390782	0.4892597695390782	11.24	0.0	3.522670340681363	3.522670340681363	11.24	-0.03	0.4892597695390782	0.4892597695390782	11.24	0.0	288.0	291.55	451.64	55.47	0	1
PROTOTYPE	021842	04/16/18	02:53:32	0.4892597695390782	0.4892597695390782	11.25	0.0	3.522670340681363	3.522670340681363	11.25	-0.02	0.4892597695390782	0.4892597695390782	11.25	0.0	302.0	293.12	548.39	272.15	0	1
PROTOTYPE	021843	04/16/18	02:53:33	0.4892597695390782	0.4892597695390782	11.24	0.0	3.522670340681363	3.522670340681363	11.24	-0.02	0.4892597695390782	0.4892597695390782	11.24	0.0	285.0	291.9	631.13	111.33	0	1
PROTOTYPE	021844	04/16/18	02:53:34	0.4892597695390782	0.4892597695390782	11.24	0.0	3.522670340681363	3.522670340681363	11.24	-0.02	0.4892597695390782	0.4892597695390782	11.24	0.0	288.0	291.32	656.46	19.63	0	1
PROTOTYPE	021845	04/16/18	02:53:36	0.4892597695390782	0.4892597695390782	11.25	0.0	3.522670340681363	3.522670340681363	11.25	-0.01	0.4892597695390782	0.4892597695390782	11.25	0.0	295.0	291.87	668.51	31.69	0	1
PROTOTYPE	021846	04/16/18	02:53:37	0.4892597695390782	0.4892597695390782	11.24	0.0	3.522670340681363	3.522670340681363	11.24	-0.01	0.4892597695390782	0.4892597695390782	11.24	0.0	294.0	292.19	692.11	71.93	0	1
PROTOTYPE	021847	04/16/18	02:53:39	0.4892597695390782	0.4892597695390782	11.26	0.0	3.522670340681363	3.522670340681363	11.26	-0.01	0.4892597695390782	0.4892597695390782	11.26	0.0	292.0	292.16	628.22	136.14	0	1
PROTOTYPE	021848	04/16/18	02:53:40	0.4892597695390782	0.4892597695390782	11.27	0.0	3.522670340681363	3.522670340681363	11.27	-0.01	0.4892597695390782	0.4892597695390782	11.27	0.0	290.0	291.84	522.63	-34.28	0	1
PROTOTYPE	021849	04/16/18	02:53:42	0.4892597695390782	0.4892597695390782	11.28	0.0	3.522670340681363	3.522670340681363	11.28	-0.01	0.4892597695390782	0.4892597695390782	11.28	0.0	286.0	290.96	547.49	-59.14	0	1
PROTOTYPE	021850	04/16/18	02:53:43	0.4892597695390782	0.4892597695390782	11.27	0.0	3.522670340681363	3.522670340681363	11.27	-0.01	0.4892597695390782	0.4892597695390782	11.27	0.0	290.0	290.82	405.24	-230.27	0	1
PROTOTYPE	021851	04/16/18	02:53:44	0.4892597695390782	0.4892597695390782	11.26	0.0	3.522670340681363	3.522670340681363	11.26	-0.01	0.4892597695390782	0.4892597695390782	11.26	0.0	289.0	290.54	310.73	-135.73	0	1
PROTOTYPE	021852	04/16/18	02:53:46	0.4892597695390782	0.4892597695390782	11.27	0.0	3.522670340681363	3.522670340681363	11.27	-0.0	0.4892597695390782	0.4892597695390782	11.27	0.0	298.0	291.66	364.04	34.63	0	1
PROTOTYPE	021853	04/16/18	02:53:47	0.4892597695390782	0.4892597695390782	11.26	0.0	3.522670340681363	3.522670340681363	11.26	-0.0	0.4892597695390782	0.4892597695390782	11.26	0.0	295.0	292.16	358.84	29.44	0	1
PROTOTYPE	021854	04/16/18	02:53:49	0.4892597695390782	0.4892597695390782	11.25	0.0	3.522670340681363	3.522670340681363	11.25	-0.0	0.4892597695390782	0.4892597695390782	11.25	0.0	294.0	292.44	354.43	25.02	0	1
PROTOTYPE	021855	04/16/18	02:53:50	0.4892597695390782	0.4892597695390782	11.23	0.0	3.522670340681363	3.522670340681363	11.23	-0.0	0.4892597695390782	0.4892597695390782	11.23	0.0	298.0	293.27	434.7	111.27	0	1
PROTOTYPE	021856	04/16/18	02:53:51	0.4892597695390782	0.4892597695390782	11.2	0.0	3.522670340681363	3.522670340681363	11.2	-0.0	0.4892597695390782	0.4892597695390782	11.2	0.0	291.0	292.93	436.39	109.58	0	1
PROTOTYPE	021857	04/16/18	02:53:53	0.4892597695390782	0.4892597695390782	11.21	0.0	3.522670340681363	3.522670340681363	11.21	-0.0	0.4892597695390782	0.4892597695390782	11.21	0.0	275.0	290.24	617.82	-71.86	0	1
PROTOTYPE	021858	04/16/18	02:53:54	0.4892597695390782	0.4892597695390782	11.23	0.0	3.522670340681363	3.522670340681363	11.23	-0.0	0.4892597695390782	0.4892597695390782	11.23	0.0	283.0	289.16	711.98	-166.08	0	1
PROTOTYPE	021859	04/16/18	02:53:56	0.4892597695390782	0.4892597695390782	11.25	0.0	3.522670340681363	3.522670340681363	11.25	-0.0	0.4892597695390782	0.4892597695390782	11.25	0.0	286.0	288.68	732.05	-186.17	0	1
PROTOTYPE	021860	04/16/18	02:53:57	0.4892597695390782	0.4892597695390782	11.24	0.0	3.522670340681363	3.522670340681363	11.24	-0.0	0.4892597695390782	0.4892597695390782	11.24	0.0	279.0	287.23	765.45	-443.24	0	1
PROTOTYPE	021861	04/16/18	02:53:58	0.4892597695390782	0.4892597695390782	11.23	0.0	3.522670340681363	3.522670340681363	11.23	-0.0	0.4892597695390782	0.4892597695390782	11.23	0.0	289.0	287.5	741.95	-466.76	0	1
PROTOTYPE	021862	04/16/18	02:54:00	0.4892597695390782	0.4892597695390782	11.23	0.0	3.522670340681363	3.522670340681363	11.23	-0.0	0.4892597695390782	0.4892597695390782	11.23	0.0	293.0	288.32	796.94	-411.74	0	1
PROTOTYPE	021863	04/16/18	02:54:01	0.4892597695390782	0.4892597695390782	11.24	0.0	3.522670340681363	3.522670340681363	11.24	-0.0	0.4892597695390782	0.4892597695390782	11.24	0.0	292.0	288.87	768.71	-439.98	0	1
PROTOTYPE	021864	04/16/18	02:54:03	0.4892597695390782	0.4892597695390782	11.25	0.0	3.522670340681363	3.522670340681363	11.25	-0.0	0.4892597695390782	0.4892597695390782	11.25	0.0	297.0	290.09	856.5	-283.98	0	1
PROTOTYPE	021865	04/16/18	02:54:04	0.4892597695390782	0.4892597695390782	11.25	0.0	3.522670340681363	3.522670340681363	11.25	-0.0	0.4892597695390782	0.4892597695390782	11.25	0.0	281.0	288.73	723.91	-151.39	0	1
PROTOTYPE	021866	04/16/18	02:54:05	0.4892597695390782	0.4892597695390782	11.22	0.0	3.522670340681363	3.522670340681363	11.22	-0.0	0.4892597695390782	0.4892597695390782	11.22	0.0	293.0	289.37	679.36	21.32	0	1
PROTOTYPE	021867	04/16/18	02:54:07	0.4892597695390782	0.4892597695390782	11.23	0.0	3.522670340681363	3.522670340681363	11.23	-0.0	0.4892597695390782	0.4892597695390782	11.23	0.0	294.0	290.06	701.48	138.12	0	1
PROTOTYPE	021868	04/16/18	02:54:08	0.4892597695390782	0.4892597695390782	11.25	0.0	3.522670340681363	3.522670340681363	11.25	-0.0	0.4892597695390782	0.4892597695390782	11.25	0.0	292.0	290.35	585.31	312.4	0	1
PROTOTYPE	021869	04/16/18	02:54:10	0.4892597695390782	0.4892597695390782	11.26	0.0	3.522670340681363	3.522670340681363	11.26	-0.0	0.4892597695390782	0.4892597695390782	11.26	0.0	291.0	290.45	568.52	295.54	0	1
PROTOTYPE	021870	04/16/18	02:54:11	0.4892597695390782	0.4892597695390782	11.26	0.0	3.522670340681363	3.522670340681363	11.26	-0.0	0.4892597695390782	0.4892597695390782	11.26	0.0	284.0	289.48	582.71	116.21	0	1
PROTOTYPE	021871	04/16/18	02:54:12	0.4892597695390782	0.4892597695390782	11.25	0.0	3.522670340681363	3.522670340681363	11.25	-0.0	0.4892597695390782	0.4892597695390782	11.25	0.0	291.0	289.71	550.31	83.78	0	1
PROTOTYPE	021872	04/16/18	02:54:14	0.4892597695390782	0.4892597695390782	11.24	0.0	3.522670340681363	3.522670340681363	11.24	-0.0	0.4892597695390782	0.4892597695390782	11.24	0.0	289.0	289.6	439.15	-48.79	0	1
PROTOTYPE	021873	04/16/18	02:54:15	0.4892597695390782	0.4892597695390782	11.23	0.0	3.522670340681363	3.522670340681363	11.23	-0.0	0.4892597695390782	0.4892597695390782	11.23	0.0	291.0	289.81	323.74	108.53	0	1
PROTOTYPE	021874	04/16/18	02:54:17	0.4892597695390782	0.4892597695390782	11.24	0.0	3.522670340681363	3.522670340681363	11.24	-0.0	0.4892597695390782	0.4892597695390782	11.24	0.0	286.0	289.24	316.87	-12.75	0	1
PROTOTYPE	021875	04/16/18	02:54:18	0.4892597695390782	0.4892597695390782	11.23	0.0	3.522670340681363	3.522670340681363	11.23	-0.0	0.4892597695390782	0.4892597695390782	11.23	0.0	301.0	291.01	423.78	94.16	0	1
PROTOTYPE	021876	04/16/18	02:54:19	0.4892597695390782	0.4892597695390782	11.21	0.0	3.522670340681363	3.522670340681363	11.21	-0.0	0.4892597695390782	0.4892597695390782	11.21	0.0	291.0	291.0	396.1	65.04	0	1
PROTOTYPE	021877	04/16/18	02:54:21	0.4892597695390782	0.4892597695390782	11.24	0.0	3.522670340681363	3.522670340681363	11.24	-0.0	0.4892597695390782	0.4892597695390782	11.24	0.0	292.0	291.15	401.31	70.28	0	1
PROTOTYPE	021878	04/16/18	02:54:22	0.4892597695390782	0.4892597695390782	11.25	0.0	3.522670340681363	3.522670340681363	11.25	-0.0	0.4892597695390782	0.4892597695390782	11.25	0.0	292.0	291.28	317.31	179.74	0	1
PROTOTYPE	021879	04/16/18	02:54:24	0.4892597695390782	0.4892597695390782	11.26	0.0	3.522670340681363	3.522670340681363	11.26	-0.0	0.4892597695390782	0.4892597695390782	11.26	0.0	290.0	291.09	313.78	137.78	0	1
PROTOTYPE	021880	04/16/18	02:54:25	0.4892597695390782	0.4892597695390782	11.28	0.0	3.522670340681363	3.522670340681363	11.28	-0.0	0.4892597695390782	0.4892597695390782	11.28	0.0	294.0	291.53	346.72	192.11	0	1
PROTOTYPE	021881	04/16/18	02:54:27	0.4892597695390782	0.4892597695390782	11.28	0.0	3.522670340681363	3.522670340681363	11.28	-0.0	0.4892597695390782	0.4892597695390782	11.28	0.0	284.0	290.4	438.62	58.3	0	1
PROTOTYPE	021882	04/16/18	02:54:28	0.4892597695390782	0.4892597695390782	11.31	0.0	3.522670340681363	3.522670340681363	11.31	-0.0	0.4892597695390782	0.4892597695390782	11.31	0.0	299.0	291.69	510.46	244.55	0	1
PROTOTYPE	021883	04/16/18	02:54:29	0.4892597695390782	0.4892597695390782	11.3	0.0	3.522670340681363	3.522670340681363	11.3	-0.0	0.4892597695390782	0.4892597695390782	11.3	0.0	291.0	291.58	344.48	57.87	0	1
PROTOTYPE	021884	04/16/18	02:54:31	0.4892597695390782	0.4892597695390782	11.31	0.0	3.522670340681363	3.522670340681363	11.31	-0.0	0.4892597695390782	0.4892597695390782	11.31	0.0	289.0	291.2	381.86	19.19	0	1
PROTOTYPE	021885	04/16/18	02:54:32	0.4892597695390782	0.4892597695390782	11.29	0.0	3.522670340681363	3.522670340681363	11.29	-0.0	0.4892597695390782	0.4892597695390782	11.29	0.0	289.0	290.87	399.84	-28.69	0	1
PROTOTYPE	021886	04/16/18	02:54:34	0.4892597695390782	0.4892597695390782	11.29	0.0	3.522670340681363	3.522670340681363	11.29	-0.0	0.4892597695390782	0.4892597695390782	11.29	0.0	289.0	290.59	415.11	-69.39	0	1
PROTOTYPE	021887	04/16/18	02:54:35	0.4892597695390782	0.4892597695390782	11.3	0.0	3.522670340681363	3.522670340681363	11.3	-0.0	0.4892597695390782	0.4892597695390782	11.3	0.0	291.0	290.65	402.2	-43.98	0	1
PROTOTYPE	021888	04/16/18	02:54:36	0.4892597695390782	0.4892597695390782	11.31	0.0	3.522670340681363	3.522670340681363	11.31	-0.0	0.4892597695390782	0.4892597695390782	11.31	0.0	287.0	290.1	413.26	-142.38	0	1
PROTOTYPE	021889	04/16/18	02:54:38	0.4892597695390782	0.4892597695390782	11.3	0.0	3.522670340681363	3.522670340681363	11.3	-0.0	0.4892597695390782	0.4892597695390782	11.3	0.0	292.0	290.39	328.88	-1.02	0	1
PROTOTYPE	021890	04/16/18	02:54:39	0.4892597695390782	0.4892597695390782	11.26	0.0	3.522670340681363	3.522670340681363	11.26	-0.0	0.4892597695390782	0.4892597695390782	11.26	0.0	283.0	289.28	310.63	-240.87	0	1
PROTOTYPE	021891	04/16/18	02:54:41	0.4892597695390782	0.4892597695390782	11.27	0.0	3.522670340681363	3.522670340681363	11.27	-0.0	0.4892597695390782	0.4892597695390782	11.27	0.0	303.0	291.34	506.05	-24.74	0	1
PROTOTYPE	021892	04/16/18	02:54:42	0.4892597695390782	0.4892597695390782	11.26	0.0	3.522670340681363	3.522670340681363	11.26	-0.0	0.4892597695390782	0.4892597695390782	11.26	0.0	296.0	292.04	537.23	83.97	0	1
PROTOTYPE	021893	04/16/18	02:54:43	0.4892597695390782	0.4892597695390782	11.26	0.0	3.522670340681363	3.522670340681363	11.26	-0.0	0.4892597695390782	0.4892597695390782	11.26	0.0	285.0	290.98	609.81	11.38	0	1
PROTOTYPE	021894	04/16/18	02:54:45	0.4892597695390782	0.4892597695390782	11.26	0.0	3.522670340681363	3.522670340681363	11.26	-0.0	0.4892597695390782	0.4892597695390782	11.26	0.0	289.0	290.68	611.51	9.67	0	1
PROTOTYPE	021895	04/16/18	02:54:46	0.4892597695390782	0.4892597695390782	11.26	0.0	3.522670340681363	3.522670340681363	11.26	-0.0	0.4892597695390782	0.4892597695390782	11.26	0.0	291.0	290.73	610.11	8.22	0	1
PROTOTYPE	021896	04/16/18	02:54:48	0.4892597695390782	0.4892597695390782	11.24	0.0	3.522670340681363	3.522670340681363	11.24	-0.0	0.4892597695390782	0.4892597695390782	11.24	0.0	288.0	290.32	596.35	21.99	0	1
PROTOTYPE	021897	04/16/18	02:54:49	0.4892597695390782	0.4892597695390782	11.25	0.0	3.522670340681363	3.522670340681363	11.25	-0.0	0.4892597695390782	0.4892597695390782	11.25	0.0	290.0	290.27	572.86	-11.31	0	1
PROTOTYPE	021898	04/16/18	02:54:51	0.4892597695390782	0.4892597695390782	11.28	0.0	3.522670340681363	3.522670340681363	11.28	-0.0	0.4892597695390782	0.4892597695390782	11.28	0.0	296.0	291.13	547.97	185.38	0	1
PROTOTYPE	021899	04/16/18	02:54:52	0.4892597695390782	0.4892597695390782	11.27	0.0	3.522670340681363	3.522670340681363	11.27	-0.0	0.4892597695390782	0.4892597695390782	11.27	0.0	297.0	292.01	430.17	67.58	0	1
PROTOTYPE	021900	04/16/18	02:54:53	0.4892597695390782	0.4892597695390782	11.29	0.0	3.522670340681363	3.522670340681363	11.29	-0.0	0.4892597695390782	0.4892597695390782	11.29	0.0	293.0	292.16	375.09	12.44	0	1
PROTOTYPE	021901	04/16/18	02:54:55	0.4892597695390782	0.4892597695390782	11.29	0.0	3.522670340681363	3.522670340681363	11.29	-0.0	0.4892597695390782	0.4892597695390782	11.29	0.0	287.0	291.39	346.96	40.57	0	1
PROTOTYPE	021902	04/16/18	02:54:56	0.4892597695390782	0.4892597695390782	11.29	0.0	3.522670340681363	3.522670340681363	11.29	-0.0	0.4892597695390782	0.4892597695390782	11.29	0.0	299.0	292.53	431.42	184.49	0	1
PROTOTYPE	021903	04/16/18	02:54:58	0.4892597695390782	0.4892597695390782	11.28	0.0	3.522670340681363	3.522670340681363	11.28	-0.0	0.4892597695390782	0.4892597695390782	11.28	0.0	294.0	292.75	448.59	201.82	0	1
PROTOTYPE	021904	04/16/18	02:54:59	0.4892597695390782	0.4892597695390782	11.28	0.0	3.522670340681363	3.522670340681363	11.28	-0.0	0.4892597695390782	0.4892597695390782	11.28	0.0	297.0	293.39	471.38	306.54	0	1
PROTOTYPE	021905	04/16/18	02:55:00	0.4892597695390782	0.4892597695390782	11.28	0.0	3.522670340681363	3.522670340681363	11.28	-0.0	0.4892597695390782	0.4892597695390782	11.28	0.0	295.0	293.63	490.59	335.56	0	1
PROTOTYPE	021906	04/16/18	02:55:02	0.4892597695390782	0.4892597695390782	11.27	0.0	3.522670340681363	3.522670340681363	11.27	-0.0	0.4892597695390782	0.4892597695390782	11.27	0.0	292.0	293.38	429.15	225.23	0	1
PROTOTYPE	021907	04/16/18	02:55:03	0.4892597695390782	0.4892597695390782	11.29	0.0	3.522670340681363	3.522670340681363	11.29	-0.0	0.4892597695390782	0.4892597695390782	11.29	0.0	296.0	293.78	380.38	176.44	0	1
PROTOTYPE	021908	04/16/18	02:55:05	0.4892597695390782	0.4892597695390782	11.29	0.0	3.522670340681363	3.522670340681363	11.29	-0.0	0.4892597695390782	0.4892597695390782	11.29	0.0	282.0	292.01	542.16	-15.02	0	1
PROTOTYPE	021909	04/16/18	02:55:06	0.4892597695390782	0.4892597695390782	11.28	0.0	3.522670340681363	3.522670340681363	11.28	-0.0	0.4892597695390782	0.4892597695390782	11.28	0.0	282.0	290.51	614.9	-87.77	0	1
PROTOTYPE	021910	04/16/18	02:55:07	0.4892597695390782	0.4892597695390782	11.28	0.0	3.522670340681363	3.522670340681363	11.28	-0.0	0.4892597695390782	0.4892597695390782	11.28	0.0	285.0	289.68	583.33	-284.6	0	1
PROTOTYPE	021911	04/16/18	02:55:09	0.4892597695390782	0.4892597695390782	11.26	0.0	3.522670340681363	3.522670340681363	11.26	-0.0	0.4892597695390782	0.4892597695390782	11.26	0.0	275.0	287.48	781.45	-526.91	0	1
PROTOTYPE	021912	04/16/18	02:55:10	0.4892597695390782	0.4892597695390782	11.27	0.0	3.522670340681363	3.522670340681363	11.27	-0.0	0.4892597695390782	0.4892597695390782	11.27	0.0	292.0	288.16	785.49	-522.88	0	1
PROTOTYPE	021913	04/16/18	02:55:12	0.4892597695390782	0.4892597695390782	11.26	0.0	3.522670340681363	3.522670340681363	11.26	-0.0	0.4892597695390782	0.4892597695390782	11.26	0.0	296.0	289.33	878.88	-429.45	0	1
PROTOTYPE	021914	04/16/18	02:55:13	0.4892597695390782	0.4892597695390782	11.26	0.0	3.522670340681363	3.522670340681363	11.26	-0.0	0.4892597695390782	0.4892597695390782	11.26	0.0	282.0	288.23	964.44	-515.03	0	1
PROTOTYPE	021915	04/16/18	02:55:14	0.4892597695390782	0.4892597695390782	11.24	0.0	3.522670340681363	3.522670340681363	11.24	-0.0	0.4892597695390782	0.4892597695390782	11.24	0.0	289.0	288.35	936.75	-542.77	0	1
PROTOTYPE	021916	04/16/18	02:55:16	0.4892597695390782	0.4892597695390782	11.23	0.0	3.522670340681363	3.522670340681363	11.23	-0.0	0.4892597695390782	0.4892597695390782	11.23	0.0	295.0	289.35	859.87	-266.36	0	1
PROTOTYPE	021917	04/16/18	02:55:17	0.4892597695390782	0.4892597695390782	11.25	0.0	3.522670340681363	3.522670340681363	11.25	-0.0	0.4892597695390782	0.4892597695390782	11.25	0.0	286.0	288.84	759.93	-166.4	0	1
PROTOTYPE	021918	04/16/18	02:55:19	0.4892597695390782	0.4892597695390782	11.27	0.0	3.522670340681363	3.522670340681363	11.27	-0.0	0.39140781563126253	0.4745819764529058	24.91	-15.0	289.0	288.87	680.01	-81.44	0	1
PROTOTYPE	021919	04/16/18	02:55:20	0.4892597695390782	0.4892597695390782	11.28	0.0	3.522670340681363	3.522670340681363	11.28	-0.0	0.4892597695390782	0.4765390155310621	26.17	-12.75	299.0	290.39	611.76	290.77	0	1
PROTOTYPE	021920	04/16/18	02:55:22	0.4892597695390782	0.4892597695390782	11.28	0.0	3.522670340681363	3.522670340681363	11.28	-0.0	0.4892597695390782	0.47849605460921835	27.14	-10.84	295.0	291.08	613.14	292.16	0	1
PROTOTYPE	021921	04/16/18	02:55:23	0.4892597695390782	0.4892597695390782	11.28	0.0	3.522670340681363	3.522670340681363	11.28	-0.0	0.4892597695390782	0.48045309368737477	27.88	-9.21	287.0	290.47	556.71	113.33	0	1
PROTOTYPE	021922	04/16/18	02:55:24	0.4892597695390782	0.4892597695390782	11.29	0.0	3.522670340681363	3.522670340681363	11.29	-0.0	0.4892597695390782	0.48143161322645295	28.46	-7.83	281.0	289.05	588.71	81.33	0	1
PROTOTYPE	021923	04/16/18	02:55:26	0.4892597695390782	0.4892597695390782	11.31	0.0	3.522670340681363	3.522670340681363	11.31	-0.0	0.4892597695390782	0.482410132765531	28.9	-6.66	295.0	289.94	666.44	159.13	0	1
PROTOTYPE	021924	04/16/18	02:55:27	0.4892597695390782	0.4892597695390782	11.31	0.0	3.522670340681363	3.522670340681363	11.31	-0.0	0.4892597695390782	0.48338865230460926	29.22	-5.66	291.0	290.1	582.62	75.26	0	1
PROTOTYPE	021925	04/16/18	02:55:29	0.4892597695390782	0.4892597695390782	11.29	0.0	3.522670340681363	3.522670340681363	11.29	-0.0	0.4892597695390782	0.48436717184368744	29.43	-4.81	285.0	289.33	608.9	48.97	0	1
PROTOTYPE	021926	04/16/18	02:55:30	0.4892597695390782	0.4892597695390782	11.27	0.0	3.522670340681363	3.522670340681363	11.27	-0.0	0.4892597695390782	0.4853456913827655	15.94	10.91	286.0	288.83	656.21	-3.37	0	1
PROTOTYPE	021927	04/16/18	02:55:31	0.4892597695390782	0.4892597695390782	11.29	0.0	3.522670340681363	3.522670340681363	11.29	-0.0	0.4892597695390782	0.4863242109218437	14.84	9.28	277.0	287.06	681.74	-332.87	0	1
PROTOTYPE	021928	04/16/18	02:55:33	0.4892597695390782	0.4892597695390782	11.29	0.0	3.522670340681363	3.522670340681363	11.29	-0.0	0.4892597695390782	0.4863242109218437	13.97	7.88	286.0	286.9	628.5	-417.94	0	1
PROTOTYPE	021929	04/16/18	02:55:34	0.4892597695390782	0.4892597695390782	11.29	0.0	3.522670340681363	3.522670340681363	11.29	-0.0	0.4892597695390782	0.4863242109218437	13.29	6.7	305.0	289.62	838.79	-85.25	0	1
PROTOTYPE	021930	04/16/18	02:55:36	0.4892597695390782	0.4892597695390782	11.26	0.0	3.522670340681363	3.522670340681363	11.26	-0.0	0.4892597695390782	0.48730273046092193	12.75	5.7	298.0	290.87	822.54	182.54	0	1
PROTOTYPE	021931	04/16/18	02:55:37	0.4892597695390782	0.4892597695390782	11.26	0.0	3.522670340681363	3.522670340681363	11.26	-0.0	0.4892597695390782	0.48730273046092193	12.36	4.84	295.0	291.49	795.17	155.16	0	1
PROTOTYPE	021932	04/16/18	02:55:38	0.4892597695390782	0.4892597695390782	11.26	0.0	3.522670340681363	3.522670340681363	11.26	-0.0	0.4892597695390782	0.48730273046092193	12.07	4.12	295.0	292.02	831.85	191.89	0	1
PROTOTYPE	021933	04/16/18	02:55:40	0.4892597695390782	0.4892597695390782	11.26	0.0	3.522670340681363	3.522670340681363	11.26	-0.0	0.4892597695390782	0.48828125	11.85	3.5	270.0	288.72	1085.62	-61.9	0	1
PROTOTYPE	021934	04/16/18	02:55:41	0.4892597695390782	0.4892597695390782	11.26	0.0	3.522670340681363	3.522670340681363	11.26	-0.0	0.4892597695390782	0.48828125	11.69	2.97	293.0	289.36	1099.87	52.39	0	1
PROTOTYPE	021935	04/16/18	02:55:43	0.4892597695390782	0.4892597695390782	11.23	0.0	3.522670340681363	3.522670340681363	11.23	-0.0	0.4892597695390782	0.48828125	11.54	2.53	296.0	290.35	1021.99	329.53	0	1
PROTOTYPE	021936	04/16/18	02:55:44	0.4892597695390782	0.4892597695390782	11.23	0.0	3.522670340681363	3.522670340681363	11.23	-0.0	0.4892597695390782	0.48828125	11.46	2.15	301.0	291.95	1165.73	505.1	0	1
PROTOTYPE	021937	04/16/18	02:55:45	0.4892597695390782	0.4892597695390782	11.23	0.0	3.522670340681363	3.522670340681363	11.23	-0.0	0.4892597695390782	0.48828125	11.39	1.83	291.0	291.81	908.56	219.33	0	1
PROTOTYPE	021938	04/16/18	02:55:47	0.4892597695390782	0.4892597695390782	11.24	0.0	3.522670340681363	3.522670340681363	11.24	-0.0	0.4892597695390782	0.48828125	11.36	1.55	277.0	289.59	1004.92	-128.57	0	1
PROTOTYPE	021939	04/16/18	02:55:48	0.4892597695390782	0.4892597695390782	11.21	0.0	3.522670340681363	3.522670340681363	11.21	-0.0	0.4892597695390782	0.4892597695390782	11.3	1.32	280.0	288.15	1086.81	-334.28	0	1
PROTOTYPE	021940	04/16/18	02:55:50	0.4892597695390782	0.4892597695390782	11.2	0.0	3.522670340681363	3.522670340681363	11.2	-0.0	0.4892597695390782	0.4892597695390782	11.26	1.12	294.0	289.03	1121.95	-299.14	0	1
PROTOTYPE	021941	04/16/18	02:55:51	0.4892597695390782	0.4892597695390782	11.21	0.0	3.522670340681363	3.522670340681363	11.21	-0.0	0.4892597695390782	0.4892597695390782	11.25	0.95	298.0	290.37	926.28	165.73	0	1
PROTOTYPE	021942	04/16/18	02:55:52	0.4892597695390782	0.4892597695390782	11.2	0.0	3.522670340681363	3.522670340681363	11.2	-0.0	0.4892597695390782	0.4892597695390782	11.23	0.81	302.0	292.12	1036.41	275.87	0	1
PROTOTYPE	021943	04/16/18	02:55:54	0.4892597695390782	0.4892597695390782	11.21	0.0	3.522670340681363	3.522670340681363	11.21	-0.0	0.4892597695390782	0.4892597695390782	11.23	0.69	280.0	290.3	1118.53	-5.51	0	1
PROTOTYPE	021944	04/16/18	02:55:55	0.4892597695390782	0.4892597695390782	11.21	0.0	3.522670340681363	3.522670340681363	11.21	-0.0	0.4892597695390782	0.4892597695390782	11.23	0.59	279.0	288.6	1128.33	-334.68	0	1
PROTOTYPE	021945	04/16/18	02:55:57	0.4892597695390782	0.4892597695390782	11.22	0.0	3.522670340681363	3.522670340681363	11.22	-0.0	0.4892597695390782	0.4892597695390782	11.23	0.5	294.0	289.41	1194.94	-239.48	0	1
PROTOTYPE	021946	04/16/18	02:55:58	0.4892597695390782	0.4892597695390782	11.24	0.0	3.522670340681363	3.522670340681363	11.24	-0.0	0.4892597695390782	0.4892597695390782	11.25	0.42	281.0	288.15	1099.02	-143.56	0	1
PROTOTYPE	021947	04/16/18	02:56:00	0.4892597695390782	0.4892597695390782	11.27	0.0	3.522670340681363	3.522670340681363	11.27	-0.0	0.4892597695390782	0.4892597695390782	11.27	0.36	285.0	287.68	1002.5	-47.02	0	1
PROTOTYPE	021948	04/16/18	02:56:01	0.4892597695390782	0.4892597695390782	11.27	0.0	3.522670340681363	3.522670340681363	11.27	-0.0	0.4892597695390782	0.4892597695390782	11.27	0.31	283.0	286.98	984.93	-204.97	0	1
PROTOTYPE	021949	04/16/18	02:56:02	0.4892597695390782	0.4892597695390782	11.27	0.0	3.522670340681363	3.522670340681363	11.27	-0.0	0.4892597695390782	0.4892597695390782	11.27	0.26	289.0	287.28	880.7	-309.22	0	1
PROTOTYPE	021950	04/16/18	02:56:04	0.4892597695390782	0.4892597695390782	11.28	0.0	3.522670340681363	3.522670340681363	11.28	-0.0	0.4892597695390782	0.4892597695390782	11.28	0.22	287.0	287.24	710.72	-487.84	0	1
PROTOTYPE	021951	04/16/18	02:56:05	0.4892597695390782	0.4892597695390782	11.28	0.0	3.522670340681363	3.522670340681363	11.28	-0.0	0.4892597695390782	0.4892597695390782	11.28	0.19	291.0	287.8	585.4	-249.67	0	1
PROTOTYPE	021952	04/16/18	02:56:07	0.4892597695390782	0.4892597695390782	11.28	0.0	3.522670340681363	3.522670340681363	11.28	-0.0	0.4892597695390782	0.4892597695390782	11.28	0.16	280.0	286.63	532.96	-197.22	0	1
PROTOTYPE	021953	04/16/18	02:56:08	0.4892597695390782	0.4892597695390782	11.27	0.0	3.522670340681363	3.522670340681363	11.27	-0.0	0.4892597695390782	0.4892597695390782	11.27	0.14	286.0	286.54	461.6	-287.63	0	1
PROTOTYPE	021954	04/16/18	02:56:09	0.4892597695390782	0.4892597695390782	11.26	0.0	3.522670340681363	3.522670340681363	11.26	-0.0	0.4892597695390782	0.4892597695390782	11.26	0.12	285.0	286.31	358.49	-184.49	0	1
PROTOTYPE	021955	04/16/18	02:56:11	0.4892597695390782	0.4892597695390782	11.26	0.0	3.522670340681363	3.522670340681363	11.26	-0.0	0.4892597695390782	0.4892597695390782	11.26	0.1	289.0	286.71	351.61	-96.81	0	1
PROTOTYPE	021956	04/16/18	02:56:12	0.4892597695390782	0.4892597695390782	11.26	0.0	3.522670340681363	3.522670340681363	11.26	-0.0	0.4892597695390782	0.4892597695390782	11.26	0.08	294.0	287.8	390.76	82.71	0	1
PROTOTYPE	021957	04/16/18	02:56:14	0.4892597695390782	0.4892597695390782	11.27	0.0	3.522670340681363	3.522670340681363	11.27	-0.0	0.4892597695390782	0.4892597695390782	11.27	0.07	287.0	287.68	372.53	40.3	0	1
PROTOTYPE	021958	04/16/18	02:56:15	0.4892597695390782	0.4892597695390782	11.27	0.0	3.522670340681363	3.522670340681363	11.27	-0.0	0.4892597695390782	0.4892597695390782	11.27	0.06	292.0	288.33	432.86	109.26	0	1
PROTOTYPE	021959	04/16/18	02:56:16	0.4892597695390782	0.4892597695390782	11.27	0.0	3.522670340681363	3.522670340681363	11.27	-0.0	0.4892597695390782	0.4892597695390782	11.27	0.05	277.0	286.63	546.39	-117.13	0	1
PROTOTYPE	021960	04/16/18	02:56:18	0.4892597695390782	0.4892597695390782	11.29	0.0	3.522670340681363	3.522670340681363	11.29	-0.0	0.4892597695390782	0.4892597695390782	11.29	0.04	291.0	287.29	494.89	65.44	0	1
PROTOTYPE	021961	04/16/18	02:56:19	0.4892597695390782	0.4892597695390782	11.31	0.0	3.522670340681363	3.522670340681363	11.31	-0.0	0.4892597695390782	0.4892597695390782	11.31	0.04	284.0	286.79	534.62	25.62	0	1
PROTOTYPE	021962	04/16/18	02:56:21	0.4892597695390782	0.4892597695390782	11.31	0.0	3.522670340681363	3.522670340681363	11.31	-0.0	0.4892597695390782	0.4892597695390782	11.31	0.03	281.0	285.92	598.43	-38.22	0	1
PROTOTYPE	021963	04/16/18	02:56:22	0.4892597695390782	0.4892597695390782	11.29	0.0	3.522670340681363	3.522670340681363	11.29	-0.0	0.4892597695390782	0.4892597695390782	11.29	0.03	288.0	286.24	589.17	-47.49	0	1
PROTOTYPE	021964	04/16/18	02:56:23	0.4892597695390782	0.4892597695390782	11.28	0.0	3.522670340681363	3.522670340681363	11.28	-0.0	0.4892597695390782	0.4892597695390782	11.28	0.02	299.0	288.15	671.29	34.64	0	1
PROTOTYPE	021965	04/16/18	02:56:25	0.4892597695390782	0.4892597695390782	11.27	0.0	3.522670340681363	3.522670340681363	11.27	-0.0	0.4892597695390782	0.4892597695390782	11.27	0.02	301.0	290.08	851.89	239.44	0	1
PROTOTYPE	021966	04/16/18	02:56:26	0.4892597695390782	0.4892597695390782	11.3	0.0	3.522670340681363	3.522670340681363	11.3	-0.0	0.4892597695390782	0.4892597695390782	11.3	0.02	291.0	290.22	801.03	188.52	0	1
