Dev_id	Index	Date	Time	Sensor1	Sensor1_Filter	Sensor1_LL	Sensor1_Diff	Sensor2	Sensor2_Filter	Sensor2_LL	Sensor2_Diff	Sensor3	Sensor3_Filter	Sensor3_LL	Sensor3_Diff	Sensor4	Sensor4_Filter	Sensor4_LL	Sensor4_Diff	Heater_Status	FSM_Status
PROTOTYPE	038567	04/16/18	09:26:54	0.4892597695390782	0.4892597695390782	11.36	-0.0	4.207634018036073	4.1489228456913825	62.18	-4.19	0.4892597695390782	0.4892597695390782	11.36	0.0	279.0	284.76	849.65	-282.43	0	1
PROTOTYPE	038568	04/16/18	09:26:56	0.4892597695390782	0.4892597695390782	11.34	-0.0	4.1097820641282565	4.143051728456914	59.72	-18.56	0.4892597695390782	0.4892597695390782	11.34	0.0	284.0	284.64	702.36	-135.06	0	1
PROTOTYPE	038569	04/16/18	09:26:57	0.4892597695390782	0.4892597695390782	11.33	-0.0	4.207634018036073	4.152836923847695	61.82	-0.77	0.4892597695390782	0.4892597695390782	11.33	0.0	296.0	286.35	752.62	-84.8	0	1
PROTOTYPE	038570	04/16/18	09:26:59	0.4892597695390782	0.4892597695390782	11.35	-0.0	4.207634018036073	4.160665080160321	63.61	14.34	0.4892597695390782	0.4892597695390782	11.35	0.0	274.0	284.49	820.73	-387.08	0	1
PROTOTYPE	038571	04/16/18	09:27:00	0.4892597695390782	0.4892597695390782	11.38	-0.0	4.1097820641282565	4.152836923847695	62.09	-2.81	0.4892597695390782	0.4892597695390782	11.38	0.0	294.0	285.92	923.78	-284.02	0	1
PROTOTYPE	038572	04/16/18	09:27:02	0.4892597695390782	0.4892597695390782	11.4	-0.0	4.1097820641282565	4.146965806613227	61.69	-2.39	0.4892597695390782	0.4892597695390782	11.4	0.0	290.0	286.53	763.57	-1.42	0	1
PROTOTYPE	038573	04/16/18	09:27:03	0.4892597695390782	0.4892597695390782	11.37	-0.0	4.207634018036073	4.155772482464929	64.98	12.97	0.4892597695390782	0.4892597695390782	11.37	0.0	295.0	287.8	883.65	118.79	0	1
PROTOTYPE	038574	04/16/18	09:27:04	0.4892597695390782	0.4892597695390782	11.34	-0.0	4.207634018036073	4.163600638777555	67.76	26.02	0.4892597695390782	0.4892597695390782	11.34	0.0	280.0	286.63	916.46	85.98	0	1
PROTOTYPE	038575	04/16/18	09:27:06	0.4892597695390782	0.4892597695390782	11.3	-0.0	4.207634018036073	4.170450275551102	63.91	22.12	0.4892597695390782	0.4892597695390782	11.3	0.0	270.0	284.14	1064.35	-61.92	0	1
PROTOTYPE	038576	04/16/18	09:27:07	0.4892597695390782	0.4892597695390782	11.32	-0.0	4.207634018036073	4.1753428732464934	63.73	33.8	0.4892597695390782	0.4892597695390782	11.32	0.0	286.0	284.42	1080.89	-22.63	0	1
PROTOTYPE	038577	04/16/18	09:27:09	0.4892597695390782	0.4892597695390782	11.33	-0.0	4.207634018036073	4.180235470941884	58.76	28.73	0.4892597695390782	0.4892597695390782	11.33	0.0	286.0	284.65	934.33	-169.24	0	1
PROTOTYPE	038578	04/16/18	09:27:10	0.4892597695390782	0.4892597695390782	11.32	-0.0	4.207634018036073	4.184149549098196	54.57	24.42	0.4892597695390782	0.4892597695390782	11.32	0.0	285.0	284.71	754.5	21.15	0	1
PROTOTYPE	038579	04/16/18	09:27:11	0.4892597695390782	0.4892597695390782	11.28	-0.0	4.207634018036073	4.188063627254508	50.43	35.76	0.4892597695390782	0.4892597695390782	11.28	0.0	290.0	285.5	691.33	-42.02	0	1
PROTOTYPE	038580	04/16/18	09:27:13	0.4892597695390782	0.4892597695390782	11.28	-0.0	4.207634018036073	4.1909991858717435	46.96	45.4	0.4892597695390782	0.4892597695390782	11.28	0.0	283.0	285.13	667.65	-140.72	0	1
PROTOTYPE	038581	04/16/18	09:27:14	0.4892597695390782	0.4892597695390782	11.28	-0.0	4.207634018036073	4.193934744488978	40.41	38.59	0.4892597695390782	0.4892597695390782	11.28	0.0	288.0	285.56	583.77	-224.61	0	1
PROTOTYPE	038582	04/16/18	09:27:16	0.4892597695390782	0.4892597695390782	11.3	-0.0	4.207634018036073	4.195891783567134	34.92	32.8	0.4892597695390782	0.4892597695390782	11.3	0.0	287.0	285.77	488.43	-85.92	0	1
PROTOTYPE	038583	04/16/18	09:27:17	0.4892597695390782	0.4892597695390782	11.32	-0.0	4.207634018036073	4.197848822645291	30.34	27.88	0.4892597695390782	0.4892597695390782	11.32	0.0	294.0	287.01	362.36	286.97	0	1
PROTOTYPE	038584	04/16/18	09:27:19	0.4892597695390782	0.4892597695390782	11.3	-0.0	4.207634018036073	4.1988273421843685	26.53	23.7	0.4892597695390782	0.4892597695390782	11.3	0.0	290.0	287.46	379.3	303.92	0	1
PROTOTYPE	038585	04/16/18	09:27:20	0.4892597695390782	0.4892597695390782	11.29	-0.0	4.1097820641282565	4.185128068637274	35.18	5.14	0.4892597695390782	0.4892597695390782	11.29	0.0	274.0	285.44	557.35	78.33	0	1
PROTOTYPE	038586	04/16/18	09:27:21	0.4892597695390782	0.4892597695390782	11.3	-0.0	4.207634018036073	4.189042146793588	34.46	4.37	0.4892597695390782	0.4892597695390782	11.3	0.0	287.0	285.67	575.45	96.58	0	1
PROTOTYPE	038587	04/16/18	09:27:23	0.4892597695390782	0.4892597695390782	11.31	-0.0	4.207634018036073	4.191977705410823	33.87	3.72	0.4892597695390782	0.4892597695390782	11.31	0.0	288.0	286.02	530.98	52.1	0	1
PROTOTYPE	038588	04/16/18	09:27:24	0.4892597695390782	0.4892597695390782	11.29	-0.0	4.207634018036073	4.193934744488978	33.36	3.16	0.4892597695390782	0.4892597695390782	11.29	0.0	279.0	284.97	598.78	-15.72	0	1
PROTOTYPE	038589	04/16/18	09:27:26	0.4892597695390782	0.4892597695390782	11.29	-0.0	4.207634018036073	4.195891783567134	32.96	2.68	0.4892597695390782	0.4892597695390782	11.29	0.0	298.0	286.92	751.12	136.64	0	1
PROTOTYPE	038590	04/16/18	09:27:27	0.4892597695390782	0.4892597695390782	11.27	-0.0	4.207634018036073	4.197848822645291	32.62	2.28	0.4892597695390782	0.4892597695390782	11.27	0.0	289.0	287.23	760.61	146.14	0	1
PROTOTYPE	038591	04/16/18	09:27:28	0.4892597695390782	0.4892597695390782	11.25	-0.0	4.207634018036073	4.1988273421843685	32.35	1.94	0.4892597695390782	0.4892597695390782	11.25	0.0	298.0	288.85	798.68	184.22	0	1
PROTOTYPE	038592	04/16/18	09:27:30	0.4892597695390782	0.4892597695390782	11.24	-0.0	4.207634018036073	4.200784381262525	32.13	1.65	0.4892597695390782	0.4892597695390782	11.24	0.0	295.0	289.77	846.04	231.59	0	1
PROTOTYPE	038593	04/16/18	09:27:31	0.4892597695390782	0.4892597695390782	11.23	-0.0	4.207634018036073	4.2017629008016035	20.16	16.4	0.4892597695390782	0.4892597695390782	11.23	0.0	288.0	289.51	670.81	406.85	0	1
PROTOTYPE	038594	04/16/18	09:27:33	0.4892597695390782	0.4892597695390782	11.23	-0.0	4.207634018036073	4.202741420340682	18.18	13.94	0.4892597695390782	0.4892597695390782	11.23	0.0	275.0	287.33	864.92	165.82	0	1
PROTOTYPE	038595	04/16/18	09:27:34	0.4892597695390782	0.4892597695390782	11.23	-0.0	4.207634018036073	4.20371993987976	16.59	11.85	0.4892597695390782	0.4892597695390782	11.23	0.0	280.0	286.23	939.94	20.95	0	1
PROTOTYPE	038596	04/16/18	09:27:35	0.4892597695390782	0.4892597695390782	11.24	-0.0	4.207634018036073	4.20371993987976	15.34	10.07	0.4892597695390782	0.4892597695390782	11.24	0.0	285.0	286.05	853.12	107.81	0	1
PROTOTYPE	038597	04/16/18	09:27:37	0.4892597695390782	0.4892597695390782	11.26	-0.0	4.207634018036073	4.204698459418838	14.36	8.56	0.4892597695390782	0.4892597695390782	11.26	0.0	279.0	284.99	763.34	-193.36	0	1
PROTOTYPE	038598	04/16/18	09:27:38	0.4892597695390782	0.4892597695390782	11.27	-0.0	4.207634018036073	4.204698459418838	13.6	7.28	0.4892597695390782	0.4892597695390782	11.27	0.0	291.0	285.89	822.32	-134.36	0	1
PROTOTYPE	038599	04/16/18	09:27:40	0.4892597695390782	0.4892597695390782	11.3	-0.0	4.207634018036073	4.205676978957915	13.04	6.19	0.4892597695390782	0.4892597695390782	11.3	0.0	281.0	285.16	734.21	-369.21	0	1
PROTOTYPE	038600	04/16/18	09:27:41	0.4892597695390782	0.4892597695390782	11.31	-0.0	4.207634018036073	4.205676978957915	12.59	5.26	0.4892597695390782	0.4892597695390782	11.31	0.0	286.0	285.28	654.65	-448.82	0	1
PROTOTYPE	038601	04/16/18	09:27:42	0.4892597695390782	0.4892597695390782	11.33	-0.0	4.1097820641282565	4.1909991858717435	25.6	-10.53	0.4892597695390782	0.4892597695390782	11.33	0.0	286.0	285.39	638.88	-411.5	0	1
PROTOTYPE	038602	04/16/18	09:27:44	0.4892597695390782	0.4892597695390782	11.33	-0.0	4.1097820641282565	4.179256951402805	36.49	-23.95	0.4892597695390782	0.4892597695390782	11.33	0.0	286.0	285.48	430.53	-184.78	0	1
PROTOTYPE	038603	04/16/18	09:27:45	0.4892597695390782	0.4892597695390782	11.32	-0.0	4.1097820641282565	4.168493236472946	45.59	-35.36	0.4892597695390782	0.4892597695390782	11.32	0.0	298.0	287.36	508.34	112.94	0	1
PROTOTYPE	038604	04/16/18	09:27:47	0.4892597695390782	0.4892597695390782	11.32	-0.0	4.1097820641282565	4.1596865606212425	53.17	-45.05	0.4892597695390782	0.4892597695390782	11.32	0.0	285.0	287.01	525.25	96.0	0	1
PROTOTYPE	038605	04/16/18	09:27:48	0.4892597695390782	0.4892597695390782	11.31	-0.0	4.207634018036073	4.166536197394789	59.1	-38.3	0.4892597695390782	0.4892597695390782	11.31	0.0	297.0	288.51	569.47	351.6	0	1
PROTOTYPE	038606	04/16/18	09:27:50	0.4892597695390782	0.4892597695390782	11.3	-0.0	4.207634018036073	4.173385834168336	63.98	-32.55	0.4892597695390782	0.4892597695390782	11.3	0.0	289.0	288.58	486.85	268.86	0	1
PROTOTYPE	038607	04/16/18	09:27:51	0.4892597695390782	0.4892597695390782	11.28	-0.0	4.1097820641282565	4.163600638777555	72.3	-42.67	0.4892597695390782	0.4892597695390782	11.28	0.0	291.0	288.94	449.81	378.53	0	1
PROTOTYPE	038608	04/16/18	09:27:52	0.4892597695390782	0.4892597695390782	11.28	-0.0	4.1097820641282565	4.155772482464929	79.23	-51.27	0.4892597695390782	0.4892597695390782	11.28	0.0	286.0	288.5	481.25	321.75	0	1
PROTOTYPE	038609	04/16/18	09:27:54	0.4892597695390782	0.4892597695390782	11.27	-0.0	4.207634018036073	4.163600638777555	72.57	-28.58	0.4892597695390782	0.4892597695390782	11.27	0.0	279.0	287.08	612.93	168.49	0	1
PROTOTYPE	038610	04/16/18	09:27:55	0.4892597695390782	0.4892597695390782	11.26	-0.0	4.1097820641282565	4.155772482464929	68.32	-24.29	0.4892597695390782	0.4892597695390782	11.26	0.0	285.0	286.76	634.86	128.22	0	1
PROTOTYPE	038611	04/16/18	09:27:57	0.4892597695390782	0.4892597695390782	11.26	-0.0	4.1097820641282565	4.1489228456913825	64.72	-20.65	0.4892597695390782	0.4892597695390782	11.26	0.0	296.0	288.15	585.63	78.98	0	1
PROTOTYPE	038612	04/16/18	09:27:58	0.4892597695390782	0.4892597695390782	11.26	-0.0	4.1097820641282565	4.143051728456914	61.68	-17.55	0.4892597695390782	0.4892597695390782	11.26	0.0	283.0	287.38	627.46	37.14	0	1
PROTOTYPE	038613	04/16/18	09:27:59	0.4892597695390782	0.4892597695390782	11.27	-0.0	4.1097820641282565	4.138159130761523	59.46	-29.92	0.4892597695390782	0.4892597695390782	11.27	0.0	276.0	285.67	648.21	-283.43	0	1
PROTOTYPE	038614	04/16/18	09:28:01	0.4892597695390782	0.4892597695390782	11.26	-0.0	4.1097820641282565	4.1332665330661325	57.59	-40.43	0.4892597695390782	0.4892597695390782	11.26	0.0	280.0	284.82	725.73	-375.92	0	1
PROTOTYPE	038615	04/16/18	09:28:02	0.4892597695390782	0.4892597695390782	11.26	-0.0	4.1097820641282565	4.130330974448898	51.69	-34.37	0.4892597695390782	0.4892597695390782	11.26	0.0	291.0	285.75	782.1	-319.53	0	1
PROTOTYPE	038616	04/16/18	09:28:04	0.4892597695390782	0.4892597695390782	11.26	-0.0	4.1097820641282565	4.127395415831663	46.71	-29.21	0.4892597695390782	0.4892597695390782	11.26	0.0	274.0	283.99	914.15	-451.6	0	1
PROTOTYPE	038617	04/16/18	09:28:05	0.4892597695390782	0.4892597695390782	11.28	-0.0	4.1097820641282565	4.124459857214429	41.6	-39.83	0.4892597695390782	0.4892597695390782	11.28	0.0	290.0	284.89	861.87	-218.86	0	1
PROTOTYPE	038618	04/16/18	09:28:06	0.4892597695390782	0.4892597695390782	11.28	-0.0	4.1097820641282565	4.122502818136272	35.91	-33.85	0.4892597695390782	0.4892597695390782	11.28	0.0	284.0	284.75	844.08	-201.03	0	1
PROTOTYPE	038619	04/16/18	09:28:08	0.4892597695390782	0.4892597695390782	11.3	-0.0	4.1097820641282565	4.120545779058117	31.17	-28.78	0.4892597695390782	0.4892597695390782	11.3	0.0	282.0	284.34	746.88	-380.88	0	1
PROTOTYPE	038620	04/16/18	09:28:09	0.4892597695390782	0.4892597695390782	11.31	-0.0	4.1097820641282565	4.11858873997996	27.22	-24.46	0.4892597695390782	0.4892597695390782	11.31	0.0	283.0	284.14	689.78	-323.75	0	1
PROTOTYPE	038621	04/16/18	09:28:11	0.4892597695390782	0.4892597695390782	11.29	-0.0	4.1097820641282565	4.1176102204408815	23.94	-20.79	0.4892597695390782	0.4892597695390782	11.29	0.0	294.0	285.62	667.03	-5.18	0	1
PROTOTYPE	038622	04/16/18	09:28:12	0.4892597695390782	0.4892597695390782	11.29	-0.0	4.1097820641282565	4.116631700901803	21.26	-17.67	0.4892597695390782	0.4892597695390782	11.29	0.0	278.0	284.48	696.24	-34.41	0	1
PROTOTYPE	038623	04/16/18	09:28:14	0.4892597695390782	0.4892597695390782	11.31	-0.0	4.1097820641282565	4.115653181362726	19.09	-15.02	0.4892597695390782	0.4892597695390782	11.31	0.0	285.0	284.55	611.52	-119.25	0	1
PROTOTYPE	038624	04/16/18	09:28:15	0.4892597695390782	0.4892597695390782	11.33	-0.0	4.1097820641282565	4.114674661823647	17.34	-12.77	0.4892597695390782	0.4892597695390782	11.33	0.0	278.0	283.57	533.64	-41.36	0	1
PROTOTYPE	038625	04/16/18	09:28:16	0.4892597695390782	0.4892597695390782	11.31	-0.0	4.1097820641282565	4.113696142284569	15.93	-10.85	0.4892597695390782	0.4892597695390782	11.31	0.0	289.0	284.39	524.85	-50.15	0	1
PROTOTYPE	038626	04/16/18	09:28:18	0.4892597695390782	0.4892597695390782	11.32	-0.0	4.1097820641282565	4.112717622745491	14.83	-9.23	0.4892597695390782	0.4892597695390782	11.32	0.0	296.0	286.13	685.68	137.37	0	1
PROTOTYPE	038627	04/16/18	09:28:19	0.4892597695390782	0.4892597695390782	11.31	-0.0	4.1097820641282565	4.112717622745491	13.96	-7.84	0.4892597695390782	0.4892597695390782	11.31	0.0	293.0	287.16	747.44	281.76	0	1
PROTOTYPE	038628	04/16/18	09:28:21	0.4892597695390782	0.4892597695390782	11.3	-0.0	4.1097820641282565	4.111739103206413	13.28	-6.67	0.4892597695390782	0.4892597695390782	11.3	0.0	275.0	285.33	909.66	119.5	0	1
PROTOTYPE	038629	04/16/18	09:28:22	0.4892597695390782	0.4892597695390782	11.33	-0.0	4.1097820641282565	4.111739103206413	12.8	-5.67	0.4892597695390782	0.4892597695390782	11.33	0.0	290.0	286.03	831.74	41.57	0	1
PROTOTYPE	038630	04/16/18	09:28:23	0.4892597695390782	0.4892597695390782	11.35	-0.0	4.1097820641282565	4.111739103206413	12.43	-4.82	0.4892597695390782	0.4892597695390782	11.35	0.0	284.0	285.73	748.0	125.34	0	1
PROTOTYPE	038631	04/16/18	09:28:25	0.4892597695390782	0.4892597695390782	11.36	-0.0	4.1097820641282565	4.111739103206413	12.16	-4.09	0.4892597695390782	0.4892597695390782	11.36	0.0	289.0	286.22	789.09	166.54	0	1
PROTOTYPE	038632	04/16/18	09:28:26	0.4892597695390782	0.4892597695390782	11.34	-0.0	4.1097820641282565	4.110760583667334	11.92	-3.48	0.4892597695390782	0.4892597695390782	11.34	0.0	279.0	285.14	799.07	156.56	0	1
PROTOTYPE	038633	04/16/18	09:28:28	0.4892597695390782	0.4892597695390782	11.35	-0.0	4.1097820641282565	4.110760583667334	11.77	-2.96	0.4892597695390782	0.4892597695390782	11.35	0.0	294.0	286.47	850.58	208.07	0	1
PROTOTYPE	038634	04/16/18	09:28:29	0.4892597695390782	0.4892597695390782	11.36	-0.0	4.207634018036073	4.1254383767535066	25.13	12.49	0.4892597695390782	0.4892597695390782	11.36	0.0	284.0	286.1	713.39	-3.14	0	1
PROTOTYPE	038635	04/16/18	09:28:31	0.4892597695390782	0.4892597695390782	11.35	-0.0	4.1097820641282565	4.123481337675351	26.4	10.61	0.4892597695390782	0.4892597695390782	11.35	0.0	297.0	287.73	773.85	57.33	0	1
PROTOTYPE	038636	04/16/18	09:28:32	0.4892597695390782	0.4892597695390782	11.35	-0.0	4.207634018036073	4.1362020916833675	37.96	24.02	0.4892597695390782	0.4892597695390782	11.35	0.0	292.0	288.37	655.5	303.73	0	1
PROTOTYPE	038637	04/16/18	09:28:33	0.4892597695390782	0.4892597695390782	11.4	-0.0	4.207634018036073	4.146965806613227	47.61	35.42	0.4892597695390782	0.4892597695390782	11.4	0.0	294.0	289.22	669.94	318.17	0	1
PROTOTYPE	038638	04/16/18	09:28:35	0.4892597695390782	0.4892597695390782	11.38	-0.0	4.1097820641282565	4.141094689378758	51.95	30.11	0.4892597695390782	0.4892597695390782	11.38	0.0	287.0	288.88	672.66	315.45	0	1
PROTOTYPE	038639	04/16/18	09:28:36	0.4892597695390782	0.4892597695390782	11.36	-0.0	4.1097820641282565	4.1362020916833675	55.48	25.59	0.4892597695390782	0.4892597695390782	11.36	0.0	283.0	288.0	711.86	178.13	0	1
PROTOTYPE	038640	04/16/18	09:28:38	0.4892597695390782	0.4892597695390782	11.37	-0.0	4.1097820641282565	4.132288013527054	58.37	21.75	0.4892597695390782	0.4892597695390782	11.37	0.0	292.0	288.6	663.54	346.41	0	1
PROTOTYPE	038641	04/16/18	09:28:39	0.4892597695390782	0.4892597695390782	11.36	-0.0	4.207634018036073	4.1440302479959925	68.57	33.49	0.4892597695390782	0.4892597695390782	11.36	0.0	296.0	289.71	641.58	324.45	0	1
PROTOTYPE	038642	04/16/18	09:28:40	0.4892597695390782	0.4892597695390782	11.35	-0.0	4.1097820641282565	4.138159130761523	59.05	13.47	0.4892597695390782	0.4892597695390782	11.35	0.0	284.0	288.85	690.23	275.78	0	1
PROTOTYPE	038643	04/16/18	09:28:42	0.4892597695390782	0.4892597695390782	11.37	-0.0	4.207634018036073	4.1489228456913825	66.96	26.45	0.4892597695390782	0.4892597695390782	11.37	0.0	289.0	288.88	529.28	114.41	0	1
PROTOTYPE	038644	04/16/18	09:28:43	0.4892597695390782	0.4892597695390782	11.37	-0.0	4.1097820641282565	4.143051728456914	60.08	7.48	0.4892597695390782	0.4892597695390782	11.37	0.0	286.0	288.44	508.41	7.25	0	1
PROTOTYPE	038645	04/16/18	09:28:45	0.4892597695390782	0.4892597695390782	11.29	-0.0	4.1097820641282565	4.138159130761523	54.24	-8.64	0.4892597695390782	0.4892597695390782	11.29	0.0	279.0	287.03	565.66	-218.84	0	1
PROTOTYPE	038646	04/16/18	09:28:46	0.4892597695390782	0.4892597695390782	11.33	-0.0	4.207634018036073	4.1489228456913825	59.2	7.65	0.4892597695390782	0.4892597695390782	11.33	0.0	294.0	288.07	636.97	-81.01	0	1
PROTOTYPE	038647	04/16/18	09:28:48	0.4892597695390782	0.4892597695390782	11.32	-0.0	4.1097820641282565	4.143051728456914	60.31	6.51	0.4892597695390782	0.4892597695390782	11.32	0.0	278.0	286.56	699.82	-143.86	0	1
PROTOTYPE	038648	04/16/18	09:28:49	0.4892597695390782	0.4892597695390782	11.32	-0.0	4.207634018036073	4.152836923847695	66.06	20.53	0.4892597695390782	0.4892597695390782	11.32	0.0	290.0	287.08	691.4	-152.28	0	1
PROTOTYPE	038649	04/16/18	09:28:50	0.4892597695390782	0.4892597695390782	11.32	-0.0	4.207634018036073	4.160665080160321	63.01	17.45	0.4892597695390782	0.4892597695390782	11.32	0.0	276.0	285.42	746.59	-429.44	0	1
PROTOTYPE	038650	04/16/18	09:28:52	0.4892597695390782	0.4892597695390782	11.31	-0.0	4.207634018036073	4.1675147169338675	64.96	29.83	0.4892597695390782	0.4892597695390782	11.31	0.0	290.0	286.1	729.68	-275.02	0	1
PROTOTYPE	038651	04/16/18	09:28:53	0.4892597695390782	0.4892597695390782	11.3	-0.0	4.1097820641282565	4.158708041082164	63.27	10.36	0.4892597695390782	0.4892597695390782	11.3	0.0	292.0	286.99	815.52	-188.77	0	1
PROTOTYPE	038652	04/16/18	09:28:55	0.4892597695390782	0.4892597695390782	11.31	-0.0	4.207634018036073	4.166536197394789	64.69	23.8	0.4892597695390782	0.4892597695390782	11.31	0.0	284.0	286.54	817.21	-190.45	0	1
PROTOTYPE	038653	04/16/18	09:28:56	0.4892597695390782	0.4892597695390782	11.32	-0.0	4.207634018036073	4.172407314629258	65.89	35.23	0.4892597695390782	0.4892597695390782	11.32	0.0	287.0	286.61	682.57	-41.89	0	1
PROTOTYPE	038654	04/16/18	09:28:57	0.4892597695390782	0.4892597695390782	11.29	-0.0	4.207634018036073	4.178278431863728	60.69	29.95	0.4892597695390782	0.4892597695390782	11.29	0.0	274.0	284.72	767.12	-335.6	0	1
PROTOTYPE	038655	04/16/18	09:28:59	0.4892597695390782	0.4892597695390782	11.28	-0.0	4.207634018036073	4.18219251002004	59.37	40.46	0.4892597695390782	0.4892597695390782	11.28	0.0	281.0	284.16	671.79	-240.26	0	1
PROTOTYPE	038656	04/16/18	09:29:00	0.4892597695390782	0.4892597695390782	11.28	-0.0	4.207634018036073	4.1861065881763535	53.45	34.39	0.4892597695390782	0.4892597695390782	11.28	0.0	289.0	284.89	692.83	-219.22	0	1
PROTOTYPE	038657	04/16/18	09:29:02	0.4892597695390782	0.4892597695390782	11.29	-0.0	4.207634018036073	4.189042146793588	48.47	29.23	0.4892597695390782	0.4892597695390782	11.29	0.0	297.0	286.7	708.36	128.66	0	1
PROTOTYPE	038658	04/16/18	09:29:03	0.4892597695390782	0.4892597695390782	11.28	-0.0	4.207634018036073	4.191977705410823	44.28	24.85	0.4892597695390782	0.4892597695390782	11.28	0.0	296.0	288.1	779.05	199.36	0	1
PROTOTYPE	038659	04/16/18	09:29:05	0.4892597695390782	0.4892597695390782	11.28	-0.0	4.207634018036073	4.193934744488978	38.05	36.12	0.4892597695390782	0.4892597695390782	11.28	0.0	280.0	286.88	812.08	-10.54	0	1
PROTOTYPE	038660	04/16/18	09:29:06	0.4892597695390782	0.4892597695390782	11.29	-0.0	4.207634018036073	4.196870303106213	32.95	30.7	0.4892597695390782	0.4892597695390782	11.29	0.0	277.0	285.4	915.48	-113.96	0	1
PROTOTYPE	038661	04/16/18	09:29:07	0.4892597695390782	0.4892597695390782	11.29	-0.0	4.207634018036073	4.197848822645291	28.7	26.1	0.4892597695390782	0.4892597695390782	11.29	0.0	272.0	283.39	1109.45	-321.87	0	1
PROTOTYPE	038662	04/16/18	09:29:09	0.4892597695390782	0.4892597695390782	11.29	-0.0	4.207634018036073	4.199805861723447	25.17	22.18	0.4892597695390782	0.4892597695390782	11.29	0.0	282.0	283.18	941.22	-153.59	0	1
PROTOTYPE	038663	04/16/18	09:29:10	0.4892597695390782	0.4892597695390782	11.28	-0.0	4.207634018036073	4.200784381262525	22.25	18.85	0.4892597695390782	0.4892597695390782	11.28	0.0	282.0	283.0	903.21	-115.55	0	1
PROTOTYPE	038664	04/16/18	09:29:12	0.4892597695390782	0.4892597695390782	11.29	-0.0	4.207634018036073	4.2017629008016035	19.89	16.03	0.4892597695390782	0.4892597695390782	11.29	0.0	275.0	281.8	950.68	-308.22	0	1
PROTOTYPE	038665	04/16/18	09:29:13	0.4892597695390782	0.4892597695390782	11.29	-0.0	4.207634018036073	4.202741420340682	17.97	13.62	0.4892597695390782	0.4892597695390782	11.29	0.0	286.0	282.43	831.92	-426.98	0	1
PROTOTYPE	038666	04/16/18	09:29:14	0.4892597695390782	0.4892597695390782	11.3	-0.0	4.207634018036073	4.20371993987976	16.44	11.58	0.4892597695390782	0.4892597695390782	11.3	0.0	296.0	284.47	895.97	-362.94	0	1
PROTOTYPE	038667	04/16/18	09:29:16	0.4892597695390782	0.4892597695390782	11.32	-0.0	4.207634018036073	4.20371993987976	15.24	9.84	0.4892597695390782	0.4892597695390782	11.32	0.0	293.0	285.75	902.48	-113.5	0	1
PROTOTYPE	038668	04/16/18	09:29:17	0.4892597695390782	0.4892597695390782	11.31	-0.0	4.207634018036073	4.204698459418838	14.28	8.37	0.4892597695390782	0.4892597695390782	11.31	0.0	290.0	286.39	818.02	98.53	0	1
PROTOTYPE	038669	04/16/18	09:29:19	0.4892597695390782	0.4892597695390782	11.3	-0.0	4.207634018036073	4.204698459418838	13.53	7.11	0.4892597695390782	0.4892597695390782	11.3	0.0	291.0	287.08	686.23	368.75	0	1
PROTOTYPE	038670	04/16/18	09:29:20	0.4892597695390782	0.4892597695390782	11.31	-0.0	4.207634018036073	4.205676978957915	12.97	6.04	0.4892597695390782	0.4892597695390782	11.31	0.0	295.0	288.27	784.16	508.44	0	1
PROTOTYPE	038671	04/16/18	09:29:21	0.4892597695390782	0.4892597695390782	11.34	-0.0	4.207634018036073	4.205676978957915	12.56	5.14	0.4892597695390782	0.4892597695390782	11.34	0.0	289.0	288.38	777.48	537.17	0	1
PROTOTYPE	038672	04/16/18	09:29:23	0.4892597695390782	0.4892597695390782	11.32	-0.0	4.207634018036073	4.205676978957915	12.22	4.37	0.4892597695390782	0.4892597695390782	11.32	0.0	289.0	288.47	666.86	666.6	0	1
PROTOTYPE	038673	04/16/18	09:29:24	0.4892597695390782	0.4892597695390782	11.31	-0.0	4.207634018036073	4.206655498496994	11.97	3.71	0.4892597695390782	0.4892597695390782	11.31	0.0	290.0	288.7	626.9	626.61	0	1
PROTOTYPE	038674	04/16/18	09:29:26	0.4892597695390782	0.4892597695390782	11.3	-0.0	4.207634018036073	4.206655498496994	11.78	3.16	0.4892597695390782	0.4892597695390782	11.3	0.0	294.0	289.49	502.91	502.62	0	1
PROTOTYPE	038675	04/16/18	09:29:27	0.4892597695390782	0.4892597695390782	11.27	-0.0	4.207634018036073	4.206655498496994	11.62	2.68	0.4892597695390782	0.4892597695390782	11.27	0.0	282.0	288.37	487.36	262.22	0	1
PROTOTYPE	038676	04/16/18	09:29:29	0.4892597695390782	0.4892597695390782	11.27	-0.0	4.207634018036073	4.206655498496994	11.53	2.28	0.4892597695390782	0.4892597695390782	11.27	0.0	288.0	288.31	429.3	192.89	0	1
PROTOTYPE	038677	04/16/18	09:29:30	0.4892597695390782	0.4892597695390782	11.29	-0.0	4.207634018036073	4.206655498496994	11.47	1.94	0.4892597695390782	0.4892597695390782	11.29	0.0	290.0	288.57	385.39	148.96	0	1
PROTOTYPE	038678	04/16/18	09:29:31	0.4892597695390782	0.4892597695390782	11.29	-0.0	4.207634018036073	4.206655498496994	11.42	1.65	0.4892597695390782	0.4892597695390782	11.29	0.0	290.0	288.78	288.08	51.61	0	1
PROTOTYPE	038679	04/16/18	09:29:33	0.4892597695390782	0.4892597695390782	11.28	-0.0	4.207634018036073	4.206655498496994	11.38	1.4	0.4892597695390782	0.4892597695390782	11.28	0.0	293.0	289.42	340.27	103.87	0	1
PROTOTYPE	038680	04/16/18	09:29:34	0.4892597695390782	0.4892597695390782	11.28	-0.0	4.207634018036073	4.207634018036073	11.35	1.19	0.4892597695390782	0.4892597695390782	11.28	0.0	285.0	288.75	397.05	28.29	0	1
PROTOTYPE	038681	04/16/18	09:29:36	0.4892597695390782	0.4892597695390782	11.29	-0.0	4.207634018036073	4.207634018036073	11.34	1.01	0.4892597695390782	0.4892597695390782	11.29	0.0	295.0	289.69	467.77	99.05	0	1
PROTOTYPE	038682	04/16/18	09:29:37	0.4892597695390782	0.4892597695390782	11.3	-0.0	4.1097820641282565	4.1929562249499	24.93	-14.14	0.4892597695390782	0.4892597695390782	11.3	0.0	296.0	290.64	482.91	114.19	0	1
PROTOTYPE	038683	04/16/18	09:29:38	0.4892597695390782	0.4892597695390782	11.31	-0.0	4.207634018036073	4.194913264028056	26.22	-12.02	0.4892597695390782	0.4892597695390782	11.31	0.0	285.0	289.79	455.04	142.06	0	1
PROTOTYPE	038684	04/16/18	09:29:40	0.4892597695390782	0.4892597695390782	11.3	-0.0	4.207634018036073	4.196870303106213	27.2	-10.22	0.4892597695390782	0.4892597695390782	11.3	0.0	282.0	288.62	566.18	30.75	0	1
PROTOTYPE	038685	04/16/18	09:29:41	0.4892597695390782	0.4892597695390782	11.31	-0.0	4.207634018036073	4.1988273421843685	27.96	-8.68	0.4892597695390782	0.4892597695390782	11.31	0.0	277.0	286.88	715.21	-168.86	0	1
PROTOTYPE	038686	04/16/18	09:29:43	0.4892597695390782	0.4892597695390782	11.29	-0.0	4.207634018036073	4.199805861723447	28.53	-7.38	0.4892597695390782	0.4892597695390782	11.29	0.0	289.0	287.2	725.52	-158.53	0	1
PROTOTYPE	038687	04/16/18	09:29:44	0.4892597695390782	0.4892597695390782	11.3	-0.0	4.1097820641282565	4.1861065881763535	40.99	-21.27	0.4892597695390782	0.4892597695390782	11.3	0.0	280.0	286.12	770.2	-329.75	0	1
PROTOTYPE	038688	04/16/18	09:29:46	0.4892597695390782	0.4892597695390782	11.32	-0.0	4.207634018036073	4.189042146793588	43.15	-18.08	0.4892597695390782	0.4892597695390782	11.32	0.0	295.0	287.45	837.21	-130.29	0	1
PROTOTYPE	038689	04/16/18	09:29:47	0.4892597695390782	0.4892597695390782	11.32	-0.0	4.1097820641282565	4.177299912324649	54.04	-30.37	0.4892597695390782	0.4892597695390782	11.32	0.0	275.0	285.58	930.24	-410.75	0	1
PROTOTYPE	038690	04/16/18	09:29:48	0.4892597695390782	0.4892597695390782	11.31	-0.0	4.207634018036073	4.18219251002004	43.85	-10.81	0.4892597695390782	0.4892597695390782	11.31	0.0	275.0	284.0	994.32	-664.13	0	1
PROTOTYPE	038691	04/16/18	09:29:50	0.4892597695390782	0.4892597695390782	11.31	-0.0	4.207634018036073	4.1861065881763535	45.32	-9.19	0.4892597695390782	0.4892597695390782	11.31	0.0	284.0	284.0	911.18	-579.51	0	1
PROTOTYPE	038692	04/16/18	09:29:51	0.4892597695390782	0.4892597695390782	11.32	-0.0	4.1097820641282565	4.174364353707415	54.66	-22.81	0.4892597695390782	0.4892597695390782	11.32	0.0	290.0	284.9	884.38	-372.59	0	1
PROTOTYPE	038693	04/16/18	09:29:53	0.4892597695390782	0.4892597695390782	11.29	-0.0	4.207634018036073	4.179256951402805	57.74	-19.39	0.4892597695390782	0.4892597695390782	11.29	0.0	286.0	285.06	726.65	-181.7	0	1
PROTOTYPE	038694	04/16/18	09:29:54	0.4892597695390782	0.4892597695390782	11.3	-0.0	4.1097820641282565	4.169471756012024	66.53	-31.48	0.4892597695390782	0.4892597695390782	11.3	0.0	288.0	285.5	738.9	-169.44	0	1
PROTOTYPE	038695	04/16/18	09:29:55	0.4892597695390782	0.4892597695390782	11.3	-0.0	4.1097820641282565	4.1596865606212425	61.84	-26.76	0.4892597695390782	0.4892597695390782	11.3	0.0	286.0	285.58	638.53	-54.03	0	1
PROTOTYPE	038696	04/16/18	09:29:57	0.4892597695390782	0.4892597695390782	11.3	-0.0	4.1097820641282565	4.152836923847695	66.12	-37.75	0.4892597695390782	0.4892597695390782	11.3	0.0	281.0	284.89	573.96	-255.92	0	1
PROTOTYPE	038697	04/16/18	09:29:58	0.5871117234468938	0.5039375626252506	24.96	15.0	4.1097820641282565	4.145987287074148	60.53	-32.08	0.4892597695390782	0.4892597695390782	11.32	0.0	286.0	285.06	403.9	-52.53	0	1
PROTOTYPE	038698	04/16/18	09:30:00	0.4892597695390782	0.5019805235470942	26.2	12.75	4.207634018036073	4.155772482464929	65.24	-27.27	0.4892597695390782	0.4892597695390782	11.32	0.0	284.0	284.9	261.08	90.35	0	1
PROTOTYPE	038699	04/16/18	09:30:01	0.4892597695390782	0.5000234844689379	27.18	10.84	4.1097820641282565	4.1489228456913825	68.21	-38.18	0.4892597695390782	0.4892597695390782	11.34	0.0	292.0	285.96	366.2	196.79	0	1
PROTOTYPE	038700	04/16/18	09:30:02	0.4892597695390782	0.4980664453907815	27.91	9.21	4.1097820641282565	4.143051728456914	62.56	-32.45	0.4892597695390782	0.4892597695390782	11.32	0.0	289.0	286.42	321.69	152.27	0	1
PROTOTYPE	038701	04/16/18	09:30:04	0.4892597695390782	0.4970879258517034	28.47	7.83	4.1097820641282565	4.138159130761523	62.53	-42.59	0.4892597695390782	0.4892597695390782	11.32	0.0	292.0	287.26	388.8	219.43	0	1
PROTOTYPE	038702	04/16/18	09:30:05	0.4892597695390782	0.49610940631262535	28.9	6.66	4.1097820641282565	4.1332665330661325	56.27	-36.2	0.4892597695390782	0.4892597695390782	11.32	0.0	284.0	286.77	393.57	126.52	0	1
PROTOTYPE	038703	04/16/18	09:30:07	0.4892597695390782	0.49513088677354705	29.2	5.66	4.207634018036073	4.14500876753507	58.52	-15.77	0.4892597695390782	0.4892597695390782	11.3	0.0	284.0	286.35	427.52	77.54	0	1
PROTOTYPE	038704	04/16/18	09:30:08	0.4892597695390782	0.4941523672344689	29.42	4.81	4.1097820641282565	4.139137650300601	56.21	-13.4	0.4892597695390782	0.4892597695390782	11.29	0.0	281.0	285.55	439.15	65.91	0	1
PROTOTYPE	038705	04/16/18	09:30:10	0.4892597695390782	0.49317384769539074	15.95	-10.91	4.1097820641282565	4.135223572144289	54.26	-11.39	0.4892597695390782	0.4892597695390782	11.28	0.0	286.0	285.62	429.35	56.02	0	1
PROTOTYPE	038706	04/16/18	09:30:11	0.4892597695390782	0.4921953281563127	14.85	-9.28	4.1097820641282565	4.131309493987976	48.85	-24.68	0.4892597695390782	0.4892597695390782	11.3	0.0	281.0	284.92	482.71	2.62	0	1
PROTOTYPE	038707	04/16/18	09:30:12	0.4892597695390782	0.4921953281563127	13.97	-7.88	4.1097820641282565	4.128373935370741	45.3	-20.98	0.4892597695390782	0.4892597695390782	11.29	0.0	279.0	284.04	465.06	-192.77	0	1
PROTOTYPE	038708	04/16/18	09:30:14	0.4892597695390782	0.4921953281563127	13.32	-6.7	4.207634018036073	4.140116169839679	51.48	-2.83	0.4892597695390782	0.4892597695390782	11.32	0.0	287.0	284.48	463.97	-193.86	0	1
PROTOTYPE	038709	04/16/18	09:30:15	0.4892597695390782	0.4912168086172345	12.82	-5.7	4.1097820641282565	4.135223572144289	51.08	-2.41	0.4892597695390782	0.4892597695390782	11.33	0.0	282.0	284.11	417.49	-314.78	0	1
PROTOTYPE	038710	04/16/18	09:30:17	0.4892597695390782	0.4912168086172345	12.42	-4.84	4.1097820641282565	4.131309493987976	50.73	-2.05	0.4892597695390782	0.4892597695390782	11.32	0.0	288.0	284.69	427.01	-207.56	0	1
PROTOTYPE	038711	04/16/18	09:30:18	0.4892597695390782	0.4912168086172345	12.13	-4.12	4.207634018036073	4.143051728456914	51.04	-1.74	0.4892597695390782	0.4892597695390782	11.33	0.0	286.0	284.89	405.14	-146.43	0	1
PROTOTYPE	038712	04/16/18	09:30:19	0.4892597695390782	0.49023828907815625	11.91	-3.5	4.207634018036073	4.152836923847695	55.51	13.52	0.4892597695390782	0.4892597695390782	11.32	0.0	290.0	285.66	401.52	10.54	0	1
PROTOTYPE	038713	04/16/18	09:30:21	0.4892597695390782	0.49023828907815625	11.75	-2.97	4.1097820641282565	4.145987287074148	57.48	11.49	0.4892597695390782	0.4892597695390782	11.32	0.0	282.0	285.11	449.46	-51.04	0	1
PROTOTYPE	038714	04/16/18	09:30:22	0.4892597695390782	0.49023828907815625	11.62	-2.53	4.1097820641282565	4.141094689378758	59.12	9.77	0.4892597695390782	0.4892597695390782	11.31	0.0	290.0	285.84	453.6	91.61	0	1
PROTOTYPE	038715	04/16/18	09:30:24	0.4892597695390782	0.49023828907815625	11.54	-2.15	4.207634018036073	4.150879884769539	65.89	23.3	0.4892597695390782	0.4892597695390782	11.31	0.0	289.0	286.31	412.13	227.87	0	1
PROTOTYPE	038716	04/16/18	09:30:25	0.4892597695390782	0.49023828907815625	11.44	-1.83	4.1097820641282565	4.14500876753507	60.04	4.81	0.4892597695390782	0.4892597695390782	11.28	0.0	281.0	285.52	447.38	103.69	0	1
PROTOTYPE	038717	04/16/18	09:30:27	0.4892597695390782	0.49023828907815625	11.41	-1.55	4.207634018036073	4.153815443386774	64.97	19.09	0.4892597695390782	0.4892597695390782	11.29	0.0	277.0	284.24	537.91	13.14	0	1
PROTOTYPE	038718	04/16/18	09:30:28	0.4892597695390782	0.4892597695390782	11.39	-1.32	4.207634018036073	4.161643599699398	69.12	31.22	0.4892597695390782	0.4892597695390782	11.31	0.0	288.0	284.8	535.94	11.17	0	1
PROTOTYPE	038719	04/16/18	09:30:29	0.4892597695390782	0.4892597695390782	11.37	-1.12	4.1097820641282565	4.153815443386774	65.53	11.54	0.4892597695390782	0.4892597695390782	11.31	0.0	284.0	284.68	528.42	-20.51	0	1
PROTOTYPE	038720	04/16/18	09:30:31	0.4892597695390782	0.4892597695390782	11.35	-0.95	4.207634018036073	4.162622119238477	63.82	9.81	0.4892597695390782	0.4892597695390782	11.31	0.0	296.0	286.38	621.48	72.57	0	1
PROTOTYPE	038721	04/16/18	09:30:32	0.4892597695390782	0.4892597695390782	11.33	-0.81	4.1097820641282565	4.154793962925852	65.26	8.34	0.4892597695390782	0.4892597695390782	11.3	0.0	278.0	285.12	692.36	1.68	0	1
PROTOTYPE	038722	04/16/18	09:30:34	0.4892597695390782	0.4892597695390782	11.31	-0.69	4.207634018036073	4.162622119238477	67.77	22.09	0.4892597695390782	0.4892597695390782	11.29	0.0	285.0	285.11	621.27	-73.57	0	1
PROTOTYPE	038723	04/16/18	09:30:35	0.4892597695390782	0.4892597695390782	11.3	-0.59	4.207634018036073	4.169471756012024	64.5	18.77	0.4892597695390782	0.4892597695390782	11.28	0.0	294.0	286.44	707.3	12.47	0	1
PROTOTYPE	038724	04/16/18	09:30:36	0.4892597695390782	0.4892597695390782	11.29	-0.5	4.1097820641282565	4.160665080160321	67.27	15.96	0.4892597695390782	0.4892597695390782	11.28	0.0	278.0	285.17	754.16	-34.4	0	1
PROTOTYPE	038725	04/16/18	09:30:38	0.4892597695390782	0.4892597695390782	11.26	-0.42	4.207634018036073	4.1675147169338675	64.91	13.56	0.4892597695390782	0.4892597695390782	11.25	0.0	291.0	286.05	713.8	180.76	0	1
PROTOTYPE	038726	04/16/18	09:30:39	0.4892597695390782	0.4892597695390782	11.25	-0.36	4.1097820641282565	4.158708041082164	65.52	-3.47	0.4892597695390782	0.4892597695390782	11.25	0.0	285.0	285.89	673.16	108.64	0	1
PROTOTYPE	038727	04/16/18	09:30:41	0.4892597695390782	0.4892597695390782	11.26	-0.31	4.207634018036073	4.166536197394789	65.0	12.05	0.4892597695390782	0.4892597695390782	11.26	0.0	277.0	284.56	794.38	-12.65	0	1
PROTOTYPE	038728	04/16/18	09:30:42	0.4892597695390782	0.4892597695390782	11.25	-0.26	4.1097820641282565	4.157729521543087	65.44	-4.76	0.4892597695390782	0.4892597695390782	11.25	0.0	280.0	283.87	692.99	-250.76	0	1
PROTOTYPE	038729	04/16/18	09:30:43	0.4892597695390782	0.4892597695390782	11.28	-0.22	4.207634018036073	4.165557677855712	65.07	10.96	0.4892597695390782	0.4892597695390782	11.28	0.0	287.0	284.34	614.19	-78.14	0	1
PROTOTYPE	038730	04/16/18	09:30:45	0.4892597695390782	0.4892597695390782	11.28	-0.19	4.207634018036073	4.171428795090181	63.46	9.31	0.4892597695390782	0.4892597695390782	11.28	0.0	282.0	283.99	647.03	-111.42	0	1
PROTOTYPE	038731	04/16/18	09:30:46	0.4892597695390782	0.4892597695390782	11.28	-0.16	4.1097820641282565	4.162622119238477	65.95	-7.08	0.4892597695390782	0.4892597695390782	11.28	0.0	294.0	285.49	663.74	-94.71	0	1
PROTOTYPE	038732	04/16/18	09:30:48	0.4892597695390782	0.4892597695390782	11.28	-0.14	4.1097820641282565	4.154793962925852	64.9	-6.02	0.4892597695390782	0.4892597695390782	11.28	0.0	287.0	285.72	559.8	54.5	0	1
PROTOTYPE	038733	04/16/18	09:30:49	0.4892597695390782	0.4892597695390782	11.31	-0.12	4.207634018036073	4.162622119238477	65.79	-5.12	0.4892597695390782	0.4892597695390782	11.31	0.0	293.0	286.81	581.62	76.32	0	1
PROTOTYPE	038734	04/16/18	09:30:50	0.4892597695390782	0.4892597695390782	11.3	-0.1	4.207634018036073	4.169471756012024	63.93	10.65	0.4892597695390782	0.4892597695390782	11.3	0.0	291.0	287.44	628.7	154.88	0	1
PROTOTYPE	038735	04/16/18	09:30:52	0.4892597695390782	0.4892597695390782	11.28	-0.08	4.207634018036073	4.1753428732464934	62.37	9.05	0.4892597695390782	0.4892597695390782	11.28	0.0	294.0	288.42	593.76	386.64	0	1
PROTOTYPE	038736	04/16/18	09:30:53	0.4892597695390782	0.4892597695390782	11.29	-0.07	4.207634018036073	4.180235470941884	58.83	22.69	0.4892597695390782	0.4892597695390782	11.29	0.0	292.0	288.96	579.07	508.65	0	1
PROTOTYPE	038737	04/16/18	09:30:55	0.4892597695390782	0.4892597695390782	11.31	-0.06	4.207634018036073	4.184149549098196	55.54	19.29	0.4892597695390782	0.4892597695390782	11.31	0.0	289.0	288.97	533.73	462.35	0	1
PROTOTYPE	038738	04/16/18	09:30:56	0.4892597695390782	0.4892597695390782	11.34	-0.05	4.207634018036073	4.187085107715431	52.77	16.4	0.4892597695390782	0.4892597695390782	11.34	0.0	282.0	287.92	603.06	393.0	0	1
PROTOTYPE	038739	04/16/18	09:30:58	0.4892597695390782	0.4892597695390782	11.34	-0.04	4.207634018036073	4.1909991858717435	46.59	28.94	0.4892597695390782	0.4892597695390782	11.34	0.0	285.0	287.48	496.75	199.05	0	1
PROTOTYPE	038740	04/16/18	09:30:59	0.4892597695390782	0.4892597695390782	11.35	-0.04	4.207634018036073	4.1929562249499	41.4	39.6	0.4892597695390782	0.4892597695390782	11.35	0.0	278.0	286.06	616.34	34.19	0	1
PROTOTYPE	038741	04/16/18	09:31:00	0.4892597695390782	0.4892597695390782	11.35	-0.03	4.207634018036073	4.194913264028056	35.75	33.66	0.4892597695390782	0.4892597695390782	11.35	0.0	284.0	285.75	538.05	-105.94	0	1
PROTOTYPE	038742	04/16/18	09:31:02	0.4892597695390782	0.4892597695390782	11.35	-0.03	4.207634018036073	4.196870303106213	31.03	28.61	0.4892597695390782	0.4892597695390782	11.35	0.0	280.0	284.89	561.48	-255.05	0	1
PROTOTYPE	038743	04/16/18	09:31:03	0.4892597695390782	0.4892597695390782	11.36	-0.02	4.207634018036073	4.1988273421843685	27.1	24.32	0.4892597695390782	0.4892597695390782	11.36	0.0	281.0	284.31	521.4	-411.79	0	1
PROTOTYPE	038744	04/16/18	09:31:05	0.4892597695390782	0.4892597695390782	11.37	-0.02	4.207634018036073	4.199805861723447	23.86	20.67	0.4892597695390782	0.4892597695390782	11.37	0.0	294.0	285.76	613.15	-320.02	0	1
PROTOTYPE	038745	04/16/18	09:31:06	0.4892597695390782	0.4892597695390782	11.32	-0.02	4.207634018036073	4.200784381262525	21.18	17.57	0.4892597695390782	0.4892597695390782	11.32	0.0	284.0	285.5	638.0	-347.02	0	1
PROTOTYPE	038746	04/16/18	09:31:07	0.4892597695390782	0.4892597695390782	11.29	-0.01	4.207634018036073	4.2017629008016035	19.0	14.93	0.4892597695390782	0.4892597695390782	11.29	0.0	291.0	286.32	616.09	-159.97	0	1
PROTOTYPE	038747	04/16/18	09:31:09	0.4892597695390782	0.4892597695390782	11.3	-0.01	4.207634018036073	4.202741420340682	17.27	12.69	0.4892597695390782	0.4892597695390782	11.3	0.0	281.0	285.52	652.08	-195.97	0	1
PROTOTYPE	038748	04/16/18	09:31:10	0.4892597695390782	0.4892597695390782	11.3	-0.01	4.207634018036073	4.20371993987976	15.87	10.79	0.4892597695390782	0.4892597695390782	11.3	0.0	289.0	286.04	562.01	-1.58	0	1
PROTOTYPE	038749	04/16/18	09:31:12	0.4892597695390782	0.4892597695390782	11.28	-0.01	4.207634018036073	4.204698459418838	14.76	9.17	0.4892597695390782	0.4892597695390782	11.28	0.0	283.0	285.59	576.76	-16.34	0	1
PROTOTYPE	038750	04/16/18	09:31:13	0.4892597695390782	0.4892597695390782	11.29	-0.01	4.207634018036073	4.204698459418838	13.91	7.8	0.4892597695390782	0.4892597695390782	11.29	0.0	272.0	283.55	694.3	-133.89	0	1
PROTOTYPE	038751	04/16/18	09:31:15	0.4892597695390782	0.4892597695390782	11.29	-0.01	4.207634018036073	4.205676978957915	13.25	6.63	0.4892597695390782	0.4892597695390782	11.29	0.0	275.0	282.27	764.21	-203.8	0	1
PROTOTYPE	038752	04/16/18	09:31:16	0.4892597695390782	0.4892597695390782	11.28	-0.01	4.207634018036073	4.205676978957915	12.74	5.63	0.4892597695390782	0.4892597695390782	11.28	0.0	282.0	282.23	623.03	-353.23	0	1
PROTOTYPE	038753	04/16/18	09:31:17	0.4892597695390782	0.4892597695390782	11.29	-0.0	4.207634018036073	4.205676978957915	12.37	4.79	0.4892597695390782	0.4892597695390782	11.29	0.0	281.0	282.04	615.06	-345.25	0	1
PROTOTYPE	038754	04/16/18	09:31:19	0.4892597695390782	0.4892597695390782	11.29	-0.0	4.207634018036073	4.205676978957915	12.08	4.07	0.4892597695390782	0.4892597695390782	11.29	0.0	295.0	283.99	726.84	-233.46	0	1
PROTOTYPE	038755	04/16/18	09:31:20	0.4892597695390782	0.4892597695390782	11.3	-0.0	4.207634018036073	4.206655498496994	11.88	3.46	0.4892597695390782	0.4892597695390782	11.3	0.0	285.0	284.14	662.28	-138.44	0	1
PROTOTYPE	038756	04/16/18	09:31:22	0.4892597695390782	0.4892597695390782	11.29	-0.0	4.207634018036073	4.206655498496994	11.71	2.94	0.4892597695390782	0.4892597695390782	11.29	0.0	288.0	284.72	668.04	-132.68	0	1
PROTOTYPE	038757	04/16/18	09:31:23	0.4892597695390782	0.4892597695390782	11.32	-0.0	4.207634018036073	4.206655498496994	11.63	2.5	0.4892597695390782	0.4892597695390782	11.32	0.0	291.0	285.66	716.59	7.23	0	1
PROTOTYPE	038758	04/16/18	09:31:24	0.4892597695390782	0.4892597695390782	11.31	-0.0	4.1097820641282565	4.191977705410823	25.04	-12.88	0.4892597695390782	0.4892597695390782	11.31	0.0	277.0	284.36	642.68	81.14	0	1
PROTOTYPE	038759	04/16/18	09:31:26	0.4892597695390782	0.4892597695390782	11.32	-0.0	4.207634018036073	4.194913264028056	26.33	-10.94	0.4892597695390782	0.4892597695390782	11.32	0.0	286.0	284.61	539.05	233.97	0	1
PROTOTYPE	038760	04/16/18	09:31:27	0.4892597695390782	0.4892597695390782	11.36	-0.0	4.207634018036073	4.196870303106213	27.35	-9.3	0.4892597695390782	0.4892597695390782	11.36	0.0	282.0	284.22	573.93	198.87	0	1
PROTOTYPE	038761	04/16/18	09:31:29	0.4892597695390782	0.4892597695390782	11.34	-0.0	4.207634018036073	4.197848822645291	28.11	-7.91	0.4892597695390782	0.4892597695390782	11.34	0.0	297.0	286.13	747.24	409.04	0	1
PROTOTYPE	038762	04/16/18	09:31:30	0.4892597695390782	0.4892597695390782	11.36	-0.0	4.207634018036073	4.199805861723447	28.72	-6.72	0.4892597695390782	0.4892597695390782	11.36	0.0	289.0	286.56	595.9	257.69	0	1
PROTOTYPE	038763	04/16/18	09:31:32	0.4892597695390782	0.4892597695390782	11.35	-0.0	4.207634018036073	4.200784381262525	29.15	-5.71	0.4892597695390782	0.4892597695390782	11.35	0.0	285.0	286.33	604.13	219.03	0	1
PROTOTYPE	038764	04/16/18	09:31:33	0.4892597695390782	0.4892597695390782	11.35	-0.0	4.207634018036073	4.2017629008016035	29.49	-4.86	0.4892597695390782	0.4892597695390782	11.35	0.0	287.0	286.43	556.35	171.18	0	1
PROTOTYPE	038765	04/16/18	09:31:34	0.4892597695390782	0.4892597695390782	11.33	-0.0	4.207634018036073	4.202741420340682	29.72	-4.13	0.4892597695390782	0.4892597695390782	11.33	0.0	301.0	288.62	680.67	295.5	0	1
PROTOTYPE	038766	04/16/18	09:31:36	0.4892597695390782	0.4892597695390782	11.35	-0.0	4.207634018036073	4.20371993987976	16.41	11.49	0.4892597695390782	0.4892597695390782	11.35	0.0	287.0	288.37	575.03	401.18	0	1
