Dev_id	Index	Date	Time	Sensor1	Sensor1_Filter	Sensor1_LL	Sensor1_Diff	Sensor2	Sensor2_Filter	Sensor2_LL	Sensor2_Diff	Sensor3	Sensor3_Filter	Sensor3_LL	Sensor3_Diff	Sensor4	Sensor4_Filter	Sensor4_LL	Sensor4_Diff	Heater_Status	FSM_Status
PROTOTYPE	023167	04/16/18	03:24:40	0.4892597695390782	0.4892597695390782	11.3	0.0	3.3269664328657313	3.3269664328657313	11.3	0.01	0.4892597695390782	0.4892597695390782	11.3	0.0	288.0	290.27	702.45	148.93	0	1
PROTOTYPE	023168	04/16/18	03:24:41	0.4892597695390782	0.4892597695390782	11.33	0.0	3.3269664328657313	3.3269664328657313	11.33	0.01	0.4892597695390782	0.4892597695390782	11.33	0.0	295.0	290.98	755.07	201.59	0	1
PROTOTYPE	023169	04/16/18	03:24:43	0.4892597695390782	0.4892597695390782	11.33	0.0	3.3269664328657313	3.3269664328657313	11.33	0.01	0.4892597695390782	0.4892597695390782	11.33	0.0	302.0	292.63	829.83	276.35	0	1
PROTOTYPE	023170	04/16/18	03:24:44	0.4892597695390782	0.4892597695390782	11.33	0.0	3.3269664328657313	3.3269664328657313	11.33	0.0	0.4892597695390782	0.4892597695390782	11.33	0.0	302.0	294.04	848.37	294.9	0	1
PROTOTYPE	023171	04/16/18	03:24:45	0.4892597695390782	0.4892597695390782	11.31	0.0	3.3269664328657313	3.3269664328657313	11.31	0.0	0.4892597695390782	0.4892597695390782	11.31	0.0	290.0	293.43	772.62	370.66	0	1
PROTOTYPE	023172	04/16/18	03:24:47	0.4892597695390782	0.4892597695390782	11.32	0.0	3.3269664328657313	3.3269664328657313	11.32	0.0	0.4892597695390782	0.4892597695390782	11.32	0.0	290.0	292.92	753.22	390.06	0	1
PROTOTYPE	023173	04/16/18	03:24:48	0.4892597695390782	0.4892597695390782	11.33	0.0	3.3269664328657313	3.3269664328657313	11.33	0.0	0.4892597695390782	0.4892597695390782	11.33	0.0	299.0	293.83	649.72	286.55	0	1
PROTOTYPE	023174	04/16/18	03:24:50	0.4892597695390782	0.4892597695390782	11.34	0.0	3.3269664328657313	3.3269664328657313	11.34	0.0	0.4892597695390782	0.4892597695390782	11.34	0.0	291.0	293.4	662.69	273.57	0	1
PROTOTYPE	023175	04/16/18	03:24:51	0.4892597695390782	0.4892597695390782	11.31	0.0	3.3269664328657313	3.3269664328657313	11.31	0.0	0.4892597695390782	0.4892597695390782	11.31	0.0	304.0	294.99	781.56	472.53	0	1
PROTOTYPE	023176	04/16/18	03:24:52	0.4892597695390782	0.4892597695390782	11.29	0.0	3.3269664328657313	3.3269664328657313	11.29	0.0	0.4892597695390782	0.4892597695390782	11.29	0.0	291.0	294.39	770.51	341.65	0	1
PROTOTYPE	023177	04/16/18	03:24:54	0.4892597695390782	0.4892597695390782	11.29	0.0	3.3269664328657313	3.3269664328657313	11.29	0.0	0.4892597695390782	0.4892597695390782	11.29	0.0	275.0	291.49	896.1	-114.59	0	1
PROTOTYPE	023178	04/16/18	03:24:55	0.4892597695390782	0.4892597695390782	11.29	0.0	3.3269664328657313	3.3269664328657313	11.29	0.0	0.4892597695390782	0.4892597695390782	11.29	0.0	298.0	292.46	853.3	-157.4	0	1
PROTOTYPE	023179	04/16/18	03:24:57	0.4892597695390782	0.4892597695390782	11.29	0.0	3.3269664328657313	3.3269664328657313	11.29	0.0	0.4892597695390782	0.4892597695390782	11.29	0.0	301.0	293.74	920.79	31.21	0	1
PROTOTYPE	023180	04/16/18	03:24:58	0.4892597695390782	0.4892597695390782	11.29	0.0	3.3269664328657313	3.3269664328657313	11.29	0.0	0.4892597695390782	0.4892597695390782	11.29	0.0	288.0	292.88	955.46	-3.47	0	1
PROTOTYPE	023181	04/16/18	03:24:59	0.4892597695390782	0.4892597695390782	11.28	0.0	3.3269664328657313	3.3269664328657313	11.28	0.0	0.4892597695390782	0.4892597695390782	11.28	0.0	287.0	292.0	952.44	-182.95	0	1
PROTOTYPE	023182	04/16/18	03:25:01	0.4892597695390782	0.4892597695390782	11.26	0.0	3.3269664328657313	3.3269664328657313	11.26	0.0	0.4892597695390782	0.4892597695390782	11.26	0.0	296.0	292.6	970.0	-80.51	0	1
PROTOTYPE	023183	04/16/18	03:25:02	0.4892597695390782	0.4892597695390782	11.27	0.0	3.3269664328657313	3.3269664328657313	11.27	0.0	0.4892597695390782	0.4892597695390782	11.27	0.0	294.0	292.81	832.12	-218.43	0	1
PROTOTYPE	023184	04/16/18	03:25:04	0.4892597695390782	0.4892597695390782	11.26	0.0	3.3269664328657313	3.3269664328657313	11.26	0.0	0.4892597695390782	0.4892597695390782	11.26	0.0	285.0	291.64	889.35	-275.67	0	1
PROTOTYPE	023185	04/16/18	03:25:05	0.4892597695390782	0.4892597695390782	11.26	0.0	3.3269664328657313	3.3269664328657313	11.26	0.0	0.4892597695390782	0.4892597695390782	11.26	0.0	298.0	292.59	693.86	110.68	0	1
PROTOTYPE	023186	04/16/18	03:25:06	0.4892597695390782	0.4892597695390782	11.25	0.0	3.3269664328657313	3.3269664328657313	11.25	0.0	0.4892597695390782	0.4892597695390782	11.25	0.0	286.0	291.6	695.03	-85.92	0	1
PROTOTYPE	023187	04/16/18	03:25:08	0.4892597695390782	0.4892597695390782	11.25	0.0	3.3269664328657313	3.3269664328657313	11.25	0.0	0.4892597695390782	0.4892597695390782	11.25	0.0	294.0	291.96	602.94	-178.03	0	1
PROTOTYPE	023188	04/16/18	03:25:09	0.4892597695390782	0.4892597695390782	11.24	0.0	3.3269664328657313	3.3269664328657313	11.24	0.0	0.4892597695390782	0.4892597695390782	11.24	0.0	296.0	292.57	577.34	-31.33	0	1
PROTOTYPE	023189	04/16/18	03:25:11	0.4892597695390782	0.4892597695390782	11.23	0.0	3.3269664328657313	3.3269664328657313	11.23	0.0	0.4892597695390782	0.4892597695390782	11.23	0.0	305.0	294.43	675.58	243.37	0	1
PROTOTYPE	023190	04/16/18	03:25:12	0.4892597695390782	0.4892597695390782	11.24	0.0	3.3269664328657313	3.3269664328657313	11.24	0.0	0.4892597695390782	0.4892597695390782	11.24	0.0	289.0	293.62	697.07	101.87	0	1
PROTOTYPE	023191	04/16/18	03:25:14	0.4892597695390782	0.4892597695390782	11.23	0.0	3.3269664328657313	3.3269664328657313	11.23	0.0	0.4892597695390782	0.4892597695390782	11.23	0.0	287.0	292.63	775.3	-18.41	0	1
PROTOTYPE	023192	04/16/18	03:25:15	0.4892597695390782	0.4892597695390782	11.25	0.0	3.3269664328657313	3.3269664328657313	11.25	0.0	0.4892597695390782	0.4892597695390782	11.25	0.0	296.0	293.13	708.79	149.35	0	1
PROTOTYPE	023193	04/16/18	03:25:16	0.4892597695390782	0.4892597695390782	11.27	0.0	3.3269664328657313	3.3269664328657313	11.27	0.0	0.4892597695390782	0.4892597695390782	11.27	0.0	287.0	292.21	705.34	-38.05	0	1
PROTOTYPE	023194	04/16/18	03:25:18	0.4892597695390782	0.4892597695390782	11.28	0.0	3.3269664328657313	3.3269664328657313	11.28	0.0	0.4892597695390782	0.4892597695390782	11.28	0.0	301.0	293.53	738.27	192.65	0	1
PROTOTYPE	023195	04/16/18	03:25:19	0.4892597695390782	0.4892597695390782	11.29	0.0	3.3269664328657313	3.3269664328657313	11.29	0.0	0.4892597695390782	0.4892597695390782	11.29	0.0	296.0	293.9	739.37	193.76	0	1
PROTOTYPE	023196	04/16/18	03:25:21	0.4892597695390782	0.4892597695390782	11.28	0.0	3.3269664328657313	3.3269664328657313	11.28	0.0	0.4892597695390782	0.4892597695390782	11.28	0.0	298.0	294.52	740.3	194.69	0	1
PROTOTYPE	023197	04/16/18	03:25:22	0.4892597695390782	0.4892597695390782	11.29	0.0	3.3269664328657313	3.3269664328657313	11.29	0.0	0.4892597695390782	0.4892597695390782	11.29	0.0	290.0	293.84	621.58	-59.51	0	1
PROTOTYPE	023198	04/16/18	03:25:23	0.4892597695390782	0.4892597695390782	11.3	0.0	3.3269664328657313	3.3269664328657313	11.3	0.0	0.4892597695390782	0.4892597695390782	11.3	0.0	286.0	292.66	657.65	-95.58	0	1
PROTOTYPE	023199	04/16/18	03:25:25	0.4892597695390782	0.4892597695390782	11.31	0.0	3.3269664328657313	3.3269664328657313	11.31	0.0	0.4892597695390782	0.4892597695390782	11.31	0.0	297.0	293.31	623.44	68.75	0	1
PROTOTYPE	023200	04/16/18	03:25:26	0.4892597695390782	0.4892597695390782	11.31	0.0	3.3269664328657313	3.3269664328657313	11.31	0.0	0.4892597695390782	0.4892597695390782	11.31	0.0	296.0	293.72	613.13	58.44	0	1
PROTOTYPE	023201	04/16/18	03:25:28	0.4892597695390782	0.4892597695390782	11.29	0.0	3.3269664328657313	3.3269664328657313	11.29	0.0	0.4892597695390782	0.4892597695390782	11.29	0.0	297.0	294.21	570.42	199.67	0	1
PROTOTYPE	023202	04/16/18	03:25:29	0.4892597695390782	0.4892597695390782	11.29	0.0	3.3269664328657313	3.3269664328657313	11.29	0.0	0.4892597695390782	0.4892597695390782	11.29	0.0	299.0	294.93	510.48	139.72	0	1
PROTOTYPE	023203	04/16/18	03:25:30	0.4892597695390782	0.4892597695390782	11.28	0.0	3.3269664328657313	3.3269664328657313	11.28	0.0	0.4892597695390782	0.4892597695390782	11.28	0.0	290.0	294.19	547.33	28.76	0	1
PROTOTYPE	023204	04/16/18	03:25:32	0.4892597695390782	0.4892597695390782	11.29	0.0	3.3269664328657313	3.3269664328657313	11.29	0.0	0.4892597695390782	0.4892597695390782	11.29	0.0	285.0	292.81	623.65	-170.55	0	1
PROTOTYPE	023205	04/16/18	03:25:33	0.4892597695390782	0.4892597695390782	11.28	0.0	3.3269664328657313	3.3269664328657313	11.28	0.0	0.4892597695390782	0.4892597695390782	11.28	0.0	294.0	292.99	573.81	-84.97	0	1
PROTOTYPE	023206	04/16/18	03:25:35	0.4892597695390782	0.4892597695390782	11.28	0.0	3.3269664328657313	3.3269664328657313	11.28	0.0	0.4892597695390782	0.4892597695390782	11.28	0.0	296.0	293.44	501.42	77.78	0	1
PROTOTYPE	023207	04/16/18	03:25:36	0.4892597695390782	0.4892597695390782	11.29	0.0	3.3269664328657313	3.3269664328657313	11.29	0.0	0.4892597695390782	0.4892597695390782	11.29	0.0	291.0	293.07	472.97	-23.89	0	1
PROTOTYPE	023208	04/16/18	03:25:38	0.4892597695390782	0.4892597695390782	11.28	0.0	3.3269664328657313	3.3269664328657313	11.28	0.0	0.4892597695390782	0.4892597695390782	11.28	0.0	301.0	294.26	551.54	54.69	0	1
PROTOTYPE	023209	04/16/18	03:25:39	0.4892597695390782	0.4892597695390782	11.27	0.0	3.3269664328657313	3.3269664328657313	11.27	0.0	0.4892597695390782	0.4892597695390782	11.27	0.0	288.0	293.32	596.22	-88.51	0	1
PROTOTYPE	023210	04/16/18	03:25:40	0.4892597695390782	0.4892597695390782	11.26	0.0	3.3269664328657313	3.3269664328657313	11.26	0.0	0.39140781563126253	0.4745819764529058	24.92	-15.0	276.0	290.73	784.2	-420.23	0	1
PROTOTYPE	023211	04/16/18	03:25:42	0.4892597695390782	0.4892597695390782	11.25	0.0	3.3269664328657313	3.3269664328657313	11.25	0.0	0.4892597695390782	0.4765390155310621	26.17	-12.75	286.0	290.02	781.16	-417.2	0	1
PROTOTYPE	023212	04/16/18	03:25:43	0.4892597695390782	0.4892597695390782	11.23	0.0	3.3269664328657313	3.3269664328657313	11.23	0.0	0.4892597695390782	0.47849605460921835	27.12	-10.84	290.0	290.01	644.74	-279.62	0	1
PROTOTYPE	023213	04/16/18	03:25:45	0.4892597695390782	0.4892597695390782	11.25	0.0	3.3269664328657313	3.3269664328657313	11.25	0.0	0.4892597695390782	0.48045309368737477	27.88	-9.21	294.0	290.61	686.65	-237.68	0	1
PROTOTYPE	023214	04/16/18	03:25:46	0.4892597695390782	0.4892597695390782	11.22	0.0	3.424818386773547	3.341644225951904	24.89	15.0	0.4892597695390782	0.48143161322645295	28.42	-7.83	286.0	289.92	710.64	-352.02	0	1
PROTOTYPE	023215	04/16/18	03:25:47	0.4892597695390782	0.4892597695390782	11.23	0.0	3.3269664328657313	3.3396871868737477	26.14	12.75	0.4892597695390782	0.482410132765531	28.85	-6.66	302.0	291.73	855.22	-134.22	0	1
PROTOTYPE	023216	04/16/18	03:25:49	0.4892597695390782	0.4892597695390782	11.21	0.0	3.3269664328657313	3.337730147795591	27.09	10.84	0.4892597695390782	0.48338865230460926	29.15	-5.66	279.0	289.82	927.31	-444.09	0	1
PROTOTYPE	023217	04/16/18	03:25:50	0.4892597695390782	0.4892597695390782	11.24	0.0	3.3269664328657313	3.335773108717435	27.86	9.21	0.4892597695390782	0.48436717184368744	29.41	-4.81	298.0	291.05	956.03	-227.47	0	1
PROTOTYPE	023218	04/16/18	03:25:52	0.4892597695390782	0.4892597695390782	11.23	0.0	3.3269664328657313	3.3347945891783564	28.42	7.83	0.4892597695390782	0.4853456913827655	15.92	10.91	295.0	291.64	755.45	91.65	0	1
PROTOTYPE	023219	04/16/18	03:25:53	0.4892597695390782	0.4892597695390782	11.24	0.0	3.3269664328657313	3.333816069639279	28.86	6.66	0.4892597695390782	0.4863242109218437	14.8	9.28	290.0	291.4	709.22	137.9	0	1
PROTOTYPE	023220	04/16/18	03:25:54	0.4892597695390782	0.4892597695390782	11.27	0.0	3.3269664328657313	3.3328375501002006	29.2	5.66	0.4892597695390782	0.4863242109218437	13.95	7.88	297.0	292.24	791.89	222.21	0	1
PROTOTYPE	023221	04/16/18	03:25:56	0.4892597695390782	0.4892597695390782	11.26	0.0	3.3269664328657313	3.3318590305611218	29.43	4.81	0.4892597695390782	0.4863242109218437	13.27	6.7	296.0	292.8	788.56	218.88	0	1
PROTOTYPE	023222	04/16/18	03:25:57	0.4892597695390782	0.4892597695390782	11.27	0.0	3.3269664328657313	3.3308805110220443	15.94	-10.91	0.4892597695390782	0.48730273046092193	12.76	5.7	283.0	291.33	866.39	141.05	0	1
PROTOTYPE	023223	04/16/18	03:25:59	0.4892597695390782	0.4892597695390782	11.24	0.0	3.3269664328657313	3.329901991482966	14.8	-9.28	0.4892597695390782	0.48730273046092193	12.34	4.84	289.0	290.98	720.17	-75.11	0	1
PROTOTYPE	023224	04/16/18	03:26:00	0.4892597695390782	0.4892597695390782	11.24	0.0	3.3269664328657313	3.329901991482966	13.92	-7.88	0.4892597695390782	0.48730273046092193	12.05	4.12	292.0	291.13	544.53	131.16	0	1
PROTOTYPE	023225	04/16/18	03:26:01	0.4892597695390782	0.4892597695390782	11.25	0.0	3.424818386773547	3.3445797845691385	26.39	8.3	0.4892597695390782	0.48828125	11.84	3.5	298.0	292.16	524.86	111.48	0	1
PROTOTYPE	023226	04/16/18	03:26:03	0.4892597695390782	0.4892597695390782	11.26	0.0	3.3269664328657313	3.341644225951904	27.41	7.05	0.4892597695390782	0.48828125	11.69	2.97	301.0	293.49	598.13	184.76	0	1
PROTOTYPE	023227	04/16/18	03:26:04	0.4892597695390782	0.4892597695390782	11.28	0.0	3.3269664328657313	3.3396871868737477	28.22	6.0	0.4892597695390782	0.48828125	11.59	2.53	284.0	292.07	715.81	67.05	0	1
PROTOTYPE	023228	04/16/18	03:26:06	0.4892597695390782	0.4892597695390782	11.28	0.0	3.3269664328657313	3.337730147795591	28.86	5.1	0.4892597695390782	0.48828125	11.51	2.15	289.0	291.61	677.74	-63.01	0	1
PROTOTYPE	023229	04/16/18	03:26:07	0.4892597695390782	0.4892597695390782	11.28	0.0	3.3269664328657313	3.335773108717435	29.35	4.33	0.4892597695390782	0.48828125	11.44	1.83	295.0	292.12	672.19	-68.56	0	1
PROTOTYPE	023230	04/16/18	03:26:08	0.4892597695390782	0.4892597695390782	11.28	0.0	3.424818386773547	3.349472382264529	41.48	18.68	0.4892597695390782	0.48828125	11.4	1.55	304.0	293.9	703.45	256.73	0	1
PROTOTYPE	023231	04/16/18	03:26:10	0.4892597695390782	0.4892597695390782	11.3	0.0	3.3269664328657313	3.345558304108216	43.65	15.88	0.4892597695390782	0.4892597695390782	11.39	1.32	292.0	293.61	696.97	263.22	0	1
PROTOTYPE	023232	04/16/18	03:26:11	0.4892597695390782	0.4892597695390782	11.31	0.0	3.3269664328657313	3.3426227454909814	45.39	13.5	0.4892597695390782	0.4892597695390782	11.37	1.12	293.0	293.52	690.92	238.73	0	1
PROTOTYPE	023233	04/16/18	03:26:13	0.4892597695390782	0.4892597695390782	11.3	0.0	3.3269664328657313	3.3406657064128256	33.61	-3.53	0.4892597695390782	0.4892597695390782	11.34	0.95	273.0	290.44	895.74	-172.08	0	1
PROTOTYPE	023234	04/16/18	03:26:14	0.4892597695390782	0.4892597695390782	11.31	0.0	3.3269664328657313	3.3387086673346693	33.16	-3.0	0.4892597695390782	0.4892597695390782	11.34	0.81	298.0	291.58	876.55	-191.26	0	1
PROTOTYPE	023235	04/16/18	03:26:16	0.4892597695390782	0.4892597695390782	11.31	0.0	3.3269664328657313	3.336751628256513	32.79	-2.55	0.4892597695390782	0.4892597695390782	11.33	0.69	294.0	291.94	770.59	-12.57	0	1
PROTOTYPE	023236	04/16/18	03:26:17	0.4892597695390782	0.4892597695390782	11.29	0.0	3.3269664328657313	3.335773108717435	32.49	-2.17	0.4892597695390782	0.4892597695390782	11.31	0.59	300.0	293.15	845.49	154.31	0	1
PROTOTYPE	023237	04/16/18	03:26:18	0.4892597695390782	0.4892597695390782	11.29	0.0	3.424818386773547	3.3484938627254506	44.13	13.16	0.4892597695390782	0.4892597695390782	11.3	0.5	299.0	294.03	882.33	191.16	0	1
PROTOTYPE	023238	04/16/18	03:26:20	0.4892597695390782	0.4892597695390782	11.29	0.0	3.3269664328657313	3.345558304108216	34.05	-3.81	0.4892597695390782	0.4892597695390782	11.3	0.42	283.0	292.37	869.46	-152.51	0	1
PROTOTYPE	023239	04/16/18	03:26:21	0.4892597695390782	0.4892597695390782	11.29	0.0	3.3269664328657313	3.3426227454909814	33.53	-3.24	0.4892597695390782	0.4892597695390782	11.29	0.36	291.0	292.17	861.6	-144.63	0	1
PROTOTYPE	023240	04/16/18	03:26:23	0.4892597695390782	0.4892597695390782	11.29	0.0	3.3269664328657313	3.3406657064128256	33.1	-2.76	0.4892597695390782	0.4892597695390782	11.29	0.31	295.0	292.59	894.81	-92.94	0	1
PROTOTYPE	023241	04/16/18	03:26:24	0.4892597695390782	0.4892597695390782	11.28	0.0	3.3269664328657313	3.3387086673346693	32.75	-2.34	0.4892597695390782	0.4892597695390782	11.28	0.26	290.0	292.2	625.9	176.0	0	1
PROTOTYPE	023242	04/16/18	03:26:25	0.4892597695390782	0.4892597695390782	11.29	0.0	3.3269664328657313	3.336751628256513	32.47	-1.99	0.4892597695390782	0.4892597695390782	11.29	0.22	280.0	290.37	695.58	-120.4	0	1
PROTOTYPE	023243	04/16/18	03:26:27	0.4892597695390782	0.4892597695390782	11.29	0.0	3.3269664328657313	3.3347945891783564	32.24	-1.69	0.4892597695390782	0.4892597695390782	11.29	0.19	289.0	290.17	679.84	-177.34	0	1
PROTOTYPE	023244	04/16/18	03:26:28	0.4892597695390782	0.4892597695390782	11.29	0.0	3.3269664328657313	3.333816069639279	32.07	-1.44	0.4892597695390782	0.4892597695390782	11.29	0.16	287.0	289.69	606.45	-345.74	0	1
PROTOTYPE	023245	04/16/18	03:26:30	0.4892597695390782	0.4892597695390782	11.27	0.0	3.3269664328657313	3.3328375501002006	20.04	-16.22	0.4892597695390782	0.4892597695390782	11.27	0.14	280.0	288.24	664.06	-578.88	0	1
PROTOTYPE	023246	04/16/18	03:26:31	0.4892597695390782	0.4892597695390782	11.27	0.0	3.3269664328657313	3.3318590305611218	18.08	-13.79	0.4892597695390782	0.4892597695390782	11.27	0.12	293.0	288.95	570.1	-342.05	0	1
PROTOTYPE	023247	04/16/18	03:26:32	0.4892597695390782	0.4892597695390782	11.26	0.0	3.3269664328657313	3.3308805110220443	16.51	-11.72	0.4892597695390782	0.4892597695390782	11.26	0.1	295.0	289.86	640.19	-230.74	0	1
PROTOTYPE	023248	04/16/18	03:26:34	0.4892597695390782	0.4892597695390782	11.27	0.0	3.3269664328657313	3.3308805110220443	15.28	-9.96	0.4892597695390782	0.4892597695390782	11.27	0.08	278.0	288.08	775.56	-451.13	0	1
PROTOTYPE	023249	04/16/18	03:26:35	0.4892597695390782	0.4892597695390782	11.26	0.0	3.424818386773547	3.3445797845691385	27.29	6.53	0.4892597695390782	0.4892597695390782	11.26	0.07	297.0	289.42	870.46	-278.46	0	1
PROTOTYPE	023250	04/16/18	03:26:37	0.4892597695390782	0.4892597695390782	11.25	0.0	3.3269664328657313	3.341644225951904	28.11	5.55	0.4892597695390782	0.4892597695390782	11.25	0.06	295.0	290.26	771.14	-11.69	0	1
PROTOTYPE	023251	04/16/18	03:26:38	0.4892597695390782	0.4892597695390782	11.24	0.0	3.3269664328657313	3.3396871868737477	28.77	4.72	0.4892597695390782	0.4892597695390782	11.24	0.05	288.0	289.92	784.37	-24.94	0	1
PROTOTYPE	023252	04/16/18	03:26:40	0.4892597695390782	0.4892597695390782	11.31	0.0	3.3269664328657313	3.337730147795591	29.34	4.01	0.4892597695390782	0.4892597695390782	11.31	0.04	301.0	291.58	903.1	188.8	0	1
PROTOTYPE	023253	04/16/18	03:26:41	0.4892597695390782	0.4892597695390782	11.38	0.0	3.3269664328657313	3.335773108717435	29.81	3.41	0.4892597695390782	0.4892597695390782	11.38	0.04	289.0	291.19	796.44	295.48	0	1
PROTOTYPE	023254	04/16/18	03:26:42	0.4892597695390782	0.4892597695390782	11.41	0.0	3.3269664328657313	3.3347945891783564	30.15	2.9	0.4892597695390782	0.4892597695390782	11.41	0.03	292.0	291.31	737.19	236.16	0	1
PROTOTYPE	023255	04/16/18	03:26:44	0.4892597695390782	0.4892597695390782	11.43	0.0	3.3269664328657313	3.333816069639279	30.42	2.46	0.4892597695390782	0.4892597695390782	11.43	0.03	278.0	289.32	846.17	-54.26	0	1
PROTOTYPE	023256	04/16/18	03:26:45	0.4892597695390782	0.4892597695390782	11.46	0.0	3.424818386773547	3.347515343186373	42.91	17.09	0.4892597695390782	0.4892597695390782	11.46	0.02	297.0	290.47	783.53	238.88	0	1
PROTOTYPE	023257	04/16/18	03:26:47	0.4892597695390782	0.4892597695390782	11.51	0.0	3.3269664328657313	3.3445797845691385	31.84	-0.47	0.4892597695390782	0.4892597695390782	11.51	0.02	293.0	290.85	687.72	143.04	0	1
PROTOTYPE	023258	04/16/18	03:26:48	0.4892597695390782	0.4892597695390782	11.54	0.0	3.3269664328657313	3.341644225951904	31.8	-0.4	0.4892597695390782	0.4892597695390782	11.54	0.02	282.0	289.52	736.73	-73.41	0	1
PROTOTYPE	023259	04/16/18	03:26:50	0.4892597695390782	0.4892597695390782	11.56	0.0	3.424818386773547	3.35436497995992	41.91	14.66	0.4892597695390782	0.4892597695390782	11.56	0.01	290.0	289.59	710.18	-32.4	0	1
PROTOTYPE	023260	04/16/18	03:26:51	0.4892597695390782	0.4892597695390782	11.53	0.0	3.3269664328657313	3.3504509018036077	43.86	12.46	0.4892597695390782	0.4892597695390782	11.53	0.01	293.0	290.1	595.06	-147.54	0	1
PROTOTYPE	023261	04/16/18	03:26:53	0.4892597695390782	0.4892597695390782	11.52	0.0	3.3269664328657313	3.3465368236472948	45.47	10.59	0.4892597695390782	0.4892597695390782	11.52	0.01	301.0	291.74	719.77	54.59	0	1
PROTOTYPE	023262	04/16/18	03:26:54	0.4892597695390782	0.4892597695390782	11.51	0.0	3.3269664328657313	3.34360126503006	46.78	9.0	0.4892597695390782	0.4892597695390782	11.51	0.01	283.0	290.43	838.67	-88.6	0	1
PROTOTYPE	023263	04/16/18	03:26:55	0.4892597695390782	0.4892597695390782	11.5	0.0	3.424818386773547	3.356322019038076	57.42	22.65	0.4892597695390782	0.4892597695390782	11.5	0.01	296.0	291.26	722.55	194.69	0	1
PROTOTYPE	023264	04/16/18	03:26:57	0.4892597695390782	0.4892597695390782	11.48	0.0	3.424818386773547	3.3661072144288577	54.05	19.25	0.4892597695390782	0.4892597695390782	11.48	0.01	299.0	292.42	723.35	195.49	0	1
PROTOTYPE	023265	04/16/18	03:26:58	0.4892597695390782	0.4892597695390782	11.44	0.0	3.424818386773547	3.3749138902805615	59.7	31.37	0.4892597695390782	0.4892597695390782	11.44	0.01	283.0	291.01	826.73	16.16	0	1
PROTOTYPE	023266	04/16/18	03:27:00	0.4892597695390782	0.4892597695390782	11.4	0.0	3.424818386773547	3.382742046593186	64.45	41.66	0.4892597695390782	0.4892597695390782	11.4	0.0	283.0	289.81	814.15	28.74	0	1
PROTOTYPE	023267	04/16/18	03:27:01	0.4892597695390782	0.4892597695390782	11.39	0.0	3.424818386773547	3.3886131638276553	58.27	35.41	0.4892597695390782	0.4892597695390782	11.39	0.0	303.0	291.79	1004.7	219.43	0	1
PROTOTYPE	023268	04/16/18	03:27:02	0.4892597695390782	0.4892597695390782	11.35	0.0	3.3269664328657313	3.3798064879759515	63.44	30.1	0.4892597695390782	0.4892597695390782	11.35	0.0	285.0	290.77	1055.41	66.51	0	1
PROTOTYPE	023269	04/16/18	03:27:04	0.4892597695390782	0.4892597695390782	11.29	0.0	3.3269664328657313	3.371978331663327	67.79	25.59	0.4892597695390782	0.4892597695390782	11.29	0.0	291.0	290.8	895.69	-93.46	0	1
PROTOTYPE	023270	04/16/18	03:27:05	0.4892597695390782	0.4892597695390782	11.3	0.0	3.424818386773547	3.3798064879759515	72.74	36.75	0.4892597695390782	0.4892597695390782	11.3	0.0	279.0	289.03	941.67	-139.44	0	1
PROTOTYPE	023271	04/16/18	03:27:07	0.4892597695390782	0.4892597695390782	11.28	0.0	3.424818386773547	3.386656124749499	67.29	31.24	0.4892597695390782	0.4892597695390782	11.28	0.0	294.0	289.78	932.59	-148.53	0	1
PROTOTYPE	023272	04/16/18	03:27:08	0.4892597695390782	0.4892597695390782	11.28	0.0	3.3269664328657313	3.377849448897796	65.84	11.55	0.4892597695390782	0.4892597695390782	11.28	0.0	282.0	288.61	933.22	-381.25	0	1
PROTOTYPE	023273	04/16/18	03:27:10	0.4892597695390782	0.4892597695390782	11.27	0.0	3.424818386773547	3.3846990856713433	64.13	9.82	0.4892597695390782	0.4892597695390782	11.27	0.0	298.0	290.02	932.68	-99.06	0	1
PROTOTYPE	023274	04/16/18	03:27:11	0.4892597695390782	0.4892597695390782	11.28	0.0	3.424818386773547	3.3905702029058116	62.69	8.34	0.4892597695390782	0.4892597695390782	11.28	0.0	297.0	291.07	917.23	125.8	0	1
PROTOTYPE	023275	04/16/18	03:27:12	0.4892597695390782	0.4892597695390782	11.26	0.0	3.424818386773547	3.395462800601203	61.47	7.09	0.4892597695390782	0.4892597695390782	11.26	0.0	289.0	290.76	750.39	-103.07	0	1
PROTOTYPE	023276	04/16/18	03:27:14	0.4892597695390782	0.4892597695390782	11.28	0.0	3.3269664328657313	3.3856776052104207	62.52	6.03	0.4892597695390782	0.4892597695390782	11.28	0.0	284.0	289.74	749.93	-102.61	0	1
PROTOTYPE	023277	04/16/18	03:27:15	0.4892597695390782	0.4892597695390782	11.33	0.0	3.424818386773547	3.3915487224448895	60.55	20.12	0.4892597695390782	0.4892597695390782	11.33	0.0	292.0	290.08	780.09	-72.22	0	1
PROTOTYPE	023278	04/16/18	03:27:17	0.4892597695390782	0.4892597695390782	11.3	0.0	3.424818386773547	3.3964413201402803	57.6	17.11	0.4892597695390782	0.4892597695390782	11.3	0.0	294.0	290.67	661.81	163.61	0	1
PROTOTYPE	023279	04/16/18	03:27:18	0.4892597695390782	0.4892597695390782	11.32	0.0	3.3269664328657313	3.3856776052104207	61.26	-0.46	0.4892597695390782	0.4892597695390782	11.32	0.0	295.0	291.32	652.27	154.07	0	1
PROTOTYPE	023280	04/16/18	03:27:19	0.4892597695390782	0.4892597695390782	11.32	0.0	3.3269664328657313	3.376870929358717	61.19	-0.39	0.4892597695390782	0.4892597695390782	11.32	0.0	280.0	289.62	705.38	100.96	0	1
PROTOTYPE	023281	04/16/18	03:27:21	0.4892597695390782	0.4892597695390782	11.31	0.0	3.424818386773547	3.3846990856713433	61.25	-0.33	0.4892597695390782	0.4892597695390782	11.31	0.0	296.0	290.58	660.24	55.82	0	1
PROTOTYPE	023282	04/16/18	03:27:22	0.4892597695390782	0.4892597695390782	11.32	0.0	3.424818386773547	3.3905702029058116	61.3	-0.28	0.4892597695390782	0.4892597695390782	11.32	0.0	282.0	289.29	684.2	-177.56	0	1
PROTOTYPE	023283	04/16/18	03:27:24	0.4892597695390782	0.4892597695390782	11.32	0.0	3.424818386773547	3.395462800601203	61.34	-0.24	0.4892597695390782	0.4892597695390782	11.32	0.0	288.0	289.1	672.59	-165.92	0	1
PROTOTYPE	023284	04/16/18	03:27:25	0.4892597695390782	0.4892597695390782	11.3	0.0	3.424818386773547	3.4003553982965933	55.41	14.8	0.4892597695390782	0.4892597695390782	11.3	0.0	290.0	289.23	584.83	-51.03	0	1
PROTOTYPE	023285	04/16/18	03:27:26	0.4892597695390782	0.4892597695390782	11.25	0.0	3.424818386773547	3.403290956913828	53.26	12.58	0.4892597695390782	0.4892597695390782	11.25	0.0	295.0	290.1	637.47	1.62	0	1
PROTOTYPE	023286	04/16/18	03:27:28	0.4892597695390782	0.4892597695390782	11.25	0.0	3.424818386773547	3.4072050350701404	51.48	10.69	0.4892597695390782	0.4892597695390782	11.25	0.0	275.0	287.83	805.15	-283.62	0	1
PROTOTYPE	023287	04/16/18	03:27:29	0.4892597695390782	0.4892597695390782	11.24	0.0	3.424818386773547	3.409162074148297	43.84	24.09	0.4892597695390782	0.4892597695390782	11.24	0.0	282.0	286.96	827.69	-436.08	0	1
PROTOTYPE	023288	04/16/18	03:27:31	0.4892597695390782	0.4892597695390782	11.23	0.0	3.424818386773547	3.412097632765531	37.43	35.47	0.4892597695390782	0.4892597695390782	11.23	0.0	292.0	287.71	733.54	-190.67	0	1
PROTOTYPE	023289	04/16/18	03:27:32	0.4892597695390782	0.4892597695390782	11.24	0.0	3.424818386773547	3.4140546718436875	32.42	30.15	0.4892597695390782	0.4892597695390782	11.24	0.0	292.0	288.36	702.14	-222.07	0	1
PROTOTYPE	023290	04/16/18	03:27:33	0.4892597695390782	0.4892597695390782	11.23	0.0	3.424818386773547	3.4150331913827654	28.25	25.63	0.4892597695390782	0.4892597695390782	11.23	0.0	289.0	288.45	583.21	-83.76	0	1
PROTOTYPE	023291	04/16/18	03:27:35	0.4892597695390782	0.4892597695390782	11.26	0.0	3.424818386773547	3.416990230460922	24.81	21.79	0.4892597695390782	0.4892597695390782	11.26	0.0	289.0	288.54	572.1	-56.19	0	1
PROTOTYPE	023292	04/16/18	03:27:36	0.4892597695390782	0.4892597695390782	11.27	0.0	3.424818386773547	3.41796875	21.97	18.52	0.4892597695390782	0.4892597695390782	11.27	0.0	280.0	287.26	686.54	-197.76	0	1
PROTOTYPE	023293	04/16/18	03:27:38	0.4892597695390782	0.4892597695390782	11.28	0.0	3.424818386773547	3.4189472695390783	19.65	15.74	0.4892597695390782	0.4892597695390782	11.28	0.0	287.0	287.22	604.1	-288.1	0	1
PROTOTYPE	023294	04/16/18	03:27:39	0.4892597695390782	0.4892597695390782	11.29	0.0	3.424818386773547	3.4199257890781567	17.78	13.38	0.4892597695390782	0.4892597695390782	11.29	0.0	293.0	288.08	464.38	25.12	0	1
PROTOTYPE	023295	04/16/18	03:27:41	0.4892597695390782	0.4892597695390782	11.28	0.0	3.424818386773547	3.4209043086172346	16.28	11.37	0.4892597695390782	0.4892597695390782	11.28	0.0	283.0	287.32	453.15	36.35	0	1
PROTOTYPE	023296	04/16/18	03:27:42	0.4892597695390782	0.4892597695390782	11.28	0.0	3.424818386773547	3.4209043086172346	15.09	9.67	0.4892597695390782	0.4892597695390782	11.28	0.0	298.0	288.92	537.69	120.9	0	1
PROTOTYPE	023297	04/16/18	03:27:43	0.4892597695390782	0.4892597695390782	11.29	0.0	3.424818386773547	3.4218828281563125	14.16	8.22	0.4892597695390782	0.4892597695390782	11.29	0.0	278.0	287.29	637.26	-107.24	0	1
PROTOTYPE	023298	04/16/18	03:27:45	0.4892597695390782	0.4892597695390782	11.29	0.0	3.424818386773547	3.4218828281563125	13.44	6.98	0.4892597695390782	0.4892597695390782	11.29	0.0	295.0	288.44	743.25	-1.15	0	1
PROTOTYPE	023299	04/16/18	03:27:46	0.4892597695390782	0.4892597695390782	11.26	0.0	3.3269664328657313	3.4081835546092183	26.09	-9.06	0.4892597695390782	0.4892597695390782	11.26	0.0	288.0	288.38	741.71	-15.98	0	1
PROTOTYPE	023300	04/16/18	03:27:48	0.4892597695390782	0.4892597695390782	11.26	0.0	3.3269664328657313	3.395462800601203	36.72	-22.7	0.4892597695390782	0.4892597695390782	11.26	0.0	293.0	289.07	683.04	181.42	0	1
PROTOTYPE	023301	04/16/18	03:27:49	0.4892597695390782	0.4892597695390782	11.26	0.0	3.424818386773547	3.4003553982965933	39.63	-19.3	0.4892597695390782	0.4892597695390782	11.26	0.0	291.0	289.36	707.95	214.2	0	1
PROTOTYPE	023302	04/16/18	03:27:50	0.4892597695390782	0.4892597695390782	11.26	0.0	3.424818386773547	3.404269476452906	42.0	-16.4	0.4892597695390782	0.4892597695390782	11.26	0.0	285.0	288.71	686.6	62.07	0	1
PROTOTYPE	023303	04/16/18	03:27:52	0.4892597695390782	0.4892597695390782	11.26	0.0	3.424818386773547	3.4072050350701404	43.92	-13.94	0.4892597695390782	0.4892597695390782	11.26	0.0	287.0	288.45	635.94	112.76	0	1
PROTOTYPE	023304	04/16/18	03:27:53	0.4892597695390782	0.4892597695390782	11.25	0.0	3.424818386773547	3.410140593687375	45.44	-11.85	0.4892597695390782	0.4892597695390782	11.25	0.0	302.0	290.48	679.02	155.85	0	1
PROTOTYPE	023305	04/16/18	03:27:55	0.4892597695390782	0.4892597695390782	11.25	0.0	3.3269664328657313	3.3974198396793587	56.68	-25.07	0.4892597695390782	0.4892597695390782	11.25	0.0	297.0	291.46	612.94	417.47	0	1
PROTOTYPE	023306	04/16/18	03:27:56	0.4892597695390782	0.4892597695390782	11.24	0.0	3.3269664328657313	3.386656124749499	66.07	-36.31	0.4892597695390782	0.4892597695390782	11.24	0.0	295.0	291.99	550.33	354.85	0	1
PROTOTYPE	023307	04/16/18	03:27:57	0.4892597695390782	0.4892597695390782	11.27	0.0	3.424818386773547	3.3925272419839683	57.4	-15.87	0.4892597695390782	0.4892597695390782	11.27	0.0	294.0	292.29	573.72	391.62	0	1
PROTOTYPE	023308	04/16/18	03:27:59	0.4892597695390782	0.4892597695390782	11.26	0.0	3.424818386773547	3.3974198396793587	50.06	1.51	0.4892597695390782	0.4892597695390782	11.26	0.0	292.0	292.25	508.95	317.88	0	1
PROTOTYPE	023309	04/16/18	03:28:00	0.4892597695390782	0.4892597695390782	11.26	0.0	3.424818386773547	3.401333917835671	49.85	1.29	0.4892597695390782	0.4892597695390782	11.26	0.0	295.0	292.66	521.26	330.2	0	1
PROTOTYPE	023310	04/16/18	03:28:02	0.4892597695390782	0.4892597695390782	11.27	0.0	3.3269664328657313	3.3905702029058116	57.32	-13.91	0.4892597695390782	0.4892597695390782	11.27	0.0	282.0	291.06	615.78	235.67	0	1
PROTOTYPE	023311	04/16/18	03:28:03	0.4892597695390782	0.4892597695390782	11.27	0.0	3.3269664328657313	3.38078500751503	63.61	-26.82	0.4892597695390782	0.4892597695390782	11.27	0.0	286.0	290.3	666.1	185.32	0	1
PROTOTYPE	023312	04/16/18	03:28:04	0.4892597695390782	0.4892597695390782	11.27	0.0	3.424818386773547	3.387634644288577	67.44	-22.8	0.4892597695390782	0.4892597695390782	11.27	0.0	292.0	290.56	488.34	7.52	0	1
PROTOTYPE	023313	04/16/18	03:28:06	0.4892597695390782	0.4892597695390782	11.26	0.0	3.424818386773547	3.3925272419839683	60.59	-4.38	0.4892597695390782	0.4892597695390782	11.26	0.0	280.0	288.97	548.92	-248.61	0	1
PROTOTYPE	023314	04/16/18	03:28:07	0.4892597695390782	0.4892597695390782	11.26	0.0	3.424818386773547	3.3974198396793587	54.8	11.28	0.4892597695390782	0.4892597695390782	11.26	0.0	290.0	289.13	511.26	-286.32	0	1
PROTOTYPE	023315	04/16/18	03:28:09	0.4892597695390782	0.4892597695390782	11.23	0.0	3.424818386773547	3.401333917835671	53.17	9.59	0.4892597695390782	0.4892597695390782	11.23	0.0	290.0	289.26	494.25	-303.37	0	1
PROTOTYPE	023316	04/16/18	03:28:10	0.4892597695390782	0.4892597695390782	11.24	0.0	3.3269664328657313	3.3905702029058116	59.57	-6.85	0.4892597695390782	0.4892597695390782	11.24	0.0	288.0	289.07	508.58	-317.86	0	1
PROTOTYPE	023317	04/16/18	03:28:12	0.4892597695390782	0.4892597695390782	11.26	0.0	3.424818386773547	3.395462800601203	60.56	-5.82	0.4892597695390782	0.4892597695390782	11.26	0.0	281.0	287.86	588.33	-480.18	0	1
PROTOTYPE	023318	04/16/18	03:28:13	0.4892597695390782	0.4892597695390782	11.24	0.0	3.424818386773547	3.4003553982965933	53.73	10.05	0.4892597695390782	0.4892597695390782	11.24	0.0	294.0	288.78	520.53	-228.16	0	1
PROTOTYPE	023319	04/16/18	03:28:14	0.4892597695390782	0.4892597695390782	11.25	0.0	3.424818386773547	3.404269476452906	47.98	23.54	0.4892597695390782	0.4892597695390782	11.25	0.0	287.0	288.51	471.33	-178.93	0	1
PROTOTYPE	023320	04/16/18	03:28:16	0.4892597695390782	0.4892597695390782	11.27	0.0	3.3269664328657313	3.3925272419839683	52.94	5.01	0.4892597695390782	0.4892597695390782	11.27	0.0	286.0	288.14	483.56	-242.09	0	1
PROTOTYPE	023321	04/16/18	03:28:17	0.4892597695390782	0.4892597695390782	11.27	0.0	3.424818386773547	3.3974198396793587	52.22	4.26	0.4892597695390782	0.4892597695390782	11.27	0.0	285.0	287.67	372.26	-130.78	0	1
PROTOTYPE	023322	04/16/18	03:28:19	0.4892597695390782	0.4892597695390782	11.28	0.0	3.424818386773547	3.401333917835671	51.61	3.62	0.4892597695390782	0.4892597695390782	11.28	0.0	292.0	288.32	421.83	-81.16	0	1
PROTOTYPE	023323	04/16/18	03:28:20	0.4892597695390782	0.4892597695390782	11.28	0.0	3.424818386773547	3.4052479959919837	51.1	3.08	0.4892597695390782	0.4892597695390782	11.28	0.0	290.0	288.57	433.97	-68.99	0	1
PROTOTYPE	023324	04/16/18	03:28:21	0.4892597695390782	0.4892597695390782	11.27	0.0	3.3269664328657313	3.393505761523046	51.55	2.62	0.4892597695390782	0.4892597695390782	11.27	0.0	287.0	288.33	438.61	-73.64	0	1
PROTOTYPE	023325	04/16/18	03:28:23	0.4892597695390782	0.4892597695390782	11.26	0.0	3.3269664328657313	3.382742046593186	56.36	-12.78	0.4892597695390782	0.4892597695390782	11.26	0.0	297.0	289.63	447.56	177.41	0	1
PROTOTYPE	023326	04/16/18	03:28:24	0.4892597695390782	0.4892597695390782	11.26	0.0	3.424818386773547	3.3895916833667337	58.22	-10.86	0.4892597695390782	0.4892597695390782	11.26	0.0	289.0	289.54	365.04	75.8	0	1
PROTOTYPE	023327	04/16/18	03:28:26	0.4892597695390782	0.4892597695390782	11.27	0.0	3.424818386773547	3.394484281062124	59.77	-9.23	0.4892597695390782	0.4892597695390782	11.27	0.0	286.0	289.01	391.39	49.43	0	1
PROTOTYPE	023328	04/16/18	03:28:27	0.4892597695390782	0.4892597695390782	11.24	0.0	3.424818386773547	3.399376878757515	52.72	7.15	0.4892597695390782	0.4892597695390782	11.24	0.0	289.0	289.01	355.06	87.01	0	1
PROTOTYPE	023329	04/16/18	03:28:28	0.4892597695390782	0.4892597695390782	11.25	0.0	3.424818386773547	3.403290956913828	51.7	6.08	0.4892597695390782	0.4892597695390782	11.25	0.0	288.0	288.86	323.16	118.96	0	1
PROTOTYPE	023330	04/16/18	03:28:30	0.4892597695390782	0.4892597695390782	11.24	0.0	3.424818386773547	3.4062265155310625	50.85	5.17	0.4892597695390782	0.4892597695390782	11.24	0.0	294.0	289.63	335.31	131.12	0	1
PROTOTYPE	023331	04/16/18	03:28:31	0.4892597695390782	0.4892597695390782	11.26	0.0	3.424818386773547	3.409162074148297	50.14	4.39	0.4892597695390782	0.4892597695390782	11.26	0.0	288.0	289.38	334.46	81.45	0	1
PROTOTYPE	023332	04/16/18	03:28:33	0.4892597695390782	0.4892597695390782	11.27	0.0	3.424818386773547	3.411119113226453	40.91	18.73	0.4892597695390782	0.4892597695390782	11.27	0.0	286.0	288.88	361.66	54.23	0	1
PROTOTYPE	023333	04/16/18	03:28:34	0.4892597695390782	0.4892597695390782	11.26	0.0	3.424818386773547	3.4130761523046096	33.15	30.92	0.4892597695390782	0.4892597695390782	11.26	0.0	290.0	289.04	248.57	-58.9	0	1
PROTOTYPE	023334	04/16/18	03:28:35	0.4892597695390782	0.4892597695390782	11.29	0.0	3.424818386773547	3.4150331913827654	28.87	26.29	0.4892597695390782	0.4892597695390782	11.29	0.0	295.0	289.94	328.32	39.93	0	1
PROTOTYPE	023335	04/16/18	03:28:37	0.4892597695390782	0.4892597695390782	11.26	0.0	3.3269664328657313	3.4023124373747495	36.86	7.34	0.4892597695390782	0.4892597695390782	11.26	0.0	283.0	288.9	379.3	-11.06	0	1
PROTOTYPE	023336	04/16/18	03:28:38	0.4892597695390782	0.4892597695390782	11.26	0.0	3.424818386773547	3.4052479959919837	35.82	6.24	0.4892597695390782	0.4892597695390782	11.26	0.0	294.0	289.66	454.46	65.6	0	1
PROTOTYPE	023337	04/16/18	03:28:40	0.4892597695390782	0.4892597695390782	11.27	0.0	3.424818386773547	3.4081835546092183	34.96	5.31	0.4892597695390782	0.4892597695390782	11.27	0.0	301.0	291.36	609.37	250.76	0	1
PROTOTYPE	023338	04/16/18	03:28:41	0.4892597695390782	0.4892597695390782	11.26	0.0	3.3269664328657313	3.3964413201402803	43.89	-10.49	0.4892597695390782	0.4892597695390782	11.26	0.0	291.0	291.31	537.81	168.15	0	1
PROTOTYPE	023339	04/16/18	03:28:42	0.4892597695390782	0.4892597695390782	11.25	0.0	3.424818386773547	3.4003553982965933	45.35	-8.92	0.4892597695390782	0.4892597695390782	11.25	0.0	296.0	292.01	583.74	262.92	0	1
PROTOTYPE	023340	04/16/18	03:28:44	0.4892597695390782	0.4892597695390782	11.26	0.0	3.424818386773547	3.404269476452906	46.57	-7.58	0.4892597695390782	0.4892597695390782	11.26	0.0	284.0	290.81	653.17	193.49	0	1
PROTOTYPE	023341	04/16/18	03:28:45	0.4892597695390782	0.4892597695390782	11.26	0.0	3.424818386773547	3.4072050350701404	47.56	-6.44	0.4892597695390782	0.4892597695390782	11.26	0.0	282.0	289.49	768.41	44.46	0	1
PROTOTYPE	023342	04/16/18	03:28:47	0.4892597695390782	0.4892597695390782	11.24	0.0	3.424818386773547	3.410140593687375	48.36	-5.48	0.4892597695390782	0.4892597695390782	11.24	0.0	282.0	288.37	791.41	-157.21	0	1
PROTOTYPE	023343	04/16/18	03:28:48	0.4892597695390782	0.4892597695390782	11.25	0.0	3.424818386773547	3.412097632765531	37.46	10.35	0.4892597695390782	0.4892597695390782	11.25	0.0	286.0	288.01	722.84	-88.63	0	1
PROTOTYPE	023344	04/16/18	03:28:50	0.4892597695390782	0.4892597695390782	11.26	0.0	3.424818386773547	3.4140546718436875	36.09	8.79	0.4892597695390782	0.4892597695390782	11.26	0.0	283.0	287.26	721.46	-240.33	0	1
PROTOTYPE	023345	04/16/18	03:28:51	0.4892597695390782	0.4892597695390782	11.23	0.0	3.424818386773547	3.4160117109218437	34.96	7.47	0.4892597695390782	0.4892597695390782	11.23	0.0	280.0	286.17	660.29	-519.28	0	1
PROTOTYPE	023346	04/16/18	03:28:52	0.4892597695390782	0.4892597695390782	11.25	0.0	3.424818386773547	3.416990230460922	24.41	21.35	0.4892597695390782	0.4892597695390782	11.25	0.0	280.0	285.24	747.23	-606.39	0	1
PROTOTYPE	023347	04/16/18	03:28:54	0.4892597695390782	0.4892597695390782	11.26	0.0	3.424818386773547	3.41796875	21.65	18.15	0.4892597695390782	0.4892597695390782	11.26	0.0	300.0	287.46	898.18	-455.43	0	1
PROTOTYPE	023348	04/16/18	03:28:55	0.4892597695390782	0.4892597695390782	11.24	0.0	3.424818386773547	3.4189472695390783	19.38	15.43	0.4892597695390782	0.4892597695390782	11.24	0.0	295.0	288.59	891.12	-222.12	0	1
PROTOTYPE	023349	04/16/18	03:28:57	0.4892597695390782	0.4892597695390782	11.23	0.0	3.424818386773547	3.4199257890781567	17.54	13.11	0.4892597695390782	0.4892597695390782	11.23	0.0	295.0	289.55	855.13	6.2	0	1
PROTOTYPE	023350	04/16/18	03:28:58	0.4892597695390782	0.4892597695390782	11.21	0.0	3.424818386773547	3.4209043086172346	16.06	11.15	0.4892597695390782	0.4892597695390782	11.21	0.0	292.0	289.92	779.55	155.27	0	1
PROTOTYPE	023351	04/16/18	03:28:59	0.4892597695390782	0.4892597695390782	11.21	0.0	3.424818386773547	3.4209043086172346	14.91	9.47	0.4892597695390782	0.4892597695390782	11.21	0.0	292.0	290.23	775.3	221.98	0	1
PROTOTYPE	023352	04/16/18	03:29:01	0.4892597695390782	0.4892597695390782	11.2	0.0	3.424818386773547	3.4218828281563125	13.99	8.05	0.4892597695390782	0.4892597695390782	11.2	0.0	289.0	290.05	718.63	278.68	0	1
PROTOTYPE	023353	04/16/18	03:29:02	0.4892597695390782	0.4892597695390782	11.2	0.0	3.424818386773547	3.4218828281563125	13.29	6.85	0.4892597695390782	0.4892597695390782	11.2	0.0	292.0	290.34	639.08	416.88	0	1
PROTOTYPE	023354	04/16/18	03:29:04	0.4892597695390782	0.4892597695390782	11.18	0.0	3.424818386773547	3.4228613476953904	12.74	5.82	0.4892597695390782	0.4892597695390782	11.18	0.0	293.0	290.74	586.46	549.35	0	1
PROTOTYPE	023355	04/16/18	03:29:05	0.4892597695390782	0.4892597695390782	11.15	0.0	3.424818386773547	3.4228613476953904	12.3	4.95	0.4892597695390782	0.4892597695390782	11.15	0.0	291.0	290.78	369.29	331.95	0	1
PROTOTYPE	023356	04/16/18	03:29:06	0.4892597695390782	0.4892597695390782	11.15	0.0	3.424818386773547	3.4228613476953904	12.0	4.2	0.4892597695390782	0.4892597695390782	11.15	0.0	287.0	290.21	312.83	162.15	0	1
PROTOTYPE	023357	04/16/18	03:29:08	0.4892597695390782	0.4892597695390782	11.19	0.0	3.424818386773547	3.423839867234469	11.81	3.57	0.4892597695390782	0.4892597695390782	11.19	0.0	281.0	288.83	354.83	-72.17	0	1
PROTOTYPE	023358	04/16/18	03:29:09	0.4892597695390782	0.4892597695390782	11.2	0.0	3.424818386773547	3.423839867234469	11.65	3.04	0.4892597695390782	0.4892597695390782	11.2	0.0	297.0	290.05	440.63	13.66	0	1
PROTOTYPE	023359	04/16/18	03:29:11	0.4892597695390782	0.4892597695390782	11.2	0.0	3.424818386773547	3.423839867234469	11.53	2.58	0.4892597695390782	0.4892597695390782	11.2	0.0	288.0	289.75	440.23	-48.39	0	1
PROTOTYPE	023360	04/16/18	03:29:12	0.4892597695390782	0.4892597695390782	11.22	0.0	3.424818386773547	3.423839867234469	11.46	2.19	0.4892597695390782	0.4892597695390782	11.22	0.0	295.0	290.53	500.54	48.87	0	1
PROTOTYPE	023361	04/16/18	03:29:13	0.4892597695390782	0.4892597695390782	11.23	0.0	3.424818386773547	3.423839867234469	11.4	1.87	0.4892597695390782	0.4892597695390782	11.23	0.0	290.0	290.45	479.33	11.54	0	1
PROTOTYPE	023362	04/16/18	03:29:15	0.4892597695390782	0.4892597695390782	11.24	0.0	3.424818386773547	3.423839867234469	11.36	1.59	0.4892597695390782	0.4892597695390782	11.24	0.0	286.0	289.79	506.23	-95.19	0	1
PROTOTYPE	023363	04/16/18	03:29:16	0.4892597695390782	0.4892597695390782	11.24	0.0	3.3269664328657313	3.409162074148297	24.91	-13.65	0.4892597695390782	0.4892597695390782	11.24	0.0	296.0	290.72	595.28	-5.91	0	1
PROTOTYPE	023364	04/16/18	03:29:18	0.4892597695390782	0.4892597695390782	11.24	0.0	3.424818386773547	3.412097632765531	26.2	-11.6	0.4892597695390782	0.4892597695390782	11.24	0.0	294.0	291.21	587.84	99.97	0	1
PROTOTYPE	023365	04/16/18	03:29:19	0.4892597695390782	0.4892597695390782	11.21	0.0	3.424818386773547	3.4140546718436875	27.17	-9.86	0.4892597695390782	0.4892597695390782	11.21	0.0	302.0	292.83	611.52	399.98	0	1
PROTOTYPE	023366	04/16/18	03:29:20	0.4892597695390782	0.4892597695390782	11.23	0.0	3.424818386773547	3.4150331913827654	27.96	-8.38	0.4892597695390782	0.4892597695390782	11.23	0.0	280.0	290.9	681.39	84.98	0	1
