Dev_id	Index	Date	Time	Sensor1	Sensor1_Filter	Sensor1_LL	Sensor1_Diff	Sensor2	Sensor2_Filter	Sensor2_LL	Sensor2_Diff	Sensor3	Sensor3_Filter	Sensor3_LL	Sensor3_Diff	Sensor4	Sensor4_Filter	Sensor4_LL	Sensor4_Diff	Heater_Status	FSM_Status
PROTOTYPE	035967	04/16/18	08:25:43	0.4892597695390782	0.4892597695390782	11.29	0.0	3.522670340681363	3.522670340681363	11.29	0.0	0.4892597695390782	0.4892597695390782	11.29	0.0	291.0	292.21	485.83	153.56	0	1
PROTOTYPE	035968	04/16/18	08:25:45	0.4892597695390782	0.4892597695390782	11.29	0.0	3.522670340681363	3.522670340681363	11.29	0.0	0.4892597695390782	0.4892597695390782	11.29	0.0	291.0	292.03	409.28	40.52	0	1
PROTOTYPE	035969	04/16/18	08:25:46	0.4892597695390782	0.4892597695390782	11.28	0.0	3.522670340681363	3.522670340681363	11.28	0.0	0.4892597695390782	0.4892597695390782	11.28	0.0	289.0	291.58	400.36	49.45	0	1
PROTOTYPE	035970	04/16/18	08:25:48	0.4892597695390782	0.4892597695390782	11.29	0.0	3.522670340681363	3.522670340681363	11.29	0.0	0.4892597695390782	0.4892597695390782	11.29	0.0	297.0	292.39	317.95	-32.97	0	1
PROTOTYPE	035971	04/16/18	08:25:49	0.4892597695390782	0.4892597695390782	11.29	0.0	3.522670340681363	3.522670340681363	11.29	0.0	0.4892597695390782	0.4892597695390782	11.29	0.0	287.0	291.58	349.61	-163.03	0	1
PROTOTYPE	035972	04/16/18	08:25:50	0.4892597695390782	0.4892597695390782	11.28	0.0	3.522670340681363	3.522670340681363	11.28	0.0	0.4892597695390782	0.4892597695390782	11.28	0.0	286.0	290.74	421.46	-258.57	0	1
PROTOTYPE	035973	04/16/18	08:25:52	0.4892597695390782	0.4892597695390782	11.28	0.0	3.522670340681363	3.522670340681363	11.28	0.0	0.4892597695390782	0.4892597695390782	11.28	0.0	285.0	289.88	442.67	-279.79	0	1
PROTOTYPE	035974	04/16/18	08:25:53	0.4892597695390782	0.4892597695390782	11.28	0.0	3.522670340681363	3.522670340681363	11.28	0.0	0.4892597695390782	0.4892597695390782	11.28	0.0	282.0	288.7	535.67	-372.82	0	1
PROTOTYPE	035975	04/16/18	08:25:55	0.4892597695390782	0.4892597695390782	11.29	0.0	3.522670340681363	3.522670340681363	11.29	0.0	0.4892597695390782	0.4892597695390782	11.29	0.0	282.0	287.7	614.71	-451.9	0	1
PROTOTYPE	035976	04/16/18	08:25:56	0.4892597695390782	0.4892597695390782	11.3	0.0	3.522670340681363	3.522670340681363	11.3	0.0	0.4892597695390782	0.4892597695390782	11.3	0.0	298.0	289.24	751.01	-279.11	0	1
PROTOTYPE	035977	04/16/18	08:25:57	0.4892597695390782	0.4892597695390782	11.3	0.0	3.522670340681363	3.522670340681363	11.3	0.0	0.4892597695390782	0.4892597695390782	11.3	0.0	297.0	290.41	821.89	-117.24	0	1
PROTOTYPE	035978	04/16/18	08:25:59	0.4892597695390782	0.4892597695390782	11.28	0.0	3.522670340681363	3.522670340681363	11.28	0.0	0.4892597695390782	0.4892597695390782	11.28	0.0	299.0	291.69	869.48	-69.66	0	1
PROTOTYPE	035979	04/16/18	08:26:00	0.4892597695390782	0.4892597695390782	11.28	0.0	3.522670340681363	3.522670340681363	11.28	0.0	0.4892597695390782	0.4892597695390782	11.28	0.0	285.0	290.69	889.03	-89.21	0	1
PROTOTYPE	035980	04/16/18	08:26:02	0.4892597695390782	0.4892597695390782	11.3	0.0	3.522670340681363	3.522670340681363	11.3	0.0	0.4892597695390782	0.4892597695390782	11.3	0.0	306.0	292.99	1034.93	224.17	0	1
PROTOTYPE	035981	04/16/18	08:26:03	0.4892597695390782	0.4892597695390782	11.29	0.0	3.522670340681363	3.522670340681363	11.29	0.0	0.4892597695390782	0.4892597695390782	11.29	0.0	293.0	292.99	950.16	310.55	0	1
PROTOTYPE	035982	04/16/18	08:26:05	0.4892597695390782	0.4892597695390782	11.29	0.0	3.522670340681363	3.522670340681363	11.29	0.0	0.4892597695390782	0.4892597695390782	11.29	0.0	304.0	294.64	997.08	593.96	0	1
PROTOTYPE	035983	04/16/18	08:26:06	0.4892597695390782	0.4892597695390782	11.27	0.0	3.522670340681363	3.522670340681363	11.27	0.0	0.4892597695390782	0.4892597695390782	11.27	0.0	295.0	294.69	902.14	699.87	0	1
PROTOTYPE	035984	04/16/18	08:26:07	0.4892597695390782	0.4892597695390782	11.26	0.0	3.522670340681363	3.522670340681363	11.26	0.0	0.4892597695390782	0.4892597695390782	11.26	0.0	300.0	295.49	827.16	624.89	0	1
PROTOTYPE	035985	04/16/18	08:26:09	0.4892597695390782	0.4892597695390782	11.27	0.0	3.522670340681363	3.522670340681363	11.27	0.0	0.4892597695390782	0.4892597695390782	11.27	0.0	290.0	294.67	793.14	426.16	0	1
PROTOTYPE	035986	04/16/18	08:26:10	0.4892597695390782	0.4892597695390782	11.27	0.0	3.522670340681363	3.522670340681363	11.27	0.0	0.4892597695390782	0.4892597695390782	11.27	0.0	287.0	293.52	779.21	182.23	0	1
PROTOTYPE	035987	04/16/18	08:26:12	0.4892597695390782	0.4892597695390782	11.29	0.0	3.522670340681363	3.522670340681363	11.29	0.0	0.4892597695390782	0.4892597695390782	11.29	0.0	298.0	294.19	746.06	349.9	0	1
PROTOTYPE	035988	04/16/18	08:26:13	0.4892597695390782	0.4892597695390782	11.29	0.0	3.522670340681363	3.522670340681363	11.29	0.0	0.4892597695390782	0.4892597695390782	11.29	0.0	282.0	292.36	699.25	-62.59	0	1
PROTOTYPE	035989	04/16/18	08:26:14	0.4892597695390782	0.4892597695390782	11.3	0.0	3.522670340681363	3.522670340681363	11.3	0.0	0.4892597695390782	0.4892597695390782	11.3	0.0	292.0	292.31	703.42	-68.2	0	1
PROTOTYPE	035990	04/16/18	08:26:16	0.4892597695390782	0.4892597695390782	11.29	0.0	3.522670340681363	3.522670340681363	11.29	0.0	0.4892597695390782	0.4892597695390782	11.29	0.0	295.0	292.71	578.67	-192.97	0	1
PROTOTYPE	035991	04/16/18	08:26:17	0.4892597695390782	0.4892597695390782	11.29	0.0	3.522670340681363	3.522670340681363	11.29	0.0	0.4892597695390782	0.4892597695390782	11.29	0.0	283.0	291.25	718.76	-344.02	0	1
PROTOTYPE	035992	04/16/18	08:26:19	0.4892597695390782	0.4892597695390782	11.29	0.0	3.522670340681363	3.522670340681363	11.29	0.0	0.4892597695390782	0.4892597695390782	11.29	0.0	283.0	290.02	762.98	-547.42	0	1
PROTOTYPE	035993	04/16/18	08:26:20	0.4892597695390782	0.4892597695390782	11.27	0.0	3.522670340681363	3.522670340681363	11.27	0.0	0.4892597695390782	0.4892597695390782	11.27	0.0	298.0	291.21	800.39	-345.31	0	1
PROTOTYPE	035994	04/16/18	08:26:21	0.4892597695390782	0.4892597695390782	11.28	0.0	3.522670340681363	3.522670340681363	11.28	0.0	0.4892597695390782	0.4892597695390782	11.28	0.0	285.0	290.28	778.59	-323.51	0	1
PROTOTYPE	035995	04/16/18	08:26:23	0.4892597695390782	0.4892597695390782	11.26	0.0	3.522670340681363	3.522670340681363	11.26	0.0	0.4892597695390782	0.4892597695390782	11.26	0.0	281.0	288.89	850.56	-529.98	0	1
PROTOTYPE	035996	04/16/18	08:26:24	0.4892597695390782	0.4892597695390782	11.25	0.0	3.522670340681363	3.522670340681363	11.25	0.0	0.4892597695390782	0.4892597695390782	11.25	0.0	297.0	290.11	789.38	-225.49	0	1
PROTOTYPE	035997	04/16/18	08:26:26	0.4892597695390782	0.4892597695390782	11.26	0.0	3.522670340681363	3.522670340681363	11.26	0.0	0.4892597695390782	0.4892597695390782	11.26	0.0	297.0	291.14	887.21	-116.66	0	1
PROTOTYPE	035998	04/16/18	08:26:27	0.4892597695390782	0.4892597695390782	11.26	0.0	3.522670340681363	3.522670340681363	11.26	0.0	0.4892597695390782	0.4892597695390782	11.26	0.0	295.0	291.72	904.71	-99.16	0	1
PROTOTYPE	035999	04/16/18	08:26:28	0.4892597695390782	0.4892597695390782	11.26	0.0	3.522670340681363	3.522670340681363	11.26	0.0	0.4892597695390782	0.4892597695390782	11.26	0.0	295.0	292.21	808.27	95.71	0	1
PROTOTYPE	036000	04/16/18	08:26:30	0.4892597695390782	0.4892597695390782	11.26	0.0	3.522670340681363	3.522670340681363	11.26	0.0	0.4892597695390782	0.4892597695390782	11.26	0.0	285.0	291.13	792.63	111.35	0	1
PROTOTYPE	036001	04/16/18	08:26:31	0.4892597695390782	0.4892597695390782	11.27	0.0	3.522670340681363	3.522670340681363	11.27	0.0	0.4892597695390782	0.4892597695390782	11.27	0.0	288.0	290.66	719.83	-55.35	0	1
PROTOTYPE	036002	04/16/18	08:26:33	0.4892597695390782	0.4892597695390782	11.26	0.0	3.522670340681363	3.522670340681363	11.26	0.0	0.4892597695390782	0.4892597695390782	11.26	0.0	293.0	291.01	661.74	72.95	0	1
PROTOTYPE	036003	04/16/18	08:26:34	0.4892597695390782	0.4892597695390782	11.29	0.0	3.522670340681363	3.522670340681363	11.29	0.0	0.4892597695390782	0.4892597695390782	11.29	0.0	290.0	290.86	537.74	197.01	0	1
PROTOTYPE	036004	04/16/18	08:26:36	0.4892597695390782	0.4892597695390782	11.29	0.0	3.522670340681363	3.522670340681363	11.29	0.0	0.4892597695390782	0.4892597695390782	11.29	0.0	288.0	290.43	458.99	32.46	0	1
PROTOTYPE	036005	04/16/18	08:26:37	0.4892597695390782	0.4892597695390782	11.28	0.0	3.522670340681363	3.522670340681363	11.28	0.0	0.4892597695390782	0.4892597695390782	11.28	0.0	290.0	290.37	362.18	-77.41	0	1
PROTOTYPE	036006	04/16/18	08:26:38	0.4892597695390782	0.4892597695390782	11.29	0.0	3.522670340681363	3.522670340681363	11.29	0.0	0.4892597695390782	0.4892597695390782	11.29	0.0	284.0	289.41	399.76	-230.8	0	1
PROTOTYPE	036007	04/16/18	08:26:40	0.4892597695390782	0.4892597695390782	11.3	0.0	3.522670340681363	3.522670340681363	11.3	0.0	0.4892597695390782	0.4892597695390782	11.3	0.0	284.0	288.6	431.7	-361.18	0	1
PROTOTYPE	036008	04/16/18	08:26:41	0.4892597695390782	0.4892597695390782	11.31	0.0	3.522670340681363	3.522670340681363	11.31	0.0	0.4892597695390782	0.4892597695390782	11.31	0.0	292.0	289.11	374.55	-202.0	0	1
PROTOTYPE	036009	04/16/18	08:26:43	0.4892597695390782	0.4892597695390782	11.3	0.0	3.522670340681363	3.522670340681363	11.3	0.0	0.4892597695390782	0.4892597695390782	11.3	0.0	295.0	289.99	415.96	-66.7	0	1
PROTOTYPE	036010	04/16/18	08:26:44	0.4892597695390782	0.4892597695390782	11.31	0.0	3.522670340681363	3.522670340681363	11.31	0.0	0.4892597695390782	0.4892597695390782	11.31	0.0	287.0	289.54	425.75	-146.7	0	1
PROTOTYPE	036011	04/16/18	08:26:45	0.4892597695390782	0.4892597695390782	11.28	0.0	3.522670340681363	3.522670340681363	11.28	0.0	0.4892597695390782	0.4892597695390782	11.28	0.0	281.0	288.26	538.69	-259.69	0	1
PROTOTYPE	036012	04/16/18	08:26:47	0.4892597695390782	0.4892597695390782	11.28	0.0	3.522670340681363	3.522670340681363	11.28	0.0	0.4892597695390782	0.4892597695390782	11.28	0.0	291.0	288.67	536.86	-175.74	0	1
PROTOTYPE	036013	04/16/18	08:26:48	0.4892597695390782	0.4892597695390782	11.29	0.0	3.522670340681363	3.522670340681363	11.29	-0.0	0.4892597695390782	0.4892597695390782	11.29	0.0	285.0	288.12	585.36	-224.38	0	1
PROTOTYPE	036014	04/16/18	08:26:50	0.4892597695390782	0.4892597695390782	11.28	0.0	3.522670340681363	3.522670340681363	11.28	-0.0	0.4892597695390782	0.4892597695390782	11.28	0.0	290.0	288.4	518.07	-100.72	0	1
PROTOTYPE	036015	04/16/18	08:26:51	0.4892597695390782	0.4892597695390782	11.26	0.0	3.522670340681363	3.522670340681363	11.26	-0.0	0.4892597695390782	0.4892597695390782	11.26	0.0	287.0	288.19	457.99	-40.61	0	1
PROTOTYPE	036016	04/16/18	08:26:52	0.4892597695390782	0.4892597695390782	11.26	0.0	3.522670340681363	3.522670340681363	11.26	-0.0	0.4892597695390782	0.4892597695390782	11.26	0.0	302.0	290.26	614.07	115.48	0	1
PROTOTYPE	036017	04/16/18	08:26:54	0.4892597695390782	0.4892597695390782	11.28	0.0	3.522670340681363	3.522670340681363	11.28	-0.0	0.4892597695390782	0.4892597695390782	11.28	0.0	292.0	290.52	551.78	53.16	0	1
PROTOTYPE	036018	04/16/18	08:26:55	0.4892597695390782	0.4892597695390782	11.27	0.0	3.522670340681363	3.522670340681363	11.27	-0.0	0.4892597695390782	0.4892597695390782	11.27	0.0	288.0	290.15	544.75	60.18	0	1
PROTOTYPE	036019	04/16/18	08:26:57	0.5871117234468938	0.5039375626252506	24.93	15.0	3.522670340681363	3.522670340681363	11.28	-0.0	0.4892597695390782	0.4892597695390782	11.28	0.0	288.0	289.82	448.8	156.16	0	1
PROTOTYPE	036020	04/16/18	08:26:58	0.4892597695390782	0.5019805235470942	26.19	12.75	3.522670340681363	3.522670340681363	11.3	-0.0	0.4892597695390782	0.4892597695390782	11.3	0.0	298.0	291.05	530.37	237.73	0	1
PROTOTYPE	036021	04/16/18	08:27:00	0.4892597695390782	0.5000234844689379	27.14	10.84	3.522670340681363	3.522670340681363	11.29	-0.0	0.4892597695390782	0.4892597695390782	11.29	0.0	299.0	292.24	594.5	412.07	0	1
PROTOTYPE	036022	04/16/18	08:27:01	0.4892597695390782	0.4980664453907815	27.89	9.21	3.522670340681363	3.522670340681363	11.29	-0.0	0.4892597695390782	0.4892597695390782	11.29	0.0	282.0	290.71	719.95	230.26	0	1
PROTOTYPE	036023	04/16/18	08:27:02	0.4892597695390782	0.4970879258517034	28.47	7.83	3.522670340681363	3.522670340681363	11.31	-0.0	0.4892597695390782	0.4892597695390782	11.31	0.0	286.0	290.0	769.46	180.72	0	1
PROTOTYPE	036024	04/16/18	08:27:04	0.4892597695390782	0.49610940631262535	28.9	6.66	3.522670340681363	3.522670340681363	11.31	-0.0	0.4892597695390782	0.4892597695390782	11.31	0.0	284.0	289.1	652.37	-116.39	0	1
PROTOTYPE	036025	04/16/18	08:27:05	0.4892597695390782	0.49513088677354705	29.19	5.66	3.522670340681363	3.522670340681363	11.29	-0.0	0.4892597695390782	0.4892597695390782	11.29	0.0	290.0	289.24	639.86	-128.93	0	1
PROTOTYPE	036026	04/16/18	08:27:07	0.4892597695390782	0.4941523672344689	29.43	4.81	3.522670340681363	3.522670340681363	11.29	-0.0	0.4892597695390782	0.4892597695390782	11.29	0.0	296.0	290.25	703.44	10.41	0	1
PROTOTYPE	036027	04/16/18	08:27:08	0.4892597695390782	0.49317384769539074	15.97	-10.91	3.522670340681363	3.522670340681363	11.31	-0.0	0.4892597695390782	0.4892597695390782	11.31	0.0	290.0	290.21	675.24	38.85	0	1
PROTOTYPE	036028	04/16/18	08:27:09	0.4892597695390782	0.4921953281563127	14.83	-9.28	3.522670340681363	3.522670340681363	11.28	-0.0	0.4892597695390782	0.4892597695390782	11.28	0.0	287.0	289.73	600.8	-131.98	0	1
PROTOTYPE	036029	04/16/18	08:27:11	0.4892597695390782	0.4921953281563127	13.96	-7.88	3.522670340681363	3.522670340681363	11.28	-0.0	0.4892597695390782	0.4892597695390782	11.28	0.0	290.0	289.77	485.83	-247.18	0	1
PROTOTYPE	036030	04/16/18	08:27:12	0.4892597695390782	0.4921953281563127	13.31	-6.7	3.522670340681363	3.522670340681363	11.31	-0.0	0.4892597695390782	0.4892597695390782	11.31	0.0	286.0	289.21	388.76	-150.1	0	1
PROTOTYPE	036031	04/16/18	08:27:14	0.4892597695390782	0.4912168086172345	12.79	-5.7	3.522670340681363	3.522670340681363	11.3	-0.0	0.4892597695390782	0.4892597695390782	11.3	0.0	288.0	289.02	336.29	-97.59	0	1
PROTOTYPE	036032	04/16/18	08:27:15	0.4892597695390782	0.4912168086172345	12.39	-4.84	3.522670340681363	3.522670340681363	11.29	-0.0	0.4892597695390782	0.4892597695390782	11.29	0.0	288.0	288.87	261.7	-22.95	0	1
PROTOTYPE	036033	04/16/18	08:27:16	0.4892597695390782	0.4912168086172345	12.1	-4.12	3.522670340681363	3.522670340681363	11.29	-0.0	0.4892597695390782	0.4892597695390782	11.29	0.0	302.0	290.84	445.08	160.49	0	1
PROTOTYPE	036034	04/16/18	08:27:18	0.4892597695390782	0.49023828907815625	11.89	-3.5	3.522670340681363	3.522670340681363	11.3	-0.0	0.4892597695390782	0.4892597695390782	11.3	0.0	290.0	290.71	356.28	46.42	0	1
PROTOTYPE	036035	04/16/18	08:27:19	0.4892597695390782	0.49023828907815625	11.7	-2.97	3.522670340681363	3.522670340681363	11.27	-0.0	0.4892597695390782	0.4892597695390782	11.27	0.0	289.0	290.46	378.02	24.46	0	1
PROTOTYPE	036036	04/16/18	08:27:21	0.4892597695390782	0.49023828907815625	11.58	-2.53	3.424818386773547	3.5079925475951903	24.93	-15.0	0.39140781563126253	0.4745819764529058	24.93	-15.0	291.0	290.54	338.07	80.79	0	1
PROTOTYPE	036037	04/16/18	08:27:22	0.4892597695390782	0.49023828907815625	11.49	-2.15	3.522670340681363	3.5099495866733466	26.17	-12.75	0.4892597695390782	0.4765390155310621	26.17	-12.75	290.0	290.46	341.99	68.67	0	1
PROTOTYPE	036038	04/16/18	08:27:24	0.4892597695390782	0.49023828907815625	11.4	-1.83	3.522670340681363	3.5119066257515033	27.12	-10.84	0.4892597695390782	0.47849605460921835	27.12	-10.84	288.0	290.09	322.3	88.37	0	1
PROTOTYPE	036039	04/16/18	08:27:25	0.4892597695390782	0.49023828907815625	11.37	-1.55	3.522670340681363	3.513863664829659	27.87	-9.21	0.4892597695390782	0.48045309368737477	27.87	-9.21	294.0	290.68	362.84	165.11	0	1
PROTOTYPE	036040	04/16/18	08:27:26	0.4892597695390782	0.4892597695390782	11.34	-1.32	3.522670340681363	3.514842184368738	28.43	-7.83	0.4892597695390782	0.48143161322645295	28.43	-7.83	292.0	290.87	367.33	200.35	0	1
PROTOTYPE	036041	04/16/18	08:27:28	0.4892597695390782	0.4892597695390782	11.31	-1.12	3.522670340681363	3.5158207039078153	28.86	-6.66	0.4892597695390782	0.482410132765531	28.86	-6.66	292.0	291.04	187.33	20.29	0	1
PROTOTYPE	036042	04/16/18	08:27:29	0.4892597695390782	0.4892597695390782	11.3	-0.95	3.522670340681363	3.5167992234468937	29.19	-5.66	0.4892597695390782	0.48338865230460926	29.19	-5.66	294.0	291.49	219.02	77.25	0	1
PROTOTYPE	036043	04/16/18	08:27:31	0.4892597695390782	0.4892597695390782	11.3	-0.81	3.522670340681363	3.5177777429859725	29.43	-4.81	0.39140781563126253	0.469689378757515	42.01	-19.81	292.0	291.56	201.09	110.66	0	1
PROTOTYPE	036044	04/16/18	08:27:32	0.4892597695390782	0.4892597695390782	11.3	-0.69	3.522670340681363	3.51875626252505	15.95	10.91	0.4892597695390782	0.47262493737474953	30.23	-1.84	284.0	290.43	306.3	-10.94	0	1
PROTOTYPE	036045	04/16/18	08:27:33	0.4892597695390782	0.4892597695390782	11.3	-0.59	3.522670340681363	3.5197347820641283	14.83	9.28	0.4892597695390782	0.475560495991984	30.47	-1.56	287.0	289.91	349.55	-54.3	0	1
PROTOTYPE	036046	04/16/18	08:27:35	0.4892597695390782	0.4892597695390782	11.29	-0.5	3.424818386773547	3.5050569889779557	27.0	-7.12	0.4892597695390782	0.4775175350701403	30.66	-1.33	295.0	290.68	388.95	58.85	0	1
PROTOTYPE	036047	04/16/18	08:27:36	0.4892597695390782	0.4892597695390782	11.3	-0.42	3.522670340681363	3.5079925475951903	27.89	-6.05	0.4892597695390782	0.4794745741482967	30.82	-1.13	294.0	291.18	380.13	50.02	0	1
PROTOTYPE	036048	04/16/18	08:27:38	0.4892597695390782	0.4892597695390782	11.29	-0.36	3.522670340681363	3.5099495866733466	28.61	-5.14	0.4892597695390782	0.48045309368737477	30.94	-0.96	292.0	291.3	372.65	42.52	0	1
PROTOTYPE	036049	04/16/18	08:27:39	0.4892597695390782	0.4892597695390782	11.31	-0.31	3.522670340681363	3.5119066257515033	29.19	-4.37	0.4892597695390782	0.482410132765531	31.05	-0.82	283.0	290.05	480.21	-98.86	0	1
PROTOTYPE	036050	04/16/18	08:27:40	0.4892597695390782	0.4892597695390782	11.3	-0.26	3.522670340681363	3.513863664829659	29.62	-3.71	0.4892597695390782	0.48338865230460926	31.12	-0.69	292.0	290.35	465.05	-114.03	0	1
PROTOTYPE	036051	04/16/18	08:27:42	0.4892597695390782	0.4892597695390782	11.3	-0.22	3.522670340681363	3.514842184368738	29.97	-3.16	0.4892597695390782	0.48436717184368744	18.6	14.41	293.0	290.74	497.05	-81.93	0	1
PROTOTYPE	036052	04/16/18	08:27:43	0.4892597695390782	0.4892597695390782	11.28	-0.19	3.522670340681363	3.5158207039078153	30.22	-2.68	0.4892597695390782	0.48436717184368744	16.92	12.25	291.0	290.78	387.67	35.36	0	1
PROTOTYPE	036053	04/16/18	08:27:45	0.4892597695390782	0.4892597695390782	11.27	-0.16	3.522670340681363	3.5167992234468937	30.41	-2.28	0.4892597695390782	0.4853456913827655	15.58	10.41	295.0	291.42	399.48	150.06	0	1
PROTOTYPE	036054	04/16/18	08:27:46	0.4892597695390782	0.4892597695390782	11.28	-0.14	3.522670340681363	3.5177777429859725	17.53	13.06	0.4892597695390782	0.4863242109218437	14.55	8.85	273.0	288.65	599.43	-202.45	0	1
PROTOTYPE	036055	04/16/18	08:27:48	0.4892597695390782	0.4892597695390782	11.26	-0.12	3.522670340681363	3.51875626252505	16.07	11.1	0.4892597695390782	0.4863242109218437	13.73	7.52	295.0	289.61	644.78	-157.08	0	1
PROTOTYPE	036056	04/16/18	08:27:49	0.4892597695390782	0.4892597695390782	11.26	-0.1	3.522670340681363	3.51875626252505	14.92	9.44	0.4892597695390782	0.48730273046092193	13.1	6.39	300.0	291.16	788.27	-13.52	0	1
PROTOTYPE	036057	04/16/18	08:27:50	0.4892597695390782	0.4892597695390782	11.26	-0.08	3.522670340681363	3.5197347820641283	14.03	8.02	0.4892597695390782	0.48730273046092193	12.63	5.44	277.0	289.04	876.24	-101.49	0	1
PROTOTYPE	036058	04/16/18	08:27:52	0.4892597695390782	0.4892597695390782	11.26	-0.07	3.522670340681363	3.5197347820641283	13.33	6.82	0.4892597695390782	0.48730273046092193	12.27	4.62	293.0	289.63	906.45	-71.27	0	1
PROTOTYPE	036059	04/16/18	08:27:53	0.4892597695390782	0.4892597695390782	11.25	-0.06	3.522670340681363	3.520713301603206	12.79	5.8	0.4892597695390782	0.48828125	11.99	3.93	296.0	290.59	962.13	-15.58	0	1
PROTOTYPE	036060	04/16/18	08:27:55	0.4892597695390782	0.4892597695390782	11.26	-0.05	3.522670340681363	3.520713301603206	12.4	4.93	0.4892597695390782	0.48828125	11.8	3.34	296.0	291.4	1039.23	61.76	0	1
PROTOTYPE	036061	04/16/18	08:27:56	0.4892597695390782	0.4892597695390782	11.3	-0.04	3.522670340681363	3.520713301603206	12.13	4.19	0.4892597695390782	0.48828125	11.69	2.84	294.0	291.79	1014.98	37.49	0	1
PROTOTYPE	036062	04/16/18	08:27:57	0.4892597695390782	0.4892597695390782	11.31	-0.04	3.522670340681363	3.5216918211422845	11.92	3.56	0.4892597695390782	0.48828125	11.59	2.41	294.0	292.12	771.92	346.87	0	1
PROTOTYPE	036063	04/16/18	08:27:59	0.4892597695390782	0.4892597695390782	11.32	-0.03	3.522670340681363	3.5216918211422845	11.76	3.03	0.4892597695390782	0.48828125	11.53	2.05	299.0	293.15	779.89	354.84	0	1
PROTOTYPE	036064	04/16/18	08:28:00	0.4892597695390782	0.4892597695390782	11.33	-0.03	3.522670340681363	3.5216918211422845	11.65	2.57	0.4892597695390782	0.48828125	11.48	1.74	289.0	292.53	686.28	136.61	0	1
PROTOTYPE	036065	04/16/18	08:28:02	0.4892597695390782	0.4892597695390782	11.31	-0.02	3.522670340681363	3.5216918211422845	11.54	2.19	0.4892597695390782	0.48828125	11.42	1.48	291.0	292.3	496.81	326.12	0	1
PROTOTYPE	036066	04/16/18	08:28:03	0.4892597695390782	0.4892597695390782	11.3	-0.02	3.522670340681363	3.5216918211422845	11.47	1.86	0.4892597695390782	0.4892597695390782	11.38	1.26	289.0	291.81	486.92	217.2	0	1
PROTOTYPE	036067	04/16/18	08:28:04	0.4892597695390782	0.4892597695390782	11.31	-0.02	3.522670340681363	3.5216918211422845	11.43	1.58	0.4892597695390782	0.4892597695390782	11.37	1.07	292.0	291.83	394.65	124.62	0	1
PROTOTYPE	036068	04/16/18	08:28:06	0.4892597695390782	0.4892597695390782	11.33	-0.01	3.522670340681363	3.5216918211422845	11.42	1.34	0.4892597695390782	0.4892597695390782	11.37	0.91	294.0	292.16	345.98	75.93	0	1
PROTOTYPE	036069	04/16/18	08:28:07	0.4892597695390782	0.4892597695390782	11.3	-0.01	3.522670340681363	3.522670340681363	11.36	1.14	0.4892597695390782	0.4892597695390782	11.33	0.77	280.0	290.34	489.36	-145.46	0	1
PROTOTYPE	036070	04/16/18	08:28:09	0.4892597695390782	0.4892597695390782	11.28	-0.01	3.522670340681363	3.522670340681363	11.33	0.97	0.4892597695390782	0.4892597695390782	11.3	0.66	281.0	288.94	596.22	-318.64	0	1
PROTOTYPE	036071	04/16/18	08:28:10	0.4892597695390782	0.4892597695390782	11.26	-0.01	3.522670340681363	3.522670340681363	11.29	0.82	0.4892597695390782	0.4892597695390782	11.27	0.56	286.0	288.5	537.09	-465.84	0	1
PROTOTYPE	036072	04/16/18	08:28:11	0.4892597695390782	0.4892597695390782	11.26	-0.01	3.522670340681363	3.522670340681363	11.28	0.7	0.4892597695390782	0.4892597695390782	11.27	0.47	299.0	290.07	632.35	-245.97	0	1
PROTOTYPE	036073	04/16/18	08:28:13	0.4892597695390782	0.4892597695390782	11.26	-0.01	3.522670340681363	3.522670340681363	11.28	0.6	0.4892597695390782	0.4892597695390782	11.27	0.4	282.0	288.86	730.42	-344.07	0	1
PROTOTYPE	036074	04/16/18	08:28:14	0.4892597695390782	0.4892597695390782	11.26	-0.01	3.522670340681363	3.522670340681363	11.27	0.51	0.4892597695390782	0.4892597695390782	11.26	0.34	282.0	287.83	783.8	-397.46	0	1
PROTOTYPE	036075	04/16/18	08:28:16	0.4892597695390782	0.4892597695390782	11.25	-0.0	3.522670340681363	3.522670340681363	11.26	0.43	0.4892597695390782	0.4892597695390782	11.25	0.29	295.0	288.91	888.11	-292.84	0	1
PROTOTYPE	036076	04/16/18	08:28:17	0.4892597695390782	0.4892597695390782	11.26	-0.0	3.522670340681363	3.522670340681363	11.26	0.37	0.4892597695390782	0.4892597695390782	11.26	0.25	297.0	290.12	977.01	-203.92	0	1
PROTOTYPE	036077	04/16/18	08:28:19	0.4892597695390782	0.4892597695390782	11.28	-0.0	3.522670340681363	3.522670340681363	11.28	0.31	0.4892597695390782	0.4892597695390782	11.28	0.21	282.0	288.9	916.43	-143.33	0	1
PROTOTYPE	036078	04/16/18	08:28:20	0.4892597695390782	0.4892597695390782	11.27	-0.0	3.522670340681363	3.522670340681363	11.27	0.26	0.4892597695390782	0.4892597695390782	11.27	0.18	289.0	288.92	778.41	-1.83	0	1
PROTOTYPE	036079	04/16/18	08:28:21	0.4892597695390782	0.4892597695390782	11.29	-0.0	3.522670340681363	3.522670340681363	11.29	0.22	0.4892597695390782	0.4892597695390782	11.29	0.15	294.0	289.68	810.62	118.44	0	1
PROTOTYPE	036080	04/16/18	08:28:23	0.4892597695390782	0.4892597695390782	11.27	-0.0	3.522670340681363	3.522670340681363	11.27	0.19	0.4892597695390782	0.4892597695390782	11.27	0.13	291.0	289.88	672.89	-19.32	0	1
PROTOTYPE	036081	04/16/18	08:28:24	0.4892597695390782	0.4892597695390782	11.29	-0.0	3.522670340681363	3.522670340681363	11.29	0.16	0.4892597695390782	0.4892597695390782	11.29	0.11	289.0	289.75	565.06	88.58	0	1
PROTOTYPE	036082	04/16/18	08:28:26	0.4892597695390782	0.4892597695390782	11.3	-0.0	3.522670340681363	3.522670340681363	11.3	0.14	0.4892597695390782	0.4892597695390782	11.3	0.09	296.0	290.68	555.97	285.29	0	1
PROTOTYPE	036083	04/16/18	08:28:27	0.4892597695390782	0.4892597695390782	11.3	-0.0	3.522670340681363	3.522670340681363	11.3	0.12	0.4892597695390782	0.4892597695390782	11.3	0.08	298.0	291.78	558.18	287.5	0	1
PROTOTYPE	036084	04/16/18	08:28:28	0.4892597695390782	0.4892597695390782	11.28	-0.0	3.522670340681363	3.522670340681363	11.28	0.1	0.4892597695390782	0.4892597695390782	11.28	0.07	295.0	292.26	485.06	214.37	0	1
PROTOTYPE	036085	04/16/18	08:28:30	0.4892597695390782	0.4892597695390782	11.28	-0.0	3.522670340681363	3.522670340681363	11.28	0.08	0.4892597695390782	0.4892597695390782	11.28	0.06	282.0	290.72	517.22	182.22	0	1
PROTOTYPE	036086	04/16/18	08:28:31	0.4892597695390782	0.4892597695390782	11.28	-0.0	3.522670340681363	3.522670340681363	11.28	0.07	0.4892597695390782	0.4892597695390782	11.28	0.05	299.0	291.97	639.33	304.88	0	1
PROTOTYPE	036087	04/16/18	08:28:33	0.4892597695390782	0.4892597695390782	11.3	-0.0	3.522670340681363	3.522670340681363	11.3	0.06	0.4892597695390782	0.4892597695390782	11.3	0.04	296.0	292.57	623.6	289.15	0	1
PROTOTYPE	036088	04/16/18	08:28:34	0.4892597695390782	0.4892597695390782	11.33	-0.0	3.424818386773547	3.5079925475951903	24.97	-14.95	0.4892597695390782	0.4892597695390782	11.33	0.04	279.0	290.54	807.32	65.78	0	1
PROTOTYPE	036089	04/16/18	08:28:36	0.4892597695390782	0.4892597695390782	11.31	-0.0	3.522670340681363	3.5099495866733466	26.2	-12.71	0.4892597695390782	0.4892597695390782	11.31	0.03	300.0	291.96	936.05	220.91	0	1
PROTOTYPE	036090	04/16/18	08:28:37	0.4892597695390782	0.4892597695390782	11.31	-0.0	3.522670340681363	3.5119066257515033	27.17	-10.8	0.4892597695390782	0.4892597695390782	11.31	0.03	302.0	293.46	992.91	277.77	0	1
PROTOTYPE	036091	04/16/18	08:28:38	0.4892597695390782	0.4892597695390782	11.33	-0.0	3.522670340681363	3.513863664829659	27.93	-9.18	0.39140781563126253	0.4745819764529058	24.97	-14.98	283.0	291.89	1040.1	11.11	0	1
PROTOTYPE	036092	04/16/18	08:28:40	0.4892597695390782	0.4892597695390782	11.32	-0.0	3.522670340681363	3.514842184368738	28.49	-7.8	0.4892597695390782	0.4765390155310621	26.21	-12.73	287.0	291.16	1065.2	-110.56	0	1
PROTOTYPE	036093	04/16/18	08:28:41	0.4892597695390782	0.4892597695390782	11.32	-0.0	3.522670340681363	3.5158207039078153	28.91	-6.63	0.4892597695390782	0.47849605460921835	27.18	-10.82	282.0	289.78	1048.62	-93.97	0	1
PROTOTYPE	036094	04/16/18	08:28:43	0.4892597695390782	0.4892597695390782	11.34	-0.0	3.522670340681363	3.5167992234468937	29.25	-5.64	0.4892597695390782	0.48045309368737477	27.93	-9.2	285.0	289.07	996.26	-289.88	0	1
PROTOTYPE	036095	04/16/18	08:28:44	0.4892597695390782	0.4892597695390782	11.31	-0.0	3.522670340681363	3.5177777429859725	29.45	-4.79	0.4892597695390782	0.48143161322645295	28.47	-7.82	291.0	289.36	964.76	-321.4	0	1
PROTOTYPE	036096	04/16/18	08:28:45	0.4892597695390782	0.4892597695390782	11.3	-0.0	3.522670340681363	3.51875626252505	15.98	10.93	0.4892597695390782	0.482410132765531	28.88	-6.65	292.0	289.75	800.86	-78.19	0	1
PROTOTYPE	036097	04/16/18	08:28:47	0.4892597695390782	0.4892597695390782	11.33	-0.0	3.522670340681363	3.5197347820641283	14.88	9.29	0.4892597695390782	0.48338865230460926	29.23	-5.65	286.0	289.19	715.21	-276.46	0	1
PROTOTYPE	036098	04/16/18	08:28:48	0.4892597695390782	0.4892597695390782	11.32	-0.0	3.522670340681363	3.5197347820641283	14.0	7.89	0.4892597695390782	0.48436717184368744	29.46	-4.8	289.0	289.16	567.71	-429.99	0	1
PROTOTYPE	036099	04/16/18	08:28:50	0.4892597695390782	0.4892597695390782	11.3	-0.0	3.522670340681363	3.5197347820641283	13.3	6.71	0.4892597695390782	0.4853456913827655	15.97	10.92	287.0	288.84	443.23	-305.49	0	1
PROTOTYPE	036100	04/16/18	08:28:51	0.4892597695390782	0.4892597695390782	11.29	-0.0	3.522670340681363	3.520713301603206	12.78	5.7	0.4892597695390782	0.4863242109218437	14.83	9.28	289.0	288.86	372.64	-229.67	0	1
PROTOTYPE	036101	04/16/18	08:28:52	0.4892597695390782	0.4892597695390782	11.28	-0.0	3.522670340681363	3.520713301603206	12.38	4.85	0.4892597695390782	0.4863242109218437	13.96	7.89	294.0	289.63	312.33	-15.22	0	1
PROTOTYPE	036102	04/16/18	08:28:54	0.4892597695390782	0.4892597695390782	11.28	-0.0	3.522670340681363	3.520713301603206	12.09	4.12	0.4892597695390782	0.4863242109218437	13.28	6.71	288.0	289.39	265.08	32.07	0	1
PROTOTYPE	036103	04/16/18	08:28:55	0.4892597695390782	0.4892597695390782	11.27	-0.0	3.522670340681363	3.5216918211422845	11.86	3.5	0.4892597695390782	0.48730273046092193	12.76	5.7	293.0	289.93	290.25	57.26	0	1
PROTOTYPE	036104	04/16/18	08:28:57	0.4892597695390782	0.4892597695390782	11.27	-0.0	3.522670340681363	3.5216918211422845	11.7	2.98	0.4892597695390782	0.48730273046092193	12.37	4.84	292.0	290.24	281.67	48.67	0	1
PROTOTYPE	036105	04/16/18	08:28:58	0.4892597695390782	0.4892597695390782	11.24	-0.0	3.522670340681363	3.5216918211422845	11.56	2.53	0.4892597695390782	0.48730273046092193	12.05	4.12	285.0	289.45	303.96	26.37	0	1
PROTOTYPE	036106	04/16/18	08:29:00	0.4892597695390782	0.4892597695390782	11.25	-0.0	3.522670340681363	3.5216918211422845	11.48	2.15	0.4892597695390782	0.48828125	11.84	3.5	290.0	289.54	309.09	37.41	0	1
PROTOTYPE	036107	04/16/18	08:29:01	0.4892597695390782	0.4892597695390782	11.27	-0.0	3.522670340681363	3.5216918211422845	11.43	1.83	0.4892597695390782	0.48828125	11.7	2.98	301.0	291.26	448.6	241.8	0	1
PROTOTYPE	036108	04/16/18	08:29:02	0.4892597695390782	0.4892597695390782	11.3	-0.0	3.522670340681363	3.5216918211422845	11.42	1.55	0.4892597695390782	0.48828125	11.61	2.53	293.0	291.52	472.0	265.53	0	1
PROTOTYPE	036109	04/16/18	08:29:04	0.4892597695390782	0.4892597695390782	11.29	-0.0	3.522670340681363	3.522670340681363	11.38	1.32	0.4892597695390782	0.48828125	11.52	2.15	290.0	291.29	417.72	165.7	0	1
PROTOTYPE	036110	04/16/18	08:29:05	0.4892597695390782	0.4892597695390782	11.27	-0.0	3.522670340681363	3.522670340681363	11.33	1.12	0.4892597695390782	0.48828125	11.43	1.83	298.0	292.3	493.85	290.85	0	1
PROTOTYPE	036111	04/16/18	08:29:07	0.4892597695390782	0.4892597695390782	11.28	-0.0	3.522670340681363	3.522670340681363	11.32	0.95	0.4892597695390782	0.48828125	11.4	1.55	286.0	291.35	534.1	142.22	0	1
PROTOTYPE	036112	04/16/18	08:29:08	0.4892597695390782	0.4892597695390782	11.27	-0.0	3.522670340681363	3.522670340681363	11.3	0.81	0.4892597695390782	0.4892597695390782	11.36	1.32	284.0	290.25	613.3	0.89	0	1
PROTOTYPE	036113	04/16/18	08:29:09	0.4892597695390782	0.4892597695390782	11.28	-0.0	3.522670340681363	3.522670340681363	11.3	0.69	0.4892597695390782	0.4892597695390782	11.34	1.12	295.0	290.96	605.96	150.75	0	1
PROTOTYPE	036114	04/16/18	08:29:11	0.4892597695390782	0.4892597695390782	11.27	-0.0	3.522670340681363	3.522670340681363	11.29	0.59	0.4892597695390782	0.4892597695390782	11.31	0.95	292.0	291.12	613.29	158.14	0	1
PROTOTYPE	036115	04/16/18	08:29:12	0.4892597695390782	0.4892597695390782	11.24	-0.0	3.522670340681363	3.522670340681363	11.25	0.5	0.4892597695390782	0.4892597695390782	11.27	0.81	292.0	291.25	454.64	-0.58	0	1
PROTOTYPE	036116	04/16/18	08:29:14	0.4892597695390782	0.4892597695390782	11.23	-0.0	3.522670340681363	3.522670340681363	11.24	0.42	0.4892597695390782	0.4892597695390782	11.25	0.69	283.0	290.01	552.19	-150.49	0	1
PROTOTYPE	036117	04/16/18	08:29:15	0.4892597695390782	0.4892597695390782	11.26	-0.0	3.522670340681363	3.522670340681363	11.26	0.36	0.4892597695390782	0.4892597695390782	11.28	0.59	294.0	290.61	589.22	-67.92	0	1
PROTOTYPE	036118	04/16/18	08:29:16	0.4892597695390782	0.4892597695390782	11.29	-0.0	3.522670340681363	3.522670340681363	11.29	0.31	0.4892597695390782	0.4892597695390782	11.3	0.5	299.0	291.87	614.41	-42.73	0	1
PROTOTYPE	036119	04/16/18	08:29:18	0.4892597695390782	0.4892597695390782	11.29	-0.0	3.522670340681363	3.522670340681363	11.29	0.26	0.4892597695390782	0.4892597695390782	11.3	0.42	293.0	292.04	536.98	68.68	0	1
PROTOTYPE	036120	04/16/18	08:29:19	0.4892597695390782	0.4892597695390782	11.3	-0.0	3.522670340681363	3.522670340681363	11.3	0.22	0.4892597695390782	0.4892597695390782	11.3	0.36	290.0	291.73	457.3	148.38	0	1
PROTOTYPE	036121	04/16/18	08:29:21	0.4892597695390782	0.4892597695390782	11.31	-0.0	3.522670340681363	3.522670340681363	11.31	0.19	0.4892597695390782	0.4892597695390782	11.31	0.31	302.0	293.27	540.04	231.12	0	1
PROTOTYPE	036122	04/16/18	08:29:22	0.4892597695390782	0.4892597695390782	11.31	-0.0	3.522670340681363	3.522670340681363	11.31	0.16	0.4892597695390782	0.4892597695390782	11.31	0.26	285.0	292.03	648.5	91.45	0	1
PROTOTYPE	036123	04/16/18	08:29:23	0.4892597695390782	0.4892597695390782	11.32	-0.0	3.522670340681363	3.522670340681363	11.32	0.14	0.4892597695390782	0.4892597695390782	11.32	0.22	288.0	291.43	695.69	17.73	0	1
PROTOTYPE	036124	04/16/18	08:29:25	0.4892597695390782	0.4892597695390782	11.34	-0.0	3.522670340681363	3.522670340681363	11.34	0.12	0.4892597695390782	0.4892597695390782	11.34	0.19	294.0	291.81	610.55	180.07	0	1
PROTOTYPE	036125	04/16/18	08:29:26	0.4892597695390782	0.4892597695390782	11.31	-0.0	3.522670340681363	3.522670340681363	11.31	0.1	0.4892597695390782	0.4892597695390782	11.31	0.16	289.0	291.39	592.94	78.06	0	1
PROTOTYPE	036126	04/16/18	08:29:28	0.4892597695390782	0.4892597695390782	11.28	-0.0	3.522670340681363	3.522670340681363	11.28	0.08	0.4892597695390782	0.4892597695390782	11.28	0.14	277.0	289.23	682.96	-263.65	0	1
PROTOTYPE	036127	04/16/18	08:29:29	0.4892597695390782	0.4892597695390782	11.29	-0.0	3.522670340681363	3.522670340681363	11.29	0.07	0.4892597695390782	0.4892597695390782	11.29	0.12	291.0	289.5	692.48	-254.1	0	1
PROTOTYPE	036128	04/16/18	08:29:31	0.4892597695390782	0.4892597695390782	11.3	-0.0	3.522670340681363	3.522670340681363	11.3	0.06	0.4892597695390782	0.4892597695390782	11.3	0.1	295.0	290.32	744.42	-140.98	0	1
PROTOTYPE	036129	04/16/18	08:29:32	0.4892597695390782	0.4892597695390782	11.29	-0.0	3.522670340681363	3.522670340681363	11.29	0.05	0.4892597695390782	0.4892597695390782	11.29	0.08	298.0	291.47	705.57	-179.84	0	1
PROTOTYPE	036130	04/16/18	08:29:33	0.4892597695390782	0.4892597695390782	11.31	-0.0	3.522670340681363	3.522670340681363	11.31	0.04	0.4892597695390782	0.4892597695390782	11.31	0.07	287.0	290.8	648.6	-122.86	0	1
PROTOTYPE	036131	04/16/18	08:29:35	0.4892597695390782	0.4892597695390782	11.31	-0.0	3.522670340681363	3.522670340681363	11.31	0.04	0.4892597695390782	0.4892597695390782	11.31	0.06	279.0	289.03	765.16	-239.43	0	1
PROTOTYPE	036132	04/16/18	08:29:36	0.4892597695390782	0.4892597695390782	11.29	-0.0	3.522670340681363	3.522670340681363	11.29	0.03	0.4892597695390782	0.4892597695390782	11.29	0.05	294.0	289.78	801.06	-203.52	0	1
PROTOTYPE	036133	04/16/18	08:29:38	0.4892597695390782	0.4892597695390782	11.31	-0.0	3.522670340681363	3.522670340681363	11.31	0.03	0.4892597695390782	0.4892597695390782	11.31	0.04	284.0	288.91	845.52	-247.99	0	1
PROTOTYPE	036134	04/16/18	08:29:39	0.4892597695390782	0.4892597695390782	11.33	-0.0	3.522670340681363	3.522670340681363	11.33	0.02	0.4892597695390782	0.4892597695390782	11.33	0.04	287.0	288.62	658.36	-60.79	0	1
PROTOTYPE	036135	04/16/18	08:29:40	0.4892597695390782	0.4892597695390782	11.31	-0.0	3.522670340681363	3.522670340681363	11.31	0.02	0.4892597695390782	0.4892597695390782	11.31	0.03	298.0	290.03	772.44	53.33	0	1
PROTOTYPE	036136	04/16/18	08:29:42	0.4892597695390782	0.4892597695390782	11.29	-0.0	3.522670340681363	3.522670340681363	11.29	0.02	0.4892597695390782	0.4892597695390782	11.29	0.03	291.0	290.18	704.5	-14.67	0	1
PROTOTYPE	036137	04/16/18	08:29:43	0.4892597695390782	0.4892597695390782	11.31	-0.0	3.522670340681363	3.522670340681363	11.31	0.01	0.4892597695390782	0.4892597695390782	11.31	0.02	304.0	292.25	796.7	77.53	0	1
PROTOTYPE	036138	04/16/18	08:29:45	0.4892597695390782	0.4892597695390782	11.3	-0.0	3.522670340681363	3.522670340681363	11.3	0.01	0.4892597695390782	0.4892597695390782	11.3	0.02	283.0	290.86	868.32	5.9	0	1
PROTOTYPE	036139	04/16/18	08:29:46	0.4892597695390782	0.4892597695390782	11.32	-0.0	3.522670340681363	3.522670340681363	11.32	0.01	0.4892597695390782	0.4892597695390782	11.32	0.02	288.0	290.43	734.22	140.01	0	1
PROTOTYPE	036140	04/16/18	08:29:48	0.4892597695390782	0.4892597695390782	11.33	-0.0	3.522670340681363	3.522670340681363	11.33	0.01	0.4892597695390782	0.4892597695390782	11.33	0.01	289.0	290.22	681.24	44.01	0	1
PROTOTYPE	036141	04/16/18	08:29:49	0.4892597695390782	0.4892597695390782	11.32	-0.0	3.522670340681363	3.522670340681363	11.32	0.01	0.4892597695390782	0.4892597695390782	11.32	0.01	295.0	290.94	666.31	202.41	0	1
PROTOTYPE	036142	04/16/18	08:29:50	0.4892597695390782	0.4892597695390782	11.3	-0.0	3.522670340681363	3.522670340681363	11.3	0.01	0.4892597695390782	0.4892597695390782	11.3	0.01	275.0	288.55	876.64	-7.95	0	1
PROTOTYPE	036143	04/16/18	08:29:52	0.4892597695390782	0.4892597695390782	11.29	-0.0	3.522670340681363	3.522670340681363	11.29	0.01	0.4892597695390782	0.4892597695390782	11.29	0.01	283.0	287.71	819.18	-231.76	0	1
PROTOTYPE	036144	04/16/18	08:29:53	0.4892597695390782	0.4892597695390782	11.32	-0.0	3.522670340681363	3.522670340681363	11.32	0.0	0.4892597695390782	0.4892597695390782	11.32	0.01	300.0	289.56	988.89	-61.99	0	1
PROTOTYPE	036145	04/16/18	08:29:55	0.4892597695390782	0.4892597695390782	11.29	-0.0	3.522670340681363	3.522670340681363	11.29	0.0	0.4892597695390782	0.4892597695390782	11.29	0.01	297.0	290.67	893.19	-157.7	0	1
PROTOTYPE	036146	04/16/18	08:29:56	0.4892597695390782	0.4892597695390782	11.32	-0.0	3.522670340681363	3.522670340681363	11.32	0.0	0.4892597695390782	0.4892597695390782	11.32	0.01	300.0	292.07	894.35	120.96	0	1
PROTOTYPE	036147	04/16/18	08:29:57	0.4892597695390782	0.4892597695390782	11.32	-0.0	3.522670340681363	3.522670340681363	11.32	0.0	0.4892597695390782	0.4892597695390782	11.32	0.0	280.0	290.26	1032.48	-17.18	0	1
PROTOTYPE	036148	04/16/18	08:29:59	0.4892597695390782	0.4892597695390782	11.3	-0.0	3.522670340681363	3.522670340681363	11.3	0.0	0.4892597695390782	0.4892597695390782	11.3	0.0	287.0	289.77	1059.87	-44.61	0	1
PROTOTYPE	036149	04/16/18	08:30:00	0.4892597695390782	0.4892597695390782	11.3	-0.0	3.522670340681363	3.522670340681363	11.3	0.0	0.4892597695390782	0.4892597695390782	11.3	0.0	283.0	288.76	1089.72	-217.92	0	1
PROTOTYPE	036150	04/16/18	08:30:02	0.4892597695390782	0.4892597695390782	11.3	-0.0	3.522670340681363	3.522670340681363	11.3	0.0	0.4892597695390782	0.4892597695390782	11.3	0.0	294.0	289.54	929.35	99.77	0	1
PROTOTYPE	036151	04/16/18	08:30:03	0.4892597695390782	0.4892597695390782	11.33	-0.0	3.522670340681363	3.522670340681363	11.33	0.0	0.4892597695390782	0.4892597695390782	11.33	0.0	296.0	290.51	943.04	279.81	0	1
PROTOTYPE	036152	04/16/18	08:30:05	0.4892597695390782	0.4892597695390782	11.33	-0.0	3.522670340681363	3.522670340681363	11.33	0.0	0.4892597695390782	0.4892597695390782	11.33	0.0	296.0	291.33	841.07	177.83	0	1
PROTOTYPE	036153	04/16/18	08:30:06	0.4892597695390782	0.4892597695390782	11.34	-0.0	3.522670340681363	3.522670340681363	11.34	0.0	0.4892597695390782	0.4892597695390782	11.34	0.0	283.0	290.08	854.43	-58.84	0	1
PROTOTYPE	036154	04/16/18	08:30:07	0.4892597695390782	0.4892597695390782	11.3	-0.0	3.522670340681363	3.522670340681363	11.3	0.0	0.4892597695390782	0.4892597695390782	11.3	0.0	293.0	290.52	758.28	-155.01	0	1
PROTOTYPE	036155	04/16/18	08:30:09	0.4892597695390782	0.4892597695390782	11.29	-0.0	3.522670340681363	3.522670340681363	11.29	0.0	0.4892597695390782	0.4892597695390782	11.29	0.0	293.0	290.89	614.39	63.24	0	1
PROTOTYPE	036156	04/16/18	08:30:10	0.4892597695390782	0.4892597695390782	11.31	-0.0	3.522670340681363	3.522670340681363	11.31	0.0	0.4892597695390782	0.4892597695390782	11.31	0.0	294.0	291.36	612.07	158.75	0	1
PROTOTYPE	036157	04/16/18	08:30:12	0.4892597695390782	0.4892597695390782	11.32	-0.0	3.522670340681363	3.522670340681363	11.32	0.0	0.4892597695390782	0.4892597695390782	11.32	0.0	293.0	291.61	535.13	284.94	0	1
PROTOTYPE	036158	04/16/18	08:30:13	0.4892597695390782	0.4892597695390782	11.35	-0.0	3.522670340681363	3.522670340681363	11.35	0.0	0.4892597695390782	0.4892597695390782	11.35	0.0	294.0	291.96	492.41	242.2	0	1
PROTOTYPE	036159	04/16/18	08:30:14	0.4892597695390782	0.4892597695390782	11.34	-0.0	3.522670340681363	3.522670340681363	11.34	0.0	0.4892597695390782	0.4892597695390782	11.34	0.0	291.0	291.82	410.08	130.87	0	1
PROTOTYPE	036160	04/16/18	08:30:16	0.4892597695390782	0.4892597695390782	11.31	-0.0	3.522670340681363	3.522670340681363	11.31	0.0	0.4892597695390782	0.4892597695390782	11.31	0.0	287.0	291.1	400.05	-23.76	0	1
PROTOTYPE	036161	04/16/18	08:30:17	0.4892597695390782	0.4892597695390782	11.31	-0.0	3.522670340681363	3.522670340681363	11.31	0.0	0.4892597695390782	0.4892597695390782	11.31	0.0	284.0	290.03	381.49	-5.2	0	1
PROTOTYPE	036162	04/16/18	08:30:19	0.4892597695390782	0.4892597695390782	11.32	-0.0	3.522670340681363	3.522670340681363	11.32	0.0	0.4892597695390782	0.4892597695390782	11.32	0.0	285.0	289.28	413.23	-124.42	0	1
PROTOTYPE	036163	04/16/18	08:30:20	0.4892597695390782	0.4892597695390782	11.31	-0.0	3.522670340681363	3.522670340681363	11.31	0.0	0.4892597695390782	0.4892597695390782	11.31	0.0	294.0	289.99	446.88	-90.76	0	1
PROTOTYPE	036164	04/16/18	08:30:21	0.4892597695390782	0.4892597695390782	11.3	-0.0	3.522670340681363	3.522670340681363	11.3	0.0	0.4892597695390782	0.4892597695390782	11.3	0.0	281.0	288.64	535.06	-272.14	0	1
PROTOTYPE	036165	04/16/18	08:30:23	0.4892597695390782	0.4892597695390782	11.29	-0.0	3.522670340681363	3.522670340681363	11.29	0.0	0.4892597695390782	0.4892597695390782	11.29	0.0	293.0	289.29	575.85	-231.32	0	1
PROTOTYPE	036166	04/16/18	08:30:24	0.4892597695390782	0.4892597695390782	11.28	-0.0	3.522670340681363	3.522670340681363	11.28	0.0	0.4892597695390782	0.4892597695390782	11.28	0.0	294.0	290.0	610.54	-196.62	0	1
