Dev_id	Index	Date	Time	Sensor1	Sensor1_Filter	Sensor1_LL	Sensor1_Diff	Sensor2	Sensor2_Filter	Sensor2_LL	Sensor2_Diff	Sensor3	Sensor3_Filter	Sensor3_LL	Sensor3_Diff	Sensor4	Sensor4_Filter	Sensor4_LL	Sensor4_Diff	Heater_Status	FSM_Status
PROTOTYPE	040367	04/16/18	10:09:18	0.4892597695390782	0.4892597695390782	11.28	-0.0	3.8162262024048097	3.7995913702404804	45.81	24.95	0.4892597695390782	0.4892597695390782	11.28	0.0	289.0	280.41	587.37	80.63	0	1
PROTOTYPE	040368	04/16/18	10:09:19	0.4892597695390782	0.4892597695390782	11.3	-0.0	3.8162262024048097	3.801548409318637	42.28	21.21	0.4892597695390782	0.4892597695390782	11.3	0.0	280.0	280.35	587.62	68.54	0	1
PROTOTYPE	040369	04/16/18	10:09:21	0.4892597695390782	0.4892597695390782	11.3	-0.0	3.8162262024048097	3.804483967935872	35.14	33.03	0.4892597695390782	0.4892597695390782	11.3	0.0	277.0	279.85	582.9	73.26	0	1
PROTOTYPE	040370	04/16/18	10:09:22	0.4892597695390782	0.4892597695390782	11.29	-0.0	3.8162262024048097	3.8054624874749496	30.51	28.07	0.4892597695390782	0.4892597695390782	11.29	0.0	274.0	278.97	627.32	-57.73	0	1
PROTOTYPE	040371	04/16/18	10:09:24	0.4892597695390782	0.4892597695390782	11.32	-0.0	3.8162262024048097	3.8074195265531063	26.68	23.86	0.4892597695390782	0.4892597695390782	11.32	0.0	276.0	278.52	605.09	-169.07	0	1
PROTOTYPE	040372	04/16/18	10:09:25	0.4892597695390782	0.4892597695390782	11.33	-0.0	3.8162262024048097	3.8083980460921847	23.51	20.28	0.4892597695390782	0.4892597695390782	11.33	0.0	284.0	279.35	489.0	111.29	0	1
PROTOTYPE	040373	04/16/18	10:09:27	0.4892597695390782	0.4892597695390782	11.31	-0.0	3.8162262024048097	3.8103550851703405	20.91	17.24	0.4892597695390782	0.4892597695390782	11.31	0.0	285.0	280.19	562.23	184.6	0	1
PROTOTYPE	040374	04/16/18	10:09:28	0.4892597695390782	0.4892597695390782	11.31	-0.0	3.8162262024048097	3.811333604709419	18.8	14.65	0.4892597695390782	0.4892597695390782	11.31	0.0	277.0	279.71	555.36	81.91	0	1
PROTOTYPE	040375	04/16/18	10:09:29	0.4892597695390782	0.4892597695390782	11.31	-0.0	3.8162262024048097	3.811333604709419	17.09	12.46	0.4892597695390782	0.4892597695390782	11.31	0.0	285.0	280.51	483.08	9.62	0	1
PROTOTYPE	040376	04/16/18	10:09:31	0.4892597695390782	0.4892597695390782	11.3	-0.0	3.8162262024048097	3.8123121242484967	15.73	10.59	0.4892597695390782	0.4892597695390782	11.3	0.0	275.0	279.68	559.38	-66.82	0	1
PROTOTYPE	040377	04/16/18	10:09:32	0.4892597695390782	0.4892597695390782	11.3	-0.0	3.8162262024048097	3.8132906437875755	14.67	9.0	0.4892597695390782	0.4892597695390782	11.3	0.0	277.0	279.28	549.36	-56.8	0	1
PROTOTYPE	040378	04/16/18	10:09:34	0.4892597695390782	0.4892597695390782	11.3	-0.0	3.8162262024048097	3.8132906437875755	13.83	7.65	0.4892597695390782	0.4892597695390782	11.3	0.0	282.0	279.69	502.47	71.72	0	1
PROTOTYPE	040379	04/16/18	10:09:35	0.4892597695390782	0.4892597695390782	11.3	-0.0	3.8162262024048097	3.814269163326653	13.19	6.5	0.4892597695390782	0.4892597695390782	11.3	0.0	276.0	279.13	513.22	60.96	0	1
PROTOTYPE	040380	04/16/18	10:09:36	0.4892597695390782	0.4892597695390782	11.29	-0.0	3.8162262024048097	3.814269163326653	12.69	5.53	0.4892597695390782	0.4892597695390782	11.29	0.0	275.0	278.51	493.11	-83.18	0	1
PROTOTYPE	040381	04/16/18	10:09:38	0.4892597695390782	0.4892597695390782	11.28	-0.0	3.8162262024048097	3.814269163326653	12.32	4.7	0.4892597695390782	0.4892597695390782	11.28	0.0	276.0	278.14	446.03	-205.7	0	1
PROTOTYPE	040382	04/16/18	10:09:39	0.4892597695390782	0.4892597695390782	11.26	-0.0	3.8162262024048097	3.815247682865732	12.02	3.99	0.4892597695390782	0.4892597695390782	11.26	0.0	276.0	277.82	430.18	-189.85	0	1
PROTOTYPE	040383	04/16/18	10:09:41	0.4892597695390782	0.4892597695390782	11.27	-0.0	3.8162262024048097	3.815247682865732	11.83	3.39	0.4892597695390782	0.4892597695390782	11.27	0.0	278.0	277.84	353.99	-266.37	0	1
PROTOTYPE	040384	04/16/18	10:09:42	0.4892597695390782	0.4892597695390782	11.26	-0.0	3.8162262024048097	3.815247682865732	11.67	2.88	0.4892597695390782	0.4892597695390782	11.26	0.0	278.0	277.87	274.09	-181.42	0	1
PROTOTYPE	040385	04/16/18	10:09:43	0.4892597695390782	0.4892597695390782	11.24	-0.0	3.8162262024048097	3.815247682865732	11.54	2.45	0.4892597695390782	0.4892597695390782	11.24	0.0	270.0	276.69	351.86	-259.2	0	1
PROTOTYPE	040386	04/16/18	10:09:45	0.4892597695390782	0.4892597695390782	11.25	-0.0	3.8162262024048097	3.815247682865732	11.46	2.08	0.4892597695390782	0.4892597695390782	11.25	0.0	283.0	277.63	405.73	-205.32	0	1
PROTOTYPE	040387	04/16/18	10:09:46	0.4892597695390782	0.4892597695390782	11.36	-0.0	3.8162262024048097	3.815247682865732	11.51	1.77	0.4892597695390782	0.4892597695390782	11.36	0.0	275.0	277.24	389.94	-189.52	0	1
PROTOTYPE	040388	04/16/18	10:09:48	0.4892597695390782	0.4892597695390782	11.36	-0.0	3.8162262024048097	3.815247682865732	11.47	1.51	0.4892597695390782	0.4892597695390782	11.36	0.0	279.0	277.5	354.36	-101.1	0	1
PROTOTYPE	040389	04/16/18	10:09:49	0.4892597695390782	0.4892597695390782	11.36	-0.0	3.8162262024048097	3.8162262024048097	11.44	1.28	0.4892597695390782	0.4892597695390782	11.36	0.0	268.0	276.08	459.18	-205.93	0	1
PROTOTYPE	040390	04/16/18	10:09:51	0.4892597695390782	0.4892597695390782	11.36	-0.0	3.8162262024048097	3.8162262024048097	11.42	1.09	0.4892597695390782	0.4892597695390782	11.36	0.0	280.0	276.67	485.94	-115.04	0	1
PROTOTYPE	040391	04/16/18	10:09:52	0.4892597695390782	0.4892597695390782	11.36	-0.0	3.8162262024048097	3.8162262024048097	11.4	0.92	0.4892597695390782	0.4892597695390782	11.36	0.0	278.0	276.87	502.91	-97.79	0	1
PROTOTYPE	040392	04/16/18	10:09:53	0.4892597695390782	0.4892597695390782	11.38	-0.0	3.8162262024048097	3.8162262024048097	11.41	0.79	0.4892597695390782	0.4892597695390782	11.38	0.0	271.0	275.99	588.18	-188.12	0	1
PROTOTYPE	040393	04/16/18	10:09:55	0.4892597695390782	0.4892597695390782	11.39	-0.0	3.8162262024048097	3.8162262024048097	11.41	0.67	0.4892597695390782	0.4892597695390782	11.39	0.0	283.0	277.04	575.38	35.1	0	1
PROTOTYPE	040394	04/16/18	10:09:56	0.4892597695390782	0.4892597695390782	11.4	-0.0	3.8162262024048097	3.8162262024048097	11.41	0.57	0.4892597695390782	0.4892597695390782	11.4	0.0	285.0	278.23	600.11	59.84	0	1
PROTOTYPE	040395	04/16/18	10:09:58	0.4892597695390782	0.4892597695390782	11.27	-0.0	3.8162262024048097	3.8162262024048097	11.28	0.48	0.4892597695390782	0.4892597695390782	11.27	0.0	277.0	278.05	579.11	80.86	0	1
PROTOTYPE	040396	04/16/18	10:09:59	0.4892597695390782	0.4892597695390782	11.28	-0.0	3.8162262024048097	3.8162262024048097	11.29	0.41	0.4892597695390782	0.4892597695390782	11.28	0.0	269.0	276.69	688.38	-81.27	0	1
PROTOTYPE	040397	04/16/18	10:10:00	0.4892597695390782	0.4892597695390782	11.3	-0.0	3.8162262024048097	3.8162262024048097	11.3	0.35	0.4892597695390782	0.4892597695390782	11.3	0.0	280.0	277.19	595.49	110.92	0	1
PROTOTYPE	040398	04/16/18	10:10:02	0.4892597695390782	0.4892597695390782	11.32	-0.0	3.8162262024048097	3.8162262024048097	11.32	0.3	0.4892597695390782	0.4892597695390782	11.32	0.0	270.0	276.11	644.45	-55.72	0	1
PROTOTYPE	040399	04/16/18	10:10:03	0.4892597695390782	0.4892597695390782	11.32	-0.0	3.8162262024048097	3.8162262024048097	11.32	0.25	0.4892597695390782	0.4892597695390782	11.32	0.0	287.0	277.74	787.77	87.64	0	1
PROTOTYPE	040400	04/16/18	10:10:05	0.4892597695390782	0.4892597695390782	11.31	-0.0	3.8162262024048097	3.8162262024048097	11.31	0.21	0.4892597695390782	0.4892597695390782	11.31	0.0	288.0	279.28	853.63	329.49	0	1
PROTOTYPE	040401	04/16/18	10:10:06	0.4892597695390782	0.4892597695390782	11.34	-0.0	3.8162262024048097	3.8162262024048097	11.34	0.18	0.4892597695390782	0.4892597695390782	11.34	0.0	280.0	279.39	759.29	235.07	0	1
PROTOTYPE	040402	04/16/18	10:10:08	0.4892597695390782	0.4892597695390782	11.32	-0.0	3.8162262024048097	3.8162262024048097	11.32	0.15	0.4892597695390782	0.4892597695390782	11.32	0.0	273.0	278.43	735.7	19.81	0	1
PROTOTYPE	040403	04/16/18	10:10:09	0.4892597695390782	0.4892597695390782	11.31	-0.0	3.8162262024048097	3.8162262024048097	11.31	0.13	0.4892597695390782	0.4892597695390782	11.31	0.0	283.0	279.12	785.72	106.84	0	1
PROTOTYPE	040404	04/16/18	10:10:10	0.4892597695390782	0.4892597695390782	11.32	-0.0	3.8162262024048097	3.8162262024048097	11.32	0.11	0.4892597695390782	0.4892597695390782	11.32	0.0	286.0	280.15	753.26	345.81	0	1
PROTOTYPE	040405	04/16/18	10:10:12	0.4892597695390782	0.4892597695390782	11.31	-0.0	3.8162262024048097	3.8162262024048097	11.31	0.1	0.4892597695390782	0.4892597695390782	11.31	0.0	270.0	278.63	855.84	143.94	0	1
PROTOTYPE	040406	04/16/18	10:10:13	0.4892597695390782	0.4892597695390782	11.3	-0.0	3.8162262024048097	3.8162262024048097	11.3	0.08	0.4892597695390782	0.4892597695390782	11.3	0.0	278.0	278.53	757.52	242.35	0	1
PROTOTYPE	040407	04/16/18	10:10:15	0.4892597695390782	0.4892597695390782	11.31	-0.0	3.8162262024048097	3.8162262024048097	11.31	0.07	0.4892597695390782	0.4892597695390782	11.31	0.0	284.0	279.35	676.18	161.0	0	1
PROTOTYPE	040408	04/16/18	10:10:16	0.4892597695390782	0.4892597695390782	11.3	-0.0	3.8162262024048097	3.8162262024048097	11.3	0.06	0.4892597695390782	0.4892597695390782	11.3	0.0	275.0	278.7	587.61	-58.15	0	1
PROTOTYPE	040409	04/16/18	10:10:17	0.4892597695390782	0.4892597695390782	11.29	-0.0	3.8162262024048097	3.8162262024048097	11.29	0.05	0.4892597695390782	0.4892597695390782	11.29	0.0	270.0	277.39	707.24	-199.43	0	1
PROTOTYPE	040410	04/16/18	10:10:19	0.4892597695390782	0.4892597695390782	11.3	-0.0	3.8162262024048097	3.8162262024048097	11.3	0.04	0.4892597695390782	0.4892597695390782	11.3	0.0	264.0	275.39	812.32	-304.52	0	1
PROTOTYPE	040411	04/16/18	10:10:20	0.4892597695390782	0.4892597695390782	11.31	-0.0	3.8162262024048097	3.8162262024048097	11.31	0.04	0.4892597695390782	0.4892597695390782	11.31	0.0	283.0	276.53	857.99	-258.84	0	1
PROTOTYPE	040412	04/16/18	10:10:22	0.4892597695390782	0.4892597695390782	11.3	-0.0	3.8162262024048097	3.8162262024048097	11.3	0.03	0.4892597695390782	0.4892597695390782	11.3	0.0	290.0	278.55	956.81	-160.01	0	1
PROTOTYPE	040413	04/16/18	10:10:23	0.4892597695390782	0.4892597695390782	11.29	-0.0	3.8162262024048097	3.8162262024048097	11.29	0.03	0.4892597695390782	0.4892597695390782	11.29	0.0	282.0	279.07	856.37	43.99	0	1
PROTOTYPE	040414	04/16/18	10:10:25	0.4892597695390782	0.4892597695390782	11.3	-0.0	3.8162262024048097	3.8162262024048097	11.3	0.02	0.4892597695390782	0.4892597695390782	11.3	0.0	279.0	279.06	848.6	52.39	0	1
PROTOTYPE	040415	04/16/18	10:10:26	0.4892597695390782	0.4892597695390782	11.29	-0.0	3.8162262024048097	3.8162262024048097	11.29	0.02	0.4892597695390782	0.4892597695390782	11.29	0.0	269.0	277.55	917.42	-180.47	0	1
PROTOTYPE	040416	04/16/18	10:10:27	0.4892597695390782	0.4892597695390782	11.31	-0.0	3.8162262024048097	3.8162262024048097	11.31	0.02	0.4892597695390782	0.4892597695390782	11.31	0.0	261.0	275.07	1100.34	-363.4	0	1
PROTOTYPE	040417	04/16/18	10:10:29	0.4892597695390782	0.4892597695390782	11.31	-0.0	3.8162262024048097	3.8162262024048097	11.31	0.01	0.4892597695390782	0.4892597695390782	11.31	0.0	282.0	276.11	1073.86	-128.89	0	1
PROTOTYPE	040418	04/16/18	10:10:30	0.4892597695390782	0.4892597695390782	11.3	-0.0	3.8162262024048097	3.8162262024048097	11.3	0.01	0.4892597695390782	0.4892597695390782	11.3	0.0	280.0	276.69	931.37	130.45	0	1
PROTOTYPE	040419	04/16/18	10:10:32	0.4892597695390782	0.4892597695390782	11.31	-0.0	3.8162262024048097	3.8162262024048097	11.31	0.01	0.4892597695390782	0.4892597695390782	11.31	0.0	285.0	277.94	941.8	140.88	0	1
PROTOTYPE	040420	04/16/18	10:10:33	0.4892597695390782	0.4892597695390782	11.31	-0.0	3.8162262024048097	3.8162262024048097	11.31	0.01	0.4892597695390782	0.4892597695390782	11.31	0.0	271.0	276.9	843.77	-165.25	0	1
PROTOTYPE	040421	04/16/18	10:10:34	0.4892597695390782	0.4892597695390782	11.33	-0.0	3.8162262024048097	3.8162262024048097	11.33	0.01	0.4892597695390782	0.4892597695390782	11.33	0.0	280.0	277.36	838.56	-170.47	0	1
PROTOTYPE	040422	04/16/18	10:10:36	0.4892597695390782	0.4892597695390782	11.33	-0.0	3.8162262024048097	3.8162262024048097	11.33	0.01	0.4892597695390782	0.4892597695390782	11.33	0.0	274.0	276.86	887.27	-219.9	0	1
PROTOTYPE	040423	04/16/18	10:10:37	0.4892597695390782	0.4892597695390782	11.32	-0.0	3.8162262024048097	3.8162262024048097	11.32	0.01	0.4892597695390782	0.4892597695390782	11.32	0.0	282.0	277.63	813.57	8.09	0	1
PROTOTYPE	040424	04/16/18	10:10:39	0.4892597695390782	0.4892597695390782	11.32	-0.0	3.8162262024048097	3.8162262024048097	11.32	0.0	0.4892597695390782	0.4892597695390782	11.32	0.0	279.0	277.83	585.97	276.88	0	1
PROTOTYPE	040425	04/16/18	10:10:40	0.5871117234468938	0.5039375626252506	24.96	15.0	3.8162262024048097	3.8162262024048097	11.31	0.0	0.4892597695390782	0.4892597695390782	11.31	0.0	275.0	277.41	524.48	130.34	0	1
PROTOTYPE	040426	04/16/18	10:10:42	0.4892597695390782	0.5019805235470942	26.22	12.75	3.8162262024048097	3.8162262024048097	11.32	0.0	0.4892597695390782	0.4892597695390782	11.32	0.0	278.0	277.5	475.02	80.79	0	1
PROTOTYPE	040427	04/16/18	10:10:43	0.4892597695390782	0.5000234844689379	27.18	10.84	3.8162262024048097	3.8162262024048097	11.32	0.0	0.4892597695390782	0.4892597695390782	11.32	0.0	274.0	276.97	402.85	-96.33	0	1
PROTOTYPE	040428	04/16/18	10:10:44	0.4892597695390782	0.4980664453907815	27.93	9.21	3.8162262024048097	3.8162262024048097	11.32	0.0	0.4892597695390782	0.4892597695390782	11.32	0.0	283.0	277.88	389.21	98.12	0	1
PROTOTYPE	040429	04/16/18	10:10:46	0.4892597695390782	0.4970879258517034	28.46	7.83	3.8162262024048097	3.8162262024048097	11.29	0.0	0.4892597695390782	0.4892597695390782	11.29	0.0	277.0	277.75	355.86	38.4	0	1
PROTOTYPE	040430	04/16/18	10:10:47	0.4892597695390782	0.49610940631262535	28.87	6.66	3.8162262024048097	3.8162262024048097	11.27	0.0	0.4892597695390782	0.4892597695390782	11.27	0.0	277.0	277.63	316.69	77.64	0	1
PROTOTYPE	040431	04/16/18	10:10:49	0.4892597695390782	0.49513088677354705	29.18	5.66	3.8162262024048097	3.8162262024048097	11.26	0.0	0.4892597695390782	0.4892597695390782	11.26	0.0	287.0	279.04	380.04	141.0	0	1
PROTOTYPE	040432	04/16/18	10:10:50	0.4892597695390782	0.4941523672344689	29.39	4.81	3.8162262024048097	3.8162262024048097	11.23	0.0	0.4892597695390782	0.4892597695390782	11.23	0.0	293.0	281.13	568.84	329.85	0	1
PROTOTYPE	040433	04/16/18	10:10:51	0.4892597695390782	0.49317384769539074	15.9	-10.91	3.8162262024048097	3.8162262024048097	11.22	0.0	0.4892597695390782	0.4892597695390782	11.22	0.0	281.0	281.11	528.74	370.37	0	1
PROTOTYPE	040434	04/16/18	10:10:53	0.4892597695390782	0.4921953281563127	14.78	-9.28	3.8162262024048097	3.8162262024048097	11.22	0.0	0.4892597695390782	0.4892597695390782	11.22	0.0	278.0	280.65	566.48	314.81	0	1
PROTOTYPE	040435	04/16/18	10:10:54	0.4892597695390782	0.4921953281563127	13.91	-7.88	3.8162262024048097	3.8162262024048097	11.22	0.0	0.4892597695390782	0.4892597695390782	11.22	0.0	276.0	279.95	583.7	297.59	0	1
PROTOTYPE	040436	04/16/18	10:10:56	0.4892597695390782	0.4921953281563127	13.27	-6.7	3.8162262024048097	3.8162262024048097	11.26	0.0	0.4892597695390782	0.4892597695390782	11.26	0.0	279.0	279.81	507.6	192.95	0	1
PROTOTYPE	040437	04/16/18	10:10:57	0.4892597695390782	0.4912168086172345	12.78	-5.7	3.8162262024048097	3.8162262024048097	11.28	0.0	0.4892597695390782	0.4892597695390782	11.28	0.0	282.0	280.14	527.29	239.01	0	1
PROTOTYPE	040438	04/16/18	10:10:58	0.4892597695390782	0.4912168086172345	12.38	-4.84	3.8162262024048097	3.8162262024048097	11.28	0.0	0.4892597695390782	0.4892597695390782	11.28	0.0	273.0	279.07	623.07	143.16	0	1
PROTOTYPE	040439	04/16/18	10:11:00	0.4892597695390782	0.4912168086172345	12.12	-4.12	3.8162262024048097	3.8162262024048097	11.31	0.0	0.4892597695390782	0.4892597695390782	11.31	0.0	289.0	280.56	631.59	151.69	0	1
PROTOTYPE	040440	04/16/18	10:11:01	0.4892597695390782	0.49023828907815625	11.92	-3.5	3.8162262024048097	3.8162262024048097	11.33	0.0	0.4892597695390782	0.4892597695390782	11.33	0.0	277.0	280.02	475.52	-111.07	0	1
PROTOTYPE	040441	04/16/18	10:11:03	0.4892597695390782	0.49023828907815625	11.77	-2.97	3.8162262024048097	3.8162262024048097	11.34	0.0	0.4892597695390782	0.4892597695390782	11.34	0.0	283.0	280.47	517.77	-64.41	0	1
PROTOTYPE	040442	04/16/18	10:11:04	0.4892597695390782	0.49023828907815625	11.67	-2.53	3.8162262024048097	3.8162262024048097	11.36	0.0	0.4892597695390782	0.4892597695390782	11.36	0.0	265.0	278.15	703.1	-249.75	0	1
PROTOTYPE	040443	04/16/18	10:11:05	0.4892597695390782	0.49023828907815625	11.57	-2.15	3.8162262024048097	3.8162262024048097	11.35	0.0	0.4892597695390782	0.4892597695390782	11.35	0.0	280.0	278.43	661.2	-152.28	0	1
PROTOTYPE	040444	04/16/18	10:11:07	0.4892597695390782	0.49023828907815625	11.48	-1.83	3.8162262024048097	3.8162262024048097	11.32	0.0	0.4892597695390782	0.4892597695390782	11.32	0.0	282.0	278.96	700.51	-84.44	0	1
PROTOTYPE	040445	04/16/18	10:11:08	0.4892597695390782	0.49023828907815625	11.45	-1.55	3.8162262024048097	3.8162262024048097	11.33	0.0	0.4892597695390782	0.4892597695390782	11.33	0.0	276.0	278.52	712.04	-161.78	0	1
PROTOTYPE	040446	04/16/18	10:11:10	0.4892597695390782	0.4892597695390782	11.44	-1.32	3.8162262024048097	3.8162262024048097	11.36	0.0	0.4892597695390782	0.4892597695390782	11.36	0.0	270.0	277.24	732.77	-182.51	0	1
PROTOTYPE	040447	04/16/18	10:11:11	0.4892597695390782	0.4892597695390782	11.41	-1.12	3.8162262024048097	3.8162262024048097	11.35	0.0	0.4892597695390782	0.4892597695390782	11.35	0.0	267.0	275.7	737.36	-485.13	0	1
PROTOTYPE	040448	04/16/18	10:11:13	0.4892597695390782	0.4892597695390782	11.42	-0.95	3.8162262024048097	3.8162262024048097	11.38	0.0	0.4892597695390782	0.4892597695390782	11.38	0.0	283.0	276.8	793.45	-322.36	0	1
PROTOTYPE	040449	04/16/18	10:11:14	0.4892597695390782	0.4892597695390782	11.43	-0.81	3.8162262024048097	3.8162262024048097	11.4	0.0	0.4892597695390782	0.4892597695390782	11.4	0.0	282.0	277.58	826.8	-289.01	0	1
PROTOTYPE	040450	04/16/18	10:11:15	0.4892597695390782	0.4892597695390782	11.39	-0.69	3.8162262024048097	3.8162262024048097	11.37	0.0	0.4892597695390782	0.4892597695390782	11.37	0.0	270.0	276.44	708.45	-170.66	0	1
PROTOTYPE	040451	04/16/18	10:11:17	0.4892597695390782	0.4892597695390782	11.39	-0.59	3.8162262024048097	3.8162262024048097	11.37	0.0	0.4892597695390782	0.4892597695390782	11.37	0.0	288.0	278.18	854.02	-25.06	0	1
PROTOTYPE	040452	04/16/18	10:11:18	0.4892597695390782	0.4892597695390782	11.37	-0.5	3.8162262024048097	3.8162262024048097	11.36	0.0	0.4892597695390782	0.4892597695390782	11.36	0.0	286.0	279.35	917.77	38.7	0	1
PROTOTYPE	040453	04/16/18	10:11:20	0.4892597695390782	0.4892597695390782	11.35	-0.42	3.8162262024048097	3.8162262024048097	11.34	0.0	0.4892597695390782	0.4892597695390782	11.34	0.0	283.0	279.9	928.09	137.9	0	1
PROTOTYPE	040454	04/16/18	10:11:21	0.4892597695390782	0.4892597695390782	11.33	-0.36	3.8162262024048097	3.8162262024048097	11.33	0.0	0.4892597695390782	0.4892597695390782	11.33	0.0	277.0	279.46	843.79	222.21	0	1
PROTOTYPE	040455	04/16/18	10:11:23	0.4892597695390782	0.4892597695390782	11.33	-0.31	3.8162262024048097	3.8162262024048097	11.33	0.0	0.4892597695390782	0.4892597695390782	11.33	0.0	270.0	278.04	832.12	233.88	0	1
PROTOTYPE	040456	04/16/18	10:11:24	0.4892597695390782	0.4892597695390782	11.31	-0.26	3.8162262024048097	3.8162262024048097	11.31	0.0	0.4892597695390782	0.4892597695390782	11.31	0.0	275.0	277.59	768.34	78.8	0	1
PROTOTYPE	040457	04/16/18	10:11:25	0.4892597695390782	0.4892597695390782	11.33	-0.22	3.8162262024048097	3.8162262024048097	11.33	0.0	0.4892597695390782	0.4892597695390782	11.33	0.0	272.0	276.75	774.12	-83.02	0	1
PROTOTYPE	040458	04/16/18	10:11:27	0.4892597695390782	0.4892597695390782	11.34	-0.19	3.8162262024048097	3.8162262024048097	11.34	0.0	0.4892597695390782	0.4892597695390782	11.34	0.0	283.0	277.69	754.21	124.43	0	1
PROTOTYPE	040459	04/16/18	10:11:28	0.4892597695390782	0.4892597695390782	11.34	-0.16	3.8162262024048097	3.8162262024048097	11.34	0.0	0.4892597695390782	0.4892597695390782	11.34	0.0	269.0	276.38	711.13	-179.23	0	1
PROTOTYPE	040460	04/16/18	10:11:30	0.4892597695390782	0.4892597695390782	11.34	-0.14	3.8162262024048097	3.8162262024048097	11.34	0.0	0.4892597695390782	0.4892597695390782	11.34	0.0	278.0	276.63	618.05	-272.35	0	1
PROTOTYPE	040461	04/16/18	10:11:31	0.4892597695390782	0.4892597695390782	11.36	-0.12	3.8162262024048097	3.8162262024048097	11.36	0.0	0.4892597695390782	0.4892597695390782	11.36	0.0	270.0	275.63	662.67	-426.5	0	1
PROTOTYPE	040462	04/16/18	10:11:32	0.4892597695390782	0.4892597695390782	11.34	-0.1	3.8162262024048097	3.8162262024048097	11.34	0.0	0.4892597695390782	0.4892597695390782	11.34	0.0	286.0	277.19	774.72	-227.52	0	1
PROTOTYPE	040463	04/16/18	10:11:34	0.4892597695390782	0.4892597695390782	11.34	-0.08	3.8162262024048097	3.8162262024048097	11.34	0.0	0.4892597695390782	0.4892597695390782	11.34	0.0	285.0	278.36	749.98	31.61	0	1
PROTOTYPE	040464	04/16/18	10:11:35	0.4892597695390782	0.4892597695390782	11.33	-0.07	3.8162262024048097	3.8162262024048097	11.33	0.0	0.4892597695390782	0.4892597695390782	11.33	0.0	284.0	279.21	788.94	161.87	0	1
PROTOTYPE	040465	04/16/18	10:11:37	0.4892597695390782	0.4892597695390782	11.28	-0.06	3.8162262024048097	3.8162262024048097	11.28	0.0	0.4892597695390782	0.4892597695390782	11.28	0.0	278.0	279.02	723.26	227.59	0	1
PROTOTYPE	040466	04/16/18	10:11:39	0.4892597695390782	0.4892597695390782	11.88	-0.05	3.8162262024048097	3.8162262024048097	11.88	0.0	0.4892597695390782	0.4892597695390782	11.88	0.0	287.0	280.22	749.13	253.45	0	1
PROTOTYPE	040467	04/16/18	10:11:40	0.4892597695390782	0.4892597695390782	11.92	-0.04	3.8162262024048097	3.8162262024048097	11.92	0.0	0.4892597695390782	0.4892597695390782	11.92	0.0	270.0	278.69	772.14	230.43	0	1
PROTOTYPE	040468	04/16/18	10:11:42	0.4892597695390782	0.4892597695390782	11.91	-0.04	3.8162262024048097	3.8162262024048097	11.91	0.0	0.4892597695390782	0.4892597695390782	11.91	0.0	273.0	277.83	833.18	120.87	0	1
PROTOTYPE	040469	04/16/18	10:11:43	0.4892597695390782	0.4892597695390782	11.88	-0.03	3.8162262024048097	3.8162262024048097	11.88	0.0	0.4892597695390782	0.4892597695390782	11.88	0.0	274.0	277.26	791.32	162.74	0	1
PROTOTYPE	040470	04/16/18	10:11:44	0.4892597695390782	0.4892597695390782	11.87	-0.03	3.8162262024048097	3.8162262024048097	11.87	0.0	0.4892597695390782	0.4892597695390782	11.87	0.0	273.0	276.62	699.69	-56.67	0	1
PROTOTYPE	040471	04/16/18	10:11:46	0.4892597695390782	0.4892597695390782	11.89	-0.02	3.8162262024048097	3.8162262024048097	11.89	0.0	0.4892597695390782	0.4892597695390782	11.89	0.0	281.0	277.28	648.2	-108.17	0	1
PROTOTYPE	040472	04/16/18	10:11:47	0.4892597695390782	0.4892597695390782	11.89	-0.02	3.8162262024048097	3.8162262024048097	11.89	0.0	0.4892597695390782	0.4892597695390782	11.89	0.0	277.0	277.24	567.97	-196.95	0	1
PROTOTYPE	040473	04/16/18	10:11:49	0.4892597695390782	0.4892597695390782	11.9	-0.02	3.8162262024048097	3.8162262024048097	11.9	0.0	0.4892597695390782	0.4892597695390782	11.9	0.0	282.0	277.95	621.31	-107.41	0	1
PROTOTYPE	040474	04/16/18	10:11:50	0.4892597695390782	0.4892597695390782	11.29	-0.01	3.8162262024048097	3.8162262024048097	11.29	0.0	0.4892597695390782	0.4892597695390782	11.29	0.0	279.0	278.11	517.47	-211.29	0	1
PROTOTYPE	040475	04/16/18	10:11:51	0.4892597695390782	0.4892597695390782	11.26	-0.01	3.8162262024048097	3.8162262024048097	11.26	0.0	0.4892597695390782	0.4892597695390782	11.26	0.0	277.0	277.94	380.83	-74.6	0	1
PROTOTYPE	040476	04/16/18	10:11:53	0.4892597695390782	0.4892597695390782	11.27	-0.01	3.8162262024048097	3.8162262024048097	11.27	0.0	0.4892597695390782	0.4892597695390782	11.27	0.0	287.0	279.3	431.39	146.59	0	1
PROTOTYPE	040477	04/16/18	10:11:54	0.4892597695390782	0.4892597695390782	11.3	-0.01	3.8162262024048097	3.8162262024048097	11.3	0.0	0.4892597695390782	0.4892597695390782	11.3	0.0	282.0	279.71	414.37	244.6	0	1
PROTOTYPE	040478	04/16/18	10:11:56	0.4892597695390782	0.4892597695390782	11.31	-0.01	3.8162262024048097	3.8162262024048097	11.31	0.0	0.4892597695390782	0.4892597695390782	11.31	0.0	282.0	280.05	384.91	342.91	0	1
PROTOTYPE	040479	04/16/18	10:11:57	0.4892597695390782	0.4892597695390782	11.29	-0.01	3.8162262024048097	3.8162262024048097	11.29	0.0	0.4892597695390782	0.4892597695390782	11.29	0.0	287.0	281.09	423.47	381.47	0	1
PROTOTYPE	040480	04/16/18	10:11:58	0.4892597695390782	0.4892597695390782	11.28	-0.01	3.8162262024048097	3.8162262024048097	11.28	0.0	0.4892597695390782	0.4892597695390782	11.28	0.0	273.0	279.88	540.47	264.25	0	1
PROTOTYPE	040481	04/16/18	10:12:00	0.4892597695390782	0.4892597695390782	11.28	-0.0	3.8162262024048097	3.8162262024048097	11.28	0.0	0.4892597695390782	0.4892597695390782	11.28	0.0	274.0	279.0	557.18	104.62	0	1
PROTOTYPE	040482	04/16/18	10:12:01	0.4892597695390782	0.4892597695390782	11.32	-0.0	3.8162262024048097	3.8162262024048097	11.32	0.0	0.4892597695390782	0.4892597695390782	11.32	0.0	267.0	277.2	721.32	-91.08	0	1
PROTOTYPE	040483	04/16/18	10:12:03	0.4892597695390782	0.4892597695390782	11.32	-0.0	3.8162262024048097	3.8162262024048097	11.32	0.0	0.4892597695390782	0.4892597695390782	11.32	0.0	283.0	278.07	791.7	12.58	0	1
PROTOTYPE	040484	04/16/18	10:12:04	0.4892597695390782	0.4892597695390782	11.33	-0.0	3.8162262024048097	3.8162262024048097	11.33	0.0	0.4892597695390782	0.4892597695390782	11.33	0.0	275.0	277.61	701.85	-169.3	0	1
PROTOTYPE	040485	04/16/18	10:12:06	0.4892597695390782	0.4892597695390782	11.29	-0.0	3.8162262024048097	3.8162262024048097	11.29	0.0	0.4892597695390782	0.4892597695390782	11.29	0.0	270.0	276.47	775.45	-323.91	0	1
PROTOTYPE	040486	04/16/18	10:12:07	0.4892597695390782	0.4892597695390782	11.29	-0.0	3.8162262024048097	3.8162262024048097	11.29	0.0	0.4892597695390782	0.4892597695390782	11.29	0.0	264.0	274.6	928.0	-545.32	0	1
PROTOTYPE	040487	04/16/18	10:12:08	0.4892597695390782	0.4892597695390782	11.31	-0.0	3.8162262024048097	3.8162262024048097	11.31	0.0	0.4892597695390782	0.4892597695390782	11.31	0.0	287.0	276.46	1009.8	-463.52	0	1
PROTOTYPE	040488	04/16/18	10:12:10	0.4892597695390782	0.4892597695390782	11.34	-0.0	3.8162262024048097	3.8162262024048097	11.34	0.0	0.4892597695390782	0.4892597695390782	11.34	0.0	284.0	277.59	1001.56	-228.99	0	1
PROTOTYPE	040489	04/16/18	10:12:11	0.4892597695390782	0.4892597695390782	11.35	-0.0	3.8162262024048097	3.8162262024048097	11.35	0.0	0.39140781563126253	0.4745819764529058	24.99	-15.0	272.0	276.75	997.22	-224.65	0	1
PROTOTYPE	040490	04/16/18	10:12:13	0.4892597695390782	0.4892597695390782	11.32	-0.0	3.8162262024048097	3.8162262024048097	11.32	0.0	0.4892597695390782	0.4765390155310621	26.21	-12.75	278.0	276.94	836.06	-25.95	0	1
PROTOTYPE	040491	04/16/18	10:12:14	0.4892597695390782	0.4892597695390782	11.31	-0.0	3.8162262024048097	3.8162262024048097	11.31	0.0	0.4892597695390782	0.47849605460921835	27.17	-10.84	282.0	277.7	824.96	-37.06	0	1
PROTOTYPE	040492	04/16/18	10:12:15	0.4892597695390782	0.4892597695390782	11.29	-0.0	3.8162262024048097	3.8162262024048097	11.29	0.0	0.4892597695390782	0.48045309368737477	27.89	-9.21	288.0	279.24	933.48	163.5	0	1
PROTOTYPE	040493	04/16/18	10:12:17	0.4892597695390782	0.4892597695390782	11.31	-0.0	3.8162262024048097	3.8162262024048097	11.31	0.0	0.4892597695390782	0.48143161322645295	28.48	-7.83	283.0	279.81	875.74	333.98	0	1
PROTOTYPE	040494	04/16/18	10:12:18	0.4892597695390782	0.4892597695390782	11.33	-0.0	3.8162262024048097	3.8162262024048097	11.33	0.0	0.4892597695390782	0.482410132765531	28.92	-6.66	270.0	278.34	835.84	373.88	0	1
PROTOTYPE	040495	04/16/18	10:12:20	0.4892597695390782	0.4892597695390782	11.31	-0.0	3.8162262024048097	3.8162262024048097	11.31	0.0	0.4892597695390782	0.48338865230460926	29.22	-5.66	275.0	277.83	699.82	137.8	0	1
PROTOTYPE	040496	04/16/18	10:12:21	0.4892597695390782	0.4892597695390782	11.29	-0.0	3.718374248496994	3.801548409318637	24.94	-15.0	0.4892597695390782	0.48436717184368744	29.43	-4.81	287.0	279.21	724.15	162.13	0	1
PROTOTYPE	040497	04/16/18	10:12:23	0.4892597695390782	0.4892597695390782	11.28	-0.0	3.8162262024048097	3.8035054483967934	26.18	-12.75	0.4892597695390782	0.4853456913827655	15.95	10.91	276.0	278.73	688.48	197.81	0	1
PROTOTYPE	040498	04/16/18	10:12:24	0.4892597695390782	0.4892597695390782	11.29	-0.0	3.8162262024048097	3.8054624874749496	27.15	-10.84	0.4892597695390782	0.4863242109218437	14.84	9.28	287.0	279.97	793.76	303.14	0	1
PROTOTYPE	040499	04/16/18	10:12:25	0.4892597695390782	0.4892597695390782	11.3	-0.0	3.8162262024048097	3.8074195265531063	27.9	-9.21	0.4892597695390782	0.4863242109218437	13.98	7.88	287.0	281.02	823.29	332.67	0	1
PROTOTYPE	040500	04/16/18	10:12:27	0.4892597695390782	0.4892597695390782	11.29	-0.0	3.8162262024048097	3.8083980460921847	28.46	-7.83	0.4892597695390782	0.4863242109218437	13.29	6.7	273.0	279.82	789.1	57.77	0	1
PROTOTYPE	040501	04/16/18	10:12:28	0.4892597695390782	0.4892597695390782	11.29	-0.0	3.8162262024048097	3.8093765656312626	28.89	-6.66	0.4892597695390782	0.48730273046092193	12.78	5.7	284.0	280.45	795.43	64.1	0	1
PROTOTYPE	040502	04/16/18	10:12:30	0.4892597695390782	0.4892597695390782	11.28	-0.0	3.8162262024048097	3.8103550851703405	29.19	-5.66	0.4892597695390782	0.48730273046092193	12.38	4.84	280.0	280.38	655.19	204.49	0	1
PROTOTYPE	040503	04/16/18	10:12:31	0.4892597695390782	0.4892597695390782	11.27	-0.0	3.718374248496994	3.7966558116232463	42.0	-19.81	0.4892597695390782	0.48730273046092193	12.08	4.12	266.0	278.22	820.84	38.81	0	1
PROTOTYPE	040504	04/16/18	10:12:32	0.4892597695390782	0.4892597695390782	11.27	-0.0	3.718374248496994	3.7849135771543088	39.05	-16.84	0.4892597695390782	0.48828125	11.86	3.5	281.0	278.64	725.04	-57.01	0	1
PROTOTYPE	040505	04/16/18	10:12:34	0.4892597695390782	0.4892597695390782	11.26	-0.0	3.8162262024048097	3.789806174849699	41.37	-14.31	0.4892597695390782	0.48828125	11.69	2.97	284.0	279.44	757.29	71.54	0	1
PROTOTYPE	040506	04/16/18	10:12:35	0.4892597695390782	0.4892597695390782	11.26	-0.0	3.8162262024048097	3.793720253006012	43.29	-12.16	0.4892597695390782	0.48828125	11.57	2.53	278.0	279.23	654.91	-74.19	0	1
PROTOTYPE	040507	04/16/18	10:12:37	0.4892597695390782	0.4892597695390782	11.28	-0.0	3.8162262024048097	3.7966558116232463	44.87	-10.34	0.4892597695390782	0.48828125	11.51	2.15	278.0	279.04	567.89	-198.06	0	1
PROTOTYPE	040508	04/16/18	10:12:38	0.4892597695390782	0.4892597695390782	11.31	-0.0	3.8162262024048097	3.7995913702404804	46.17	-8.79	0.4892597695390782	0.48828125	11.47	1.83	270.0	277.69	583.19	-213.35	0	1
PROTOTYPE	040509	04/16/18	10:12:39	0.4892597695390782	0.4892597695390782	11.31	-0.0	3.8162262024048097	3.8025269288577155	47.2	-7.47	0.4892597695390782	0.48828125	11.43	1.55	278.0	277.73	525.38	-271.35	0	1
PROTOTYPE	040510	04/16/18	10:12:41	0.4892597695390782	0.4892597695390782	11.31	-0.0	3.8162262024048097	3.804483967935872	48.01	-6.35	0.4892597695390782	0.4892597695390782	11.4	1.32	281.0	278.22	567.54	-215.65	0	1
PROTOTYPE	040511	04/16/18	10:12:42	0.4892597695390782	0.4892597695390782	11.33	-0.0	3.8162262024048097	3.8064410070140275	36.09	9.6	0.4892597695390782	0.4892597695390782	11.39	1.12	282.0	278.79	408.5	56.7	0	1
PROTOTYPE	040512	04/16/18	10:12:44	0.4892597695390782	0.4892597695390782	11.32	-0.0	3.8162262024048097	3.8074195265531063	26.05	23.16	0.4892597695390782	0.4892597695390782	11.36	0.95	281.0	279.12	400.0	48.2	0	1
PROTOTYPE	040513	04/16/18	10:12:45	0.4892597695390782	0.4892597695390782	11.33	-0.0	3.8162262024048097	3.8093765656312626	22.99	19.69	0.4892597695390782	0.4892597695390782	11.36	0.81	272.0	278.05	426.42	-139.03	0	1
PROTOTYPE	040514	04/16/18	10:12:47	0.4892597695390782	0.4892597695390782	11.34	-0.0	3.8162262024048097	3.8103550851703405	20.5	16.73	0.4892597695390782	0.4892597695390782	11.36	0.69	276.0	277.75	435.55	-148.18	0	1
PROTOTYPE	040515	04/16/18	10:12:48	0.4892597695390782	0.4892597695390782	11.33	-0.0	3.8162262024048097	3.811333604709419	18.47	14.22	0.4892597695390782	0.4892597695390782	11.35	0.59	276.0	277.48	443.3	-155.95	0	1
PROTOTYPE	040516	04/16/18	10:12:49	0.4892597695390782	0.4892597695390782	11.34	-0.0	3.718374248496994	3.7966558116232463	29.49	-2.91	0.4892597695390782	0.4892597695390782	11.35	0.5	267.0	275.91	464.91	-177.56	0	1
PROTOTYPE	040517	04/16/18	10:12:51	0.4892597695390782	0.4892597695390782	11.35	-0.0	3.718374248496994	3.7849135771543088	38.77	-17.47	0.4892597695390782	0.4892597695390782	11.36	0.42	280.0	276.52	521.35	-120.93	0	1
PROTOTYPE	040518	04/16/18	10:12:52	0.4892597695390782	0.4892597695390782	11.34	-0.0	3.8162262024048097	3.789806174849699	41.17	-14.85	0.4892597695390782	0.4892597695390782	11.35	0.36	279.0	276.9	509.5	-132.79	0	1
PROTOTYPE	040519	04/16/18	10:12:54	0.4892597695390782	0.4892597695390782	11.36	-0.0	3.8162262024048097	3.793720253006012	43.16	-12.62	0.4892597695390782	0.4892597695390782	11.36	0.31	286.0	278.26	589.41	-52.87	0	1
PROTOTYPE	040520	04/16/18	10:12:55	0.4892597695390782	0.4892597695390782	11.36	-0.0	3.8162262024048097	3.797634331162325	44.78	-10.73	0.4892597695390782	0.4892597695390782	11.36	0.26	272.0	277.32	650.16	-179.94	0	1
PROTOTYPE	040521	04/16/18	10:12:56	0.4892597695390782	0.4892597695390782	11.35	-0.0	3.8162262024048097	3.8005698897795592	46.09	-9.12	0.4892597695390782	0.4892597695390782	11.35	0.22	283.0	278.17	628.51	12.05	0	1
PROTOTYPE	040522	04/16/18	10:12:58	0.4892597695390782	0.4892597695390782	11.33	-0.0	3.8162262024048097	3.8025269288577155	47.13	-7.75	0.4892597695390782	0.4892597695390782	11.33	0.19	271.0	277.1	705.29	-64.76	0	1
PROTOTYPE	040523	04/16/18	10:12:59	0.4892597695390782	0.4892597695390782	11.33	-0.0	3.8162262024048097	3.804483967935872	47.97	-6.59	0.4892597695390782	0.4892597695390782	11.33	0.16	285.0	278.28	797.61	79.96	0	1
PROTOTYPE	040524	04/16/18	10:13:01	0.4892597695390782	0.4892597695390782	11.3	-0.0	3.8162262024048097	3.8064410070140275	35.96	9.4	0.4892597695390782	0.4892597695390782	11.3	0.14	281.0	278.69	681.13	277.96	0	1
PROTOTYPE	040525	04/16/18	10:13:02	0.4892597695390782	0.4892597695390782	11.29	-0.0	3.8162262024048097	3.8074195265531063	25.88	22.99	0.4892597695390782	0.4892597695390782	11.29	0.12	278.0	278.59	630.24	206.27	0	1
PROTOTYPE	040526	04/16/18	10:13:04	0.4892597695390782	0.4892597695390782	11.3	-0.0	3.8162262024048097	3.8093765656312626	22.85	19.54	0.4892597695390782	0.4892597695390782	11.3	0.1	283.0	279.25	659.28	235.33	0	1
PROTOTYPE	040527	04/16/18	10:13:05	0.4892597695390782	0.4892597695390782	11.28	-0.0	3.8162262024048097	3.8103550851703405	20.37	16.61	0.4892597695390782	0.4892597695390782	11.28	0.08	273.0	278.31	616.46	5.03	0	1
PROTOTYPE	040528	04/16/18	10:13:06	0.4892597695390782	0.4892597695390782	11.28	-0.0	3.8162262024048097	3.811333604709419	18.35	14.12	0.4892597695390782	0.4892597695390782	11.28	0.07	281.0	278.71	562.88	139.28	0	1
PROTOTYPE	040529	04/16/18	10:13:08	0.4892597695390782	0.4892597695390782	11.3	-0.0	3.8162262024048097	3.8123121242484967	16.75	12.0	0.4892597695390782	0.4892597695390782	11.3	0.06	279.0	278.76	482.2	58.38	0	1
PROTOTYPE	040530	04/16/18	10:13:09	0.4892597695390782	0.4892597695390782	11.29	-0.0	3.8162262024048097	3.8123121242484967	15.46	10.2	0.4892597695390782	0.4892597695390782	11.29	0.05	279.0	278.79	378.48	169.63	0	1
PROTOTYPE	040531	04/16/18	10:13:11	0.4892597695390782	0.4892597695390782	11.28	-0.0	3.8162262024048097	3.8132906437875755	14.44	8.67	0.4892597695390782	0.4892597695390782	11.28	0.04	286.0	279.87	368.04	159.18	0	1
PROTOTYPE	040532	04/16/18	10:13:12	0.4892597695390782	0.4892597695390782	11.29	-0.0	3.8162262024048097	3.8132906437875755	13.66	7.37	0.4892597695390782	0.4892597695390782	11.29	0.04	274.0	278.99	415.4	30.31	0	1
PROTOTYPE	040533	04/16/18	10:13:13	0.4892597695390782	0.4892597695390782	11.29	-0.0	3.8162262024048097	3.814269163326653	13.06	6.26	0.4892597695390782	0.4892597695390782	11.29	0.03	285.0	279.89	495.05	130.76	0	1
PROTOTYPE	040534	04/16/18	10:13:15	0.4892597695390782	0.4892597695390782	11.29	-0.0	3.8162262024048097	3.814269163326653	12.6	5.32	0.4892597695390782	0.4892597695390782	11.29	0.03	282.0	280.21	460.45	96.15	0	1
PROTOTYPE	040535	04/16/18	10:13:16	0.4892597695390782	0.4892597695390782	11.27	-0.0	3.8162262024048097	3.814269163326653	12.24	4.53	0.4892597695390782	0.4892597695390782	11.27	0.02	279.0	280.03	384.92	171.72	0	1
PROTOTYPE	040536	04/16/18	10:13:18	0.4892597695390782	0.4892597695390782	11.27	-0.0	3.8162262024048097	3.815247682865732	11.98	3.85	0.4892597695390782	0.4892597695390782	11.27	0.02	279.0	279.87	360.06	115.97	0	1
PROTOTYPE	040537	04/16/18	10:13:19	0.4892597695390782	0.4892597695390782	11.27	-0.0	3.8162262024048097	3.815247682865732	11.79	3.27	0.4892597695390782	0.4892597695390782	11.27	0.02	272.0	278.69	473.68	-6.43	0	1
PROTOTYPE	040538	04/16/18	10:13:20	0.4892597695390782	0.4892597695390782	11.28	-0.0	3.8162262024048097	3.815247682865732	11.66	2.78	0.4892597695390782	0.4892597695390782	11.28	0.01	274.0	277.99	540.2	-80.47	0	1
PROTOTYPE	040539	04/16/18	10:13:22	0.4892597695390782	0.4892597695390782	11.27	-0.0	3.8162262024048097	3.815247682865732	11.54	2.36	0.4892597695390782	0.4892597695390782	11.27	0.01	282.0	278.59	492.28	-128.4	0	1
PROTOTYPE	040540	04/16/18	10:13:23	0.4892597695390782	0.4892597695390782	11.28	-0.0	3.8162262024048097	3.815247682865732	11.48	2.01	0.4892597695390782	0.4892597695390782	11.28	0.01	284.0	279.4	485.29	40.86	0	1
PROTOTYPE	040541	04/16/18	10:13:25	0.4892597695390782	0.4892597695390782	11.29	-0.0	3.8162262024048097	3.815247682865732	11.43	1.71	0.4892597695390782	0.4892597695390782	11.29	0.01	272.0	278.29	506.23	-160.27	0	1
PROTOTYPE	040542	04/16/18	10:13:26	0.4892597695390782	0.4892597695390782	11.29	-0.0	3.8162262024048097	3.815247682865732	11.39	1.45	0.4892597695390782	0.4892597695390782	11.29	0.01	288.0	279.75	620.24	-46.23	0	1
PROTOTYPE	040543	04/16/18	10:13:28	0.4892597695390782	0.4892597695390782	11.29	-0.0	3.8162262024048097	3.8162262024048097	11.36	1.23	0.4892597695390782	0.4892597695390782	11.29	0.01	290.0	281.29	755.82	125.71	0	1
PROTOTYPE	040544	04/16/18	10:13:29	0.4892597695390782	0.4892597695390782	11.3	-0.0	3.8162262024048097	3.8162262024048097	11.35	1.05	0.4892597695390782	0.4892597695390782	11.3	0.01	272.0	279.89	879.62	1.85	0	1
PROTOTYPE	040545	04/16/18	10:13:30	0.4892597695390782	0.4892597695390782	11.3	-0.0	3.8162262024048097	3.8162262024048097	11.34	0.89	0.4892597695390782	0.4892597695390782	11.3	0.0	277.0	279.46	804.91	76.57	0	1
PROTOTYPE	040546	04/16/18	10:13:32	0.4892597695390782	0.4892597695390782	11.31	-0.0	3.8162262024048097	3.8162262024048097	11.34	0.76	0.4892597695390782	0.4892597695390782	11.31	0.0	270.0	278.04	876.39	5.09	0	1
PROTOTYPE	040547	04/16/18	10:13:33	0.4892597695390782	0.4892597695390782	11.33	-0.0	3.8162262024048097	3.8162262024048097	11.35	0.64	0.4892597695390782	0.4892597695390782	11.33	0.0	270.0	276.83	936.82	-175.68	0	1
PROTOTYPE	040548	04/16/18	10:13:35	0.4892597695390782	0.4892597695390782	11.31	-0.0	3.8162262024048097	3.8162262024048097	11.32	0.55	0.4892597695390782	0.4892597695390782	11.31	0.0	275.0	276.56	883.22	-284.32	0	1
PROTOTYPE	040549	04/16/18	10:13:36	0.4892597695390782	0.4892597695390782	11.3	-0.0	3.8162262024048097	3.8162262024048097	11.31	0.47	0.4892597695390782	0.4892597695390782	11.3	0.0	279.0	276.93	808.82	-136.68	0	1
PROTOTYPE	040550	04/16/18	10:13:37	0.4892597695390782	0.4892597695390782	11.32	-0.0	3.8162262024048097	3.8162262024048097	11.33	0.4	0.4892597695390782	0.4892597695390782	11.32	0.0	280.0	277.39	709.34	-236.17	0	1
PROTOTYPE	040551	04/16/18	10:13:39	0.4892597695390782	0.4892597695390782	11.32	-0.0	3.8162262024048097	3.8162262024048097	11.32	0.34	0.4892597695390782	0.4892597695390782	11.32	0.0	278.0	277.48	564.86	-380.75	0	1
PROTOTYPE	040552	04/16/18	10:13:40	0.4892597695390782	0.4892597695390782	11.32	-0.0	3.8162262024048097	3.8162262024048097	11.32	0.29	0.4892597695390782	0.4892597695390782	11.32	0.0	262.0	275.16	657.75	-473.64	0	1
PROTOTYPE	040553	04/16/18	10:13:42	0.4892597695390782	0.4892597695390782	11.37	-0.0	3.8162262024048097	3.8162262024048097	11.37	0.24	0.4892597695390782	0.4892597695390782	11.37	0.0	279.0	275.73	672.0	-372.59	0	1
PROTOTYPE	040554	04/16/18	10:13:43	0.4892597695390782	0.4892597695390782	11.35	-0.0	3.8162262024048097	3.8162262024048097	11.35	0.21	0.4892597695390782	0.4892597695390782	11.35	0.0	270.0	274.87	616.11	-316.7	0	1
PROTOTYPE	040555	04/16/18	10:13:45	0.4892597695390782	0.4892597695390782	11.35	-0.0	3.8162262024048097	3.8162262024048097	11.35	0.18	0.4892597695390782	0.4892597695390782	11.35	0.0	284.0	276.24	632.41	-59.2	0	1
PROTOTYPE	040556	04/16/18	10:13:46	0.4892597695390782	0.4892597695390782	11.37	-0.0	3.8162262024048097	3.8162262024048097	11.37	0.15	0.4892597695390782	0.4892597695390782	11.37	0.0	277.0	276.36	616.32	-20.32	0	1
PROTOTYPE	040557	04/16/18	10:13:47	0.4892597695390782	0.4892597695390782	11.38	-0.0	3.8162262024048097	3.8162262024048097	11.38	0.13	0.4892597695390782	0.4892597695390782	11.38	0.0	281.0	277.05	649.35	12.73	0	1
PROTOTYPE	040558	04/16/18	10:13:49	0.4892597695390782	0.4892597695390782	11.37	-0.0	3.8162262024048097	3.8162262024048097	11.37	0.11	0.4892597695390782	0.4892597695390782	11.37	0.0	285.0	278.24	722.43	85.82	0	1
PROTOTYPE	040559	04/16/18	10:13:50	0.4892597695390782	0.4892597695390782	11.38	-0.0	3.8162262024048097	3.8162262024048097	11.38	0.09	0.4892597695390782	0.4892597695390782	11.38	0.0	284.0	279.11	799.46	162.95	0	1
PROTOTYPE	040560	04/16/18	10:13:52	0.4892597695390782	0.4892597695390782	11.37	-0.0	3.8162262024048097	3.8162262024048097	11.37	0.08	0.4892597695390782	0.4892597695390782	11.37	0.0	283.0	279.69	625.68	453.51	0	1
PROTOTYPE	040561	04/16/18	10:13:53	0.4892597695390782	0.4892597695390782	11.32	-0.0	3.8162262024048097	3.8162262024048097	11.32	0.07	0.4892597695390782	0.4892597695390782	11.32	0.0	290.0	281.24	722.64	550.48	0	1
PROTOTYPE	040562	04/16/18	10:13:54	0.4892597695390782	0.4892597695390782	11.34	-0.0	3.8162262024048097	3.8162262024048097	11.34	0.06	0.4892597695390782	0.4892597695390782	11.34	0.0	282.0	281.35	648.15	647.91	0	1
PROTOTYPE	040563	04/16/18	10:13:56	0.4892597695390782	0.4892597695390782	11.32	-0.0	3.8162262024048097	3.8162262024048097	11.32	0.05	0.4892597695390782	0.4892597695390782	11.32	0.0	285.0	281.9	565.97	565.72	0	1
PROTOTYPE	040564	04/16/18	10:13:57	0.4892597695390782	0.4892597695390782	11.3	-0.0	3.8162262024048097	3.8162262024048097	11.3	0.04	0.4892597695390782	0.4892597695390782	11.3	0.0	286.0	282.51	616.04	615.86	0	1
PROTOTYPE	040565	04/16/18	10:13:59	0.4892597695390782	0.4892597695390782	11.3	-0.0	3.8162262024048097	3.8162262024048097	11.3	0.03	0.4892597695390782	0.4892597695390782	11.3	0.0	274.0	281.24	674.09	418.48	0	1
PROTOTYPE	040566	04/16/18	10:14:00	0.4892597695390782	0.4892597695390782	11.29	-0.0	3.8162262024048097	3.8162262024048097	11.29	0.03	0.4892597695390782	0.4892597695390782	11.29	0.0	283.0	281.5	581.35	325.71	0	1
