Dev_id	Index	Date	Time	Sensor1	Sensor1_Filter	Sensor1_LL	Sensor1_Diff	Sensor2	Sensor2_Filter	Sensor2_LL	Sensor2_Diff	Sensor3	Sensor3_Filter	Sensor3_LL	Sensor3_Diff	Sensor4	Sensor4_Filter	Sensor4_LL	Sensor4_Diff	Heater_Status	FSM_Status
PROTOTYPE	039567	04/16/18	09:50:27	0.4892597695390782	0.4892597695390782	11.29	-0.0	3.6205222945891786	3.6019304233466936	42.45	-19.43	0.4892597695390782	0.4892597695390782	11.29	0.0	284.0	281.82	462.26	242.65	0	1
PROTOTYPE	039568	04/16/18	09:50:28	0.4892597695390782	0.4892597695390782	11.27	-0.0	3.522670340681363	3.590188188877755	53.2	-31.52	0.4892597695390782	0.4892597695390782	11.27	0.0	273.0	280.5	585.35	101.25	0	1
PROTOTYPE	039569	04/16/18	09:50:30	0.4892597695390782	0.4892597695390782	11.29	-0.0	3.6205222945891786	3.594102267034068	56.74	-26.79	0.4892597695390782	0.4892597695390782	11.29	0.0	278.0	280.12	525.09	-33.94	0	1
PROTOTYPE	039570	04/16/18	09:50:31	0.4892597695390782	0.4892597695390782	11.29	-0.0	3.6205222945891786	3.598016345190381	45.92	-7.77	0.4892597695390782	0.4892597695390782	11.29	0.0	266.0	278.0	684.98	-193.85	0	1
PROTOTYPE	039571	04/16/18	09:50:32	0.4892597695390782	0.4892597695390782	11.3	-0.0	3.6205222945891786	3.6019304233466936	46.97	-6.61	0.4892597695390782	0.4892597695390782	11.3	0.0	272.0	277.1	684.18	-374.77	0	1
PROTOTYPE	039572	04/16/18	09:50:34	0.4892597695390782	0.4892597695390782	11.31	-0.0	3.522670340681363	3.590188188877755	56.79	-20.61	0.4892597695390782	0.4892597695390782	11.31	0.0	283.0	277.99	714.85	-228.55	0	1
PROTOTYPE	039573	04/16/18	09:50:35	0.4892597695390782	0.4892597695390782	11.32	-0.0	3.522670340681363	3.5794244739478955	65.02	-32.52	0.4892597695390782	0.4892597695390782	11.32	0.0	281.0	278.44	689.15	-254.27	0	1
PROTOTYPE	039574	04/16/18	09:50:37	0.4892597695390782	0.4892597695390782	11.29	-0.0	3.522670340681363	3.5715963176352705	60.18	-27.64	0.4892597695390782	0.4892597695390782	11.29	0.0	266.0	276.57	830.46	-486.13	0	1
PROTOTYPE	039575	04/16/18	09:50:38	0.4892597695390782	0.4892597695390782	11.26	-0.0	3.522670340681363	3.5637681613226455	64.03	-38.5	0.4892597695390782	0.4892597695390782	11.26	0.0	273.0	276.04	845.58	-578.21	0	1
PROTOTYPE	039576	04/16/18	09:50:39	0.4892597695390782	0.4892597695390782	11.25	-0.0	3.522670340681363	3.5578970440881763	58.33	-32.72	0.4892597695390782	0.4892597695390782	11.25	0.0	276.0	276.03	714.78	-446.48	0	1
PROTOTYPE	039577	04/16/18	09:50:41	0.4892597695390782	0.4892597695390782	11.22	-0.0	3.6205222945891786	3.5667037199398797	63.12	-27.81	0.4892597695390782	0.4892597695390782	11.22	0.0	276.0	276.03	678.77	-409.51	0	1
PROTOTYPE	039578	04/16/18	09:50:42	0.4892597695390782	0.4892597695390782	11.2	-0.0	3.522670340681363	3.560832602705411	65.82	-38.64	0.4892597695390782	0.4892597695390782	11.2	0.0	287.0	277.67	631.53	-33.08	0	1
PROTOTYPE	039579	04/16/18	09:50:44	0.4892597695390782	0.4892597695390782	11.18	-0.0	3.522670340681363	3.5549614854709417	68.08	-47.85	0.4892597695390782	0.4892597695390782	11.18	0.0	275.0	277.27	581.58	16.88	0	1
PROTOTYPE	039580	04/16/18	09:50:45	0.4892597695390782	0.4892597695390782	11.19	-0.0	3.522670340681363	3.5500688877755513	61.03	-40.67	0.4892597695390782	0.4892597695390782	11.19	0.0	288.0	278.88	654.04	89.35	0	1
PROTOTYPE	039581	04/16/18	09:50:46	0.4892597695390782	0.4892597695390782	11.17	-0.0	3.6205222945891786	3.560832602705411	61.55	-19.57	0.4892597695390782	0.4892597695390782	11.17	0.0	276.0	278.45	652.08	0.95	0	1
PROTOTYPE	039582	04/16/18	09:50:48	0.4892597695390782	0.4892597695390782	11.17	-0.0	3.522670340681363	3.5549614854709417	58.67	-16.63	0.4892597695390782	0.4892597695390782	11.17	0.0	271.0	277.33	577.23	75.8	0	1
PROTOTYPE	039583	04/16/18	09:50:49	0.4892597695390782	0.4892597695390782	11.17	-0.0	3.6205222945891786	3.5647466808617234	61.27	0.86	0.4892597695390782	0.4892597695390782	11.17	0.0	271.0	276.38	618.59	34.43	0	1
PROTOTYPE	039584	04/16/18	09:50:51	0.4892597695390782	0.4892597695390782	11.17	-0.0	3.522670340681363	3.558875563627254	61.39	0.73	0.4892597695390782	0.4892597695390782	11.17	0.0	273.0	275.87	667.84	-15.73	0	1
PROTOTYPE	039585	04/16/18	09:50:52	0.4892597695390782	0.4892597695390782	11.18	-0.0	3.6205222945891786	3.567682239478958	61.29	0.62	0.4892597695390782	0.4892597695390782	11.18	0.0	284.0	277.09	788.25	106.63	0	1
PROTOTYPE	039586	04/16/18	09:50:53	0.4892597695390782	0.4892597695390782	11.2	-0.0	3.522670340681363	3.560832602705411	61.38	0.53	0.4892597695390782	0.4892597695390782	11.2	0.0	282.0	277.83	697.27	15.63	0	1
PROTOTYPE	039587	04/16/18	09:50:55	0.4892597695390782	0.4892597695390782	11.23	-0.0	3.522670340681363	3.5549614854709417	61.47	0.45	0.4892597695390782	0.4892597695390782	11.23	0.0	289.0	279.51	824.71	223.29	0	1
PROTOTYPE	039588	04/16/18	09:50:56	0.4892597695390782	0.4892597695390782	11.22	-0.0	3.6205222945891786	3.5647466808617234	66.45	15.38	0.4892597695390782	0.4892597695390782	11.22	0.0	277.0	279.13	701.39	24.8	0	1
PROTOTYPE	039589	04/16/18	09:50:58	0.4892597695390782	0.4892597695390782	11.22	-0.0	3.522670340681363	3.558875563627254	62.19	-1.93	0.4892597695390782	0.4892597695390782	11.22	0.0	275.0	278.51	720.1	6.08	0	1
PROTOTYPE	039590	04/16/18	09:50:59	0.4892597695390782	0.4892597695390782	11.23	-0.0	3.6205222945891786	3.567682239478958	65.8	13.36	0.4892597695390782	0.4892597695390782	11.23	0.0	278.0	278.43	616.13	110.16	0	1
PROTOTYPE	039591	04/16/18	09:51:00	0.4892597695390782	0.4892597695390782	11.24	-0.0	3.522670340681363	3.560832602705411	62.72	-3.64	0.4892597695390782	0.4892597695390782	11.24	0.0	287.0	279.72	649.65	333.64	0	1
PROTOTYPE	039592	04/16/18	09:51:02	0.4892597695390782	0.4892597695390782	11.27	-0.0	3.6205222945891786	3.569639278557114	65.34	11.91	0.4892597695390782	0.4892597695390782	11.27	0.0	275.0	279.01	669.69	313.59	0	1
PROTOTYPE	039593	04/16/18	09:51:03	0.4892597695390782	0.4892597695390782	11.28	-0.0	3.522670340681363	3.5627896417835667	63.12	-4.88	0.4892597695390782	0.4892597695390782	11.28	0.0	282.0	279.46	592.67	236.56	0	1
PROTOTYPE	039594	04/16/18	09:51:05	0.4892597695390782	0.4892597695390782	11.26	-0.0	3.522670340681363	3.5569185245490984	62.4	-4.15	0.4892597695390782	0.4892597695390782	11.26	0.0	288.0	280.74	647.18	291.07	0	1
PROTOTYPE	039595	04/16/18	09:51:06	0.4892597695390782	0.4892597695390782	11.24	-0.0	3.522670340681363	3.552025926853707	61.79	-3.53	0.4892597695390782	0.4892597695390782	11.24	0.0	285.0	281.38	543.53	187.41	0	1
PROTOTYPE	039596	04/16/18	09:51:07	0.4892597695390782	0.4892597695390782	11.27	-0.0	3.522670340681363	3.5471333291583167	56.37	-18.0	0.4892597695390782	0.4892597695390782	11.27	0.0	280.0	281.17	526.66	204.3	0	1
PROTOTYPE	039597	04/16/18	09:51:09	0.4892597695390782	0.4892597695390782	11.28	-0.0	3.522670340681363	3.543219251002004	53.77	-15.3	0.4892597695390782	0.4892597695390782	11.28	0.0	280.0	281.0	482.35	248.65	0	1
PROTOTYPE	039598	04/16/18	09:51:10	0.4892597695390782	0.4892597695390782	11.31	-0.0	3.522670340681363	3.5402836923847696	47.71	-28.0	0.4892597695390782	0.4892597695390782	11.31	0.0	279.0	280.7	504.55	226.36	0	1
PROTOTYPE	039599	04/16/18	09:51:12	0.4892597695390782	0.4892597695390782	11.31	-0.0	3.522670340681363	3.538326653306613	43.71	-23.8	0.4892597695390782	0.4892597695390782	11.31	0.0	269.0	278.94	551.51	-77.6	0	1
PROTOTYPE	039600	04/16/18	09:51:13	0.4892597695390782	0.4892597695390782	11.3	-0.0	3.522670340681363	3.5353910946893787	37.22	-35.23	0.4892597695390782	0.4892597695390782	11.3	0.0	275.0	278.35	539.87	-65.96	0	1
PROTOTYPE	039601	04/16/18	09:51:15	0.4892597695390782	0.4892597695390782	11.34	-0.0	3.522670340681363	3.5334340556112225	32.28	-29.95	0.4892597695390782	0.4892597695390782	11.34	0.0	274.0	277.7	560.29	-176.06	0	1
PROTOTYPE	039602	04/16/18	09:51:16	0.4892597695390782	0.4892597695390782	11.34	-0.0	3.522670340681363	3.5324555360721446	28.13	-25.46	0.4892597695390782	0.4892597695390782	11.34	0.0	280.0	278.04	466.72	-269.65	0	1
PROTOTYPE	039603	04/16/18	09:51:17	0.4892597695390782	0.4892597695390782	11.35	-0.0	3.522670340681363	3.530498496993988	24.71	-21.64	0.4892597695390782	0.4892597695390782	11.35	0.0	272.0	277.14	493.47	-424.21	0	1
PROTOTYPE	039604	04/16/18	09:51:19	0.4892597695390782	0.4892597695390782	11.34	-0.0	3.522670340681363	3.52951997745491	21.9	-18.39	0.4892597695390782	0.4892597695390782	11.34	0.0	277.0	277.12	475.23	-405.58	0	1
PROTOTYPE	039605	04/16/18	09:51:20	0.4892597695390782	0.4892597695390782	11.35	-0.0	3.522670340681363	3.528541457915832	19.61	-15.63	0.4892597695390782	0.4892597695390782	11.35	0.0	264.0	275.15	654.35	-584.74	0	1
PROTOTYPE	039606	04/16/18	09:51:22	0.4892597695390782	0.4892597695390782	11.37	-0.0	3.522670340681363	3.5275629383767533	17.78	-13.29	0.4892597695390782	0.4892597695390782	11.37	0.0	271.0	274.53	686.62	-617.03	0	1
PROTOTYPE	039607	04/16/18	09:51:23	0.4892597695390782	0.4892597695390782	11.4	-0.0	3.6205222945891786	3.5412622119238475	29.02	3.71	0.4892597695390782	0.4892597695390782	11.4	0.0	275.0	274.6	518.4	-434.47	0	1
PROTOTYPE	039608	04/16/18	09:51:25	0.4892597695390782	0.4892597695390782	11.41	-0.0	3.522670340681363	3.538326653306613	29.52	3.15	0.4892597695390782	0.4892597695390782	11.41	0.0	270.0	273.91	528.23	-444.3	0	1
PROTOTYPE	039609	04/16/18	09:51:26	0.4892597695390782	0.4892597695390782	11.37	-0.0	3.522670340681363	3.536369614228457	29.89	2.68	0.4892597695390782	0.4892597695390782	11.37	0.0	286.0	275.72	644.33	-197.66	0	1
PROTOTYPE	039610	04/16/18	09:51:27	0.4892597695390782	0.4892597695390782	11.39	-0.0	3.6205222945891786	3.5490903682364734	40.7	17.28	0.4892597695390782	0.4892597695390782	11.39	0.0	281.0	276.51	688.96	-153.01	0	1
PROTOTYPE	039611	04/16/18	09:51:29	0.4892597695390782	0.4892597695390782	11.38	-0.0	3.522670340681363	3.54517629008016	42.95	14.68	0.4892597695390782	0.4892597695390782	11.38	0.0	271.0	275.69	681.01	-145.06	0	1
PROTOTYPE	039612	04/16/18	09:51:30	0.4892597695390782	0.4892597695390782	11.37	-0.0	3.522670340681363	3.5412622119238475	44.77	12.48	0.4892597695390782	0.4892597695390782	11.37	0.0	281.0	276.48	758.23	-63.3	0	1
PROTOTYPE	039613	04/16/18	09:51:32	0.4892597695390782	0.4892597695390782	11.37	-0.0	3.522670340681363	3.538326653306613	46.25	10.61	0.4892597695390782	0.4892597695390782	11.37	0.0	280.0	277.01	614.24	186.2	0	1
PROTOTYPE	039614	04/16/18	09:51:33	0.4892597695390782	0.4892597695390782	11.34	-0.0	3.522670340681363	3.536369614228457	47.4	9.02	0.4892597695390782	0.4892597695390782	11.34	0.0	275.0	276.71	582.19	218.27	0	1
PROTOTYPE	039615	04/16/18	09:51:34	0.4892597695390782	0.4892597695390782	11.32	-0.0	3.522670340681363	3.5344125751503004	35.61	-7.33	0.4892597695390782	0.4892597695390782	11.32	0.0	274.0	276.3	615.61	170.53	0	1
PROTOTYPE	039616	04/16/18	09:51:36	0.4892597695390782	0.4892597695390782	11.29	-0.0	3.6205222945891786	3.5471333291583167	45.68	8.77	0.4892597695390782	0.4892597695390782	11.29	0.0	277.0	276.41	557.18	249.95	0	1
PROTOTYPE	039617	04/16/18	09:51:37	0.4892597695390782	0.4892597695390782	11.33	-0.0	3.6205222945891786	3.5578970440881763	54.18	22.45	0.4892597695390782	0.4892597695390782	11.33	0.0	275.0	276.2	396.95	47.46	0	1
PROTOTYPE	039618	04/16/18	09:51:39	0.4892597695390782	0.4892597695390782	11.34	-0.0	3.522670340681363	3.553004446392786	46.82	4.08	0.4892597695390782	0.4892597695390782	11.34	0.0	279.0	276.62	359.85	10.34	0	1
PROTOTYPE	039619	04/16/18	09:51:40	0.4892597695390782	0.4892597695390782	11.36	-0.0	3.6205222945891786	3.5627896417835667	53.03	18.47	0.4892597695390782	0.4892597695390782	11.36	0.0	275.0	276.37	301.43	68.79	0	1
PROTOTYPE	039620	04/16/18	09:51:42	0.4892597695390782	0.4892597695390782	11.37	-0.0	3.522670340681363	3.5569185245490984	55.68	15.7	0.4892597695390782	0.4892597695390782	11.37	0.0	278.0	276.62	246.14	13.47	0	1
PROTOTYPE	039621	04/16/18	09:51:43	0.4892597695390782	0.4892597695390782	11.36	-0.0	3.6205222945891786	3.5667037199398797	62.28	28.35	0.4892597695390782	0.4892597695390782	11.36	0.0	286.0	278.03	334.11	101.45	0	1
PROTOTYPE	039622	04/16/18	09:51:44	0.4892597695390782	0.4892597695390782	11.36	-0.0	3.6205222945891786	3.574531876252505	67.83	39.09	0.4892597695390782	0.4892597695390782	11.36	0.0	275.0	277.57	349.31	86.23	0	1
PROTOTYPE	039623	04/16/18	09:51:46	0.4892597695390782	0.4892597695390782	11.44	-0.0	3.522670340681363	3.5667037199398797	73.41	33.23	0.4892597695390782	0.4892597695390782	11.44	0.0	277.0	277.49	317.35	118.3	0	1
PROTOTYPE	039624	04/16/18	09:51:47	0.4892597695390782	0.4892597695390782	11.46	-0.0	3.522670340681363	3.559854083166333	67.03	13.24	0.4892597695390782	0.4892597695390782	11.46	0.0	276.0	277.26	329.14	85.55	0	1
PROTOTYPE	039625	04/16/18	09:51:49	0.4892597695390782	0.4892597695390782	11.42	-0.0	3.522670340681363	3.5549614854709417	61.63	-3.74	0.4892597695390782	0.4892597695390782	11.42	0.0	272.0	276.47	386.93	27.72	0	1
PROTOTYPE	039626	04/16/18	09:51:50	0.4892597695390782	0.4892597695390782	11.39	-0.0	3.522670340681363	3.5500688877755513	61.08	-3.18	0.4892597695390782	0.4892597695390782	11.39	0.0	277.0	276.55	352.87	-6.44	0	1
PROTOTYPE	039627	04/16/18	09:51:52	0.4892597695390782	0.4892597695390782	11.37	-0.0	3.522670340681363	3.546154809619239	55.0	-17.7	0.4892597695390782	0.4892597695390782	11.37	0.0	276.0	276.47	336.98	9.53	0	1
PROTOTYPE	039628	04/16/18	09:51:53	0.4892597695390782	0.4892597695390782	11.34	-0.0	3.522670340681363	3.5422407314629263	52.45	-15.05	0.4892597695390782	0.4892597695390782	11.34	0.0	271.0	275.65	394.62	-96.9	0	1
PROTOTYPE	039629	04/16/18	09:51:54	0.4892597695390782	0.4892597695390782	11.35	-0.0	3.522670340681363	3.5393051728456917	45.93	-27.79	0.4892597695390782	0.4892597695390782	11.35	0.0	269.0	274.65	353.63	-337.37	0	1
PROTOTYPE	039630	04/16/18	09:51:56	0.4892597695390782	0.4892597695390782	11.36	-0.0	3.522670340681363	3.536369614228457	40.46	-38.62	0.4892597695390782	0.4892597695390782	11.36	0.0	283.0	275.9	433.46	-166.76	0	1
PROTOTYPE	039631	04/16/18	09:51:57	0.4892597695390782	0.4892597695390782	11.28	-0.0	3.522670340681363	3.5344125751503004	34.95	-32.83	0.4892597695390782	0.4892597695390782	11.28	0.0	274.0	275.62	453.35	-186.75	0	1
PROTOTYPE	039632	04/16/18	09:51:59	0.4892597695390782	0.4892597695390782	11.28	-0.0	3.522670340681363	3.5324555360721446	30.35	-27.9	0.4892597695390782	0.4892597695390782	11.28	0.0	270.0	274.78	515.3	-248.74	0	1
PROTOTYPE	039633	04/16/18	09:52:00	0.4892597695390782	0.4892597695390782	11.29	-0.0	3.522670340681363	3.5314770165330667	26.55	-23.72	0.4892597695390782	0.4892597695390782	11.29	0.0	284.0	276.16	574.72	-31.43	0	1
PROTOTYPE	039634	04/16/18	09:52:01	0.4892597695390782	0.4892597695390782	11.29	-0.0	3.522670340681363	3.530498496993988	23.39	-20.16	0.4892597695390782	0.4892597695390782	11.29	0.0	268.0	274.94	689.1	-161.71	0	1
PROTOTYPE	039635	04/16/18	09:52:03	0.4892597695390782	0.4892597695390782	11.31	-0.0	3.522670340681363	3.528541457915832	20.82	-17.14	0.4892597695390782	0.4892597695390782	11.31	0.0	277.0	275.25	711.69	-122.45	0	1
PROTOTYPE	039636	04/16/18	09:52:04	0.4892597695390782	0.4892597695390782	11.32	-0.0	3.522670340681363	3.5275629383767533	18.73	-14.57	0.4892597695390782	0.4892597695390782	11.32	0.0	258.0	272.66	888.31	-299.09	0	1
PROTOTYPE	039637	04/16/18	09:52:06	0.4892597695390782	0.4892597695390782	11.33	-0.0	3.522670340681363	3.5275629383767533	17.05	-12.38	0.4892597695390782	0.4892597695390782	11.33	0.0	288.0	274.96	1018.7	30.78	0	1
PROTOTYPE	039638	04/16/18	09:52:07	0.4892597695390782	0.4892597695390782	11.3	-0.0	3.522670340681363	3.5265844188376754	15.69	-10.52	0.4892597695390782	0.4892597695390782	11.3	0.0	275.0	274.97	894.99	-93.84	0	1
PROTOTYPE	039639	04/16/18	09:52:08	0.4892597695390782	0.4892597695390782	11.3	-0.0	3.522670340681363	3.5256058992985975	14.63	-8.95	0.4892597695390782	0.4892597695390782	11.3	0.0	275.0	274.97	867.9	-64.76	0	1
PROTOTYPE	039640	04/16/18	09:52:10	0.4892597695390782	0.4892597695390782	11.3	-0.0	3.522670340681363	3.5256058992985975	13.81	-7.6	0.4892597695390782	0.4892597695390782	11.3	0.0	283.0	276.18	904.06	139.95	0	1
PROTOTYPE	039641	04/16/18	09:52:11	0.4892597695390782	0.4892597695390782	11.27	-0.0	3.522670340681363	3.524627379759519	13.15	-6.46	0.4892597695390782	0.4892597695390782	11.27	0.0	284.0	277.35	883.06	118.96	0	1
PROTOTYPE	039642	04/16/18	09:52:13	0.4892597695390782	0.4892597695390782	11.28	-0.0	3.522670340681363	3.524627379759519	12.67	-5.49	0.4892597695390782	0.4892597695390782	11.28	0.0	274.0	276.85	810.92	191.11	0	1
PROTOTYPE	039643	04/16/18	09:52:14	0.4892597695390782	0.4892597695390782	11.25	-0.0	3.522670340681363	3.524627379759519	12.28	-4.67	0.4892597695390782	0.4892597695390782	11.25	0.0	271.0	275.97	867.63	72.45	0	1
PROTOTYPE	039644	04/16/18	09:52:16	0.4892597695390782	0.4892597695390782	11.27	-0.0	3.522670340681363	3.5236488602204408	12.02	-3.97	0.4892597695390782	0.4892597695390782	11.27	0.0	275.0	275.82	623.56	316.58	0	1
PROTOTYPE	039645	04/16/18	09:52:17	0.4892597695390782	0.4892597695390782	11.24	-0.0	3.522670340681363	3.5236488602204408	11.79	-3.37	0.4892597695390782	0.4892597695390782	11.24	0.0	273.0	275.4	435.82	44.09	0	1
PROTOTYPE	039646	04/16/18	09:52:18	0.4892597695390782	0.4892597695390782	11.24	-0.0	3.522670340681363	3.5236488602204408	11.64	-2.87	0.4892597695390782	0.4892597695390782	11.24	0.0	278.0	275.79	473.31	82.48	0	1
PROTOTYPE	039647	04/16/18	09:52:20	0.4892597695390782	0.4892597695390782	11.26	-0.0	3.522670340681363	3.5236488602204408	11.55	-2.44	0.4892597695390782	0.4892597695390782	11.26	0.0	284.0	277.02	594.96	205.11	0	1
PROTOTYPE	039648	04/16/18	09:52:21	0.4892597695390782	0.4892597695390782	11.26	-0.0	3.522670340681363	3.5236488602204408	11.47	-2.07	0.4892597695390782	0.4892597695390782	11.26	0.0	272.0	276.27	549.85	9.34	0	1
PROTOTYPE	039649	04/16/18	09:52:23	0.4892597695390782	0.4892597695390782	11.26	-0.0	3.522670340681363	3.5236488602204408	11.41	-1.76	0.4892597695390782	0.4892597695390782	11.26	0.0	266.0	274.73	586.51	-262.06	0	1
PROTOTYPE	039650	04/16/18	09:52:24	0.4892597695390782	0.4892597695390782	11.24	-0.0	3.522670340681363	3.5236488602204408	11.35	-1.5	0.4892597695390782	0.4892597695390782	11.24	0.0	264.0	273.12	697.18	-372.75	0	1
PROTOTYPE	039651	04/16/18	09:52:25	0.4892597695390782	0.4892597695390782	11.26	-0.0	3.522670340681363	3.522670340681363	11.34	-1.27	0.4892597695390782	0.4892597695390782	11.26	0.0	279.0	274.0	697.7	-196.84	0	1
PROTOTYPE	039652	04/16/18	09:52:27	0.4892597695390782	0.4892597695390782	11.23	0.0	3.522670340681363	3.522670340681363	11.29	-1.08	0.4892597695390782	0.4892597695390782	11.23	0.0	283.0	275.35	818.08	-47.31	0	1
PROTOTYPE	039653	04/16/18	09:52:28	0.4892597695390782	0.4892597695390782	11.23	0.0	3.522670340681363	3.522670340681363	11.27	-0.92	0.4892597695390782	0.4892597695390782	11.23	0.0	275.0	275.3	781.14	-10.22	0	1
PROTOTYPE	039654	04/16/18	09:52:30	0.4892597695390782	0.4892597695390782	11.22	0.0	3.522670340681363	3.522670340681363	11.25	-0.78	0.4892597695390782	0.4892597695390782	11.22	0.0	270.0	274.5	821.61	-128.68	0	1
PROTOTYPE	039655	04/16/18	09:52:31	0.4892597695390782	0.4892597695390782	11.21	0.0	3.522670340681363	3.522670340681363	11.23	-0.66	0.4892597695390782	0.4892597695390782	11.21	0.0	271.0	273.98	751.03	-304.38	0	1
PROTOTYPE	039656	04/16/18	09:52:32	0.4892597695390782	0.4892597695390782	11.21	0.0	3.522670340681363	3.522670340681363	11.22	-0.56	0.4892597695390782	0.4892597695390782	11.21	0.0	279.0	274.73	751.03	-153.72	0	1
PROTOTYPE	039657	04/16/18	09:52:34	0.4892597695390782	0.4892597695390782	11.25	0.0	3.522670340681363	3.522670340681363	11.26	-0.48	0.4892597695390782	0.4892597695390782	11.25	0.0	285.0	276.27	751.03	154.33	0	1
PROTOTYPE	039658	04/16/18	09:52:35	0.4892597695390782	0.4892597695390782	11.28	0.0	3.522670340681363	3.522670340681363	11.29	-0.41	0.4892597695390782	0.4892597695390782	11.28	0.0	283.0	277.28	691.04	416.18	0	1
PROTOTYPE	039659	04/16/18	09:52:37	0.4892597695390782	0.4892597695390782	11.28	0.0	3.522670340681363	3.522670340681363	11.28	-0.35	0.4892597695390782	0.4892597695390782	11.28	0.0	285.0	278.44	718.61	443.76	0	1
PROTOTYPE	039660	04/16/18	09:52:38	0.4892597695390782	0.4892597695390782	11.29	0.0	3.522670340681363	3.522670340681363	11.29	-0.29	0.4892597695390782	0.4892597695390782	11.29	0.0	279.0	278.52	592.15	317.19	0	1
PROTOTYPE	039661	04/16/18	09:52:39	0.4892597695390782	0.4892597695390782	11.31	0.0	3.522670340681363	3.522670340681363	11.31	-0.25	0.4892597695390782	0.4892597695390782	11.31	0.0	280.0	278.74	608.9	344.61	0	1
PROTOTYPE	039662	04/16/18	09:52:41	0.4892597695390782	0.4892597695390782	11.32	0.0	3.522670340681363	3.522670340681363	11.32	-0.21	0.4892597695390782	0.4892597695390782	11.32	0.0	284.0	279.53	608.26	502.92	0	1
PROTOTYPE	039663	04/16/18	09:52:42	0.4892597695390782	0.4892597695390782	11.31	0.0	3.522670340681363	3.522670340681363	11.31	-0.18	0.4892597695390782	0.4892597695390782	11.31	0.0	275.0	278.85	623.7	487.48	0	1
PROTOTYPE	039664	04/16/18	09:52:44	0.4892597695390782	0.4892597695390782	11.3	0.0	3.522670340681363	3.522670340681363	11.3	-0.15	0.4892597695390782	0.4892597695390782	11.3	0.0	287.0	280.07	670.57	534.36	0	1
PROTOTYPE	039665	04/16/18	09:52:45	0.4892597695390782	0.4892597695390782	11.29	0.0	3.522670340681363	3.522670340681363	11.29	-0.13	0.4892597695390782	0.4892597695390782	11.29	0.0	260.0	277.06	817.66	79.21	0	1
PROTOTYPE	039666	04/16/18	09:52:47	0.4892597695390782	0.4892597695390782	11.28	0.0	3.522670340681363	3.522670340681363	11.28	-0.11	0.4892597695390782	0.4892597695390782	11.28	0.0	275.0	276.75	747.71	-52.67	0	1
PROTOTYPE	039667	04/16/18	09:52:48	0.4892597695390782	0.4892597695390782	11.29	0.0	3.522670340681363	3.522670340681363	11.29	-0.09	0.4892597695390782	0.4892597695390782	11.29	0.0	273.0	276.19	688.25	-224.77	0	1
PROTOTYPE	039668	04/16/18	09:52:49	0.4892597695390782	0.4892597695390782	11.31	0.0	3.522670340681363	3.522670340681363	11.31	-0.08	0.4892597695390782	0.4892597695390782	11.31	0.0	284.0	277.36	796.86	-116.06	0	1
PROTOTYPE	039669	04/16/18	09:52:51	0.4892597695390782	0.4892597695390782	11.3	0.0	3.522670340681363	3.522670340681363	11.3	-0.07	0.4892597695390782	0.4892597695390782	11.3	0.0	286.0	278.66	904.23	-8.65	0	1
PROTOTYPE	039670	04/16/18	09:52:52	0.4892597695390782	0.4892597695390782	11.3	0.0	3.522670340681363	3.522670340681363	11.3	-0.06	0.4892597695390782	0.4892597695390782	11.3	0.0	288.0	280.06	965.52	52.65	0	1
PROTOTYPE	039671	04/16/18	09:52:54	0.4892597695390782	0.4892597695390782	11.29	0.0	3.522670340681363	3.522670340681363	11.29	-0.05	0.4892597695390782	0.4892597695390782	11.29	0.0	283.0	280.5	941.64	164.75	0	1
PROTOTYPE	039672	04/16/18	09:52:55	0.4892597695390782	0.4892597695390782	11.3	0.0	3.522670340681363	3.522670340681363	11.3	-0.04	0.4892597695390782	0.4892597695390782	11.3	0.0	288.0	281.63	931.93	155.04	0	1
PROTOTYPE	039673	04/16/18	09:52:56	0.4892597695390782	0.4892597695390782	11.3	0.0	3.522670340681363	3.522670340681363	11.3	-0.04	0.4892597695390782	0.4892597695390782	11.3	0.0	275.0	280.63	730.2	356.78	0	1
PROTOTYPE	039674	04/16/18	09:52:58	0.4892597695390782	0.4892597695390782	11.32	0.0	3.522670340681363	3.522670340681363	11.32	-0.03	0.4892597695390782	0.4892597695390782	11.32	0.0	269.0	278.89	873.69	213.27	0	1
PROTOTYPE	039675	04/16/18	09:52:59	0.4892597695390782	0.4892597695390782	11.31	0.0	3.522670340681363	3.522670340681363	11.31	-0.03	0.4892597695390782	0.4892597695390782	11.31	0.0	278.0	278.75	830.73	256.28	0	1
PROTOTYPE	039676	04/16/18	09:53:01	0.4892597695390782	0.4892597695390782	11.31	0.0	3.522670340681363	3.522670340681363	11.31	-0.02	0.4892597695390782	0.4892597695390782	11.31	0.0	277.0	278.49	739.94	112.83	0	1
PROTOTYPE	039677	04/16/18	09:53:02	0.4892597695390782	0.4892597695390782	11.33	0.0	3.522670340681363	3.522670340681363	11.33	-0.02	0.4892597695390782	0.4892597695390782	11.33	0.0	279.0	278.57	618.14	-9.09	0	1
PROTOTYPE	039678	04/16/18	09:53:04	0.4892597695390782	0.4892597695390782	11.38	0.0	3.522670340681363	3.522670340681363	11.38	-0.02	0.4892597695390782	0.4892597695390782	11.38	0.0	279.0	278.63	484.65	-142.73	0	1
PROTOTYPE	039679	04/16/18	09:53:05	0.4892597695390782	0.4892597695390782	11.39	0.0	3.522670340681363	3.522670340681363	11.39	-0.01	0.4892597695390782	0.4892597695390782	11.39	0.0	289.0	280.19	596.05	-31.32	0	1
PROTOTYPE	039680	04/16/18	09:53:06	0.4892597695390782	0.4892597695390782	11.38	0.0	3.522670340681363	3.522670340681363	11.38	-0.01	0.4892597695390782	0.4892597695390782	11.38	0.0	280.0	280.16	486.68	-146.62	0	1
PROTOTYPE	039681	04/16/18	09:53:08	0.4892597695390782	0.4892597695390782	11.37	0.0	3.522670340681363	3.522670340681363	11.37	-0.01	0.4892597695390782	0.4892597695390782	11.37	0.0	268.0	278.34	569.68	-229.63	0	1
PROTOTYPE	039682	04/16/18	09:53:09	0.4892597695390782	0.4892597695390782	11.34	0.0	3.522670340681363	3.522670340681363	11.34	-0.01	0.4892597695390782	0.4892597695390782	11.34	0.0	283.0	279.03	465.19	14.82	0	1
PROTOTYPE	039683	04/16/18	09:53:11	0.4892597695390782	0.4892597695390782	11.35	0.0	3.522670340681363	3.522670340681363	11.35	-0.01	0.4892597695390782	0.4892597695390782	11.35	0.0	281.0	279.33	481.32	57.59	0	1
PROTOTYPE	039684	04/16/18	09:53:12	0.4892597695390782	0.4892597695390782	11.34	0.0	3.522670340681363	3.522670340681363	11.34	-0.01	0.4892597695390782	0.4892597695390782	11.34	0.0	267.0	277.48	639.93	-101.04	0	1
PROTOTYPE	039685	04/16/18	09:53:13	0.4892597695390782	0.4892597695390782	11.34	0.0	3.522670340681363	3.522670340681363	11.34	-0.01	0.4892597695390782	0.4892597695390782	11.34	0.0	272.0	276.66	714.37	-190.89	0	1
PROTOTYPE	039686	04/16/18	09:53:15	0.4892597695390782	0.4892597695390782	11.29	0.0	3.522670340681363	3.522670340681363	11.29	-0.0	0.4892597695390782	0.4892597695390782	11.29	0.0	274.0	276.26	747.62	-237.25	0	1
PROTOTYPE	039687	04/16/18	09:53:16	0.4892597695390782	0.4892597695390782	11.3	0.0	3.522670340681363	3.522670340681363	11.3	-0.0	0.4892597695390782	0.4892597695390782	11.3	0.0	283.0	277.27	693.21	-291.67	0	1
PROTOTYPE	039688	04/16/18	09:53:18	0.4892597695390782	0.4892597695390782	11.31	0.0	3.522670340681363	3.522670340681363	11.31	-0.0	0.4892597695390782	0.4892597695390782	11.31	0.0	270.0	276.18	799.14	-397.92	0	1
PROTOTYPE	039689	04/16/18	09:53:19	0.4892597695390782	0.4892597695390782	11.3	0.0	3.522670340681363	3.522670340681363	11.3	-0.0	0.4892597695390782	0.4892597695390782	11.3	0.0	270.0	275.25	709.46	-308.23	0	1
PROTOTYPE	039690	04/16/18	09:53:20	0.4892597695390782	0.4892597695390782	11.31	0.0	3.522670340681363	3.522670340681363	11.31	-0.0	0.4892597695390782	0.4892597695390782	11.31	0.0	285.0	276.72	785.68	-231.99	0	1
PROTOTYPE	039691	04/16/18	09:53:22	0.4892597695390782	0.4892597695390782	11.29	0.0	3.522670340681363	3.522670340681363	11.29	-0.0	0.4892597695390782	0.4892597695390782	11.29	0.0	283.0	277.66	850.46	-167.2	0	1
PROTOTYPE	039692	04/16/18	09:53:23	0.4892597695390782	0.4892597695390782	11.28	0.0	3.522670340681363	3.522670340681363	11.28	-0.0	0.4892597695390782	0.4892597695390782	11.28	0.0	270.0	276.51	780.38	-97.12	0	1
PROTOTYPE	039693	04/16/18	09:53:25	0.4892597695390782	0.4892597695390782	11.28	0.0	3.522670340681363	3.522670340681363	11.28	-0.0	0.4892597695390782	0.4892597695390782	11.28	0.0	277.0	276.58	705.67	-7.55	0	1
PROTOTYPE	039694	04/16/18	09:53:26	0.4892597695390782	0.4892597695390782	11.3	0.0	3.522670340681363	3.522670340681363	11.3	-0.0	0.4892597695390782	0.4892597695390782	11.3	0.0	278.0	276.8	687.07	53.58	0	1
PROTOTYPE	039695	04/16/18	09:53:28	0.4892597695390782	0.4892597695390782	11.28	0.0	3.522670340681363	3.522670340681363	11.28	-0.0	0.4892597695390782	0.4892597695390782	11.28	0.0	282.0	277.58	664.04	30.55	0	1
PROTOTYPE	039696	04/16/18	09:53:29	0.4892597695390782	0.4892597695390782	11.3	0.0	3.522670340681363	3.522670340681363	11.3	-0.0	0.4892597695390782	0.4892597695390782	11.3	0.0	276.0	277.34	578.66	115.96	0	1
PROTOTYPE	039697	04/16/18	09:53:30	0.4892597695390782	0.4892597695390782	11.31	0.0	3.522670340681363	3.522670340681363	11.31	-0.0	0.4892597695390782	0.4892597695390782	11.31	0.0	276.0	277.14	506.09	188.57	0	1
PROTOTYPE	039698	04/16/18	09:53:32	0.4892597695390782	0.4892597695390782	11.3	0.0	3.522670340681363	3.522670340681363	11.3	-0.0	0.4892597695390782	0.4892597695390782	11.3	0.0	278.0	277.27	372.87	55.28	0	1
PROTOTYPE	039699	04/16/18	09:53:33	0.4892597695390782	0.4892597695390782	11.33	0.0	3.522670340681363	3.522670340681363	11.33	-0.0	0.4892597695390782	0.4892597695390782	11.33	0.0	275.0	276.93	312.64	-73.01	0	1
PROTOTYPE	039700	04/16/18	09:53:35	0.4892597695390782	0.4892597695390782	11.36	0.0	3.522670340681363	3.522670340681363	11.36	-0.0	0.4892597695390782	0.4892597695390782	11.36	0.0	278.0	277.09	213.91	57.94	0	1
PROTOTYPE	039701	04/16/18	09:53:36	0.4892597695390782	0.4892597695390782	11.35	0.0	3.522670340681363	3.522670340681363	11.35	-0.0	0.4892597695390782	0.4892597695390782	11.35	0.0	275.0	276.78	237.77	19.25	0	1
PROTOTYPE	039702	04/16/18	09:53:37	0.4892597695390782	0.4892597695390782	11.34	0.0	3.522670340681363	3.522670340681363	11.34	-0.0	0.4892597695390782	0.4892597695390782	11.34	0.0	278.0	276.96	234.89	16.36	0	1
PROTOTYPE	039703	04/16/18	09:53:39	0.4892597695390782	0.4892597695390782	11.34	0.0	3.522670340681363	3.522670340681363	11.34	-0.0	0.4892597695390782	0.4892597695390782	11.34	0.0	271.0	276.07	246.2	-151.09	0	1
PROTOTYPE	039704	04/16/18	09:53:40	0.4892597695390782	0.4892597695390782	11.31	0.0	3.522670340681363	3.522670340681363	11.31	-0.0	0.4892597695390782	0.4892597695390782	11.31	0.0	282.0	276.96	311.55	-38.43	0	1
PROTOTYPE	039705	04/16/18	09:53:42	0.4892597695390782	0.4892597695390782	11.31	0.0	3.522670340681363	3.522670340681363	11.31	-0.0	0.4892597695390782	0.4892597695390782	11.31	0.0	292.0	279.21	517.08	207.34	0	1
PROTOTYPE	039706	04/16/18	09:53:43	0.4892597695390782	0.4892597695390782	11.31	0.0	3.522670340681363	3.522670340681363	11.31	-0.0	0.4892597695390782	0.4892597695390782	11.31	0.0	284.0	279.93	575.92	266.24	0	1
PROTOTYPE	039707	04/16/18	09:53:45	0.4892597695390782	0.4892597695390782	11.3	0.0	3.522670340681363	3.522670340681363	11.3	-0.0	0.4892597695390782	0.4892597695390782	11.3	0.0	283.0	280.39	587.94	346.3	0	1
PROTOTYPE	039708	04/16/18	09:53:46	0.4892597695390782	0.4892597695390782	11.28	0.0	3.522670340681363	3.522670340681363	11.28	-0.0	0.4892597695390782	0.4892597695390782	11.28	0.0	289.0	281.68	700.94	459.36	0	1
PROTOTYPE	039709	04/16/18	09:53:47	0.4892597695390782	0.4892597695390782	11.28	0.0	3.522670340681363	3.522670340681363	11.28	-0.0	0.4892597695390782	0.4892597695390782	11.28	0.0	266.0	279.33	904.81	255.45	0	1
PROTOTYPE	039710	04/16/18	09:53:49	0.4892597695390782	0.4892597695390782	11.28	0.0	3.522670340681363	3.522670340681363	11.28	-0.0	0.4892597695390782	0.4892597695390782	11.28	0.0	272.0	278.23	996.34	127.13	0	1
PROTOTYPE	039711	04/16/18	09:53:50	0.4892597695390782	0.4892597695390782	11.31	0.0	3.522670340681363	3.522670340681363	11.31	-0.0	0.4892597695390782	0.4892597695390782	11.31	0.0	280.0	278.5	933.53	243.06	0	1
PROTOTYPE	039712	04/16/18	09:53:52	0.4892597695390782	0.4892597695390782	11.31	0.0	3.522670340681363	3.522670340681363	11.31	-0.0	0.4892597695390782	0.4892597695390782	11.31	0.0	271.0	277.37	956.94	41.6	0	1
PROTOTYPE	039713	04/16/18	09:53:53	0.4892597695390782	0.4892597695390782	11.31	0.0	3.522670340681363	3.522670340681363	11.31	-0.0	0.39140781563126253	0.4745819764529058	24.96	-15.0	263.0	275.22	946.84	-399.64	0	1
PROTOTYPE	039714	04/16/18	09:53:54	0.4892597695390782	0.4892597695390782	11.33	0.0	3.522670340681363	3.522670340681363	11.33	-0.0	0.4892597695390782	0.4765390155310621	26.22	-12.75	285.0	276.68	1021.78	-324.69	0	1
PROTOTYPE	039715	04/16/18	09:53:56	0.4892597695390782	0.4892597695390782	11.34	0.0	3.522670340681363	3.522670340681363	11.34	-0.0	0.4892597695390782	0.47849605460921835	27.19	-10.84	273.0	276.13	1030.98	-425.99	0	1
PROTOTYPE	039716	04/16/18	09:53:57	0.4892597695390782	0.4892597695390782	11.34	0.0	3.522670340681363	3.522670340681363	11.34	-0.0	0.4892597695390782	0.48045309368737477	27.93	-9.21	280.0	276.71	959.89	-497.09	0	1
PROTOTYPE	039717	04/16/18	09:53:59	0.4892597695390782	0.4892597695390782	11.34	0.0	3.522670340681363	3.522670340681363	11.34	-0.0	0.4892597695390782	0.48143161322645295	28.49	-7.83	279.0	277.05	759.02	-227.53	0	1
PROTOTYPE	039718	04/16/18	09:54:00	0.4892597695390782	0.4892597695390782	11.33	0.0	3.522670340681363	3.522670340681363	11.33	-0.0	0.4892597695390782	0.482410132765531	28.91	-6.66	277.0	277.05	650.68	-118.4	0	1
PROTOTYPE	039719	04/16/18	09:54:02	0.4892597695390782	0.4892597695390782	11.29	0.0	3.522670340681363	3.522670340681363	11.29	-0.0	0.4892597695390782	0.48338865230460926	29.19	-5.66	280.0	277.49	668.43	-100.64	0	1
PROTOTYPE	039720	04/16/18	09:54:03	0.4892597695390782	0.4892597695390782	11.29	0.0	3.522670340681363	3.522670340681363	11.29	-0.0	0.4892597695390782	0.48436717184368744	29.43	-4.81	275.0	277.12	593.35	-25.54	0	1
PROTOTYPE	039721	04/16/18	09:54:04	0.4892597695390782	0.4892597695390782	11.28	0.0	3.522670340681363	3.522670340681363	11.28	-0.0	0.4892597695390782	0.4853456913827655	15.94	10.91	275.0	276.8	409.54	158.29	0	1
PROTOTYPE	039722	04/16/18	09:54:06	0.4892597695390782	0.4892597695390782	11.26	0.0	3.522670340681363	3.522670340681363	11.26	-0.0	0.4892597695390782	0.4863242109218437	14.81	9.28	270.0	275.78	364.76	-90.45	0	1
PROTOTYPE	039723	04/16/18	09:54:07	0.4892597695390782	0.4892597695390782	11.22	0.0	3.522670340681363	3.522670340681363	11.22	-0.0	0.4892597695390782	0.4863242109218437	13.9	7.88	282.0	276.71	402.82	58.11	0	1
PROTOTYPE	039724	04/16/18	09:54:08	0.4892597695390782	0.4892597695390782	11.2	0.0	3.522670340681363	3.522670340681363	11.2	-0.0	0.4892597695390782	0.4863242109218437	13.21	6.7	281.0	277.36	409.1	64.4	0	1
PROTOTYPE	039725	04/16/18	09:54:10	0.4892597695390782	0.4892597695390782	11.2	0.0	3.522670340681363	3.522670340681363	11.2	-0.0	0.4892597695390782	0.48730273046092193	12.7	5.7	284.0	278.35	474.42	129.74	0	1
PROTOTYPE	039726	04/16/18	09:54:11	0.4892597695390782	0.4892597695390782	11.2	0.0	3.522670340681363	3.522670340681363	11.2	-0.0	0.4892597695390782	0.48730273046092193	12.31	4.84	278.0	278.3	478.26	125.28	0	1
PROTOTYPE	039727	04/16/18	09:54:13	0.4892597695390782	0.4892597695390782	11.28	0.0	3.522670340681363	3.522670340681363	11.28	-0.0	0.4892597695390782	0.48730273046092193	12.09	4.12	277.0	278.1	453.48	61.49	0	1
PROTOTYPE	039728	04/16/18	09:54:14	0.4892597695390782	0.4892597695390782	11.3	0.0	3.522670340681363	3.522670340681363	11.3	-0.0	0.4892597695390782	0.48828125	11.89	3.5	285.0	279.14	519.55	202.26	0	1
PROTOTYPE	039729	04/16/18	09:54:16	0.4892597695390782	0.4892597695390782	11.3	0.0	3.522670340681363	3.522670340681363	11.3	-0.0	0.4892597695390782	0.48828125	11.73	2.97	277.0	278.82	519.89	201.92	0	1
PROTOTYPE	039730	04/16/18	09:54:17	0.4892597695390782	0.4892597695390782	11.3	0.0	3.522670340681363	3.522670340681363	11.3	-0.0	0.4892597695390782	0.48828125	11.61	2.53	282.0	279.3	465.66	351.63	0	1
PROTOTYPE	039731	04/16/18	09:54:18	0.4892597695390782	0.4892597695390782	11.32	0.0	3.522670340681363	3.522670340681363	11.32	-0.0	0.4892597695390782	0.48828125	11.55	2.15	279.0	279.25	376.98	253.89	0	1
PROTOTYPE	039732	04/16/18	09:54:20	0.4892597695390782	0.4892597695390782	11.36	0.0	3.522670340681363	3.522670340681363	11.36	-0.0	0.4892597695390782	0.48828125	11.52	1.83	268.0	277.56	481.41	20.81	0	1
PROTOTYPE	039733	04/16/18	09:54:21	0.4892597695390782	0.4892597695390782	11.37	0.0	3.522670340681363	3.522670340681363	11.37	-0.0	0.4892597695390782	0.48828125	11.49	1.55	289.0	279.28	553.29	92.69	0	1
PROTOTYPE	039734	04/16/18	09:54:23	0.4892597695390782	0.4892597695390782	11.39	0.0	3.522670340681363	3.522670340681363	11.39	-0.0	0.4892597695390782	0.4892597695390782	11.47	1.32	289.0	280.74	693.65	243.78	0	1
PROTOTYPE	039735	04/16/18	09:54:24	0.4892597695390782	0.4892597695390782	11.32	0.0	3.522670340681363	3.522670340681363	11.32	-0.0	0.4892597695390782	0.4892597695390782	11.38	1.12	271.0	279.28	820.17	117.22	0	1
PROTOTYPE	039736	04/16/18	09:54:26	0.4892597695390782	0.4892597695390782	11.3	0.0	3.522670340681363	3.522670340681363	11.3	-0.0	0.4892597695390782	0.4892597695390782	11.34	0.95	274.0	278.48	795.88	-65.37	0	1
PROTOTYPE	039737	04/16/18	09:54:27	0.4892597695390782	0.4892597695390782	11.36	0.0	3.522670340681363	3.522670340681363	11.36	-0.0	0.4892597695390782	0.4892597695390782	11.39	0.81	286.0	279.61	876.51	79.44	0	1
PROTOTYPE	039738	04/16/18	09:54:28	0.4892597695390782	0.4892597695390782	11.36	0.0	3.522670340681363	3.522670340681363	11.36	-0.0	0.4892597695390782	0.4892597695390782	11.38	0.69	269.0	278.02	987.94	-127.48	0	1
PROTOTYPE	039739	04/16/18	09:54:30	0.4892597695390782	0.4892597695390782	11.36	0.0	3.522670340681363	3.522670340681363	11.36	-0.0	0.4892597695390782	0.4892597695390782	11.38	0.59	279.0	278.17	998.06	-108.36	0	1
PROTOTYPE	039740	04/16/18	09:54:31	0.4892597695390782	0.4892597695390782	11.33	0.0	3.522670340681363	3.522670340681363	11.33	-0.0	0.4892597695390782	0.4892597695390782	11.34	0.5	282.0	278.74	886.8	117.9	0	1
PROTOTYPE	039741	04/16/18	09:54:33	0.4892597695390782	0.4892597695390782	11.3	0.0	3.522670340681363	3.522670340681363	11.3	-0.0	0.4892597695390782	0.4892597695390782	11.31	0.42	276.0	278.33	756.4	-94.79	0	1
PROTOTYPE	039742	04/16/18	09:54:34	0.4892597695390782	0.4892597695390782	11.29	0.0	3.522670340681363	3.522670340681363	11.29	-0.0	0.4892597695390782	0.4892597695390782	11.29	0.36	278.0	278.28	615.73	-245.57	0	1
PROTOTYPE	039743	04/16/18	09:54:35	0.4892597695390782	0.4892597695390782	11.37	0.0	3.522670340681363	3.522670340681363	11.37	-0.0	0.4892597695390782	0.4892597695390782	11.37	0.31	284.0	279.14	555.46	-13.73	0	1
PROTOTYPE	039744	04/16/18	09:54:37	0.4892597695390782	0.4892597695390782	11.38	0.0	3.522670340681363	3.522670340681363	11.38	-0.0	0.4892597695390782	0.4892597695390782	11.38	0.26	284.0	279.87	549.23	138.33	0	1
PROTOTYPE	039745	04/16/18	09:54:38	0.4892597695390782	0.4892597695390782	11.33	0.0	3.522670340681363	3.522670340681363	11.33	-0.0	0.4892597695390782	0.4892597695390782	11.33	0.22	271.0	278.54	569.53	-107.42	0	1
PROTOTYPE	039746	04/16/18	09:54:40	0.4892597695390782	0.4892597695390782	11.33	0.0	3.522670340681363	3.522670340681363	11.33	-0.0	0.39140781563126253	0.4745819764529058	24.98	-14.81	274.0	277.86	478.42	-16.31	0	1
PROTOTYPE	039747	04/16/18	09:54:41	0.4892597695390782	0.4892597695390782	11.34	0.0	3.522670340681363	3.522670340681363	11.34	-0.0	0.4892597695390782	0.4765390155310621	26.24	-12.59	284.0	278.78	555.81	61.14	0	1
PROTOTYPE	039748	04/16/18	09:54:43	0.4892597695390782	0.4892597695390782	11.35	0.0	3.522670340681363	3.522670340681363	11.35	-0.0	0.4892597695390782	0.47849605460921835	27.22	-10.7	277.0	278.51	525.02	-23.03	0	1
PROTOTYPE	039749	04/16/18	09:54:44	0.4892597695390782	0.4892597695390782	11.35	0.0	3.522670340681363	3.522670340681363	11.35	-0.0	0.4892597695390782	0.48045309368737477	27.97	-9.1	281.0	278.89	521.21	55.42	0	1
PROTOTYPE	039750	04/16/18	09:54:45	0.4892597695390782	0.4892597695390782	11.35	0.0	3.522670340681363	3.522670340681363	11.35	-0.0	0.4892597695390782	0.48143161322645295	28.54	-7.73	270.0	277.55	649.34	-72.89	0	1
PROTOTYPE	039751	04/16/18	09:54:47	0.4892597695390782	0.4892597695390782	11.28	0.0	3.522670340681363	3.522670340681363	11.28	-0.0	0.4892597695390782	0.482410132765531	28.9	-6.57	281.0	278.07	615.28	-106.96	0	1
PROTOTYPE	039752	04/16/18	09:54:48	0.4892597695390782	0.4892597695390782	11.28	0.0	3.522670340681363	3.522670340681363	11.28	-0.0	0.4892597695390782	0.48338865230460926	29.22	-5.59	277.0	277.91	558.45	-195.91	0	1
PROTOTYPE	039753	04/16/18	09:54:50	0.4892597695390782	0.4892597695390782	11.27	0.0	3.522670340681363	3.522670340681363	11.27	-0.0	0.4892597695390782	0.48436717184368744	29.45	-4.75	277.0	277.77	439.13	-76.53	0	1
PROTOTYPE	039754	04/16/18	09:54:51	0.4892597695390782	0.4892597695390782	11.29	0.0	3.522670340681363	3.522670340681363	11.29	-0.0	0.4892597695390782	0.4853456913827655	15.99	10.96	277.0	277.66	382.72	-20.05	0	1
PROTOTYPE	039755	04/16/18	09:54:52	0.4892597695390782	0.4892597695390782	11.28	0.0	3.522670340681363	3.522670340681363	11.28	-0.0	0.4892597695390782	0.4863242109218437	14.86	9.32	279.0	277.86	310.77	-92.04	0	1
PROTOTYPE	039756	04/16/18	09:54:54	0.4892597695390782	0.4892597695390782	11.27	0.0	3.522670340681363	3.522670340681363	11.27	-0.0	0.4892597695390782	0.4863242109218437	13.97	7.92	278.0	277.88	286.6	-63.23	0	1
PROTOTYPE	039757	04/16/18	09:54:55	0.4892597695390782	0.4892597695390782	11.29	0.0	3.522670340681363	3.522670340681363	11.29	-0.0	0.4892597695390782	0.4863242109218437	13.31	6.73	287.0	279.25	386.07	36.25	0	1
PROTOTYPE	039758	04/16/18	09:54:57	0.4892597695390782	0.4892597695390782	11.3	0.0	3.522670340681363	3.522670340681363	11.3	-0.0	0.4892597695390782	0.48730273046092193	12.8	5.72	275.0	278.61	316.51	105.81	0	1
PROTOTYPE	039759	04/16/18	09:54:58	0.4892597695390782	0.4892597695390782	11.3	0.0	3.6205222945891786	3.537348133767535	24.95	15.0	0.4892597695390782	0.48730273046092193	12.41	4.86	264.0	276.42	483.94	-165.06	0	1
PROTOTYPE	039760	04/16/18	09:54:59	0.4892597695390782	0.4892597695390782	11.3	0.0	3.522670340681363	3.5353910946893787	26.2	12.75	0.4892597695390782	0.48730273046092193	12.11	4.13	277.0	276.51	476.66	-140.3	0	1
PROTOTYPE	039761	04/16/18	09:55:01	0.4892597695390782	0.4892597695390782	11.31	0.0	3.522670340681363	3.5334340556112225	27.17	10.84	0.4892597695390782	0.48828125	11.9	3.51	270.0	275.53	560.56	-224.26	0	1
PROTOTYPE	039762	04/16/18	09:55:02	0.4892597695390782	0.4892597695390782	11.33	0.0	3.522670340681363	3.5314770165330667	27.93	9.21	0.4892597695390782	0.48828125	11.76	2.99	280.0	276.2	615.94	-145.62	0	1
PROTOTYPE	039763	04/16/18	09:55:04	0.4892597695390782	0.4892597695390782	11.32	0.0	3.522670340681363	3.530498496993988	28.48	7.83	0.4892597695390782	0.48828125	11.64	2.54	279.0	276.62	637.76	-123.77	0	1
PROTOTYPE	039764	04/16/18	09:55:05	0.4892597695390782	0.4892597695390782	11.34	0.0	3.522670340681363	3.52951997745491	28.92	6.66	0.4892597695390782	0.48828125	11.57	2.16	278.0	276.83	655.95	-105.21	0	1
PROTOTYPE	039765	04/16/18	09:55:07	0.4892597695390782	0.4892597695390782	11.32	0.0	3.6205222945891786	3.543219251002004	41.57	20.66	0.4892597695390782	0.48828125	11.48	1.83	287.0	278.35	671.74	-89.43	0	1
PROTOTYPE	039766	04/16/18	09:55:08	0.4892597695390782	0.4892597695390782	11.29	0.0	3.6205222945891786	3.5549614854709417	52.14	32.56	0.4892597695390782	0.48828125	11.41	1.56	271.0	277.25	718.31	-136.01	0	1
