Dev_id	Index	Date	Time	Sensor1	Sensor1_Filter	Sensor1_LL	Sensor1_Diff	Sensor2	Sensor2_Filter	Sensor2_LL	Sensor2_Diff	Sensor3	Sensor3_Filter	Sensor3_LL	Sensor3_Diff	Sensor4	Sensor4_Filter	Sensor4_LL	Sensor4_Diff	Heater_Status	FSM_Status
PROTOTYPE	039167	04/16/18	09:41:02	0.4892597695390782	0.4892597695390782	11.3	-0.0	4.403337925851703	4.403337925851703	11.31	-0.56	0.4892597695390782	0.4892597695390782	11.3	0.0	275.0	276.17	385.28	-211.32	0	1
PROTOTYPE	039168	04/16/18	09:41:04	0.4892597695390782	0.4892597695390782	11.3	-0.0	4.403337925851703	4.403337925851703	11.31	-0.48	0.4892597695390782	0.4892597695390782	11.3	0.0	281.0	276.89	386.98	-209.62	0	1
PROTOTYPE	039169	04/16/18	09:41:05	0.4892597695390782	0.4892597695390782	11.31	-0.0	4.403337925851703	4.403337925851703	11.32	-0.41	0.4892597695390782	0.4892597695390782	11.31	0.0	279.0	277.21	417.24	-178.18	0	1
PROTOTYPE	039170	04/16/18	09:41:06	0.4892597695390782	0.4892597695390782	11.29	-0.0	4.403337925851703	4.403337925851703	11.29	-0.35	0.4892597695390782	0.4892597695390782	11.29	0.0	281.0	277.78	458.92	-136.45	0	1
PROTOTYPE	039171	04/16/18	09:41:08	0.4892597695390782	0.4892597695390782	11.29	0.0	4.403337925851703	4.403337925851703	11.29	-0.29	0.4892597695390782	0.4892597695390782	11.29	0.0	279.0	277.96	265.22	94.02	0	1
PROTOTYPE	039172	04/16/18	09:41:09	0.4892597695390782	0.4892597695390782	11.31	0.0	4.403337925851703	4.403337925851703	11.31	-0.25	0.4892597695390782	0.4892597695390782	11.31	0.0	284.0	278.87	340.48	199.91	0	1
PROTOTYPE	039173	04/16/18	09:41:11	0.4892597695390782	0.4892597695390782	11.29	0.0	4.403337925851703	4.403337925851703	11.29	-0.21	0.4892597695390782	0.4892597695390782	11.29	0.0	275.0	278.29	355.46	184.93	0	1
PROTOTYPE	039174	04/16/18	09:41:12	0.4892597695390782	0.4892597695390782	11.3	0.0	4.403337925851703	4.403337925851703	11.3	-0.18	0.4892597695390782	0.4892597695390782	11.3	0.0	282.0	278.84	404.5	247.19	0	1
PROTOTYPE	039175	04/16/18	09:41:13	0.4892597695390782	0.4892597695390782	11.27	0.0	4.403337925851703	4.403337925851703	11.27	-0.15	0.4892597695390782	0.4892597695390782	11.27	0.0	270.0	277.52	516.53	135.11	0	1
PROTOTYPE	039176	04/16/18	09:41:15	0.4892597695390782	0.4892597695390782	11.3	0.0	4.403337925851703	4.403337925851703	11.3	-0.13	0.4892597695390782	0.4892597695390782	11.3	0.0	273.0	276.84	511.76	-5.16	0	1
PROTOTYPE	039177	04/16/18	09:41:16	0.4892597695390782	0.4892597695390782	11.32	0.0	4.403337925851703	4.403337925851703	11.32	-0.11	0.4892597695390782	0.4892597695390782	11.32	0.0	276.0	276.71	492.76	-49.38	0	1
PROTOTYPE	039178	04/16/18	09:41:18	0.4892597695390782	0.4892597695390782	11.33	0.0	4.403337925851703	4.403337925851703	11.33	-0.09	0.4892597695390782	0.4892597695390782	11.33	0.0	284.0	277.81	545.16	3.02	0	1
PROTOTYPE	039179	04/16/18	09:41:19	0.4892597695390782	0.4892597695390782	11.35	0.0	4.403337925851703	4.403337925851703	11.35	-0.08	0.4892597695390782	0.4892597695390782	11.35	0.0	292.0	279.94	739.65	197.57	0	1
PROTOTYPE	039180	04/16/18	09:41:20	0.4892597695390782	0.4892597695390782	11.33	0.0	4.403337925851703	4.403337925851703	11.33	-0.07	0.4892597695390782	0.4892597695390782	11.33	0.0	282.0	280.24	680.04	137.93	0	1
PROTOTYPE	039181	04/16/18	09:41:22	0.4892597695390782	0.4892597695390782	11.34	0.0	4.403337925851703	4.403337925851703	11.34	-0.06	0.4892597695390782	0.4892597695390782	11.34	0.0	285.0	280.96	693.38	267.24	0	1
PROTOTYPE	039182	04/16/18	09:41:23	0.4892597695390782	0.4892597695390782	11.34	0.0	4.403337925851703	4.403337925851703	11.34	-0.05	0.4892597695390782	0.4892597695390782	11.34	0.0	275.0	280.06	727.03	122.16	0	1
PROTOTYPE	039183	04/16/18	09:41:25	0.4892597695390782	0.4892597695390782	11.34	0.0	4.403337925851703	4.403337925851703	11.34	-0.04	0.4892597695390782	0.4892597695390782	11.34	0.0	276.0	279.45	655.36	193.83	0	1
PROTOTYPE	039184	04/16/18	09:41:26	0.4892597695390782	0.4892597695390782	11.32	0.0	4.403337925851703	4.403337925851703	11.32	-0.04	0.4892597695390782	0.4892597695390782	11.32	0.0	276.0	278.94	639.44	209.76	0	1
PROTOTYPE	039185	04/16/18	09:41:28	0.4892597695390782	0.4892597695390782	11.3	0.0	4.403337925851703	4.403337925851703	11.3	-0.03	0.4892597695390782	0.4892597695390782	11.3	0.0	280.0	279.1	642.79	238.3	0	1
PROTOTYPE	039186	04/16/18	09:41:29	0.4892597695390782	0.4892597695390782	11.29	0.0	4.403337925851703	4.403337925851703	11.29	-0.03	0.4892597695390782	0.4892597695390782	11.29	0.0	285.0	279.98	622.05	217.55	0	1
PROTOTYPE	039187	04/16/18	09:41:30	0.4892597695390782	0.4892597695390782	11.27	0.0	4.403337925851703	4.403337925851703	11.27	-0.02	0.4892597695390782	0.4892597695390782	11.27	0.0	270.0	278.48	558.87	-145.08	0	1
PROTOTYPE	039188	04/16/18	09:41:32	0.4892597695390782	0.4892597695390782	11.27	0.0	4.403337925851703	4.403337925851703	11.27	-0.02	0.4892597695390782	0.4892597695390782	11.27	0.0	286.0	279.61	640.61	-63.32	0	1
PROTOTYPE	039189	04/16/18	09:41:33	0.4892597695390782	0.4892597695390782	11.26	0.0	4.403337925851703	4.403337925851703	11.26	-0.02	0.4892597695390782	0.4892597695390782	11.26	0.0	287.0	280.72	680.1	-23.82	0	1
PROTOTYPE	039190	04/16/18	09:41:35	0.4892597695390782	0.4892597695390782	11.27	0.0	4.403337925851703	4.403337925851703	11.27	-0.01	0.4892597695390782	0.4892597695390782	11.27	0.0	287.0	281.66	684.93	159.75	0	1
PROTOTYPE	039191	04/16/18	09:41:36	0.4892597695390782	0.4892597695390782	11.27	0.0	4.403337925851703	4.403337925851703	11.27	-0.01	0.4892597695390782	0.4892597695390782	11.27	0.0	276.0	280.81	708.88	135.79	0	1
PROTOTYPE	039192	04/16/18	09:41:37	0.4892597695390782	0.4892597695390782	11.29	0.0	4.403337925851703	4.403337925851703	11.29	-0.01	0.4892597695390782	0.4892597695390782	11.29	0.0	275.0	279.94	744.24	100.42	0	1
PROTOTYPE	039193	04/16/18	09:41:39	0.4892597695390782	0.4892597695390782	11.3	0.0	4.403337925851703	4.403337925851703	11.3	-0.01	0.4892597695390782	0.4892597695390782	11.3	0.0	283.0	280.4	774.14	130.36	0	1
PROTOTYPE	039194	04/16/18	09:41:40	0.4892597695390782	0.4892597695390782	11.32	0.0	4.403337925851703	4.403337925851703	11.32	-0.01	0.4892597695390782	0.4892597695390782	11.32	0.0	278.0	280.04	721.59	5.8	0	1
PROTOTYPE	039195	04/16/18	09:41:42	0.4892597695390782	0.4892597695390782	11.34	0.0	4.305485971943888	4.388660132765531	24.98	-15.01	0.4892597695390782	0.4892597695390782	11.34	0.0	288.0	281.23	691.28	274.93	0	1
PROTOTYPE	039196	04/16/18	09:41:43	0.4892597695390782	0.4892597695390782	11.36	0.0	4.403337925851703	4.390617171843687	26.24	-12.76	0.4892597695390782	0.4892597695390782	11.36	0.0	282.0	281.35	590.12	173.69	0	1
PROTOTYPE	039197	04/16/18	09:41:45	0.4892597695390782	0.4892597695390782	11.38	0.0	4.403337925851703	4.392574210921844	27.22	-10.84	0.4892597695390782	0.4892597695390782	11.38	0.0	282.0	281.45	489.16	72.64	0	1
PROTOTYPE	039198	04/16/18	09:41:46	0.4892597695390782	0.4892597695390782	11.4	0.0	4.403337925851703	4.394531249999999	27.97	-9.22	0.4892597695390782	0.4892597695390782	11.4	0.0	277.0	280.78	461.66	-88.26	0	1
PROTOTYPE	039199	04/16/18	09:41:47	0.4892597695390782	0.4892597695390782	11.4	0.0	4.403337925851703	4.395509769539078	28.54	-7.83	0.4892597695390782	0.4892597695390782	11.4	0.0	276.0	280.06	448.42	-75.02	0	1
PROTOTYPE	039200	04/16/18	09:41:49	0.4892597695390782	0.4892597695390782	11.36	0.0	4.403337925851703	4.396488289078156	28.93	-6.66	0.4892597695390782	0.4892597695390782	11.36	0.0	280.0	280.05	362.9	11.23	0	1
PROTOTYPE	039201	04/16/18	09:41:50	0.4892597695390782	0.4892597695390782	11.35	0.0	4.403337925851703	4.397466808617234	29.23	-5.66	0.4892597695390782	0.4892597695390782	11.35	0.0	276.0	279.45	377.81	-95.45	0	1
PROTOTYPE	039202	04/16/18	09:41:52	0.4892597695390782	0.4892597695390782	11.34	0.0	4.403337925851703	4.398445328156313	29.46	-4.81	0.4892597695390782	0.4892597695390782	11.34	0.0	266.0	277.43	543.47	-261.13	0	1
PROTOTYPE	039203	04/16/18	09:41:53	0.4892597695390782	0.4892597695390782	11.32	0.0	4.403337925851703	4.399423847695391	15.97	10.91	0.4892597695390782	0.4892597695390782	11.32	0.0	276.0	277.21	445.52	-401.96	0	1
PROTOTYPE	039204	04/16/18	09:41:54	0.4892597695390782	0.4892597695390782	11.3	0.0	4.403337925851703	4.400402367234468	14.84	9.27	0.4892597695390782	0.4892597695390782	11.3	0.0	280.0	277.63	475.75	-371.67	0	1
PROTOTYPE	039205	04/16/18	09:41:56	0.4892597695390782	0.4892597695390782	11.28	0.0	4.403337925851703	4.400402367234468	13.95	7.88	0.4892597695390782	0.4892597695390782	11.28	0.0	279.0	277.84	486.45	-360.92	0	1
PROTOTYPE	039206	04/16/18	09:41:57	0.4892597695390782	0.4892597695390782	11.24	0.0	4.403337925851703	4.400402367234468	13.25	6.7	0.4892597695390782	0.4892597695390782	11.24	0.0	274.0	277.26	477.31	-351.78	0	1
PROTOTYPE	039207	04/16/18	09:41:59	0.4892597695390782	0.4892597695390782	11.25	0.0	4.403337925851703	4.401380886773547	12.74	5.7	0.4892597695390782	0.4892597695390782	11.25	0.0	273.0	276.62	469.55	-344.01	0	1
PROTOTYPE	039208	04/16/18	09:42:00	0.4892597695390782	0.4892597695390782	11.25	0.0	4.305485971943888	4.386703093687375	25.66	-10.16	0.4892597695390782	0.4892597695390782	11.25	0.0	279.0	276.98	503.55	-307.41	0	1
PROTOTYPE	039209	04/16/18	09:42:01	0.4892597695390782	0.4892597695390782	11.25	0.0	4.305485971943888	4.3749608592184375	36.49	-23.63	0.4892597695390782	0.4892597695390782	11.25	0.0	278.0	277.13	458.12	-231.3	0	1
PROTOTYPE	039210	04/16/18	09:42:03	0.4892597695390782	0.4892597695390782	11.26	0.0	4.305485971943888	4.364197144288577	45.54	-35.09	0.4892597695390782	0.4892597695390782	11.26	0.0	273.0	276.51	318.44	-91.6	0	1
PROTOTYPE	039211	04/16/18	09:42:04	0.4892597695390782	0.4892597695390782	11.27	0.0	4.403337925851703	4.370068261523046	50.12	-29.83	0.4892597695390782	0.4892597695390782	11.27	0.0	279.0	276.89	334.31	-32.86	0	1
PROTOTYPE	039212	04/16/18	09:42:06	0.4892597695390782	0.4892597695390782	11.26	0.0	4.403337925851703	4.3749608592184375	53.85	-25.35	0.4892597695390782	0.4892597695390782	11.26	0.0	273.0	276.3	350.79	-132.93	0	1
PROTOTYPE	039213	04/16/18	09:42:07	0.4892597695390782	0.4892597695390782	11.26	0.0	4.403337925851703	4.378874937374749	56.91	-21.55	0.4892597695390782	0.4892597695390782	11.26	0.0	285.0	277.61	460.69	-22.99	0	1
PROTOTYPE	039214	04/16/18	09:42:09	0.4892597695390782	0.4892597695390782	11.26	0.0	4.403337925851703	4.382789015531062	59.37	-18.32	0.4892597695390782	0.4892597695390782	11.26	0.0	268.0	276.17	547.23	-109.55	0	1
PROTOTYPE	039215	04/16/18	09:42:10	0.4892597695390782	0.4892597695390782	11.26	0.0	4.305485971943888	4.371046781062125	69.87	-30.57	0.4892597695390782	0.4892597695390782	11.26	0.0	285.0	277.49	615.81	86.89	0	1
PROTOTYPE	039216	04/16/18	09:42:11	0.4892597695390782	0.4892597695390782	11.26	0.0	4.403337925851703	4.375939378757515	60.22	-10.98	0.4892597695390782	0.4892597695390782	11.26	0.0	280.0	277.87	617.77	88.85	0	1
PROTOTYPE	039217	04/16/18	09:42:13	0.4892597695390782	0.4892597695390782	11.27	0.0	4.403337925851703	4.379853456913827	52.07	5.66	0.4892597695390782	0.4892597695390782	11.27	0.0	279.0	278.04	619.44	90.53	0	1
PROTOTYPE	039218	04/16/18	09:42:14	0.4892597695390782	0.4892597695390782	11.24	0.0	4.403337925851703	4.38376753507014	45.18	19.81	0.4892597695390782	0.4892597695390782	11.24	0.0	271.0	276.98	663.01	46.95	0	1
PROTOTYPE	039219	04/16/18	09:42:16	0.4892597695390782	0.4892597695390782	11.25	0.0	4.403337925851703	4.386703093687375	42.36	16.84	0.4892597695390782	0.4892597695390782	11.25	0.0	280.0	277.43	670.97	54.9	0	1
PROTOTYPE	039220	04/16/18	09:42:17	0.4892597695390782	0.4892597695390782	11.26	0.0	4.403337925851703	4.388660132765531	40.01	14.32	0.4892597695390782	0.4892597695390782	11.26	0.0	287.0	278.87	756.16	256.67	0	1
PROTOTYPE	039221	04/16/18	09:42:18	0.4892597695390782	0.4892597695390782	11.26	0.0	4.403337925851703	4.391595691382766	38.05	12.17	0.4892597695390782	0.4892597695390782	11.26	0.0	279.0	278.89	628.1	128.17	0	1
PROTOTYPE	039222	04/16/18	09:42:20	0.4892597695390782	0.4892597695390782	11.27	0.0	4.403337925851703	4.393552730460922	36.44	10.34	0.4892597695390782	0.4892597695390782	11.27	0.0	279.0	278.91	486.16	273.94	0	1
PROTOTYPE	039223	04/16/18	09:42:21	0.4892597695390782	0.4892597695390782	11.28	0.0	4.403337925851703	4.394531249999999	26.6	23.79	0.4892597695390782	0.4892597695390782	11.28	0.0	277.0	278.62	382.27	112.85	0	1
PROTOTYPE	039224	04/16/18	09:42:23	0.4892597695390782	0.4892597695390782	11.28	0.0	4.305485971943888	4.380831976452907	35.24	5.22	0.4892597695390782	0.4892597695390782	11.28	0.0	282.0	279.13	395.33	125.92	0	1
PROTOTYPE	039225	04/16/18	09:42:24	0.4892597695390782	0.4892597695390782	11.28	0.0	4.403337925851703	4.384746054609218	34.5	4.44	0.4892597695390782	0.4892597695390782	11.28	0.0	283.0	279.71	436.4	167.04	0	1
PROTOTYPE	039226	04/16/18	09:42:25	0.4892597695390782	0.4892597695390782	11.29	0.0	4.403337925851703	4.387681613226453	33.9	3.77	0.4892597695390782	0.4892597695390782	11.29	0.0	279.0	279.6	341.54	261.98	0	1
PROTOTYPE	039227	04/16/18	09:42:27	0.4892597695390782	0.4892597695390782	11.29	0.0	4.403337925851703	4.389638652304609	33.4	3.21	0.4892597695390782	0.4892597695390782	11.29	0.0	266.0	277.56	500.28	12.68	0	1
PROTOTYPE	039228	04/16/18	09:42:28	0.4892597695390782	0.4892597695390782	11.29	0.0	4.403337925851703	4.391595691382766	32.99	2.73	0.4892597695390782	0.4892597695390782	11.29	0.0	282.0	278.23	423.38	-64.22	0	1
PROTOTYPE	039229	04/16/18	09:42:30	0.4892597695390782	0.4892597695390782	11.28	0.0	4.403337925851703	4.393552730460922	32.65	2.32	0.4892597695390782	0.4892597695390782	11.28	0.0	272.0	277.29	514.39	-159.59	0	1
PROTOTYPE	039230	04/16/18	09:42:31	0.4892597695390782	0.4892597695390782	11.27	0.0	4.403337925851703	4.394531249999999	32.37	1.97	0.4892597695390782	0.4892597695390782	11.27	0.0	276.0	277.1	531.65	-180.65	0	1
PROTOTYPE	039231	04/16/18	09:42:32	0.4892597695390782	0.4892597695390782	11.26	0.0	4.403337925851703	4.396488289078156	32.16	1.67	0.4892597695390782	0.4892597695390782	11.26	0.0	270.0	276.03	609.53	-258.55	0	1
PROTOTYPE	039232	04/16/18	09:42:34	0.4892597695390782	0.4892597695390782	11.28	0.0	4.305485971943888	4.382789015531062	32.41	1.42	0.4892597695390782	0.4892597695390782	11.28	0.0	275.0	275.88	574.39	-324.77	0	1
PROTOTYPE	039233	04/16/18	09:42:35	0.4892597695390782	0.4892597695390782	11.29	0.0	4.305485971943888	4.371046781062125	40.65	-13.79	0.4892597695390782	0.4892597695390782	11.29	0.0	274.0	275.6	544.5	-411.05	0	1
PROTOTYPE	039234	04/16/18	09:42:37	0.4892597695390782	0.4892597695390782	11.3	0.0	4.403337925851703	4.375939378757515	42.59	-11.72	0.4892597695390782	0.4892597695390782	11.3	0.0	288.0	277.46	719.83	-214.4	0	1
PROTOTYPE	039235	04/16/18	09:42:38	0.4892597695390782	0.4892597695390782	11.29	0.0	4.305485971943888	4.365175663827656	50.65	-24.96	0.4892597695390782	0.4892597695390782	11.29	0.0	288.0	279.04	673.95	147.76	0	1
PROTOTYPE	039236	04/16/18	09:42:40	0.4892597695390782	0.4892597695390782	11.28	0.0	4.305485971943888	4.356368987975952	57.42	-36.22	0.4892597695390782	0.4892597695390782	11.28	0.0	282.0	279.48	651.79	125.6	0	1
PROTOTYPE	039237	04/16/18	09:42:41	0.4892597695390782	0.4892597695390782	11.31	0.0	4.403337925851703	4.363218624749499	62.51	-30.79	0.4892597695390782	0.4892597695390782	11.31	0.0	275.0	278.81	625.63	151.76	0	1
PROTOTYPE	039238	04/16/18	09:42:42	0.4892597695390782	0.4892597695390782	11.33	0.0	4.403337925851703	4.369089741983968	66.74	-26.17	0.4892597695390782	0.4892597695390782	11.33	0.0	285.0	279.74	699.04	264.0	0	1
PROTOTYPE	039239	04/16/18	09:42:44	0.4892597695390782	0.4892597695390782	11.32	0.0	4.403337925851703	4.3749608592184375	70.22	-22.24	0.4892597695390782	0.4892597695390782	11.32	0.0	277.0	279.33	633.65	329.4	0	1
PROTOTYPE	039240	04/16/18	09:42:45	0.4892597695390782	0.4892597695390782	11.33	0.0	4.403337925851703	4.378874937374749	60.88	-3.91	0.4892597695390782	0.4892597695390782	11.33	0.0	273.0	278.38	713.01	249.99	0	1
PROTOTYPE	039241	04/16/18	09:42:47	0.4892597695390782	0.4892597695390782	11.32	0.0	4.305485971943888	4.36811122244489	60.3	-3.32	0.4892597695390782	0.4892597695390782	11.32	0.0	279.0	278.47	694.2	287.49	0	1
PROTOTYPE	039242	04/16/18	09:42:48	0.4892597695390782	0.4892597695390782	11.33	0.0	4.403337925851703	4.37300382014028	60.79	-2.82	0.4892597695390782	0.4892597695390782	11.33	0.0	287.0	279.75	636.08	229.37	0	1
PROTOTYPE	039243	04/16/18	09:42:49	0.4892597695390782	0.4892597695390782	11.32	0.0	4.403337925851703	4.377896417835672	54.73	12.6	0.4892597695390782	0.4892597695390782	11.32	0.0	284.0	280.39	541.69	134.96	0	1
PROTOTYPE	039244	04/16/18	09:42:51	0.4892597695390782	0.4892597695390782	11.34	0.0	4.305485971943888	4.367132702905812	56.61	10.71	0.4892597695390782	0.4892597695390782	11.34	0.0	277.0	279.88	548.1	39.72	0	1
PROTOTYPE	039245	04/16/18	09:42:52	0.4892597695390782	0.4892597695390782	11.32	0.0	4.305485971943888	4.35734750751503	58.78	-5.9	0.4892597695390782	0.4892597695390782	11.32	0.0	284.0	280.5	542.65	168.76	0	1
PROTOTYPE	039246	04/16/18	09:42:54	0.4892597695390782	0.4892597695390782	11.31	0.0	4.403337925851703	4.364197144288577	59.64	-5.01	0.4892597695390782	0.4892597695390782	11.31	0.0	280.0	280.42	457.4	68.45	0	1
PROTOTYPE	039247	04/16/18	09:42:55	0.4892597695390782	0.4892597695390782	11.34	0.0	4.305485971943888	4.355390468436873	63.41	-19.26	0.4892597695390782	0.4892597695390782	11.34	0.0	271.0	279.01	557.66	-31.82	0	1
PROTOTYPE	039248	04/16/18	09:42:57	0.4892597695390782	0.4892597695390782	11.3	0.0	4.403337925851703	4.363218624749499	66.21	-16.37	0.4892597695390782	0.4892597695390782	11.3	0.0	277.0	278.71	492.9	32.95	0	1
PROTOTYPE	039249	04/16/18	09:42:58	0.4892597695390782	0.4892597695390782	11.29	0.0	4.403337925851703	4.369089741983968	61.25	1.08	0.4892597695390782	0.4892597695390782	11.29	0.0	287.0	279.95	607.86	148.01	0	1
PROTOTYPE	039250	04/16/18	09:42:59	0.4892597695390782	0.4892597695390782	11.27	0.0	4.403337925851703	4.373982339679359	61.09	0.92	0.4892597695390782	0.4892597695390782	11.27	0.0	265.0	277.71	704.22	-204.19	0	1
PROTOTYPE	039251	04/16/18	09:43:01	0.4892597695390782	0.4892597695390782	11.28	0.0	4.305485971943888	4.364197144288577	66.85	-14.22	0.4892597695390782	0.4892597695390782	11.28	0.0	268.0	276.25	786.12	-413.56	0	1
PROTOTYPE	039252	04/16/18	09:43:02	0.4892597695390782	0.4892597695390782	11.26	0.0	4.403337925851703	4.370068261523046	61.92	2.92	0.4892597695390782	0.4892597695390782	11.26	0.0	271.0	275.47	814.08	-441.53	0	1
PROTOTYPE	039253	04/16/18	09:43:04	0.4892597695390782	0.4892597695390782	11.27	0.0	4.403337925851703	4.3749608592184375	57.76	17.48	0.4892597695390782	0.4892597695390782	11.27	0.0	275.0	275.4	759.39	-510.3	0	1
PROTOTYPE	039254	04/16/18	09:43:05	0.4892597695390782	0.4892597695390782	11.28	0.0	4.403337925851703	4.378874937374749	55.22	14.86	0.4892597695390782	0.4892597695390782	11.28	0.0	277.0	275.64	775.9	-478.75	0	1
PROTOTYPE	039255	04/16/18	09:43:06	0.4892597695390782	0.4892597695390782	11.28	0.0	4.305485971943888	4.36811122244489	57.43	12.63	0.4892597695390782	0.4892597695390782	11.28	0.0	277.0	275.84	655.05	-316.94	0	1
PROTOTYPE	039256	04/16/18	09:43:08	0.4892597695390782	0.4892597695390782	11.3	0.0	4.403337925851703	4.37300382014028	55.58	10.73	0.4892597695390782	0.4892597695390782	11.3	0.0	274.0	275.56	652.51	-314.4	0	1
PROTOTYPE	039257	04/16/18	09:43:09	0.4892597695390782	0.4892597695390782	11.32	0.0	4.305485971943888	4.363218624749499	59.71	-5.88	0.4892597695390782	0.4892597695390782	11.32	0.0	281.0	276.38	609.67	-357.24	0	1
PROTOTYPE	039258	04/16/18	09:43:11	0.4892597695390782	0.4892597695390782	11.34	0.0	4.403337925851703	4.369089741983968	60.57	-4.99	0.4892597695390782	0.4892597695390782	11.34	0.0	275.0	276.17	406.13	-153.65	0	1
PROTOTYPE	039259	04/16/18	09:43:12	0.4892597695390782	0.4892597695390782	11.32	0.0	4.403337925851703	4.373982339679359	55.38	10.75	0.4892597695390782	0.4892597695390782	11.32	0.0	276.0	276.15	263.43	-10.61	0	1
PROTOTYPE	039260	04/16/18	09:43:13	0.4892597695390782	0.4892597695390782	11.32	0.0	4.305485971943888	4.364197144288577	59.79	-5.86	0.4892597695390782	0.4892597695390782	11.32	0.0	283.0	277.17	287.42	170.98	0	1
PROTOTYPE	039261	04/16/18	09:43:15	0.4892597695390782	0.4892597695390782	11.33	0.0	4.305485971943888	4.355390468436873	63.53	-19.98	0.4892597695390782	0.4892597695390782	11.33	0.0	286.0	278.5	412.69	310.34	0	1
PROTOTYPE	039262	04/16/18	09:43:16	0.4892597695390782	0.4892597695390782	11.32	0.0	4.305485971943888	4.347562312124249	66.67	-31.98	0.4892597695390782	0.4892597695390782	11.32	0.0	272.0	277.52	486.07	188.79	0	1
PROTOTYPE	039263	04/16/18	09:43:18	0.4892597695390782	0.4892597695390782	11.3	0.0	4.305485971943888	4.34169119488978	61.93	-27.19	0.4892597695390782	0.4892597695390782	11.3	0.0	274.0	277.0	518.44	115.47	0	1
PROTOTYPE	039264	04/16/18	09:43:19	0.4892597695390782	0.4892597695390782	11.29	0.0	4.305485971943888	4.3358200776553115	62.02	-38.11	0.4892597695390782	0.4892597695390782	11.29	0.0	277.0	277.0	492.19	143.15	0	1
PROTOTYPE	039265	04/16/18	09:43:21	0.4892597695390782	0.4892597695390782	11.29	0.0	4.403337925851703	4.34658379258517	61.94	-17.39	0.4892597695390782	0.4892597695390782	11.29	0.0	282.0	277.75	485.72	136.68	0	1
PROTOTYPE	039266	04/16/18	09:43:22	0.4892597695390782	0.4892597695390782	11.28	0.0	4.305485971943888	4.339734155811623	62.0	-29.78	0.4892597695390782	0.4892597695390782	11.28	0.0	287.0	279.13	603.78	296.17	0	1
PROTOTYPE	039267	04/16/18	09:43:23	0.4892597695390782	0.4892597695390782	11.31	0.0	4.305485971943888	4.334841558116231	62.06	-40.32	0.4892597695390782	0.4892597695390782	11.31	0.0	277.0	278.81	632.89	266.75	0	1
PROTOTYPE	039268	04/16/18	09:43:25	0.4892597695390782	0.4892597695390782	11.32	0.0	4.305485971943888	4.329948960420842	56.14	-34.27	0.4892597695390782	0.4892597695390782	11.32	0.0	280.0	278.99	547.93	181.74	0	1
PROTOTYPE	039269	04/16/18	09:43:26	0.4892597695390782	0.4892597695390782	11.3	0.0	4.305485971943888	4.327013401803607	51.13	-29.13	0.4892597695390782	0.4892597695390782	11.3	0.0	281.0	279.29	445.69	79.48	0	1
PROTOTYPE	039270	04/16/18	09:43:28	0.4892597695390782	0.4892597695390782	11.31	0.0	4.305485971943888	4.323099323647295	46.93	-24.76	0.4892597695390782	0.4892597695390782	11.31	0.0	272.0	278.2	457.61	67.55	0	1
PROTOTYPE	039271	04/16/18	09:43:29	0.4892597695390782	0.4892597695390782	11.32	0.0	4.305485971943888	4.321142284569138	43.41	-21.04	0.4892597695390782	0.4892597695390782	11.32	0.0	266.0	276.37	587.73	-62.58	0	1
PROTOTYPE	039272	04/16/18	09:43:30	0.4892597695390782	0.4892597695390782	11.32	0.0	4.305485971943888	4.318206725951904	40.46	-17.89	0.4892597695390782	0.4892597695390782	11.32	0.0	283.0	277.36	685.8	36.81	0	1
PROTOTYPE	039273	04/16/18	09:43:32	0.4892597695390782	0.4892597695390782	11.3	0.0	4.305485971943888	4.316249686873747	32.49	-30.2	0.4892597695390782	0.4892597695390782	11.3	0.0	275.0	277.01	646.21	-73.71	0	1
PROTOTYPE	039274	04/16/18	09:43:33	0.4892597695390782	0.4892597695390782	11.29	0.0	4.305485971943888	4.31527116733467	28.31	-25.67	0.4892597695390782	0.4892597695390782	11.29	0.0	271.0	276.11	597.56	-302.66	0	1
PROTOTYPE	039275	04/16/18	09:43:35	0.4892597695390782	0.4892597695390782	11.29	0.0	4.305485971943888	4.313314128256513	24.85	-21.82	0.4892597695390782	0.4892597695390782	11.29	0.0	287.0	277.74	728.89	-107.26	0	1
PROTOTYPE	039276	04/16/18	09:43:36	0.4892597695390782	0.4892597695390782	11.28	0.0	4.305485971943888	4.312335608717435	22.0	-18.55	0.4892597695390782	0.4892597695390782	11.28	0.0	283.0	278.53	789.94	-46.17	0	1
PROTOTYPE	039277	04/16/18	09:43:38	0.4892597695390782	0.4892597695390782	11.31	0.0	4.305485971943888	4.311357089178357	19.69	-15.77	0.4892597695390782	0.4892597695390782	11.31	0.0	288.0	279.95	901.84	65.76	0	1
PROTOTYPE	039278	04/16/18	09:43:39	0.4892597695390782	0.4892597695390782	11.29	0.0	4.305485971943888	4.310378569639278	17.8	-13.4	0.4892597695390782	0.4892597695390782	11.29	0.0	287.0	281.01	898.17	280.89	0	1
PROTOTYPE	039279	04/16/18	09:43:40	0.4892597695390782	0.4892597695390782	11.27	0.0	4.305485971943888	4.3094000501002006	16.29	-11.39	0.4892597695390782	0.4892597695390782	11.27	0.0	281.0	281.01	716.58	463.76	0	1
PROTOTYPE	039280	04/16/18	09:43:42	0.4892597695390782	0.4892597695390782	11.29	0.0	4.305485971943888	4.3094000501002006	15.11	-9.68	0.4892597695390782	0.4892597695390782	11.29	0.0	281.0	281.01	618.54	364.2	0	1
PROTOTYPE	039281	04/16/18	09:43:43	0.4892597695390782	0.4892597695390782	11.29	0.0	4.305485971943888	4.308421530561123	14.18	-8.23	0.4892597695390782	0.4892597695390782	11.29	0.0	284.0	281.46	627.98	444.57	0	1
PROTOTYPE	039282	04/16/18	09:43:45	0.4892597695390782	0.4892597695390782	11.29	0.0	4.305485971943888	4.308421530561123	13.45	-7.0	0.4892597695390782	0.4892597695390782	11.29	0.0	282.0	281.54	546.12	542.88	0	1
PROTOTYPE	039283	04/16/18	09:43:46	0.4892597695390782	0.4892597695390782	11.28	0.0	4.305485971943888	4.307443011022044	12.89	-5.95	0.4892597695390782	0.4892597695390782	11.28	0.0	280.0	281.31	405.83	356.45	0	1
PROTOTYPE	039284	04/16/18	09:43:47	0.4892597695390782	0.4892597695390782	11.28	0.0	4.305485971943888	4.307443011022044	12.47	-5.05	0.4892597695390782	0.4892597695390782	11.28	0.0	288.0	282.31	427.36	377.98	0	1
PROTOTYPE	039285	04/16/18	09:43:49	0.4892597695390782	0.4892597695390782	11.29	0.0	4.305485971943888	4.307443011022044	12.17	-4.3	0.4892597695390782	0.4892597695390782	11.29	0.0	271.0	280.61	454.97	66.28	0	1
PROTOTYPE	039286	04/16/18	09:43:50	0.4892597695390782	0.4892597695390782	11.31	0.0	4.305485971943888	4.3064644914829655	11.95	-3.65	0.4892597695390782	0.4892597695390782	11.31	0.0	270.0	279.02	508.44	-198.66	0	1
PROTOTYPE	039287	04/16/18	09:43:52	0.4892597695390782	0.4892597695390782	11.33	0.0	4.305485971943888	4.3064644914829655	11.8	-3.1	0.4892597695390782	0.4892597695390782	11.33	0.0	269.0	277.52	657.37	-348.86	0	1
PROTOTYPE	039288	04/16/18	09:43:53	0.4892597695390782	0.4892597695390782	11.31	0.0	4.305485971943888	4.3064644914829655	11.65	-2.64	0.4892597695390782	0.4892597695390782	11.31	0.0	277.0	277.44	663.85	-356.53	0	1
PROTOTYPE	039289	04/16/18	09:43:54	0.4892597695390782	0.4892597695390782	11.31	0.0	4.305485971943888	4.3064644914829655	11.56	-2.24	0.4892597695390782	0.4892597695390782	11.31	0.0	278.0	277.52	627.42	-393.05	0	1
PROTOTYPE	039290	04/16/18	09:43:56	0.4892597695390782	0.4892597695390782	11.31	0.0	4.305485971943888	4.3064644914829655	11.49	-1.91	0.4892597695390782	0.4892597695390782	11.31	0.0	287.0	278.95	761.27	-259.09	0	1
PROTOTYPE	039291	04/16/18	09:43:57	0.4892597695390782	0.4892597695390782	11.32	0.0	4.305485971943888	4.3064644914829655	11.45	-1.62	0.4892597695390782	0.4892597695390782	11.32	0.0	283.0	279.55	799.0	-175.23	0	1
PROTOTYPE	039292	04/16/18	09:43:59	0.4892597695390782	0.4892597695390782	11.32	0.0	4.305485971943888	4.3064644914829655	11.41	-1.38	0.4892597695390782	0.4892597695390782	11.32	0.0	273.0	278.57	796.9	-373.94	0	1
PROTOTYPE	039293	04/16/18	09:44:00	0.4892597695390782	0.4892597695390782	11.27	0.0	4.305485971943888	4.305485971943888	11.34	-1.17	0.4892597695390782	0.4892597695390782	11.27	0.0	278.0	278.49	635.92	-212.85	0	1
PROTOTYPE	039294	04/16/18	09:44:01	0.4892597695390782	0.4892597695390782	11.24	0.0	4.305485971943888	4.305485971943888	11.29	-1.0	0.4892597695390782	0.4892597695390782	11.24	0.0	266.0	276.61	663.99	-240.93	0	1
PROTOTYPE	039295	04/16/18	09:44:03	0.4892597695390782	0.4892597695390782	11.21	0.0	4.305485971943888	4.305485971943888	11.24	-0.85	0.4892597695390782	0.4892597695390782	11.21	0.0	281.0	277.27	579.48	-24.79	0	1
PROTOTYPE	039296	04/16/18	09:44:04	0.4892597695390782	0.4892597695390782	11.2	0.0	4.305485971943888	4.305485971943888	11.22	-0.72	0.4892597695390782	0.4892597695390782	11.2	0.0	279.0	277.53	597.56	8.93	0	1
PROTOTYPE	039297	04/16/18	09:44:06	0.4892597695390782	0.4892597695390782	11.18	0.0	4.305485971943888	4.305485971943888	11.2	-0.61	0.4892597695390782	0.4892597695390782	11.18	0.0	277.0	277.45	597.12	-7.41	0	1
PROTOTYPE	039298	04/16/18	09:44:07	0.4892597695390782	0.4892597695390782	11.18	0.0	4.305485971943888	4.305485971943888	11.19	-0.52	0.4892597695390782	0.4892597695390782	11.18	0.0	284.0	278.43	553.24	-51.3	0	1
PROTOTYPE	039299	04/16/18	09:44:08	0.4892597695390782	0.4892597695390782	11.15	0.0	4.305485971943888	4.305485971943888	11.16	-0.44	0.4892597695390782	0.4892597695390782	11.15	0.0	274.0	277.77	558.92	-178.6	0	1
PROTOTYPE	039300	04/16/18	09:44:10	0.4892597695390782	0.4892597695390782	11.16	0.0	4.305485971943888	4.305485971943888	11.17	-0.38	0.4892597695390782	0.4892597695390782	11.16	0.0	279.0	277.95	479.13	-61.81	0	1
PROTOTYPE	039301	04/16/18	09:44:11	0.4892597695390782	0.4892597695390782	11.16	0.0	4.305485971943888	4.305485971943888	11.16	-0.32	0.4892597695390782	0.4892597695390782	11.16	0.0	279.0	278.11	486.22	-37.54	0	1
PROTOTYPE	039302	04/16/18	09:44:13	0.4892597695390782	0.4892597695390782	11.17	0.0	4.305485971943888	4.305485971943888	11.17	-0.27	0.4892597695390782	0.4892597695390782	11.17	0.0	279.0	278.24	312.37	163.09	0	1
PROTOTYPE	039303	04/16/18	09:44:14	0.4892597695390782	0.4892597695390782	11.19	0.0	4.305485971943888	4.305485971943888	11.19	-0.23	0.4892597695390782	0.4892597695390782	11.19	0.0	284.0	279.11	332.9	183.63	0	1
PROTOTYPE	039304	04/16/18	09:44:15	0.4892597695390782	0.4892597695390782	11.22	0.0	4.305485971943888	4.305485971943888	11.22	-0.2	0.4892597695390782	0.4892597695390782	11.22	0.0	279.0	279.09	309.06	156.08	0	1
PROTOTYPE	039305	04/16/18	09:44:17	0.4892597695390782	0.4892597695390782	11.23	0.0	4.305485971943888	4.305485971943888	11.23	-0.17	0.4892597695390782	0.4892597695390782	11.23	0.0	287.0	280.28	419.64	282.67	0	1
PROTOTYPE	039306	04/16/18	09:44:18	0.4892597695390782	0.4892597695390782	11.24	0.0	4.305485971943888	4.305485971943888	11.24	-0.14	0.4892597695390782	0.4892597695390782	11.24	0.0	278.0	279.94	355.57	150.27	0	1
PROTOTYPE	039307	04/16/18	09:44:20	0.4892597695390782	0.4892597695390782	11.25	0.0	4.305485971943888	4.305485971943888	11.25	-0.12	0.4892597695390782	0.4892597695390782	11.25	0.0	274.0	279.05	378.11	127.73	0	1
PROTOTYPE	039308	04/16/18	09:44:21	0.4892597695390782	0.4892597695390782	11.24	0.0	4.305485971943888	4.305485971943888	11.24	-0.1	0.4892597695390782	0.4892597695390782	11.24	0.0	277.0	278.74	390.29	78.57	0	1
PROTOTYPE	039309	04/16/18	09:44:23	0.4892597695390782	0.4892597695390782	11.26	0.0	4.305485971943888	4.305485971943888	11.26	-0.09	0.4892597695390782	0.4892597695390782	11.26	0.0	282.0	279.23	423.46	111.78	0	1
PROTOTYPE	039310	04/16/18	09:44:24	0.4892597695390782	0.4892597695390782	11.28	0.0	4.403337925851703	4.320163765030061	24.92	14.93	0.4892597695390782	0.4892597695390782	11.28	0.0	288.0	280.54	541.63	230.02	0	1
PROTOTYPE	039311	04/16/18	09:44:25	0.4892597695390782	0.4892597695390782	11.27	0.0	4.403337925851703	4.3328845190380765	36.33	27.69	0.4892597695390782	0.4892597695390782	11.27	0.0	270.0	278.96	613.43	-14.49	0	1
PROTOTYPE	039312	04/16/18	09:44:27	0.4892597695390782	0.4892597695390782	11.26	0.0	4.403337925851703	4.343648233967936	45.84	38.53	0.4892597695390782	0.4892597695390782	11.26	0.0	290.0	280.62	776.86	152.69	0	1
PROTOTYPE	039313	04/16/18	09:44:28	0.4892597695390782	0.4892597695390782	11.29	0.0	4.403337925851703	4.352454909819639	53.75	47.75	0.4892597695390782	0.4892597695390782	11.29	0.0	281.0	280.68	664.12	39.78	0	1
PROTOTYPE	039314	04/16/18	09:44:30	0.4892597695390782	0.4892597695390782	11.29	0.0	4.403337925851703	4.360283066132265	60.3	55.59	0.4892597695390782	0.4892597695390782	11.29	0.0	285.0	281.32	694.83	138.82	0	1
PROTOTYPE	039315	04/16/18	09:44:31	0.4892597695390782	0.4892597695390782	11.29	0.0	4.403337925851703	4.366154183366733	65.69	62.25	0.4892597695390782	0.4892597695390782	11.29	0.0	291.0	282.78	750.93	372.99	0	1
PROTOTYPE	039316	04/16/18	09:44:32	0.4892597695390782	0.4892597695390782	11.3	0.0	4.403337925851703	4.372025300601202	70.12	67.91	0.4892597695390782	0.4892597695390782	11.3	0.0	277.0	281.91	806.86	317.04	0	1
PROTOTYPE	039317	04/16/18	09:44:34	0.4892597695390782	0.4892597695390782	11.32	0.0	4.403337925851703	4.376917898296593	73.73	72.73	0.4892597695390782	0.4892597695390782	11.32	0.0	280.0	281.62	786.59	239.49	0	1
PROTOTYPE	039318	04/16/18	09:44:35	0.4892597695390782	0.4892597695390782	11.31	0.0	4.403337925851703	4.380831976452907	62.99	61.82	0.4892597695390782	0.4892597695390782	11.31	0.0	277.0	280.93	724.35	38.56	0	1
PROTOTYPE	039319	04/16/18	09:44:37	0.4892597695390782	0.4892597695390782	11.31	0.0	4.403337925851703	4.38376753507014	53.91	52.55	0.4892597695390782	0.4892597695390782	11.31	0.0	279.0	280.64	595.16	167.78	0	1
PROTOTYPE	039320	04/16/18	09:44:38	0.4892597695390782	0.4892597695390782	11.32	0.0	4.403337925851703	4.386703093687375	46.26	44.66	0.4892597695390782	0.4892597695390782	11.32	0.0	280.0	280.54	439.29	-7.39	0	1
PROTOTYPE	039321	04/16/18	09:44:39	0.4892597695390782	0.4892597695390782	11.29	0.0	4.403337925851703	4.389638652304609	39.82	37.96	0.4892597695390782	0.4892597695390782	11.29	0.0	283.0	280.91	470.25	23.72	0	1
PROTOTYPE	039322	04/16/18	09:44:41	0.4892597695390782	0.4892597695390782	11.29	0.0	4.403337925851703	4.391595691382766	34.42	32.27	0.4892597695390782	0.4892597695390782	11.29	0.0	270.0	279.28	569.05	-204.84	0	1
PROTOTYPE	039323	04/16/18	09:44:42	0.4892597695390782	0.4892597695390782	11.31	0.0	4.403337925851703	4.393552730460922	29.92	27.43	0.4892597695390782	0.4892597695390782	11.31	0.0	272.0	278.18	533.04	-459.11	0	1
PROTOTYPE	039324	04/16/18	09:44:44	0.4892597695390782	0.4892597695390782	11.3	0.0	4.403337925851703	4.394531249999999	26.18	23.31	0.4892597695390782	0.4892597695390782	11.3	0.0	286.0	279.36	563.64	-255.24	0	1
PROTOTYPE	039325	04/16/18	09:44:45	0.4892597695390782	0.4892597695390782	11.29	0.0	4.403337925851703	4.396488289078156	23.09	19.82	0.4892597695390782	0.4892597695390782	11.29	0.0	264.0	277.05	765.33	-456.96	0	1
PROTOTYPE	039326	04/16/18	09:44:47	0.4892597695390782	0.4892597695390782	11.27	0.0	4.403337925851703	4.397466808617234	20.55	16.84	0.4892597695390782	0.4892597695390782	11.27	0.0	280.0	277.5	740.2	-343.41	0	1
PROTOTYPE	039327	04/16/18	09:44:48	0.4892597695390782	0.4892597695390782	11.31	0.0	4.403337925851703	4.398445328156313	18.53	14.32	0.4892597695390782	0.4892597695390782	11.31	0.0	272.0	276.67	793.67	-396.9	0	1
PROTOTYPE	039328	04/16/18	09:44:49	0.4892597695390782	0.4892597695390782	11.29	0.0	4.403337925851703	4.398445328156313	16.87	12.17	0.4892597695390782	0.4892597695390782	11.29	0.0	279.0	277.02	818.93	-352.37	0	1
PROTOTYPE	039329	04/16/18	09:44:51	0.4892597695390782	0.4892597695390782	11.29	0.0	4.403337925851703	4.399423847695391	15.56	10.34	0.4892597695390782	0.4892597695390782	11.29	0.0	273.0	276.42	842.38	-449.51	0	1
PROTOTYPE	039330	04/16/18	09:44:52	0.4892597695390782	0.4892597695390782	11.31	0.0	4.403337925851703	4.400402367234468	14.54	8.79	0.4892597695390782	0.4892597695390782	11.31	0.0	264.0	274.55	864.95	-472.09	0	1
PROTOTYPE	039331	04/16/18	09:44:54	0.4892597695390782	0.4892597695390782	11.29	0.0	4.403337925851703	4.400402367234468	13.73	7.47	0.4892597695390782	0.4892597695390782	11.29	0.0	269.0	273.72	839.14	-446.27	0	1
PROTOTYPE	039332	04/16/18	09:44:55	0.4892597695390782	0.4892597695390782	11.31	0.0	4.403337925851703	4.401380886773547	13.12	6.35	0.4892597695390782	0.4892597695390782	11.31	0.0	262.0	271.96	897.72	-739.33	0	1
PROTOTYPE	039333	04/16/18	09:44:56	0.4892597695390782	0.4892597695390782	11.31	0.0	4.403337925851703	4.401380886773547	12.66	5.4	0.4892597695390782	0.4892597695390782	11.31	0.0	281.0	273.32	802.93	-373.43	0	1
PROTOTYPE	039334	04/16/18	09:44:58	0.4892597695390782	0.4892597695390782	11.33	0.0	4.403337925851703	4.401380886773547	12.32	4.59	0.4892597695390782	0.4892597695390782	11.33	0.0	283.0	274.77	903.93	-272.42	0	1
PROTOTYPE	039335	04/16/18	09:44:59	0.4892597695390782	0.4892597695390782	11.31	0.0	4.403337925851703	4.402359406312625	12.04	3.9	0.4892597695390782	0.4892597695390782	11.31	0.0	293.0	277.51	1094.93	83.45	0	1
PROTOTYPE	039336	04/16/18	09:45:01	0.4892597695390782	0.4892597695390782	11.34	0.0	4.403337925851703	4.402359406312625	11.87	3.32	0.4892597695390782	0.4892597695390782	11.34	0.0	270.0	276.38	1172.55	-64.07	0	1
PROTOTYPE	039337	04/16/18	09:45:02	0.4892597695390782	0.4892597695390782	11.36	0.0	4.403337925851703	4.402359406312625	11.75	2.82	0.4892597695390782	0.4892597695390782	11.36	0.0	286.0	277.82	1256.55	140.54	0	1
PROTOTYPE	039338	04/16/18	09:45:04	0.4892597695390782	0.4892597695390782	11.35	0.0	4.403337925851703	4.402359406312625	11.63	2.4	0.4892597695390782	0.4892597695390782	11.35	0.0	286.0	279.05	1192.96	449.46	0	1
PROTOTYPE	039339	04/16/18	09:45:05	0.4892597695390782	0.4892597695390782	11.35	0.0	4.403337925851703	4.402359406312625	11.55	2.04	0.4892597695390782	0.4892597695390782	11.35	0.0	272.0	277.99	1215.37	427.04	0	1
PROTOTYPE	039340	04/16/18	09:45:06	0.4892597695390782	0.4892597695390782	11.33	0.0	4.403337925851703	4.402359406312625	11.48	1.73	0.4892597695390782	0.4892597695390782	11.33	0.0	276.0	277.69	1069.46	572.98	0	1
PROTOTYPE	039341	04/16/18	09:45:08	0.4892597695390782	0.4892597695390782	11.31	0.0	4.403337925851703	4.402359406312625	11.42	1.47	0.4892597695390782	0.4892597695390782	11.31	0.0	284.0	278.64	1028.51	532.04	0	1
PROTOTYPE	039342	04/16/18	09:45:09	0.4892597695390782	0.4892597695390782	11.32	0.0	4.403337925851703	4.403337925851703	11.4	1.25	0.4892597695390782	0.4892597695390782	11.32	0.0	275.0	278.09	937.89	332.23	0	1
PROTOTYPE	039343	04/16/18	09:45:11	0.4892597695390782	0.4892597695390782	11.31	0.0	4.403337925851703	4.403337925851703	11.36	1.06	0.4892597695390782	0.4892597695390782	11.31	0.0	276.0	277.78	695.88	27.4	0	1
PROTOTYPE	039344	04/16/18	09:45:12	0.4892597695390782	0.4892597695390782	11.28	0.0	4.403337925851703	4.403337925851703	11.32	0.9	0.4892597695390782	0.4892597695390782	11.28	0.0	287.0	279.16	721.61	278.29	0	1
PROTOTYPE	039345	04/16/18	09:45:13	0.4892597695390782	0.4892597695390782	11.26	0.0	4.403337925851703	4.403337925851703	11.29	0.77	0.4892597695390782	0.4892597695390782	11.26	0.0	288.0	280.49	709.87	266.54	0	1
PROTOTYPE	039346	04/16/18	09:45:15	0.4892597695390782	0.4892597695390782	11.23	0.0	4.403337925851703	4.403337925851703	11.25	0.65	0.4892597695390782	0.4892597695390782	11.23	0.0	284.0	281.01	639.9	196.56	0	1
PROTOTYPE	039347	04/16/18	09:45:16	0.4892597695390782	0.4892597695390782	11.25	0.0	4.403337925851703	4.403337925851703	11.26	0.55	0.4892597695390782	0.4892597695390782	11.25	0.0	270.0	279.36	699.38	137.08	0	1
PROTOTYPE	039348	04/16/18	09:45:18	0.4892597695390782	0.4892597695390782	11.26	0.0	4.403337925851703	4.403337925851703	11.27	0.47	0.4892597695390782	0.4892597695390782	11.26	0.0	278.0	279.16	689.95	146.52	0	1
PROTOTYPE	039349	04/16/18	09:45:19	0.4892597695390782	0.4892597695390782	11.26	0.0	4.403337925851703	4.403337925851703	11.27	0.4	0.4892597695390782	0.4892597695390782	11.26	0.0	282.0	279.58	637.99	94.54	0	1
PROTOTYPE	039350	04/16/18	09:45:20	0.4892597695390782	0.4892597695390782	11.24	0.0	4.403337925851703	4.403337925851703	11.24	0.34	0.4892597695390782	0.4892597695390782	11.24	0.0	283.0	280.1	634.64	200.36	0	1
PROTOTYPE	039351	04/16/18	09:45:22	0.4892597695390782	0.4892597695390782	11.22	0.0	4.403337925851703	4.403337925851703	11.22	0.29	0.4892597695390782	0.4892597695390782	11.22	0.0	269.0	278.43	769.66	65.3	0	1
PROTOTYPE	039352	04/16/18	09:45:23	0.4892597695390782	0.4892597695390782	11.24	0.0	4.403337925851703	4.403337925851703	11.24	0.25	0.4892597695390782	0.4892597695390782	11.24	0.0	282.0	278.97	684.88	-19.49	0	1
PROTOTYPE	039353	04/16/18	09:45:25	0.4892597695390782	0.4892597695390782	11.25	0.0	4.403337925851703	4.403337925851703	11.25	0.21	0.4892597695390782	0.4892597695390782	11.25	0.0	272.0	277.92	656.83	-256.57	0	1
PROTOTYPE	039354	04/16/18	09:45:26	0.4892597695390782	0.4892597695390782	11.26	0.0	4.403337925851703	4.403337925851703	11.26	0.18	0.4892597695390782	0.4892597695390782	11.26	0.0	279.0	278.08	620.36	-293.08	0	1
PROTOTYPE	039355	04/16/18	09:45:27	0.4892597695390782	0.4892597695390782	11.25	0.0	4.403337925851703	4.403337925851703	11.25	0.15	0.4892597695390782	0.4892597695390782	11.25	0.0	270.0	276.87	576.4	-249.12	1	0
PROTOTYPE	039356	04/16/18	09:45:29	0.4892597695390782	0.4892597695390782	11.26	0.0	4.7947457414829655	4.462049098196393	69.86	60.13	0.4892597695390782	0.4892597695390782	11.26	0.0	284.0	277.94	662.85	-121.75	1	0
PROTOTYPE	039357	04/16/18	09:45:30	0.4892597695390782	0.4892597695390782	11.28	0.0	5.1861535571142285	4.570664767034068	179.48	171.11	0.4892597695390782	0.4892597695390782	11.28	0.0	276.0	277.65	649.34	-193.49	1	0
PROTOTYPE	039358	04/16/18	09:45:32	0.4892597695390782	0.4892597695390782	11.28	0.0	5.38185746492986	4.69200118987976	302.44	295.44	0.4892597695390782	0.4892597695390782	11.28	0.0	287.0	279.05	738.35	-104.47	1	0
PROTOTYPE	039359	04/16/18	09:45:33	0.4892597695390782	0.4892597695390782	11.31	0.0	5.577561372745492	4.825079847194389	436.76	431.13	0.4892597695390782	0.4892597695390782	11.31	0.0	269.0	277.54	722.69	-88.8	1	0
PROTOTYPE	039360	04/16/18	09:45:35	0.4892597695390782	0.4892597695390782	11.3	0.0	5.773265280561122	4.966965180360721	580.69	576.46	0.4892597695390782	0.4892597695390782	11.3	0.0	271.0	276.56	767.33	-240.48	1	0
PROTOTYPE	039361	04/16/18	09:45:36	0.4892597695390782	0.4892597695390782	11.29	0.0	5.871117234468938	5.102979396292586	717.83	714.99	0.4892597695390782	0.4892597695390782	11.29	0.0	282.0	277.38	744.38	-54.41	1	0
PROTOTYPE	039362	04/16/18	09:45:37	0.4892597695390782	0.4892597695390782	11.28	0.0	5.968969188376754	5.2331224949899795	849.2	847.74	0.4892597695390782	0.4892597695390782	11.28	0.0	274.0	276.87	778.84	-121.24	1	0
PROTOTYPE	039363	04/16/18	09:45:39	0.4892597695390782	0.4892597695390782	11.27	0.0	6.066821142284569	5.358372995991983	975.65	975.58	0.4892597695390782	0.4892597695390782	11.27	0.0	279.0	277.19	689.53	31.94	1	0
PROTOTYPE	039364	04/16/18	09:45:40	0.4892597695390782	0.4892597695390782	11.25	0.0	6.164673096192384	5.478730899298597	1039.3	1039.24	0.4892597695390782	0.4892597695390782	11.25	0.0	271.0	276.26	675.47	-167.85	1	0
PROTOTYPE	039365	04/16/18	09:45:42	0.4892597695390782	0.4892597695390782	11.23	0.0	6.164673096192384	5.581475450901804	1033.42	1033.36	0.4892597695390782	0.4892597695390782	11.23	0.0	277.0	276.37	657.48	-127.67	1	0
PROTOTYPE	039366	04/16/18	09:45:43	0.4892597695390782	0.4892597695390782	11.24	0.0	6.2625250501002006	5.68422000250501	1013.42	1013.35	0.4892597695390782	0.4892597695390782	11.24	0.0	280.0	276.92	571.64	-213.52	1	0
