Dev_id	Index	Date	Time	Sensor1	Sensor1_Filter	Sensor1_LL	Sensor1_Diff	Sensor2	Sensor2_Filter	Sensor2_LL	Sensor2_Diff	Sensor3	Sensor3_Filter	Sensor3_LL	Sensor3_Diff	Sensor4	Sensor4_Filter	Sensor4_LL	Sensor4_Diff	Heater_Status	FSM_Status
1002	000002	04/11/18	13:49:41	0.8806675851703407	0.8806675851703407	0.0	0.0	0.8806675851703407	0.8806675851703407	0.0	0.0	0.8806675851703407	0.7974934243486974	0.0	0.0	9.0	9.0	0.0	0.0	0	b'BAS'
1002	000003	04/11/18	13:49:44	0.8806675851703407	0.8806675851703407	0.0	0.0	0.8806675851703407	0.8806675851703407	0.0	0.0	0.7828156312625251	0.7955363852705412	0.0	0.0	8.0	8.85	0.0	0.0	0	b'BAS'
1002	000004	04/11/18	13:49:46	0.8806675851703407	0.8806675851703407	0.0	0.0	0.8806675851703407	0.8806675851703407	0.0	0.0	0.8806675851703407	0.8082571392785571	0.0	0.0	9.0	8.87	0.0	0.0	0	b'BAS'
1002	000005	04/11/18	13:49:49	0.8806675851703407	0.8806675851703407	0.0	0.0	0.8806675851703407	0.8806675851703407	0.0	0.0	0.7828156312625251	0.8043430611222446	0.0	0.0	9.0	8.89	0.0	0.0	0	b'BAS'
1002	000006	04/11/18	13:49:52	0.9785195390781564	0.8953453782565131	0.0	0.0	0.8806675851703407	0.8806675851703407	0.0	0.0	0.8806675851703407	0.8160852955911824	0.0	0.0	9.0	8.91	0.0	0.0	0	b'BAS'
1002	000007	04/11/18	13:49:55	0.8806675851703407	0.8933883391783568	0.0	0.0	0.8806675851703407	0.8806675851703407	0.0	0.0	0.7828156312625251	0.8111926978957915	0.0	0.0	9.0	8.92	0.0	0.0	0	b'BAS'
1002	000008	04/11/18	13:49:58	0.8806675851703407	0.8914313001002003	0.0	0.0	0.8806675851703407	0.8806675851703407	0.0	0.0	0.8806675851703407	0.8209778932865732	0.0	0.0	9.0	8.93	0.0	0.0	0	b'BAS'
1002	000009	04/11/18	13:50:00	0.8806675851703407	0.8894742610220441	33.48	9.21	0.8806675851703407	0.8806675851703407	19.21	0.0	0.8806675851703407	0.8297845691382766	74.75	48.43	8.0	8.79	46.05	-20.66	0	b'BAS'
1002	000010	04/11/18	13:50:03	0.7828156312625251	0.8738179483967936	49.23	-7.17	0.8806675851703407	0.8806675851703407	20.94	0.0	0.8806675851703407	0.8376127254509019	67.88	41.16	9.0	8.82	49.24	-17.56	0	b'BAS'
1002	000011	04/11/18	13:50:06	0.8806675851703407	0.8747964679358716	49.65	-6.09	0.8806675851703407	0.8806675851703407	21.16	0.0	0.7828156312625251	0.8297845691382766	73.31	34.99	9.0	8.85	37.89	0.08	0	b'BAS'
1002	000012	04/11/18	13:50:08	0.8806675851703407	0.8757749874749499	50.16	-5.18	0.8806675851703407	0.8806675851703407	21.51	0.0	0.8806675851703407	0.8376127254509019	68.28	29.74	9.0	8.87	38.13	0.06	0	b'BAS'
1002	000013	04/11/18	13:50:10	0.8806675851703407	0.8767535070140281	50.64	-4.4	0.8806675851703407	0.8806675851703407	21.87	0.0	0.8806675851703407	0.8434838426853706	70.99	40.28	9.0	8.89	38.4	0.05	0	b'BAS'
1002	000014	04/11/18	13:50:13	0.8806675851703407	0.8767535070140281	37.61	-18.74	0.8806675851703407	0.8806675851703407	21.27	0.0	0.8806675851703407	0.8493549599198397	65.02	34.24	9.0	8.91	37.9	0.05	0	b'BAS'
1002	000015	04/11/18	13:50:16	0.8806675851703407	0.8777320265531062	36.19	-15.93	0.8806675851703407	0.8806675851703407	20.47	0.0	0.8806675851703407	0.8542475576152305	64.41	44.1	9.0	8.92	37.17	0.04	0	b'BAS'
1002	000016	04/11/18	13:50:18	0.7828156312625251	0.8630542334669339	47.6	-28.54	0.9785195390781564	0.8953453782565131	32.94	15.0	0.8806675851703407	0.858161635771543	58.26	37.49	9.0	8.93	37.13	0.03	0	b'BAS'
1002	000017	04/11/18	13:50:20	0.8806675851703407	0.8659897920841684	48.08	-24.26	0.8806675851703407	0.8933883391783568	33.59	12.75	0.7828156312625251	0.8464194013026052	60.56	16.86	9.0	8.94	25.53	15.03	0	b'BAS'
1002	000018	04/11/18	13:50:23	0.8806675851703407	0.8679468311623246	34.91	-5.62	0.8806675851703407	0.8914313001002003	34.23	10.84	0.8806675851703407	0.8513119989979959	58.21	14.33	9.0	8.95	24.2	12.77	0	b'BAS'
1002	000019	04/11/18	13:50:26	0.8806675851703407	0.869903870240481	35.09	-4.78	0.8806675851703407	0.8894742610220441	34.45	9.21	0.8806675851703407	0.8562045966933868	54.45	27.18	9.0	8.96	23.02	10.86	0	b'BAS'
1002	000020	04/11/18	13:50:28	0.8806675851703407	0.8718609093186372	35.7	-4.06	0.8806675851703407	0.888495741482966	35.1	7.83	0.8806675851703407	0.8601186748496993	50.95	23.11	9.0	8.97	22.58	9.23	0	b'BAS'
1002	000021	04/11/18	13:50:31	0.8806675851703407	0.8728394288577155	36.21	-3.45	0.8806675851703407	0.8875172219438878	35.65	6.66	0.8806675851703407	0.8630542334669339	48.05	19.64	9.0	8.97	22.27	7.84	0	b'BAS'
1002	000022	04/11/18	13:50:34	0.8806675851703407	0.8738179483967936	36.82	-2.93	0.8806675851703407	0.8865387024048097	36.28	5.66	0.8806675851703407	0.8659897920841684	45.74	16.69	9.0	8.98	22.21	6.67	0	b'BAS'
1002	000023	04/11/18	13:50:37	0.8806675851703407	0.8747964679358716	37.16	-2.49	0.8806675851703407	0.8855601828657316	36.64	4.81	0.8806675851703407	0.8679468311623246	43.9	14.19	9.0	8.98	22.11	5.67	0	b'BAS'
1002	000024	04/11/18	13:50:39	0.8806675851703407	0.8757749874749499	25.69	12.88	0.8806675851703407	0.8845816633266532	24.67	-10.91	0.8806675851703407	0.869903870240481	42.74	12.06	9.0	8.98	22.36	4.82	0	b'BAS'
1002	000025	04/11/18	13:50:42	0.8806675851703407	0.8767535070140281	24.67	10.95	0.8806675851703407	0.8836031437875751	23.9	-9.28	0.8806675851703407	0.8718609093186372	33.96	25.25	9.0	8.98	22.21	4.1	0	b'BAS'
1002	000026	04/11/18	13:50:45	0.8806675851703407	0.8777320265531062	23.99	9.31	0.8806675851703407	0.8836031437875751	23.42	-7.88	0.7828156312625251	0.858161635771543	42.0	6.46	8.0	8.84	34.53	-11.52	0	b'BAS'
1002	000027	04/11/18	13:50:48	0.8806675851703407	0.8777320265531062	24.03	7.91	0.8806675851703407	0.8836031437875751	23.62	-6.7	0.8806675851703407	0.8610971943887776	41.6	5.49	9.0	8.86	35.89	-9.79	0	b'BAS'
1002	000028	04/11/18	13:50:51	0.8806675851703407	0.8777320265531062	23.65	6.72	0.8806675851703407	0.882624624248497	23.34	-5.7	0.8806675851703407	0.864032753006012	40.99	4.67	9.0	8.88	36.5	-8.32	0	b'BAS'
1002	000029	04/11/18	13:50:54	0.8806675851703407	0.8787105460921845	23.93	5.71	0.8806675851703407	0.882624624248497	23.7	-4.84	0.7828156312625251	0.8522905185370743	49.73	-11.03	9.0	8.9	37.49	-7.07	0	b'BAS'
1002	000030	04/11/18	13:50:57	0.7828156312625251	0.864032753006012	36.08	-10.14	0.8806675851703407	0.882624624248497	23.94	-4.12	0.7828156312625251	0.8415268036072144	57.03	-24.38	9.0	8.91	38.22	-6.01	0	b'BAS'
1002	000031	04/11/18	13:50:59	0.8806675851703407	0.8669683116232464	37.0	-8.62	0.8806675851703407	0.8816461047094188	23.98	-3.5	0.8806675851703407	0.8473979208416834	60.07	-20.72	9.0	8.93	38.62	-5.11	0	b'BAS'
