Dev_id	Index	Date	Time	Sensor1	Sensor1_Filter	Sensor1_LL	Sensor1_Diff	Sensor2	Sensor2_Filter	Sensor2_LL	Sensor2_Diff	Sensor3	Sensor3_Filter	Sensor3_LL	Sensor3_Diff	Sensor4	Sensor4_Filter	Sensor4_LL	Sensor4_Diff	Heater_Status	FSM_Status
2001	000002	04/12/18	16:35:20	0.859375	0.95068359375	0.0	0.0	0.966796875	0.966796875	0.0	0.0	0.966796875	0.966796875	0.0	0.0	0.966796875	0.966796875	0.0	0.0	0	1
2001	000003	04/12/18	16:35:21	0.966796875	0.9528320312499999	0.0	0.0	0.966796875	0.966796875	0.0	0.0	0.966796875	0.966796875	0.0	0.0	0.966796875	0.966796875	0.0	0.0	0	1
2001	000004	04/12/18	16:35:23	0.966796875	0.95498046875	0.0	0.0	0.966796875	0.966796875	0.0	0.0	0.966796875	0.966796875	0.0	0.0	0.966796875	0.966796875	0.0	0.0	0	1
2001	000005	04/12/18	16:35:24	0.966796875	0.95712890625	0.0	0.0	0.966796875	0.966796875	0.0	0.0	0.966796875	0.966796875	0.0	0.0	0.966796875	0.966796875	0.0	0.0	0	1
2001	000006	04/12/18	16:35:26	0.966796875	0.958203125	0.0	0.0	0.966796875	0.966796875	0.0	0.0	0.966796875	0.966796875	0.0	0.0	0.966796875	0.966796875	0.0	0.0	0	1
2001	000007	04/12/18	16:35:27	0.966796875	0.95927734375	0.0	0.0	0.966796875	0.966796875	0.0	0.0	0.966796875	0.966796875	0.0	0.0	0.966796875	0.966796875	0.0	0.0	0	1
2001	000008	04/12/18	16:35:29	0.966796875	0.9603515624999999	0.0	0.0	0.966796875	0.966796875	0.0	0.0	0.966796875	0.966796875	0.0	0.0	0.966796875	0.966796875	0.0	0.0	0	1
2001	000009	04/12/18	16:35:30	0.966796875	0.9614257812499999	29.83	-4.81	0.966796875	0.966796875	11.71	0.0	0.966796875	0.966796875	11.71	0.0	0.966796875	0.966796875	11.71	0.0	0	1
2001	000010	04/12/18	16:35:32	0.966796875	0.9625000000000001	16.43	10.91	0.966796875	0.966796875	11.95	0.0	0.966796875	0.966796875	11.95	0.0	0.966796875	0.966796875	11.95	0.0	0	1
2001	000011	04/12/18	16:35:33	0.966796875	0.96357421875	15.31	9.28	0.966796875	0.966796875	11.91	0.0	0.966796875	0.966796875	11.91	0.0	0.966796875	0.966796875	11.91	0.0	0	1
2001	000012	04/12/18	16:35:35	0.966796875	0.96357421875	14.72	7.88	0.966796875	0.966796875	12.14	0.0	0.966796875	0.966796875	12.14	0.0	0.966796875	0.966796875	12.14	0.0	0	1
2001	000013	04/12/18	16:35:37	0.966796875	0.96357421875	14.14	6.7	0.966796875	0.966796875	12.23	0.0	0.966796875	0.966796875	12.23	0.0	0.966796875	0.966796875	12.23	0.0	0	1
2001	000014	04/12/18	16:35:38	0.966796875	0.9646484375000001	13.75	5.7	0.966796875	0.966796875	12.35	0.0	0.966796875	0.966796875	12.35	0.0	0.966796875	0.966796875	12.35	0.0	0	1
2001	000015	04/12/18	16:35:40	0.966796875	0.9646484375000001	13.44	4.84	0.966796875	0.966796875	12.41	0.0	0.966796875	0.966796875	12.41	0.0	0.966796875	0.966796875	12.41	0.0	0	1
2001	000016	04/12/18	16:35:41	0.966796875	0.9646484375000001	13.24	4.12	0.966796875	0.966796875	12.48	0.0	0.966796875	0.966796875	12.48	0.0	0.966796875	0.966796875	12.48	0.0	0	1
2001	000017	04/12/18	16:35:43	0.966796875	0.96572265625	13.1	3.5	0.966796875	0.966796875	12.56	0.0	0.966796875	0.966796875	12.56	0.0	0.966796875	0.966796875	12.56	0.0	0	1
2001	000018	04/12/18	16:35:44	76.9140625	12.357812500000001	10616.65	10607.97	0.966796875	0.966796875	12.64	0.0	0.859375	0.95068359375	26.16	-15.0	0.966796875	0.966796875	12.64	0.0	0	2
2001	000019	04/12/18	16:35:46	76.806640625	22.02470703125	19614.48	19606.78	0.966796875	0.966796875	12.69	0.0	0.859375	0.93671875	37.53	-27.75	0.966796875	0.966796875	12.69	0.0	0	2
2001	000020	04/12/18	16:35:47	77.236328125	30.306933593749996	27322.07	27315.76	0.966796875	0.966796875	12.37	0.0	0.966796875	0.9410156249999999	40.12	-23.59	0.966796875	0.966796875	12.37	0.0	0	2
2001	000021	04/12/18	16:35:49	77.666015625	37.4107421875	33933.55	33928.4	0.966796875	0.966796875	12.34	0.0	0.966796875	0.9453125	42.43	-20.05	0.966796875	0.966796875	12.34	0.0	0	2
2001	000022	04/12/18	16:35:51	77.880859375	43.48115234375	39583.05	39579.14	0.966796875	0.966796875	12.27	0.0	0.966796875	0.9485351562500001	44.22	-17.04	0.966796875	0.966796875	12.27	0.0	0	2
2001	000023	04/12/18	16:35:52	76.162109375	48.3828125	44144.9	44142.27	0.966796875	0.966796875	12.25	0.0	0.966796875	0.9517578124999999	45.64	-14.49	0.966796875	0.966796875	12.25	0.0	0	2
2001	000024	04/12/18	16:35:54	77.666015625	52.77529296875	48232.26	48230.93	0.966796875	0.966796875	12.22	0.0	0.966796875	0.9539062500000001	46.74	-12.31	0.966796875	0.966796875	12.22	0.0	0	2
2001	000025	04/12/18	16:35:55	0.966796875	45.00439453125	55465.1	40996.29	0.966796875	0.966796875	12.2	0.0	0.966796875	0.9560546875000001	47.59	-10.47	0.966796875	0.966796875	12.2	0.0	1	0
2001	000026	04/12/18	16:35:57	0.966796875	38.3990234375	51009.15	24241.84	0.966796875	0.966796875	12.17	0.0	0.966796875	0.95712890625	34.71	6.1	0.966796875	0.966796875	12.17	0.0	1	0
2001	000027	04/12/18	16:35:58	0.966796875	32.78408203125	47236.6	10015.57	0.966796875	0.966796875	12.19	0.0	0.966796875	0.958203125	23.9	20.19	0.966796875	0.966796875	12.19	0.0	1	0
2001	000028	04/12/18	16:36:00	0.966796875	28.011328125	43969.92	-2136.77	0.966796875	0.966796875	12.2	0.0	0.966796875	0.9603515624999999	21.37	17.16	0.966796875	0.966796875	12.2	0.0	1	0
2001	000029	04/12/18	16:36:01	0.966796875	23.955078125	41133.25	-12526.25	0.966796875	0.966796875	12.22	0.0	0.966796875	0.9614257812499999	19.34	14.59	0.966796875	0.966796875	12.22	0.0	1	0
2001	000030	04/12/18	16:36:03	0.966796875	20.5068359375	38692.08	-21387.31	0.966796875	0.966796875	12.26	0.0	0.966796875	0.9614257812499999	17.72	12.4	0.966796875	0.966796875	12.26	0.0	1	0
2001	000031	04/12/18	16:36:04	0.966796875	17.575292968750002	36857.08	-28679.22	0.966796875	0.966796875	12.26	0.0	0.966796875	0.9625000000000001	16.42	10.54	0.966796875	0.966796875	12.26	0.0	1	0
2001	000032	04/12/18	16:36:06	0.966796875	15.084179687499997	35087.34	-35087.33	0.966796875	0.966796875	12.27	0.0	0.966796875	0.96357421875	15.42	8.96	0.966796875	0.966796875	12.27	0.0	1	0
2001	000033	04/12/18	16:36:07	0.966796875	12.966894531249999	29824.24	-29824.23	0.966796875	0.966796875	12.3	0.0	0.966796875	0.96357421875	14.66	7.61	0.966796875	0.966796875	12.3	0.0	1	0
2001	000034	04/12/18	16:36:09	0.966796875	11.16650390625	25350.6	-25350.6	0.966796875	0.966796875	12.26	0.0	0.966796875	0.9646484375000001	14.02	6.47	0.966796875	0.966796875	12.26	0.0	1	0
2001	000035	04/12/18	16:36:10	0.859375	9.620703125	21563.01	-21563.01	0.966796875	0.966796875	12.24	0.0	0.966796875	0.9646484375000001	13.54	5.5	0.966796875	0.966796875	12.24	0.0	1	0
2001	000036	04/12/18	16:36:12	0.966796875	8.321972656249999	18328.56	-18328.56	0.966796875	0.966796875	12.24	0.0	0.966796875	0.9646484375000001	13.19	4.68	0.966796875	0.966796875	12.24	0.0	1	0
2001	000037	04/12/18	16:36:13	0.966796875	7.21875	15579.28	-15579.27	0.966796875	0.966796875	12.22	0.0	0.966796875	0.96572265625	12.92	3.97	0.966796875	0.966796875	12.22	0.0	1	0
2001	000038	04/12/18	16:36:15	0.966796875	6.28095703125	13242.39	-13242.38	0.966796875	0.966796875	12.2	0.0	0.966796875	0.96572265625	12.71	3.38	0.966796875	0.966796875	12.2	0.0	1	0
2001	000039	04/12/18	16:36:16	0.966796875	5.483886718749999	11256.03	-11256.03	0.966796875	0.966796875	12.19	0.0	0.966796875	0.96572265625	12.56	2.87	0.966796875	0.966796875	12.19	0.0	1	0
2001	000040	04/12/18	16:36:18	0.966796875	4.8060546875	9567.63	-9567.62	0.966796875	0.966796875	12.15	0.0	0.966796875	0.96572265625	12.43	2.44	0.966796875	0.966796875	12.15	0.0	1	0
2001	000041	04/12/18	16:36:19	0.966796875	4.2302734375	8132.49	-8132.48	0.966796875	0.966796875	12.11	0.0	0.966796875	0.96572265625	12.31	2.07	0.966796875	0.966796875	12.11	0.0	0	0
2001	000042	04/12/18	16:36:21	0.966796875	3.7415039062499997	6912.62	-6912.61	0.966796875	0.966796875	12.12	0.0	0.966796875	0.96572265625	12.27	1.76	0.966796875	0.966796875	12.12	0.0	0	0
2001	000043	04/12/18	16:36:23	0.966796875	3.32470703125	5860.73	-5860.72	0.966796875	0.966796875	12.15	0.0	0.966796875	0.96572265625	12.26	1.5	0.966796875	0.966796875	12.15	0.0	0	0
2001	000044	04/12/18	16:36:24	0.966796875	2.9712890625	4981.63	-4981.61	0.966796875	0.966796875	12.15	0.0	0.966796875	0.966796875	12.23	1.27	0.966796875	0.966796875	12.15	0.0	0	0
2001	000045	04/12/18	16:36:26	0.966796875	2.6705078125	4234.39	-4234.37	0.966796875	0.966796875	12.16	0.0	0.966796875	0.966796875	12.22	1.08	0.966796875	0.966796875	12.16	0.0	0	0
2001	000046	04/12/18	16:36:27	0.966796875	2.41484375	3599.24	-3599.21	0.966796875	0.966796875	12.18	0.0	0.966796875	0.966796875	12.22	0.92	0.966796875	0.966796875	12.18	0.0	0	0
2001	000047	04/12/18	16:36:29	0.966796875	2.1978515625	3059.36	-3059.33	0.966796875	0.966796875	12.18	0.0	0.966796875	0.966796875	12.2	0.78	0.966796875	0.966796875	12.18	0.0	0	0
2001	000048	04/12/18	16:36:30	0.966796875	2.0130859374999996	2600.46	-2600.43	0.966796875	0.966796875	12.21	0.0	0.966796875	0.966796875	12.23	0.67	0.966796875	0.966796875	12.21	0.0	0	0
2001	000049	04/12/18	16:36:32	0.966796875	1.8562500000000002	2210.4	-2210.37	0.966796875	0.966796875	12.23	0.0	0.966796875	0.966796875	12.24	0.57	0.966796875	0.966796875	12.23	0.0	0	0
2001	000050	04/12/18	16:36:33	0.966796875	1.7230468749999999	1878.86	-1878.81	0.966796875	0.966796875	12.24	0.0	0.966796875	0.966796875	12.25	0.48	0.966796875	0.966796875	12.24	0.0	0	0
2001	000051	04/12/18	16:36:35	0.966796875	1.6091796875	1597.04	-1596.99	0.966796875	0.966796875	12.23	0.0	0.966796875	0.966796875	12.24	0.41	0.966796875	0.966796875	12.23	0.0	0	0
2001	000052	04/12/18	16:36:36	0.966796875	1.5125	1357.5	-1357.44	0.966796875	0.966796875	12.27	0.0	0.966796875	0.966796875	12.28	0.35	0.966796875	0.966796875	12.27	0.0	0	0
2001	000053	04/12/18	16:36:38	0.966796875	1.4308593749999998	1153.9	-1153.82	0.966796875	0.966796875	12.26	0.0	0.966796875	0.966796875	12.26	0.3	0.966796875	0.966796875	12.26	0.0	0	0
2001	000054	04/12/18	16:36:39	0.966796875	1.36103515625	980.84	-980.75	0.966796875	0.966796875	12.27	0.0	0.966796875	0.966796875	12.27	0.25	0.966796875	0.966796875	12.27	0.0	0	0
2001	000055	04/12/18	16:36:41	0.966796875	1.3019531249999998	833.74	-833.64	0.966796875	0.966796875	12.27	0.0	0.966796875	0.966796875	12.27	0.21	0.966796875	0.966796875	12.27	0.0	0	0
2001	000056	04/12/18	16:36:42	0.966796875	1.25146484375	708.71	-708.59	0.966796875	0.966796875	12.27	0.0	0.966796875	0.966796875	12.28	0.18	0.966796875	0.966796875	12.27	0.0	0	0
2001	000057	04/12/18	16:36:44	0.966796875	1.2095703125	602.45	-602.3	0.966796875	0.966796875	12.27	0.0	0.966796875	0.966796875	12.27	0.15	0.966796875	0.966796875	12.27	0.0	0	0
2001	000058	04/12/18	16:36:46	0.966796875	1.173046875	512.13	-511.96	0.966796875	0.966796875	12.28	0.0	0.966796875	0.966796875	12.28	0.13	0.966796875	0.966796875	12.28	0.0	0	0
2001	000059	04/12/18	16:36:47	0.966796875	1.14189453125	435.37	-435.16	0.966796875	0.966796875	12.32	0.0	0.966796875	0.966796875	12.32	0.11	0.966796875	0.966796875	12.32	0.0	0	0
2001	000060	04/12/18	16:36:49	0.966796875	1.11611328125	370.13	-369.89	0.966796875	0.966796875	12.31	0.0	0.966796875	0.966796875	12.31	0.09	0.966796875	0.966796875	12.31	0.0	0	0
2001	000061	04/12/18	16:36:50	0.966796875	1.0935546875	314.68	-314.41	0.966796875	0.966796875	12.33	0.0	0.966796875	0.966796875	12.33	0.08	0.966796875	0.966796875	12.33	0.0	0	0
2001	000062	04/12/18	16:36:52	0.966796875	1.07421875	267.57	-267.25	0.966796875	0.966796875	12.35	0.0	0.966796875	0.966796875	12.35	0.07	0.966796875	0.966796875	12.35	0.0	0	0
2001	000063	04/12/18	16:36:53	0.966796875	1.05810546875	227.54	-227.16	0.966796875	0.966796875	12.33	0.0	0.966796875	0.966796875	12.33	0.06	0.966796875	0.966796875	12.33	0.0	0	0
2001	000064	04/12/18	16:36:55	0.966796875	1.044140625	193.53	-193.08	0.966796875	0.966796875	12.32	0.0	0.966796875	0.966796875	12.32	0.05	0.966796875	0.966796875	12.32	0.0	0	0
2001	000065	04/12/18	16:36:56	0.966796875	1.03232421875	164.65	-164.12	0.966796875	0.966796875	12.3	0.0	0.966796875	0.966796875	12.3	0.04	0.966796875	0.966796875	12.3	0.0	0	0
2001	000066	04/12/18	16:36:58	0.966796875	1.02265625	140.11	-139.5	0.966796875	0.966796875	12.27	0.0	0.966796875	0.966796875	12.27	0.04	0.966796875	0.966796875	12.27	0.0	0	0
2001	000067	04/12/18	16:36:59	0.966796875	1.0140624999999999	119.29	-118.58	0.966796875	0.966796875	12.2	0.0	0.966796875	0.966796875	12.2	0.03	0.966796875	0.966796875	12.2	0.0	0	0
2001	000068	04/12/18	16:37:01	0.966796875	1.0076171875	101.62	-100.79	0.966796875	0.966796875	12.15	0.0	0.966796875	0.966796875	12.15	0.03	0.966796875	0.966796875	12.15	0.0	0	0
2001	000069	04/12/18	16:37:02	0.966796875	1.001171875	86.65	-85.67	0.966796875	0.966796875	12.14	0.0	0.859375	0.95068359375	25.69	-14.98	0.966796875	0.966796875	12.14	0.0	0	0
2001	000070	04/12/18	16:37:04	0.966796875	0.9958007812499999	73.96	-72.82	0.966796875	0.966796875	12.11	0.0	0.966796875	0.9528320312499999	26.85	-12.73	0.966796875	0.966796875	12.11	0.0	0	1
2001	000071	04/12/18	16:37:05	0.966796875	0.9915039062500001	63.24	-61.9	0.966796875	0.966796875	12.12	0.0	0.966796875	0.95498046875	27.79	-10.82	0.966796875	0.966796875	12.12	0.0	0	1
2001	000072	04/12/18	16:37:07	0.966796875	0.9882812499999999	54.18	-52.61	0.966796875	0.966796875	12.12	0.0	0.859375	0.9410156249999999	39.72	-24.2	0.966796875	0.966796875	12.12	0.0	0	1
2001	000073	04/12/18	16:37:08	0.966796875	0.98505859375	46.55	-44.72	0.966796875	0.966796875	12.13	0.0	0.966796875	0.9442382812499999	42.14	-20.57	0.966796875	0.966796875	12.13	0.0	0	1
2001	000074	04/12/18	16:37:10	0.966796875	0.9818359375	40.15	-38.01	0.966796875	0.966796875	12.14	0.0	0.966796875	0.9485351562500001	44.08	-17.48	0.966796875	0.966796875	12.14	0.0	0	1
2001	000075	04/12/18	16:37:12	0.966796875	0.9796874999999999	34.79	-32.31	0.966796875	0.966796875	12.17	0.0	0.966796875	0.95068359375	45.62	-14.86	0.966796875	0.966796875	12.17	0.0	0	1
2001	000076	04/12/18	16:37:13	0.966796875	0.9775390625	30.4	-27.46	0.966796875	0.966796875	12.29	0.0	0.966796875	0.9528320312499999	46.87	-12.63	0.966796875	0.966796875	12.29	0.0	0	1
2001	000077	04/12/18	16:37:15	0.966796875	0.9764648437499999	26.71	-23.35	0.966796875	0.966796875	12.3	0.0	0.966796875	0.95498046875	34.24	4.26	0.966796875	0.966796875	12.3	0.0	0	1
2001	000078	04/12/18	16:37:16	0.966796875	0.97431640625	23.67	-19.84	0.966796875	0.966796875	12.29	0.0	0.966796875	0.95712890625	33.73	3.62	0.966796875	0.966796875	12.29	0.0	0	1
2001	000079	04/12/18	16:37:18	0.966796875	0.9732421875	21.2	-16.87	0.966796875	0.966796875	12.3	0.0	0.966796875	0.958203125	33.34	3.08	0.966796875	0.966796875	12.3	0.0	0	1
2001	000080	04/12/18	16:37:19	0.966796875	0.9721679687500001	19.28	-14.34	0.966796875	0.966796875	12.4	0.0	0.966796875	0.95927734375	21.88	17.62	0.966796875	0.966796875	12.4	0.0	0	1
2001	000081	04/12/18	16:37:21	0.966796875	0.9721679687500001	17.67	-12.19	0.966796875	0.966796875	12.4	0.0	0.859375	0.9442382812499999	32.03	-0.02	0.966796875	0.966796875	12.4	0.0	0	1
2001	000082	04/12/18	16:37:22	0.966796875	0.97109375	16.42	-10.36	0.966796875	0.966796875	12.42	0.0	0.966796875	0.9474609374999999	32.05	-0.02	77.7734375	12.48779296875	10735.88	10725.0	0	2
2001	000083	04/12/18	16:37:24	0.966796875	0.97001953125	15.41	-8.8	0.966796875	0.966796875	12.4	0.0	0.966796875	0.95068359375	32.04	-0.02	78.095703125	22.328710937500002	19895.6	19886.25	0	2
2001	000084	04/12/18	16:37:25	0.966796875	0.97001953125	14.57	-7.48	0.966796875	0.966796875	12.29	0.0	0.966796875	0.9528320312499999	31.98	-0.02	78.203125	30.709765624999996	27696.04	27688.31	0	2
2001	000085	04/12/18	16:37:27	0.966796875	0.9689453124999999	13.98	-6.36	0.966796875	0.966796875	12.28	0.0	0.966796875	0.95498046875	31.98	-0.01	77.7734375	37.76953125	34266.26	34260.07	0	2
2001	000086	04/12/18	16:37:28	0.966796875	0.9689453124999999	13.56	-5.41	0.966796875	0.966796875	12.31	0.0	0.966796875	0.95712890625	31.99	-0.01	76.591796875	43.59287109375	39685.74	39681.06	0	2
2001	000087	04/12/18	16:37:30	0.966796875	0.9689453124999999	13.22	-4.6	0.966796875	0.966796875	12.3	0.0	0.966796875	0.958203125	31.99	-0.01	79.921875	49.0423828125	44757.04	44753.9	0	2
2001	000088	04/12/18	16:37:32	0.966796875	0.9678710937499999	12.89	-3.91	0.966796875	0.966796875	12.21	0.0	0.966796875	0.95927734375	31.92	-0.01	77.880859375	53.36826171875	48782.34	48780.81	0	2
2001	000089	04/12/18	16:37:33	0.966796875	0.9678710937499999	12.74	-3.32	0.966796875	0.966796875	12.25	0.0	0.966796875	0.9603515624999999	19.67	14.99	76.484375	56.83583984375	52008.69	52008.69	0	2
2001	000090	04/12/18	16:37:35	0.966796875	0.9678710937499999	12.6	-2.82	0.966796875	0.966796875	12.23	0.0	0.966796875	0.9614257812499999	17.96	12.74	79.814453125	60.28193359375	44492.39	44492.39	0	2
2001	000091	04/12/18	16:37:36	0.966796875	0.9678710937499999	12.52	-2.4	0.966796875	0.966796875	12.25	0.0	0.966796875	0.9625000000000001	16.62	10.83	0.966796875	51.38525390625001	43613.75	27048.53	1	0
2001	000092	04/12/18	16:37:38	0.966796875	0.9678710937499999	12.48	-2.04	0.966796875	0.966796875	12.29	0.0	0.966796875	0.96357421875	15.58	9.21	0.966796875	43.82275390625	42851.9	12206.25	1	1
2001	000093	04/12/18	16:37:39	0.966796875	0.9678710937499999	12.43	-1.73	0.966796875	0.966796875	12.29	0.0	0.966796875	0.96357421875	14.77	7.83	0.966796875	37.3935546875	42264.33	-349.69	1	1
2001	000094	04/12/18	16:37:41	0.966796875	0.9678710937499999	12.4	-1.47	0.966796875	0.966796875	12.3	0.0	0.966796875	0.9646484375000001	14.14	6.65	0.966796875	31.930078124999998	41929.9	-10857.23	1	1
2001	000095	04/12/18	16:37:42	0.966796875	0.966796875	12.39	-1.25	0.966796875	0.966796875	12.32	0.0	0.966796875	0.9646484375000001	13.68	5.65	0.966796875	27.28515625	41180.63	-20253.65	1	1
2001	000096	04/12/18	16:37:44	0.966796875	0.966796875	12.37	-1.06	0.966796875	0.966796875	12.32	0.0	0.966796875	0.9646484375000001	13.32	4.81	0.966796875	23.33740234375	40828.75	-27955.6	1	1
2001	000097	04/12/18	16:37:45	0.966796875	0.966796875	12.32	-0.9	0.966796875	0.966796875	12.29	0.0	0.966796875	0.9646484375000001	13.03	4.09	0.966796875	19.98154296875	40724.66	-34307.26	1	1
2001	000098	04/12/18	16:37:47	0.966796875	0.966796875	12.33	-0.77	0.966796875	0.966796875	12.3	0.0	0.966796875	0.96572265625	12.84	3.47	0.966796875	17.1294921875	40171.17	-40171.17	1	1
2001	000099	04/12/18	16:37:48	0.966796875	0.966796875	12.33	-0.65	0.966796875	0.966796875	12.31	0.0	0.966796875	0.96572265625	12.7	2.95	0.966796875	14.704980468749998	34145.5	-34145.5	1	1
2001	000100	04/12/18	16:37:50	0.966796875	0.966796875	12.32	-0.56	0.966796875	0.966796875	12.31	0.0	0.966796875	0.96572265625	12.59	2.51	0.966796875	12.64462890625	29023.68	-29023.67	1	1
2001	000101	04/12/18	16:37:52	0.966796875	0.966796875	12.33	-0.47	0.966796875	0.966796875	12.32	0.0	0.966796875	0.96572265625	12.52	2.13	0.966796875	10.892578125	24670.12	-24670.12	1	1
2001	000102	04/12/18	16:37:53	0.966796875	0.966796875	12.32	-0.4	0.966796875	0.966796875	12.31	0.0	0.966796875	0.96572265625	12.46	1.81	0.966796875	9.4037109375	20969.61	-20969.6	1	1
2001	000103	04/12/18	16:37:55	0.966796875	0.966796875	12.3	-0.34	0.966796875	0.966796875	12.3	0.0	0.966796875	0.96572265625	12.41	1.54	0.966796875	8.13828125	17824.17	-17824.16	1	1
2001	000104	04/12/18	16:37:56	0.859375	0.95068359375	25.87	-15.29	0.966796875	0.966796875	12.3	0.0	0.966796875	0.966796875	12.38	1.31	0.966796875	7.06298828125	15150.54	-15150.54	1	1
2001	000105	04/12/18	16:37:58	0.966796875	0.9528320312499999	27.04	-13.0	0.966796875	0.966796875	12.3	0.0	0.966796875	0.966796875	12.35	1.11	0.966796875	6.147753906249999	12877.96	-12877.96	1	1
2001	000106	04/12/18	16:37:59	0.966796875	0.95498046875	27.94	-11.05	0.966796875	0.966796875	12.29	0.0	0.966796875	0.966796875	12.33	0.95	0.966796875	5.37109375	10946.27	-10946.26	1	1
2001	000107	04/12/18	16:38:01	0.966796875	0.95712890625	28.63	-9.39	0.966796875	0.966796875	12.28	0.0	0.859375	0.95068359375	25.8	-14.2	0.966796875	4.71044921875	9304.33	-9304.32	1	1
2001	000108	04/12/18	16:38:02	0.966796875	0.958203125	29.15	-7.98	0.966796875	0.966796875	12.29	0.0	0.966796875	0.9528320312499999	27.02	-12.07	0.966796875	4.1486328125	7908.69	-7908.68	1	1
2001	000109	04/12/18	16:38:04	0.966796875	0.95927734375	29.55	-6.78	0.966796875	0.966796875	12.29	0.0	0.966796875	0.95498046875	27.96	-10.26	0.966796875	3.6716796875	6722.39	-6722.37	1	1
2001	000110	04/12/18	16:38:05	0.966796875	0.9603515624999999	29.83	-5.77	0.966796875	0.966796875	12.28	0.0	0.966796875	0.95712890625	28.67	-8.72	0.966796875	3.265625	5714.03	-5714.02	1	1
2001	000111	04/12/18	16:38:07	0.966796875	0.9614257812499999	30.06	-4.9	0.966796875	0.966796875	12.3	0.0	0.966796875	0.958203125	29.23	-7.41	0.966796875	2.92080078125	4856.93	-4856.92	1	1
2001	000112	04/12/18	16:38:08	0.966796875	0.9625000000000001	16.67	10.83	0.966796875	0.966796875	12.31	0.0	0.966796875	0.95927734375	29.65	-6.3	0.966796875	2.6275390625000004	4128.4	-4128.38	1	1
2001	000113	04/12/18	16:38:10	0.966796875	0.96357421875	15.61	9.21	0.966796875	0.966796875	12.32	0.0	0.966796875	0.9603515624999999	29.97	-5.35	0.966796875	2.3783203125	3509.15	-3509.12	1	1
2001	000114	04/12/18	16:38:12	0.966796875	0.96357421875	14.8	7.83	0.966796875	0.966796875	12.33	0.0	0.966796875	0.9614257812499999	30.2	-4.55	0.966796875	2.1666992187500003	2982.78	-2982.75	1	1
2001	000115	04/12/18	16:38:13	0.966796875	0.9646484375000001	14.17	6.65	0.966796875	0.966796875	12.33	0.0	0.966796875	0.9625000000000001	16.88	11.13	0.966796875	1.9873046875	2535.37	-2535.34	1	1
2001	000116	04/12/18	16:38:15	0.859375	0.9485351562500001	26.81	-9.34	0.966796875	0.966796875	12.32	0.0	0.966796875	0.9625000000000001	15.77	9.46	0.966796875	1.83369140625	2155.08	-2155.04	1	1
2001	000117	04/12/18	16:38:16	0.966796875	0.95068359375	27.86	-7.94	0.966796875	0.966796875	12.31	0.0	0.966796875	0.96357421875	14.91	8.04	0.966796875	1.7037109375	1831.83	-1831.78	1	1
2001	000118	04/12/18	16:38:18	0.966796875	0.9539062500000001	28.7	-6.75	0.966796875	0.966796875	12.31	0.0	0.966796875	0.96357421875	14.25	6.84	0.966796875	1.59306640625	1557.07	-1557.02	1	1
2001	000119	04/12/18	16:38:19	0.966796875	0.95498046875	29.34	-5.74	0.966796875	0.966796875	12.29	0.0	0.966796875	0.9646484375000001	13.72	5.81	0.966796875	1.499609375	1323.53	-1323.46	1	1
2001	000120	04/12/18	16:38:21	0.966796875	0.95712890625	29.85	-4.88	0.966796875	0.966796875	12.3	0.0	0.966796875	0.9646484375000001	13.36	4.94	0.966796875	1.4190429687500001	1125.02	-1124.94	1	1
2001	000121	04/12/18	16:38:22	0.966796875	0.958203125	30.26	-4.15	0.966796875	0.966796875	12.33	0.0	0.966796875	0.9646484375000001	13.11	4.2	0.966796875	1.3513671875	956.29	-956.2	1	1
2001	000122	04/12/18	16:38:24	0.966796875	0.9603515624999999	30.58	-3.52	0.966796875	0.966796875	12.36	0.0	0.966796875	0.96572265625	12.93	3.57	0.966796875	1.2933593749999999	812.88	-812.77	1	1
2001	000123	04/12/18	16:38:25	0.966796875	0.9614257812499999	30.8	-3.0	0.966796875	0.966796875	12.36	0.0	0.966796875	0.96572265625	12.78	3.03	0.966796875	1.24501953125	690.98	-690.86	1	1
2001	000124	04/12/18	16:38:27	0.966796875	0.9614257812499999	17.83	12.45	0.966796875	0.966796875	12.35	0.0	0.966796875	0.96572265625	12.65	2.58	0.966796875	1.2031249999999998	587.38	-587.23	1	1
