Dev_id	Index	Date	Time	Sensor1	Sensor1_Filter	Sensor1_LL	Sensor1_Diff	Sensor2	Sensor2_Filter	Sensor2_LL	Sensor2_Diff	Sensor3	Sensor3_Filter	Sensor3_LL	Sensor3_Diff	Sensor4	Sensor4_Filter	Sensor4_LL	Sensor4_Diff	Heater_Status	FSM_Status
2001	000002	04/12/18	16:21:05	0.966796875	0.966796875	0.0	0.0	0.966796875	0.966796875	0.0	0.0	0.966796875	0.87548828125	0.0	0.0	9.0	9.0	0.0	0.0	0	1
2001	000003	04/12/18	16:21:06	0.966796875	0.966796875	0.0	0.0	0.966796875	0.966796875	0.0	0.0	0.859375	0.8733398437500001	0.0	0.0	9.0	9.0	0.0	0.0	0	1
2001	000004	04/12/18	16:21:08	0.966796875	0.966796875	0.0	0.0	0.966796875	0.966796875	0.0	0.0	0.966796875	0.8873046875	0.0	0.0	9.0	9.0	0.0	0.0	0	1
2001	000005	04/12/18	16:21:09	0.966796875	0.966796875	0.0	0.0	0.966796875	0.966796875	0.0	0.0	0.966796875	0.8991210937499998	0.0	0.0	9.0	9.0	0.0	0.0	0	1
2001	000006	04/12/18	16:21:11	0.966796875	0.966796875	0.0	0.0	0.966796875	0.966796875	0.0	0.0	0.966796875	0.9087890625000001	0.0	0.0	9.0	9.0	0.0	0.0	0	1
2001	000007	04/12/18	16:21:12	0.966796875	0.966796875	0.0	0.0	0.966796875	0.966796875	0.0	0.0	0.966796875	0.9173828124999999	0.0	0.0	9.0	9.0	0.0	0.0	0	1
2001	000008	04/12/18	16:21:14	0.966796875	0.966796875	0.0	0.0	0.966796875	0.966796875	0.0	0.0	0.966796875	0.9249023437499999	0.0	0.0	9.0	9.0	0.0	0.0	0	1
2001	000009	04/12/18	16:21:15	0.966796875	0.966796875	11.8	0.0	0.966796875	0.966796875	11.8	0.0	0.966796875	0.9313476562499999	72.91	67.09	9.0	9.0	11.8	0.0	0	1
2001	000010	04/12/18	16:21:17	0.966796875	0.966796875	12.04	0.0	0.966796875	0.966796875	12.04	0.0	0.966796875	0.93671875	63.01	57.03	9.0	9.0	12.04	0.0	0	1
2001	000011	04/12/18	16:21:18	0.966796875	0.966796875	12.01	0.0	0.966796875	0.966796875	12.01	0.0	0.966796875	0.9410156249999999	64.75	63.48	9.0	9.0	12.01	0.0	0	1
2001	000012	04/12/18	16:21:20	0.966796875	0.966796875	11.88	0.0	0.966796875	0.966796875	11.88	0.0	0.966796875	0.9453125	55.42	53.95	9.0	9.0	11.88	0.0	0	1
2001	000013	04/12/18	16:21:22	0.966796875	0.966796875	12.64	0.0	0.966796875	0.966796875	12.64	0.0	0.966796875	0.9485351562500001	47.97	45.86	9.0	9.0	12.64	0.0	0	1
2001	000014	04/12/18	16:21:23	0.966796875	0.966796875	12.76	0.0	0.966796875	0.966796875	12.76	0.0	0.966796875	0.95068359375	41.42	38.98	9.0	9.0	12.76	0.0	0	1
2001	000015	04/12/18	16:21:25	0.966796875	0.966796875	12.79	0.0	0.966796875	0.966796875	12.79	0.0	0.966796875	0.9539062500000001	35.92	33.13	9.0	9.0	12.79	0.0	0	1
2001	000016	04/12/18	16:21:27	0.966796875	0.966796875	12.82	0.0	0.966796875	0.966796875	12.82	0.0	0.966796875	0.95498046875	31.34	28.16	9.0	9.0	12.82	0.0	0	1
2001	000017	04/12/18	16:21:28	0.966796875	0.966796875	12.89	0.0	0.966796875	0.966796875	12.89	0.0	0.859375	0.9410156249999999	38.85	8.94	9.0	9.0	12.89	0.0	0	1
2001	000018	04/12/18	16:21:30	0.966796875	0.966796875	12.94	0.0	0.966796875	0.966796875	12.94	0.0	0.966796875	0.9453125	37.61	7.6	9.0	9.0	12.94	0.0	0	1
2001	000019	04/12/18	16:21:31	0.966796875	0.966796875	12.99	0.0	0.966796875	0.966796875	12.99	0.0	0.966796875	0.9485351562500001	36.57	6.46	9.0	9.0	12.99	0.0	0	1
2001	000020	04/12/18	16:21:33	0.966796875	0.966796875	13.02	0.0	0.966796875	0.966796875	13.02	0.0	0.966796875	0.95068359375	35.72	5.49	9.0	9.0	13.02	0.0	0	1
2001	000021	04/12/18	16:21:34	0.966796875	0.966796875	12.3	0.0	0.966796875	0.966796875	12.3	0.0	0.966796875	0.9528320312499999	34.63	4.67	9.0	9.0	12.3	0.0	0	1
2001	000022	04/12/18	16:21:36	0.966796875	0.966796875	12.25	0.0	0.966796875	0.966796875	12.25	0.0	0.966796875	0.95498046875	34.03	3.97	9.0	9.0	12.25	0.0	0	1
2001	000023	04/12/18	16:21:37	0.966796875	0.966796875	12.24	0.0	0.966796875	0.966796875	12.24	0.0	0.966796875	0.95712890625	33.56	3.37	9.0	9.0	12.24	0.0	0	1
2001	000024	04/12/18	16:21:39	0.966796875	0.966796875	12.22	0.0	0.966796875	0.966796875	12.22	0.0	0.966796875	0.958203125	33.18	2.87	9.0	9.0	12.22	0.0	0	1
2001	000025	04/12/18	16:21:40	0.966796875	0.966796875	12.19	0.0	0.966796875	0.966796875	12.19	0.0	0.966796875	0.95927734375	21.58	17.44	9.0	9.0	12.19	0.0	0	1
2001	000026	04/12/18	16:21:42	0.966796875	0.966796875	12.17	0.0	0.966796875	0.966796875	12.17	0.0	0.966796875	0.9603515624999999	19.48	14.82	9.0	9.0	12.17	0.0	0	1
2001	000027	04/12/18	16:21:43	0.966796875	0.966796875	12.17	0.0	0.966796875	0.966796875	12.17	0.0	0.966796875	0.9614257812499999	17.8	12.6	9.0	9.0	12.17	0.0	0	1
2001	000028	04/12/18	16:21:45	0.966796875	0.966796875	12.19	0.0	0.966796875	0.966796875	12.19	0.0	0.966796875	0.9625000000000001	16.49	10.71	9.0	9.0	12.19	0.0	0	1
2001	000029	04/12/18	16:21:46	0.966796875	0.966796875	12.22	0.0	0.966796875	0.966796875	12.22	0.0	0.966796875	0.96357421875	15.47	9.1	9.0	9.0	12.22	0.0	0	1
2001	000030	04/12/18	16:21:48	0.966796875	0.966796875	12.25	0.0	0.966796875	0.966796875	12.25	0.0	0.966796875	0.96357421875	14.69	7.74	9.0	9.0	12.25	0.0	0	1
2001	000031	04/12/18	16:21:50	0.966796875	0.966796875	12.25	0.0	0.966796875	0.966796875	12.25	0.0	0.859375	0.9485351562500001	27.12	-8.42	9.0	9.0	12.25	0.0	0	1
2001	000032	04/12/18	16:21:51	0.966796875	0.966796875	12.35	0.0	0.966796875	0.966796875	12.35	0.0	0.966796875	0.95068359375	28.17	-7.16	9.0	9.0	12.35	0.0	0	1
2001	000033	04/12/18	16:21:53	0.966796875	0.966796875	12.39	0.0	0.966796875	0.966796875	12.39	0.0	0.966796875	0.9528320312499999	28.98	-6.09	9.0	9.0	12.39	0.0	0	1
2001	000034	04/12/18	16:21:54	0.966796875	0.966796875	12.36	0.0	0.966796875	0.966796875	12.36	0.0	0.966796875	0.95498046875	29.57	-5.17	9.0	9.0	12.36	0.0	0	1
2001	000035	04/12/18	16:21:56	0.966796875	0.966796875	12.34	0.0	0.966796875	0.966796875	12.34	0.0	0.966796875	0.95712890625	30.04	-4.4	9.0	9.0	12.34	0.0	0	1
2001	000036	04/12/18	16:21:57	0.966796875	0.966796875	12.33	0.0	0.966796875	0.966796875	12.33	0.0	0.966796875	0.958203125	30.4	-3.74	9.0	9.0	12.33	0.0	0	1
2001	000037	04/12/18	16:21:59	0.966796875	0.966796875	12.29	0.0	0.966796875	0.966796875	12.29	0.0	0.966796875	0.95927734375	30.64	-3.18	9.0	9.0	12.29	0.0	0	1
2001	000038	04/12/18	16:22:00	0.966796875	0.966796875	12.28	0.0	0.966796875	0.966796875	12.28	0.0	0.966796875	0.9603515624999999	30.84	-2.7	9.0	9.0	12.28	0.0	0	1
2001	000039	04/12/18	16:22:02	0.966796875	0.966796875	12.27	0.0	0.966796875	0.966796875	12.27	0.0	0.966796875	0.9614257812499999	17.93	12.7	9.0	9.0	12.27	0.0	0	1
2001	000040	04/12/18	16:22:03	0.966796875	0.966796875	12.19	0.0	0.966796875	0.966796875	12.19	0.0	0.966796875	0.9625000000000001	16.54	10.8	9.0	9.0	12.19	0.0	0	1
2001	000041	04/12/18	16:22:05	0.966796875	0.966796875	12.16	0.0	0.966796875	0.966796875	12.16	0.0	0.966796875	0.96357421875	15.47	9.18	9.0	9.0	12.16	0.0	0	1
2001	000042	04/12/18	16:22:06	0.966796875	0.966796875	12.2	0.0	0.966796875	0.966796875	12.2	0.0	0.966796875	0.96357421875	14.68	7.8	9.0	9.0	12.2	0.0	0	1
2001	000043	04/12/18	16:22:08	0.966796875	0.966796875	12.21	0.0	0.966796875	0.966796875	12.21	0.0	0.966796875	0.9646484375000001	14.05	6.63	9.0	9.0	12.21	0.0	0	1
2001	000044	04/12/18	16:22:09	0.966796875	0.966796875	12.21	0.0	0.966796875	0.966796875	12.21	0.0	0.966796875	0.9646484375000001	13.58	5.64	9.0	9.0	12.21	0.0	0	1
2001	000045	04/12/18	16:22:11	0.966796875	0.966796875	12.24	0.0	0.966796875	0.966796875	12.24	0.0	0.966796875	0.9646484375000001	13.24	4.79	9.0	9.0	12.24	0.0	0	1
2001	000046	04/12/18	16:22:12	0.966796875	0.966796875	12.22	0.0	0.966796875	0.966796875	12.22	0.0	0.966796875	0.9646484375000001	12.96	4.07	9.0	9.0	12.22	0.0	0	1
2001	000047	04/12/18	16:22:14	0.966796875	0.966796875	12.24	0.0	0.966796875	0.966796875	12.24	0.0	0.966796875	0.96572265625	12.78	3.46	9.0	9.0	12.24	0.0	0	1
2001	000048	04/12/18	16:22:16	0.966796875	0.966796875	12.23	0.0	0.966796875	0.966796875	12.23	0.0	0.966796875	0.96572265625	12.62	2.94	9.0	9.0	12.23	0.0	0	1
2001	000049	04/12/18	16:22:17	0.966796875	0.966796875	12.26	0.0	0.966796875	0.966796875	12.26	0.0	0.859375	0.949609375	25.9	-12.5	9.0	9.0	12.26	0.0	0	1
2001	000050	04/12/18	16:22:19	0.966796875	0.966796875	12.24	0.0	0.966796875	0.966796875	12.24	0.0	0.966796875	0.9517578124999999	27.1	-10.62	9.0	9.0	12.24	0.0	0	1
2001	000051	04/12/18	16:22:20	0.966796875	0.966796875	12.26	0.0	0.966796875	0.966796875	12.26	0.0	0.966796875	0.9539062500000001	28.07	-9.03	9.0	9.0	12.26	0.0	0	1
2001	000052	04/12/18	16:22:22	0.966796875	0.966796875	12.28	0.0	0.966796875	0.966796875	12.28	0.0	0.966796875	0.9560546875000001	28.82	-7.68	9.0	9.0	12.28	0.0	0	1
2001	000053	04/12/18	16:22:23	0.966796875	0.966796875	12.27	0.0	0.966796875	0.966796875	12.27	0.0	0.966796875	0.958203125	29.37	-6.52	9.0	9.0	12.27	0.0	0	1
2001	000054	04/12/18	16:22:25	0.966796875	0.966796875	12.29	0.0	0.966796875	0.966796875	12.29	0.0	0.966796875	0.95927734375	29.81	-5.55	9.0	9.0	12.29	0.0	0	1
2001	000055	04/12/18	16:22:26	0.966796875	0.966796875	12.3	0.0	0.966796875	0.966796875	12.3	0.0	0.966796875	0.9603515624999999	30.13	-4.71	9.0	9.0	12.3	0.0	0	1
2001	000056	04/12/18	16:22:28	0.966796875	0.966796875	12.32	0.0	0.966796875	0.966796875	12.32	0.0	0.966796875	0.9614257812499999	30.38	-4.01	9.0	9.0	12.32	0.0	0	1
2001	000057	04/12/18	16:22:29	0.966796875	0.966796875	12.31	0.0	0.966796875	0.966796875	12.31	0.0	0.966796875	0.9625000000000001	17.19	11.59	9.0	9.0	12.31	0.0	0	1
2001	000058	04/12/18	16:22:31	0.966796875	0.966796875	12.32	0.0	0.966796875	0.966796875	12.32	0.0	0.966796875	0.9625000000000001	16.02	9.86	9.0	9.0	12.32	0.0	0	1
2001	000059	04/12/18	16:22:32	0.966796875	0.966796875	12.33	0.0	0.966796875	0.966796875	12.33	0.0	0.966796875	0.96357421875	15.11	8.38	9.0	9.0	12.33	0.0	0	1
2001	000060	04/12/18	16:22:34	0.966796875	0.966796875	12.31	0.0	0.966796875	0.966796875	12.31	0.0	0.966796875	0.96357421875	14.4	7.12	9.0	9.0	12.31	0.0	0	1
2001	000061	04/12/18	16:22:36	0.966796875	0.966796875	12.33	0.0	0.966796875	0.966796875	12.33	0.0	0.966796875	0.9646484375000001	13.88	6.05	9.0	9.0	12.33	0.0	0	1
2001	000062	04/12/18	16:22:37	0.966796875	0.966796875	12.34	0.0	0.966796875	0.966796875	12.34	0.0	0.966796875	0.9646484375000001	13.48	5.14	9.0	9.0	12.34	0.0	0	1
2001	000063	04/12/18	16:22:39	0.966796875	0.966796875	12.3	0.0	0.966796875	0.966796875	12.3	0.0	0.966796875	0.9646484375000001	13.14	4.37	9.0	9.0	12.3	0.0	0	1
2001	000064	04/12/18	16:22:40	0.966796875	0.966796875	12.27	0.0	0.966796875	0.966796875	12.27	0.0	0.966796875	0.96572265625	12.88	3.72	9.0	9.0	12.27	0.0	0	1
2001	000065	04/12/18	16:22:42	0.966796875	0.966796875	12.22	0.0	0.966796875	0.966796875	12.22	0.0	0.966796875	0.96572265625	12.67	3.16	9.0	9.0	12.22	0.0	0	1
2001	000066	04/12/18	16:22:43	0.966796875	0.966796875	12.21	0.0	0.966796875	0.966796875	12.21	0.0	0.966796875	0.96572265625	12.53	2.69	9.0	9.0	12.21	0.0	0	1
2001	000067	04/12/18	16:22:45	0.966796875	0.966796875	12.17	0.0	0.966796875	0.966796875	12.17	0.0	0.966796875	0.96572265625	12.41	2.28	9.0	9.0	12.17	0.0	0	1
2001	000068	04/12/18	16:22:46	0.966796875	0.966796875	12.16	0.0	0.966796875	0.966796875	12.16	0.0	0.966796875	0.96572265625	12.33	1.94	9.0	9.0	12.16	0.0	0	1
2001	000069	04/12/18	16:22:48	0.966796875	0.966796875	12.12	0.0	0.966796875	0.966796875	12.12	0.0	0.966796875	0.96572265625	12.25	1.65	9.0	9.0	12.12	0.0	0	1
2001	000070	04/12/18	16:22:49	0.966796875	0.966796875	12.08	0.0	0.966796875	0.966796875	12.08	0.0	0.966796875	0.96572265625	12.18	1.4	9.0	9.0	12.08	0.0	0	1
2001	000071	04/12/18	16:22:51	0.966796875	0.966796875	12.12	0.0	0.966796875	0.966796875	12.12	0.0	0.966796875	0.966796875	12.18	1.19	9.0	9.0	12.12	0.0	0	1
2001	000072	04/12/18	16:22:52	0.966796875	0.966796875	12.13	0.0	0.966796875	0.966796875	12.13	0.0	0.966796875	0.966796875	12.17	1.01	9.0	9.0	12.13	0.0	0	1
2001	000073	04/12/18	16:22:54	0.966796875	0.966796875	12.14	0.0	0.966796875	0.966796875	12.14	0.0	0.966796875	0.966796875	12.17	0.86	9.0	9.0	12.14	0.0	0	1
2001	000074	04/12/18	16:22:55	0.966796875	0.966796875	12.14	0.0	0.966796875	0.966796875	12.14	0.0	0.966796875	0.966796875	12.16	0.73	9.0	9.0	12.14	0.0	0	1
2001	000075	04/12/18	16:22:57	0.966796875	0.966796875	12.16	0.0	0.966796875	0.966796875	12.16	0.0	0.966796875	0.966796875	12.17	0.62	9.0	9.0	12.16	0.0	0	1
2001	000076	04/12/18	16:22:58	0.966796875	0.966796875	12.15	0.0	0.966796875	0.966796875	12.15	0.0	0.966796875	0.966796875	12.17	0.53	9.0	9.0	12.15	0.0	0	1
2001	000077	04/12/18	16:23:00	0.966796875	0.966796875	12.16	0.0	0.966796875	0.966796875	12.16	0.0	0.966796875	0.966796875	12.17	0.45	9.0	9.0	12.16	0.0	0	1
2001	000078	04/12/18	16:23:01	0.966796875	0.966796875	12.16	0.0	0.966796875	0.966796875	12.16	0.0	0.966796875	0.966796875	12.17	0.38	9.0	9.0	12.16	0.0	0	1
2001	000079	04/12/18	16:23:03	0.966796875	0.966796875	12.14	0.0	0.966796875	0.966796875	12.14	0.0	0.966796875	0.966796875	12.14	0.32	9.0	9.0	12.14	0.0	0	1
2001	000080	04/12/18	16:23:04	0.966796875	0.966796875	12.16	0.0	0.966796875	0.966796875	12.16	0.0	0.966796875	0.966796875	12.16	0.28	9.0	9.0	12.16	0.0	0	1
2001	000081	04/12/18	16:23:06	0.966796875	0.966796875	12.16	0.0	0.966796875	0.966796875	12.16	0.0	0.966796875	0.966796875	12.17	0.23	9.0	9.0	12.16	0.0	0	1
2001	000082	04/12/18	16:23:07	0.966796875	0.966796875	12.19	0.0	0.966796875	0.966796875	12.19	0.0	0.966796875	0.966796875	12.19	0.2	9.0	9.0	12.19	0.0	0	1
2001	000083	04/12/18	16:23:09	0.966796875	0.966796875	12.21	0.0	0.966796875	0.966796875	12.21	0.0	0.966796875	0.966796875	12.21	0.17	9.0	9.0	12.21	0.0	0	1
2001	000084	04/12/18	16:23:11	0.966796875	0.966796875	12.22	0.0	0.966796875	0.966796875	12.22	0.0	0.966796875	0.966796875	12.22	0.14	9.0	9.0	12.22	0.0	0	1
2001	000085	04/12/18	16:23:12	0.966796875	0.966796875	12.25	0.0	0.966796875	0.966796875	12.25	0.0	0.966796875	0.966796875	12.25	0.12	9.0	9.0	12.25	0.0	0	1
2001	000086	04/12/18	16:23:14	0.966796875	0.966796875	12.27	0.0	0.966796875	0.966796875	12.27	0.0	0.966796875	0.966796875	12.27	0.1	9.0	9.0	12.27	0.0	0	1
2001	000087	04/12/18	16:23:15	0.966796875	0.966796875	12.38	0.0	0.966796875	0.966796875	12.38	0.0	0.966796875	0.966796875	12.38	0.09	9.0	9.0	12.38	0.0	0	1
2001	000088	04/12/18	16:23:17	0.966796875	0.966796875	12.37	0.0	0.966796875	0.966796875	12.37	0.0	0.966796875	0.966796875	12.37	0.08	9.0	9.0	12.37	0.0	0	1
2001	000089	04/12/18	16:23:18	0.966796875	0.966796875	12.4	0.0	0.966796875	0.966796875	12.4	0.0	0.966796875	0.966796875	12.4	0.06	9.0	9.0	12.4	0.0	0	1
2001	000090	04/12/18	16:23:20	0.966796875	0.966796875	12.38	0.0	0.966796875	0.966796875	12.38	0.0	0.966796875	0.966796875	12.38	0.05	9.0	9.0	12.38	0.0	0	1
2001	000091	04/12/18	16:23:21	0.966796875	0.966796875	12.35	0.0	0.966796875	0.966796875	12.35	0.0	0.966796875	0.966796875	12.35	0.05	9.0	9.0	12.35	0.0	0	1
2001	000092	04/12/18	16:23:23	0.966796875	0.966796875	12.36	0.0	0.966796875	0.966796875	12.36	0.0	0.966796875	0.966796875	12.36	0.04	9.0	9.0	12.36	0.0	0	1
2001	000093	04/12/18	16:23:24	0.966796875	0.966796875	12.37	0.0	0.966796875	0.966796875	12.37	0.0	0.966796875	0.966796875	12.37	0.03	9.0	9.0	12.37	0.0	0	1
2001	000094	04/12/18	16:23:26	0.966796875	0.966796875	12.38	0.0	0.966796875	0.966796875	12.38	0.0	0.966796875	0.966796875	12.38	0.03	9.0	9.0	12.38	0.0	0	1
2001	000095	04/12/18	16:23:28	0.966796875	0.966796875	12.3	0.0	0.966796875	0.966796875	12.3	0.0	0.859375	0.95068359375	25.83	-14.98	9.0	9.0	12.3	0.0	0	1
2001	000096	04/12/18	16:23:29	0.966796875	0.966796875	12.31	0.0	0.966796875	0.966796875	12.31	0.0	0.966796875	0.9528320312499999	27.04	-12.73	9.0	9.0	12.31	0.0	0	1
2001	000097	04/12/18	16:23:31	0.966796875	0.966796875	12.29	0.0	0.966796875	0.966796875	12.29	0.0	0.966796875	0.95498046875	27.94	-10.82	9.0	9.0	12.29	0.0	0	1
2001	000098	04/12/18	16:23:32	0.966796875	0.966796875	12.3	0.0	0.966796875	0.966796875	12.3	0.0	0.966796875	0.95712890625	28.65	-9.2	9.0	9.0	12.3	0.0	0	1
2001	000099	04/12/18	16:23:34	0.966796875	0.966796875	12.32	0.0	0.966796875	0.966796875	12.32	0.0	0.966796875	0.958203125	29.19	-7.82	9.0	9.0	12.32	0.0	0	1
2001	000100	04/12/18	16:23:35	0.966796875	0.966796875	12.31	0.0	0.966796875	0.966796875	12.31	0.0	0.966796875	0.95927734375	29.58	-6.64	9.0	9.0	12.31	0.0	0	1
2001	000101	04/12/18	16:23:37	0.966796875	0.966796875	12.29	0.0	0.966796875	0.966796875	12.29	0.0	0.966796875	0.9603515624999999	29.86	-5.65	9.0	9.0	12.29	0.0	0	1
2001	000102	04/12/18	16:23:38	0.966796875	0.966796875	12.3	0.0	0.966796875	0.966796875	12.3	0.0	0.966796875	0.9614257812499999	30.09	-4.8	9.0	9.0	12.3	0.0	0	1
2001	000103	04/12/18	16:23:40	0.966796875	0.966796875	12.31	0.0	0.966796875	0.966796875	12.31	0.0	0.966796875	0.9625000000000001	16.73	10.92	9.0	9.0	12.31	0.0	0	1
2001	000104	04/12/18	16:23:41	0.966796875	0.966796875	12.31	0.0	0.966796875	0.966796875	12.31	0.0	0.966796875	0.96357421875	15.65	9.28	9.0	9.0	12.31	0.0	0	1
2001	000105	04/12/18	16:23:43	0.966796875	0.966796875	12.31	0.0	0.966796875	0.966796875	12.31	0.0	0.966796875	0.96357421875	14.82	7.89	9.0	9.0	12.31	0.0	0	1
2001	000106	04/12/18	16:23:44	0.966796875	0.966796875	12.34	0.0	0.966796875	0.966796875	12.34	0.0	0.966796875	0.96357421875	14.2	6.71	9.0	9.0	12.34	0.0	0	1
2001	000107	04/12/18	16:23:46	0.966796875	0.966796875	12.35	0.0	0.966796875	0.966796875	12.35	0.0	0.966796875	0.9646484375000001	13.73	5.7	9.0	9.0	12.35	0.0	0	1
2001	000108	04/12/18	16:23:48	0.966796875	0.966796875	12.36	0.0	0.966796875	0.966796875	12.36	0.0	0.966796875	0.9646484375000001	13.37	4.84	9.0	9.0	12.36	0.0	0	1
2001	000109	04/12/18	16:23:49	0.966796875	0.966796875	12.37	0.0	0.966796875	0.966796875	12.37	0.0	0.966796875	0.9646484375000001	13.11	4.12	9.0	9.0	12.37	0.0	0	1
2001	000110	04/12/18	16:23:51	0.966796875	0.966796875	12.34	0.0	0.966796875	0.966796875	12.34	0.0	0.859375	0.949609375	26.18	-11.5	9.0	9.0	12.34	0.0	0	1
2001	000111	04/12/18	16:23:52	0.966796875	0.966796875	12.34	0.0	0.966796875	0.966796875	12.34	0.0	0.966796875	0.9517578124999999	27.37	-9.77	9.0	9.0	12.34	0.0	0	1
2001	000112	04/12/18	16:23:54	0.966796875	0.966796875	12.35	0.0	0.966796875	0.966796875	12.35	0.0	0.966796875	0.9539062500000001	28.31	-8.31	9.0	9.0	12.35	0.0	0	1
2001	000113	04/12/18	16:23:55	0.966796875	0.966796875	12.36	0.0	0.966796875	0.966796875	12.36	0.0	0.966796875	0.9560546875000001	29.03	-7.06	9.0	9.0	12.36	0.0	0	1
2001	000114	04/12/18	16:23:57	0.966796875	0.966796875	12.36	0.0	0.966796875	0.966796875	12.36	0.0	0.966796875	0.95712890625	29.58	-6.0	9.0	9.0	12.36	0.0	0	1
2001	000115	04/12/18	16:23:58	0.966796875	0.966796875	12.38	0.0	0.966796875	0.966796875	12.38	0.0	0.966796875	0.95927734375	30.01	-5.1	9.0	9.0	12.38	0.0	0	1
2001	000116	04/12/18	16:24:00	0.966796875	0.966796875	12.38	0.0	0.966796875	0.966796875	12.38	0.0	0.966796875	0.9603515624999999	30.32	-4.34	9.0	9.0	12.38	0.0	0	1
2001	000117	04/12/18	16:24:01	0.966796875	0.966796875	12.38	0.0	0.966796875	0.966796875	12.38	0.0	0.966796875	0.9614257812499999	30.56	-3.69	9.0	9.0	12.38	0.0	0	1
2001	000118	04/12/18	16:24:03	0.966796875	0.966796875	12.42	0.0	0.966796875	0.966796875	12.42	0.0	0.859375	0.94638671875	30.01	-3.13	9.0	9.0	12.42	0.0	0	1
2001	000119	04/12/18	16:24:05	0.966796875	0.966796875	12.4	0.0	0.966796875	0.966796875	12.4	0.0	0.966796875	0.9485351562500001	30.41	-2.66	9.0	9.0	12.4	0.0	0	1
2001	000120	04/12/18	16:24:06	0.966796875	0.966796875	12.43	0.0	0.966796875	0.966796875	12.43	0.0	0.859375	0.9356445312500001	40.44	-17.26	9.0	9.0	12.43	0.0	0	1
2001	000121	04/12/18	16:24:08	0.966796875	0.966796875	12.44	0.0	0.966796875	0.966796875	12.44	0.0	0.966796875	0.93994140625	42.72	-14.67	9.0	9.0	12.44	0.0	0	1
2001	000122	04/12/18	16:24:09	0.966796875	0.966796875	12.43	0.0	0.966796875	0.966796875	12.43	0.0	0.966796875	0.9442382812499999	44.57	-12.47	9.0	9.0	12.43	0.0	0	1
2001	000123	04/12/18	16:24:11	0.966796875	0.966796875	12.41	0.0	0.966796875	0.966796875	12.41	0.0	0.966796875	0.9474609374999999	46.05	-10.6	9.0	9.0	12.41	0.0	0	1
2001	000124	04/12/18	16:24:12	0.966796875	0.966796875	12.4	0.0	0.966796875	0.966796875	12.4	0.0	0.966796875	0.95068359375	47.25	-9.01	9.0	9.0	12.4	0.0	0	1
2001	000125	04/12/18	16:24:14	0.966796875	0.966796875	12.41	0.0	0.966796875	0.966796875	12.41	0.0	0.966796875	0.9528320312499999	48.2	-7.66	9.0	9.0	12.41	0.0	0	1
2001	000126	04/12/18	16:24:15	0.966796875	0.966796875	12.42	0.0	0.966796875	0.966796875	12.42	0.0	0.966796875	0.95498046875	36.4	8.49	9.0	9.0	12.42	0.0	0	1
2001	000127	04/12/18	16:24:17	0.966796875	0.966796875	12.43	0.0	0.966796875	0.966796875	12.43	0.0	0.966796875	0.95712890625	35.36	7.22	9.0	9.0	12.43	0.0	0	1
2001	000128	04/12/18	16:24:19	0.966796875	0.966796875	12.39	0.0	0.966796875	0.966796875	12.39	0.0	0.966796875	0.958203125	24.81	21.13	9.0	9.0	12.39	0.0	0	1
2001	000129	04/12/18	16:24:20	0.966796875	0.966796875	12.38	0.0	0.966796875	0.966796875	12.38	0.0	0.966796875	0.95927734375	22.13	17.96	9.0	9.0	12.38	0.0	0	1
2001	000130	04/12/18	16:24:22	0.966796875	0.966796875	12.38	0.0	0.966796875	0.966796875	12.38	0.0	0.966796875	0.9603515624999999	19.97	15.27	9.0	9.0	12.38	0.0	0	1
2001	000131	04/12/18	16:24:23	0.966796875	0.966796875	12.38	0.0	0.966796875	0.966796875	12.38	0.0	0.966796875	0.9614257812499999	18.22	12.98	9.0	9.0	12.38	0.0	0	1
2001	000132	04/12/18	16:24:25	0.966796875	0.966796875	12.41	0.0	0.966796875	0.966796875	12.41	0.0	0.966796875	0.9625000000000001	16.86	11.03	9.0	9.0	12.41	0.0	0	1
2001	000133	04/12/18	16:24:26	0.966796875	0.966796875	12.42	0.0	0.966796875	0.966796875	12.42	0.0	0.966796875	0.9625000000000001	15.8	9.38	9.0	9.0	12.42	0.0	0	1
2001	000134	04/12/18	16:24:28	0.966796875	0.966796875	12.39	0.0	0.966796875	0.966796875	12.39	0.0	0.966796875	0.96357421875	14.94	7.97	9.0	9.0	12.39	0.0	0	1
2001	000135	04/12/18	16:24:29	0.966796875	0.966796875	12.4	0.0	0.966796875	0.966796875	12.4	0.0	0.966796875	0.96357421875	14.29	6.77	9.0	9.0	12.4	0.0	0	1
2001	000136	04/12/18	16:24:31	0.966796875	0.966796875	12.41	0.0	0.966796875	0.966796875	12.41	0.0	0.966796875	0.9646484375000001	13.81	5.76	9.0	9.0	12.41	0.0	0	1
2001	000137	04/12/18	16:24:33	0.966796875	0.966796875	12.42	0.0	0.966796875	0.966796875	12.42	0.0	0.966796875	0.9646484375000001	13.45	4.89	9.0	9.0	12.42	0.0	0	1
2001	000138	04/12/18	16:24:34	0.966796875	0.966796875	12.42	0.0	0.966796875	0.966796875	12.42	0.0	0.966796875	0.9646484375000001	13.17	4.16	9.0	9.0	12.42	0.0	0	1
2001	000139	04/12/18	16:24:36	0.966796875	0.966796875	12.42	0.0	0.966796875	0.966796875	12.42	0.0	0.966796875	0.96572265625	12.97	3.54	9.0	9.0	12.42	0.0	0	1
2001	000140	04/12/18	16:24:37	0.966796875	0.966796875	12.42	0.0	0.966796875	0.966796875	12.42	0.0	0.966796875	0.96572265625	12.82	3.01	9.0	9.0	12.42	0.0	0	1
2001	000141	04/12/18	16:24:39	0.966796875	0.966796875	12.38	0.0	0.966796875	0.966796875	12.38	0.0	0.859375	0.949609375	26.04	-12.44	9.0	9.0	12.38	0.0	0	1
2001	000142	04/12/18	16:24:40	0.966796875	0.966796875	12.39	0.0	0.966796875	0.966796875	12.39	0.0	0.966796875	0.9517578124999999	27.27	-10.58	9.0	9.0	12.39	0.0	0	1
2001	000143	04/12/18	16:24:42	0.966796875	0.966796875	12.38	0.0	0.966796875	0.966796875	12.38	0.0	0.966796875	0.9539062500000001	28.2	-8.99	9.0	9.0	12.38	0.0	0	1
2001	000144	04/12/18	16:24:43	0.966796875	0.966796875	12.39	0.0	0.966796875	0.966796875	12.39	0.0	0.966796875	0.9560546875000001	28.93	-7.64	9.0	9.0	12.39	0.0	0	1
2001	000145	04/12/18	16:24:45	0.966796875	0.966796875	12.37	0.0	0.966796875	0.966796875	12.37	0.0	0.859375	0.9420898437499999	40.96	-21.5	9.0	9.0	12.37	0.0	0	1
2001	000146	04/12/18	16:24:46	0.966796875	0.966796875	12.38	0.0	0.966796875	0.966796875	12.38	0.0	0.966796875	0.9453125	43.22	-18.27	9.0	9.0	12.38	0.0	0	1
2001	000147	04/12/18	16:24:48	0.966796875	0.966796875	12.37	0.0	0.966796875	0.966796875	12.37	0.0	0.966796875	0.9485351562500001	45.01	-15.53	9.0	9.0	12.37	0.0	0	1
2001	000148	04/12/18	16:24:50	0.966796875	0.966796875	12.37	0.0	0.966796875	0.966796875	12.37	0.0	0.966796875	0.9517578124999999	46.41	-13.2	9.0	9.0	12.37	0.0	0	1
2001	000149	04/12/18	16:24:51	0.966796875	0.966796875	12.39	0.0	0.966796875	0.966796875	12.39	0.0	0.966796875	0.9539062500000001	34.15	3.78	9.0	9.0	12.39	0.0	0	1
2001	000150	04/12/18	16:24:53	0.966796875	0.966796875	12.37	0.0	0.966796875	0.966796875	12.37	0.0	0.859375	0.93994140625	44.55	-11.79	9.0	9.0	12.37	0.0	0	1
2001	000151	04/12/18	16:24:54	0.966796875	0.966796875	12.34	0.0	0.966796875	0.966796875	12.34	0.0	0.966796875	0.9431640625	46.09	-10.02	9.0	9.0	12.34	0.0	0	1
2001	000152	04/12/18	16:24:56	0.966796875	0.966796875	12.31	0.0	0.966796875	0.966796875	12.31	0.0	0.966796875	0.9474609374999999	47.34	-8.52	9.0	9.0	12.31	0.0	0	1
2001	000153	04/12/18	16:24:57	0.966796875	0.966796875	12.29	0.0	0.966796875	0.966796875	12.29	0.0	0.966796875	0.949609375	36.86	7.76	9.0	9.0	12.29	0.0	0	1
2001	000154	04/12/18	16:24:59	0.966796875	0.966796875	12.26	0.0	0.966796875	0.966796875	12.26	0.0	0.966796875	0.9528320312499999	35.82	6.6	9.0	9.0	12.26	0.0	0	1
2001	000155	04/12/18	16:25:00	0.966796875	0.966796875	12.23	0.0	0.966796875	0.966796875	12.23	0.0	0.966796875	0.95498046875	34.97	5.61	9.0	9.0	12.23	0.0	0	1
2001	000156	04/12/18	16:25:02	7.412109375	1.93359375	910.68	900.0	0.966796875	0.966796875	12.19	0.0	0.966796875	0.9560546875000001	34.27	4.77	9.0	9.0	12.19	0.0	0	2
2001	000157	04/12/18	16:25:03	64.453125	11.311523437499998	9639.13	9630.0	0.966796875	0.966796875	12.19	0.0	0.966796875	0.958203125	33.73	4.05	9.0	9.0	12.19	0.0	0	2
2001	000158	04/12/18	16:25:05	78.203125	21.3447265625	18978.09	18970.5	0.966796875	0.966796875	12.16	0.0	0.859375	0.9431640625	34.33	3.44	9.0	9.0	12.16	0.0	0	2
2001	000159	04/12/18	16:25:06	76.26953125	29.583984374999996	26646.0	26639.93	0.966796875	0.966796875	12.17	0.0	0.966796875	0.94638671875	33.86	2.93	9.0	9.0	12.17	0.0	0	2
2001	000160	04/12/18	16:25:08	78.525390625	36.925195312499994	33478.5	33473.94	0.966796875	0.966796875	12.17	0.0	0.966796875	0.949609375	33.47	2.49	9.0	9.0	12.17	0.0	0	2
2001	000161	04/12/18	16:25:09	75.517578125	42.714160156249996	38865.88	38862.85	0.966796875	0.966796875	12.16	0.0	0.966796875	0.9528320312499999	33.14	2.11	9.0	9.0	12.16	0.0	0	2
2001	000162	04/12/18	16:25:11	0.966796875	36.45146484375	44693.79	33033.42	0.966796875	0.966796875	12.17	0.0	0.966796875	0.95498046875	32.89	1.8	9.0	9.0	12.17	0.0	1	0
2001	000163	04/12/18	16:25:12	0.966796875	31.128710937499996	49647.29	28078.41	0.966796875	0.966796875	12.17	0.0	0.966796875	0.9560546875000001	32.68	1.53	9.0	9.0	12.17	0.0	1	0
2001	000164	04/12/18	16:25:14	0.966796875	26.605175781249997	52959.05	22966.65	0.966796875	0.966796875	12.19	0.0	0.966796875	0.958203125	32.53	1.3	9.0	9.0	12.19	0.0	1	0
2001	000165	04/12/18	16:25:15	0.966796875	22.759472656249997	47809.04	10656.65	0.966796875	0.966796875	12.15	0.0	0.859375	0.9431640625	44.25	-13.9	9.0	9.0	12.15	0.0	1	0
2001	000166	04/12/18	16:25:17	0.966796875	19.490624999999998	41511.54	-1726.85	0.966796875	0.966796875	12.19	0.0	0.966796875	0.94638671875	34.04	3.19	9.0	9.0	12.19	0.0	1	0
2001	000167	04/12/18	16:25:18	0.966796875	16.71162109375	36428.67	-11982.82	0.966796875	0.966796875	12.18	0.0	0.966796875	0.949609375	33.61	2.71	9.0	9.0	12.18	0.0	1	0
2001	000168	04/12/18	16:25:20	0.966796875	14.35048828125	31793.22	-21015.4	0.966796875	0.966796875	12.19	0.0	0.966796875	0.9517578124999999	33.26	2.3	9.0	9.0	12.19	0.0	1	0
2001	000169	04/12/18	16:25:22	0.966796875	12.342773437500002	28273.09	-28273.09	0.966796875	0.966796875	12.22	0.0	0.966796875	0.95498046875	33.0	1.96	9.0	9.0	12.22	0.0	1	0
2001	000170	04/12/18	16:25:23	0.966796875	10.63583984375	24032.13	-24032.13	0.966796875	0.966796875	12.22	0.0	0.966796875	0.9560546875000001	32.77	1.66	9.0	9.0	12.22	0.0	1	0
2001	000171	04/12/18	16:25:25	0.966796875	9.18564453125	20427.31	-20427.31	0.966796875	0.966796875	12.22	0.0	0.966796875	0.958203125	32.59	1.41	9.0	9.0	12.22	0.0	1	0
2001	000172	04/12/18	16:25:26	0.966796875	7.952441406249999	17363.22	-17363.21	0.966796875	0.966796875	12.23	0.0	0.966796875	0.95927734375	32.46	1.2	9.0	9.0	12.23	0.0	1	0
2001	000173	04/12/18	16:25:28	0.966796875	6.905078125	14758.73	-14758.73	0.966796875	0.966796875	12.26	0.0	0.966796875	0.9603515624999999	20.48	16.02	9.0	9.0	12.26	0.0	1	0
2001	000174	04/12/18	16:25:29	0.966796875	6.0145507812500005	12544.93	-12544.92	0.966796875	0.966796875	12.22	0.0	0.966796875	0.9614257812499999	18.6	13.62	9.0	9.0	12.22	0.0	1	0
2001	000175	04/12/18	16:25:31	0.966796875	5.2572265625	10663.19	-10663.18	0.966796875	0.966796875	12.24	0.0	0.966796875	0.9625000000000001	17.12	11.58	9.0	9.0	12.24	0.0	1	0
2001	000176	04/12/18	16:25:32	0.966796875	4.613769531250001	9063.71	-9063.7	0.966796875	0.966796875	12.25	0.0	0.966796875	0.9625000000000001	15.95	9.84	9.0	9.0	12.25	0.0	1	0
2001	000177	04/12/18	16:25:34	0.966796875	4.0669921874999995	7704.16	-7704.15	0.966796875	0.966796875	12.22	0.0	0.966796875	0.96357421875	15.01	8.36	9.0	9.0	12.22	0.0	1	0
2001	000178	04/12/18	16:25:35	0.966796875	3.60185546875	6548.54	-6548.53	0.966796875	0.966796875	12.22	0.0	0.966796875	0.96357421875	14.31	7.11	9.0	9.0	12.22	0.0	0	0
2001	000179	04/12/18	16:25:37	0.966796875	3.20654296875	5566.26	-5566.25	0.966796875	0.966796875	12.22	0.0	0.966796875	0.9646484375000001	13.77	6.04	9.0	9.0	12.22	0.0	0	0
2001	000180	04/12/18	16:25:38	0.966796875	2.8703125	4731.33	-4731.31	0.966796875	0.966796875	12.23	0.0	0.966796875	0.9646484375000001	13.37	5.14	9.0	9.0	12.23	0.0	0	0
2001	000181	04/12/18	16:25:40	0.966796875	2.5845703125	4021.64	-4021.61	0.966796875	0.966796875	12.21	0.0	0.966796875	0.9646484375000001	13.06	4.37	9.0	9.0	12.21	0.0	0	0
2001	000182	04/12/18	16:25:41	0.966796875	2.341796875	3418.4	-3418.37	0.966796875	0.966796875	12.23	0.0	0.966796875	0.96572265625	12.85	3.71	9.0	9.0	12.23	0.0	0	0
2001	000183	04/12/18	16:25:43	0.966796875	2.135546875	2905.65	-2905.62	0.966796875	0.966796875	12.23	0.0	0.966796875	0.96572265625	12.68	3.15	9.0	9.0	12.23	0.0	0	0
2001	000184	04/12/18	16:25:44	0.966796875	1.9604492187499998	2469.81	-2469.77	0.966796875	0.966796875	12.24	0.0	0.859375	0.949609375	25.93	-12.32	9.0	9.0	12.24	0.0	0	0
2001	000185	04/12/18	16:25:46	0.966796875	1.8111328125	2099.35	-2099.31	0.966796875	0.966796875	12.24	0.0	0.966796875	0.9517578124999999	27.15	-10.47	9.0	9.0	12.24	0.0	0	0
2001	000186	04/12/18	16:25:48	0.966796875	1.684375	1784.46	-1784.41	0.966796875	0.966796875	12.24	0.0	0.966796875	0.9539062500000001	28.1	-8.9	9.0	9.0	12.24	0.0	0	0
2001	000187	04/12/18	16:25:49	0.966796875	1.576953125	1516.81	-1516.75	0.966796875	0.966796875	12.23	0.0	0.966796875	0.9560546875000001	28.83	-7.57	9.0	9.0	12.23	0.0	0	0
2001	000188	04/12/18	16:25:51	0.966796875	1.48564453125	1289.3	-1289.24	0.966796875	0.966796875	12.22	0.0	0.966796875	0.958203125	29.38	-6.43	9.0	9.0	12.22	0.0	0	0
2001	000189	04/12/18	16:25:52	0.966796875	1.4072265625	1095.93	-1095.85	0.966796875	0.966796875	12.23	0.0	0.966796875	0.95927734375	29.81	-5.47	9.0	9.0	12.23	0.0	0	0
2001	000190	04/12/18	16:25:54	0.966796875	1.34169921875	931.57	-931.47	0.966796875	0.966796875	12.23	0.0	0.966796875	0.9603515624999999	30.12	-4.65	9.0	9.0	12.23	0.0	0	0
2001	000191	04/12/18	16:25:55	0.966796875	1.28583984375	791.86	-791.75	0.966796875	0.966796875	12.22	0.0	0.966796875	0.9614257812499999	30.35	-3.95	9.0	9.0	12.22	0.0	0	0
2001	000192	04/12/18	16:25:57	0.966796875	1.2375	673.12	-672.99	0.966796875	0.966796875	12.22	0.0	0.966796875	0.9625000000000001	17.16	11.64	9.0	9.0	12.22	0.0	0	0
2001	000193	04/12/18	16:25:58	0.966796875	1.1966796875	572.19	-572.04	0.966796875	0.966796875	12.25	0.0	0.966796875	0.9625000000000001	16.0	9.9	9.0	9.0	12.25	0.0	0	0
2001	000194	04/12/18	16:26:00	0.966796875	1.1623046874999998	486.41	-486.24	0.966796875	0.966796875	12.23	0.0	0.966796875	0.96357421875	15.06	8.41	9.0	9.0	12.23	0.0	0	0
2001	000195	04/12/18	16:26:01	0.966796875	1.13330078125	413.51	-413.3	0.966796875	0.966796875	12.23	0.0	0.966796875	0.96357421875	14.34	7.15	9.0	9.0	12.23	0.0	0	0
2001	000196	04/12/18	16:26:03	0.966796875	1.10859375	351.55	-351.3	0.966796875	0.966796875	12.22	0.0	0.966796875	0.9646484375000001	13.79	6.08	9.0	9.0	12.22	0.0	0	0
2001	000197	04/12/18	16:26:04	0.966796875	1.0871093749999998	298.9	-298.61	0.966796875	0.966796875	12.22	0.0	0.859375	0.9485351562500001	26.55	-9.83	9.0	9.0	12.22	0.0	0	0
2001	000198	04/12/18	16:26:06	0.966796875	1.0688476562499998	254.15	-253.82	0.966796875	0.966796875	12.22	0.0	0.966796875	0.9517578124999999	27.64	-8.36	9.0	9.0	12.22	0.0	0	0
2001	000199	04/12/18	16:26:07	0.966796875	1.05380859375	216.14	-215.75	0.966796875	0.966796875	12.23	0.0	0.859375	0.9377929687500001	38.8	-22.1	9.0	9.0	12.23	0.0	0	0
2001	000200	04/12/18	16:26:09	0.966796875	1.0409179687499999	183.85	-183.38	0.966796875	0.966796875	12.24	0.0	0.966796875	0.9420898437499999	41.45	-18.79	9.0	9.0	12.24	0.0	0	0
2001	000201	04/12/18	16:26:10	0.966796875	1.0291015625	156.43	-155.88	0.966796875	0.966796875	12.22	0.0	0.966796875	0.9453125	43.57	-15.97	9.0	9.0	12.22	0.0	0	0
2001	000202	04/12/18	16:26:12	0.966796875	1.0205078125	133.15	-132.49	0.966796875	0.966796875	12.27	0.0	0.966796875	0.9485351562500001	45.3	-13.58	9.0	9.0	12.27	0.0	0	0
2001	000203	04/12/18	16:26:14	0.966796875	1.0119140625	113.39	-112.62	0.966796875	0.966796875	12.29	0.0	0.966796875	0.9517578124999999	46.65	-11.54	9.0	9.0	12.29	0.0	0	0
2001	000204	04/12/18	16:26:15	0.966796875	1.00546875	96.63	-95.73	0.966796875	0.966796875	12.3	0.0	0.966796875	0.9539062500000001	47.7	-9.81	9.0	9.0	12.3	0.0	0	0
2001	000205	04/12/18	16:26:17	0.966796875	0.9990234375000001	82.42	-81.37	0.966796875	0.966796875	12.3	0.0	0.966796875	0.9560546875000001	35.34	6.66	9.0	9.0	12.3	0.0	0	0
2001	000206	04/12/18	16:26:18	0.966796875	0.9947265624999999	70.4	-69.16	0.966796875	0.966796875	12.32	0.0	0.966796875	0.95712890625	34.56	5.66	9.0	9.0	12.32	0.0	0	1
2001	000207	04/12/18	16:26:20	0.966796875	0.9904296875	60.24	-58.79	0.966796875	0.966796875	12.31	0.0	0.966796875	0.95927734375	23.64	19.81	9.0	9.0	12.31	0.0	0	1
2001	000208	04/12/18	16:26:21	0.966796875	0.98720703125	51.66	-49.97	0.966796875	0.966796875	12.3	0.0	0.966796875	0.9603515624999999	21.17	16.84	9.0	9.0	12.3	0.0	0	1
2001	000209	04/12/18	16:26:23	0.966796875	0.983984375	44.44	-42.47	0.966796875	0.966796875	12.31	0.0	0.966796875	0.9614257812499999	19.18	14.32	9.0	9.0	12.31	0.0	0	1
2001	000210	04/12/18	16:26:24	0.966796875	0.9818359375	38.39	-36.1	0.966796875	0.966796875	12.29	0.0	0.966796875	0.9614257812499999	17.58	12.17	9.0	9.0	12.29	0.0	0	1
2001	000211	04/12/18	16:26:26	0.966796875	0.9786132812499999	33.33	-30.69	0.966796875	0.966796875	12.29	0.0	0.966796875	0.9625000000000001	16.32	10.34	9.0	9.0	12.29	0.0	0	1
2001	000212	04/12/18	16:26:27	0.966796875	0.9775390625	29.13	-26.08	0.966796875	0.966796875	12.29	0.0	0.966796875	0.96357421875	15.33	8.79	9.0	9.0	12.29	0.0	0	1
2001	000213	04/12/18	16:26:29	0.966796875	0.975390625	25.66	-22.17	0.966796875	0.966796875	12.29	0.0	0.966796875	0.96357421875	14.56	7.47	9.0	9.0	12.29	0.0	0	1
2001	000214	04/12/18	16:26:30	0.966796875	0.97431640625	22.81	-18.85	0.966796875	0.966796875	12.28	0.0	0.966796875	0.9646484375000001	13.97	6.35	9.0	9.0	12.28	0.0	0	1
2001	000215	04/12/18	16:26:32	0.966796875	0.9732421875	20.5	-16.02	0.966796875	0.966796875	12.28	0.0	0.966796875	0.9646484375000001	13.53	5.4	9.0	9.0	12.28	0.0	0	1
2001	000216	04/12/18	16:26:34	0.966796875	0.9721679687500001	18.64	-13.62	0.966796875	0.966796875	12.29	0.0	0.859375	0.9485351562500001	26.42	-10.41	9.0	9.0	12.29	0.0	0	1
2001	000217	04/12/18	16:26:35	0.966796875	0.97109375	17.15	-11.57	0.966796875	0.966796875	12.29	0.0	0.966796875	0.9517578124999999	27.56	-8.85	9.0	9.0	12.29	0.0	0	1
2001	000218	04/12/18	16:26:37	0.966796875	0.97109375	15.97	-9.84	0.966796875	0.966796875	12.27	0.0	0.966796875	0.9539062500000001	28.44	-7.52	9.0	9.0	12.27	0.0	0	1
2001	000219	04/12/18	16:26:38	0.966796875	0.97001953125	15.05	-8.36	0.966796875	0.966796875	12.27	0.0	0.966796875	0.9560546875000001	29.13	-6.39	9.0	9.0	12.27	0.0	0	1
2001	000220	04/12/18	16:26:40	0.966796875	0.97001953125	14.36	-7.11	0.966796875	0.966796875	12.28	0.0	0.966796875	0.95712890625	29.67	-5.43	9.0	9.0	12.28	0.0	0	1
2001	000221	04/12/18	16:26:41	0.966796875	0.9689453124999999	13.81	-6.04	0.966796875	0.966796875	12.26	0.0	0.966796875	0.95927734375	30.07	-4.62	9.0	9.0	12.26	0.0	0	1
2001	000222	04/12/18	16:26:43	0.966796875	0.9689453124999999	13.4	-5.14	0.966796875	0.966796875	12.26	0.0	60.80078125	9.93544921875	8384.59	8351.07	9.0	9.0	12.26	0.0	0	2
2001	000223	04/12/18	16:26:44	0.966796875	0.9689453124999999	13.09	-4.37	0.966796875	0.966796875	12.25	0.0	77.666015625	20.094335937500002	17840.71	17808.41	9.0	9.0	12.25	0.0	0	2
2001	000224	04/12/18	16:26:46	0.966796875	0.9678710937499999	12.88	-3.71	0.966796875	0.966796875	12.26	0.0	76.26953125	28.5205078125	25669.97	25667.15	9.0	9.0	12.26	0.0	0	2
2001	000225	04/12/18	16:26:47	0.966796875	0.9678710937499999	12.71	-3.15	0.966796875	0.966796875	12.26	0.0	75.087890625	35.506152343749996	32169.47	32167.08	9.0	9.0	12.26	0.0	0	2
2001	000226	04/12/18	16:26:49	0.859375	0.9517578124999999	26.31	-17.68	0.966796875	0.966796875	12.27	0.0	78.740234375	41.99121093749999	38203.92	38202.02	9.0	9.0	12.27	0.0	0	2
2001	000227	04/12/18	16:26:50	0.966796875	0.9539062500000001	27.28	-15.03	0.966796875	0.966796875	12.27	0.0	77.236328125	47.277441406250006	43123.05	43121.71	9.0	9.0	12.27	0.0	0	2
2001	000228	04/12/18	16:26:52	0.966796875	0.9560546875000001	28.02	-12.77	0.966796875	0.966796875	12.26	0.0	0.966796875	40.33154296875	49587.59	36653.46	9.0	9.0	12.26	0.0	1	0
2001	000229	04/12/18	16:26:53	0.966796875	0.95712890625	28.6	-10.86	0.966796875	0.966796875	12.27	0.0	0.966796875	34.4265625	55082.29	31155.44	9.0	9.0	12.27	0.0	1	0
2001	000230	04/12/18	16:26:55	0.966796875	0.95927734375	29.03	-9.23	0.966796875	0.966796875	12.27	0.0	0.966796875	29.4078125	51398.38	18127.12	9.0	9.0	12.27	0.0	1	0
2001	000231	04/12/18	16:26:57	0.966796875	0.9603515624999999	29.37	-7.85	0.966796875	0.966796875	12.28	0.0	0.966796875	25.141015624999998	45912.06	4698.05	9.0	9.0	12.28	0.0	1	0
2001	000232	04/12/18	16:26:58	0.966796875	0.9614257812499999	29.6	-6.67	0.966796875	0.966796875	12.27	0.0	0.966796875	21.51552734375	41443.69	-6521.65	9.0	9.0	12.27	0.0	1	0
2001	000233	04/12/18	16:27:00	0.966796875	0.9625000000000001	29.78	-5.67	0.966796875	0.966796875	12.27	0.0	0.966796875	18.432519531249998	37810.57	-15893.41	9.0	9.0	12.27	0.0	1	0
2001	000234	04/12/18	16:27:01	0.966796875	0.9625000000000001	16.21	10.18	0.966796875	0.966796875	12.28	0.0	0.966796875	15.81357421875	34212.42	-24369.39	9.0	9.0	12.28	0.0	1	0
2001	000235	04/12/18	16:27:03	0.966796875	0.96357421875	15.25	8.65	0.966796875	0.966796875	12.29	0.0	0.966796875	13.58564453125	31363.99	-31363.99	9.0	9.0	12.29	0.0	1	0
2001	000236	04/12/18	16:27:04	0.966796875	0.96357421875	14.52	7.36	0.966796875	0.966796875	12.3	0.0	0.966796875	11.69287109375	26659.39	-26659.39	9.0	9.0	12.3	0.0	1	0
2001	000237	04/12/18	16:27:08	0.966796875	0.9646484375000001	16.29	6.25	0.966796875	0.966796875	14.68	0.0	0.966796875	10.084765625	22660.49	-22660.48	9.0	9.0	14.68	0.0	1	0
2001	000238	04/12/18	16:27:10	0.966796875	0.9646484375000001	15.89	5.32	0.966796875	0.966796875	14.71	0.0	0.966796875	8.7162109375	19261.42	-19261.41	9.0	9.0	14.71	0.0	1	0
2001	000239	04/12/18	16:27:11	0.966796875	0.9646484375000001	15.58	4.52	0.966796875	0.966796875	14.72	0.0	0.966796875	7.553906249999999	16372.21	-16372.2	9.0	9.0	14.72	0.0	1	0
2001	000240	04/12/18	16:27:13	0.966796875	0.96572265625	15.34	3.84	0.966796875	0.966796875	14.72	0.0	0.966796875	6.565624999999999	13916.38	-13916.37	9.0	9.0	14.72	0.0	1	0
2001	000241	04/12/18	16:27:14	0.966796875	0.96572265625	15.18	3.26	0.966796875	0.966796875	14.74	0.0	0.966796875	5.72666015625	11828.92	-11828.91	9.0	9.0	14.74	0.0	1	0
2001	000242	04/12/18	16:27:16	0.966796875	0.96572265625	15.05	2.77	0.966796875	0.966796875	14.74	0.0	0.966796875	5.0123046874999995	10054.59	-10054.58	9.0	9.0	14.74	0.0	1	0
2001	000243	04/12/18	16:27:17	0.966796875	0.96572265625	14.94	2.36	0.966796875	0.966796875	14.72	0.0	0.966796875	4.40537109375	8546.4	-8546.39	9.0	9.0	14.72	0.0	1	0
2001	000244	04/12/18	16:27:19	0.966796875	0.96572265625	14.87	2.0	0.966796875	0.966796875	14.72	0.0	0.966796875	3.88974609375	7264.45	-7264.43	9.0	9.0	14.72	0.0	0	0
2001	000245	04/12/18	16:27:20	0.966796875	0.96572265625	12.48	1.7	0.966796875	0.966796875	12.35	0.0	0.859375	3.4353515624999997	6189.78	-6189.77	9.0	9.0	12.35	0.0	0	0
2001	000246	04/12/18	16:27:22	0.859375	0.949609375	25.86	-13.55	0.966796875	0.966796875	12.33	0.0	0.966796875	3.06474609375	5261.32	-5261.3	9.0	9.0	12.33	0.0	0	0
2001	000247	04/12/18	16:27:24	0.966796875	0.9528320312499999	27.09	-11.52	0.966796875	0.966796875	12.34	0.0	0.966796875	2.7500000000000004	4472.13	-4472.11	9.0	9.0	12.34	0.0	0	0
2001	000248	04/12/18	16:27:25	0.966796875	0.95498046875	28.04	-9.79	0.966796875	0.966796875	12.35	0.0	0.966796875	2.48251953125	3801.31	-3801.29	9.0	9.0	12.35	0.0	0	0
2001	000249	04/12/18	16:27:27	0.966796875	0.9560546875000001	28.76	-8.32	0.966796875	0.966796875	12.33	0.0	0.966796875	2.25478515625	3231.12	-3231.1	9.0	9.0	12.33	0.0	0	0
2001	000250	04/12/18	16:27:28	0.966796875	0.958203125	29.31	-7.07	0.966796875	0.966796875	12.33	0.0	0.966796875	2.0625	2746.46	-2746.43	9.0	9.0	12.33	0.0	0	0
2001	000251	04/12/18	16:27:30	0.966796875	0.95927734375	29.72	-6.01	0.966796875	0.966796875	12.33	0.0	0.966796875	1.89814453125	2334.5	-2334.47	9.0	9.0	12.33	0.0	0	0
2001	000252	04/12/18	16:27:31	0.966796875	0.9603515624999999	30.04	-5.11	0.966796875	0.966796875	12.34	0.0	0.966796875	1.75849609375	1984.34	-1984.3	9.0	9.0	12.34	0.0	0	0
2001	000253	04/12/18	16:27:33	0.966796875	0.9614257812499999	30.27	-4.34	0.966796875	0.966796875	12.34	0.0	0.966796875	1.6392578125	1671.7	-1671.65	9.0	9.0	12.34	0.0	0	0
2001	000254	04/12/18	16:27:34	0.966796875	0.9625000000000001	16.99	11.31	0.966796875	0.966796875	12.33	0.0	0.966796875	1.53828125	1420.97	-1420.9	9.0	9.0	12.33	0.0	0	0
2001	000255	04/12/18	16:27:36	0.966796875	0.9625000000000001	15.85	9.61	0.966796875	0.966796875	12.3	0.0	0.966796875	1.45234375	1207.84	-1207.77	9.0	9.0	12.3	0.0	0	0
2001	000256	04/12/18	16:27:37	0.966796875	0.96357421875	14.96	8.17	0.966796875	0.966796875	12.29	0.0	0.966796875	1.3803710937499998	1026.69	-1026.6	9.0	9.0	12.29	0.0	0	0
2001	000257	04/12/18	16:27:39	0.966796875	0.96357421875	14.27	6.94	0.966796875	0.966796875	12.28	0.0	0.859375	1.3019531249999998	887.71	-887.61	9.0	9.0	12.28	0.0	0	0
2001	000258	04/12/18	16:27:40	0.966796875	0.9646484375000001	13.74	5.9	0.966796875	0.966796875	12.26	0.0	0.966796875	1.25146484375	754.58	-754.47	9.0	9.0	12.26	0.0	0	0
2001	000259	04/12/18	16:27:42	0.966796875	0.9646484375000001	13.35	5.02	0.966796875	0.966796875	12.26	0.0	0.966796875	1.20849609375	641.44	-641.3	9.0	9.0	12.26	0.0	0	0
2001	000260	04/12/18	16:27:44	0.966796875	0.9646484375000001	13.05	4.26	0.966796875	0.966796875	12.24	0.0	0.966796875	1.173046875	545.27	-545.11	9.0	9.0	12.24	0.0	0	0
2001	000261	04/12/18	16:27:45	0.966796875	0.96572265625	12.85	3.62	0.966796875	0.966796875	12.26	0.0	0.966796875	1.14189453125	463.53	-463.34	9.0	9.0	12.26	0.0	0	0
2001	000262	04/12/18	16:27:47	0.966796875	0.96572265625	12.69	3.08	0.966796875	0.966796875	12.26	0.0	0.966796875	1.1150390625	394.07	-393.84	9.0	9.0	12.26	0.0	0	0
2001	000263	04/12/18	16:27:48	0.966796875	0.96572265625	12.58	2.62	0.966796875	0.966796875	12.26	0.0	0.966796875	1.0935546875	335.03	-334.76	9.0	9.0	12.26	0.0	0	0
2001	000264	04/12/18	16:27:50	0.966796875	0.96572265625	12.5	2.23	0.966796875	0.966796875	12.28	0.0	0.966796875	1.07421875	284.87	-284.55	9.0	9.0	12.28	0.0	0	0
2001	000265	04/12/18	16:27:51	0.966796875	0.96572265625	12.45	1.89	0.966796875	0.966796875	12.29	0.0	0.966796875	1.05810546875	227.25	-226.87	9.0	9.0	12.29	0.0	0	0
2001	000266	04/12/18	16:27:53	0.966796875	0.96572265625	12.41	1.61	0.966796875	0.966796875	12.3	0.0	0.966796875	1.044140625	193.28	-192.84	9.0	9.0	12.3	0.0	0	0
2001	000267	04/12/18	16:27:54	0.966796875	0.96572265625	12.39	1.37	0.966796875	0.966796875	12.31	0.0	0.966796875	1.03232421875	164.44	-163.91	9.0	9.0	12.31	0.0	0	0
2001	000268	04/12/18	16:27:56	0.966796875	0.966796875	12.37	1.16	0.966796875	0.966796875	12.31	0.0	0.966796875	1.02265625	139.94	-139.32	9.0	9.0	12.31	0.0	0	0
2001	000269	04/12/18	16:27:57	0.966796875	0.966796875	12.34	0.99	0.966796875	0.966796875	12.3	0.0	0.966796875	1.0140624999999999	119.15	-118.43	9.0	9.0	12.3	0.0	0	0
2001	000270	04/12/18	16:27:59	0.966796875	0.966796875	12.35	0.84	0.966796875	0.966796875	12.32	0.0	0.966796875	1.0076171875	101.52	-100.66	9.0	9.0	12.32	0.0	0	0
2001	000271	04/12/18	16:28:00	0.966796875	0.966796875	12.34	0.71	0.966796875	0.966796875	12.32	0.0	0.966796875	1.001171875	86.57	-85.56	9.0	9.0	12.32	0.0	0	0
2001	000272	04/12/18	16:28:02	0.966796875	0.966796875	12.32	0.61	0.966796875	0.966796875	12.3	0.0	0.966796875	0.9958007812499999	73.91	-72.73	9.0	9.0	12.3	0.0	0	1
2001	000273	04/12/18	16:28:04	0.966796875	0.966796875	12.32	0.52	0.966796875	0.966796875	12.31	0.0	0.966796875	0.9915039062500001	63.2	-61.82	9.0	9.0	12.31	0.0	0	1
2001	000274	04/12/18	16:28:05	0.966796875	0.966796875	12.3	0.44	0.966796875	0.966796875	12.29	0.0	0.966796875	0.9882812499999999	54.15	-52.55	9.0	9.0	12.29	0.0	0	1
2001	000275	04/12/18	16:28:07	0.966796875	0.966796875	12.28	0.37	0.966796875	0.966796875	12.27	0.0	0.966796875	0.98505859375	46.53	-44.66	9.0	9.0	12.27	0.0	0	1
2001	000276	04/12/18	16:28:08	0.966796875	0.966796875	12.29	0.32	0.966796875	0.966796875	12.28	0.0	0.966796875	0.9818359375	40.14	-37.96	9.0	9.0	12.28	0.0	0	1
2001	000277	04/12/18	16:28:10	0.966796875	0.966796875	12.28	0.27	0.966796875	0.966796875	12.28	0.0	0.966796875	0.9796874999999999	34.79	-32.27	9.0	9.0	12.28	0.0	0	1
2001	000278	04/12/18	16:28:11	0.966796875	0.966796875	12.29	0.23	0.966796875	0.966796875	12.28	0.0	0.966796875	0.9775390625	30.35	-27.43	9.0	9.0	12.28	0.0	0	1
2001	000279	04/12/18	16:28:13	0.966796875	0.966796875	12.29	0.19	0.966796875	0.966796875	12.28	0.0	0.966796875	0.9764648437499999	26.66	-23.31	9.0	9.0	12.28	0.0	0	1
2001	000280	04/12/18	16:28:14	0.966796875	0.966796875	12.29	0.17	0.966796875	0.966796875	12.29	0.0	0.966796875	0.97431640625	23.64	-19.82	9.0	9.0	12.29	0.0	0	1
2001	000281	04/12/18	16:28:16	0.966796875	0.966796875	12.28	0.14	0.966796875	0.966796875	12.28	0.0	0.966796875	0.9732421875	21.17	-16.85	9.0	9.0	12.28	0.0	0	1
2001	000282	04/12/18	16:28:17	0.966796875	0.966796875	12.3	0.12	0.966796875	0.966796875	12.3	0.0	0.966796875	0.9721679687500001	19.18	-14.32	9.0	9.0	12.3	0.0	0	1
2001	000283	04/12/18	16:28:19	0.966796875	0.966796875	12.32	0.1	0.966796875	0.966796875	12.32	0.0	0.966796875	0.9721679687500001	17.59	-12.17	9.0	9.0	12.32	0.0	0	1
2001	000284	04/12/18	16:28:20	0.966796875	0.966796875	12.31	0.09	0.966796875	0.966796875	12.3	0.0	0.859375	0.95498046875	30.41	-25.34	9.0	9.0	12.3	0.0	0	1
2001	000285	04/12/18	16:28:22	0.966796875	0.966796875	12.31	0.07	0.966796875	0.966796875	12.31	0.0	0.859375	0.9410156249999999	41.2	-36.54	9.0	9.0	12.31	0.0	0	1
2001	000286	04/12/18	16:28:23	0.966796875	0.966796875	12.29	0.06	0.966796875	0.966796875	12.29	0.0	0.966796875	0.9442382812499999	42.78	-31.06	9.0	9.0	12.29	0.0	0	1
2001	000287	04/12/18	16:28:25	0.966796875	0.966796875	12.28	0.05	0.966796875	0.966796875	12.28	0.0	0.966796875	0.9474609374999999	44.08	-26.4	9.0	9.0	12.28	0.0	0	1
2001	000288	04/12/18	16:28:27	0.966796875	0.966796875	12.28	0.05	0.966796875	0.966796875	12.28	0.0	0.966796875	0.95068359375	45.13	-22.44	9.0	9.0	12.28	0.0	0	1
2001	000289	04/12/18	16:28:28	0.966796875	0.966796875	12.29	0.04	0.966796875	0.966796875	12.28	0.0	0.966796875	0.9528320312499999	45.96	-19.08	9.0	9.0	12.28	0.0	0	1
2001	000290	04/12/18	16:28:30	0.966796875	0.966796875	12.27	0.03	0.966796875	0.966796875	12.27	0.0	0.966796875	0.95498046875	46.6	-16.21	9.0	9.0	12.27	0.0	0	1
2001	000291	04/12/18	16:28:31	0.966796875	0.966796875	12.27	0.03	77.666015625	12.471679687499998	10720.73	10710.0	0.966796875	0.95712890625	47.1	-13.78	9.0	9.0	12.27	0.0	0	2
2001	000292	04/12/18	16:28:33	0.966796875	0.966796875	12.27	0.02	77.666015625	22.25029296875	19822.7	19813.5	0.966796875	0.958203125	33.41	3.29	9.0	9.0	12.27	0.0	0	2
2001	000293	04/12/18	16:28:34	0.966796875	0.966796875	12.26	0.02	78.41796875	30.675390625	27664.13	27656.48	0.966796875	0.95927734375	21.92	17.79	9.0	9.0	12.26	0.0	0	2
2001	000294	04/12/18	16:28:36	0.966796875	0.966796875	12.26	0.02	78.6328125	37.869433593749996	34359.12	34353.0	0.966796875	0.9603515624999999	19.78	15.12	9.0	9.0	12.26	0.0	0	2
2001	000295	04/12/18	16:28:37	0.966796875	0.966796875	12.3	0.01	78.095703125	43.90332031249999	39974.64	39970.05	0.966796875	0.9614257812499999	18.08	12.85	9.0	9.0	12.29	0.0	0	2
2001	000296	04/12/18	16:28:39	0.966796875	0.966796875	12.3	0.01	79.384765625	49.22607421875	44927.6	44924.55	0.966796875	0.9625000000000001	16.72	10.93	9.0	9.0	12.3	0.0	0	2
2001	000297	04/12/18	16:28:40	0.966796875	0.966796875	12.29	0.01	78.41796875	53.60458984375	49002.39	49000.86	0.966796875	0.96357421875	15.64	9.29	9.0	9.0	12.29	0.0	0	2
2001	000298	04/12/18	16:28:42	0.966796875	0.966796875	12.32	0.01	78.740234375	57.37509765625	52510.74	52510.73	0.966796875	0.96357421875	14.83	7.89	9.0	9.0	12.31	0.0	0	2
2001	000299	04/12/18	16:28:43	0.966796875	0.966796875	12.34	0.01	75.625	60.11220703125	44349.13	44349.12	0.966796875	0.96357421875	14.21	6.71	9.0	9.0	12.33	0.0	0	2
2001	000300	04/12/18	16:28:45	0.966796875	0.966796875	12.33	0.01	78.6328125	62.89013671875001	37831.76	37831.76	0.966796875	0.9646484375000001	13.71	5.7	9.0	9.0	12.33	0.0	0	2
2001	000301	04/12/18	16:28:47	0.966796875	0.966796875	12.35	0.01	78.41796875	65.21904296874999	32156.99	32156.99	0.966796875	0.9646484375000001	13.37	4.85	9.0	9.0	12.35	0.0	0	2
2001	000302	04/12/18	16:28:48	0.966796875	0.966796875	12.37	0.0	77.021484375	66.98935546875	27108.45	27108.44	0.966796875	0.9646484375000001	13.11	4.12	9.0	9.0	12.37	0.0	0	2
2001	000303	04/12/18	16:28:50	0.966796875	0.966796875	12.34	0.0	78.6328125	68.73603515625	23117.18	23117.18	0.966796875	0.96572265625	12.88	3.5	9.0	9.0	12.34	0.0	0	2
2001	000304	04/12/18	16:28:51	0.966796875	0.966796875	12.34	0.0	78.525390625	70.2044921875	19529.6	19529.6	0.966796875	0.96572265625	12.74	2.98	9.0	9.0	12.34	0.0	0	2
2001	000305	04/12/18	16:28:53	0.966796875	0.966796875	12.35	0.0	81.318359375	71.87167968749999	17005.17	17005.16	0.966796875	0.96572265625	12.64	2.53	9.0	9.0	12.35	0.0	0	2
2001	000306	04/12/18	16:28:54	0.966796875	0.966796875	12.34	0.0	78.41796875	72.853515625	14409.39	14409.39	0.966796875	0.96572265625	12.55	2.15	9.0	9.0	12.34	0.0	0	2
2001	000307	04/12/18	16:28:56	0.966796875	0.966796875	12.31	0.0	79.0625	73.78486328125	12727.98	12727.98	0.966796875	0.96572265625	12.46	1.83	9.0	9.0	12.31	0.0	0	2
2001	000308	04/12/18	16:28:57	0.966796875	0.966796875	12.33	0.0	80.244140625	74.75380859375	11043.79	11043.78	0.966796875	0.96572265625	12.44	1.55	9.0	9.0	12.33	0.0	0	2
2001	000309	04/12/18	16:28:59	0.966796875	0.966796875	12.32	0.0	77.98828125	75.23935546874999	9327.22	9327.21	0.966796875	0.966796875	12.4	1.32	9.0	9.0	12.32	0.0	0	2
2001	000310	04/12/18	16:29:00	0.966796875	0.966796875	12.29	0.0	0.966796875	64.0986328125	18050.35	-2691.87	0.966796875	0.966796875	12.35	1.12	9.0	9.0	12.29	0.0	1	0
2001	000311	04/12/18	16:29:02	0.966796875	0.966796875	12.28	0.0	0.966796875	54.6283203125	25240.0	-13133.09	0.966796875	0.966796875	12.32	0.95	9.0	9.0	12.28	0.0	1	0
2001	000312	04/12/18	16:29:03	0.966796875	0.966796875	12.28	0.0	0.966796875	46.57919921875	31366.2	-21993.12	0.966796875	0.966796875	12.31	0.81	9.0	9.0	12.28	0.0	1	0
2001	000313	04/12/18	16:29:05	0.966796875	0.966796875	12.32	0.0	0.966796875	39.7375	36183.48	-29914.16	0.966796875	0.966796875	12.34	0.69	9.0	9.0	12.32	0.0	1	0
2001	000314	04/12/18	16:29:07	0.966796875	0.966796875	12.31	0.0	0.966796875	33.921679687499996	40683.16	-36242.03	0.966796875	0.966796875	12.32	0.59	9.0	9.0	12.31	0.0	1	0
2001	000315	04/12/18	16:29:08	0.966796875	0.966796875	12.32	0.0	0.966796875	28.978125	44417.89	-41710.73	0.966796875	0.966796875	12.33	0.5	9.0	9.0	12.32	0.0	1	0
2001	000316	04/12/18	16:29:10	0.966796875	0.966796875	12.3	0.0	0.966796875	24.77685546875	47427.41	-46524.12	0.966796875	0.966796875	12.31	0.42	9.0	9.0	12.3	0.0	1	0
2001	000317	04/12/18	16:29:11	0.966796875	0.966796875	12.29	0.0	0.966796875	21.205078125	50300.5	-50300.5	0.966796875	0.966796875	12.29	0.36	9.0	9.0	12.29	0.0	1	0
2001	000318	04/12/18	16:29:13	0.966796875	0.966796875	12.29	0.0	0.966796875	18.169335937499998	42755.43	-42755.43	0.966796875	0.966796875	12.29	0.31	9.0	9.0	12.29	0.0	1	0
2001	000319	04/12/18	16:29:14	0.966796875	0.966796875	12.3	0.0	0.966796875	15.5890625	36342.11	-36342.11	0.966796875	0.966796875	12.3	0.26	9.0	9.0	12.3	0.0	1	0
2001	000320	04/12/18	16:29:16	0.966796875	0.966796875	12.3	0.0	0.966796875	13.3955078125	30890.8	-30890.79	0.966796875	0.966796875	12.3	0.22	9.0	9.0	12.3	0.0	1	0
2001	000321	04/12/18	16:29:17	0.966796875	0.966796875	12.27	0.0	0.966796875	11.531738281249998	26257.18	-26257.18	0.966796875	0.966796875	12.27	0.19	9.0	9.0	12.27	0.0	1	0
2001	000322	04/12/18	16:29:19	0.966796875	0.966796875	12.28	0.0	0.966796875	9.94619140625	22318.6	-22318.6	0.966796875	0.966796875	12.28	0.16	9.0	9.0	12.28	0.0	1	0
2001	000323	04/12/18	16:29:20	0.966796875	0.966796875	12.27	0.0	0.966796875	8.6001953125	18970.81	-18970.81	0.966796875	0.966796875	12.27	0.14	9.0	9.0	12.27	0.0	1	0
2001	000324	04/12/18	16:29:22	0.966796875	0.966796875	12.27	0.0	0.966796875	7.455078125000001	16125.19	-16125.19	0.966796875	0.966796875	12.27	0.12	9.0	9.0	12.27	0.0	1	0
2001	000325	04/12/18	16:29:23	0.966796875	0.966796875	12.28	0.0	0.966796875	6.4818359375000005	13706.42	-13706.41	0.859375	0.95068359375	25.82	-14.9	9.0	9.0	12.28	0.0	1	0
2001	000326	04/12/18	16:29:25	0.966796875	0.966796875	12.28	0.0	0.966796875	5.6546875	11650.46	-11650.45	0.966796875	0.9528320312499999	27.02	-12.67	9.0	9.0	12.28	0.0	0	0
2001	000327	04/12/18	16:29:27	0.966796875	0.966796875	12.3	0.0	0.966796875	4.9510742187500005	9902.89	-9902.88	0.966796875	0.95498046875	27.95	-10.77	9.0	9.0	12.3	0.0	0	0
2001	000328	04/12/18	16:29:28	0.966796875	0.966796875	12.3	0.0	0.966796875	4.35380859375	8417.46	-8417.45	0.966796875	0.95712890625	28.65	-9.15	9.0	9.0	12.3	0.0	0	0
2001	000329	04/12/18	16:29:30	0.966796875	0.966796875	12.3	0.0	0.966796875	3.8457031249999996	7154.84	-7154.83	0.966796875	0.958203125	29.18	-7.78	9.0	9.0	12.3	0.0	0	0
2001	000330	04/12/18	16:29:31	0.966796875	0.966796875	12.31	0.0	0.966796875	3.4138671875	6081.62	-6081.61	0.966796875	0.95927734375	29.59	-6.61	9.0	9.0	12.31	0.0	0	0
2001	000331	04/12/18	16:29:33	0.966796875	0.966796875	12.31	0.0	0.966796875	3.046484375	5169.38	-5169.37	0.966796875	0.9603515624999999	29.89	-5.62	9.0	9.0	12.31	0.0	0	0
2001	000332	04/12/18	16:29:34	0.966796875	0.966796875	12.34	0.0	0.966796875	2.7349609375	4393.98	-4393.96	0.966796875	0.9614257812499999	30.13	-4.78	9.0	9.0	12.34	0.0	0	0
2001	000333	04/12/18	16:29:36	0.966796875	0.966796875	12.33	0.0	0.966796875	2.4696289062499996	3734.89	-3734.87	0.966796875	0.9625000000000001	16.74	10.94	9.0	9.0	12.33	0.0	0	0
2001	000334	04/12/18	16:29:37	0.966796875	0.966796875	12.35	0.0	0.966796875	2.24404296875	3174.66	-3174.64	0.966796875	0.96357421875	15.69	9.3	9.0	9.0	12.35	0.0	0	0
2001	000335	04/12/18	16:29:39	0.966796875	0.966796875	12.33	0.0	0.966796875	2.05283203125	2698.47	-2698.44	0.966796875	0.96357421875	14.84	7.9	9.0	9.0	12.33	0.0	0	0
2001	000336	04/12/18	16:29:40	0.966796875	0.966796875	12.32	0.0	0.966796875	1.8895507812499999	2293.71	-2293.68	0.966796875	0.96357421875	14.19	6.72	9.0	9.0	12.32	0.0	0	0
2001	000337	04/12/18	16:29:42	0.966796875	0.966796875	12.3	0.0	0.966796875	1.7509765625	1949.67	-1949.62	0.966796875	0.9646484375000001	13.69	5.71	9.0	9.0	12.3	0.0	0	0
2001	000338	04/12/18	16:29:43	0.966796875	0.966796875	12.29	0.0	0.966796875	1.63388671875	1657.23	-1657.18	0.966796875	0.9646484375000001	13.31	4.85	9.0	9.0	12.29	0.0	0	0
2001	000339	04/12/18	16:29:45	0.966796875	0.966796875	12.29	0.0	0.966796875	1.533984375	1408.66	-1408.6	0.966796875	0.9646484375000001	13.04	4.13	9.0	9.0	12.29	0.0	0	0
2001	000340	04/12/18	16:29:46	0.966796875	0.966796875	12.26	0.0	0.966796875	1.4480468750000002	1197.38	-1197.31	0.966796875	0.96572265625	12.81	3.51	9.0	9.0	12.26	0.0	0	0
2001	000341	04/12/18	16:29:48	0.966796875	0.966796875	12.27	0.0	0.966796875	1.37607421875	1017.8	-1017.72	0.966796875	0.96572265625	12.67	2.98	9.0	9.0	12.27	0.0	0	0
2001	000342	04/12/18	16:29:50	0.966796875	0.966796875	12.26	0.0	0.966796875	1.3148437499999999	865.16	-865.06	0.966796875	0.96572265625	12.56	2.53	9.0	9.0	12.26	0.0	0	0
2001	000343	04/12/18	16:29:51	0.966796875	0.966796875	12.27	0.0	0.966796875	1.26220703125	735.42	-735.3	0.966796875	0.96572265625	12.49	2.15	9.0	9.0	12.27	0.0	0	0
2001	000344	04/12/18	16:29:53	0.966796875	0.966796875	12.26	0.0	0.966796875	1.2181640624999999	625.14	-625.0	0.966796875	0.96572265625	12.42	1.83	9.0	9.0	12.26	0.0	0	0
2001	000345	04/12/18	16:29:54	0.966796875	0.966796875	12.27	0.0	0.966796875	1.1805664062499999	531.42	-531.25	0.966796875	0.96572265625	12.39	1.56	9.0	9.0	12.27	0.0	0	0
2001	000346	04/12/18	16:29:56	0.966796875	0.966796875	12.28	0.0	0.966796875	1.1483398437499999	451.76	-451.57	0.966796875	0.966796875	12.36	1.32	9.0	9.0	12.28	0.0	0	0
2001	000347	04/12/18	16:29:57	0.966796875	0.966796875	12.29	0.0	0.966796875	1.121484375	384.06	-383.83	0.966796875	0.966796875	12.34	1.12	9.0	9.0	12.29	0.0	0	0
2001	000348	04/12/18	16:29:59	0.966796875	0.966796875	12.29	0.0	0.966796875	1.0978515625	326.52	-326.26	0.966796875	0.966796875	12.33	0.96	9.0	9.0	12.29	0.0	0	0
2001	000349	04/12/18	16:30:00	0.966796875	0.966796875	12.31	0.0	0.966796875	1.0785156249999999	277.63	-277.32	0.966796875	0.966796875	12.34	0.81	9.0	9.0	12.31	0.0	0	0
2001	000350	04/12/18	16:30:02	0.966796875	0.966796875	12.32	0.0	0.966796875	1.061328125	236.09	-235.72	0.966796875	0.966796875	12.34	0.69	9.0	9.0	12.32	0.0	0	0
2001	000351	04/12/18	16:30:03	0.966796875	0.966796875	12.3	0.0	0.966796875	1.04736328125	200.79	-200.36	0.966796875	0.966796875	12.31	0.59	9.0	9.0	12.3	0.0	0	0
2001	000352	04/12/18	16:30:05	0.966796875	0.966796875	12.31	0.0	0.966796875	1.035546875	170.82	-170.31	0.966796875	0.966796875	12.32	0.5	9.0	9.0	12.31	0.0	0	0
2001	000353	04/12/18	16:30:06	0.966796875	0.966796875	12.32	0.0	0.966796875	1.0248046874999999	145.36	-144.76	0.966796875	0.966796875	12.32	0.42	9.0	9.0	12.32	0.0	0	0
2001	000354	04/12/18	16:30:08	0.966796875	0.966796875	12.31	0.0	0.966796875	1.0162109375000001	123.75	-123.05	0.966796875	0.966796875	12.32	0.36	9.0	9.0	12.31	0.0	0	0
2001	000355	04/12/18	16:30:10	0.966796875	0.966796875	12.3	0.0	0.966796875	1.00869140625	105.41	-104.59	0.966796875	0.966796875	12.31	0.31	9.0	9.0	12.3	0.0	0	0
2001	000356	04/12/18	16:30:11	0.966796875	0.966796875	12.3	0.0	0.966796875	1.00224609375	89.87	-88.9	0.966796875	0.966796875	12.31	0.26	9.0	9.0	12.3	0.0	0	0
2001	000357	04/12/18	16:30:13	0.966796875	0.966796875	12.28	0.0	0.966796875	0.9968749999999998	76.7	-75.57	0.966796875	0.966796875	12.28	0.22	9.0	9.0	12.28	0.0	0	1
2001	000358	04/12/18	16:30:14	0.966796875	0.966796875	12.27	0.0	0.966796875	0.992578125	65.56	-64.23	0.966796875	0.966796875	12.27	0.19	9.0	9.0	12.27	0.0	0	1
2001	000359	04/12/18	16:30:16	0.966796875	0.966796875	12.28	0.0	0.966796875	0.9882812499999999	56.15	-54.6	0.966796875	0.966796875	12.28	0.16	9.0	9.0	12.28	0.0	0	1
2001	000360	04/12/18	16:30:17	0.966796875	0.966796875	12.31	0.0	0.966796875	0.98505859375	48.23	-46.41	0.966796875	0.966796875	12.31	0.14	9.0	9.0	12.31	0.0	0	1
2001	000361	04/12/18	16:30:19	0.966796875	0.966796875	12.3	0.0	0.966796875	0.98291015625	41.56	-39.45	0.966796875	0.966796875	12.3	0.12	9.0	9.0	12.3	0.0	0	1
2001	000362	04/12/18	16:30:20	0.966796875	0.966796875	12.33	0.0	0.966796875	0.9807617187500001	36.0	-33.53	0.966796875	0.966796875	12.33	0.1	9.0	9.0	12.33	0.0	0	1
2001	000363	04/12/18	16:30:22	0.966796875	0.966796875	12.35	0.0	0.966796875	0.9786132812499999	31.36	-28.5	0.966796875	0.966796875	12.35	0.08	9.0	9.0	12.35	0.0	0	1
2001	000364	04/12/18	16:30:23	0.966796875	0.966796875	12.36	0.0	0.966796875	0.9764648437499999	27.51	-24.22	0.966796875	0.966796875	12.36	0.07	9.0	9.0	12.36	0.0	0	1
2001	000365	04/12/18	16:30:25	0.966796875	0.966796875	12.37	0.0	0.966796875	0.975390625	24.33	-20.59	0.966796875	0.966796875	12.37	0.06	9.0	9.0	12.37	0.0	0	1
2001	000366	04/12/18	16:30:26	0.966796875	0.966796875	12.34	0.0	0.966796875	0.97431640625	21.73	-17.5	0.966796875	0.966796875	12.34	0.05	274.0	48.75	3985.82	3975.0	0	2
2001	000367	04/12/18	16:30:28	0.966796875	0.966796875	12.34	0.0	0.966796875	0.9732421875	19.62	-14.88	0.966796875	0.966796875	12.34	0.04	724.0	150.04	14113.04	14103.75	0	2
2001	000368	04/12/18	16:30:30	0.966796875	0.966796875	12.31	0.0	0.966796875	0.9721679687500001	17.93	-12.65	0.966796875	0.966796875	12.31	0.04	727.0	236.58	22765.91	22758.19	0	2
2001	000369	04/12/18	16:30:31	0.966796875	0.966796875	12.31	0.0	0.966796875	0.97109375	16.59	-10.75	0.966796875	0.966796875	12.31	0.03	718.0	308.79	29985.65	29979.46	0	2
2001	000370	04/12/18	16:30:33	0.966796875	0.966796875	12.29	0.0	0.966796875	0.97001953125	15.53	-9.14	0.966796875	0.966796875	12.29	0.03	726.0	371.38	36242.17	36237.54	0	2
2001	000371	04/12/18	16:30:34	0.966796875	0.966796875	12.27	0.0	0.966796875	0.97001953125	14.71	-7.77	0.966796875	0.966796875	12.27	0.02	741.0	426.82	41784.99	41781.91	0	2
2001	000372	04/12/18	16:30:36	0.966796875	0.966796875	12.26	0.0	0.966796875	0.9689453124999999	14.09	-6.6	0.966796875	0.966796875	12.26	0.02	739.0	473.65	46466.16	46464.62	0	2
2001	000373	04/12/18	16:30:37	0.966796875	0.966796875	12.26	0.0	0.966796875	0.9689453124999999	13.61	-5.61	0.966796875	0.966796875	12.26	0.02	732.0	512.4	50339.93	50339.93	0	2
2001	000374	04/12/18	16:30:39	0.966796875	0.966796875	12.26	0.0	0.966796875	0.9689453124999999	13.26	-4.77	0.966796875	0.966796875	12.26	0.01	715.0	542.79	49403.94	49403.94	0	2
2001	000375	04/12/18	16:30:40	0.966796875	0.966796875	12.27	0.0	0.966796875	0.9689453124999999	13.0	-4.05	0.966796875	0.966796875	12.27	0.01	738.0	572.07	42203.35	42203.35	0	2
2001	000376	04/12/18	16:30:42	0.966796875	0.966796875	12.28	0.0	0.966796875	0.9678710937499999	12.81	-3.45	0.966796875	0.966796875	12.28	0.01	717.0	593.81	35722.85	35722.85	0	2
2001	000377	04/12/18	16:30:43	0.966796875	0.966796875	12.28	0.0	0.966796875	0.9678710937499999	12.67	-2.93	0.966796875	0.966796875	12.28	0.01	722.0	613.04	30424.42	30424.42	0	2
2001	000378	04/12/18	16:30:45	0.966796875	0.966796875	12.28	0.0	0.966796875	0.9678710937499999	12.56	-2.49	0.966796875	0.966796875	12.28	0.01	732.0	630.88	25950.76	25950.76	0	2
2001	000379	04/12/18	16:30:46	0.966796875	0.966796875	12.29	0.0	0.966796875	0.9678710937499999	12.49	-2.12	0.966796875	0.966796875	12.29	0.01	735.0	646.5	21968.15	21968.14	0	2
2001	000380	04/12/18	16:30:48	0.966796875	0.966796875	12.28	0.0	0.966796875	0.9678710937499999	12.43	-1.8	0.966796875	0.966796875	12.28	0.01	719.0	657.38	18372.93	18372.92	0	2
2001	000381	04/12/18	16:30:49	0.966796875	0.966796875	12.28	0.0	0.966796875	0.9678710937499999	12.39	-1.53	0.966796875	0.966796875	12.28	0.0	738.0	669.47	15706.99	15706.98	0	2
2001	000382	04/12/18	16:30:51	0.966796875	0.966796875	12.31	0.0	0.966796875	0.966796875	12.39	-1.3	0.966796875	0.966796875	12.31	0.0	734.0	679.15	13635.94	13635.94	0	2
2001	000383	04/12/18	16:30:53	0.966796875	0.966796875	12.31	0.0	0.966796875	0.966796875	12.37	-1.1	0.966796875	0.966796875	12.31	0.0	724.0	685.88	11380.55	11380.55	0	2
2001	000384	04/12/18	16:30:54	0.966796875	0.966796875	12.3	0.0	0.966796875	0.966796875	12.34	-0.94	0.966796875	0.966796875	12.3	0.0	737.0	693.54	9973.47	9973.46	0	2
2001	000385	04/12/18	16:30:56	0.966796875	0.966796875	12.3	0.0	0.966796875	0.966796875	12.33	-0.8	0.966796875	0.966796875	12.3	0.0	716.0	696.91	8387.46	8387.44	0	2
2001	000386	04/12/18	16:30:57	0.966796875	0.966796875	12.31	0.0	0.966796875	0.966796875	12.33	-0.68	0.966796875	0.966796875	12.31	0.0	733.0	702.33	7144.34	7144.33	0	2
2001	000387	04/12/18	16:30:59	0.966796875	0.966796875	12.3	0.0	0.966796875	0.966796875	12.31	-0.58	0.966796875	0.966796875	12.3	0.0	722.0	705.28	5877.69	5877.68	0	2
2001	000388	04/12/18	16:31:00	0.966796875	0.966796875	12.31	0.0	0.966796875	0.966796875	12.32	-0.49	0.966796875	0.966796875	12.31	0.0	722.0	707.79	5041.05	5041.03	0	2
2001	000389	04/12/18	16:31:02	0.966796875	0.966796875	12.32	0.0	0.966796875	0.966796875	12.33	-0.42	0.966796875	0.966796875	12.32	0.0	724.0	710.22	4074.9	4074.87	0	2
2001	000390	04/12/18	16:31:03	0.966796875	0.966796875	12.31	0.0	0.966796875	0.966796875	12.32	-0.35	0.966796875	0.966796875	12.31	0.0	701.0	708.84	3245.21	2968.64	0	2
2001	000391	04/12/18	16:31:05	0.966796875	0.966796875	12.32	0.0	0.966796875	0.966796875	12.32	-0.3	0.966796875	0.966796875	12.32	0.0	9.0	603.86	13069.97	-8201.65	1	0
2001	000392	04/12/18	16:31:06	0.966796875	0.966796875	12.35	0.0	0.966796875	0.966796875	12.35	-0.26	0.966796875	0.966796875	12.35	0.0	9.0	514.63	21226.01	-17891.41	1	1
2001	000393	04/12/18	16:31:08	0.966796875	0.966796875	12.36	0.0	0.966796875	0.966796875	12.37	-0.22	0.966796875	0.966796875	12.36	0.0	9.0	438.79	28473.65	-25812.7	1	2
2001	000394	04/12/18	16:31:10	0.966796875	0.966796875	12.35	0.0	0.966796875	0.966796875	12.36	-0.18	0.966796875	0.966796875	12.35	0.0	9.0	374.32	34379.14	-32800.79	1	0
2001	000395	04/12/18	16:31:11	0.966796875	0.966796875	12.36	0.0	0.966796875	0.966796875	12.37	-0.16	0.966796875	0.966796875	12.36	0.0	9.0	319.52	39563.8	-38575.67	1	1
2001	000396	04/12/18	16:31:13	0.966796875	0.966796875	12.36	0.0	0.966796875	0.966796875	12.36	-0.13	0.966796875	0.966796875	12.36	0.0	9.0	272.94	43970.76	-43484.32	1	2
2001	000397	04/12/18	16:31:14	0.966796875	0.966796875	12.34	0.0	0.966796875	0.966796875	12.34	-0.11	0.966796875	0.966796875	12.34	0.0	9.0	233.35	47686.68	-47686.67	1	0
2001	000398	04/12/18	16:31:16	0.966796875	0.966796875	12.34	0.0	0.966796875	0.966796875	12.34	-0.1	0.966796875	0.966796875	12.34	0.0	9.0	199.7	50913.67	-50913.67	1	1
2001	000399	04/12/18	16:31:17	0.966796875	0.966796875	12.34	0.0	0.966796875	0.966796875	12.34	-0.08	0.966796875	0.966796875	12.34	0.0	9.0	171.09	43276.62	-43276.62	1	1
2001	000400	04/12/18	16:31:19	0.966796875	0.966796875	12.31	0.0	0.966796875	0.966796875	12.31	-0.07	0.966796875	0.966796875	12.31	0.0	9.0	146.78	36785.13	-36785.13	1	1
2001	000401	04/12/18	16:31:20	0.966796875	0.966796875	12.31	0.0	0.966796875	0.966796875	12.31	-0.06	0.966796875	0.966796875	12.31	0.0	9.0	126.11	31267.36	-31267.36	1	1
2001	000402	04/12/18	16:31:22	0.966796875	0.966796875	12.33	0.0	0.966796875	0.966796875	12.33	-0.05	0.966796875	0.966796875	12.33	0.0	9.0	108.55	26577.26	-26577.26	1	1
2001	000403	04/12/18	16:31:23	0.966796875	0.966796875	12.32	0.0	0.966796875	0.966796875	12.32	-0.04	0.966796875	0.966796875	12.32	0.0	9.0	93.61	22590.67	-22590.67	1	1
2001	000404	04/12/18	16:31:25	0.966796875	0.966796875	12.33	0.0	0.966796875	0.966796875	12.33	-0.04	0.966796875	0.966796875	12.33	0.0	9.0	80.92	19202.07	-19202.07	1	1
2001	000405	04/12/18	16:31:26	0.966796875	0.966796875	12.33	0.0	0.966796875	0.966796875	12.33	-0.03	0.966796875	0.966796875	12.33	0.0	9.0	70.13	16321.76	-16321.76	1	1
2001	000406	04/12/18	16:31:28	0.966796875	0.966796875	12.33	0.0	0.966796875	0.966796875	12.33	-0.03	0.966796875	0.966796875	12.33	0.0	9.0	60.96	13873.5	-13873.49	1	1
2001	000407	04/12/18	16:31:30	0.966796875	0.966796875	12.31	0.0	0.966796875	0.966796875	12.31	-0.02	0.966796875	0.966796875	12.31	0.0	9.0	53.17	11792.48	-11792.47	1	1
2001	000408	04/12/18	16:31:31	0.966796875	0.966796875	12.31	0.0	0.966796875	0.966796875	12.31	-0.02	0.966796875	0.966796875	12.31	0.0	9.0	46.54	10023.61	-10023.6	1	1
2001	000409	04/12/18	16:31:33	0.966796875	0.966796875	12.3	0.0	0.966796875	0.966796875	12.3	-0.02	0.966796875	0.966796875	12.3	0.0	9.0	40.91	8520.07	-8520.06	1	1
2001	000410	04/12/18	16:31:34	0.966796875	0.966796875	12.27	0.0	0.966796875	0.966796875	12.27	-0.01	0.966796875	0.966796875	12.27	0.0	9.0	36.13	7242.06	-7242.05	1	1
2001	000411	04/12/18	16:31:36	0.966796875	0.966796875	12.27	0.0	0.966796875	0.966796875	12.27	-0.01	0.966796875	0.966796875	12.27	0.0	9.0	32.06	6155.76	-6155.74	1	1
2001	000412	04/12/18	16:31:37	0.966796875	0.966796875	12.27	0.0	0.966796875	0.966796875	12.27	-0.01	0.966796875	0.966796875	12.27	0.0	9.0	28.6	5232.4	-5232.38	1	1
2001	000413	04/12/18	16:31:39	0.966796875	0.966796875	12.29	0.0	0.966796875	0.966796875	12.29	-0.01	0.966796875	0.966796875	12.29	0.0	9.0	25.66	4447.54	-4447.52	1	1
2001	000414	04/12/18	16:31:40	0.966796875	0.966796875	12.29	0.0	0.966796875	0.966796875	12.29	-0.01	0.966796875	0.966796875	12.29	0.0	9.0	23.16	3780.42	-3780.4	1	1
2001	000415	04/12/18	16:31:42	0.966796875	0.966796875	12.29	0.0	0.966796875	0.966796875	12.29	-0.01	0.966796875	0.966796875	12.29	0.0	9.0	21.04	3213.36	-3213.34	1	1
2001	000416	04/12/18	16:31:43	0.966796875	0.966796875	12.28	0.0	0.966796875	0.966796875	12.28	-0.01	0.966796875	0.966796875	12.28	0.0	9.0	19.23	2731.37	-2731.34	1	1
2001	000417	04/12/18	16:31:45	0.966796875	0.966796875	12.28	0.0	0.966796875	0.966796875	12.28	-0.0	0.966796875	0.966796875	12.28	0.0	9.0	17.7	2321.67	-2321.64	1	1
2001	000418	04/12/18	16:31:46	0.966796875	0.966796875	12.29	0.0	0.966796875	0.966796875	12.29	-0.0	0.966796875	0.966796875	12.29	0.0	9.0	16.39	1973.43	-1973.39	1	1
2001	000419	04/12/18	16:31:48	0.966796875	0.966796875	12.29	0.0	0.966796875	0.966796875	12.29	-0.0	0.966796875	0.966796875	12.29	0.0	9.0	15.28	1677.43	-1677.38	1	1
2001	000420	04/12/18	16:31:49	0.966796875	0.966796875	12.28	0.0	0.966796875	0.966796875	12.28	-0.0	0.966796875	0.966796875	12.28	0.0	9.0	14.34	1425.83	-1425.77	1	1
2001	000421	04/12/18	16:31:51	0.966796875	0.966796875	12.25	0.0	0.966796875	0.966796875	12.25	-0.0	0.859375	0.95068359375	25.8	-15.0	9.0	13.54	1211.98	-1211.91	1	1
2001	000422	04/12/18	16:31:53	0.966796875	0.966796875	12.25	0.0	0.966796875	0.966796875	12.25	-0.0	0.966796875	0.9528320312499999	26.99	-12.75	9.0	12.86	1030.21	-1030.12	1	1
2001	000423	04/12/18	16:31:54	0.966796875	0.966796875	12.26	0.0	0.966796875	0.966796875	12.26	-0.0	0.966796875	0.95498046875	27.92	-10.84	9.0	12.28	875.7	-875.6	1	1
2001	000424	04/12/18	16:31:56	0.966796875	0.966796875	12.25	0.0	0.966796875	0.966796875	12.25	-0.0	0.966796875	0.95712890625	28.61	-9.21	9.0	11.79	744.38	-744.26	1	1
2001	000425	04/12/18	16:31:57	0.966796875	0.966796875	12.29	0.0	0.966796875	0.966796875	12.29	-0.0	0.966796875	0.958203125	29.17	-7.83	9.0	11.37	632.76	-632.62	1	1
2001	000426	04/12/18	16:31:59	0.966796875	0.966796875	12.3	0.0	0.966796875	0.966796875	12.3	-0.0	0.966796875	0.95927734375	29.58	-6.66	9.0	11.01	537.89	-537.73	1	1
2001	000427	04/12/18	16:32:00	0.966796875	0.966796875	12.33	0.0	0.966796875	0.966796875	12.33	-0.0	0.966796875	0.9603515624999999	29.9	-5.66	9.0	10.71	457.26	-457.07	1	1
2001	000428	04/12/18	16:32:02	0.966796875	0.966796875	12.34	-0.0	0.966796875	0.966796875	12.34	-0.0	0.966796875	0.9614257812499999	30.13	-4.81	9.0	10.46	388.74	-388.51	1	1
2001	000429	04/12/18	16:32:03	0.966796875	0.966796875	12.39	-0.0	0.966796875	0.966796875	12.39	-0.0	0.966796875	0.9625000000000001	16.78	10.91	9.0	10.24	330.5	-330.23	1	1
2001	000430	04/12/18	16:32:05	0.966796875	0.966796875	12.4	-0.0	0.966796875	0.966796875	12.4	-0.0	0.966796875	0.96357421875	15.72	9.28	9.0	10.05	281.01	-280.7	1	1
2001	000431	04/12/18	16:32:06	0.966796875	0.966796875	12.4	-0.0	0.966796875	0.966796875	12.4	-0.0	0.966796875	0.96357421875	14.89	7.88	9.0	9.89	238.96	-238.59	1	1
2001	000432	04/12/18	16:32:08	0.966796875	0.966796875	12.41	-0.0	0.966796875	0.966796875	12.41	-0.0	0.966796875	0.96357421875	14.26	6.7	9.0	9.76	203.24	-202.8	1	1
2001	000433	04/12/18	16:32:10	0.966796875	0.966796875	12.37	-0.0	0.966796875	0.966796875	12.37	-0.0	0.966796875	0.9646484375000001	13.74	5.7	9.0	9.65	172.89	-172.38	1	1
2001	000434	04/12/18	16:32:11	0.966796875	0.966796875	12.36	-0.0	0.966796875	0.966796875	12.36	-0.0	0.966796875	0.9646484375000001	13.37	4.84	9.0	9.55	147.12	-146.53	1	1
2001	000435	04/12/18	16:32:13	0.966796875	0.966796875	12.35	-0.0	0.966796875	0.966796875	12.35	-0.0	0.966796875	0.9646484375000001	13.09	4.12	9.0	9.47	125.24	-124.55	1	1
